Date,39th Ave NE Greenway at NE 62nd St Total,North,South
01/01/2014 12:00:00 AM,0,0,0
01/01/2014 01:00:00 AM,5,2,3
01/01/2014 02:00:00 AM,0,0,0
01/01/2014 03:00:00 AM,0,0,0
01/01/2014 04:00:00 AM,0,0,0
01/01/2014 05:00:00 AM,0,0,0
01/01/2014 06:00:00 AM,1,0,1
01/01/2014 07:00:00 AM,2,1,1
01/01/2014 08:00:00 AM,0,0,0
01/01/2014 09:00:00 AM,17,1,16
01/01/2014 10:00:00 AM,2,0,2
01/01/2014 11:00:00 AM,6,4,2
01/01/2014 12:00:00 PM,14,11,3
01/01/2014 01:00:00 PM,11,7,4
01/01/2014 02:00:00 PM,6,3,3
01/01/2014 03:00:00 PM,13,7,6
01/01/2014 04:00:00 PM,15,10,5
01/01/2014 05:00:00 PM,9,0,9
01/01/2014 06:00:00 PM,6,0,6
01/01/2014 07:00:00 PM,4,2,2
01/01/2014 08:00:00 PM,2,2,0
01/01/2014 09:00:00 PM,0,0,0
01/01/2014 10:00:00 PM,0,0,0
01/01/2014 11:00:00 PM,0,0,0
01/02/2014 12:00:00 AM,2,0,2
01/02/2014 01:00:00 AM,0,0,0
01/02/2014 02:00:00 AM,0,0,0
01/02/2014 03:00:00 AM,0,0,0
01/02/2014 04:00:00 AM,0,0,0
01/02/2014 05:00:00 AM,2,0,2
01/02/2014 06:00:00 AM,5,1,4
01/02/2014 07:00:00 AM,6,2,4
01/02/2014 08:00:00 AM,14,3,11
01/02/2014 09:00:00 AM,8,3,5
01/02/2014 10:00:00 AM,5,1,4
01/02/2014 11:00:00 AM,9,1,8
01/02/2014 12:00:00 PM,6,1,5
01/02/2014 01:00:00 PM,6,4,2
01/02/2014 02:00:00 PM,17,4,13
01/02/2014 03:00:00 PM,11,6,5
01/02/2014 04:00:00 PM,10,10,0
01/02/2014 05:00:00 PM,13,9,4
01/02/2014 06:00:00 PM,13,6,7
01/02/2014 07:00:00 PM,3,3,0
01/02/2014 08:00:00 PM,4,4,0
01/02/2014 09:00:00 PM,7,1,6
01/02/2014 10:00:00 PM,2,1,1
01/02/2014 11:00:00 PM,0,0,0
01/03/2014 12:00:00 AM,3,0,3
01/03/2014 01:00:00 AM,0,0,0
01/03/2014 02:00:00 AM,0,0,0
01/03/2014 03:00:00 AM,0,0,0
01/03/2014 04:00:00 AM,0,0,0
01/03/2014 05:00:00 AM,2,0,2
01/03/2014 06:00:00 AM,2,0,2
01/03/2014 07:00:00 AM,5,2,3
01/03/2014 08:00:00 AM,9,2,7
01/03/2014 09:00:00 AM,13,2,11
01/03/2014 10:00:00 AM,8,2,6
01/03/2014 11:00:00 AM,19,8,11
01/03/2014 12:00:00 PM,10,6,4
01/03/2014 01:00:00 PM,9,7,2
01/03/2014 02:00:00 PM,4,3,1
01/03/2014 03:00:00 PM,8,6,2
01/03/2014 04:00:00 PM,13,13,0
01/03/2014 05:00:00 PM,20,12,8
01/03/2014 06:00:00 PM,19,14,5
01/03/2014 07:00:00 PM,2,2,0
01/03/2014 08:00:00 PM,2,1,1
01/03/2014 09:00:00 PM,4,0,4
01/03/2014 10:00:00 PM,4,1,3
01/03/2014 11:00:00 PM,5,1,4
01/04/2014 12:00:00 AM,0,0,0
01/04/2014 01:00:00 AM,1,1,0
01/04/2014 02:00:00 AM,1,1,0
01/04/2014 03:00:00 AM,0,0,0
01/04/2014 04:00:00 AM,0,0,0
01/04/2014 05:00:00 AM,1,0,1
01/04/2014 06:00:00 AM,3,0,3
01/04/2014 07:00:00 AM,1,0,1
01/04/2014 08:00:00 AM,5,0,5
01/04/2014 09:00:00 AM,4,1,3
01/04/2014 10:00:00 AM,6,2,4
01/04/2014 11:00:00 AM,13,3,10
01/04/2014 12:00:00 PM,26,8,18
01/04/2014 01:00:00 PM,26,16,10
01/04/2014 02:00:00 PM,18,5,13
01/04/2014 03:00:00 PM,19,13,6
01/04/2014 04:00:00 PM,18,14,4
01/04/2014 05:00:00 PM,10,8,2
01/04/2014 06:00:00 PM,4,1,3
01/04/2014 07:00:00 PM,3,3,0
01/04/2014 08:00:00 PM,3,1,2
01/04/2014 09:00:00 PM,0,0,0
01/04/2014 10:00:00 PM,1,1,0
01/04/2014 11:00:00 PM,4,2,2
01/05/2014 12:00:00 AM,1,0,1
01/05/2014 01:00:00 AM,0,0,0
01/05/2014 02:00:00 AM,0,0,0
01/05/2014 03:00:00 AM,0,0,0
01/05/2014 04:00:00 AM,0,0,0
01/05/2014 05:00:00 AM,0,0,0
01/05/2014 06:00:00 AM,2,0,2
01/05/2014 07:00:00 AM,2,0,2
01/05/2014 08:00:00 AM,1,0,1
01/05/2014 09:00:00 AM,7,4,3
01/05/2014 10:00:00 AM,6,3,3
01/05/2014 11:00:00 AM,11,4,7
01/05/2014 12:00:00 PM,10,5,5
01/05/2014 01:00:00 PM,8,6,2
01/05/2014 02:00:00 PM,15,6,9
01/05/2014 03:00:00 PM,11,6,5
01/05/2014 04:00:00 PM,15,12,3
01/05/2014 05:00:00 PM,9,3,6
01/05/2014 06:00:00 PM,3,0,3
01/05/2014 07:00:00 PM,3,1,2
01/05/2014 08:00:00 PM,4,1,3
01/05/2014 09:00:00 PM,2,0,2
01/05/2014 10:00:00 PM,0,0,0
01/05/2014 11:00:00 PM,0,0,0
01/06/2014 12:00:00 AM,0,0,0
01/06/2014 01:00:00 AM,0,0,0
01/06/2014 02:00:00 AM,0,0,0
01/06/2014 03:00:00 AM,0,0,0
01/06/2014 04:00:00 AM,0,0,0
01/06/2014 05:00:00 AM,5,1,4
01/06/2014 06:00:00 AM,11,1,10
01/06/2014 07:00:00 AM,16,1,15
01/06/2014 08:00:00 AM,25,3,22
01/06/2014 09:00:00 AM,16,1,15
01/06/2014 10:00:00 AM,5,0,5
01/06/2014 11:00:00 AM,5,1,4
01/06/2014 12:00:00 PM,5,4,1
01/06/2014 01:00:00 PM,11,5,6
01/06/2014 02:00:00 PM,7,4,3
01/06/2014 03:00:00 PM,17,9,8
01/06/2014 04:00:00 PM,11,8,3
01/06/2014 05:00:00 PM,32,28,4
01/06/2014 06:00:00 PM,20,12,8
01/06/2014 07:00:00 PM,8,7,1
01/06/2014 08:00:00 PM,9,4,5
01/06/2014 09:00:00 PM,4,2,2
01/06/2014 10:00:00 PM,1,1,0
01/06/2014 11:00:00 PM,2,2,0
01/07/2014 12:00:00 AM,0,0,0
01/07/2014 01:00:00 AM,0,0,0
01/07/2014 02:00:00 AM,1,0,1
01/07/2014 03:00:00 AM,0,0,0
01/07/2014 04:00:00 AM,3,3,0
01/07/2014 05:00:00 AM,4,0,4
01/07/2014 06:00:00 AM,5,0,5
01/07/2014 07:00:00 AM,14,6,8
01/07/2014 08:00:00 AM,14,0,14
01/07/2014 09:00:00 AM,14,0,14
01/07/2014 10:00:00 AM,5,0,5
01/07/2014 11:00:00 AM,3,2,1
01/07/2014 12:00:00 PM,11,3,8
01/07/2014 01:00:00 PM,8,3,5
01/07/2014 02:00:00 PM,3,0,3
01/07/2014 03:00:00 PM,7,6,1
01/07/2014 04:00:00 PM,14,8,6
01/07/2014 05:00:00 PM,32,22,10
01/07/2014 06:00:00 PM,19,15,4
01/07/2014 07:00:00 PM,15,7,8
01/07/2014 08:00:00 PM,9,3,6
01/07/2014 09:00:00 PM,3,2,1
01/07/2014 10:00:00 PM,0,0,0
01/07/2014 11:00:00 PM,1,1,0
01/08/2014 12:00:00 AM,0,0,0
01/08/2014 01:00:00 AM,0,0,0
01/08/2014 02:00:00 AM,0,0,0
01/08/2014 03:00:00 AM,0,0,0
01/08/2014 04:00:00 AM,0,0,0
01/08/2014 05:00:00 AM,4,0,4
01/08/2014 06:00:00 AM,5,1,4
01/08/2014 07:00:00 AM,14,1,13
01/08/2014 08:00:00 AM,26,4,22
01/08/2014 09:00:00 AM,15,0,15
01/08/2014 10:00:00 AM,12,7,5
01/08/2014 11:00:00 AM,4,3,1
01/08/2014 12:00:00 PM,3,3,0
01/08/2014 01:00:00 PM,5,3,2
01/08/2014 02:00:00 PM,2,2,0
01/08/2014 03:00:00 PM,8,5,3
01/08/2014 04:00:00 PM,13,10,3
01/08/2014 05:00:00 PM,17,14,3
01/08/2014 06:00:00 PM,24,18,6
01/08/2014 07:00:00 PM,18,7,11
01/08/2014 08:00:00 PM,5,2,3
01/08/2014 09:00:00 PM,5,1,4
01/08/2014 10:00:00 PM,0,0,0
01/08/2014 11:00:00 PM,0,0,0
01/09/2014 12:00:00 AM,0,0,0
01/09/2014 01:00:00 AM,0,0,0
01/09/2014 02:00:00 AM,0,0,0
01/09/2014 03:00:00 AM,0,0,0
01/09/2014 04:00:00 AM,0,0,0
01/09/2014 05:00:00 AM,2,0,2
01/09/2014 06:00:00 AM,6,1,5
01/09/2014 07:00:00 AM,15,4,11
01/09/2014 08:00:00 AM,19,4,15
01/09/2014 09:00:00 AM,12,0,12
01/09/2014 10:00:00 AM,5,1,4
01/09/2014 11:00:00 AM,1,0,1
01/09/2014 12:00:00 PM,6,4,2
01/09/2014 01:00:00 PM,5,4,1
01/09/2014 02:00:00 PM,0,0,0
01/09/2014 03:00:00 PM,8,5,3
01/09/2014 04:00:00 PM,8,6,2
01/09/2014 05:00:00 PM,20,14,6
01/09/2014 06:00:00 PM,21,15,6
01/09/2014 07:00:00 PM,13,9,4
01/09/2014 08:00:00 PM,4,4,0
01/09/2014 09:00:00 PM,3,3,0
01/09/2014 10:00:00 PM,4,2,2
01/09/2014 11:00:00 PM,0,0,0
01/10/2014 12:00:00 AM,1,0,1
01/10/2014 01:00:00 AM,0,0,0
01/10/2014 02:00:00 AM,0,0,0
01/10/2014 03:00:00 AM,0,0,0
01/10/2014 04:00:00 AM,0,0,0
01/10/2014 05:00:00 AM,3,0,3
01/10/2014 06:00:00 AM,3,0,3
01/10/2014 07:00:00 AM,16,4,12
01/10/2014 08:00:00 AM,14,5,9
01/10/2014 09:00:00 AM,20,1,19
01/10/2014 10:00:00 AM,7,4,3
01/10/2014 11:00:00 AM,4,1,3
01/10/2014 12:00:00 PM,2,2,0
01/10/2014 01:00:00 PM,6,2,4
01/10/2014 02:00:00 PM,4,3,1
01/10/2014 03:00:00 PM,13,3,10
01/10/2014 04:00:00 PM,16,9,7
01/10/2014 05:00:00 PM,17,14,3
01/10/2014 06:00:00 PM,9,7,2
01/10/2014 07:00:00 PM,8,4,4
01/10/2014 08:00:00 PM,12,4,8
01/10/2014 09:00:00 PM,7,5,2
01/10/2014 10:00:00 PM,7,2,5
01/10/2014 11:00:00 PM,4,4,0
01/11/2014 12:00:00 AM,0,0,0
01/11/2014 01:00:00 AM,0,0,0
01/11/2014 02:00:00 AM,0,0,0
01/11/2014 03:00:00 AM,0,0,0
01/11/2014 04:00:00 AM,0,0,0
01/11/2014 05:00:00 AM,0,0,0
01/11/2014 06:00:00 AM,3,0,3
01/11/2014 07:00:00 AM,1,0,1
01/11/2014 08:00:00 AM,6,0,6
01/11/2014 09:00:00 AM,9,5,4
01/11/2014 10:00:00 AM,4,0,4
01/11/2014 11:00:00 AM,11,8,3
01/11/2014 12:00:00 PM,4,3,1
01/11/2014 01:00:00 PM,13,3,10
01/11/2014 02:00:00 PM,5,4,1
01/11/2014 03:00:00 PM,3,1,2
01/11/2014 04:00:00 PM,1,0,1
01/11/2014 05:00:00 PM,4,2,2
01/11/2014 06:00:00 PM,0,0,0
01/11/2014 07:00:00 PM,6,6,0
01/11/2014 08:00:00 PM,2,1,1
01/11/2014 09:00:00 PM,4,0,4
01/11/2014 10:00:00 PM,0,0,0
01/11/2014 11:00:00 PM,2,2,0
01/12/2014 12:00:00 AM,4,4,0
01/12/2014 01:00:00 AM,0,0,0
01/12/2014 02:00:00 AM,0,0,0
01/12/2014 03:00:00 AM,0,0,0
01/12/2014 04:00:00 AM,0,0,0
01/12/2014 05:00:00 AM,0,0,0
01/12/2014 06:00:00 AM,2,0,2
01/12/2014 07:00:00 AM,1,0,1
01/12/2014 08:00:00 AM,3,0,3
01/12/2014 09:00:00 AM,5,1,4
01/12/2014 10:00:00 AM,6,3,3
01/12/2014 11:00:00 AM,5,2,3
01/12/2014 12:00:00 PM,6,2,4
01/12/2014 01:00:00 PM,4,3,1
01/12/2014 02:00:00 PM,9,8,1
01/12/2014 03:00:00 PM,10,4,6
01/12/2014 04:00:00 PM,3,0,3
01/12/2014 05:00:00 PM,4,1,3
01/12/2014 06:00:00 PM,7,2,5
01/12/2014 07:00:00 PM,1,0,1
01/12/2014 08:00:00 PM,3,1,2
01/12/2014 09:00:00 PM,2,0,2
01/12/2014 10:00:00 PM,3,3,0
01/12/2014 11:00:00 PM,1,1,0
01/13/2014 12:00:00 AM,0,0,0
01/13/2014 01:00:00 AM,0,0,0
01/13/2014 02:00:00 AM,0,0,0
01/13/2014 03:00:00 AM,0,0,0
01/13/2014 04:00:00 AM,0,0,0
01/13/2014 05:00:00 AM,3,0,3
01/13/2014 06:00:00 AM,5,0,5
01/13/2014 07:00:00 AM,20,1,19
01/13/2014 08:00:00 AM,22,6,16
01/13/2014 09:00:00 AM,14,2,12
01/13/2014 10:00:00 AM,4,0,4
01/13/2014 11:00:00 AM,4,2,2
01/13/2014 12:00:00 PM,16,13,3
01/13/2014 01:00:00 PM,2,2,0
01/13/2014 02:00:00 PM,12,4,8
01/13/2014 03:00:00 PM,21,11,10
01/13/2014 04:00:00 PM,19,13,6
01/13/2014 05:00:00 PM,24,18,6
01/13/2014 06:00:00 PM,21,16,5
01/13/2014 07:00:00 PM,11,6,5
01/13/2014 08:00:00 PM,8,4,4
01/13/2014 09:00:00 PM,3,3,0
01/13/2014 10:00:00 PM,2,0,2
01/13/2014 11:00:00 PM,1,1,0
01/14/2014 12:00:00 AM,1,1,0
01/14/2014 01:00:00 AM,0,0,0
01/14/2014 02:00:00 AM,1,1,0
01/14/2014 03:00:00 AM,0,0,0
01/14/2014 04:00:00 AM,0,0,0
01/14/2014 05:00:00 AM,10,4,6
01/14/2014 06:00:00 AM,8,1,7
01/14/2014 07:00:00 AM,14,1,13
01/14/2014 08:00:00 AM,28,9,19
01/14/2014 09:00:00 AM,14,0,14
01/14/2014 10:00:00 AM,7,3,4
01/14/2014 11:00:00 AM,3,1,2
01/14/2014 12:00:00 PM,6,4,2
01/14/2014 01:00:00 PM,7,3,4
01/14/2014 02:00:00 PM,3,0,3
01/14/2014 03:00:00 PM,8,7,1
01/14/2014 04:00:00 PM,14,10,4
01/14/2014 05:00:00 PM,24,18,6
01/14/2014 06:00:00 PM,26,16,10
01/14/2014 07:00:00 PM,16,10,6
01/14/2014 08:00:00 PM,13,5,8
01/14/2014 09:00:00 PM,8,5,3
01/14/2014 10:00:00 PM,2,0,2
01/14/2014 11:00:00 PM,0,0,0
01/15/2014 12:00:00 AM,1,1,0
01/15/2014 01:00:00 AM,0,0,0
01/15/2014 02:00:00 AM,0,0,0
01/15/2014 03:00:00 AM,0,0,0
01/15/2014 04:00:00 AM,0,0,0
01/15/2014 05:00:00 AM,6,3,3
01/15/2014 06:00:00 AM,6,1,5
01/15/2014 07:00:00 AM,16,1,15
01/15/2014 08:00:00 AM,27,4,23
01/15/2014 09:00:00 AM,14,1,13
01/15/2014 10:00:00 AM,12,5,7
01/15/2014 11:00:00 AM,12,7,5
01/15/2014 12:00:00 PM,8,5,3
01/15/2014 01:00:00 PM,12,8,4
01/15/2014 02:00:00 PM,7,4,3
01/15/2014 03:00:00 PM,22,8,14
01/15/2014 04:00:00 PM,20,15,5
01/15/2014 05:00:00 PM,37,24,13
01/15/2014 06:00:00 PM,17,15,2
01/15/2014 07:00:00 PM,7,5,2
01/15/2014 08:00:00 PM,12,7,5
01/15/2014 09:00:00 PM,7,7,0
01/15/2014 10:00:00 PM,3,1,2
01/15/2014 11:00:00 PM,0,0,0
01/16/2014 12:00:00 AM,0,0,0
01/16/2014 01:00:00 AM,0,0,0
01/16/2014 02:00:00 AM,0,0,0
01/16/2014 03:00:00 AM,0,0,0
01/16/2014 04:00:00 AM,0,0,0
01/16/2014 05:00:00 AM,6,0,6
01/16/2014 06:00:00 AM,4,1,3
01/16/2014 07:00:00 AM,18,2,16
01/16/2014 08:00:00 AM,18,2,16
01/16/2014 09:00:00 AM,18,5,13
01/16/2014 10:00:00 AM,8,1,7
01/16/2014 11:00:00 AM,10,3,7
01/16/2014 12:00:00 PM,7,3,4
01/16/2014 01:00:00 PM,6,5,1
01/16/2014 02:00:00 PM,9,3,6
01/16/2014 03:00:00 PM,10,5,5
01/16/2014 04:00:00 PM,13,11,2
01/16/2014 05:00:00 PM,21,13,8
01/16/2014 06:00:00 PM,21,19,2
01/16/2014 07:00:00 PM,4,4,0
01/16/2014 08:00:00 PM,8,6,2
01/16/2014 09:00:00 PM,5,2,3
01/16/2014 10:00:00 PM,2,1,1
01/16/2014 11:00:00 PM,0,0,0
01/17/2014 12:00:00 AM,0,0,0
01/17/2014 01:00:00 AM,0,0,0
01/17/2014 02:00:00 AM,0,0,0
01/17/2014 03:00:00 AM,0,0,0
01/17/2014 04:00:00 AM,0,0,0
01/17/2014 05:00:00 AM,5,1,4
01/17/2014 06:00:00 AM,7,0,7
01/17/2014 07:00:00 AM,12,4,8
01/17/2014 08:00:00 AM,20,1,19
01/17/2014 09:00:00 AM,22,2,20
01/17/2014 10:00:00 AM,9,5,4
01/17/2014 11:00:00 AM,5,1,4
01/17/2014 12:00:00 PM,10,4,6
01/17/2014 01:00:00 PM,16,9,7
01/17/2014 02:00:00 PM,11,5,6
01/17/2014 03:00:00 PM,13,11,2
01/17/2014 04:00:00 PM,11,9,2
01/17/2014 05:00:00 PM,26,19,7
01/17/2014 06:00:00 PM,11,11,0
01/17/2014 07:00:00 PM,11,4,7
01/17/2014 08:00:00 PM,5,3,2
01/17/2014 09:00:00 PM,6,2,4
01/17/2014 10:00:00 PM,4,2,2
01/17/2014 11:00:00 PM,0,0,0
01/18/2014 12:00:00 AM,0,0,0
01/18/2014 01:00:00 AM,0,0,0
01/18/2014 02:00:00 AM,1,1,0
01/18/2014 03:00:00 AM,0,0,0
01/18/2014 04:00:00 AM,0,0,0
01/18/2014 05:00:00 AM,0,0,0
01/18/2014 06:00:00 AM,5,0,5
01/18/2014 07:00:00 AM,1,0,1
01/18/2014 08:00:00 AM,2,1,1
01/18/2014 09:00:00 AM,3,2,1
01/18/2014 10:00:00 AM,12,5,7
01/18/2014 11:00:00 AM,10,1,9
01/18/2014 12:00:00 PM,8,4,4
01/18/2014 01:00:00 PM,19,6,13
01/18/2014 02:00:00 PM,9,4,5
01/18/2014 03:00:00 PM,9,2,7
01/18/2014 04:00:00 PM,10,6,4
01/18/2014 05:00:00 PM,5,1,4
01/18/2014 06:00:00 PM,6,2,4
01/18/2014 07:00:00 PM,3,1,2
01/18/2014 08:00:00 PM,0,0,0
01/18/2014 09:00:00 PM,0,0,0
01/18/2014 10:00:00 PM,0,0,0
01/18/2014 11:00:00 PM,1,1,0
01/19/2014 12:00:00 AM,1,1,0
01/19/2014 01:00:00 AM,0,0,0
01/19/2014 02:00:00 AM,0,0,0
01/19/2014 03:00:00 AM,0,0,0
01/19/2014 04:00:00 AM,0,0,0
01/19/2014 05:00:00 AM,0,0,0
01/19/2014 06:00:00 AM,1,1,0
01/19/2014 07:00:00 AM,0,0,0
01/19/2014 08:00:00 AM,3,0,3
01/19/2014 09:00:00 AM,6,2,4
01/19/2014 10:00:00 AM,10,5,5
01/19/2014 11:00:00 AM,11,8,3
01/19/2014 12:00:00 PM,13,5,8
01/19/2014 01:00:00 PM,11,5,6
01/19/2014 02:00:00 PM,11,2,9
01/19/2014 03:00:00 PM,8,6,2
01/19/2014 04:00:00 PM,4,1,3
01/19/2014 05:00:00 PM,0,0,0
01/19/2014 06:00:00 PM,10,3,7
01/19/2014 07:00:00 PM,5,3,2
01/19/2014 08:00:00 PM,4,4,0
01/19/2014 09:00:00 PM,1,1,0
01/19/2014 10:00:00 PM,3,0,3
01/19/2014 11:00:00 PM,0,0,0
01/20/2014 12:00:00 AM,1,1,0
01/20/2014 01:00:00 AM,0,0,0
01/20/2014 02:00:00 AM,0,0,0
01/20/2014 03:00:00 AM,0,0,0
01/20/2014 04:00:00 AM,0,0,0
01/20/2014 05:00:00 AM,1,0,1
01/20/2014 06:00:00 AM,1,1,0
01/20/2014 07:00:00 AM,8,3,5
01/20/2014 08:00:00 AM,12,2,10
01/20/2014 09:00:00 AM,15,8,7
01/20/2014 10:00:00 AM,5,2,3
01/20/2014 11:00:00 AM,7,3,4
01/20/2014 12:00:00 PM,16,1,15
01/20/2014 01:00:00 PM,9,5,4
01/20/2014 02:00:00 PM,12,4,8
01/20/2014 03:00:00 PM,19,7,12
01/20/2014 04:00:00 PM,15,8,7
01/20/2014 05:00:00 PM,19,12,7
01/20/2014 06:00:00 PM,7,5,2
01/20/2014 07:00:00 PM,3,1,2
01/20/2014 08:00:00 PM,4,1,3
01/20/2014 09:00:00 PM,6,4,2
01/20/2014 10:00:00 PM,3,0,3
01/20/2014 11:00:00 PM,0,0,0
01/21/2014 12:00:00 AM,1,1,0
01/21/2014 01:00:00 AM,0,0,0
01/21/2014 02:00:00 AM,0,0,0
01/21/2014 03:00:00 AM,0,0,0
01/21/2014 04:00:00 AM,0,0,0
01/21/2014 05:00:00 AM,6,1,5
01/21/2014 06:00:00 AM,6,1,5
01/21/2014 07:00:00 AM,16,2,14
01/21/2014 08:00:00 AM,17,2,15
01/21/2014 09:00:00 AM,14,1,13
01/21/2014 10:00:00 AM,9,3,6
01/21/2014 11:00:00 AM,8,2,6
01/21/2014 12:00:00 PM,7,4,3
01/21/2014 01:00:00 PM,7,3,4
01/21/2014 02:00:00 PM,13,7,6
01/21/2014 03:00:00 PM,15,10,5
01/21/2014 04:00:00 PM,10,8,2
01/21/2014 05:00:00 PM,18,14,4
01/21/2014 06:00:00 PM,19,14,5
01/21/2014 07:00:00 PM,10,8,2
01/21/2014 08:00:00 PM,5,4,1
01/21/2014 09:00:00 PM,1,1,0
01/21/2014 10:00:00 PM,6,3,3
01/21/2014 11:00:00 PM,0,0,0
01/22/2014 12:00:00 AM,0,0,0
01/22/2014 01:00:00 AM,1,1,0
01/22/2014 02:00:00 AM,0,0,0
01/22/2014 03:00:00 AM,0,0,0
01/22/2014 04:00:00 AM,0,0,0
01/22/2014 05:00:00 AM,4,0,4
01/22/2014 06:00:00 AM,4,1,3
01/22/2014 07:00:00 AM,16,0,16
01/22/2014 08:00:00 AM,18,4,14
01/22/2014 09:00:00 AM,20,0,20
01/22/2014 10:00:00 AM,9,2,7
01/22/2014 11:00:00 AM,5,0,5
01/22/2014 12:00:00 PM,1,0,1
01/22/2014 01:00:00 PM,7,5,2
01/22/2014 02:00:00 PM,14,9,5
01/22/2014 03:00:00 PM,13,9,4
01/22/2014 04:00:00 PM,12,7,5
01/22/2014 05:00:00 PM,36,22,14
01/22/2014 06:00:00 PM,15,14,1
01/22/2014 07:00:00 PM,15,8,7
01/22/2014 08:00:00 PM,5,5,0
01/22/2014 09:00:00 PM,4,4,0
01/22/2014 10:00:00 PM,4,1,3
01/22/2014 11:00:00 PM,1,0,1
01/23/2014 12:00:00 AM,0,0,0
01/23/2014 01:00:00 AM,2,0,2
01/23/2014 02:00:00 AM,0,0,0
01/23/2014 03:00:00 AM,0,0,0
01/23/2014 04:00:00 AM,0,0,0
01/23/2014 05:00:00 AM,5,1,4
01/23/2014 06:00:00 AM,3,1,2
01/23/2014 07:00:00 AM,15,1,14
01/23/2014 08:00:00 AM,16,1,15
01/23/2014 09:00:00 AM,13,2,11
01/23/2014 10:00:00 AM,10,1,9
01/23/2014 11:00:00 AM,6,1,5
01/23/2014 12:00:00 PM,6,3,3
01/23/2014 01:00:00 PM,6,1,5
01/23/2014 02:00:00 PM,4,1,3
01/23/2014 03:00:00 PM,10,4,6
01/23/2014 04:00:00 PM,22,14,8
01/23/2014 05:00:00 PM,31,25,6
01/23/2014 06:00:00 PM,28,20,8
01/23/2014 07:00:00 PM,9,8,1
01/23/2014 08:00:00 PM,10,2,8
01/23/2014 09:00:00 PM,8,3,5
01/23/2014 10:00:00 PM,1,1,0
01/23/2014 11:00:00 PM,0,0,0
01/24/2014 12:00:00 AM,0,0,0
01/24/2014 01:00:00 AM,0,0,0
01/24/2014 02:00:00 AM,0,0,0
01/24/2014 03:00:00 AM,0,0,0
01/24/2014 04:00:00 AM,0,0,0
01/24/2014 05:00:00 AM,2,0,2
01/24/2014 06:00:00 AM,2,0,2
01/24/2014 07:00:00 AM,13,1,12
01/24/2014 08:00:00 AM,17,1,16
01/24/2014 09:00:00 AM,18,1,17
01/24/2014 10:00:00 AM,8,1,7
01/24/2014 11:00:00 AM,10,4,6
01/24/2014 12:00:00 PM,9,3,6
01/24/2014 01:00:00 PM,11,5,6
01/24/2014 02:00:00 PM,7,5,2
01/24/2014 03:00:00 PM,13,8,5
01/24/2014 04:00:00 PM,15,12,3
01/24/2014 05:00:00 PM,31,23,8
01/24/2014 06:00:00 PM,18,11,7
01/24/2014 07:00:00 PM,12,9,3
01/24/2014 08:00:00 PM,14,6,8
01/24/2014 09:00:00 PM,0,0,0
01/24/2014 10:00:00 PM,3,1,2
01/24/2014 11:00:00 PM,2,1,1
01/25/2014 12:00:00 AM,0,0,0
01/25/2014 01:00:00 AM,0,0,0
01/25/2014 02:00:00 AM,0,0,0
01/25/2014 03:00:00 AM,0,0,0
01/25/2014 04:00:00 AM,0,0,0
01/25/2014 05:00:00 AM,0,0,0
01/25/2014 06:00:00 AM,1,1,0
01/25/2014 07:00:00 AM,1,0,1
01/25/2014 08:00:00 AM,8,2,6
01/25/2014 09:00:00 AM,5,2,3
01/25/2014 10:00:00 AM,8,4,4
01/25/2014 11:00:00 AM,10,3,7
01/25/2014 12:00:00 PM,10,1,9
01/25/2014 01:00:00 PM,19,7,12
01/25/2014 02:00:00 PM,19,5,14
01/25/2014 03:00:00 PM,22,10,12
01/25/2014 04:00:00 PM,34,20,14
01/25/2014 05:00:00 PM,15,5,10
01/25/2014 06:00:00 PM,7,1,6
01/25/2014 07:00:00 PM,5,1,4
01/25/2014 08:00:00 PM,0,0,0
01/25/2014 09:00:00 PM,6,1,5
01/25/2014 10:00:00 PM,8,3,5
01/25/2014 11:00:00 PM,3,1,2
01/26/2014 12:00:00 AM,0,0,0
01/26/2014 01:00:00 AM,0,0,0
01/26/2014 02:00:00 AM,2,0,2
01/26/2014 03:00:00 AM,0,0,0
01/26/2014 04:00:00 AM,0,0,0
01/26/2014 05:00:00 AM,0,0,0
01/26/2014 06:00:00 AM,0,0,0
01/26/2014 07:00:00 AM,1,0,1
01/26/2014 08:00:00 AM,2,0,2
01/26/2014 09:00:00 AM,6,1,5
01/26/2014 10:00:00 AM,8,2,6
01/26/2014 11:00:00 AM,17,3,14
01/26/2014 12:00:00 PM,22,8,14
01/26/2014 01:00:00 PM,11,5,6
01/26/2014 02:00:00 PM,23,13,10
01/26/2014 03:00:00 PM,13,8,5
01/26/2014 04:00:00 PM,18,12,6
01/26/2014 05:00:00 PM,13,6,7
01/26/2014 06:00:00 PM,1,1,0
01/26/2014 07:00:00 PM,4,1,3
01/26/2014 08:00:00 PM,5,1,4
01/26/2014 09:00:00 PM,5,1,4
01/26/2014 10:00:00 PM,0,0,0
01/26/2014 11:00:00 PM,2,2,0
01/27/2014 12:00:00 AM,0,0,0
01/27/2014 01:00:00 AM,0,0,0
01/27/2014 02:00:00 AM,0,0,0
01/27/2014 03:00:00 AM,0,0,0
01/27/2014 04:00:00 AM,0,0,0
01/27/2014 05:00:00 AM,1,0,1
01/27/2014 06:00:00 AM,5,0,5
01/27/2014 07:00:00 AM,14,1,13
01/27/2014 08:00:00 AM,17,1,16
01/27/2014 09:00:00 AM,13,0,13
01/27/2014 10:00:00 AM,7,1,6
01/27/2014 11:00:00 AM,6,3,3
01/27/2014 12:00:00 PM,9,3,6
01/27/2014 01:00:00 PM,13,5,8
01/27/2014 02:00:00 PM,10,5,5
01/27/2014 03:00:00 PM,7,1,6
01/27/2014 04:00:00 PM,12,7,5
01/27/2014 05:00:00 PM,26,20,6
01/27/2014 06:00:00 PM,22,13,9
01/27/2014 07:00:00 PM,6,6,0
01/27/2014 08:00:00 PM,4,2,2
01/27/2014 09:00:00 PM,7,4,3
01/27/2014 10:00:00 PM,2,2,0
01/27/2014 11:00:00 PM,1,1,0
01/28/2014 12:00:00 AM,1,1,0
01/28/2014 01:00:00 AM,0,0,0
01/28/2014 02:00:00 AM,0,0,0
01/28/2014 03:00:00 AM,0,0,0
01/28/2014 04:00:00 AM,2,0,2
01/28/2014 05:00:00 AM,0,0,0
01/28/2014 06:00:00 AM,8,1,7
01/28/2014 07:00:00 AM,16,1,15
01/28/2014 08:00:00 AM,16,1,15
01/28/2014 09:00:00 AM,17,3,14
01/28/2014 10:00:00 AM,8,3,5
01/28/2014 11:00:00 AM,8,2,6
01/28/2014 12:00:00 PM,5,0,5
01/28/2014 01:00:00 PM,5,4,1
01/28/2014 02:00:00 PM,12,5,7
01/28/2014 03:00:00 PM,9,6,3
01/28/2014 04:00:00 PM,11,9,2
01/28/2014 05:00:00 PM,23,17,6
01/28/2014 06:00:00 PM,17,15,2
01/28/2014 07:00:00 PM,12,8,4
01/28/2014 08:00:00 PM,10,5,5
01/28/2014 09:00:00 PM,9,5,4
01/28/2014 10:00:00 PM,0,0,0
01/28/2014 11:00:00 PM,1,1,0
01/29/2014 12:00:00 AM,1,1,0
01/29/2014 01:00:00 AM,0,0,0
01/29/2014 02:00:00 AM,0,0,0
01/29/2014 03:00:00 AM,0,0,0
01/29/2014 04:00:00 AM,0,0,0
01/29/2014 05:00:00 AM,1,0,1
01/29/2014 06:00:00 AM,8,0,8
01/29/2014 07:00:00 AM,23,5,18
01/29/2014 08:00:00 AM,22,2,20
01/29/2014 09:00:00 AM,13,0,13
01/29/2014 10:00:00 AM,4,0,4
01/29/2014 11:00:00 AM,3,2,1
01/29/2014 12:00:00 PM,3,2,1
01/29/2014 01:00:00 PM,7,1,6
01/29/2014 02:00:00 PM,7,6,1
01/29/2014 03:00:00 PM,11,9,2
01/29/2014 04:00:00 PM,13,7,6
01/29/2014 05:00:00 PM,27,21,6
01/29/2014 06:00:00 PM,11,6,5
01/29/2014 07:00:00 PM,12,10,2
01/29/2014 08:00:00 PM,7,3,4
01/29/2014 09:00:00 PM,2,1,1
01/29/2014 10:00:00 PM,5,0,5
01/29/2014 11:00:00 PM,0,0,0
01/30/2014 12:00:00 AM,1,0,1
01/30/2014 01:00:00 AM,0,0,0
01/30/2014 02:00:00 AM,0,0,0
01/30/2014 03:00:00 AM,0,0,0
01/30/2014 04:00:00 AM,2,0,2
01/30/2014 05:00:00 AM,0,0,0
01/30/2014 06:00:00 AM,7,3,4
01/30/2014 07:00:00 AM,12,3,9
01/30/2014 08:00:00 AM,18,2,16
01/30/2014 09:00:00 AM,11,0,11
01/30/2014 10:00:00 AM,8,0,8
01/30/2014 11:00:00 AM,7,1,6
01/30/2014 12:00:00 PM,13,4,9
01/30/2014 01:00:00 PM,11,6,5
01/30/2014 02:00:00 PM,5,4,1
01/30/2014 03:00:00 PM,8,6,2
01/30/2014 04:00:00 PM,18,13,5
01/30/2014 05:00:00 PM,26,19,7
01/30/2014 06:00:00 PM,15,7,8
01/30/2014 07:00:00 PM,7,6,1
01/30/2014 08:00:00 PM,6,3,3
01/30/2014 09:00:00 PM,5,5,0
01/30/2014 10:00:00 PM,4,1,3
01/30/2014 11:00:00 PM,0,0,0
01/31/2014 12:00:00 AM,0,0,0
01/31/2014 01:00:00 AM,0,0,0
01/31/2014 02:00:00 AM,0,0,0
01/31/2014 03:00:00 AM,0,0,0
01/31/2014 04:00:00 AM,0,0,0
01/31/2014 05:00:00 AM,2,1,1
01/31/2014 06:00:00 AM,2,0,2
01/31/2014 07:00:00 AM,12,0,12
01/31/2014 08:00:00 AM,15,0,15
01/31/2014 09:00:00 AM,11,0,11
01/31/2014 10:00:00 AM,2,1,1
01/31/2014 11:00:00 AM,2,1,1
01/31/2014 12:00:00 PM,6,0,6
01/31/2014 01:00:00 PM,14,7,7
01/31/2014 02:00:00 PM,6,4,2
01/31/2014 03:00:00 PM,6,2,4
01/31/2014 04:00:00 PM,16,7,9
01/31/2014 05:00:00 PM,19,11,8
01/31/2014 06:00:00 PM,12,4,8
01/31/2014 07:00:00 PM,7,4,3
01/31/2014 08:00:00 PM,7,6,1
01/31/2014 09:00:00 PM,1,1,0
01/31/2014 10:00:00 PM,4,1,3
01/31/2014 11:00:00 PM,4,2,2
02/01/2014 12:00:00 AM,0,0,0
02/01/2014 01:00:00 AM,0,0,0
02/01/2014 02:00:00 AM,0,0,0
02/01/2014 03:00:00 AM,0,0,0
02/01/2014 04:00:00 AM,0,0,0
02/01/2014 05:00:00 AM,2,0,2
02/01/2014 06:00:00 AM,2,1,1
02/01/2014 07:00:00 AM,0,0,0
02/01/2014 08:00:00 AM,8,7,1
02/01/2014 09:00:00 AM,4,3,1
02/01/2014 10:00:00 AM,13,11,2
02/01/2014 11:00:00 AM,7,1,6
02/01/2014 12:00:00 PM,15,9,6
02/01/2014 01:00:00 PM,16,9,7
02/01/2014 02:00:00 PM,12,3,9
02/01/2014 03:00:00 PM,14,6,8
02/01/2014 04:00:00 PM,9,8,1
02/01/2014 05:00:00 PM,11,8,3
02/01/2014 06:00:00 PM,5,3,2
02/01/2014 07:00:00 PM,3,1,2
02/01/2014 08:00:00 PM,3,2,1
02/01/2014 09:00:00 PM,3,2,1
02/01/2014 10:00:00 PM,2,2,0
02/01/2014 11:00:00 PM,1,1,0
02/02/2014 12:00:00 AM,0,0,0
02/02/2014 01:00:00 AM,0,0,0
02/02/2014 02:00:00 AM,0,0,0
02/02/2014 03:00:00 AM,0,0,0
02/02/2014 04:00:00 AM,0,0,0
02/02/2014 05:00:00 AM,0,0,0
02/02/2014 06:00:00 AM,0,0,0
02/02/2014 07:00:00 AM,0,0,0
02/02/2014 08:00:00 AM,0,0,0
02/02/2014 09:00:00 AM,3,2,1
02/02/2014 10:00:00 AM,13,6,7
02/02/2014 11:00:00 AM,6,1,5
02/02/2014 12:00:00 PM,14,4,10
02/02/2014 01:00:00 PM,24,6,18
02/02/2014 02:00:00 PM,9,6,3
02/02/2014 03:00:00 PM,13,3,10
02/02/2014 04:00:00 PM,3,1,2
02/02/2014 05:00:00 PM,0,0,0
02/02/2014 06:00:00 PM,0,0,0
02/02/2014 07:00:00 PM,6,3,3
02/02/2014 08:00:00 PM,7,1,6
02/02/2014 09:00:00 PM,6,2,4
02/02/2014 10:00:00 PM,3,0,3
02/02/2014 11:00:00 PM,0,0,0
02/03/2014 12:00:00 AM,2,0,2
02/03/2014 01:00:00 AM,0,0,0
02/03/2014 02:00:00 AM,0,0,0
02/03/2014 03:00:00 AM,0,0,0
02/03/2014 04:00:00 AM,0,0,0
02/03/2014 05:00:00 AM,0,0,0
02/03/2014 06:00:00 AM,4,0,4
02/03/2014 07:00:00 AM,11,1,10
02/03/2014 08:00:00 AM,25,4,21
02/03/2014 09:00:00 AM,15,1,14
02/03/2014 10:00:00 AM,10,1,9
02/03/2014 11:00:00 AM,8,1,7
02/03/2014 12:00:00 PM,9,5,4
02/03/2014 01:00:00 PM,3,2,1
02/03/2014 02:00:00 PM,7,5,2
02/03/2014 03:00:00 PM,11,5,6
02/03/2014 04:00:00 PM,14,7,7
02/03/2014 05:00:00 PM,28,24,4
02/03/2014 06:00:00 PM,23,13,10
02/03/2014 07:00:00 PM,10,6,4
02/03/2014 08:00:00 PM,9,5,4
02/03/2014 09:00:00 PM,3,1,2
02/03/2014 10:00:00 PM,6,2,4
02/03/2014 11:00:00 PM,0,0,0
02/04/2014 12:00:00 AM,0,0,0
02/04/2014 01:00:00 AM,0,0,0
02/04/2014 02:00:00 AM,0,0,0
02/04/2014 03:00:00 AM,0,0,0
02/04/2014 04:00:00 AM,3,0,3
02/04/2014 05:00:00 AM,1,0,1
02/04/2014 06:00:00 AM,6,0,6
02/04/2014 07:00:00 AM,16,2,14
02/04/2014 08:00:00 AM,21,4,17
02/04/2014 09:00:00 AM,17,2,15
02/04/2014 10:00:00 AM,9,3,6
02/04/2014 11:00:00 AM,2,2,0
02/04/2014 12:00:00 PM,7,0,7
02/04/2014 01:00:00 PM,4,4,0
02/04/2014 02:00:00 PM,10,6,4
02/04/2014 03:00:00 PM,14,6,8
02/04/2014 04:00:00 PM,20,11,9
02/04/2014 05:00:00 PM,22,17,5
02/04/2014 06:00:00 PM,14,8,6
02/04/2014 07:00:00 PM,11,6,5
02/04/2014 08:00:00 PM,12,3,9
02/04/2014 09:00:00 PM,0,0,0
02/04/2014 10:00:00 PM,1,1,0
02/04/2014 11:00:00 PM,0,0,0
02/05/2014 12:00:00 AM,1,1,0
02/05/2014 01:00:00 AM,0,0,0
02/05/2014 02:00:00 AM,0,0,0
02/05/2014 03:00:00 AM,0,0,0
02/05/2014 04:00:00 AM,0,0,0
02/05/2014 05:00:00 AM,0,0,0
02/05/2014 06:00:00 AM,5,0,5
02/05/2014 07:00:00 AM,16,3,13
02/05/2014 08:00:00 AM,15,4,11
02/05/2014 09:00:00 AM,18,1,17
02/05/2014 10:00:00 AM,6,1,5
02/05/2014 11:00:00 AM,5,0,5
02/05/2014 12:00:00 PM,8,6,2
02/05/2014 01:00:00 PM,9,4,5
02/05/2014 02:00:00 PM,9,4,5
02/05/2014 03:00:00 PM,5,5,0
02/05/2014 04:00:00 PM,20,11,9
02/05/2014 05:00:00 PM,25,11,14
02/05/2014 06:00:00 PM,12,11,1
02/05/2014 07:00:00 PM,6,2,4
02/05/2014 08:00:00 PM,5,2,3
02/05/2014 09:00:00 PM,4,3,1
02/05/2014 10:00:00 PM,1,1,0
02/05/2014 11:00:00 PM,0,0,0
02/06/2014 12:00:00 AM,0,0,0
02/06/2014 01:00:00 AM,2,0,2
02/06/2014 02:00:00 AM,0,0,0
02/06/2014 03:00:00 AM,0,0,0
02/06/2014 04:00:00 AM,0,0,0
02/06/2014 05:00:00 AM,2,0,2
02/06/2014 06:00:00 AM,6,3,3
02/06/2014 07:00:00 AM,12,0,12
02/06/2014 08:00:00 AM,9,3,6
02/06/2014 09:00:00 AM,7,0,7
02/06/2014 10:00:00 AM,5,1,4
02/06/2014 11:00:00 AM,4,1,3
02/06/2014 12:00:00 PM,3,1,2
02/06/2014 01:00:00 PM,4,1,3
02/06/2014 02:00:00 PM,3,1,2
02/06/2014 03:00:00 PM,10,6,4
02/06/2014 04:00:00 PM,8,6,2
02/06/2014 05:00:00 PM,18,8,10
02/06/2014 06:00:00 PM,16,11,5
02/06/2014 07:00:00 PM,10,8,2
02/06/2014 08:00:00 PM,7,4,3
02/06/2014 09:00:00 PM,3,1,2
02/06/2014 10:00:00 PM,4,1,3
02/06/2014 11:00:00 PM,2,0,2
02/07/2014 12:00:00 AM,0,0,0
02/07/2014 01:00:00 AM,0,0,0
02/07/2014 02:00:00 AM,0,0,0
02/07/2014 03:00:00 AM,0,0,0
02/07/2014 04:00:00 AM,0,0,0
02/07/2014 05:00:00 AM,2,0,2
02/07/2014 06:00:00 AM,6,2,4
02/07/2014 07:00:00 AM,12,5,7
02/07/2014 08:00:00 AM,10,3,7
02/07/2014 09:00:00 AM,18,3,15
02/07/2014 10:00:00 AM,3,1,2
02/07/2014 11:00:00 AM,3,0,3
02/07/2014 12:00:00 PM,10,0,10
02/07/2014 01:00:00 PM,4,3,1
02/07/2014 02:00:00 PM,11,7,4
02/07/2014 03:00:00 PM,5,3,2
02/07/2014 04:00:00 PM,13,7,6
02/07/2014 05:00:00 PM,19,16,3
02/07/2014 06:00:00 PM,12,8,4
02/07/2014 07:00:00 PM,6,3,3
02/07/2014 08:00:00 PM,2,2,0
02/07/2014 09:00:00 PM,2,0,2
02/07/2014 10:00:00 PM,3,1,2
02/07/2014 11:00:00 PM,3,1,2
02/08/2014 12:00:00 AM,0,0,0
02/08/2014 01:00:00 AM,1,1,0
02/08/2014 02:00:00 AM,0,0,0
02/08/2014 03:00:00 AM,0,0,0
02/08/2014 04:00:00 AM,0,0,0
02/08/2014 05:00:00 AM,0,0,0
02/08/2014 06:00:00 AM,2,0,2
02/08/2014 07:00:00 AM,4,0,4
02/08/2014 08:00:00 AM,8,2,6
02/08/2014 09:00:00 AM,2,1,1
02/08/2014 10:00:00 AM,4,2,2
02/08/2014 11:00:00 AM,6,3,3
02/08/2014 12:00:00 PM,15,10,5
02/08/2014 01:00:00 PM,17,6,11
02/08/2014 02:00:00 PM,10,3,7
02/08/2014 03:00:00 PM,4,3,1
02/08/2014 04:00:00 PM,15,6,9
02/08/2014 05:00:00 PM,5,1,4
02/08/2014 06:00:00 PM,6,5,1
02/08/2014 07:00:00 PM,6,4,2
02/08/2014 08:00:00 PM,3,0,3
02/08/2014 09:00:00 PM,2,2,0
02/08/2014 10:00:00 PM,1,1,0
02/08/2014 11:00:00 PM,1,0,1
02/09/2014 12:00:00 AM,1,1,0
02/09/2014 01:00:00 AM,0,0,0
02/09/2014 02:00:00 AM,0,0,0
02/09/2014 03:00:00 AM,0,0,0
02/09/2014 04:00:00 AM,0,0,0
02/09/2014 05:00:00 AM,0,0,0
02/09/2014 06:00:00 AM,0,0,0
02/09/2014 07:00:00 AM,0,0,0
02/09/2014 08:00:00 AM,1,1,0
02/09/2014 09:00:00 AM,5,5,0
02/09/2014 10:00:00 AM,3,1,2
02/09/2014 11:00:00 AM,3,2,1
02/09/2014 12:00:00 PM,4,2,2
02/09/2014 01:00:00 PM,4,0,4
02/09/2014 02:00:00 PM,6,3,3
02/09/2014 03:00:00 PM,3,3,0
02/09/2014 04:00:00 PM,9,4,5
02/09/2014 05:00:00 PM,2,2,0
02/09/2014 06:00:00 PM,10,3,7
02/09/2014 07:00:00 PM,5,4,1
02/09/2014 08:00:00 PM,3,3,0
02/09/2014 09:00:00 PM,0,0,0
02/09/2014 10:00:00 PM,6,1,5
02/09/2014 11:00:00 PM,2,2,0
02/10/2014 12:00:00 AM,0,0,0
02/10/2014 01:00:00 AM,0,0,0
02/10/2014 02:00:00 AM,0,0,0
02/10/2014 03:00:00 AM,0,0,0
02/10/2014 04:00:00 AM,0,0,0
02/10/2014 05:00:00 AM,2,0,2
02/10/2014 06:00:00 AM,1,0,1
02/10/2014 07:00:00 AM,5,2,3
02/10/2014 08:00:00 AM,8,1,7
02/10/2014 09:00:00 AM,16,1,15
02/10/2014 10:00:00 AM,8,1,7
02/10/2014 11:00:00 AM,6,2,4
02/10/2014 12:00:00 PM,4,2,2
02/10/2014 01:00:00 PM,4,1,3
02/10/2014 02:00:00 PM,7,0,7
02/10/2014 03:00:00 PM,12,5,7
02/10/2014 04:00:00 PM,11,6,5
02/10/2014 05:00:00 PM,15,9,6
02/10/2014 06:00:00 PM,12,7,5
02/10/2014 07:00:00 PM,5,1,4
02/10/2014 08:00:00 PM,4,2,2
02/10/2014 09:00:00 PM,1,1,0
02/10/2014 10:00:00 PM,0,0,0
02/10/2014 11:00:00 PM,0,0,0
02/11/2014 12:00:00 AM,5,2,3
02/11/2014 01:00:00 AM,0,0,0
02/11/2014 02:00:00 AM,0,0,0
02/11/2014 03:00:00 AM,0,0,0
02/11/2014 04:00:00 AM,0,0,0
02/11/2014 05:00:00 AM,7,2,5
02/11/2014 06:00:00 AM,6,2,4
02/11/2014 07:00:00 AM,19,1,18
02/11/2014 08:00:00 AM,16,2,14
02/11/2014 09:00:00 AM,12,1,11
02/11/2014 10:00:00 AM,9,2,7
02/11/2014 11:00:00 AM,14,4,10
02/11/2014 12:00:00 PM,0,0,0
02/11/2014 01:00:00 PM,10,6,4
02/11/2014 02:00:00 PM,5,0,5
02/11/2014 03:00:00 PM,15,13,2
02/11/2014 04:00:00 PM,17,9,8
02/11/2014 05:00:00 PM,22,13,9
02/11/2014 06:00:00 PM,14,13,1
02/11/2014 07:00:00 PM,15,5,10
02/11/2014 08:00:00 PM,6,5,1
02/11/2014 09:00:00 PM,16,4,12
02/11/2014 10:00:00 PM,0,0,0
02/11/2014 11:00:00 PM,1,1,0
02/12/2014 12:00:00 AM,0,0,0
02/12/2014 01:00:00 AM,1,1,0
02/12/2014 02:00:00 AM,1,1,0
02/12/2014 03:00:00 AM,0,0,0
02/12/2014 04:00:00 AM,0,0,0
02/12/2014 05:00:00 AM,3,0,3
02/12/2014 06:00:00 AM,4,1,3
02/12/2014 07:00:00 AM,18,7,11
02/12/2014 08:00:00 AM,20,2,18
02/12/2014 09:00:00 AM,15,4,11
02/12/2014 10:00:00 AM,8,2,6
02/12/2014 11:00:00 AM,5,2,3
02/12/2014 12:00:00 PM,6,1,5
02/12/2014 01:00:00 PM,8,6,2
02/12/2014 02:00:00 PM,15,6,9
02/12/2014 03:00:00 PM,10,7,3
02/12/2014 04:00:00 PM,17,9,8
02/12/2014 05:00:00 PM,22,14,8
02/12/2014 06:00:00 PM,12,8,4
02/12/2014 07:00:00 PM,11,9,2
02/12/2014 08:00:00 PM,6,6,0
02/12/2014 09:00:00 PM,6,3,3
02/12/2014 10:00:00 PM,2,2,0
02/12/2014 11:00:00 PM,5,2,3
02/13/2014 12:00:00 AM,3,3,0
02/13/2014 01:00:00 AM,0,0,0
02/13/2014 02:00:00 AM,0,0,0
02/13/2014 03:00:00 AM,0,0,0
02/13/2014 04:00:00 AM,0,0,0
02/13/2014 05:00:00 AM,2,0,2
02/13/2014 06:00:00 AM,5,3,2
02/13/2014 07:00:00 AM,18,2,16
02/13/2014 08:00:00 AM,19,0,19
02/13/2014 09:00:00 AM,17,4,13
02/13/2014 10:00:00 AM,12,2,10
02/13/2014 11:00:00 AM,6,1,5
02/13/2014 12:00:00 PM,5,4,1
02/13/2014 01:00:00 PM,16,8,8
02/13/2014 02:00:00 PM,9,3,6
02/13/2014 03:00:00 PM,6,2,4
02/13/2014 04:00:00 PM,20,18,2
02/13/2014 05:00:00 PM,23,18,5
02/13/2014 06:00:00 PM,16,10,6
02/13/2014 07:00:00 PM,9,7,2
02/13/2014 08:00:00 PM,6,3,3
02/13/2014 09:00:00 PM,6,2,4
02/13/2014 10:00:00 PM,8,6,2
02/13/2014 11:00:00 PM,1,1,0
02/14/2014 12:00:00 AM,0,0,0
02/14/2014 01:00:00 AM,0,0,0
02/14/2014 02:00:00 AM,0,0,0
02/14/2014 03:00:00 AM,0,0,0
02/14/2014 04:00:00 AM,0,0,0
02/14/2014 05:00:00 AM,2,0,2
02/14/2014 06:00:00 AM,1,0,1
02/14/2014 07:00:00 AM,10,4,6
02/14/2014 08:00:00 AM,15,0,15
02/14/2014 09:00:00 AM,16,2,14
02/14/2014 10:00:00 AM,10,2,8
02/14/2014 11:00:00 AM,8,0,8
02/14/2014 12:00:00 PM,7,5,2
02/14/2014 01:00:00 PM,9,7,2
02/14/2014 02:00:00 PM,5,2,3
02/14/2014 03:00:00 PM,8,6,2
02/14/2014 04:00:00 PM,25,14,11
02/14/2014 05:00:00 PM,20,19,1
02/14/2014 06:00:00 PM,17,9,8
02/14/2014 07:00:00 PM,8,4,4
02/14/2014 08:00:00 PM,0,0,0
02/14/2014 09:00:00 PM,6,2,4
02/14/2014 10:00:00 PM,2,2,0
02/14/2014 11:00:00 PM,0,0,0
02/15/2014 12:00:00 AM,0,0,0
02/15/2014 01:00:00 AM,0,0,0
02/15/2014 02:00:00 AM,0,0,0
02/15/2014 03:00:00 AM,0,0,0
02/15/2014 04:00:00 AM,0,0,0
02/15/2014 05:00:00 AM,0,0,0
02/15/2014 06:00:00 AM,3,1,2
02/15/2014 07:00:00 AM,2,0,2
02/15/2014 08:00:00 AM,6,2,4
02/15/2014 09:00:00 AM,9,2,7
02/15/2014 10:00:00 AM,5,2,3
02/15/2014 11:00:00 AM,9,6,3
02/15/2014 12:00:00 PM,6,5,1
02/15/2014 01:00:00 PM,4,3,1
02/15/2014 02:00:00 PM,1,1,0
02/15/2014 03:00:00 PM,10,1,9
02/15/2014 04:00:00 PM,7,1,6
02/15/2014 05:00:00 PM,8,4,4
02/15/2014 06:00:00 PM,5,3,2
02/15/2014 07:00:00 PM,0,0,0
02/15/2014 08:00:00 PM,3,2,1
02/15/2014 09:00:00 PM,0,0,0
02/15/2014 10:00:00 PM,4,0,4
02/15/2014 11:00:00 PM,1,1,0
02/16/2014 12:00:00 AM,2,2,0
02/16/2014 01:00:00 AM,0,0,0
02/16/2014 02:00:00 AM,0,0,0
02/16/2014 03:00:00 AM,0,0,0
02/16/2014 04:00:00 AM,0,0,0
02/16/2014 05:00:00 AM,0,0,0
02/16/2014 06:00:00 AM,2,0,2
02/16/2014 07:00:00 AM,3,0,3
02/16/2014 08:00:00 AM,2,0,2
02/16/2014 09:00:00 AM,2,1,1
02/16/2014 10:00:00 AM,6,3,3
02/16/2014 11:00:00 AM,9,0,9
02/16/2014 12:00:00 PM,1,1,0
02/16/2014 01:00:00 PM,11,3,8
02/16/2014 02:00:00 PM,11,4,7
02/16/2014 03:00:00 PM,4,0,4
02/16/2014 04:00:00 PM,8,5,3
02/16/2014 05:00:00 PM,14,7,7
02/16/2014 06:00:00 PM,4,1,3
02/16/2014 07:00:00 PM,7,2,5
02/16/2014 08:00:00 PM,4,2,2
02/16/2014 09:00:00 PM,4,1,3
02/16/2014 10:00:00 PM,5,0,5
02/16/2014 11:00:00 PM,0,0,0
02/17/2014 12:00:00 AM,1,1,0
02/17/2014 01:00:00 AM,0,0,0
02/17/2014 02:00:00 AM,0,0,0
02/17/2014 03:00:00 AM,0,0,0
02/17/2014 04:00:00 AM,0,0,0
02/17/2014 05:00:00 AM,0,0,0
02/17/2014 06:00:00 AM,2,0,2
02/17/2014 07:00:00 AM,2,2,0
02/17/2014 08:00:00 AM,5,3,2
02/17/2014 09:00:00 AM,6,2,4
02/17/2014 10:00:00 AM,2,1,1
02/17/2014 11:00:00 AM,3,1,2
02/17/2014 12:00:00 PM,5,1,4
02/17/2014 01:00:00 PM,7,0,7
02/17/2014 02:00:00 PM,10,5,5
02/17/2014 03:00:00 PM,12,3,9
02/17/2014 04:00:00 PM,7,4,3
02/17/2014 05:00:00 PM,5,5,0
02/17/2014 06:00:00 PM,5,1,4
02/17/2014 07:00:00 PM,4,4,0
02/17/2014 08:00:00 PM,5,1,4
02/17/2014 09:00:00 PM,0,0,0
02/17/2014 10:00:00 PM,2,0,2
02/17/2014 11:00:00 PM,0,0,0
02/18/2014 12:00:00 AM,0,0,0
02/18/2014 01:00:00 AM,1,1,0
02/18/2014 02:00:00 AM,0,0,0
02/18/2014 03:00:00 AM,0,0,0
02/18/2014 04:00:00 AM,0,0,0
02/18/2014 05:00:00 AM,4,1,3
02/18/2014 06:00:00 AM,3,0,3
02/18/2014 07:00:00 AM,10,3,7
02/18/2014 08:00:00 AM,10,1,9
02/18/2014 09:00:00 AM,7,2,5
02/18/2014 10:00:00 AM,2,0,2
02/18/2014 11:00:00 AM,8,1,7
02/18/2014 12:00:00 PM,1,1,0
02/18/2014 01:00:00 PM,2,1,1
02/18/2014 02:00:00 PM,8,2,6
02/18/2014 03:00:00 PM,4,3,1
02/18/2014 04:00:00 PM,13,5,8
02/18/2014 05:00:00 PM,20,15,5
02/18/2014 06:00:00 PM,6,6,0
02/18/2014 07:00:00 PM,14,8,6
02/18/2014 08:00:00 PM,6,3,3
02/18/2014 09:00:00 PM,2,0,2
02/18/2014 10:00:00 PM,4,0,4
02/18/2014 11:00:00 PM,3,3,0
02/19/2014 12:00:00 AM,0,0,0
02/19/2014 01:00:00 AM,0,0,0
02/19/2014 02:00:00 AM,2,0,2
02/19/2014 03:00:00 AM,0,0,0
02/19/2014 04:00:00 AM,0,0,0
02/19/2014 05:00:00 AM,3,0,3
02/19/2014 06:00:00 AM,2,0,2
02/19/2014 07:00:00 AM,12,3,9
02/19/2014 08:00:00 AM,15,0,15
02/19/2014 09:00:00 AM,18,6,12
02/19/2014 10:00:00 AM,7,1,6
02/19/2014 11:00:00 AM,9,3,6
02/19/2014 12:00:00 PM,7,4,3
02/19/2014 01:00:00 PM,9,5,4
02/19/2014 02:00:00 PM,10,10,0
02/19/2014 03:00:00 PM,9,4,5
02/19/2014 04:00:00 PM,19,10,9
02/19/2014 05:00:00 PM,21,15,6
02/19/2014 06:00:00 PM,15,12,3
02/19/2014 07:00:00 PM,10,7,3
02/19/2014 08:00:00 PM,4,2,2
02/19/2014 09:00:00 PM,9,4,5
02/19/2014 10:00:00 PM,1,1,0
02/19/2014 11:00:00 PM,0,0,0
02/20/2014 12:00:00 AM,2,0,2
02/20/2014 01:00:00 AM,1,1,0
02/20/2014 02:00:00 AM,1,1,0
02/20/2014 03:00:00 AM,0,0,0
02/20/2014 04:00:00 AM,0,0,0
02/20/2014 05:00:00 AM,4,1,3
02/20/2014 06:00:00 AM,8,1,7
02/20/2014 07:00:00 AM,13,4,9
02/20/2014 08:00:00 AM,15,1,14
02/20/2014 09:00:00 AM,10,0,10
02/20/2014 10:00:00 AM,4,1,3
02/20/2014 11:00:00 AM,5,1,4
02/20/2014 12:00:00 PM,6,2,4
02/20/2014 01:00:00 PM,1,1,0
02/20/2014 02:00:00 PM,2,0,2
02/20/2014 03:00:00 PM,13,4,9
02/20/2014 04:00:00 PM,13,9,4
02/20/2014 05:00:00 PM,20,14,6
02/20/2014 06:00:00 PM,14,12,2
02/20/2014 07:00:00 PM,12,7,5
02/20/2014 08:00:00 PM,1,1,0
02/20/2014 09:00:00 PM,5,3,2
02/20/2014 10:00:00 PM,2,2,0
02/20/2014 11:00:00 PM,0,0,0
02/21/2014 12:00:00 AM,1,1,0
02/21/2014 01:00:00 AM,0,0,0
02/21/2014 02:00:00 AM,1,1,0
02/21/2014 03:00:00 AM,0,0,0
02/21/2014 04:00:00 AM,0,0,0
02/21/2014 05:00:00 AM,2,0,2
02/21/2014 06:00:00 AM,4,1,3
02/21/2014 07:00:00 AM,6,2,4
02/21/2014 08:00:00 AM,17,1,16
02/21/2014 09:00:00 AM,9,0,9
02/21/2014 10:00:00 AM,3,2,1
02/21/2014 11:00:00 AM,7,2,5
02/21/2014 12:00:00 PM,3,1,2
02/21/2014 01:00:00 PM,8,4,4
02/21/2014 02:00:00 PM,7,3,4
02/21/2014 03:00:00 PM,10,4,6
02/21/2014 04:00:00 PM,9,9,0
02/21/2014 05:00:00 PM,17,13,4
02/21/2014 06:00:00 PM,21,14,7
02/21/2014 07:00:00 PM,12,9,3
02/21/2014 08:00:00 PM,6,3,3
02/21/2014 09:00:00 PM,3,3,0
02/21/2014 10:00:00 PM,8,1,7
02/21/2014 11:00:00 PM,1,1,0
02/22/2014 12:00:00 AM,2,0,2
02/22/2014 01:00:00 AM,0,0,0
02/22/2014 02:00:00 AM,0,0,0
02/22/2014 03:00:00 AM,0,0,0
02/22/2014 04:00:00 AM,0,0,0
02/22/2014 05:00:00 AM,0,0,0
02/22/2014 06:00:00 AM,2,0,2
02/22/2014 07:00:00 AM,3,1,2
02/22/2014 08:00:00 AM,5,3,2
02/22/2014 09:00:00 AM,1,0,1
02/22/2014 10:00:00 AM,5,2,3
02/22/2014 11:00:00 AM,7,3,4
02/22/2014 12:00:00 PM,5,3,2
02/22/2014 01:00:00 PM,0,0,0
02/22/2014 02:00:00 PM,2,1,1
02/22/2014 03:00:00 PM,6,2,4
02/22/2014 04:00:00 PM,5,5,0
02/22/2014 05:00:00 PM,6,2,4
02/22/2014 06:00:00 PM,4,2,2
02/22/2014 07:00:00 PM,0,0,0
02/22/2014 08:00:00 PM,1,1,0
02/22/2014 09:00:00 PM,0,0,0
02/22/2014 10:00:00 PM,1,1,0
02/22/2014 11:00:00 PM,0,0,0
02/23/2014 12:00:00 AM,1,1,0
02/23/2014 01:00:00 AM,0,0,0
02/23/2014 02:00:00 AM,0,0,0
02/23/2014 03:00:00 AM,0,0,0
02/23/2014 04:00:00 AM,0,0,0
02/23/2014 05:00:00 AM,0,0,0
02/23/2014 06:00:00 AM,2,0,2
02/23/2014 07:00:00 AM,0,0,0
02/23/2014 08:00:00 AM,4,0,4
02/23/2014 09:00:00 AM,2,0,2
02/23/2014 10:00:00 AM,6,1,5
02/23/2014 11:00:00 AM,6,2,4
02/23/2014 12:00:00 PM,6,4,2
02/23/2014 01:00:00 PM,7,1,6
02/23/2014 02:00:00 PM,7,7,0
02/23/2014 03:00:00 PM,7,3,4
02/23/2014 04:00:00 PM,6,1,5
02/23/2014 05:00:00 PM,2,2,0
02/23/2014 06:00:00 PM,3,0,3
02/23/2014 07:00:00 PM,4,1,3
02/23/2014 08:00:00 PM,4,0,4
02/23/2014 09:00:00 PM,0,0,0
02/23/2014 10:00:00 PM,4,2,2
02/23/2014 11:00:00 PM,1,0,1
02/24/2014 12:00:00 AM,0,0,0
02/24/2014 01:00:00 AM,1,1,0
02/24/2014 02:00:00 AM,0,0,0
02/24/2014 03:00:00 AM,0,0,0
02/24/2014 04:00:00 AM,0,0,0
02/24/2014 05:00:00 AM,4,1,3
02/24/2014 06:00:00 AM,1,0,1
02/24/2014 07:00:00 AM,10,2,8
02/24/2014 08:00:00 AM,18,3,15
02/24/2014 09:00:00 AM,16,0,16
02/24/2014 10:00:00 AM,3,0,3
02/24/2014 11:00:00 AM,3,0,3
02/24/2014 12:00:00 PM,4,0,4
02/24/2014 01:00:00 PM,3,0,3
02/24/2014 02:00:00 PM,4,3,1
02/24/2014 03:00:00 PM,11,5,6
02/24/2014 04:00:00 PM,14,7,7
02/24/2014 05:00:00 PM,17,12,5
02/24/2014 06:00:00 PM,12,7,5
02/24/2014 07:00:00 PM,6,6,0
02/24/2014 08:00:00 PM,3,3,0
02/24/2014 09:00:00 PM,3,3,0
02/24/2014 10:00:00 PM,3,0,3
02/24/2014 11:00:00 PM,0,0,0
02/25/2014 12:00:00 AM,1,1,0
02/25/2014 01:00:00 AM,0,0,0
02/25/2014 02:00:00 AM,0,0,0
02/25/2014 03:00:00 AM,0,0,0
02/25/2014 04:00:00 AM,0,0,0
02/25/2014 05:00:00 AM,5,0,5
02/25/2014 06:00:00 AM,5,2,3
02/25/2014 07:00:00 AM,9,2,7
02/25/2014 08:00:00 AM,18,1,17
02/25/2014 09:00:00 AM,12,3,9
02/25/2014 10:00:00 AM,12,1,11
02/25/2014 11:00:00 AM,4,3,1
02/25/2014 12:00:00 PM,7,2,5
02/25/2014 01:00:00 PM,12,7,5
02/25/2014 02:00:00 PM,9,5,4
02/25/2014 03:00:00 PM,10,2,8
02/25/2014 04:00:00 PM,16,6,10
02/25/2014 05:00:00 PM,22,14,8
02/25/2014 06:00:00 PM,17,8,9
02/25/2014 07:00:00 PM,7,5,2
02/25/2014 08:00:00 PM,12,7,5
02/25/2014 09:00:00 PM,3,1,2
02/25/2014 10:00:00 PM,2,2,0
02/25/2014 11:00:00 PM,0,0,0
02/26/2014 12:00:00 AM,1,1,0
02/26/2014 01:00:00 AM,1,1,0
02/26/2014 02:00:00 AM,0,0,0
02/26/2014 03:00:00 AM,0,0,0
02/26/2014 04:00:00 AM,0,0,0
02/26/2014 05:00:00 AM,5,1,4
02/26/2014 06:00:00 AM,2,1,1
02/26/2014 07:00:00 AM,15,1,14
02/26/2014 08:00:00 AM,20,0,20
02/26/2014 09:00:00 AM,20,1,19
02/26/2014 10:00:00 AM,12,2,10
02/26/2014 11:00:00 AM,8,1,7
02/26/2014 12:00:00 PM,12,8,4
02/26/2014 01:00:00 PM,3,2,1
02/26/2014 02:00:00 PM,13,8,5
02/26/2014 03:00:00 PM,10,6,4
02/26/2014 04:00:00 PM,17,12,5
02/26/2014 05:00:00 PM,22,16,6
02/26/2014 06:00:00 PM,18,12,6
02/26/2014 07:00:00 PM,10,8,2
02/26/2014 08:00:00 PM,6,5,1
02/26/2014 09:00:00 PM,9,4,5
02/26/2014 10:00:00 PM,1,1,0
02/26/2014 11:00:00 PM,2,2,0
02/27/2014 12:00:00 AM,0,0,0
02/27/2014 01:00:00 AM,0,0,0
02/27/2014 02:00:00 AM,0,0,0
02/27/2014 03:00:00 AM,0,0,0
02/27/2014 04:00:00 AM,0,0,0
02/27/2014 05:00:00 AM,5,0,5
02/27/2014 06:00:00 AM,2,1,1
02/27/2014 07:00:00 AM,27,4,23
02/27/2014 08:00:00 AM,29,5,24
02/27/2014 09:00:00 AM,8,0,8
02/27/2014 10:00:00 AM,16,6,10
02/27/2014 11:00:00 AM,11,3,8
02/27/2014 12:00:00 PM,2,1,1
02/27/2014 01:00:00 PM,14,5,9
02/27/2014 02:00:00 PM,5,1,4
02/27/2014 03:00:00 PM,13,6,7
02/27/2014 04:00:00 PM,20,16,4
02/27/2014 05:00:00 PM,27,22,5
02/27/2014 06:00:00 PM,15,13,2
02/27/2014 07:00:00 PM,14,11,3
02/27/2014 08:00:00 PM,5,3,2
02/27/2014 09:00:00 PM,5,2,3
02/27/2014 10:00:00 PM,3,1,2
02/27/2014 11:00:00 PM,3,1,2
02/28/2014 12:00:00 AM,0,0,0
02/28/2014 01:00:00 AM,0,0,0
02/28/2014 02:00:00 AM,0,0,0
02/28/2014 03:00:00 AM,1,0,1
02/28/2014 04:00:00 AM,0,0,0
02/28/2014 05:00:00 AM,8,3,5
02/28/2014 06:00:00 AM,1,0,1
02/28/2014 07:00:00 AM,9,1,8
02/28/2014 08:00:00 AM,21,2,19
02/28/2014 09:00:00 AM,21,2,19
02/28/2014 10:00:00 AM,11,7,4
02/28/2014 11:00:00 AM,7,4,3
02/28/2014 12:00:00 PM,8,2,6
02/28/2014 01:00:00 PM,13,4,9
02/28/2014 02:00:00 PM,6,6,0
02/28/2014 03:00:00 PM,18,9,9
02/28/2014 04:00:00 PM,9,7,2
02/28/2014 05:00:00 PM,26,17,9
02/28/2014 06:00:00 PM,18,12,6
02/28/2014 07:00:00 PM,10,5,5
02/28/2014 08:00:00 PM,3,3,0
02/28/2014 09:00:00 PM,1,1,0
02/28/2014 10:00:00 PM,2,2,0
02/28/2014 11:00:00 PM,1,1,0
03/01/2014 12:00:00 AM,1,1,0
03/01/2014 01:00:00 AM,0,0,0
03/01/2014 02:00:00 AM,0,0,0
03/01/2014 03:00:00 AM,0,0,0
03/01/2014 04:00:00 AM,0,0,0
03/01/2014 05:00:00 AM,1,0,1
03/01/2014 06:00:00 AM,8,0,8
03/01/2014 07:00:00 AM,2,1,1
03/01/2014 08:00:00 AM,6,1,5
03/01/2014 09:00:00 AM,3,2,1
03/01/2014 10:00:00 AM,5,2,3
03/01/2014 11:00:00 AM,13,10,3
03/01/2014 12:00:00 PM,6,4,2
03/01/2014 01:00:00 PM,27,23,4
03/01/2014 02:00:00 PM,4,4,0
03/01/2014 03:00:00 PM,7,6,1
03/01/2014 04:00:00 PM,6,1,5
03/01/2014 05:00:00 PM,8,3,5
03/01/2014 06:00:00 PM,8,6,2
03/01/2014 07:00:00 PM,1,1,0
03/01/2014 08:00:00 PM,3,1,2
03/01/2014 09:00:00 PM,2,1,1
03/01/2014 10:00:00 PM,0,0,0
03/01/2014 11:00:00 PM,2,1,1
03/02/2014 12:00:00 AM,4,1,3
03/02/2014 01:00:00 AM,0,0,0
03/02/2014 02:00:00 AM,0,0,0
03/02/2014 03:00:00 AM,0,0,0
03/02/2014 04:00:00 AM,0,0,0
03/02/2014 05:00:00 AM,0,0,0
03/02/2014 06:00:00 AM,4,0,4
03/02/2014 07:00:00 AM,1,1,0
03/02/2014 08:00:00 AM,3,0,3
03/02/2014 09:00:00 AM,3,2,1
03/02/2014 10:00:00 AM,11,5,6
03/02/2014 11:00:00 AM,0,0,0
03/02/2014 12:00:00 PM,4,2,2
03/02/2014 01:00:00 PM,6,2,4
03/02/2014 02:00:00 PM,3,0,3
03/02/2014 03:00:00 PM,3,0,3
03/02/2014 04:00:00 PM,2,1,1
03/02/2014 05:00:00 PM,3,1,2
03/02/2014 06:00:00 PM,2,0,2
03/02/2014 07:00:00 PM,5,1,4
03/02/2014 08:00:00 PM,5,2,3
03/02/2014 09:00:00 PM,4,0,4
03/02/2014 10:00:00 PM,0,0,0
03/02/2014 11:00:00 PM,0,0,0
03/03/2014 12:00:00 AM,0,0,0
03/03/2014 01:00:00 AM,0,0,0
03/03/2014 02:00:00 AM,0,0,0
03/03/2014 03:00:00 AM,0,0,0
03/03/2014 04:00:00 AM,0,0,0
03/03/2014 05:00:00 AM,3,0,3
03/03/2014 06:00:00 AM,4,0,4
03/03/2014 07:00:00 AM,13,2,11
03/03/2014 08:00:00 AM,14,1,13
03/03/2014 09:00:00 AM,15,1,14
03/03/2014 10:00:00 AM,6,0,6
03/03/2014 11:00:00 AM,5,0,5
03/03/2014 12:00:00 PM,2,2,0
03/03/2014 01:00:00 PM,2,0,2
03/03/2014 02:00:00 PM,10,4,6
03/03/2014 03:00:00 PM,6,1,5
03/03/2014 04:00:00 PM,18,7,11
03/03/2014 05:00:00 PM,31,17,14
03/03/2014 06:00:00 PM,13,10,3
03/03/2014 07:00:00 PM,2,2,0
03/03/2014 08:00:00 PM,8,5,3
03/03/2014 09:00:00 PM,5,1,4
03/03/2014 10:00:00 PM,2,2,0
03/03/2014 11:00:00 PM,1,1,0
03/04/2014 12:00:00 AM,0,0,0
03/04/2014 01:00:00 AM,0,0,0
03/04/2014 02:00:00 AM,0,0,0
03/04/2014 03:00:00 AM,0,0,0
03/04/2014 04:00:00 AM,0,0,0
03/04/2014 05:00:00 AM,5,0,5
03/04/2014 06:00:00 AM,5,0,5
03/04/2014 07:00:00 AM,17,3,14
03/04/2014 08:00:00 AM,20,1,19
03/04/2014 09:00:00 AM,10,0,10
03/04/2014 10:00:00 AM,9,2,7
03/04/2014 11:00:00 AM,13,4,9
03/04/2014 12:00:00 PM,7,2,5
03/04/2014 01:00:00 PM,6,0,6
03/04/2014 02:00:00 PM,11,3,8
03/04/2014 03:00:00 PM,11,6,5
03/04/2014 04:00:00 PM,14,6,8
03/04/2014 05:00:00 PM,30,27,3
03/04/2014 06:00:00 PM,14,5,9
03/04/2014 07:00:00 PM,10,7,3
03/04/2014 08:00:00 PM,9,2,7
03/04/2014 09:00:00 PM,10,8,2
03/04/2014 10:00:00 PM,0,0,0
03/04/2014 11:00:00 PM,0,0,0
03/05/2014 12:00:00 AM,0,0,0
03/05/2014 01:00:00 AM,1,1,0
03/05/2014 02:00:00 AM,0,0,0
03/05/2014 03:00:00 AM,0,0,0
03/05/2014 04:00:00 AM,0,0,0
03/05/2014 05:00:00 AM,4,1,3
03/05/2014 06:00:00 AM,1,0,1
03/05/2014 07:00:00 AM,20,1,19
03/05/2014 08:00:00 AM,12,0,12
03/05/2014 09:00:00 AM,16,6,10
03/05/2014 10:00:00 AM,5,1,4
03/05/2014 11:00:00 AM,9,2,7
03/05/2014 12:00:00 PM,9,3,6
03/05/2014 01:00:00 PM,13,8,5
03/05/2014 02:00:00 PM,12,7,5
03/05/2014 03:00:00 PM,11,5,6
03/05/2014 04:00:00 PM,9,4,5
03/05/2014 05:00:00 PM,22,16,6
03/05/2014 06:00:00 PM,11,8,3
03/05/2014 07:00:00 PM,8,6,2
03/05/2014 08:00:00 PM,6,4,2
03/05/2014 09:00:00 PM,6,3,3
03/05/2014 10:00:00 PM,0,0,0
03/05/2014 11:00:00 PM,2,0,2
03/06/2014 12:00:00 AM,1,1,0
03/06/2014 01:00:00 AM,1,1,0
03/06/2014 02:00:00 AM,0,0,0
03/06/2014 03:00:00 AM,0,0,0
03/06/2014 04:00:00 AM,0,0,0
03/06/2014 05:00:00 AM,4,0,4
03/06/2014 06:00:00 AM,6,1,5
03/06/2014 07:00:00 AM,15,2,13
03/06/2014 08:00:00 AM,7,1,6
03/06/2014 09:00:00 AM,14,6,8
03/06/2014 10:00:00 AM,14,2,12
03/06/2014 11:00:00 AM,10,5,5
03/06/2014 12:00:00 PM,6,4,2
03/06/2014 01:00:00 PM,12,2,10
03/06/2014 02:00:00 PM,0,0,0
03/06/2014 03:00:00 PM,10,5,5
03/06/2014 04:00:00 PM,10,8,2
03/06/2014 05:00:00 PM,22,16,6
03/06/2014 06:00:00 PM,16,11,5
03/06/2014 07:00:00 PM,6,4,2
03/06/2014 08:00:00 PM,6,4,2
03/06/2014 09:00:00 PM,7,3,4
03/06/2014 10:00:00 PM,0,0,0
03/06/2014 11:00:00 PM,0,0,0
03/07/2014 12:00:00 AM,2,2,0
03/07/2014 01:00:00 AM,0,0,0
03/07/2014 02:00:00 AM,0,0,0
03/07/2014 03:00:00 AM,0,0,0
03/07/2014 04:00:00 AM,0,0,0
03/07/2014 05:00:00 AM,6,1,5
03/07/2014 06:00:00 AM,4,1,3
03/07/2014 07:00:00 AM,13,2,11
03/07/2014 08:00:00 AM,15,0,15
03/07/2014 09:00:00 AM,14,2,12
03/07/2014 10:00:00 AM,7,0,7
03/07/2014 11:00:00 AM,3,2,1
03/07/2014 12:00:00 PM,12,7,5
03/07/2014 01:00:00 PM,3,2,1
03/07/2014 02:00:00 PM,8,5,3
03/07/2014 03:00:00 PM,11,3,8
03/07/2014 04:00:00 PM,15,11,4
03/07/2014 05:00:00 PM,25,23,2
03/07/2014 06:00:00 PM,14,8,6
03/07/2014 07:00:00 PM,13,11,2
03/07/2014 08:00:00 PM,4,3,1
03/07/2014 09:00:00 PM,2,0,2
03/07/2014 10:00:00 PM,5,2,3
03/07/2014 11:00:00 PM,1,1,0
03/08/2014 12:00:00 AM,0,0,0
03/08/2014 01:00:00 AM,1,1,0
03/08/2014 02:00:00 AM,0,0,0
03/08/2014 03:00:00 AM,0,0,0
03/08/2014 04:00:00 AM,0,0,0
03/08/2014 05:00:00 AM,0,0,0
03/08/2014 06:00:00 AM,2,0,2
03/08/2014 07:00:00 AM,6,1,5
03/08/2014 08:00:00 AM,4,0,4
03/08/2014 09:00:00 AM,3,3,0
03/08/2014 10:00:00 AM,8,5,3
03/08/2014 11:00:00 AM,9,3,6
03/08/2014 12:00:00 PM,7,4,3
03/08/2014 01:00:00 PM,6,2,4
03/08/2014 02:00:00 PM,9,4,5
03/08/2014 03:00:00 PM,4,2,2
03/08/2014 04:00:00 PM,2,2,0
03/08/2014 05:00:00 PM,8,1,7
03/08/2014 06:00:00 PM,7,1,6
03/08/2014 07:00:00 PM,2,0,2
03/08/2014 08:00:00 PM,0,0,0
03/08/2014 09:00:00 PM,1,1,0
03/08/2014 10:00:00 PM,10,2,8
03/08/2014 11:00:00 PM,0,0,0
03/09/2014 12:00:00 AM,1,1,0
03/09/2014 01:00:00 AM,0,0,0
03/09/2014 03:00:00 AM,,,
03/09/2014 03:00:00 AM,0,0,0
03/09/2014 04:00:00 AM,0,0,0
03/09/2014 05:00:00 AM,0,0,0
03/09/2014 06:00:00 AM,2,0,2
03/09/2014 07:00:00 AM,0,0,0
03/09/2014 08:00:00 AM,5,0,5
03/09/2014 09:00:00 AM,6,2,4
03/09/2014 10:00:00 AM,6,3,3
03/09/2014 11:00:00 AM,6,4,2
03/09/2014 12:00:00 PM,9,4,5
03/09/2014 01:00:00 PM,14,4,10
03/09/2014 02:00:00 PM,22,10,12
03/09/2014 03:00:00 PM,11,1,10
03/09/2014 04:00:00 PM,9,9,0
03/09/2014 05:00:00 PM,14,6,8
03/09/2014 06:00:00 PM,8,2,6
03/09/2014 07:00:00 PM,6,2,4
03/09/2014 08:00:00 PM,2,0,2
03/09/2014 09:00:00 PM,0,0,0
03/09/2014 10:00:00 PM,5,3,2
03/09/2014 11:00:00 PM,1,1,0
03/10/2014 12:00:00 AM,0,0,0
03/10/2014 01:00:00 AM,0,0,0
03/10/2014 02:00:00 AM,0,0,0
03/10/2014 03:00:00 AM,0,0,0
03/10/2014 04:00:00 AM,0,0,0
03/10/2014 05:00:00 AM,7,3,4
03/10/2014 06:00:00 AM,3,0,3
03/10/2014 07:00:00 AM,15,2,13
03/10/2014 08:00:00 AM,17,3,14
03/10/2014 09:00:00 AM,12,1,11
03/10/2014 10:00:00 AM,7,0,7
03/10/2014 11:00:00 AM,6,1,5
03/10/2014 12:00:00 PM,6,3,3
03/10/2014 01:00:00 PM,6,3,3
03/10/2014 02:00:00 PM,6,1,5
03/10/2014 03:00:00 PM,6,2,4
03/10/2014 04:00:00 PM,14,9,5
03/10/2014 05:00:00 PM,14,12,2
03/10/2014 06:00:00 PM,17,11,6
03/10/2014 07:00:00 PM,9,6,3
03/10/2014 08:00:00 PM,7,6,1
03/10/2014 09:00:00 PM,0,0,0
03/10/2014 10:00:00 PM,0,0,0
03/10/2014 11:00:00 PM,3,1,2
03/11/2014 12:00:00 AM,1,1,0
03/11/2014 01:00:00 AM,0,0,0
03/11/2014 02:00:00 AM,1,0,1
03/11/2014 03:00:00 AM,0,0,0
03/11/2014 04:00:00 AM,0,0,0
03/11/2014 05:00:00 AM,5,0,5
03/11/2014 06:00:00 AM,12,5,7
03/11/2014 07:00:00 AM,22,2,20
03/11/2014 08:00:00 AM,14,0,14
03/11/2014 09:00:00 AM,19,2,17
03/11/2014 10:00:00 AM,20,5,15
03/11/2014 11:00:00 AM,12,2,10
03/11/2014 12:00:00 PM,8,1,7
03/11/2014 01:00:00 PM,3,2,1
03/11/2014 02:00:00 PM,13,2,11
03/11/2014 03:00:00 PM,16,10,6
03/11/2014 04:00:00 PM,16,11,5
03/11/2014 05:00:00 PM,26,16,10
03/11/2014 06:00:00 PM,29,24,5
03/11/2014 07:00:00 PM,15,8,7
03/11/2014 08:00:00 PM,7,3,4
03/11/2014 09:00:00 PM,6,4,2
03/11/2014 10:00:00 PM,2,2,0
03/11/2014 11:00:00 PM,0,0,0
03/12/2014 12:00:00 AM,1,1,0
03/12/2014 01:00:00 AM,0,0,0
03/12/2014 02:00:00 AM,0,0,0
03/12/2014 03:00:00 AM,0,0,0
03/12/2014 04:00:00 AM,0,0,0
03/12/2014 05:00:00 AM,5,2,3
03/12/2014 06:00:00 AM,8,0,8
03/12/2014 07:00:00 AM,27,8,19
03/12/2014 08:00:00 AM,15,4,11
03/12/2014 09:00:00 AM,23,3,20
03/12/2014 10:00:00 AM,8,2,6
03/12/2014 11:00:00 AM,6,1,5
03/12/2014 12:00:00 PM,13,6,7
03/12/2014 01:00:00 PM,11,9,2
03/12/2014 02:00:00 PM,10,4,6
03/12/2014 03:00:00 PM,17,9,8
03/12/2014 04:00:00 PM,22,12,10
03/12/2014 05:00:00 PM,27,17,10
03/12/2014 06:00:00 PM,36,26,10
03/12/2014 07:00:00 PM,18,14,4
03/12/2014 08:00:00 PM,6,4,2
03/12/2014 09:00:00 PM,11,7,4
03/12/2014 10:00:00 PM,0,0,0
03/12/2014 11:00:00 PM,2,2,0
03/13/2014 12:00:00 AM,2,2,0
03/13/2014 01:00:00 AM,0,0,0
03/13/2014 02:00:00 AM,0,0,0
03/13/2014 03:00:00 AM,0,0,0
03/13/2014 04:00:00 AM,0,0,0
03/13/2014 05:00:00 AM,6,1,5
03/13/2014 06:00:00 AM,5,1,4
03/13/2014 07:00:00 AM,23,3,20
03/13/2014 08:00:00 AM,18,1,17
03/13/2014 09:00:00 AM,13,4,9
03/13/2014 10:00:00 AM,11,1,10
03/13/2014 11:00:00 AM,4,2,2
03/13/2014 12:00:00 PM,9,4,5
03/13/2014 01:00:00 PM,6,3,3
03/13/2014 02:00:00 PM,9,5,4
03/13/2014 03:00:00 PM,16,5,11
03/13/2014 04:00:00 PM,18,12,6
03/13/2014 05:00:00 PM,37,30,7
03/13/2014 06:00:00 PM,29,22,7
03/13/2014 07:00:00 PM,19,11,8
03/13/2014 08:00:00 PM,5,4,1
03/13/2014 09:00:00 PM,7,2,5
03/13/2014 10:00:00 PM,0,0,0
03/13/2014 11:00:00 PM,0,0,0
03/14/2014 12:00:00 AM,0,0,0
03/14/2014 01:00:00 AM,1,1,0
03/14/2014 02:00:00 AM,0,0,0
03/14/2014 03:00:00 AM,0,0,0
03/14/2014 04:00:00 AM,0,0,0
03/14/2014 05:00:00 AM,4,1,3
03/14/2014 06:00:00 AM,3,0,3
03/14/2014 07:00:00 AM,13,2,11
03/14/2014 08:00:00 AM,16,6,10
03/14/2014 09:00:00 AM,13,0,13
03/14/2014 10:00:00 AM,3,0,3
03/14/2014 11:00:00 AM,4,2,2
03/14/2014 12:00:00 PM,5,2,3
03/14/2014 01:00:00 PM,8,2,6
03/14/2014 02:00:00 PM,6,1,5
03/14/2014 03:00:00 PM,14,7,7
03/14/2014 04:00:00 PM,20,12,8
03/14/2014 05:00:00 PM,20,16,4
03/14/2014 06:00:00 PM,19,9,10
03/14/2014 07:00:00 PM,10,8,2
03/14/2014 08:00:00 PM,5,4,1
03/14/2014 09:00:00 PM,3,2,1
03/14/2014 10:00:00 PM,2,0,2
03/14/2014 11:00:00 PM,2,0,2
03/15/2014 12:00:00 AM,1,1,0
03/15/2014 01:00:00 AM,0,0,0
03/15/2014 02:00:00 AM,0,0,0
03/15/2014 03:00:00 AM,0,0,0
03/15/2014 04:00:00 AM,0,0,0
03/15/2014 05:00:00 AM,0,0,0
03/15/2014 06:00:00 AM,0,0,0
03/15/2014 07:00:00 AM,7,0,7
03/15/2014 08:00:00 AM,2,0,2
03/15/2014 09:00:00 AM,9,4,5
03/15/2014 10:00:00 AM,7,2,5
03/15/2014 11:00:00 AM,16,9,7
03/15/2014 12:00:00 PM,16,7,9
03/15/2014 01:00:00 PM,11,4,7
03/15/2014 02:00:00 PM,5,3,2
03/15/2014 03:00:00 PM,14,8,6
03/15/2014 04:00:00 PM,8,3,5
03/15/2014 05:00:00 PM,8,6,2
03/15/2014 06:00:00 PM,3,3,0
03/15/2014 07:00:00 PM,5,1,4
03/15/2014 08:00:00 PM,4,2,2
03/15/2014 09:00:00 PM,5,3,2
03/15/2014 10:00:00 PM,4,2,2
03/15/2014 11:00:00 PM,0,0,0
03/16/2014 12:00:00 AM,0,0,0
03/16/2014 01:00:00 AM,0,0,0
03/16/2014 02:00:00 AM,0,0,0
03/16/2014 03:00:00 AM,0,0,0
03/16/2014 04:00:00 AM,0,0,0
03/16/2014 05:00:00 AM,0,0,0
03/16/2014 06:00:00 AM,2,0,2
03/16/2014 07:00:00 AM,0,0,0
03/16/2014 08:00:00 AM,2,0,2
03/16/2014 09:00:00 AM,3,1,2
03/16/2014 10:00:00 AM,9,1,8
03/16/2014 11:00:00 AM,8,1,7
03/16/2014 12:00:00 PM,2,1,1
03/16/2014 01:00:00 PM,10,3,7
03/16/2014 02:00:00 PM,6,1,5
03/16/2014 03:00:00 PM,5,1,4
03/16/2014 04:00:00 PM,11,3,8
03/16/2014 05:00:00 PM,7,1,6
03/16/2014 06:00:00 PM,5,3,2
03/16/2014 07:00:00 PM,2,0,2
03/16/2014 08:00:00 PM,6,2,4
03/16/2014 09:00:00 PM,0,0,0
03/16/2014 10:00:00 PM,0,0,0
03/16/2014 11:00:00 PM,0,0,0
03/17/2014 12:00:00 AM,1,1,0
03/17/2014 01:00:00 AM,0,0,0
03/17/2014 02:00:00 AM,0,0,0
03/17/2014 03:00:00 AM,0,0,0
03/17/2014 04:00:00 AM,0,0,0
03/17/2014 05:00:00 AM,5,2,3
03/17/2014 06:00:00 AM,7,0,7
03/17/2014 07:00:00 AM,25,8,17
03/17/2014 08:00:00 AM,15,0,15
03/17/2014 09:00:00 AM,14,3,11
03/17/2014 10:00:00 AM,12,0,12
03/17/2014 11:00:00 AM,6,0,6
03/17/2014 12:00:00 PM,7,4,3
03/17/2014 01:00:00 PM,13,9,4
03/17/2014 02:00:00 PM,7,1,6
03/17/2014 03:00:00 PM,18,3,15
03/17/2014 04:00:00 PM,13,6,7
03/17/2014 05:00:00 PM,31,25,6
03/17/2014 06:00:00 PM,25,15,10
03/17/2014 07:00:00 PM,14,9,5
03/17/2014 08:00:00 PM,7,2,5
03/17/2014 09:00:00 PM,4,4,0
03/17/2014 10:00:00 PM,5,0,5
03/17/2014 11:00:00 PM,0,0,0
03/18/2014 12:00:00 AM,1,1,0
03/18/2014 01:00:00 AM,3,0,3
03/18/2014 02:00:00 AM,0,0,0
03/18/2014 03:00:00 AM,0,0,0
03/18/2014 04:00:00 AM,0,0,0
03/18/2014 05:00:00 AM,4,0,4
03/18/2014 06:00:00 AM,9,3,6
03/18/2014 07:00:00 AM,16,2,14
03/18/2014 08:00:00 AM,18,0,18
03/18/2014 09:00:00 AM,25,8,17
03/18/2014 10:00:00 AM,4,0,4
03/18/2014 11:00:00 AM,6,0,6
03/18/2014 12:00:00 PM,11,3,8
03/18/2014 01:00:00 PM,11,3,8
03/18/2014 02:00:00 PM,15,9,6
03/18/2014 03:00:00 PM,10,3,7
03/18/2014 04:00:00 PM,23,12,11
03/18/2014 05:00:00 PM,42,27,15
03/18/2014 06:00:00 PM,29,25,4
03/18/2014 07:00:00 PM,15,12,3
03/18/2014 08:00:00 PM,7,2,5
03/18/2014 09:00:00 PM,5,3,2
03/18/2014 10:00:00 PM,4,0,4
03/18/2014 11:00:00 PM,2,0,2
03/19/2014 12:00:00 AM,1,1,0
03/19/2014 01:00:00 AM,0,0,0
03/19/2014 02:00:00 AM,0,0,0
03/19/2014 03:00:00 AM,0,0,0
03/19/2014 04:00:00 AM,0,0,0
03/19/2014 05:00:00 AM,6,1,5
03/19/2014 06:00:00 AM,5,0,5
03/19/2014 07:00:00 AM,18,5,13
03/19/2014 08:00:00 AM,14,0,14
03/19/2014 09:00:00 AM,7,1,6
03/19/2014 10:00:00 AM,9,5,4
03/19/2014 11:00:00 AM,2,0,2
03/19/2014 12:00:00 PM,5,2,3
03/19/2014 01:00:00 PM,3,2,1
03/19/2014 02:00:00 PM,14,6,8
03/19/2014 03:00:00 PM,11,2,9
03/19/2014 04:00:00 PM,11,7,4
03/19/2014 05:00:00 PM,33,17,16
03/19/2014 06:00:00 PM,19,14,5
03/19/2014 07:00:00 PM,10,8,2
03/19/2014 08:00:00 PM,7,7,0
03/19/2014 09:00:00 PM,6,1,5
03/19/2014 10:00:00 PM,1,1,0
03/19/2014 11:00:00 PM,0,0,0
03/20/2014 12:00:00 AM,3,2,1
03/20/2014 01:00:00 AM,0,0,0
03/20/2014 02:00:00 AM,0,0,0
03/20/2014 03:00:00 AM,0,0,0
03/20/2014 04:00:00 AM,0,0,0
03/20/2014 05:00:00 AM,3,0,3
03/20/2014 06:00:00 AM,4,0,4
03/20/2014 07:00:00 AM,18,4,14
03/20/2014 08:00:00 AM,17,3,14
03/20/2014 09:00:00 AM,12,4,8
03/20/2014 10:00:00 AM,8,2,6
03/20/2014 11:00:00 AM,8,0,8
03/20/2014 12:00:00 PM,14,3,11
03/20/2014 01:00:00 PM,11,1,10
03/20/2014 02:00:00 PM,14,10,4
03/20/2014 03:00:00 PM,18,12,6
03/20/2014 04:00:00 PM,12,9,3
03/20/2014 05:00:00 PM,23,14,9
03/20/2014 06:00:00 PM,28,19,9
03/20/2014 07:00:00 PM,12,11,1
03/20/2014 08:00:00 PM,6,4,2
03/20/2014 09:00:00 PM,5,4,1
03/20/2014 10:00:00 PM,7,3,4
03/20/2014 11:00:00 PM,1,1,0
03/21/2014 12:00:00 AM,2,2,0
03/21/2014 01:00:00 AM,0,0,0
03/21/2014 02:00:00 AM,2,0,2
03/21/2014 03:00:00 AM,0,0,0
03/21/2014 04:00:00 AM,0,0,0
03/21/2014 05:00:00 AM,4,0,4
03/21/2014 06:00:00 AM,7,1,6
03/21/2014 07:00:00 AM,15,3,12
03/21/2014 08:00:00 AM,15,1,14
03/21/2014 09:00:00 AM,18,2,16
03/21/2014 10:00:00 AM,12,3,9
03/21/2014 11:00:00 AM,5,2,3
03/21/2014 12:00:00 PM,10,5,5
03/21/2014 01:00:00 PM,9,6,3
03/21/2014 02:00:00 PM,7,1,6
03/21/2014 03:00:00 PM,11,4,7
03/21/2014 04:00:00 PM,29,15,14
03/21/2014 05:00:00 PM,29,20,9
03/21/2014 06:00:00 PM,22,18,4
03/21/2014 07:00:00 PM,10,9,1
03/21/2014 08:00:00 PM,5,2,3
03/21/2014 09:00:00 PM,2,2,0
03/21/2014 10:00:00 PM,2,2,0
03/21/2014 11:00:00 PM,5,0,5
03/22/2014 12:00:00 AM,0,0,0
03/22/2014 01:00:00 AM,0,0,0
03/22/2014 02:00:00 AM,0,0,0
03/22/2014 03:00:00 AM,0,0,0
03/22/2014 04:00:00 AM,0,0,0
03/22/2014 05:00:00 AM,0,0,0
03/22/2014 06:00:00 AM,3,0,3
03/22/2014 07:00:00 AM,2,0,2
03/22/2014 08:00:00 AM,2,0,2
03/22/2014 09:00:00 AM,3,0,3
03/22/2014 10:00:00 AM,18,5,13
03/22/2014 11:00:00 AM,18,5,13
03/22/2014 12:00:00 PM,11,6,5
03/22/2014 01:00:00 PM,13,3,10
03/22/2014 02:00:00 PM,17,7,10
03/22/2014 03:00:00 PM,6,3,3
03/22/2014 04:00:00 PM,9,7,2
03/22/2014 05:00:00 PM,12,5,7
03/22/2014 06:00:00 PM,5,2,3
03/22/2014 07:00:00 PM,6,2,4
03/22/2014 08:00:00 PM,5,2,3
03/22/2014 09:00:00 PM,6,1,5
03/22/2014 10:00:00 PM,8,3,5
03/22/2014 11:00:00 PM,0,0,0
03/23/2014 12:00:00 AM,1,1,0
03/23/2014 01:00:00 AM,1,1,0
03/23/2014 02:00:00 AM,2,2,0
03/23/2014 03:00:00 AM,0,0,0
03/23/2014 04:00:00 AM,0,0,0
03/23/2014 05:00:00 AM,0,0,0
03/23/2014 06:00:00 AM,2,0,2
03/23/2014 07:00:00 AM,3,2,1
03/23/2014 08:00:00 AM,4,1,3
03/23/2014 09:00:00 AM,9,2,7
03/23/2014 10:00:00 AM,17,10,7
03/23/2014 11:00:00 AM,15,4,11
03/23/2014 12:00:00 PM,32,14,18
03/23/2014 01:00:00 PM,19,11,8
03/23/2014 02:00:00 PM,20,16,4
03/23/2014 03:00:00 PM,23,8,15
03/23/2014 04:00:00 PM,31,23,8
03/23/2014 05:00:00 PM,10,5,5
03/23/2014 06:00:00 PM,6,3,3
03/23/2014 07:00:00 PM,10,6,4
03/23/2014 08:00:00 PM,9,4,5
03/23/2014 09:00:00 PM,0,0,0
03/23/2014 10:00:00 PM,2,0,2
03/23/2014 11:00:00 PM,0,0,0
03/24/2014 12:00:00 AM,1,1,0
03/24/2014 01:00:00 AM,0,0,0
03/24/2014 02:00:00 AM,0,0,0
03/24/2014 03:00:00 AM,0,0,0
03/24/2014 04:00:00 AM,0,0,0
03/24/2014 05:00:00 AM,6,2,4
03/24/2014 06:00:00 AM,13,3,10
03/24/2014 07:00:00 AM,18,3,15
03/24/2014 08:00:00 AM,18,3,15
03/24/2014 09:00:00 AM,9,0,9
03/24/2014 10:00:00 AM,11,1,10
03/24/2014 11:00:00 AM,12,3,9
03/24/2014 12:00:00 PM,10,4,6
03/24/2014 01:00:00 PM,5,2,3
03/24/2014 02:00:00 PM,14,7,7
03/24/2014 03:00:00 PM,14,7,7
03/24/2014 04:00:00 PM,31,23,8
03/24/2014 05:00:00 PM,42,29,13
03/24/2014 06:00:00 PM,31,19,12
03/24/2014 07:00:00 PM,14,9,5
03/24/2014 08:00:00 PM,6,2,4
03/24/2014 09:00:00 PM,3,1,2
03/24/2014 10:00:00 PM,1,1,0
03/24/2014 11:00:00 PM,4,2,2
03/25/2014 12:00:00 AM,3,1,2
03/25/2014 01:00:00 AM,0,0,0
03/25/2014 02:00:00 AM,0,0,0
03/25/2014 03:00:00 AM,0,0,0
03/25/2014 04:00:00 AM,0,0,0
03/25/2014 05:00:00 AM,4,0,4
03/25/2014 06:00:00 AM,7,1,6
03/25/2014 07:00:00 AM,21,10,11
03/25/2014 08:00:00 AM,18,4,14
03/25/2014 09:00:00 AM,16,2,14
03/25/2014 10:00:00 AM,4,0,4
03/25/2014 11:00:00 AM,2,2,0
03/25/2014 12:00:00 PM,5,1,4
03/25/2014 01:00:00 PM,6,2,4
03/25/2014 02:00:00 PM,4,3,1
03/25/2014 03:00:00 PM,11,5,6
03/25/2014 04:00:00 PM,15,4,11
03/25/2014 05:00:00 PM,30,25,5
03/25/2014 06:00:00 PM,20,14,6
03/25/2014 07:00:00 PM,19,10,9
03/25/2014 08:00:00 PM,7,4,3
03/25/2014 09:00:00 PM,8,4,4
03/25/2014 10:00:00 PM,6,1,5
03/25/2014 11:00:00 PM,0,0,0
03/26/2014 12:00:00 AM,0,0,0
03/26/2014 01:00:00 AM,0,0,0
03/26/2014 02:00:00 AM,0,0,0
03/26/2014 03:00:00 AM,0,0,0
03/26/2014 04:00:00 AM,0,0,0
03/26/2014 05:00:00 AM,3,0,3
03/26/2014 06:00:00 AM,5,0,5
03/26/2014 07:00:00 AM,16,4,12
03/26/2014 08:00:00 AM,22,1,21
03/26/2014 09:00:00 AM,18,2,16
03/26/2014 10:00:00 AM,7,2,5
03/26/2014 11:00:00 AM,6,2,4
03/26/2014 12:00:00 PM,3,3,0
03/26/2014 01:00:00 PM,9,6,3
03/26/2014 02:00:00 PM,9,4,5
03/26/2014 03:00:00 PM,5,3,2
03/26/2014 04:00:00 PM,14,8,6
03/26/2014 05:00:00 PM,30,24,6
03/26/2014 06:00:00 PM,22,16,6
03/26/2014 07:00:00 PM,8,7,1
03/26/2014 08:00:00 PM,5,3,2
03/26/2014 09:00:00 PM,3,2,1
03/26/2014 10:00:00 PM,1,0,1
03/26/2014 11:00:00 PM,2,2,0
03/27/2014 12:00:00 AM,0,0,0
03/27/2014 01:00:00 AM,1,1,0
03/27/2014 02:00:00 AM,0,0,0
03/27/2014 03:00:00 AM,0,0,0
03/27/2014 04:00:00 AM,0,0,0
03/27/2014 05:00:00 AM,4,0,4
03/27/2014 06:00:00 AM,5,1,4
03/27/2014 07:00:00 AM,18,5,13
03/27/2014 08:00:00 AM,14,1,13
03/27/2014 09:00:00 AM,14,2,12
03/27/2014 10:00:00 AM,6,1,5
03/27/2014 11:00:00 AM,4,0,4
03/27/2014 12:00:00 PM,5,4,1
03/27/2014 01:00:00 PM,4,0,4
03/27/2014 02:00:00 PM,4,1,3
03/27/2014 03:00:00 PM,10,4,6
03/27/2014 04:00:00 PM,27,21,6
03/27/2014 05:00:00 PM,23,19,4
03/27/2014 06:00:00 PM,22,16,6
03/27/2014 07:00:00 PM,13,9,4
03/27/2014 08:00:00 PM,12,3,9
03/27/2014 09:00:00 PM,6,6,0
03/27/2014 10:00:00 PM,3,1,2
03/27/2014 11:00:00 PM,2,0,2
03/28/2014 12:00:00 AM,1,1,0
03/28/2014 01:00:00 AM,1,1,0
03/28/2014 02:00:00 AM,0,0,0
03/28/2014 03:00:00 AM,0,0,0
03/28/2014 04:00:00 AM,0,0,0
03/28/2014 05:00:00 AM,7,1,6
03/28/2014 06:00:00 AM,2,0,2
03/28/2014 07:00:00 AM,8,3,5
03/28/2014 08:00:00 AM,9,2,7
03/28/2014 09:00:00 AM,7,1,6
03/28/2014 10:00:00 AM,6,1,5
03/28/2014 11:00:00 AM,5,1,4
03/28/2014 12:00:00 PM,7,1,6
03/28/2014 01:00:00 PM,4,3,1
03/28/2014 02:00:00 PM,8,1,7
03/28/2014 03:00:00 PM,12,7,5
03/28/2014 04:00:00 PM,10,5,5
03/28/2014 05:00:00 PM,16,9,7
03/28/2014 06:00:00 PM,13,6,7
03/28/2014 07:00:00 PM,6,4,2
03/28/2014 08:00:00 PM,5,0,5
03/28/2014 09:00:00 PM,4,2,2
03/28/2014 10:00:00 PM,0,0,0
03/28/2014 11:00:00 PM,4,0,4
03/29/2014 12:00:00 AM,0,0,0
03/29/2014 01:00:00 AM,0,0,0
03/29/2014 02:00:00 AM,0,0,0
03/29/2014 03:00:00 AM,0,0,0
03/29/2014 04:00:00 AM,0,0,0
03/29/2014 05:00:00 AM,0,0,0
03/29/2014 06:00:00 AM,2,2,0
03/29/2014 07:00:00 AM,4,0,4
03/29/2014 08:00:00 AM,5,2,3
03/29/2014 09:00:00 AM,5,1,4
03/29/2014 10:00:00 AM,5,2,3
03/29/2014 11:00:00 AM,11,3,8
03/29/2014 12:00:00 PM,10,1,9
03/29/2014 01:00:00 PM,4,2,2
03/29/2014 02:00:00 PM,7,6,1
03/29/2014 03:00:00 PM,9,4,5
03/29/2014 04:00:00 PM,9,3,6
03/29/2014 05:00:00 PM,5,2,3
03/29/2014 06:00:00 PM,3,1,2
03/29/2014 07:00:00 PM,4,2,2
03/29/2014 08:00:00 PM,1,1,0
03/29/2014 09:00:00 PM,0,0,0
03/29/2014 10:00:00 PM,4,1,3
03/29/2014 11:00:00 PM,0,0,0
03/30/2014 12:00:00 AM,1,1,0
03/30/2014 01:00:00 AM,0,0,0
03/30/2014 02:00:00 AM,0,0,0
03/30/2014 03:00:00 AM,0,0,0
03/30/2014 04:00:00 AM,0,0,0
03/30/2014 05:00:00 AM,0,0,0
03/30/2014 06:00:00 AM,2,0,2
03/30/2014 07:00:00 AM,1,0,1
03/30/2014 08:00:00 AM,4,1,3
03/30/2014 09:00:00 AM,6,2,4
03/30/2014 10:00:00 AM,9,4,5
03/30/2014 11:00:00 AM,6,4,2
03/30/2014 12:00:00 PM,6,3,3
03/30/2014 01:00:00 PM,8,1,7
03/30/2014 02:00:00 PM,15,4,11
03/30/2014 03:00:00 PM,19,11,8
03/30/2014 04:00:00 PM,31,17,14
03/30/2014 05:00:00 PM,13,8,5
03/30/2014 06:00:00 PM,9,5,4
03/30/2014 07:00:00 PM,9,4,5
03/30/2014 08:00:00 PM,4,3,1
03/30/2014 09:00:00 PM,7,5,2
03/30/2014 10:00:00 PM,0,0,0
03/30/2014 11:00:00 PM,3,0,3
03/31/2014 12:00:00 AM,1,1,0
03/31/2014 01:00:00 AM,0,0,0
03/31/2014 02:00:00 AM,0,0,0
03/31/2014 03:00:00 AM,0,0,0
03/31/2014 04:00:00 AM,0,0,0
03/31/2014 05:00:00 AM,4,0,4
03/31/2014 06:00:00 AM,6,3,3
03/31/2014 07:00:00 AM,17,4,13
03/31/2014 08:00:00 AM,23,2,21
03/31/2014 09:00:00 AM,14,2,12
03/31/2014 10:00:00 AM,12,1,11
03/31/2014 11:00:00 AM,6,0,6
03/31/2014 12:00:00 PM,18,4,14
03/31/2014 01:00:00 PM,12,6,6
03/31/2014 02:00:00 PM,8,7,1
03/31/2014 03:00:00 PM,23,15,8
03/31/2014 04:00:00 PM,10,7,3
03/31/2014 05:00:00 PM,46,36,10
03/31/2014 06:00:00 PM,24,18,6
03/31/2014 07:00:00 PM,12,9,3
03/31/2014 08:00:00 PM,9,9,0
03/31/2014 09:00:00 PM,3,2,1
03/31/2014 10:00:00 PM,4,2,2
03/31/2014 11:00:00 PM,3,0,3
04/01/2014 12:00:00 AM,0,0,0
04/01/2014 01:00:00 AM,0,0,0
04/01/2014 02:00:00 AM,0,0,0
04/01/2014 03:00:00 AM,0,0,0
04/01/2014 04:00:00 AM,0,0,0
04/01/2014 05:00:00 AM,8,2,6
04/01/2014 06:00:00 AM,5,0,5
04/01/2014 07:00:00 AM,17,3,14
04/01/2014 08:00:00 AM,24,5,19
04/01/2014 09:00:00 AM,22,1,21
04/01/2014 10:00:00 AM,11,1,10
04/01/2014 11:00:00 AM,5,3,2
04/01/2014 12:00:00 PM,9,6,3
04/01/2014 01:00:00 PM,23,9,14
04/01/2014 02:00:00 PM,21,8,13
04/01/2014 03:00:00 PM,13,5,8
04/01/2014 04:00:00 PM,21,11,10
04/01/2014 05:00:00 PM,36,27,9
04/01/2014 06:00:00 PM,19,13,6
04/01/2014 07:00:00 PM,21,12,9
04/01/2014 08:00:00 PM,9,6,3
04/01/2014 09:00:00 PM,3,1,2
04/01/2014 10:00:00 PM,2,2,0
04/01/2014 11:00:00 PM,0,0,0
04/02/2014 12:00:00 AM,1,1,0
04/02/2014 01:00:00 AM,0,0,0
04/02/2014 02:00:00 AM,0,0,0
04/02/2014 03:00:00 AM,0,0,0
04/02/2014 04:00:00 AM,0,0,0
04/02/2014 05:00:00 AM,6,0,6
04/02/2014 06:00:00 AM,7,2,5
04/02/2014 07:00:00 AM,18,4,14
04/02/2014 08:00:00 AM,28,4,24
04/02/2014 09:00:00 AM,19,2,17
04/02/2014 10:00:00 AM,10,1,9
04/02/2014 11:00:00 AM,5,1,4
04/02/2014 12:00:00 PM,6,4,2
04/02/2014 01:00:00 PM,13,7,6
04/02/2014 02:00:00 PM,17,7,10
04/02/2014 03:00:00 PM,14,7,7
04/02/2014 04:00:00 PM,13,9,4
04/02/2014 05:00:00 PM,48,36,12
04/02/2014 06:00:00 PM,41,33,8
04/02/2014 07:00:00 PM,7,6,1
04/02/2014 08:00:00 PM,6,4,2
04/02/2014 09:00:00 PM,6,6,0
04/02/2014 10:00:00 PM,2,2,0
04/02/2014 11:00:00 PM,1,1,0
04/03/2014 12:00:00 AM,0,0,0
04/03/2014 01:00:00 AM,1,1,0
04/03/2014 02:00:00 AM,0,0,0
04/03/2014 03:00:00 AM,0,0,0
04/03/2014 04:00:00 AM,0,0,0
04/03/2014 05:00:00 AM,7,1,6
04/03/2014 06:00:00 AM,12,2,10
04/03/2014 07:00:00 AM,14,1,13
04/03/2014 08:00:00 AM,21,2,19
04/03/2014 09:00:00 AM,8,0,8
04/03/2014 10:00:00 AM,9,2,7
04/03/2014 11:00:00 AM,7,2,5
04/03/2014 12:00:00 PM,11,3,8
04/03/2014 01:00:00 PM,7,3,4
04/03/2014 02:00:00 PM,8,1,7
04/03/2014 03:00:00 PM,14,8,6
04/03/2014 04:00:00 PM,14,13,1
04/03/2014 05:00:00 PM,26,20,6
04/03/2014 06:00:00 PM,14,12,2
04/03/2014 07:00:00 PM,23,17,6
04/03/2014 08:00:00 PM,2,2,0
04/03/2014 09:00:00 PM,3,2,1
04/03/2014 10:00:00 PM,5,1,4
04/03/2014 11:00:00 PM,0,0,0
04/04/2014 12:00:00 AM,0,0,0
04/04/2014 01:00:00 AM,1,1,0
04/04/2014 02:00:00 AM,1,1,0
04/04/2014 03:00:00 AM,0,0,0
04/04/2014 04:00:00 AM,0,0,0
04/04/2014 05:00:00 AM,6,1,5
04/04/2014 06:00:00 AM,4,0,4
04/04/2014 07:00:00 AM,15,2,13
04/04/2014 08:00:00 AM,27,3,24
04/04/2014 09:00:00 AM,15,6,9
04/04/2014 10:00:00 AM,8,3,5
04/04/2014 11:00:00 AM,10,4,6
04/04/2014 12:00:00 PM,5,5,0
04/04/2014 01:00:00 PM,14,3,11
04/04/2014 02:00:00 PM,13,4,9
04/04/2014 03:00:00 PM,11,6,5
04/04/2014 04:00:00 PM,19,15,4
04/04/2014 05:00:00 PM,33,30,3
04/04/2014 06:00:00 PM,17,11,6
04/04/2014 07:00:00 PM,16,13,3
04/04/2014 08:00:00 PM,5,2,3
04/04/2014 09:00:00 PM,1,1,0
04/04/2014 10:00:00 PM,3,1,2
04/04/2014 11:00:00 PM,0,0,0
04/05/2014 12:00:00 AM,0,0,0
04/05/2014 01:00:00 AM,0,0,0
04/05/2014 02:00:00 AM,2,0,2
04/05/2014 03:00:00 AM,0,0,0
04/05/2014 04:00:00 AM,0,0,0
04/05/2014 05:00:00 AM,1,0,1
04/05/2014 06:00:00 AM,1,0,1
04/05/2014 07:00:00 AM,4,1,3
04/05/2014 08:00:00 AM,7,1,6
04/05/2014 09:00:00 AM,4,2,2
04/05/2014 10:00:00 AM,14,7,7
04/05/2014 11:00:00 AM,5,3,2
04/05/2014 12:00:00 PM,10,4,6
04/05/2014 01:00:00 PM,6,2,4
04/05/2014 02:00:00 PM,8,2,6
04/05/2014 03:00:00 PM,6,3,3
04/05/2014 04:00:00 PM,6,1,5
04/05/2014 05:00:00 PM,5,3,2
04/05/2014 06:00:00 PM,10,4,6
04/05/2014 07:00:00 PM,2,2,0
04/05/2014 08:00:00 PM,8,4,4
04/05/2014 09:00:00 PM,2,0,2
04/05/2014 10:00:00 PM,0,0,0
04/05/2014 11:00:00 PM,1,1,0
04/06/2014 12:00:00 AM,5,1,4
04/06/2014 01:00:00 AM,0,0,0
04/06/2014 02:00:00 AM,0,0,0
04/06/2014 03:00:00 AM,0,0,0
04/06/2014 04:00:00 AM,0,0,0
04/06/2014 05:00:00 AM,0,0,0
04/06/2014 06:00:00 AM,2,0,2
04/06/2014 07:00:00 AM,1,0,1
04/06/2014 08:00:00 AM,5,2,3
04/06/2014 09:00:00 AM,11,6,5
04/06/2014 10:00:00 AM,6,2,4
04/06/2014 11:00:00 AM,6,5,1
04/06/2014 12:00:00 PM,12,5,7
04/06/2014 01:00:00 PM,10,6,4
04/06/2014 02:00:00 PM,15,8,7
04/06/2014 03:00:00 PM,13,10,3
04/06/2014 04:00:00 PM,17,16,1
04/06/2014 05:00:00 PM,6,4,2
04/06/2014 06:00:00 PM,9,4,5
04/06/2014 07:00:00 PM,4,2,2
04/06/2014 08:00:00 PM,3,0,3
04/06/2014 09:00:00 PM,5,2,3
04/06/2014 10:00:00 PM,2,0,2
04/06/2014 11:00:00 PM,0,0,0
04/07/2014 12:00:00 AM,1,1,0
04/07/2014 01:00:00 AM,2,1,1
04/07/2014 02:00:00 AM,0,0,0
04/07/2014 03:00:00 AM,0,0,0
04/07/2014 04:00:00 AM,0,0,0
04/07/2014 05:00:00 AM,5,1,4
04/07/2014 06:00:00 AM,6,0,6
04/07/2014 07:00:00 AM,20,4,16
04/07/2014 08:00:00 AM,23,1,22
04/07/2014 09:00:00 AM,16,2,14
04/07/2014 10:00:00 AM,13,4,9
04/07/2014 11:00:00 AM,9,5,4
04/07/2014 12:00:00 PM,14,6,8
04/07/2014 01:00:00 PM,18,13,5
04/07/2014 02:00:00 PM,16,8,8
04/07/2014 03:00:00 PM,11,8,3
04/07/2014 04:00:00 PM,15,11,4
04/07/2014 05:00:00 PM,41,32,9
04/07/2014 06:00:00 PM,31,26,5
04/07/2014 07:00:00 PM,22,15,7
04/07/2014 08:00:00 PM,8,5,3
04/07/2014 09:00:00 PM,4,2,2
04/07/2014 10:00:00 PM,4,2,2
04/07/2014 11:00:00 PM,1,1,0
04/08/2014 12:00:00 AM,1,1,0
04/08/2014 01:00:00 AM,2,0,2
04/08/2014 02:00:00 AM,0,0,0
04/08/2014 03:00:00 AM,0,0,0
04/08/2014 04:00:00 AM,0,0,0
04/08/2014 05:00:00 AM,3,0,3
04/08/2014 06:00:00 AM,5,1,4
04/08/2014 07:00:00 AM,17,4,13
04/08/2014 08:00:00 AM,24,6,18
04/08/2014 09:00:00 AM,23,2,21
04/08/2014 10:00:00 AM,18,8,10
04/08/2014 11:00:00 AM,12,3,9
04/08/2014 12:00:00 PM,6,2,4
04/08/2014 01:00:00 PM,13,4,9
04/08/2014 02:00:00 PM,8,2,6
04/08/2014 03:00:00 PM,19,8,11
04/08/2014 04:00:00 PM,16,14,2
04/08/2014 05:00:00 PM,28,21,7
04/08/2014 06:00:00 PM,19,14,5
04/08/2014 07:00:00 PM,12,9,3
04/08/2014 08:00:00 PM,11,4,7
04/08/2014 09:00:00 PM,7,3,4
04/08/2014 10:00:00 PM,1,0,1
04/08/2014 11:00:00 PM,1,1,0
04/09/2014 12:00:00 AM,3,2,1
04/09/2014 01:00:00 AM,1,1,0
04/09/2014 02:00:00 AM,0,0,0
04/09/2014 03:00:00 AM,2,0,2
04/09/2014 04:00:00 AM,0,0,0
04/09/2014 05:00:00 AM,4,0,4
04/09/2014 06:00:00 AM,4,0,4
04/09/2014 07:00:00 AM,15,3,12
04/09/2014 08:00:00 AM,22,2,20
04/09/2014 09:00:00 AM,22,2,20
04/09/2014 10:00:00 AM,9,2,7
04/09/2014 11:00:00 AM,5,1,4
04/09/2014 12:00:00 PM,13,2,11
04/09/2014 01:00:00 PM,15,9,6
04/09/2014 02:00:00 PM,13,6,7
04/09/2014 03:00:00 PM,15,12,3
04/09/2014 04:00:00 PM,16,7,9
04/09/2014 05:00:00 PM,48,33,15
04/09/2014 06:00:00 PM,44,33,11
04/09/2014 07:00:00 PM,17,13,4
04/09/2014 08:00:00 PM,7,7,0
04/09/2014 09:00:00 PM,4,1,3
04/09/2014 10:00:00 PM,4,1,3
04/09/2014 11:00:00 PM,1,1,0
04/10/2014 12:00:00 AM,0,0,0
04/10/2014 01:00:00 AM,1,1,0
04/10/2014 02:00:00 AM,0,0,0
04/10/2014 03:00:00 AM,0,0,0
04/10/2014 04:00:00 AM,0,0,0
04/10/2014 05:00:00 AM,6,0,6
04/10/2014 06:00:00 AM,7,1,6
04/10/2014 07:00:00 AM,21,0,21
04/10/2014 08:00:00 AM,21,4,17
04/10/2014 09:00:00 AM,18,3,15
04/10/2014 10:00:00 AM,12,4,8
04/10/2014 11:00:00 AM,9,4,5
04/10/2014 12:00:00 PM,6,2,4
04/10/2014 01:00:00 PM,8,3,5
04/10/2014 02:00:00 PM,10,6,4
04/10/2014 03:00:00 PM,18,9,9
04/10/2014 04:00:00 PM,32,16,16
04/10/2014 05:00:00 PM,35,29,6
04/10/2014 06:00:00 PM,31,24,7
04/10/2014 07:00:00 PM,17,14,3
04/10/2014 08:00:00 PM,9,7,2
04/10/2014 09:00:00 PM,3,3,0
04/10/2014 10:00:00 PM,3,2,1
04/10/2014 11:00:00 PM,1,1,0
04/11/2014 12:00:00 AM,1,1,0
04/11/2014 01:00:00 AM,0,0,0
04/11/2014 02:00:00 AM,0,0,0
04/11/2014 03:00:00 AM,0,0,0
04/11/2014 04:00:00 AM,0,0,0
04/11/2014 05:00:00 AM,9,3,6
04/11/2014 06:00:00 AM,4,2,2
04/11/2014 07:00:00 AM,15,1,14
04/11/2014 08:00:00 AM,34,5,29
04/11/2014 09:00:00 AM,19,4,15
04/11/2014 10:00:00 AM,7,2,5
04/11/2014 11:00:00 AM,11,4,7
04/11/2014 12:00:00 PM,10,6,4
04/11/2014 01:00:00 PM,15,7,8
04/11/2014 02:00:00 PM,10,7,3
04/11/2014 03:00:00 PM,19,9,10
04/11/2014 04:00:00 PM,21,14,7
04/11/2014 05:00:00 PM,27,26,1
04/11/2014 06:00:00 PM,23,14,9
04/11/2014 07:00:00 PM,34,25,9
04/11/2014 08:00:00 PM,10,10,0
04/11/2014 09:00:00 PM,4,2,2
04/11/2014 10:00:00 PM,4,4,0
04/11/2014 11:00:00 PM,0,0,0
04/12/2014 12:00:00 AM,0,0,0
04/12/2014 01:00:00 AM,0,0,0
04/12/2014 02:00:00 AM,0,0,0
04/12/2014 03:00:00 AM,0,0,0
04/12/2014 04:00:00 AM,0,0,0
04/12/2014 05:00:00 AM,2,0,2
04/12/2014 06:00:00 AM,0,0,0
04/12/2014 07:00:00 AM,3,1,2
04/12/2014 08:00:00 AM,10,3,7
04/12/2014 09:00:00 AM,13,9,4
04/12/2014 10:00:00 AM,10,4,6
04/12/2014 11:00:00 AM,20,11,9
04/12/2014 12:00:00 PM,26,7,19
04/12/2014 01:00:00 PM,12,5,7
04/12/2014 02:00:00 PM,17,8,9
04/12/2014 03:00:00 PM,16,8,8
04/12/2014 04:00:00 PM,14,8,6
04/12/2014 05:00:00 PM,9,6,3
04/12/2014 06:00:00 PM,4,2,2
04/12/2014 07:00:00 PM,8,7,1
04/12/2014 08:00:00 PM,8,2,6
04/12/2014 09:00:00 PM,4,2,2
04/12/2014 10:00:00 PM,6,3,3
04/12/2014 11:00:00 PM,1,1,0
04/13/2014 12:00:00 AM,1,1,0
04/13/2014 01:00:00 AM,0,0,0
04/13/2014 02:00:00 AM,4,2,2
04/13/2014 03:00:00 AM,0,0,0
04/13/2014 04:00:00 AM,0,0,0
04/13/2014 05:00:00 AM,0,0,0
04/13/2014 06:00:00 AM,3,0,3
04/13/2014 07:00:00 AM,4,1,3
04/13/2014 08:00:00 AM,11,0,11
04/13/2014 09:00:00 AM,5,3,2
04/13/2014 10:00:00 AM,7,5,2
04/13/2014 11:00:00 AM,14,10,4
04/13/2014 12:00:00 PM,19,11,8
04/13/2014 01:00:00 PM,26,10,16
04/13/2014 02:00:00 PM,31,16,15
04/13/2014 03:00:00 PM,25,15,10
04/13/2014 04:00:00 PM,34,13,21
04/13/2014 05:00:00 PM,17,13,4
04/13/2014 06:00:00 PM,26,16,10
04/13/2014 07:00:00 PM,9,5,4
04/13/2014 08:00:00 PM,4,3,1
04/13/2014 09:00:00 PM,0,0,0
04/13/2014 10:00:00 PM,3,3,0
04/13/2014 11:00:00 PM,1,1,0
04/14/2014 12:00:00 AM,0,0,0
04/14/2014 01:00:00 AM,1,1,0
04/14/2014 02:00:00 AM,2,0,2
04/14/2014 03:00:00 AM,0,0,0
04/14/2014 04:00:00 AM,0,0,0
04/14/2014 05:00:00 AM,7,1,6
04/14/2014 06:00:00 AM,8,1,7
04/14/2014 07:00:00 AM,19,5,14
04/14/2014 08:00:00 AM,16,0,16
04/14/2014 09:00:00 AM,20,3,17
04/14/2014 10:00:00 AM,14,3,11
04/14/2014 11:00:00 AM,5,2,3
04/14/2014 12:00:00 PM,16,4,12
04/14/2014 01:00:00 PM,18,10,8
04/14/2014 02:00:00 PM,12,3,9
04/14/2014 03:00:00 PM,8,5,3
04/14/2014 04:00:00 PM,27,13,14
04/14/2014 05:00:00 PM,38,33,5
04/14/2014 06:00:00 PM,27,22,5
04/14/2014 07:00:00 PM,11,8,3
04/14/2014 08:00:00 PM,7,7,0
04/14/2014 09:00:00 PM,8,5,3
04/14/2014 10:00:00 PM,1,1,0
04/14/2014 11:00:00 PM,2,1,1
04/15/2014 12:00:00 AM,1,1,0
04/15/2014 01:00:00 AM,3,0,3
04/15/2014 02:00:00 AM,0,0,0
04/15/2014 03:00:00 AM,0,0,0
04/15/2014 04:00:00 AM,1,1,0
04/15/2014 05:00:00 AM,5,0,5
04/15/2014 06:00:00 AM,7,1,6
04/15/2014 07:00:00 AM,14,3,11
04/15/2014 08:00:00 AM,19,2,17
04/15/2014 09:00:00 AM,15,1,14
04/15/2014 10:00:00 AM,8,1,7
04/15/2014 11:00:00 AM,7,1,6
04/15/2014 12:00:00 PM,8,2,6
04/15/2014 01:00:00 PM,12,4,8
04/15/2014 02:00:00 PM,9,5,4
04/15/2014 03:00:00 PM,13,5,8
04/15/2014 04:00:00 PM,20,11,9
04/15/2014 05:00:00 PM,41,33,8
04/15/2014 06:00:00 PM,24,17,7
04/15/2014 07:00:00 PM,11,8,3
04/15/2014 08:00:00 PM,6,4,2
04/15/2014 09:00:00 PM,2,1,1
04/15/2014 10:00:00 PM,1,1,0
04/15/2014 11:00:00 PM,0,0,0
04/16/2014 12:00:00 AM,1,1,0
04/16/2014 01:00:00 AM,0,0,0
04/16/2014 02:00:00 AM,0,0,0
04/16/2014 03:00:00 AM,0,0,0
04/16/2014 04:00:00 AM,0,0,0
04/16/2014 05:00:00 AM,3,0,3
04/16/2014 06:00:00 AM,5,2,3
04/16/2014 07:00:00 AM,13,2,11
04/16/2014 08:00:00 AM,14,0,14
04/16/2014 09:00:00 AM,17,2,15
04/16/2014 10:00:00 AM,7,1,6
04/16/2014 11:00:00 AM,7,3,4
04/16/2014 12:00:00 PM,5,2,3
04/16/2014 01:00:00 PM,8,0,8
04/16/2014 02:00:00 PM,6,5,1
04/16/2014 03:00:00 PM,10,4,6
04/16/2014 04:00:00 PM,12,8,4
04/16/2014 05:00:00 PM,22,14,8
04/16/2014 06:00:00 PM,23,15,8
04/16/2014 07:00:00 PM,14,6,8
04/16/2014 08:00:00 PM,7,4,3
04/16/2014 09:00:00 PM,6,4,2
04/16/2014 10:00:00 PM,1,1,0
04/16/2014 11:00:00 PM,1,1,0
04/17/2014 12:00:00 AM,0,0,0
04/17/2014 01:00:00 AM,1,1,0
04/17/2014 02:00:00 AM,0,0,0
04/17/2014 03:00:00 AM,0,0,0
04/17/2014 04:00:00 AM,0,0,0
04/17/2014 05:00:00 AM,3,0,3
04/17/2014 06:00:00 AM,5,0,5
04/17/2014 07:00:00 AM,14,2,12
04/17/2014 08:00:00 AM,16,2,14
04/17/2014 09:00:00 AM,8,3,5
04/17/2014 10:00:00 AM,9,3,6
04/17/2014 11:00:00 AM,7,0,7
04/17/2014 12:00:00 PM,3,2,1
04/17/2014 01:00:00 PM,1,1,0
04/17/2014 02:00:00 PM,4,2,2
04/17/2014 03:00:00 PM,9,3,6
04/17/2014 04:00:00 PM,15,13,2
04/17/2014 05:00:00 PM,14,13,1
04/17/2014 06:00:00 PM,8,5,3
04/17/2014 07:00:00 PM,7,5,2
04/17/2014 08:00:00 PM,7,7,0
04/17/2014 09:00:00 PM,3,1,2
04/17/2014 10:00:00 PM,0,0,0
04/17/2014 11:00:00 PM,0,0,0
04/18/2014 12:00:00 AM,1,1,0
04/18/2014 01:00:00 AM,0,0,0
04/18/2014 02:00:00 AM,1,1,0
04/18/2014 03:00:00 AM,0,0,0
04/18/2014 04:00:00 AM,0,0,0
04/18/2014 05:00:00 AM,5,1,4
04/18/2014 06:00:00 AM,6,1,5
04/18/2014 07:00:00 AM,11,2,9
04/18/2014 08:00:00 AM,21,0,21
04/18/2014 09:00:00 AM,11,2,9
04/18/2014 10:00:00 AM,9,2,7
04/18/2014 11:00:00 AM,8,4,4
04/18/2014 12:00:00 PM,11,3,8
04/18/2014 01:00:00 PM,12,7,5
04/18/2014 02:00:00 PM,8,3,5
04/18/2014 03:00:00 PM,14,10,4
04/18/2014 04:00:00 PM,11,6,5
04/18/2014 05:00:00 PM,33,27,6
04/18/2014 06:00:00 PM,15,12,3
04/18/2014 07:00:00 PM,26,19,7
04/18/2014 08:00:00 PM,10,7,3
04/18/2014 09:00:00 PM,5,2,3
04/18/2014 10:00:00 PM,2,2,0
04/18/2014 11:00:00 PM,1,1,0
04/19/2014 12:00:00 AM,0,0,0
04/19/2014 01:00:00 AM,0,0,0
04/19/2014 02:00:00 AM,0,0,0
04/19/2014 03:00:00 AM,0,0,0
04/19/2014 04:00:00 AM,0,0,0
04/19/2014 05:00:00 AM,0,0,0
04/19/2014 06:00:00 AM,4,0,4
04/19/2014 07:00:00 AM,3,1,2
04/19/2014 08:00:00 AM,12,4,8
04/19/2014 09:00:00 AM,7,5,2
04/19/2014 10:00:00 AM,18,3,15
04/19/2014 11:00:00 AM,17,10,7
04/19/2014 12:00:00 PM,3,2,1
04/19/2014 01:00:00 PM,4,4,0
04/19/2014 02:00:00 PM,7,0,7
04/19/2014 03:00:00 PM,5,3,2
04/19/2014 04:00:00 PM,13,9,4
04/19/2014 05:00:00 PM,4,0,4
04/19/2014 06:00:00 PM,0,0,0
04/19/2014 07:00:00 PM,4,2,2
04/19/2014 08:00:00 PM,2,2,0
04/19/2014 09:00:00 PM,1,1,0
04/19/2014 10:00:00 PM,1,1,0
04/19/2014 11:00:00 PM,0,0,0
04/20/2014 12:00:00 AM,2,2,0
04/20/2014 01:00:00 AM,2,0,2
04/20/2014 02:00:00 AM,0,0,0
04/20/2014 03:00:00 AM,0,0,0
04/20/2014 04:00:00 AM,0,0,0
04/20/2014 05:00:00 AM,0,0,0
04/20/2014 06:00:00 AM,4,1,3
04/20/2014 07:00:00 AM,3,0,3
04/20/2014 08:00:00 AM,5,2,3
04/20/2014 09:00:00 AM,10,7,3
04/20/2014 10:00:00 AM,6,4,2
04/20/2014 11:00:00 AM,11,4,7
04/20/2014 12:00:00 PM,22,12,10
04/20/2014 01:00:00 PM,12,6,6
04/20/2014 02:00:00 PM,20,9,11
04/20/2014 03:00:00 PM,12,5,7
04/20/2014 04:00:00 PM,14,9,5
04/20/2014 05:00:00 PM,9,8,1
04/20/2014 06:00:00 PM,3,1,2
04/20/2014 07:00:00 PM,1,1,0
04/20/2014 08:00:00 PM,4,4,0
04/20/2014 09:00:00 PM,3,3,0
04/20/2014 10:00:00 PM,0,0,0
04/20/2014 11:00:00 PM,0,0,0
04/21/2014 12:00:00 AM,3,1,2
04/21/2014 01:00:00 AM,0,0,0
04/21/2014 02:00:00 AM,0,0,0
04/21/2014 03:00:00 AM,0,0,0
04/21/2014 04:00:00 AM,0,0,0
04/21/2014 05:00:00 AM,8,0,8
04/21/2014 06:00:00 AM,8,2,6
04/21/2014 07:00:00 AM,17,5,12
04/21/2014 08:00:00 AM,30,3,27
04/21/2014 09:00:00 AM,29,0,29
04/21/2014 10:00:00 AM,13,6,7
04/21/2014 11:00:00 AM,14,7,7
04/21/2014 12:00:00 PM,14,7,7
04/21/2014 01:00:00 PM,16,5,11
04/21/2014 02:00:00 PM,14,7,7
04/21/2014 03:00:00 PM,14,6,8
04/21/2014 04:00:00 PM,16,11,5
04/21/2014 05:00:00 PM,42,34,8
04/21/2014 06:00:00 PM,35,24,11
04/21/2014 07:00:00 PM,30,17,13
04/21/2014 08:00:00 PM,11,5,6
04/21/2014 09:00:00 PM,6,6,0
04/21/2014 10:00:00 PM,0,0,0
04/21/2014 11:00:00 PM,1,1,0
04/22/2014 12:00:00 AM,4,1,3
04/22/2014 01:00:00 AM,0,0,0
04/22/2014 02:00:00 AM,0,0,0
04/22/2014 03:00:00 AM,0,0,0
04/22/2014 04:00:00 AM,0,0,0
04/22/2014 05:00:00 AM,4,1,3
04/22/2014 06:00:00 AM,7,3,4
04/22/2014 07:00:00 AM,13,2,11
04/22/2014 08:00:00 AM,14,2,12
04/22/2014 09:00:00 AM,8,2,6
04/22/2014 10:00:00 AM,21,6,15
04/22/2014 11:00:00 AM,15,1,14
04/22/2014 12:00:00 PM,10,3,7
04/22/2014 01:00:00 PM,19,9,10
04/22/2014 02:00:00 PM,10,4,6
04/22/2014 03:00:00 PM,14,8,6
04/22/2014 04:00:00 PM,15,6,9
04/22/2014 05:00:00 PM,33,28,5
04/22/2014 06:00:00 PM,24,19,5
04/22/2014 07:00:00 PM,16,10,6
04/22/2014 08:00:00 PM,5,3,2
04/22/2014 09:00:00 PM,4,2,2
04/22/2014 10:00:00 PM,1,1,0
04/22/2014 11:00:00 PM,1,1,0
04/23/2014 12:00:00 AM,1,1,0
04/23/2014 01:00:00 AM,0,0,0
04/23/2014 02:00:00 AM,0,0,0
04/23/2014 03:00:00 AM,0,0,0
04/23/2014 04:00:00 AM,0,0,0
04/23/2014 05:00:00 AM,4,0,4
04/23/2014 06:00:00 AM,7,2,5
04/23/2014 07:00:00 AM,15,3,12
04/23/2014 08:00:00 AM,20,1,19
04/23/2014 09:00:00 AM,25,2,23
04/23/2014 10:00:00 AM,8,1,7
04/23/2014 11:00:00 AM,3,1,2
04/23/2014 12:00:00 PM,12,7,5
04/23/2014 01:00:00 PM,11,2,9
04/23/2014 02:00:00 PM,13,7,6
04/23/2014 03:00:00 PM,15,6,9
04/23/2014 04:00:00 PM,11,7,4
04/23/2014 05:00:00 PM,34,28,6
04/23/2014 06:00:00 PM,28,20,8
04/23/2014 07:00:00 PM,9,8,1
04/23/2014 08:00:00 PM,6,5,1
04/23/2014 09:00:00 PM,4,2,2
04/23/2014 10:00:00 PM,2,2,0
04/23/2014 11:00:00 PM,0,0,0
04/24/2014 12:00:00 AM,1,1,0
04/24/2014 01:00:00 AM,0,0,0
04/24/2014 02:00:00 AM,0,0,0
04/24/2014 03:00:00 AM,0,0,0
04/24/2014 04:00:00 AM,0,0,0
04/24/2014 05:00:00 AM,6,1,5
04/24/2014 06:00:00 AM,9,4,5
04/24/2014 07:00:00 AM,10,1,9
04/24/2014 08:00:00 AM,25,2,23
04/24/2014 09:00:00 AM,13,2,11
04/24/2014 10:00:00 AM,16,8,8
04/24/2014 11:00:00 AM,12,4,8
04/24/2014 12:00:00 PM,5,4,1
04/24/2014 01:00:00 PM,8,4,4
04/24/2014 02:00:00 PM,6,1,5
04/24/2014 03:00:00 PM,10,7,3
04/24/2014 04:00:00 PM,16,8,8
04/24/2014 05:00:00 PM,27,22,5
04/24/2014 06:00:00 PM,21,14,7
04/24/2014 07:00:00 PM,15,11,4
04/24/2014 08:00:00 PM,7,3,4
04/24/2014 09:00:00 PM,7,4,3
04/24/2014 10:00:00 PM,3,3,0
04/24/2014 11:00:00 PM,2,2,0
04/25/2014 12:00:00 AM,3,1,2
04/25/2014 01:00:00 AM,0,0,0
04/25/2014 02:00:00 AM,0,0,0
04/25/2014 03:00:00 AM,0,0,0
04/25/2014 04:00:00 AM,0,0,0
04/25/2014 05:00:00 AM,7,1,6
04/25/2014 06:00:00 AM,6,0,6
04/25/2014 07:00:00 AM,12,2,10
04/25/2014 08:00:00 AM,27,3,24
04/25/2014 09:00:00 AM,21,3,18
04/25/2014 10:00:00 AM,17,3,14
04/25/2014 11:00:00 AM,19,11,8
04/25/2014 12:00:00 PM,17,6,11
04/25/2014 01:00:00 PM,7,4,3
04/25/2014 02:00:00 PM,17,11,6
04/25/2014 03:00:00 PM,8,6,2
04/25/2014 04:00:00 PM,14,11,3
04/25/2014 05:00:00 PM,34,31,3
04/25/2014 06:00:00 PM,33,26,7
04/25/2014 07:00:00 PM,13,13,0
04/25/2014 08:00:00 PM,12,4,8
04/25/2014 09:00:00 PM,3,1,2
04/25/2014 10:00:00 PM,0,0,0
04/25/2014 11:00:00 PM,0,0,0
04/26/2014 12:00:00 AM,3,0,3
04/26/2014 01:00:00 AM,0,0,0
04/26/2014 02:00:00 AM,1,1,0
04/26/2014 03:00:00 AM,2,0,2
04/26/2014 04:00:00 AM,0,0,0
04/26/2014 05:00:00 AM,4,1,3
04/26/2014 06:00:00 AM,1,0,1
04/26/2014 07:00:00 AM,9,2,7
04/26/2014 08:00:00 AM,5,2,3
04/26/2014 09:00:00 AM,7,4,3
04/26/2014 10:00:00 AM,14,5,9
04/26/2014 11:00:00 AM,3,0,3
04/26/2014 12:00:00 PM,18,7,11
04/26/2014 01:00:00 PM,10,9,1
04/26/2014 02:00:00 PM,12,7,5
04/26/2014 03:00:00 PM,21,8,13
04/26/2014 04:00:00 PM,12,5,7
04/26/2014 05:00:00 PM,14,8,6
04/26/2014 06:00:00 PM,15,11,4
04/26/2014 07:00:00 PM,5,2,3
04/26/2014 08:00:00 PM,5,2,3
04/26/2014 09:00:00 PM,2,2,0
04/26/2014 10:00:00 PM,1,0,1
04/26/2014 11:00:00 PM,4,1,3
04/27/2014 12:00:00 AM,3,1,2
04/27/2014 01:00:00 AM,0,0,0
04/27/2014 02:00:00 AM,0,0,0
04/27/2014 03:00:00 AM,0,0,0
04/27/2014 04:00:00 AM,0,0,0
04/27/2014 05:00:00 AM,0,0,0
04/27/2014 06:00:00 AM,2,0,2
04/27/2014 07:00:00 AM,4,2,2
04/27/2014 08:00:00 AM,4,1,3
04/27/2014 09:00:00 AM,4,1,3
04/27/2014 10:00:00 AM,5,3,2
04/27/2014 11:00:00 AM,12,3,9
04/27/2014 12:00:00 PM,16,11,5
04/27/2014 01:00:00 PM,11,4,7
04/27/2014 02:00:00 PM,22,12,10
04/27/2014 03:00:00 PM,5,0,5
04/27/2014 04:00:00 PM,13,5,8
04/27/2014 05:00:00 PM,16,5,11
04/27/2014 06:00:00 PM,9,7,2
04/27/2014 07:00:00 PM,8,2,6
04/27/2014 08:00:00 PM,3,3,0
04/27/2014 09:00:00 PM,2,1,1
04/27/2014 10:00:00 PM,1,1,0
04/27/2014 11:00:00 PM,0,0,0
04/28/2014 12:00:00 AM,1,1,0
04/28/2014 01:00:00 AM,0,0,0
04/28/2014 02:00:00 AM,0,0,0
04/28/2014 03:00:00 AM,0,0,0
04/28/2014 04:00:00 AM,0,0,0
04/28/2014 05:00:00 AM,7,1,6
04/28/2014 06:00:00 AM,14,2,12
04/28/2014 07:00:00 AM,15,2,13
04/28/2014 08:00:00 AM,23,0,23
04/28/2014 09:00:00 AM,12,1,11
04/28/2014 10:00:00 AM,6,0,6
04/28/2014 11:00:00 AM,17,5,12
04/28/2014 12:00:00 PM,11,5,6
04/28/2014 01:00:00 PM,6,1,5
04/28/2014 02:00:00 PM,10,1,9
04/28/2014 03:00:00 PM,16,9,7
04/28/2014 04:00:00 PM,13,9,4
04/28/2014 05:00:00 PM,45,33,12
04/28/2014 06:00:00 PM,28,22,6
04/28/2014 07:00:00 PM,27,19,8
04/28/2014 08:00:00 PM,15,10,5
04/28/2014 09:00:00 PM,5,4,1
04/28/2014 10:00:00 PM,2,2,0
04/28/2014 11:00:00 PM,0,0,0
04/29/2014 12:00:00 AM,1,1,0
04/29/2014 01:00:00 AM,0,0,0
04/29/2014 02:00:00 AM,0,0,0
04/29/2014 03:00:00 AM,0,0,0
04/29/2014 04:00:00 AM,0,0,0
04/29/2014 05:00:00 AM,9,0,9
04/29/2014 06:00:00 AM,12,1,11
04/29/2014 07:00:00 AM,27,4,23
04/29/2014 08:00:00 AM,30,0,30
04/29/2014 09:00:00 AM,24,7,17
04/29/2014 10:00:00 AM,9,1,8
04/29/2014 11:00:00 AM,14,3,11
04/29/2014 12:00:00 PM,10,2,8
04/29/2014 01:00:00 PM,15,4,11
04/29/2014 02:00:00 PM,8,4,4
04/29/2014 03:00:00 PM,17,11,6
04/29/2014 04:00:00 PM,21,14,7
04/29/2014 05:00:00 PM,60,49,11
04/29/2014 06:00:00 PM,39,27,12
04/29/2014 07:00:00 PM,31,17,14
04/29/2014 08:00:00 PM,9,8,1
04/29/2014 09:00:00 PM,9,5,4
04/29/2014 10:00:00 PM,1,1,0
04/29/2014 11:00:00 PM,0,0,0
04/30/2014 12:00:00 AM,0,0,0
04/30/2014 01:00:00 AM,4,2,2
04/30/2014 02:00:00 AM,0,0,0
04/30/2014 03:00:00 AM,0,0,0
04/30/2014 04:00:00 AM,0,0,0
04/30/2014 05:00:00 AM,5,0,5
04/30/2014 06:00:00 AM,9,1,8
04/30/2014 07:00:00 AM,17,2,15
04/30/2014 08:00:00 AM,31,1,30
04/30/2014 09:00:00 AM,19,2,17
04/30/2014 10:00:00 AM,13,4,9
04/30/2014 11:00:00 AM,8,1,7
04/30/2014 12:00:00 PM,9,5,4
04/30/2014 01:00:00 PM,13,8,5
04/30/2014 02:00:00 PM,9,7,2
04/30/2014 03:00:00 PM,13,3,10
04/30/2014 04:00:00 PM,21,15,6
04/30/2014 05:00:00 PM,57,46,11
04/30/2014 06:00:00 PM,38,25,13
04/30/2014 07:00:00 PM,26,19,7
04/30/2014 08:00:00 PM,17,12,5
04/30/2014 09:00:00 PM,12,10,2
04/30/2014 10:00:00 PM,4,2,2
04/30/2014 11:00:00 PM,1,1,0
05/01/2014 12:00:00 AM,4,1,3
05/01/2014 01:00:00 AM,0,0,0
05/01/2014 02:00:00 AM,0,0,0
05/01/2014 03:00:00 AM,0,0,0
05/01/2014 04:00:00 AM,0,0,0
05/01/2014 05:00:00 AM,5,2,3
05/01/2014 06:00:00 AM,14,2,12
05/01/2014 07:00:00 AM,25,1,24
05/01/2014 08:00:00 AM,36,2,34
05/01/2014 09:00:00 AM,14,5,9
05/01/2014 10:00:00 AM,14,1,13
05/01/2014 11:00:00 AM,14,8,6
05/01/2014 12:00:00 PM,10,5,5
05/01/2014 01:00:00 PM,19,11,8
05/01/2014 02:00:00 PM,16,8,8
05/01/2014 03:00:00 PM,16,10,6
05/01/2014 04:00:00 PM,28,23,5
05/01/2014 05:00:00 PM,42,32,10
05/01/2014 06:00:00 PM,45,31,14
05/01/2014 07:00:00 PM,25,19,6
05/01/2014 08:00:00 PM,15,12,3
05/01/2014 09:00:00 PM,6,3,3
05/01/2014 10:00:00 PM,5,2,3
05/01/2014 11:00:00 PM,3,3,0
05/02/2014 12:00:00 AM,0,0,0
05/02/2014 01:00:00 AM,0,0,0
05/02/2014 02:00:00 AM,0,0,0
05/02/2014 03:00:00 AM,0,0,0
05/02/2014 04:00:00 AM,0,0,0
05/02/2014 05:00:00 AM,5,1,4
05/02/2014 06:00:00 AM,12,3,9
05/02/2014 07:00:00 AM,20,2,18
05/02/2014 08:00:00 AM,36,3,33
05/02/2014 09:00:00 AM,28,0,28
05/02/2014 10:00:00 AM,7,2,5
05/02/2014 11:00:00 AM,14,7,7
05/02/2014 12:00:00 PM,8,4,4
05/02/2014 01:00:00 PM,11,4,7
05/02/2014 02:00:00 PM,16,7,9
05/02/2014 03:00:00 PM,17,13,4
05/02/2014 04:00:00 PM,24,18,6
05/02/2014 05:00:00 PM,56,44,12
05/02/2014 06:00:00 PM,28,19,9
05/02/2014 07:00:00 PM,14,12,2
05/02/2014 08:00:00 PM,9,5,4
05/02/2014 09:00:00 PM,3,3,0
05/02/2014 10:00:00 PM,4,3,1
05/02/2014 11:00:00 PM,0,0,0
05/03/2014 12:00:00 AM,5,0,5
05/03/2014 01:00:00 AM,1,1,0
05/03/2014 02:00:00 AM,0,0,0
05/03/2014 03:00:00 AM,0,0,0
05/03/2014 04:00:00 AM,0,0,0
05/03/2014 05:00:00 AM,0,0,0
05/03/2014 06:00:00 AM,3,0,3
05/03/2014 07:00:00 AM,7,2,5
05/03/2014 08:00:00 AM,8,1,7
05/03/2014 09:00:00 AM,25,7,18
05/03/2014 10:00:00 AM,21,9,12
05/03/2014 11:00:00 AM,21,6,15
05/03/2014 12:00:00 PM,17,7,10
05/03/2014 01:00:00 PM,12,3,9
05/03/2014 02:00:00 PM,10,9,1
05/03/2014 03:00:00 PM,4,1,3
05/03/2014 04:00:00 PM,6,4,2
05/03/2014 05:00:00 PM,4,1,3
05/03/2014 06:00:00 PM,16,5,11
05/03/2014 07:00:00 PM,8,3,5
05/03/2014 08:00:00 PM,2,0,2
05/03/2014 09:00:00 PM,0,0,0
05/03/2014 10:00:00 PM,2,0,2
05/03/2014 11:00:00 PM,2,0,2
05/04/2014 12:00:00 AM,3,1,2
05/04/2014 01:00:00 AM,0,0,0
05/04/2014 02:00:00 AM,0,0,0
05/04/2014 03:00:00 AM,0,0,0
05/04/2014 04:00:00 AM,0,0,0
05/04/2014 05:00:00 AM,0,0,0
05/04/2014 06:00:00 AM,3,1,2
05/04/2014 07:00:00 AM,0,0,0
05/04/2014 08:00:00 AM,1,0,1
05/04/2014 09:00:00 AM,5,2,3
05/04/2014 10:00:00 AM,3,2,1
05/04/2014 11:00:00 AM,2,1,1
05/04/2014 12:00:00 PM,5,1,4
05/04/2014 01:00:00 PM,13,5,8
05/04/2014 02:00:00 PM,2,2,0
05/04/2014 03:00:00 PM,5,1,4
05/04/2014 04:00:00 PM,6,2,4
05/04/2014 05:00:00 PM,7,3,4
05/04/2014 06:00:00 PM,4,2,2
05/04/2014 07:00:00 PM,2,2,0
05/04/2014 08:00:00 PM,2,0,2
05/04/2014 09:00:00 PM,5,2,3
05/04/2014 10:00:00 PM,1,1,0
05/04/2014 11:00:00 PM,3,0,3
05/05/2014 12:00:00 AM,1,1,0
05/05/2014 01:00:00 AM,0,0,0
05/05/2014 02:00:00 AM,0,0,0
05/05/2014 03:00:00 AM,0,0,0
05/05/2014 04:00:00 AM,0,0,0
05/05/2014 05:00:00 AM,5,1,4
05/05/2014 06:00:00 AM,8,2,6
05/05/2014 07:00:00 AM,20,2,18
05/05/2014 08:00:00 AM,24,2,22
05/05/2014 09:00:00 AM,17,1,16
05/05/2014 10:00:00 AM,6,0,6
05/05/2014 11:00:00 AM,4,3,1
05/05/2014 12:00:00 PM,10,4,6
05/05/2014 01:00:00 PM,15,3,12
05/05/2014 02:00:00 PM,10,4,6
05/05/2014 03:00:00 PM,11,4,7
05/05/2014 04:00:00 PM,14,11,3
05/05/2014 05:00:00 PM,50,39,11
05/05/2014 06:00:00 PM,32,24,8
05/05/2014 07:00:00 PM,21,9,12
05/05/2014 08:00:00 PM,6,5,1
05/05/2014 09:00:00 PM,5,5,0
05/05/2014 10:00:00 PM,3,3,0
05/05/2014 11:00:00 PM,1,1,0
05/06/2014 12:00:00 AM,1,1,0
05/06/2014 01:00:00 AM,0,0,0
05/06/2014 02:00:00 AM,0,0,0
05/06/2014 03:00:00 AM,0,0,0
05/06/2014 04:00:00 AM,0,0,0
05/06/2014 05:00:00 AM,8,1,7
05/06/2014 06:00:00 AM,11,1,10
05/06/2014 07:00:00 AM,28,5,23
05/06/2014 08:00:00 AM,25,1,24
05/06/2014 09:00:00 AM,22,0,22
05/06/2014 10:00:00 AM,14,4,10
05/06/2014 11:00:00 AM,9,4,5
05/06/2014 12:00:00 PM,9,4,5
05/06/2014 01:00:00 PM,12,4,8
05/06/2014 02:00:00 PM,7,3,4
05/06/2014 03:00:00 PM,18,7,11
05/06/2014 04:00:00 PM,22,10,12
05/06/2014 05:00:00 PM,52,42,10
05/06/2014 06:00:00 PM,30,27,3
05/06/2014 07:00:00 PM,19,12,7
05/06/2014 08:00:00 PM,14,6,8
05/06/2014 09:00:00 PM,5,4,1
05/06/2014 10:00:00 PM,6,3,3
05/06/2014 11:00:00 PM,2,0,2
05/07/2014 12:00:00 AM,2,2,0
05/07/2014 01:00:00 AM,0,0,0
05/07/2014 02:00:00 AM,0,0,0
05/07/2014 03:00:00 AM,0,0,0
05/07/2014 04:00:00 AM,0,0,0
05/07/2014 05:00:00 AM,6,0,6
05/07/2014 06:00:00 AM,16,3,13
05/07/2014 07:00:00 AM,29,4,25
05/07/2014 08:00:00 AM,44,5,39
05/07/2014 09:00:00 AM,16,2,14
05/07/2014 10:00:00 AM,17,6,11
05/07/2014 11:00:00 AM,20,9,11
05/07/2014 12:00:00 PM,19,10,9
05/07/2014 01:00:00 PM,14,10,4
05/07/2014 02:00:00 PM,14,6,8
05/07/2014 03:00:00 PM,22,9,13
05/07/2014 04:00:00 PM,17,9,8
05/07/2014 05:00:00 PM,68,55,13
05/07/2014 06:00:00 PM,31,20,11
05/07/2014 07:00:00 PM,26,21,5
05/07/2014 08:00:00 PM,15,12,3
05/07/2014 09:00:00 PM,15,14,1
05/07/2014 10:00:00 PM,10,7,3
05/07/2014 11:00:00 PM,2,2,0
05/08/2014 12:00:00 AM,1,1,0
05/08/2014 01:00:00 AM,2,0,2
05/08/2014 02:00:00 AM,2,0,2
05/08/2014 03:00:00 AM,0,0,0
05/08/2014 04:00:00 AM,2,2,0
05/08/2014 05:00:00 AM,5,0,5
05/08/2014 06:00:00 AM,9,1,8
05/08/2014 07:00:00 AM,27,10,17
05/08/2014 08:00:00 AM,32,3,29
05/08/2014 09:00:00 AM,14,3,11
05/08/2014 10:00:00 AM,12,3,9
05/08/2014 11:00:00 AM,6,1,5
05/08/2014 12:00:00 PM,6,3,3
05/08/2014 01:00:00 PM,2,0,2
05/08/2014 02:00:00 PM,8,5,3
05/08/2014 03:00:00 PM,18,6,12
05/08/2014 04:00:00 PM,11,4,7
05/08/2014 05:00:00 PM,39,35,4
05/08/2014 06:00:00 PM,28,23,5
05/08/2014 07:00:00 PM,7,5,2
05/08/2014 08:00:00 PM,14,8,6
05/08/2014 09:00:00 PM,2,2,0
05/08/2014 10:00:00 PM,1,1,0
05/08/2014 11:00:00 PM,4,2,2
05/09/2014 12:00:00 AM,1,1,0
05/09/2014 01:00:00 AM,0,0,0
05/09/2014 02:00:00 AM,0,0,0
05/09/2014 03:00:00 AM,0,0,0
05/09/2014 04:00:00 AM,0,0,0
05/09/2014 05:00:00 AM,5,1,4
05/09/2014 06:00:00 AM,9,1,8
05/09/2014 07:00:00 AM,13,1,12
05/09/2014 08:00:00 AM,20,1,19
05/09/2014 09:00:00 AM,15,1,14
05/09/2014 10:00:00 AM,10,0,10
05/09/2014 11:00:00 AM,10,2,8
05/09/2014 12:00:00 PM,16,5,11
05/09/2014 01:00:00 PM,13,10,3
05/09/2014 02:00:00 PM,10,2,8
05/09/2014 03:00:00 PM,13,8,5
05/09/2014 04:00:00 PM,17,13,4
05/09/2014 05:00:00 PM,27,21,6
05/09/2014 06:00:00 PM,18,15,3
05/09/2014 07:00:00 PM,10,4,6
05/09/2014 08:00:00 PM,6,4,2
05/09/2014 09:00:00 PM,0,0,0
05/09/2014 10:00:00 PM,5,3,2
05/09/2014 11:00:00 PM,2,0,2
05/10/2014 12:00:00 AM,2,0,2
05/10/2014 01:00:00 AM,0,0,0
05/10/2014 02:00:00 AM,0,0,0
05/10/2014 03:00:00 AM,1,1,0
05/10/2014 04:00:00 AM,0,0,0
05/10/2014 05:00:00 AM,0,0,0
05/10/2014 06:00:00 AM,6,0,6
05/10/2014 07:00:00 AM,2,0,2
05/10/2014 08:00:00 AM,7,1,6
05/10/2014 09:00:00 AM,8,3,5
05/10/2014 10:00:00 AM,23,10,13
05/10/2014 11:00:00 AM,11,3,8
05/10/2014 12:00:00 PM,7,2,5
05/10/2014 01:00:00 PM,16,10,6
05/10/2014 02:00:00 PM,17,6,11
05/10/2014 03:00:00 PM,11,6,5
05/10/2014 04:00:00 PM,11,8,3
05/10/2014 05:00:00 PM,10,4,6
05/10/2014 06:00:00 PM,9,5,4
05/10/2014 07:00:00 PM,7,5,2
05/10/2014 08:00:00 PM,6,3,3
05/10/2014 09:00:00 PM,2,0,2
05/10/2014 10:00:00 PM,8,3,5
05/10/2014 11:00:00 PM,10,1,9
05/11/2014 12:00:00 AM,0,0,0
05/11/2014 01:00:00 AM,0,0,0
05/11/2014 02:00:00 AM,0,0,0
05/11/2014 03:00:00 AM,0,0,0
05/11/2014 04:00:00 AM,0,0,0
05/11/2014 05:00:00 AM,0,0,0
05/11/2014 06:00:00 AM,6,0,6
05/11/2014 07:00:00 AM,7,2,5
05/11/2014 08:00:00 AM,8,2,6
05/11/2014 09:00:00 AM,8,2,6
05/11/2014 10:00:00 AM,22,2,20
05/11/2014 11:00:00 AM,20,5,15
05/11/2014 12:00:00 PM,21,14,7
05/11/2014 01:00:00 PM,24,11,13
05/11/2014 02:00:00 PM,24,17,7
05/11/2014 03:00:00 PM,24,7,17
05/11/2014 04:00:00 PM,28,16,12
05/11/2014 05:00:00 PM,20,9,11
05/11/2014 06:00:00 PM,14,8,6
05/11/2014 07:00:00 PM,13,12,1
05/11/2014 08:00:00 PM,1,1,0
05/11/2014 09:00:00 PM,4,1,3
05/11/2014 10:00:00 PM,5,2,3
05/11/2014 11:00:00 PM,1,1,0
05/12/2014 12:00:00 AM,1,1,0
05/12/2014 01:00:00 AM,0,0,0
05/12/2014 02:00:00 AM,0,0,0
05/12/2014 03:00:00 AM,0,0,0
05/12/2014 04:00:00 AM,0,0,0
05/12/2014 05:00:00 AM,8,1,7
05/12/2014 06:00:00 AM,12,6,6
05/12/2014 07:00:00 AM,27,4,23
05/12/2014 08:00:00 AM,43,4,39
05/12/2014 09:00:00 AM,19,0,19
05/12/2014 10:00:00 AM,16,2,14
05/12/2014 11:00:00 AM,2,1,1
05/12/2014 12:00:00 PM,13,7,6
05/12/2014 01:00:00 PM,14,7,7
05/12/2014 02:00:00 PM,12,7,5
05/12/2014 03:00:00 PM,9,5,4
05/12/2014 04:00:00 PM,22,15,7
05/12/2014 05:00:00 PM,57,45,12
05/12/2014 06:00:00 PM,39,30,9
05/12/2014 07:00:00 PM,21,17,4
05/12/2014 08:00:00 PM,14,8,6
05/12/2014 09:00:00 PM,4,4,0
05/12/2014 10:00:00 PM,9,7,2
05/12/2014 11:00:00 PM,4,2,2
05/13/2014 12:00:00 AM,5,1,4
05/13/2014 01:00:00 AM,0,0,0
05/13/2014 02:00:00 AM,0,0,0
05/13/2014 03:00:00 AM,0,0,0
05/13/2014 04:00:00 AM,0,0,0
05/13/2014 05:00:00 AM,8,1,7
05/13/2014 06:00:00 AM,8,2,6
05/13/2014 07:00:00 AM,40,3,37
05/13/2014 08:00:00 AM,26,0,26
05/13/2014 09:00:00 AM,25,4,21
05/13/2014 10:00:00 AM,15,5,10
05/13/2014 11:00:00 AM,12,6,6
05/13/2014 12:00:00 PM,4,3,1
05/13/2014 01:00:00 PM,19,10,9
05/13/2014 02:00:00 PM,10,4,6
05/13/2014 03:00:00 PM,17,10,7
05/13/2014 04:00:00 PM,28,16,12
05/13/2014 05:00:00 PM,52,36,16
05/13/2014 06:00:00 PM,35,31,4
05/13/2014 07:00:00 PM,19,16,3
05/13/2014 08:00:00 PM,25,16,9
05/13/2014 09:00:00 PM,4,4,0
05/13/2014 10:00:00 PM,6,3,3
05/13/2014 11:00:00 PM,2,2,0
05/14/2014 12:00:00 AM,3,3,0
05/14/2014 01:00:00 AM,0,0,0
05/14/2014 02:00:00 AM,0,0,0
05/14/2014 03:00:00 AM,0,0,0
05/14/2014 04:00:00 AM,0,0,0
05/14/2014 05:00:00 AM,7,1,6
05/14/2014 06:00:00 AM,16,3,13
05/14/2014 07:00:00 AM,23,3,20
05/14/2014 08:00:00 AM,33,1,32
05/14/2014 09:00:00 AM,26,7,19
05/14/2014 10:00:00 AM,13,3,10
05/14/2014 11:00:00 AM,4,0,4
05/14/2014 12:00:00 PM,10,5,5
05/14/2014 01:00:00 PM,17,7,10
05/14/2014 02:00:00 PM,10,3,7
05/14/2014 03:00:00 PM,20,5,15
05/14/2014 04:00:00 PM,20,14,6
05/14/2014 05:00:00 PM,57,49,8
05/14/2014 06:00:00 PM,31,29,2
05/14/2014 07:00:00 PM,20,12,8
05/14/2014 08:00:00 PM,19,13,6
05/14/2014 09:00:00 PM,9,7,2
05/14/2014 10:00:00 PM,6,3,3
05/14/2014 11:00:00 PM,4,0,4
05/15/2014 12:00:00 AM,4,4,0
05/15/2014 01:00:00 AM,0,0,0
05/15/2014 02:00:00 AM,0,0,0
05/15/2014 03:00:00 AM,0,0,0
05/15/2014 04:00:00 AM,0,0,0
05/15/2014 05:00:00 AM,5,0,5
05/15/2014 06:00:00 AM,11,0,11
05/15/2014 07:00:00 AM,30,4,26
05/15/2014 08:00:00 AM,27,5,22
05/15/2014 09:00:00 AM,23,1,22
05/15/2014 10:00:00 AM,12,6,6
05/15/2014 11:00:00 AM,17,6,11
05/15/2014 12:00:00 PM,4,0,4
05/15/2014 01:00:00 PM,9,6,3
05/15/2014 02:00:00 PM,13,7,6
05/15/2014 03:00:00 PM,10,7,3
05/15/2014 04:00:00 PM,19,17,2
05/15/2014 05:00:00 PM,51,41,10
05/15/2014 06:00:00 PM,30,23,7
05/15/2014 07:00:00 PM,13,11,2
05/15/2014 08:00:00 PM,13,7,6
05/15/2014 09:00:00 PM,12,7,5
05/15/2014 10:00:00 PM,6,2,4
05/15/2014 11:00:00 PM,5,3,2
05/16/2014 12:00:00 AM,5,2,3
05/16/2014 01:00:00 AM,1,1,0
05/16/2014 02:00:00 AM,0,0,0
05/16/2014 03:00:00 AM,0,0,0
05/16/2014 04:00:00 AM,0,0,0
05/16/2014 05:00:00 AM,8,1,7
05/16/2014 06:00:00 AM,20,4,16
05/16/2014 07:00:00 AM,35,10,25
05/16/2014 08:00:00 AM,36,2,34
05/16/2014 09:00:00 AM,20,2,18
05/16/2014 10:00:00 AM,9,0,9
05/16/2014 11:00:00 AM,7,0,7
05/16/2014 12:00:00 PM,7,4,3
05/16/2014 01:00:00 PM,10,4,6
05/16/2014 02:00:00 PM,9,6,3
05/16/2014 03:00:00 PM,16,5,11
05/16/2014 04:00:00 PM,22,16,6
05/16/2014 05:00:00 PM,61,51,10
05/16/2014 06:00:00 PM,40,25,15
05/16/2014 07:00:00 PM,9,8,1
05/16/2014 08:00:00 PM,10,5,5
05/16/2014 09:00:00 PM,6,4,2
05/16/2014 10:00:00 PM,2,2,0
05/16/2014 11:00:00 PM,2,0,2
05/17/2014 12:00:00 AM,1,1,0
05/17/2014 01:00:00 AM,4,1,3
05/17/2014 02:00:00 AM,0,0,0
05/17/2014 03:00:00 AM,0,0,0
05/17/2014 04:00:00 AM,0,0,0
05/17/2014 05:00:00 AM,1,0,1
05/17/2014 06:00:00 AM,3,0,3
05/17/2014 07:00:00 AM,9,2,7
05/17/2014 08:00:00 AM,8,2,6
05/17/2014 09:00:00 AM,9,3,6
05/17/2014 10:00:00 AM,13,8,5
05/17/2014 11:00:00 AM,16,10,6
05/17/2014 12:00:00 PM,17,14,3
05/17/2014 01:00:00 PM,12,5,7
05/17/2014 02:00:00 PM,14,2,12
05/17/2014 03:00:00 PM,17,8,9
05/17/2014 04:00:00 PM,11,7,4
05/17/2014 05:00:00 PM,11,4,7
05/17/2014 06:00:00 PM,13,9,4
05/17/2014 07:00:00 PM,11,3,8
05/17/2014 08:00:00 PM,9,6,3
05/17/2014 09:00:00 PM,1,1,0
05/17/2014 10:00:00 PM,4,2,2
05/17/2014 11:00:00 PM,3,1,2
05/18/2014 12:00:00 AM,3,0,3
05/18/2014 01:00:00 AM,0,0,0
05/18/2014 02:00:00 AM,0,0,0
05/18/2014 03:00:00 AM,1,1,0
05/18/2014 04:00:00 AM,0,0,0
05/18/2014 05:00:00 AM,0,0,0
05/18/2014 06:00:00 AM,8,2,6
05/18/2014 07:00:00 AM,2,0,2
05/18/2014 08:00:00 AM,8,1,7
05/18/2014 09:00:00 AM,16,11,5
05/18/2014 10:00:00 AM,12,3,9
05/18/2014 11:00:00 AM,11,5,6
05/18/2014 12:00:00 PM,17,9,8
05/18/2014 01:00:00 PM,10,8,2
05/18/2014 02:00:00 PM,25,6,19
05/18/2014 03:00:00 PM,37,14,23
05/18/2014 04:00:00 PM,22,18,4
05/18/2014 05:00:00 PM,17,6,11
05/18/2014 06:00:00 PM,17,8,9
05/18/2014 07:00:00 PM,19,8,11
05/18/2014 08:00:00 PM,2,2,0
05/18/2014 09:00:00 PM,5,5,0
05/18/2014 10:00:00 PM,4,2,2
05/18/2014 11:00:00 PM,1,1,0
05/19/2014 12:00:00 AM,1,1,0
05/19/2014 01:00:00 AM,0,0,0
05/19/2014 02:00:00 AM,0,0,0
05/19/2014 03:00:00 AM,0,0,0
05/19/2014 04:00:00 AM,0,0,0
05/19/2014 05:00:00 AM,8,0,8
05/19/2014 06:00:00 AM,9,0,9
05/19/2014 07:00:00 AM,29,4,25
05/19/2014 08:00:00 AM,29,1,28
05/19/2014 09:00:00 AM,18,0,18
05/19/2014 10:00:00 AM,11,5,6
05/19/2014 11:00:00 AM,7,2,5
05/19/2014 12:00:00 PM,12,10,2
05/19/2014 01:00:00 PM,8,5,3
05/19/2014 02:00:00 PM,10,4,6
05/19/2014 03:00:00 PM,14,8,6
05/19/2014 04:00:00 PM,17,13,4
05/19/2014 05:00:00 PM,43,37,6
05/19/2014 06:00:00 PM,37,29,8
05/19/2014 07:00:00 PM,30,16,14
05/19/2014 08:00:00 PM,15,8,7
05/19/2014 09:00:00 PM,8,6,2
05/19/2014 10:00:00 PM,3,3,0
05/19/2014 11:00:00 PM,2,0,2
05/20/2014 12:00:00 AM,2,2,0
05/20/2014 01:00:00 AM,0,0,0
05/20/2014 02:00:00 AM,1,1,0
05/20/2014 03:00:00 AM,0,0,0
05/20/2014 04:00:00 AM,0,0,0
05/20/2014 05:00:00 AM,7,0,7
05/20/2014 06:00:00 AM,14,1,13
05/20/2014 07:00:00 AM,34,3,31
05/20/2014 08:00:00 AM,33,4,29
05/20/2014 09:00:00 AM,19,0,19
05/20/2014 10:00:00 AM,13,3,10
05/20/2014 11:00:00 AM,13,5,8
05/20/2014 12:00:00 PM,3,1,2
05/20/2014 01:00:00 PM,7,0,7
05/20/2014 02:00:00 PM,15,8,7
05/20/2014 03:00:00 PM,21,14,7
05/20/2014 04:00:00 PM,20,12,8
05/20/2014 05:00:00 PM,49,42,7
05/20/2014 06:00:00 PM,34,28,6
05/20/2014 07:00:00 PM,22,16,6
05/20/2014 08:00:00 PM,10,9,1
05/20/2014 09:00:00 PM,2,2,0
05/20/2014 10:00:00 PM,9,5,4
05/20/2014 11:00:00 PM,0,0,0
05/21/2014 12:00:00 AM,2,2,0
05/21/2014 01:00:00 AM,0,0,0
05/21/2014 02:00:00 AM,0,0,0
05/21/2014 03:00:00 AM,0,0,0
05/21/2014 04:00:00 AM,0,0,0
05/21/2014 05:00:00 AM,9,0,9
05/21/2014 06:00:00 AM,15,3,12
05/21/2014 07:00:00 AM,20,2,18
05/21/2014 08:00:00 AM,34,1,33
05/21/2014 09:00:00 AM,27,3,24
05/21/2014 10:00:00 AM,7,1,6
05/21/2014 11:00:00 AM,6,1,5
05/21/2014 12:00:00 PM,7,4,3
05/21/2014 01:00:00 PM,15,6,9
05/21/2014 02:00:00 PM,12,4,8
05/21/2014 03:00:00 PM,12,11,1
05/21/2014 04:00:00 PM,24,14,10
05/21/2014 05:00:00 PM,51,39,12
05/21/2014 06:00:00 PM,42,30,12
05/21/2014 07:00:00 PM,34,19,15
05/21/2014 08:00:00 PM,7,6,1
05/21/2014 09:00:00 PM,6,6,0
05/21/2014 10:00:00 PM,3,3,0
05/21/2014 11:00:00 PM,1,1,0
05/22/2014 12:00:00 AM,6,2,4
05/22/2014 01:00:00 AM,0,0,0
05/22/2014 02:00:00 AM,0,0,0
05/22/2014 03:00:00 AM,0,0,0
05/22/2014 04:00:00 AM,0,0,0
05/22/2014 05:00:00 AM,10,0,10
05/22/2014 06:00:00 AM,6,0,6
05/22/2014 07:00:00 AM,29,2,27
05/22/2014 08:00:00 AM,32,2,30
05/22/2014 09:00:00 AM,24,4,20
05/22/2014 10:00:00 AM,15,5,10
05/22/2014 11:00:00 AM,9,1,8
05/22/2014 12:00:00 PM,28,7,21
05/22/2014 01:00:00 PM,11,7,4
05/22/2014 02:00:00 PM,12,6,6
05/22/2014 03:00:00 PM,19,10,9
05/22/2014 04:00:00 PM,19,16,3
05/22/2014 05:00:00 PM,35,32,3
05/22/2014 06:00:00 PM,52,44,8
05/22/2014 07:00:00 PM,13,11,2
05/22/2014 08:00:00 PM,12,5,7
05/22/2014 09:00:00 PM,1,1,0
05/22/2014 10:00:00 PM,2,2,0
05/22/2014 11:00:00 PM,2,2,0
05/23/2014 12:00:00 AM,5,3,2
05/23/2014 01:00:00 AM,0,0,0
05/23/2014 02:00:00 AM,0,0,0
05/23/2014 03:00:00 AM,0,0,0
05/23/2014 04:00:00 AM,0,0,0
05/23/2014 05:00:00 AM,8,1,7
05/23/2014 06:00:00 AM,9,1,8
05/23/2014 07:00:00 AM,13,1,12
05/23/2014 08:00:00 AM,16,2,14
05/23/2014 09:00:00 AM,9,1,8
05/23/2014 10:00:00 AM,6,1,5
05/23/2014 11:00:00 AM,3,1,2
05/23/2014 12:00:00 PM,2,1,1
05/23/2014 01:00:00 PM,7,0,7
05/23/2014 02:00:00 PM,5,1,4
05/23/2014 03:00:00 PM,13,11,2
05/23/2014 04:00:00 PM,13,9,4
05/23/2014 05:00:00 PM,27,22,5
05/23/2014 06:00:00 PM,12,11,1
05/23/2014 07:00:00 PM,15,8,7
05/23/2014 08:00:00 PM,8,3,5
05/23/2014 09:00:00 PM,2,2,0
05/23/2014 10:00:00 PM,0,0,0
05/23/2014 11:00:00 PM,0,0,0
05/24/2014 12:00:00 AM,0,0,0
05/24/2014 01:00:00 AM,0,0,0
05/24/2014 02:00:00 AM,1,1,0
05/24/2014 03:00:00 AM,0,0,0
05/24/2014 04:00:00 AM,0,0,0
05/24/2014 05:00:00 AM,1,0,1
05/24/2014 06:00:00 AM,6,2,4
05/24/2014 07:00:00 AM,14,1,13
05/24/2014 08:00:00 AM,8,3,5
05/24/2014 09:00:00 AM,8,3,5
05/24/2014 10:00:00 AM,14,3,11
05/24/2014 11:00:00 AM,17,7,10
05/24/2014 12:00:00 PM,13,10,3
05/24/2014 01:00:00 PM,22,13,9
05/24/2014 02:00:00 PM,14,3,11
05/24/2014 03:00:00 PM,20,14,6
05/24/2014 04:00:00 PM,20,11,9
05/24/2014 05:00:00 PM,12,3,9
05/24/2014 06:00:00 PM,11,10,1
05/24/2014 07:00:00 PM,10,10,0
05/24/2014 08:00:00 PM,1,1,0
05/24/2014 09:00:00 PM,6,4,2
05/24/2014 10:00:00 PM,0,0,0
05/24/2014 11:00:00 PM,4,2,2
05/25/2014 12:00:00 AM,2,2,0
05/25/2014 01:00:00 AM,0,0,0
05/25/2014 02:00:00 AM,0,0,0
05/25/2014 03:00:00 AM,0,0,0
05/25/2014 04:00:00 AM,0,0,0
05/25/2014 05:00:00 AM,0,0,0
05/25/2014 06:00:00 AM,7,1,6
05/25/2014 07:00:00 AM,4,0,4
05/25/2014 08:00:00 AM,2,0,2
05/25/2014 09:00:00 AM,9,2,7
05/25/2014 10:00:00 AM,9,2,7
05/25/2014 11:00:00 AM,16,4,12
05/25/2014 12:00:00 PM,11,4,7
05/25/2014 01:00:00 PM,7,3,4
05/25/2014 02:00:00 PM,20,6,14
05/25/2014 03:00:00 PM,14,7,7
05/25/2014 04:00:00 PM,4,4,0
05/25/2014 05:00:00 PM,7,3,4
05/25/2014 06:00:00 PM,12,7,5
05/25/2014 07:00:00 PM,13,7,6
05/25/2014 08:00:00 PM,4,2,2
05/25/2014 09:00:00 PM,0,0,0
05/25/2014 10:00:00 PM,3,3,0
05/25/2014 11:00:00 PM,1,1,0
05/26/2014 12:00:00 AM,3,1,2
05/26/2014 01:00:00 AM,0,0,0
05/26/2014 02:00:00 AM,0,0,0
05/26/2014 03:00:00 AM,0,0,0
05/26/2014 04:00:00 AM,0,0,0
05/26/2014 05:00:00 AM,2,0,2
05/26/2014 06:00:00 AM,5,2,3
05/26/2014 07:00:00 AM,4,0,4
05/26/2014 08:00:00 AM,4,2,2
05/26/2014 09:00:00 AM,11,4,7
05/26/2014 10:00:00 AM,8,4,4
05/26/2014 11:00:00 AM,18,5,13
05/26/2014 12:00:00 PM,15,2,13
05/26/2014 01:00:00 PM,19,11,8
05/26/2014 02:00:00 PM,27,9,18
05/26/2014 03:00:00 PM,36,17,19
05/26/2014 04:00:00 PM,29,11,18
05/26/2014 05:00:00 PM,9,5,4
05/26/2014 06:00:00 PM,9,5,4
05/26/2014 07:00:00 PM,27,12,15
05/26/2014 08:00:00 PM,5,4,1
05/26/2014 09:00:00 PM,0,0,0
05/26/2014 10:00:00 PM,0,0,0
05/26/2014 11:00:00 PM,0,0,0
05/27/2014 12:00:00 AM,2,2,0
05/27/2014 01:00:00 AM,0,0,0
05/27/2014 02:00:00 AM,0,0,0
05/27/2014 03:00:00 AM,0,0,0
05/27/2014 04:00:00 AM,0,0,0
05/27/2014 05:00:00 AM,11,1,10
05/27/2014 06:00:00 AM,13,3,10
05/27/2014 07:00:00 AM,35,5,30
05/27/2014 08:00:00 AM,47,2,45
05/27/2014 09:00:00 AM,25,1,24
05/27/2014 10:00:00 AM,21,5,16
05/27/2014 11:00:00 AM,7,3,4
05/27/2014 12:00:00 PM,13,4,9
05/27/2014 01:00:00 PM,6,2,4
05/27/2014 02:00:00 PM,13,7,6
05/27/2014 03:00:00 PM,21,11,10
05/27/2014 04:00:00 PM,33,17,16
05/27/2014 05:00:00 PM,62,46,16
05/27/2014 06:00:00 PM,35,26,9
05/27/2014 07:00:00 PM,23,18,5
05/27/2014 08:00:00 PM,12,8,4
05/27/2014 09:00:00 PM,8,5,3
05/27/2014 10:00:00 PM,4,4,0
05/27/2014 11:00:00 PM,2,0,2
05/28/2014 12:00:00 AM,2,2,0
05/28/2014 01:00:00 AM,1,1,0
05/28/2014 02:00:00 AM,0,0,0
05/28/2014 03:00:00 AM,0,0,0
05/28/2014 04:00:00 AM,0,0,0
05/28/2014 05:00:00 AM,5,0,5
05/28/2014 06:00:00 AM,14,2,12
05/28/2014 07:00:00 AM,29,8,21
05/28/2014 08:00:00 AM,41,5,36
05/28/2014 09:00:00 AM,23,2,21
05/28/2014 10:00:00 AM,9,3,6
05/28/2014 11:00:00 AM,7,3,4
05/28/2014 12:00:00 PM,7,4,3
05/28/2014 01:00:00 PM,7,5,2
05/28/2014 02:00:00 PM,14,6,8
05/28/2014 03:00:00 PM,12,10,2
05/28/2014 04:00:00 PM,17,10,7
05/28/2014 05:00:00 PM,36,31,5
05/28/2014 06:00:00 PM,35,27,8
05/28/2014 07:00:00 PM,25,15,10
05/28/2014 08:00:00 PM,11,7,4
05/28/2014 09:00:00 PM,6,6,0
05/28/2014 10:00:00 PM,3,1,2
05/28/2014 11:00:00 PM,2,1,1
05/29/2014 12:00:00 AM,3,3,0
05/29/2014 01:00:00 AM,0,0,0
05/29/2014 02:00:00 AM,0,0,0
05/29/2014 03:00:00 AM,0,0,0
05/29/2014 04:00:00 AM,0,0,0
05/29/2014 05:00:00 AM,7,0,7
05/29/2014 06:00:00 AM,16,2,14
05/29/2014 07:00:00 AM,30,2,28
05/29/2014 08:00:00 AM,36,4,32
05/29/2014 09:00:00 AM,22,1,21
05/29/2014 10:00:00 AM,22,5,17
05/29/2014 11:00:00 AM,3,0,3
05/29/2014 12:00:00 PM,8,5,3
05/29/2014 01:00:00 PM,9,2,7
05/29/2014 02:00:00 PM,6,2,4
05/29/2014 03:00:00 PM,10,3,7
05/29/2014 04:00:00 PM,19,16,3
05/29/2014 05:00:00 PM,29,25,4
05/29/2014 06:00:00 PM,30,23,7
05/29/2014 07:00:00 PM,24,20,4
05/29/2014 08:00:00 PM,16,9,7
05/29/2014 09:00:00 PM,5,4,1
05/29/2014 10:00:00 PM,1,1,0
05/29/2014 11:00:00 PM,1,1,0
05/30/2014 12:00:00 AM,0,0,0
05/30/2014 01:00:00 AM,3,3,0
05/30/2014 02:00:00 AM,0,0,0
05/30/2014 03:00:00 AM,0,0,0
05/30/2014 04:00:00 AM,0,0,0
05/30/2014 05:00:00 AM,7,0,7
05/30/2014 06:00:00 AM,11,2,9
05/30/2014 07:00:00 AM,14,2,12
05/30/2014 08:00:00 AM,63,3,60
05/30/2014 09:00:00 AM,24,1,23
05/30/2014 10:00:00 AM,14,3,11
05/30/2014 11:00:00 AM,13,4,9
05/30/2014 12:00:00 PM,14,9,5
05/30/2014 01:00:00 PM,7,4,3
05/30/2014 02:00:00 PM,12,7,5
05/30/2014 03:00:00 PM,8,4,4
05/30/2014 04:00:00 PM,27,17,10
05/30/2014 05:00:00 PM,47,30,17
05/30/2014 06:00:00 PM,44,28,16
05/30/2014 07:00:00 PM,20,14,6
05/30/2014 08:00:00 PM,12,5,7
05/30/2014 09:00:00 PM,7,3,4
05/30/2014 10:00:00 PM,4,3,1
05/30/2014 11:00:00 PM,1,1,0
05/31/2014 12:00:00 AM,1,1,0
05/31/2014 01:00:00 AM,0,0,0
05/31/2014 02:00:00 AM,0,0,0
05/31/2014 03:00:00 AM,0,0,0
05/31/2014 04:00:00 AM,0,0,0
05/31/2014 05:00:00 AM,2,0,2
05/31/2014 06:00:00 AM,7,2,5
05/31/2014 07:00:00 AM,5,2,3
05/31/2014 08:00:00 AM,12,4,8
05/31/2014 09:00:00 AM,12,5,7
05/31/2014 10:00:00 AM,23,14,9
05/31/2014 11:00:00 AM,19,7,12
05/31/2014 12:00:00 PM,12,1,11
05/31/2014 01:00:00 PM,24,8,16
05/31/2014 02:00:00 PM,20,7,13
05/31/2014 03:00:00 PM,20,7,13
05/31/2014 04:00:00 PM,20,14,6
05/31/2014 05:00:00 PM,18,8,10
05/31/2014 06:00:00 PM,24,11,13
05/31/2014 07:00:00 PM,13,5,8
05/31/2014 08:00:00 PM,11,5,6
05/31/2014 09:00:00 PM,7,2,5
05/31/2014 10:00:00 PM,6,5,1
05/31/2014 11:00:00 PM,1,1,0
06/01/2014 12:00:00 AM,2,2,0
06/01/2014 01:00:00 AM,1,1,0
06/01/2014 02:00:00 AM,1,1,0
06/01/2014 03:00:00 AM,0,0,0
06/01/2014 04:00:00 AM,0,0,0
06/01/2014 05:00:00 AM,4,0,4
06/01/2014 06:00:00 AM,7,0,7
06/01/2014 07:00:00 AM,4,1,3
06/01/2014 08:00:00 AM,5,0,5
06/01/2014 09:00:00 AM,13,4,9
06/01/2014 10:00:00 AM,18,5,13
06/01/2014 11:00:00 AM,18,10,8
06/01/2014 12:00:00 PM,29,18,11
06/01/2014 01:00:00 PM,15,7,8
06/01/2014 02:00:00 PM,27,9,18
06/01/2014 03:00:00 PM,15,10,5
06/01/2014 04:00:00 PM,16,13,3
06/01/2014 05:00:00 PM,9,8,1
06/01/2014 06:00:00 PM,19,9,10
06/01/2014 07:00:00 PM,10,4,6
06/01/2014 08:00:00 PM,8,2,6
06/01/2014 09:00:00 PM,5,1,4
06/01/2014 10:00:00 PM,0,0,0
06/01/2014 11:00:00 PM,0,0,0
06/02/2014 12:00:00 AM,1,1,0
06/02/2014 01:00:00 AM,1,1,0
06/02/2014 02:00:00 AM,1,1,0
06/02/2014 03:00:00 AM,0,0,0
06/02/2014 04:00:00 AM,0,0,0
06/02/2014 05:00:00 AM,9,1,8
06/02/2014 06:00:00 AM,21,2,19
06/02/2014 07:00:00 AM,25,5,20
06/02/2014 08:00:00 AM,48,2,46
06/02/2014 09:00:00 AM,39,4,35
06/02/2014 10:00:00 AM,19,6,13
06/02/2014 11:00:00 AM,0,0,0
06/02/2014 12:00:00 PM,7,5,2
06/02/2014 01:00:00 PM,8,4,4
06/02/2014 02:00:00 PM,21,5,16
06/02/2014 03:00:00 PM,14,10,4
06/02/2014 04:00:00 PM,25,19,6
06/02/2014 05:00:00 PM,50,43,7
06/02/2014 06:00:00 PM,41,32,9
06/02/2014 07:00:00 PM,30,22,8
06/02/2014 08:00:00 PM,10,7,3
06/02/2014 09:00:00 PM,3,3,0
06/02/2014 10:00:00 PM,0,0,0
06/02/2014 11:00:00 PM,1,1,0
06/03/2014 12:00:00 AM,1,1,0
06/03/2014 01:00:00 AM,2,2,0
06/03/2014 02:00:00 AM,0,0,0
06/03/2014 03:00:00 AM,0,0,0
06/03/2014 04:00:00 AM,0,0,0
06/03/2014 05:00:00 AM,6,0,6
06/03/2014 06:00:00 AM,12,4,8
06/03/2014 07:00:00 AM,19,3,16
06/03/2014 08:00:00 AM,27,2,25
06/03/2014 09:00:00 AM,24,0,24
06/03/2014 10:00:00 AM,14,2,12
06/03/2014 11:00:00 AM,12,7,5
06/03/2014 12:00:00 PM,22,8,14
06/03/2014 01:00:00 PM,27,7,20
06/03/2014 02:00:00 PM,17,7,10
06/03/2014 03:00:00 PM,14,12,2
06/03/2014 04:00:00 PM,14,10,4
06/03/2014 05:00:00 PM,45,31,14
06/03/2014 06:00:00 PM,33,28,5
06/03/2014 07:00:00 PM,20,9,11
06/03/2014 08:00:00 PM,8,8,0
06/03/2014 09:00:00 PM,8,8,0
06/03/2014 10:00:00 PM,0,0,0
06/03/2014 11:00:00 PM,1,1,0
06/04/2014 12:00:00 AM,1,1,0
06/04/2014 01:00:00 AM,0,0,0
06/04/2014 02:00:00 AM,0,0,0
06/04/2014 03:00:00 AM,0,0,0
06/04/2014 04:00:00 AM,0,0,0
06/04/2014 05:00:00 AM,5,0,5
06/04/2014 06:00:00 AM,12,3,9
06/04/2014 07:00:00 AM,24,3,21
06/04/2014 08:00:00 AM,50,5,45
06/04/2014 09:00:00 AM,21,2,19
06/04/2014 10:00:00 AM,9,3,6
06/04/2014 11:00:00 AM,13,6,7
06/04/2014 12:00:00 PM,13,9,4
06/04/2014 01:00:00 PM,11,5,6
06/04/2014 02:00:00 PM,8,5,3
06/04/2014 03:00:00 PM,17,11,6
06/04/2014 04:00:00 PM,16,9,7
06/04/2014 05:00:00 PM,44,32,12
06/04/2014 06:00:00 PM,55,36,19
06/04/2014 07:00:00 PM,14,12,2
06/04/2014 08:00:00 PM,15,13,2
06/04/2014 09:00:00 PM,11,5,6
06/04/2014 10:00:00 PM,11,5,6
06/04/2014 11:00:00 PM,2,2,0
06/05/2014 12:00:00 AM,2,2,0
06/05/2014 01:00:00 AM,0,0,0
06/05/2014 02:00:00 AM,0,0,0
06/05/2014 03:00:00 AM,0,0,0
06/05/2014 04:00:00 AM,0,0,0
06/05/2014 05:00:00 AM,11,1,10
06/05/2014 06:00:00 AM,16,1,15
06/05/2014 07:00:00 AM,25,4,21
06/05/2014 08:00:00 AM,49,6,43
06/05/2014 09:00:00 AM,20,3,17
06/05/2014 10:00:00 AM,12,3,9
06/05/2014 11:00:00 AM,7,2,5
06/05/2014 12:00:00 PM,9,0,9
06/05/2014 01:00:00 PM,5,0,5
06/05/2014 02:00:00 PM,9,9,0
06/05/2014 03:00:00 PM,18,6,12
06/05/2014 04:00:00 PM,23,14,9
06/05/2014 05:00:00 PM,60,43,17
06/05/2014 06:00:00 PM,31,24,7
06/05/2014 07:00:00 PM,26,24,2
06/05/2014 08:00:00 PM,14,13,1
06/05/2014 09:00:00 PM,7,4,3
06/05/2014 10:00:00 PM,4,2,2
06/05/2014 11:00:00 PM,3,3,0
06/06/2014 12:00:00 AM,0,0,0
06/06/2014 01:00:00 AM,1,1,0
06/06/2014 02:00:00 AM,0,0,0
06/06/2014 03:00:00 AM,0,0,0
06/06/2014 04:00:00 AM,0,0,0
06/06/2014 05:00:00 AM,9,0,9
06/06/2014 06:00:00 AM,16,4,12
06/06/2014 07:00:00 AM,25,5,20
06/06/2014 08:00:00 AM,31,2,29
06/06/2014 09:00:00 AM,23,2,21
06/06/2014 10:00:00 AM,11,2,9
06/06/2014 11:00:00 AM,17,6,11
06/06/2014 12:00:00 PM,10,4,6
06/06/2014 01:00:00 PM,19,7,12
06/06/2014 02:00:00 PM,11,4,7
06/06/2014 03:00:00 PM,22,16,6
06/06/2014 04:00:00 PM,23,14,9
06/06/2014 05:00:00 PM,39,28,11
06/06/2014 06:00:00 PM,26,19,7
06/06/2014 07:00:00 PM,9,9,0
06/06/2014 08:00:00 PM,13,9,4
06/06/2014 09:00:00 PM,1,1,0
06/06/2014 10:00:00 PM,8,2,6
06/06/2014 11:00:00 PM,3,3,0
06/07/2014 12:00:00 AM,3,1,2
06/07/2014 01:00:00 AM,4,2,2
06/07/2014 02:00:00 AM,2,2,0
06/07/2014 03:00:00 AM,0,0,0
06/07/2014 04:00:00 AM,0,0,0
06/07/2014 05:00:00 AM,0,0,0
06/07/2014 06:00:00 AM,5,0,5
06/07/2014 07:00:00 AM,2,0,2
06/07/2014 08:00:00 AM,6,2,4
06/07/2014 09:00:00 AM,9,5,4
06/07/2014 10:00:00 AM,18,8,10
06/07/2014 11:00:00 AM,15,2,13
06/07/2014 12:00:00 PM,14,7,7
06/07/2014 01:00:00 PM,15,10,5
06/07/2014 02:00:00 PM,15,7,8
06/07/2014 03:00:00 PM,15,5,10
06/07/2014 04:00:00 PM,14,11,3
06/07/2014 05:00:00 PM,14,8,6
06/07/2014 06:00:00 PM,10,6,4
06/07/2014 07:00:00 PM,10,5,5
06/07/2014 08:00:00 PM,7,7,0
06/07/2014 09:00:00 PM,4,2,2
06/07/2014 10:00:00 PM,1,0,1
06/07/2014 11:00:00 PM,1,0,1
06/08/2014 12:00:00 AM,7,5,2
06/08/2014 01:00:00 AM,1,1,0
06/08/2014 02:00:00 AM,0,0,0
06/08/2014 03:00:00 AM,0,0,0
06/08/2014 04:00:00 AM,0,0,0
06/08/2014 05:00:00 AM,0,0,0
06/08/2014 06:00:00 AM,4,0,4
06/08/2014 07:00:00 AM,2,1,1
06/08/2014 08:00:00 AM,5,2,3
06/08/2014 09:00:00 AM,3,0,3
06/08/2014 10:00:00 AM,11,5,6
06/08/2014 11:00:00 AM,18,4,14
06/08/2014 12:00:00 PM,26,13,13
06/08/2014 01:00:00 PM,20,9,11
06/08/2014 02:00:00 PM,14,9,5
06/08/2014 03:00:00 PM,24,12,12
06/08/2014 04:00:00 PM,16,10,6
06/08/2014 05:00:00 PM,14,9,5
06/08/2014 06:00:00 PM,6,5,1
06/08/2014 07:00:00 PM,11,2,9
06/08/2014 08:00:00 PM,3,0,3
06/08/2014 09:00:00 PM,3,3,0
06/08/2014 10:00:00 PM,11,4,7
06/08/2014 11:00:00 PM,2,2,0
06/09/2014 12:00:00 AM,0,0,0
06/09/2014 01:00:00 AM,0,0,0
06/09/2014 02:00:00 AM,0,0,0
06/09/2014 03:00:00 AM,0,0,0
06/09/2014 04:00:00 AM,0,0,0
06/09/2014 05:00:00 AM,10,1,9
06/09/2014 06:00:00 AM,12,2,10
06/09/2014 07:00:00 AM,29,2,27
06/09/2014 08:00:00 AM,35,0,35
06/09/2014 09:00:00 AM,30,0,30
06/09/2014 10:00:00 AM,18,2,16
06/09/2014 11:00:00 AM,12,6,6
06/09/2014 12:00:00 PM,13,2,11
06/09/2014 01:00:00 PM,12,5,7
06/09/2014 02:00:00 PM,13,2,11
06/09/2014 03:00:00 PM,6,5,1
06/09/2014 04:00:00 PM,24,18,6
06/09/2014 05:00:00 PM,28,26,2
06/09/2014 06:00:00 PM,26,17,9
06/09/2014 07:00:00 PM,21,12,9
06/09/2014 08:00:00 PM,6,2,4
06/09/2014 09:00:00 PM,10,7,3
06/09/2014 10:00:00 PM,0,0,0
06/09/2014 11:00:00 PM,5,5,0
06/10/2014 12:00:00 AM,1,1,0
06/10/2014 01:00:00 AM,0,0,0
06/10/2014 02:00:00 AM,0,0,0
06/10/2014 03:00:00 AM,0,0,0
06/10/2014 04:00:00 AM,0,0,0
06/10/2014 05:00:00 AM,6,1,5
06/10/2014 06:00:00 AM,14,3,11
06/10/2014 07:00:00 AM,32,3,29
06/10/2014 08:00:00 AM,35,2,33
06/10/2014 09:00:00 AM,23,4,19
06/10/2014 10:00:00 AM,11,3,8
06/10/2014 11:00:00 AM,13,8,5
06/10/2014 12:00:00 PM,14,2,12
06/10/2014 01:00:00 PM,13,3,10
06/10/2014 02:00:00 PM,15,9,6
06/10/2014 03:00:00 PM,20,7,13
06/10/2014 04:00:00 PM,27,14,13
06/10/2014 05:00:00 PM,47,38,9
06/10/2014 06:00:00 PM,30,24,6
06/10/2014 07:00:00 PM,29,18,11
06/10/2014 08:00:00 PM,9,3,6
06/10/2014 09:00:00 PM,5,5,0
06/10/2014 10:00:00 PM,3,1,2
06/10/2014 11:00:00 PM,6,5,1
06/11/2014 12:00:00 AM,1,1,0
06/11/2014 01:00:00 AM,1,1,0
06/11/2014 02:00:00 AM,0,0,0
06/11/2014 03:00:00 AM,0,0,0
06/11/2014 04:00:00 AM,2,0,2
06/11/2014 05:00:00 AM,4,0,4
06/11/2014 06:00:00 AM,9,3,6
06/11/2014 07:00:00 AM,28,2,26
06/11/2014 08:00:00 AM,42,0,42
06/11/2014 09:00:00 AM,22,2,20
06/11/2014 10:00:00 AM,27,6,21
06/11/2014 11:00:00 AM,10,3,7
06/11/2014 12:00:00 PM,14,6,8
06/11/2014 01:00:00 PM,20,14,6
06/11/2014 02:00:00 PM,18,5,13
06/11/2014 03:00:00 PM,21,12,9
06/11/2014 04:00:00 PM,21,12,9
06/11/2014 05:00:00 PM,48,37,11
06/11/2014 06:00:00 PM,41,35,6
06/11/2014 07:00:00 PM,18,11,7
06/11/2014 08:00:00 PM,7,7,0
06/11/2014 09:00:00 PM,11,5,6
06/11/2014 10:00:00 PM,4,4,0
06/11/2014 11:00:00 PM,3,3,0
06/12/2014 12:00:00 AM,5,1,4
06/12/2014 01:00:00 AM,0,0,0
06/12/2014 02:00:00 AM,0,0,0
06/12/2014 03:00:00 AM,0,0,0
06/12/2014 04:00:00 AM,0,0,0
06/12/2014 05:00:00 AM,6,0,6
06/12/2014 06:00:00 AM,10,2,8
06/12/2014 07:00:00 AM,21,5,16
06/12/2014 08:00:00 AM,33,1,32
06/12/2014 09:00:00 AM,24,6,18
06/12/2014 10:00:00 AM,13,1,12
06/12/2014 11:00:00 AM,4,2,2
06/12/2014 12:00:00 PM,14,4,10
06/12/2014 01:00:00 PM,13,7,6
06/12/2014 02:00:00 PM,7,1,6
06/12/2014 03:00:00 PM,14,9,5
06/12/2014 04:00:00 PM,14,11,3
06/12/2014 05:00:00 PM,33,29,4
06/12/2014 06:00:00 PM,24,18,6
06/12/2014 07:00:00 PM,27,16,11
06/12/2014 08:00:00 PM,6,2,4
06/12/2014 09:00:00 PM,8,8,0
06/12/2014 10:00:00 PM,1,1,0
06/12/2014 11:00:00 PM,4,1,3
06/13/2014 12:00:00 AM,2,2,0
06/13/2014 01:00:00 AM,0,0,0
06/13/2014 02:00:00 AM,0,0,0
06/13/2014 03:00:00 AM,3,0,3
06/13/2014 04:00:00 AM,0,0,0
06/13/2014 05:00:00 AM,6,1,5
06/13/2014 06:00:00 AM,11,3,8
06/13/2014 07:00:00 AM,16,1,15
06/13/2014 08:00:00 AM,18,1,17
06/13/2014 09:00:00 AM,16,1,15
06/13/2014 10:00:00 AM,7,1,6
06/13/2014 11:00:00 AM,8,1,7
06/13/2014 12:00:00 PM,5,0,5
06/13/2014 01:00:00 PM,10,3,7
06/13/2014 02:00:00 PM,10,5,5
06/13/2014 03:00:00 PM,11,7,4
06/13/2014 04:00:00 PM,23,18,5
06/13/2014 05:00:00 PM,16,15,1
06/13/2014 06:00:00 PM,13,7,6
06/13/2014 07:00:00 PM,7,3,4
06/13/2014 08:00:00 PM,5,3,2
06/13/2014 09:00:00 PM,3,2,1
06/13/2014 10:00:00 PM,1,1,0
06/13/2014 11:00:00 PM,5,5,0
06/14/2014 12:00:00 AM,0,0,0
06/14/2014 01:00:00 AM,0,0,0
06/14/2014 02:00:00 AM,0,0,0
06/14/2014 03:00:00 AM,0,0,0
06/14/2014 04:00:00 AM,0,0,0
06/14/2014 05:00:00 AM,2,0,2
06/14/2014 06:00:00 AM,5,2,3
06/14/2014 07:00:00 AM,2,0,2
06/14/2014 08:00:00 AM,7,0,7
06/14/2014 09:00:00 AM,16,8,8
06/14/2014 10:00:00 AM,19,5,14
06/14/2014 11:00:00 AM,13,2,11
06/14/2014 12:00:00 PM,17,7,10
06/14/2014 01:00:00 PM,15,8,7
06/14/2014 02:00:00 PM,11,6,5
06/14/2014 03:00:00 PM,10,1,9
06/14/2014 04:00:00 PM,16,7,9
06/14/2014 05:00:00 PM,13,9,4
06/14/2014 06:00:00 PM,11,3,8
06/14/2014 07:00:00 PM,6,4,2
06/14/2014 08:00:00 PM,7,3,4
06/14/2014 09:00:00 PM,3,1,2
06/14/2014 10:00:00 PM,1,1,0
06/14/2014 11:00:00 PM,3,3,0
06/15/2014 12:00:00 AM,4,1,3
06/15/2014 01:00:00 AM,1,1,0
06/15/2014 02:00:00 AM,0,0,0
06/15/2014 03:00:00 AM,0,0,0
06/15/2014 04:00:00 AM,2,0,2
06/15/2014 05:00:00 AM,2,0,2
06/15/2014 06:00:00 AM,5,0,5
06/15/2014 07:00:00 AM,3,2,1
06/15/2014 08:00:00 AM,4,2,2
06/15/2014 09:00:00 AM,6,2,4
06/15/2014 10:00:00 AM,8,3,5
06/15/2014 11:00:00 AM,16,5,11
06/15/2014 12:00:00 PM,16,8,8
06/15/2014 01:00:00 PM,17,7,10
06/15/2014 02:00:00 PM,19,11,8
06/15/2014 03:00:00 PM,15,10,5
06/15/2014 04:00:00 PM,15,6,9
06/15/2014 05:00:00 PM,15,9,6
06/15/2014 06:00:00 PM,12,8,4
06/15/2014 07:00:00 PM,6,2,4
06/15/2014 08:00:00 PM,1,1,0
06/15/2014 09:00:00 PM,2,0,2
06/15/2014 10:00:00 PM,4,0,4
06/15/2014 11:00:00 PM,0,0,0
06/16/2014 12:00:00 AM,4,1,3
06/16/2014 01:00:00 AM,0,0,0
06/16/2014 02:00:00 AM,0,0,0
06/16/2014 03:00:00 AM,0,0,0
06/16/2014 04:00:00 AM,2,0,2
06/16/2014 05:00:00 AM,6,1,5
06/16/2014 06:00:00 AM,13,2,11
06/16/2014 07:00:00 AM,20,5,15
06/16/2014 08:00:00 AM,22,1,21
06/16/2014 09:00:00 AM,19,3,16
06/16/2014 10:00:00 AM,4,2,2
06/16/2014 11:00:00 AM,14,0,14
06/16/2014 12:00:00 PM,10,5,5
06/16/2014 01:00:00 PM,10,2,8
06/16/2014 02:00:00 PM,8,1,7
06/16/2014 03:00:00 PM,15,7,8
06/16/2014 04:00:00 PM,17,13,4
06/16/2014 05:00:00 PM,35,24,11
06/16/2014 06:00:00 PM,28,18,10
06/16/2014 07:00:00 PM,30,14,16
06/16/2014 08:00:00 PM,20,13,7
06/16/2014 09:00:00 PM,8,5,3
06/16/2014 10:00:00 PM,2,2,0
06/16/2014 11:00:00 PM,7,2,5
06/17/2014 12:00:00 AM,3,3,0
06/17/2014 01:00:00 AM,0,0,0
06/17/2014 02:00:00 AM,0,0,0
06/17/2014 03:00:00 AM,0,0,0
06/17/2014 04:00:00 AM,0,0,0
06/17/2014 05:00:00 AM,9,2,7
06/17/2014 06:00:00 AM,17,1,16
06/17/2014 07:00:00 AM,22,2,20
06/17/2014 08:00:00 AM,27,1,26
06/17/2014 09:00:00 AM,16,1,15
06/17/2014 10:00:00 AM,10,2,8
06/17/2014 11:00:00 AM,8,0,8
06/17/2014 12:00:00 PM,8,4,4
06/17/2014 01:00:00 PM,12,1,11
06/17/2014 02:00:00 PM,10,3,7
06/17/2014 03:00:00 PM,11,6,5
06/17/2014 04:00:00 PM,22,14,8
06/17/2014 05:00:00 PM,36,29,7
06/17/2014 06:00:00 PM,53,37,16
06/17/2014 07:00:00 PM,12,9,3
06/17/2014 08:00:00 PM,21,9,12
06/17/2014 09:00:00 PM,4,1,3
06/17/2014 10:00:00 PM,0,0,0
06/17/2014 11:00:00 PM,2,2,0
06/18/2014 12:00:00 AM,1,1,0
06/18/2014 01:00:00 AM,2,0,2
06/18/2014 02:00:00 AM,0,0,0
06/18/2014 03:00:00 AM,0,0,0
06/18/2014 04:00:00 AM,0,0,0
06/18/2014 05:00:00 AM,9,1,8
06/18/2014 06:00:00 AM,16,2,14
06/18/2014 07:00:00 AM,41,3,38
06/18/2014 08:00:00 AM,25,1,24
06/18/2014 09:00:00 AM,19,2,17
06/18/2014 10:00:00 AM,8,3,5
06/18/2014 11:00:00 AM,9,3,6
06/18/2014 12:00:00 PM,13,6,7
06/18/2014 01:00:00 PM,16,8,8
06/18/2014 02:00:00 PM,13,7,6
06/18/2014 03:00:00 PM,8,6,2
06/18/2014 04:00:00 PM,9,9,0
06/18/2014 05:00:00 PM,41,31,10
06/18/2014 06:00:00 PM,39,25,14
06/18/2014 07:00:00 PM,20,15,5
06/18/2014 08:00:00 PM,22,12,10
06/18/2014 09:00:00 PM,9,7,2
06/18/2014 10:00:00 PM,3,1,2
06/18/2014 11:00:00 PM,1,1,0
06/19/2014 12:00:00 AM,1,1,0
06/19/2014 01:00:00 AM,1,1,0
06/19/2014 02:00:00 AM,0,0,0
06/19/2014 03:00:00 AM,0,0,0
06/19/2014 04:00:00 AM,0,0,0
06/19/2014 05:00:00 AM,6,1,5
06/19/2014 06:00:00 AM,13,1,12
06/19/2014 07:00:00 AM,31,5,26
06/19/2014 08:00:00 AM,27,3,24
06/19/2014 09:00:00 AM,17,1,16
06/19/2014 10:00:00 AM,12,2,10
06/19/2014 11:00:00 AM,17,3,14
06/19/2014 12:00:00 PM,9,4,5
06/19/2014 01:00:00 PM,18,7,11
06/19/2014 02:00:00 PM,16,5,11
06/19/2014 03:00:00 PM,23,8,15
06/19/2014 04:00:00 PM,63,42,21
06/19/2014 05:00:00 PM,34,23,11
06/19/2014 06:00:00 PM,38,29,9
06/19/2014 07:00:00 PM,8,6,2
06/19/2014 08:00:00 PM,12,4,8
06/19/2014 09:00:00 PM,7,6,1
06/19/2014 10:00:00 PM,8,2,6
06/19/2014 11:00:00 PM,2,2,0
06/20/2014 12:00:00 AM,4,0,4
06/20/2014 01:00:00 AM,0,0,0
06/20/2014 02:00:00 AM,0,0,0
06/20/2014 03:00:00 AM,0,0,0
06/20/2014 04:00:00 AM,0,0,0
06/20/2014 05:00:00 AM,5,0,5
06/20/2014 06:00:00 AM,14,1,13
06/20/2014 07:00:00 AM,23,3,20
06/20/2014 08:00:00 AM,34,1,33
06/20/2014 09:00:00 AM,20,4,16
06/20/2014 10:00:00 AM,11,3,8
06/20/2014 11:00:00 AM,15,4,11
06/20/2014 12:00:00 PM,12,1,11
06/20/2014 01:00:00 PM,20,6,14
06/20/2014 02:00:00 PM,14,8,6
06/20/2014 03:00:00 PM,7,5,2
06/20/2014 04:00:00 PM,20,16,4
06/20/2014 05:00:00 PM,42,30,12
06/20/2014 06:00:00 PM,29,22,7
06/20/2014 07:00:00 PM,13,10,3
06/20/2014 08:00:00 PM,10,6,4
06/20/2014 09:00:00 PM,5,3,2
06/20/2014 10:00:00 PM,4,2,2
06/20/2014 11:00:00 PM,2,0,2
06/21/2014 12:00:00 AM,3,3,0
06/21/2014 01:00:00 AM,0,0,0
06/21/2014 02:00:00 AM,0,0,0
06/21/2014 03:00:00 AM,0,0,0
06/21/2014 04:00:00 AM,0,0,0
06/21/2014 05:00:00 AM,0,0,0
06/21/2014 06:00:00 AM,8,0,8
06/21/2014 07:00:00 AM,5,3,2
06/21/2014 08:00:00 AM,7,0,7
06/21/2014 09:00:00 AM,18,3,15
06/21/2014 10:00:00 AM,17,10,7
06/21/2014 11:00:00 AM,34,2,32
06/21/2014 12:00:00 PM,24,10,14
06/21/2014 01:00:00 PM,30,9,21
06/21/2014 02:00:00 PM,31,17,14
06/21/2014 03:00:00 PM,20,6,14
06/21/2014 04:00:00 PM,25,16,9
06/21/2014 05:00:00 PM,16,9,7
06/21/2014 06:00:00 PM,21,18,3
06/21/2014 07:00:00 PM,17,11,6
06/21/2014 08:00:00 PM,23,17,6
06/21/2014 09:00:00 PM,7,4,3
06/21/2014 10:00:00 PM,5,5,0
06/21/2014 11:00:00 PM,6,4,2
06/22/2014 12:00:00 AM,2,2,0
06/22/2014 01:00:00 AM,0,0,0
06/22/2014 02:00:00 AM,0,0,0
06/22/2014 03:00:00 AM,0,0,0
06/22/2014 04:00:00 AM,0,0,0
06/22/2014 05:00:00 AM,0,0,0
06/22/2014 06:00:00 AM,4,0,4
06/22/2014 07:00:00 AM,4,0,4
06/22/2014 08:00:00 AM,4,2,2
06/22/2014 09:00:00 AM,13,4,9
06/22/2014 10:00:00 AM,12,1,11
06/22/2014 11:00:00 AM,18,7,11
06/22/2014 12:00:00 PM,17,7,10
06/22/2014 01:00:00 PM,19,15,4
06/22/2014 02:00:00 PM,25,13,12
06/22/2014 03:00:00 PM,21,17,4
06/22/2014 04:00:00 PM,14,8,6
06/22/2014 05:00:00 PM,14,6,8
06/22/2014 06:00:00 PM,13,3,10
06/22/2014 07:00:00 PM,16,8,8
06/22/2014 08:00:00 PM,16,4,12
06/22/2014 09:00:00 PM,9,6,3
06/22/2014 10:00:00 PM,0,0,0
06/22/2014 11:00:00 PM,2,2,0
06/23/2014 12:00:00 AM,6,2,4
06/23/2014 01:00:00 AM,2,0,2
06/23/2014 02:00:00 AM,0,0,0
06/23/2014 03:00:00 AM,0,0,0
06/23/2014 04:00:00 AM,0,0,0
06/23/2014 05:00:00 AM,8,1,7
06/23/2014 06:00:00 AM,21,0,21
06/23/2014 07:00:00 AM,34,3,31
06/23/2014 08:00:00 AM,54,1,53
06/23/2014 09:00:00 AM,33,2,31
06/23/2014 10:00:00 AM,14,3,11
06/23/2014 11:00:00 AM,21,4,17
06/23/2014 12:00:00 PM,10,5,5
06/23/2014 01:00:00 PM,15,6,9
06/23/2014 02:00:00 PM,6,3,3
06/23/2014 03:00:00 PM,18,9,9
06/23/2014 04:00:00 PM,14,9,5
06/23/2014 05:00:00 PM,60,49,11
06/23/2014 06:00:00 PM,41,29,12
06/23/2014 07:00:00 PM,24,17,7
06/23/2014 08:00:00 PM,8,6,2
06/23/2014 09:00:00 PM,3,3,0
06/23/2014 10:00:00 PM,3,3,0
06/23/2014 11:00:00 PM,3,0,3
06/24/2014 12:00:00 AM,2,2,0
06/24/2014 01:00:00 AM,0,0,0
06/24/2014 02:00:00 AM,2,0,2
06/24/2014 03:00:00 AM,0,0,0
06/24/2014 04:00:00 AM,0,0,0
06/24/2014 05:00:00 AM,3,0,3
06/24/2014 06:00:00 AM,18,2,16
06/24/2014 07:00:00 AM,22,7,15
06/24/2014 08:00:00 AM,50,4,46
06/24/2014 09:00:00 AM,24,0,24
06/24/2014 10:00:00 AM,11,6,5
06/24/2014 11:00:00 AM,16,3,13
06/24/2014 12:00:00 PM,4,1,3
06/24/2014 01:00:00 PM,13,4,9
06/24/2014 02:00:00 PM,16,9,7
06/24/2014 03:00:00 PM,19,12,7
06/24/2014 04:00:00 PM,16,11,5
06/24/2014 05:00:00 PM,42,29,13
06/24/2014 06:00:00 PM,31,28,3
06/24/2014 07:00:00 PM,31,19,12
06/24/2014 08:00:00 PM,12,9,3
06/24/2014 09:00:00 PM,10,1,9
06/24/2014 10:00:00 PM,2,0,2
06/24/2014 11:00:00 PM,7,2,5
06/25/2014 12:00:00 AM,2,2,0
06/25/2014 01:00:00 AM,2,0,2
06/25/2014 02:00:00 AM,0,0,0
06/25/2014 03:00:00 AM,0,0,0
06/25/2014 04:00:00 AM,0,0,0
06/25/2014 05:00:00 AM,6,2,4
06/25/2014 06:00:00 AM,17,2,15
06/25/2014 07:00:00 AM,33,4,29
06/25/2014 08:00:00 AM,38,1,37
06/25/2014 09:00:00 AM,47,5,42
06/25/2014 10:00:00 AM,11,3,8
06/25/2014 11:00:00 AM,10,4,6
06/25/2014 12:00:00 PM,13,4,9
06/25/2014 01:00:00 PM,13,6,7
06/25/2014 02:00:00 PM,11,10,1
06/25/2014 03:00:00 PM,15,10,5
06/25/2014 04:00:00 PM,14,9,5
06/25/2014 05:00:00 PM,38,34,4
06/25/2014 06:00:00 PM,27,16,11
06/25/2014 07:00:00 PM,23,20,3
06/25/2014 08:00:00 PM,16,10,6
06/25/2014 09:00:00 PM,8,8,0
06/25/2014 10:00:00 PM,5,2,3
06/25/2014 11:00:00 PM,7,5,2
06/26/2014 12:00:00 AM,2,2,0
06/26/2014 01:00:00 AM,0,0,0
06/26/2014 02:00:00 AM,0,0,0
06/26/2014 03:00:00 AM,0,0,0
06/26/2014 04:00:00 AM,1,0,1
06/26/2014 05:00:00 AM,6,0,6
06/26/2014 06:00:00 AM,13,3,10
06/26/2014 07:00:00 AM,18,1,17
06/26/2014 08:00:00 AM,44,4,40
06/26/2014 09:00:00 AM,13,1,12
06/26/2014 10:00:00 AM,7,3,4
06/26/2014 11:00:00 AM,12,0,12
06/26/2014 12:00:00 PM,16,3,13
06/26/2014 01:00:00 PM,17,4,13
06/26/2014 02:00:00 PM,16,11,5
06/26/2014 03:00:00 PM,21,7,14
06/26/2014 04:00:00 PM,12,9,3
06/26/2014 05:00:00 PM,34,21,13
06/26/2014 06:00:00 PM,24,16,8
06/26/2014 07:00:00 PM,19,11,8
06/26/2014 08:00:00 PM,10,7,3
06/26/2014 09:00:00 PM,12,5,7
06/26/2014 10:00:00 PM,3,3,0
06/26/2014 11:00:00 PM,3,3,0
06/27/2014 12:00:00 AM,2,2,0
06/27/2014 01:00:00 AM,0,0,0
06/27/2014 02:00:00 AM,4,0,4
06/27/2014 03:00:00 AM,0,0,0
06/27/2014 04:00:00 AM,0,0,0
06/27/2014 05:00:00 AM,4,0,4
06/27/2014 06:00:00 AM,15,1,14
06/27/2014 07:00:00 AM,13,2,11
06/27/2014 08:00:00 AM,43,1,42
06/27/2014 09:00:00 AM,16,0,16
06/27/2014 10:00:00 AM,10,1,9
06/27/2014 11:00:00 AM,10,2,8
06/27/2014 12:00:00 PM,4,3,1
06/27/2014 01:00:00 PM,9,6,3
06/27/2014 02:00:00 PM,12,5,7
06/27/2014 03:00:00 PM,11,5,6
06/27/2014 04:00:00 PM,23,10,13
06/27/2014 05:00:00 PM,31,24,7
06/27/2014 06:00:00 PM,21,10,11
06/27/2014 07:00:00 PM,16,11,5
06/27/2014 08:00:00 PM,11,10,1
06/27/2014 09:00:00 PM,7,3,4
06/27/2014 10:00:00 PM,4,2,2
06/27/2014 11:00:00 PM,4,2,2
06/28/2014 12:00:00 AM,1,1,0
06/28/2014 01:00:00 AM,1,1,0
06/28/2014 02:00:00 AM,0,0,0
06/28/2014 03:00:00 AM,0,0,0
06/28/2014 04:00:00 AM,0,0,0
06/28/2014 05:00:00 AM,0,0,0
06/28/2014 06:00:00 AM,3,0,3
06/28/2014 07:00:00 AM,6,2,4
06/28/2014 08:00:00 AM,8,2,6
06/28/2014 09:00:00 AM,9,3,6
06/28/2014 10:00:00 AM,12,4,8
06/28/2014 11:00:00 AM,11,5,6
06/28/2014 12:00:00 PM,9,1,8
06/28/2014 01:00:00 PM,17,12,5
06/28/2014 02:00:00 PM,14,8,6
06/28/2014 03:00:00 PM,13,6,7
06/28/2014 04:00:00 PM,11,2,9
06/28/2014 05:00:00 PM,11,7,4
06/28/2014 06:00:00 PM,7,1,6
06/28/2014 07:00:00 PM,11,6,5
06/28/2014 08:00:00 PM,7,3,4
06/28/2014 09:00:00 PM,3,3,0
06/28/2014 10:00:00 PM,2,0,2
06/28/2014 11:00:00 PM,0,0,0
06/29/2014 12:00:00 AM,5,3,2
06/29/2014 01:00:00 AM,0,0,0
06/29/2014 02:00:00 AM,0,0,0
06/29/2014 03:00:00 AM,0,0,0
06/29/2014 04:00:00 AM,0,0,0
06/29/2014 05:00:00 AM,1,1,0
06/29/2014 06:00:00 AM,2,0,2
06/29/2014 07:00:00 AM,8,0,8
06/29/2014 08:00:00 AM,4,1,3
06/29/2014 09:00:00 AM,7,3,4
06/29/2014 10:00:00 AM,15,3,12
06/29/2014 11:00:00 AM,16,6,10
06/29/2014 12:00:00 PM,28,12,16
06/29/2014 01:00:00 PM,14,5,9
06/29/2014 02:00:00 PM,22,9,13
06/29/2014 03:00:00 PM,14,9,5
06/29/2014 04:00:00 PM,22,13,9
06/29/2014 05:00:00 PM,18,8,10
06/29/2014 06:00:00 PM,12,2,10
06/29/2014 07:00:00 PM,13,3,10
06/29/2014 08:00:00 PM,5,2,3
06/29/2014 09:00:00 PM,0,0,0
06/29/2014 10:00:00 PM,6,1,5
06/29/2014 11:00:00 PM,1,1,0
06/30/2014 12:00:00 AM,0,0,0
06/30/2014 01:00:00 AM,0,0,0
06/30/2014 02:00:00 AM,0,0,0
06/30/2014 03:00:00 AM,0,0,0
06/30/2014 04:00:00 AM,0,0,0
06/30/2014 05:00:00 AM,12,1,11
06/30/2014 06:00:00 AM,14,3,11
06/30/2014 07:00:00 AM,39,7,32
06/30/2014 08:00:00 AM,39,2,37
06/30/2014 09:00:00 AM,24,4,20
06/30/2014 10:00:00 AM,26,3,23
06/30/2014 11:00:00 AM,23,7,16
06/30/2014 12:00:00 PM,18,8,10
06/30/2014 01:00:00 PM,12,7,5
06/30/2014 02:00:00 PM,13,6,7
06/30/2014 03:00:00 PM,16,2,14
06/30/2014 04:00:00 PM,24,17,7
06/30/2014 05:00:00 PM,37,34,3
06/30/2014 06:00:00 PM,44,30,14
06/30/2014 07:00:00 PM,16,10,6
06/30/2014 08:00:00 PM,11,11,0
06/30/2014 09:00:00 PM,15,9,6
06/30/2014 10:00:00 PM,2,2,0
06/30/2014 11:00:00 PM,1,1,0
07/01/2014 12:00:00 AM,1,1,0
07/01/2014 01:00:00 AM,0,0,0
07/01/2014 02:00:00 AM,0,0,0
07/01/2014 03:00:00 AM,0,0,0
07/01/2014 04:00:00 AM,0,0,0
07/01/2014 05:00:00 AM,4,0,4
07/01/2014 06:00:00 AM,20,1,19
07/01/2014 07:00:00 AM,30,0,30
07/01/2014 08:00:00 AM,41,3,38
07/01/2014 09:00:00 AM,24,4,20
07/01/2014 10:00:00 AM,14,6,8
07/01/2014 11:00:00 AM,15,1,14
07/01/2014 12:00:00 PM,17,9,8
07/01/2014 01:00:00 PM,11,8,3
07/01/2014 02:00:00 PM,5,2,3
07/01/2014 03:00:00 PM,14,7,7
07/01/2014 04:00:00 PM,11,6,5
07/01/2014 05:00:00 PM,35,29,6
07/01/2014 06:00:00 PM,30,27,3
07/01/2014 07:00:00 PM,19,18,1
07/01/2014 08:00:00 PM,7,7,0
07/01/2014 09:00:00 PM,12,11,1
07/01/2014 10:00:00 PM,2,0,2
07/01/2014 11:00:00 PM,4,2,2
07/02/2014 12:00:00 AM,1,1,0
07/02/2014 01:00:00 AM,2,2,0
07/02/2014 02:00:00 AM,0,0,0
07/02/2014 03:00:00 AM,0,0,0
07/02/2014 04:00:00 AM,2,0,2
07/02/2014 05:00:00 AM,7,1,6
07/02/2014 06:00:00 AM,14,4,10
07/02/2014 07:00:00 AM,39,9,30
07/02/2014 08:00:00 AM,50,8,42
07/02/2014 09:00:00 AM,35,6,29
07/02/2014 10:00:00 AM,18,3,15
07/02/2014 11:00:00 AM,15,6,9
07/02/2014 12:00:00 PM,17,10,7
07/02/2014 01:00:00 PM,17,7,10
07/02/2014 02:00:00 PM,8,2,6
07/02/2014 03:00:00 PM,10,7,3
07/02/2014 04:00:00 PM,20,11,9
07/02/2014 05:00:00 PM,26,22,4
07/02/2014 06:00:00 PM,28,21,7
07/02/2014 07:00:00 PM,22,16,6
07/02/2014 08:00:00 PM,19,14,5
07/02/2014 09:00:00 PM,15,11,4
07/02/2014 10:00:00 PM,8,5,3
07/02/2014 11:00:00 PM,0,0,0
07/03/2014 12:00:00 AM,2,2,0
07/03/2014 01:00:00 AM,0,0,0
07/03/2014 02:00:00 AM,0,0,0
07/03/2014 03:00:00 AM,0,0,0
07/03/2014 04:00:00 AM,0,0,0
07/03/2014 05:00:00 AM,6,0,6
07/03/2014 06:00:00 AM,10,2,8
07/03/2014 07:00:00 AM,15,2,13
07/03/2014 08:00:00 AM,31,7,24
07/03/2014 09:00:00 AM,24,1,23
07/03/2014 10:00:00 AM,18,5,13
07/03/2014 11:00:00 AM,9,3,6
07/03/2014 12:00:00 PM,19,4,15
07/03/2014 01:00:00 PM,13,9,4
07/03/2014 02:00:00 PM,14,6,8
07/03/2014 03:00:00 PM,19,7,12
07/03/2014 04:00:00 PM,27,21,6
07/03/2014 05:00:00 PM,24,11,13
07/03/2014 06:00:00 PM,17,15,2
07/03/2014 07:00:00 PM,21,14,7
07/03/2014 08:00:00 PM,17,13,4
07/03/2014 09:00:00 PM,7,1,6
07/03/2014 10:00:00 PM,9,5,4
07/03/2014 11:00:00 PM,1,1,0
07/04/2014 12:00:00 AM,1,1,0
07/04/2014 01:00:00 AM,0,0,0
07/04/2014 02:00:00 AM,0,0,0
07/04/2014 03:00:00 AM,0,0,0
07/04/2014 04:00:00 AM,2,2,0
07/04/2014 05:00:00 AM,0,0,0
07/04/2014 06:00:00 AM,3,0,3
07/04/2014 07:00:00 AM,6,0,6
07/04/2014 08:00:00 AM,7,1,6
07/04/2014 09:00:00 AM,5,3,2
07/04/2014 10:00:00 AM,16,4,12
07/04/2014 11:00:00 AM,11,2,9
07/04/2014 12:00:00 PM,14,7,7
07/04/2014 01:00:00 PM,38,21,17
07/04/2014 02:00:00 PM,22,16,6
07/04/2014 03:00:00 PM,12,6,6
07/04/2014 04:00:00 PM,15,7,8
07/04/2014 05:00:00 PM,20,8,12
07/04/2014 06:00:00 PM,15,6,9
07/04/2014 07:00:00 PM,2,1,1
07/04/2014 08:00:00 PM,10,1,9
07/04/2014 09:00:00 PM,2,0,2
07/04/2014 10:00:00 PM,0,0,0
07/04/2014 11:00:00 PM,10,9,1
07/05/2014 12:00:00 AM,4,2,2
07/05/2014 01:00:00 AM,1,1,0
07/05/2014 02:00:00 AM,1,0,1
07/05/2014 03:00:00 AM,0,0,0
07/05/2014 04:00:00 AM,3,0,3
07/05/2014 05:00:00 AM,0,0,0
07/05/2014 06:00:00 AM,7,0,7
07/05/2014 07:00:00 AM,8,3,5
07/05/2014 08:00:00 AM,17,0,17
07/05/2014 09:00:00 AM,16,3,13
07/05/2014 10:00:00 AM,15,6,9
07/05/2014 11:00:00 AM,15,11,4
07/05/2014 12:00:00 PM,34,8,26
07/05/2014 01:00:00 PM,8,8,0
07/05/2014 02:00:00 PM,22,14,8
07/05/2014 03:00:00 PM,13,10,3
07/05/2014 04:00:00 PM,11,6,5
07/05/2014 05:00:00 PM,20,10,10
07/05/2014 06:00:00 PM,17,15,2
07/05/2014 07:00:00 PM,3,1,2
07/05/2014 08:00:00 PM,7,5,2
07/05/2014 09:00:00 PM,4,2,2
07/05/2014 10:00:00 PM,0,0,0
07/05/2014 11:00:00 PM,1,1,0
07/06/2014 12:00:00 AM,0,0,0
07/06/2014 01:00:00 AM,0,0,0
07/06/2014 02:00:00 AM,0,0,0
07/06/2014 03:00:00 AM,0,0,0
07/06/2014 04:00:00 AM,0,0,0
07/06/2014 05:00:00 AM,2,0,2
07/06/2014 06:00:00 AM,7,2,5
07/06/2014 07:00:00 AM,4,2,2
07/06/2014 08:00:00 AM,9,0,9
07/06/2014 09:00:00 AM,15,3,12
07/06/2014 10:00:00 AM,16,5,11
07/06/2014 11:00:00 AM,24,9,15
07/06/2014 12:00:00 PM,28,13,15
07/06/2014 01:00:00 PM,21,12,9
07/06/2014 02:00:00 PM,30,15,15
07/06/2014 03:00:00 PM,28,8,20
07/06/2014 04:00:00 PM,19,13,6
07/06/2014 05:00:00 PM,16,8,8
07/06/2014 06:00:00 PM,15,5,10
07/06/2014 07:00:00 PM,9,7,2
07/06/2014 08:00:00 PM,9,3,6
07/06/2014 09:00:00 PM,8,4,4
07/06/2014 10:00:00 PM,4,1,3
07/06/2014 11:00:00 PM,3,3,0
07/07/2014 12:00:00 AM,2,2,0
07/07/2014 01:00:00 AM,0,0,0
07/07/2014 02:00:00 AM,0,0,0
07/07/2014 03:00:00 AM,0,0,0
07/07/2014 04:00:00 AM,0,0,0
07/07/2014 05:00:00 AM,9,3,6
07/07/2014 06:00:00 AM,22,1,21
07/07/2014 07:00:00 AM,35,6,29
07/07/2014 08:00:00 AM,25,1,24
07/07/2014 09:00:00 AM,23,3,20
07/07/2014 10:00:00 AM,9,0,9
07/07/2014 11:00:00 AM,6,2,4
07/07/2014 12:00:00 PM,15,9,6
07/07/2014 01:00:00 PM,9,6,3
07/07/2014 02:00:00 PM,9,8,1
07/07/2014 03:00:00 PM,17,6,11
07/07/2014 04:00:00 PM,21,18,3
07/07/2014 05:00:00 PM,28,25,3
07/07/2014 06:00:00 PM,39,20,19
07/07/2014 07:00:00 PM,29,21,8
07/07/2014 08:00:00 PM,15,8,7
07/07/2014 09:00:00 PM,12,3,9
07/07/2014 10:00:00 PM,9,9,0
07/07/2014 11:00:00 PM,0,0,0
07/08/2014 12:00:00 AM,1,1,0
07/08/2014 01:00:00 AM,0,0,0
07/08/2014 02:00:00 AM,0,0,0
07/08/2014 03:00:00 AM,0,0,0
07/08/2014 04:00:00 AM,0,0,0
07/08/2014 05:00:00 AM,8,4,4
07/08/2014 06:00:00 AM,22,4,18
07/08/2014 07:00:00 AM,35,4,31
07/08/2014 08:00:00 AM,48,5,43
07/08/2014 09:00:00 AM,23,4,19
07/08/2014 10:00:00 AM,11,3,8
07/08/2014 11:00:00 AM,11,4,7
07/08/2014 12:00:00 PM,17,6,11
07/08/2014 01:00:00 PM,21,3,18
07/08/2014 02:00:00 PM,14,3,11
07/08/2014 03:00:00 PM,12,11,1
07/08/2014 04:00:00 PM,24,14,10
07/08/2014 05:00:00 PM,38,29,9
07/08/2014 06:00:00 PM,26,17,9
07/08/2014 07:00:00 PM,36,24,12
07/08/2014 08:00:00 PM,17,15,2
07/08/2014 09:00:00 PM,7,6,1
07/08/2014 10:00:00 PM,2,2,0
07/08/2014 11:00:00 PM,1,1,0
07/09/2014 12:00:00 AM,4,2,2
07/09/2014 01:00:00 AM,0,0,0
07/09/2014 02:00:00 AM,0,0,0
07/09/2014 03:00:00 AM,0,0,0
07/09/2014 04:00:00 AM,0,0,0
07/09/2014 05:00:00 AM,7,2,5
07/09/2014 06:00:00 AM,14,1,13
07/09/2014 07:00:00 AM,31,4,27
07/09/2014 08:00:00 AM,36,2,34
07/09/2014 09:00:00 AM,22,0,22
07/09/2014 10:00:00 AM,15,3,12
07/09/2014 11:00:00 AM,22,11,11
07/09/2014 12:00:00 PM,16,9,7
07/09/2014 01:00:00 PM,14,5,9
07/09/2014 02:00:00 PM,13,6,7
07/09/2014 03:00:00 PM,18,10,8
07/09/2014 04:00:00 PM,27,15,12
07/09/2014 05:00:00 PM,38,26,12
07/09/2014 06:00:00 PM,34,21,13
07/09/2014 07:00:00 PM,30,19,11
07/09/2014 08:00:00 PM,23,11,12
07/09/2014 09:00:00 PM,8,7,1
07/09/2014 10:00:00 PM,3,3,0
07/09/2014 11:00:00 PM,4,2,2
07/10/2014 12:00:00 AM,5,2,3
07/10/2014 01:00:00 AM,0,0,0
07/10/2014 02:00:00 AM,0,0,0
07/10/2014 03:00:00 AM,0,0,0
07/10/2014 04:00:00 AM,0,0,0
07/10/2014 05:00:00 AM,10,2,8
07/10/2014 06:00:00 AM,20,1,19
07/10/2014 07:00:00 AM,26,2,24
07/10/2014 08:00:00 AM,42,5,37
07/10/2014 09:00:00 AM,32,6,26
07/10/2014 10:00:00 AM,12,2,10
07/10/2014 11:00:00 AM,8,2,6
07/10/2014 12:00:00 PM,15,9,6
07/10/2014 01:00:00 PM,11,5,6
07/10/2014 02:00:00 PM,12,10,2
07/10/2014 03:00:00 PM,10,3,7
07/10/2014 04:00:00 PM,23,16,7
07/10/2014 05:00:00 PM,33,24,9
07/10/2014 06:00:00 PM,25,15,10
07/10/2014 07:00:00 PM,41,35,6
07/10/2014 08:00:00 PM,18,12,6
07/10/2014 09:00:00 PM,11,9,2
07/10/2014 10:00:00 PM,5,0,5
07/10/2014 11:00:00 PM,0,0,0
07/11/2014 12:00:00 AM,2,2,0
07/11/2014 01:00:00 AM,0,0,0
07/11/2014 02:00:00 AM,0,0,0
07/11/2014 03:00:00 AM,0,0,0
07/11/2014 04:00:00 AM,0,0,0
07/11/2014 05:00:00 AM,8,0,8
07/11/2014 06:00:00 AM,14,3,11
07/11/2014 07:00:00 AM,24,3,21
07/11/2014 08:00:00 AM,38,2,36
07/11/2014 09:00:00 AM,36,4,32
07/11/2014 10:00:00 AM,14,2,12
07/11/2014 11:00:00 AM,26,13,13
07/11/2014 12:00:00 PM,18,2,16
07/11/2014 01:00:00 PM,15,7,8
07/11/2014 02:00:00 PM,11,5,6
07/11/2014 03:00:00 PM,17,12,5
07/11/2014 04:00:00 PM,17,8,9
07/11/2014 05:00:00 PM,39,29,10
07/11/2014 06:00:00 PM,20,13,7
07/11/2014 07:00:00 PM,12,7,5
07/11/2014 08:00:00 PM,27,6,21
07/11/2014 09:00:00 PM,7,6,1
07/11/2014 10:00:00 PM,7,6,1
07/11/2014 11:00:00 PM,1,1,0
07/12/2014 12:00:00 AM,2,0,2
07/12/2014 01:00:00 AM,0,0,0
07/12/2014 02:00:00 AM,2,0,2
07/12/2014 03:00:00 AM,1,0,1
07/12/2014 04:00:00 AM,12,0,12
07/12/2014 05:00:00 AM,7,0,7
07/12/2014 06:00:00 AM,9,1,8
07/12/2014 07:00:00 AM,6,2,4
07/12/2014 08:00:00 AM,7,1,6
07/12/2014 09:00:00 AM,11,2,9
07/12/2014 10:00:00 AM,18,5,13
07/12/2014 11:00:00 AM,19,2,17
07/12/2014 12:00:00 PM,23,7,16
07/12/2014 01:00:00 PM,7,7,0
07/12/2014 02:00:00 PM,11,5,6
07/12/2014 03:00:00 PM,15,4,11
07/12/2014 04:00:00 PM,11,5,6
07/12/2014 05:00:00 PM,12,7,5
07/12/2014 06:00:00 PM,12,12,0
07/12/2014 07:00:00 PM,4,3,1
07/12/2014 08:00:00 PM,7,5,2
07/12/2014 09:00:00 PM,8,8,0
07/12/2014 10:00:00 PM,3,2,1
07/12/2014 11:00:00 PM,2,1,1
07/13/2014 12:00:00 AM,4,3,1
07/13/2014 01:00:00 AM,1,1,0
07/13/2014 02:00:00 AM,0,0,0
07/13/2014 03:00:00 AM,0,0,0
07/13/2014 04:00:00 AM,2,0,2
07/13/2014 05:00:00 AM,0,0,0
07/13/2014 06:00:00 AM,5,1,4
07/13/2014 07:00:00 AM,10,0,10
07/13/2014 08:00:00 AM,9,5,4
07/13/2014 09:00:00 AM,17,5,12
07/13/2014 10:00:00 AM,16,8,8
07/13/2014 11:00:00 AM,38,17,21
07/13/2014 12:00:00 PM,14,10,4
07/13/2014 01:00:00 PM,8,3,5
07/13/2014 02:00:00 PM,9,5,4
07/13/2014 03:00:00 PM,10,4,6
07/13/2014 04:00:00 PM,12,4,8
07/13/2014 05:00:00 PM,20,11,9
07/13/2014 06:00:00 PM,6,2,4
07/13/2014 07:00:00 PM,18,4,14
07/13/2014 08:00:00 PM,6,4,2
07/13/2014 09:00:00 PM,3,3,0
07/13/2014 10:00:00 PM,2,0,2
07/13/2014 11:00:00 PM,1,1,0
07/14/2014 12:00:00 AM,0,0,0
07/14/2014 01:00:00 AM,2,2,0
07/14/2014 02:00:00 AM,0,0,0
07/14/2014 03:00:00 AM,0,0,0
07/14/2014 04:00:00 AM,0,0,0
07/14/2014 05:00:00 AM,8,1,7
07/14/2014 06:00:00 AM,19,1,18
07/14/2014 07:00:00 AM,33,6,27
07/14/2014 08:00:00 AM,41,4,37
07/14/2014 09:00:00 AM,23,1,22
07/14/2014 10:00:00 AM,18,8,10
07/14/2014 11:00:00 AM,9,3,6
07/14/2014 12:00:00 PM,8,3,5
07/14/2014 01:00:00 PM,6,1,5
07/14/2014 02:00:00 PM,16,5,11
07/14/2014 03:00:00 PM,8,5,3
07/14/2014 04:00:00 PM,12,8,4
07/14/2014 05:00:00 PM,39,28,11
07/14/2014 06:00:00 PM,26,18,8
07/14/2014 07:00:00 PM,19,13,6
07/14/2014 08:00:00 PM,11,7,4
07/14/2014 09:00:00 PM,4,4,0
07/14/2014 10:00:00 PM,2,2,0
07/14/2014 11:00:00 PM,4,4,0
07/15/2014 12:00:00 AM,1,1,0
07/15/2014 01:00:00 AM,0,0,0
07/15/2014 02:00:00 AM,0,0,0
07/15/2014 03:00:00 AM,0,0,0
07/15/2014 04:00:00 AM,0,0,0
07/15/2014 05:00:00 AM,8,1,7
07/15/2014 06:00:00 AM,9,2,7
07/15/2014 07:00:00 AM,32,6,26
07/15/2014 08:00:00 AM,46,3,43
07/15/2014 09:00:00 AM,23,1,22
07/15/2014 10:00:00 AM,17,7,10
07/15/2014 11:00:00 AM,13,2,11
07/15/2014 12:00:00 PM,9,3,6
07/15/2014 01:00:00 PM,19,2,17
07/15/2014 02:00:00 PM,28,17,11
07/15/2014 03:00:00 PM,19,12,7
07/15/2014 04:00:00 PM,30,11,19
07/15/2014 05:00:00 PM,30,23,7
07/15/2014 06:00:00 PM,33,25,8
07/15/2014 07:00:00 PM,32,15,17
07/15/2014 08:00:00 PM,17,11,6
07/15/2014 09:00:00 PM,8,8,0
07/15/2014 10:00:00 PM,3,3,0
07/15/2014 11:00:00 PM,2,2,0
07/16/2014 12:00:00 AM,4,1,3
07/16/2014 01:00:00 AM,1,1,0
07/16/2014 02:00:00 AM,0,0,0
07/16/2014 03:00:00 AM,0,0,0
07/16/2014 04:00:00 AM,0,0,0
07/16/2014 05:00:00 AM,10,3,7
07/16/2014 06:00:00 AM,14,1,13
07/16/2014 07:00:00 AM,34,5,29
07/16/2014 08:00:00 AM,57,3,54
07/16/2014 09:00:00 AM,23,5,18
07/16/2014 10:00:00 AM,9,3,6
07/16/2014 11:00:00 AM,19,6,13
07/16/2014 12:00:00 PM,9,5,4
07/16/2014 01:00:00 PM,10,4,6
07/16/2014 02:00:00 PM,23,12,11
07/16/2014 03:00:00 PM,9,5,4
07/16/2014 04:00:00 PM,25,15,10
07/16/2014 05:00:00 PM,39,29,10
07/16/2014 06:00:00 PM,36,28,8
07/16/2014 07:00:00 PM,26,16,10
07/16/2014 08:00:00 PM,18,5,13
07/16/2014 09:00:00 PM,19,10,9
07/16/2014 10:00:00 PM,2,2,0
07/16/2014 11:00:00 PM,3,3,0
07/17/2014 12:00:00 AM,1,1,0
07/17/2014 01:00:00 AM,0,0,0
07/17/2014 02:00:00 AM,0,0,0
07/17/2014 03:00:00 AM,0,0,0
07/17/2014 04:00:00 AM,0,0,0
07/17/2014 05:00:00 AM,9,2,7
07/17/2014 06:00:00 AM,17,4,13
07/17/2014 07:00:00 AM,22,3,19
07/17/2014 08:00:00 AM,40,4,36
07/17/2014 09:00:00 AM,21,6,15
07/17/2014 10:00:00 AM,19,8,11
07/17/2014 11:00:00 AM,9,6,3
07/17/2014 12:00:00 PM,8,1,7
07/17/2014 01:00:00 PM,21,11,10
07/17/2014 02:00:00 PM,8,3,5
07/17/2014 03:00:00 PM,15,8,7
07/17/2014 04:00:00 PM,17,7,10
07/17/2014 05:00:00 PM,45,35,10
07/17/2014 06:00:00 PM,36,23,13
07/17/2014 07:00:00 PM,15,11,4
07/17/2014 08:00:00 PM,12,9,3
07/17/2014 09:00:00 PM,8,5,3
07/17/2014 10:00:00 PM,6,6,0
07/17/2014 11:00:00 PM,7,3,4
07/18/2014 12:00:00 AM,3,3,0
07/18/2014 01:00:00 AM,1,1,0
07/18/2014 02:00:00 AM,0,0,0
07/18/2014 03:00:00 AM,0,0,0
07/18/2014 04:00:00 AM,3,0,3
07/18/2014 05:00:00 AM,8,0,8
07/18/2014 06:00:00 AM,36,2,34
07/18/2014 07:00:00 AM,31,8,23
07/18/2014 08:00:00 AM,39,2,37
07/18/2014 09:00:00 AM,19,2,17
07/18/2014 10:00:00 AM,20,1,19
07/18/2014 11:00:00 AM,10,3,7
07/18/2014 12:00:00 PM,18,4,14
07/18/2014 01:00:00 PM,16,10,6
07/18/2014 02:00:00 PM,19,11,8
07/18/2014 03:00:00 PM,19,12,7
07/18/2014 04:00:00 PM,22,12,10
07/18/2014 05:00:00 PM,41,31,10
07/18/2014 06:00:00 PM,31,21,10
07/18/2014 07:00:00 PM,15,11,4
07/18/2014 08:00:00 PM,21,12,9
07/18/2014 09:00:00 PM,5,5,0
07/18/2014 10:00:00 PM,5,5,0
07/18/2014 11:00:00 PM,4,0,4
07/19/2014 12:00:00 AM,0,0,0
07/19/2014 01:00:00 AM,3,3,0
07/19/2014 02:00:00 AM,0,0,0
07/19/2014 03:00:00 AM,0,0,0
07/19/2014 04:00:00 AM,0,0,0
07/19/2014 05:00:00 AM,0,0,0
07/19/2014 06:00:00 AM,8,0,8
07/19/2014 07:00:00 AM,6,1,5
07/19/2014 08:00:00 AM,10,1,9
07/19/2014 09:00:00 AM,7,2,5
07/19/2014 10:00:00 AM,14,7,7
07/19/2014 11:00:00 AM,26,10,16
07/19/2014 12:00:00 PM,17,8,9
07/19/2014 01:00:00 PM,16,11,5
07/19/2014 02:00:00 PM,11,6,5
07/19/2014 03:00:00 PM,11,3,8
07/19/2014 04:00:00 PM,14,7,7
07/19/2014 05:00:00 PM,19,12,7
07/19/2014 06:00:00 PM,17,5,12
07/19/2014 07:00:00 PM,8,7,1
07/19/2014 08:00:00 PM,12,7,5
07/19/2014 09:00:00 PM,4,4,0
07/19/2014 10:00:00 PM,1,1,0
07/19/2014 11:00:00 PM,4,1,3
07/20/2014 12:00:00 AM,0,0,0
07/20/2014 01:00:00 AM,0,0,0
07/20/2014 02:00:00 AM,1,1,0
07/20/2014 03:00:00 AM,0,0,0
07/20/2014 04:00:00 AM,0,0,0
07/20/2014 05:00:00 AM,0,0,0
07/20/2014 06:00:00 AM,5,0,5
07/20/2014 07:00:00 AM,5,3,2
07/20/2014 08:00:00 AM,12,2,10
07/20/2014 09:00:00 AM,16,5,11
07/20/2014 10:00:00 AM,14,6,8
07/20/2014 11:00:00 AM,10,8,2
07/20/2014 12:00:00 PM,10,1,9
07/20/2014 01:00:00 PM,13,2,11
07/20/2014 02:00:00 PM,21,13,8
07/20/2014 03:00:00 PM,11,7,4
07/20/2014 04:00:00 PM,10,6,4
07/20/2014 05:00:00 PM,9,7,2
07/20/2014 06:00:00 PM,13,6,7
07/20/2014 07:00:00 PM,4,4,0
07/20/2014 08:00:00 PM,6,2,4
07/20/2014 09:00:00 PM,0,0,0
07/20/2014 10:00:00 PM,2,2,0
07/20/2014 11:00:00 PM,1,0,1
07/21/2014 12:00:00 AM,0,0,0
07/21/2014 01:00:00 AM,0,0,0
07/21/2014 02:00:00 AM,0,0,0
07/21/2014 03:00:00 AM,0,0,0
07/21/2014 04:00:00 AM,0,0,0
07/21/2014 05:00:00 AM,10,3,7
07/21/2014 06:00:00 AM,22,0,22
07/21/2014 07:00:00 AM,20,2,18
07/21/2014 08:00:00 AM,41,2,39
07/21/2014 09:00:00 AM,32,2,30
07/21/2014 10:00:00 AM,27,2,25
07/21/2014 11:00:00 AM,16,6,10
07/21/2014 12:00:00 PM,9,4,5
07/21/2014 01:00:00 PM,16,5,11
07/21/2014 02:00:00 PM,13,4,9
07/21/2014 03:00:00 PM,26,13,13
07/21/2014 04:00:00 PM,10,7,3
07/21/2014 05:00:00 PM,48,29,19
07/21/2014 06:00:00 PM,37,29,8
07/21/2014 07:00:00 PM,21,9,12
07/21/2014 08:00:00 PM,12,12,0
07/21/2014 09:00:00 PM,9,7,2
07/21/2014 10:00:00 PM,3,3,0
07/21/2014 11:00:00 PM,3,3,0
07/22/2014 12:00:00 AM,1,1,0
07/22/2014 01:00:00 AM,2,0,2
07/22/2014 02:00:00 AM,0,0,0
07/22/2014 03:00:00 AM,0,0,0
07/22/2014 04:00:00 AM,2,0,2
07/22/2014 05:00:00 AM,9,0,9
07/22/2014 06:00:00 AM,20,2,18
07/22/2014 07:00:00 AM,29,5,24
07/22/2014 08:00:00 AM,31,4,27
07/22/2014 09:00:00 AM,43,6,37
07/22/2014 10:00:00 AM,18,6,12
07/22/2014 11:00:00 AM,17,2,15
07/22/2014 12:00:00 PM,14,10,4
07/22/2014 01:00:00 PM,10,7,3
07/22/2014 02:00:00 PM,18,9,9
07/22/2014 03:00:00 PM,19,11,8
07/22/2014 04:00:00 PM,33,16,17
07/22/2014 05:00:00 PM,37,26,11
07/22/2014 06:00:00 PM,25,20,5
07/22/2014 07:00:00 PM,25,12,13
07/22/2014 08:00:00 PM,12,8,4
07/22/2014 09:00:00 PM,7,5,2
07/22/2014 10:00:00 PM,5,5,0
07/22/2014 11:00:00 PM,3,1,2
07/23/2014 12:00:00 AM,1,1,0
07/23/2014 01:00:00 AM,0,0,0
07/23/2014 02:00:00 AM,0,0,0
07/23/2014 03:00:00 AM,0,0,0
07/23/2014 04:00:00 AM,0,0,0
07/23/2014 05:00:00 AM,8,1,7
07/23/2014 06:00:00 AM,10,0,10
07/23/2014 07:00:00 AM,14,3,11
07/23/2014 08:00:00 AM,22,2,20
07/23/2014 09:00:00 AM,19,0,19
07/23/2014 10:00:00 AM,5,0,5
07/23/2014 11:00:00 AM,9,2,7
07/23/2014 12:00:00 PM,4,2,2
07/23/2014 01:00:00 PM,1,1,0
07/23/2014 02:00:00 PM,8,5,3
07/23/2014 03:00:00 PM,8,3,5
07/23/2014 04:00:00 PM,6,2,4
07/23/2014 05:00:00 PM,28,17,11
07/23/2014 06:00:00 PM,19,10,9
07/23/2014 07:00:00 PM,8,3,5
07/23/2014 08:00:00 PM,6,2,4
07/23/2014 09:00:00 PM,5,5,0
07/23/2014 10:00:00 PM,0,0,0
07/23/2014 11:00:00 PM,0,0,0
07/24/2014 12:00:00 AM,2,0,2
07/24/2014 01:00:00 AM,1,1,0
07/24/2014 02:00:00 AM,0,0,0
07/24/2014 03:00:00 AM,0,0,0
07/24/2014 04:00:00 AM,0,0,0
07/24/2014 05:00:00 AM,8,0,8
07/24/2014 06:00:00 AM,19,4,15
07/24/2014 07:00:00 AM,15,2,13
07/24/2014 08:00:00 AM,26,0,26
07/24/2014 09:00:00 AM,17,3,14
07/24/2014 10:00:00 AM,9,3,6
07/24/2014 11:00:00 AM,4,0,4
07/24/2014 12:00:00 PM,8,1,7
07/24/2014 01:00:00 PM,10,3,7
07/24/2014 02:00:00 PM,10,3,7
07/24/2014 03:00:00 PM,15,8,7
07/24/2014 04:00:00 PM,7,5,2
07/24/2014 05:00:00 PM,22,15,7
07/24/2014 06:00:00 PM,26,18,8
07/24/2014 07:00:00 PM,11,7,4
07/24/2014 08:00:00 PM,3,3,0
07/24/2014 09:00:00 PM,8,3,5
07/24/2014 10:00:00 PM,0,0,0
07/24/2014 11:00:00 PM,1,1,0
07/25/2014 12:00:00 AM,5,2,3
07/25/2014 01:00:00 AM,0,0,0
07/25/2014 02:00:00 AM,0,0,0
07/25/2014 03:00:00 AM,0,0,0
07/25/2014 04:00:00 AM,0,0,0
07/25/2014 05:00:00 AM,8,1,7
07/25/2014 06:00:00 AM,24,1,23
07/25/2014 07:00:00 AM,22,4,18
07/25/2014 08:00:00 AM,29,2,27
07/25/2014 09:00:00 AM,21,1,20
07/25/2014 10:00:00 AM,13,3,10
07/25/2014 11:00:00 AM,14,2,12
07/25/2014 12:00:00 PM,18,3,15
07/25/2014 01:00:00 PM,13,8,5
07/25/2014 02:00:00 PM,15,9,6
07/25/2014 03:00:00 PM,15,7,8
07/25/2014 04:00:00 PM,21,17,4
07/25/2014 05:00:00 PM,35,28,7
07/25/2014 06:00:00 PM,28,21,7
07/25/2014 07:00:00 PM,20,11,9
07/25/2014 08:00:00 PM,15,11,4
07/25/2014 09:00:00 PM,6,4,2
07/25/2014 10:00:00 PM,1,1,0
07/25/2014 11:00:00 PM,0,0,0
07/26/2014 12:00:00 AM,2,2,0
07/26/2014 01:00:00 AM,0,0,0
07/26/2014 02:00:00 AM,0,0,0
07/26/2014 03:00:00 AM,0,0,0
07/26/2014 04:00:00 AM,0,0,0
07/26/2014 05:00:00 AM,2,0,2
07/26/2014 06:00:00 AM,9,1,8
07/26/2014 07:00:00 AM,5,2,3
07/26/2014 08:00:00 AM,14,2,12
07/26/2014 09:00:00 AM,26,3,23
07/26/2014 10:00:00 AM,33,9,24
07/26/2014 11:00:00 AM,22,9,13
07/26/2014 12:00:00 PM,17,10,7
07/26/2014 01:00:00 PM,16,9,7
07/26/2014 02:00:00 PM,11,8,3
07/26/2014 03:00:00 PM,20,5,15
07/26/2014 04:00:00 PM,27,15,12
07/26/2014 05:00:00 PM,24,9,15
07/26/2014 06:00:00 PM,51,21,30
07/26/2014 07:00:00 PM,5,2,3
07/26/2014 08:00:00 PM,10,4,6
07/26/2014 09:00:00 PM,2,2,0
07/26/2014 10:00:00 PM,4,2,2
07/26/2014 11:00:00 PM,4,4,0
07/27/2014 12:00:00 AM,5,5,0
07/27/2014 01:00:00 AM,0,0,0
07/27/2014 02:00:00 AM,0,0,0
07/27/2014 03:00:00 AM,0,0,0
07/27/2014 04:00:00 AM,5,0,5
07/27/2014 05:00:00 AM,1,0,1
07/27/2014 06:00:00 AM,8,4,4
07/27/2014 07:00:00 AM,6,2,4
07/27/2014 08:00:00 AM,16,0,16
07/27/2014 09:00:00 AM,17,6,11
07/27/2014 10:00:00 AM,18,9,9
07/27/2014 11:00:00 AM,19,8,11
07/27/2014 12:00:00 PM,25,11,14
07/27/2014 01:00:00 PM,10,6,4
07/27/2014 02:00:00 PM,15,5,10
07/27/2014 03:00:00 PM,20,9,11
07/27/2014 04:00:00 PM,15,5,10
07/27/2014 05:00:00 PM,18,8,10
07/27/2014 06:00:00 PM,14,10,4
07/27/2014 07:00:00 PM,3,2,1
07/27/2014 08:00:00 PM,9,4,5
07/27/2014 09:00:00 PM,2,1,1
07/27/2014 10:00:00 PM,2,2,0
07/27/2014 11:00:00 PM,0,0,0
07/28/2014 12:00:00 AM,2,2,0
07/28/2014 01:00:00 AM,0,0,0
07/28/2014 02:00:00 AM,0,0,0
07/28/2014 03:00:00 AM,0,0,0
07/28/2014 04:00:00 AM,0,0,0
07/28/2014 05:00:00 AM,6,1,5
07/28/2014 06:00:00 AM,17,1,16
07/28/2014 07:00:00 AM,42,4,38
07/28/2014 08:00:00 AM,44,3,41
07/28/2014 09:00:00 AM,34,4,30
07/28/2014 10:00:00 AM,12,6,6
07/28/2014 11:00:00 AM,16,3,13
07/28/2014 12:00:00 PM,10,4,6
07/28/2014 01:00:00 PM,7,4,3
07/28/2014 02:00:00 PM,7,4,3
07/28/2014 03:00:00 PM,20,13,7
07/28/2014 04:00:00 PM,11,5,6
07/28/2014 05:00:00 PM,51,42,9
07/28/2014 06:00:00 PM,28,18,10
07/28/2014 07:00:00 PM,22,14,8
07/28/2014 08:00:00 PM,16,10,6
07/28/2014 09:00:00 PM,9,4,5
07/28/2014 10:00:00 PM,1,1,0
07/28/2014 11:00:00 PM,4,4,0
07/29/2014 12:00:00 AM,2,2,0
07/29/2014 01:00:00 AM,0,0,0
07/29/2014 02:00:00 AM,0,0,0
07/29/2014 03:00:00 AM,0,0,0
07/29/2014 04:00:00 AM,0,0,0
07/29/2014 05:00:00 AM,14,2,12
07/29/2014 06:00:00 AM,9,0,9
07/29/2014 07:00:00 AM,27,2,25
07/29/2014 08:00:00 AM,61,2,59
07/29/2014 09:00:00 AM,30,0,30
07/29/2014 10:00:00 AM,18,8,10
07/29/2014 11:00:00 AM,14,2,12
07/29/2014 12:00:00 PM,13,8,5
07/29/2014 01:00:00 PM,14,4,10
07/29/2014 02:00:00 PM,15,6,9
07/29/2014 03:00:00 PM,21,17,4
07/29/2014 04:00:00 PM,18,15,3
07/29/2014 05:00:00 PM,44,32,12
07/29/2014 06:00:00 PM,30,28,2
07/29/2014 07:00:00 PM,24,17,7
07/29/2014 08:00:00 PM,21,15,6
07/29/2014 09:00:00 PM,3,2,1
07/29/2014 10:00:00 PM,5,4,1
07/29/2014 11:00:00 PM,3,0,3
07/30/2014 12:00:00 AM,0,0,0
07/30/2014 01:00:00 AM,0,0,0
07/30/2014 02:00:00 AM,0,0,0
07/30/2014 03:00:00 AM,0,0,0
07/30/2014 04:00:00 AM,0,0,0
07/30/2014 05:00:00 AM,10,0,10
07/30/2014 06:00:00 AM,12,0,12
07/30/2014 07:00:00 AM,28,4,24
07/30/2014 08:00:00 AM,35,1,34
07/30/2014 09:00:00 AM,37,2,35
07/30/2014 10:00:00 AM,20,4,16
07/30/2014 11:00:00 AM,14,4,10
07/30/2014 12:00:00 PM,12,7,5
07/30/2014 01:00:00 PM,8,7,1
07/30/2014 02:00:00 PM,6,2,4
07/30/2014 03:00:00 PM,20,7,13
07/30/2014 04:00:00 PM,23,13,10
07/30/2014 05:00:00 PM,48,33,15
07/30/2014 06:00:00 PM,24,17,7
07/30/2014 07:00:00 PM,29,25,4
07/30/2014 08:00:00 PM,22,15,7
07/30/2014 09:00:00 PM,17,14,3
07/30/2014 10:00:00 PM,6,5,1
07/30/2014 11:00:00 PM,4,4,0
07/31/2014 12:00:00 AM,1,1,0
07/31/2014 01:00:00 AM,1,1,0
07/31/2014 02:00:00 AM,0,0,0
07/31/2014 03:00:00 AM,0,0,0
07/31/2014 04:00:00 AM,0,0,0
07/31/2014 05:00:00 AM,4,0,4
07/31/2014 06:00:00 AM,17,2,15
07/31/2014 07:00:00 AM,36,2,34
07/31/2014 08:00:00 AM,37,4,33
07/31/2014 09:00:00 AM,44,3,41
07/31/2014 10:00:00 AM,17,2,15
07/31/2014 11:00:00 AM,9,2,7
07/31/2014 12:00:00 PM,14,8,6
07/31/2014 01:00:00 PM,11,5,6
07/31/2014 02:00:00 PM,11,6,5
07/31/2014 03:00:00 PM,16,10,6
07/31/2014 04:00:00 PM,22,17,5
07/31/2014 05:00:00 PM,42,34,8
07/31/2014 06:00:00 PM,36,20,16
07/31/2014 07:00:00 PM,24,17,7
07/31/2014 08:00:00 PM,16,9,7
07/31/2014 09:00:00 PM,11,9,2
07/31/2014 10:00:00 PM,10,5,5
07/31/2014 11:00:00 PM,6,4,2
08/01/2014 12:00:00 AM,1,1,0
08/01/2014 01:00:00 AM,0,0,0
08/01/2014 02:00:00 AM,0,0,0
08/01/2014 03:00:00 AM,4,0,4
08/01/2014 04:00:00 AM,0,0,0
08/01/2014 05:00:00 AM,6,2,4
08/01/2014 06:00:00 AM,27,0,27
08/01/2014 07:00:00 AM,30,7,23
08/01/2014 08:00:00 AM,43,5,38
08/01/2014 09:00:00 AM,23,2,21
08/01/2014 10:00:00 AM,20,4,16
08/01/2014 11:00:00 AM,6,1,5
08/01/2014 12:00:00 PM,18,4,14
08/01/2014 01:00:00 PM,12,1,11
08/01/2014 02:00:00 PM,9,7,2
08/01/2014 03:00:00 PM,18,10,8
08/01/2014 04:00:00 PM,23,19,4
08/01/2014 05:00:00 PM,38,23,15
08/01/2014 06:00:00 PM,37,24,13
08/01/2014 07:00:00 PM,15,14,1
08/01/2014 08:00:00 PM,10,8,2
08/01/2014 09:00:00 PM,3,1,2
08/01/2014 10:00:00 PM,9,6,3
08/01/2014 11:00:00 PM,1,1,0
08/02/2014 12:00:00 AM,2,0,2
08/02/2014 01:00:00 AM,1,1,0
08/02/2014 02:00:00 AM,0,0,0
08/02/2014 03:00:00 AM,0,0,0
08/02/2014 04:00:00 AM,0,0,0
08/02/2014 05:00:00 AM,1,0,1
08/02/2014 06:00:00 AM,6,0,6
08/02/2014 07:00:00 AM,7,2,5
08/02/2014 08:00:00 AM,11,2,9
08/02/2014 09:00:00 AM,23,4,19
08/02/2014 10:00:00 AM,18,5,13
08/02/2014 11:00:00 AM,17,9,8
08/02/2014 12:00:00 PM,17,11,6
08/02/2014 01:00:00 PM,19,6,13
08/02/2014 02:00:00 PM,21,10,11
08/02/2014 03:00:00 PM,23,13,10
08/02/2014 04:00:00 PM,19,9,10
08/02/2014 05:00:00 PM,9,1,8
08/02/2014 06:00:00 PM,18,10,8
08/02/2014 07:00:00 PM,7,3,4
08/02/2014 08:00:00 PM,8,6,2
08/02/2014 09:00:00 PM,3,3,0
08/02/2014 10:00:00 PM,11,9,2
08/02/2014 11:00:00 PM,1,1,0
08/03/2014 12:00:00 AM,2,2,0
08/03/2014 01:00:00 AM,0,0,0
08/03/2014 02:00:00 AM,0,0,0
08/03/2014 03:00:00 AM,0,0,0
08/03/2014 04:00:00 AM,0,0,0
08/03/2014 05:00:00 AM,2,0,2
08/03/2014 06:00:00 AM,3,0,3
08/03/2014 07:00:00 AM,6,3,3
08/03/2014 08:00:00 AM,7,3,4
08/03/2014 09:00:00 AM,18,4,14
08/03/2014 10:00:00 AM,15,4,11
08/03/2014 11:00:00 AM,18,6,12
08/03/2014 12:00:00 PM,21,11,10
08/03/2014 01:00:00 PM,14,2,12
08/03/2014 02:00:00 PM,14,5,9
08/03/2014 03:00:00 PM,31,19,12
08/03/2014 04:00:00 PM,7,7,0
08/03/2014 05:00:00 PM,18,7,11
08/03/2014 06:00:00 PM,18,9,9
08/03/2014 07:00:00 PM,11,6,5
08/03/2014 08:00:00 PM,7,4,3
08/03/2014 09:00:00 PM,0,0,0
08/03/2014 10:00:00 PM,4,4,0
08/03/2014 11:00:00 PM,4,0,4
08/04/2014 12:00:00 AM,0,0,0
08/04/2014 01:00:00 AM,0,0,0
08/04/2014 02:00:00 AM,0,0,0
08/04/2014 03:00:00 AM,0,0,0
08/04/2014 04:00:00 AM,0,0,0
08/04/2014 05:00:00 AM,6,0,6
08/04/2014 06:00:00 AM,14,2,12
08/04/2014 07:00:00 AM,24,4,20
08/04/2014 08:00:00 AM,37,3,34
08/04/2014 09:00:00 AM,42,7,35
08/04/2014 10:00:00 AM,12,3,9
08/04/2014 11:00:00 AM,10,4,6
08/04/2014 12:00:00 PM,10,4,6
08/04/2014 01:00:00 PM,18,7,11
08/04/2014 02:00:00 PM,13,6,7
08/04/2014 03:00:00 PM,20,15,5
08/04/2014 04:00:00 PM,13,11,2
08/04/2014 05:00:00 PM,45,33,12
08/04/2014 06:00:00 PM,36,27,9
08/04/2014 07:00:00 PM,20,7,13
08/04/2014 08:00:00 PM,10,6,4
08/04/2014 09:00:00 PM,11,5,6
08/04/2014 10:00:00 PM,4,4,0
08/04/2014 11:00:00 PM,0,0,0
08/05/2014 12:00:00 AM,1,1,0
08/05/2014 01:00:00 AM,0,0,0
08/05/2014 02:00:00 AM,0,0,0
08/05/2014 03:00:00 AM,0,0,0
08/05/2014 04:00:00 AM,1,0,1
08/05/2014 05:00:00 AM,8,1,7
08/05/2014 06:00:00 AM,13,3,10
08/05/2014 07:00:00 AM,29,2,27
08/05/2014 08:00:00 AM,48,5,43
08/05/2014 09:00:00 AM,23,1,22
08/05/2014 10:00:00 AM,19,12,7
08/05/2014 11:00:00 AM,15,1,14
08/05/2014 12:00:00 PM,14,5,9
08/05/2014 01:00:00 PM,11,6,5
08/05/2014 02:00:00 PM,14,7,7
08/05/2014 03:00:00 PM,22,16,6
08/05/2014 04:00:00 PM,21,13,8
08/05/2014 05:00:00 PM,49,32,17
08/05/2014 06:00:00 PM,19,14,5
08/05/2014 07:00:00 PM,9,7,2
08/05/2014 08:00:00 PM,28,14,14
08/05/2014 09:00:00 PM,7,6,1
08/05/2014 10:00:00 PM,1,1,0
08/05/2014 11:00:00 PM,8,6,2
08/06/2014 12:00:00 AM,1,1,0
08/06/2014 01:00:00 AM,2,0,2
08/06/2014 02:00:00 AM,1,1,0
08/06/2014 03:00:00 AM,0,0,0
08/06/2014 04:00:00 AM,0,0,0
08/06/2014 05:00:00 AM,6,0,6
08/06/2014 06:00:00 AM,18,3,15
08/06/2014 07:00:00 AM,27,4,23
08/06/2014 08:00:00 AM,43,8,35
08/06/2014 09:00:00 AM,23,3,20
08/06/2014 10:00:00 AM,13,2,11
08/06/2014 11:00:00 AM,14,8,6
08/06/2014 12:00:00 PM,14,4,10
08/06/2014 01:00:00 PM,11,5,6
08/06/2014 02:00:00 PM,14,4,10
08/06/2014 03:00:00 PM,18,8,10
08/06/2014 04:00:00 PM,18,12,6
08/06/2014 05:00:00 PM,47,34,13
08/06/2014 06:00:00 PM,56,23,33
08/06/2014 07:00:00 PM,20,14,6
08/06/2014 08:00:00 PM,24,18,6
08/06/2014 09:00:00 PM,10,10,0
08/06/2014 10:00:00 PM,2,2,0
08/06/2014 11:00:00 PM,2,2,0
08/07/2014 12:00:00 AM,3,1,2
08/07/2014 01:00:00 AM,0,0,0
08/07/2014 02:00:00 AM,0,0,0
08/07/2014 03:00:00 AM,0,0,0
08/07/2014 04:00:00 AM,0,0,0
08/07/2014 05:00:00 AM,7,2,5
08/07/2014 06:00:00 AM,16,3,13
08/07/2014 07:00:00 AM,33,4,29
08/07/2014 08:00:00 AM,54,3,51
08/07/2014 09:00:00 AM,24,5,19
08/07/2014 10:00:00 AM,14,2,12
08/07/2014 11:00:00 AM,20,4,16
08/07/2014 12:00:00 PM,12,4,8
08/07/2014 01:00:00 PM,12,4,8
08/07/2014 02:00:00 PM,30,8,22
08/07/2014 03:00:00 PM,17,11,6
08/07/2014 04:00:00 PM,24,17,7
08/07/2014 05:00:00 PM,44,34,10
08/07/2014 06:00:00 PM,28,13,15
08/07/2014 07:00:00 PM,19,13,6
08/07/2014 08:00:00 PM,17,11,6
08/07/2014 09:00:00 PM,11,3,8
08/07/2014 10:00:00 PM,4,1,3
08/07/2014 11:00:00 PM,1,1,0
08/08/2014 12:00:00 AM,1,1,0
08/08/2014 01:00:00 AM,0,0,0
08/08/2014 02:00:00 AM,0,0,0
08/08/2014 03:00:00 AM,2,0,2
08/08/2014 04:00:00 AM,0,0,0
08/08/2014 05:00:00 AM,2,0,2
08/08/2014 06:00:00 AM,16,1,15
08/08/2014 07:00:00 AM,33,3,30
08/08/2014 08:00:00 AM,40,3,37
08/08/2014 09:00:00 AM,18,1,17
08/08/2014 10:00:00 AM,21,3,18
08/08/2014 11:00:00 AM,16,3,13
08/08/2014 12:00:00 PM,10,6,4
08/08/2014 01:00:00 PM,11,6,5
08/08/2014 02:00:00 PM,22,13,9
08/08/2014 03:00:00 PM,18,11,7
08/08/2014 04:00:00 PM,24,16,8
08/08/2014 05:00:00 PM,32,25,7
08/08/2014 06:00:00 PM,32,19,13
08/08/2014 07:00:00 PM,13,9,4
08/08/2014 08:00:00 PM,9,6,3
08/08/2014 09:00:00 PM,8,6,2
08/08/2014 10:00:00 PM,6,4,2
08/08/2014 11:00:00 PM,4,4,0
08/09/2014 12:00:00 AM,1,1,0
08/09/2014 01:00:00 AM,3,0,3
08/09/2014 02:00:00 AM,0,0,0
08/09/2014 03:00:00 AM,0,0,0
08/09/2014 04:00:00 AM,0,0,0
08/09/2014 05:00:00 AM,1,0,1
08/09/2014 06:00:00 AM,5,0,5
08/09/2014 07:00:00 AM,10,1,9
08/09/2014 08:00:00 AM,14,6,8
08/09/2014 09:00:00 AM,21,7,14
08/09/2014 10:00:00 AM,20,7,13
08/09/2014 11:00:00 AM,13,6,7
08/09/2014 12:00:00 PM,26,15,11
08/09/2014 01:00:00 PM,14,7,7
08/09/2014 02:00:00 PM,20,10,10
08/09/2014 03:00:00 PM,18,11,7
08/09/2014 04:00:00 PM,14,10,4
08/09/2014 05:00:00 PM,24,3,21
08/09/2014 06:00:00 PM,17,6,11
08/09/2014 07:00:00 PM,19,7,12
08/09/2014 08:00:00 PM,10,3,7
08/09/2014 09:00:00 PM,8,4,4
08/09/2014 10:00:00 PM,1,1,0
08/09/2014 11:00:00 PM,2,0,2
08/10/2014 12:00:00 AM,9,3,6
08/10/2014 01:00:00 AM,0,0,0
08/10/2014 02:00:00 AM,0,0,0
08/10/2014 03:00:00 AM,0,0,0
08/10/2014 04:00:00 AM,0,0,0
08/10/2014 05:00:00 AM,0,0,0
08/10/2014 06:00:00 AM,7,0,7
08/10/2014 07:00:00 AM,4,0,4
08/10/2014 08:00:00 AM,5,2,3
08/10/2014 09:00:00 AM,10,6,4
08/10/2014 10:00:00 AM,9,3,6
08/10/2014 11:00:00 AM,18,5,13
08/10/2014 12:00:00 PM,17,4,13
08/10/2014 01:00:00 PM,23,8,15
08/10/2014 02:00:00 PM,13,10,3
08/10/2014 03:00:00 PM,25,11,14
08/10/2014 04:00:00 PM,15,8,7
08/10/2014 05:00:00 PM,10,6,4
08/10/2014 06:00:00 PM,12,7,5
08/10/2014 07:00:00 PM,16,9,7
08/10/2014 08:00:00 PM,0,0,0
08/10/2014 09:00:00 PM,4,1,3
08/10/2014 10:00:00 PM,1,1,0
08/10/2014 11:00:00 PM,3,3,0
08/11/2014 12:00:00 AM,1,0,1
08/11/2014 01:00:00 AM,0,0,0
08/11/2014 02:00:00 AM,0,0,0
08/11/2014 03:00:00 AM,0,0,0
08/11/2014 04:00:00 AM,0,0,0
08/11/2014 05:00:00 AM,7,1,6
08/11/2014 06:00:00 AM,11,2,9
08/11/2014 07:00:00 AM,35,4,31
08/11/2014 08:00:00 AM,40,2,38
08/11/2014 09:00:00 AM,28,2,26
08/11/2014 10:00:00 AM,20,3,17
08/11/2014 11:00:00 AM,6,2,4
08/11/2014 12:00:00 PM,10,4,6
08/11/2014 01:00:00 PM,5,4,1
08/11/2014 02:00:00 PM,7,2,5
08/11/2014 03:00:00 PM,9,6,3
08/11/2014 04:00:00 PM,24,10,14
08/11/2014 05:00:00 PM,40,30,10
08/11/2014 06:00:00 PM,29,20,9
08/11/2014 07:00:00 PM,13,9,4
08/11/2014 08:00:00 PM,9,4,5
08/11/2014 09:00:00 PM,6,4,2
08/11/2014 10:00:00 PM,0,0,0
08/11/2014 11:00:00 PM,1,1,0
08/12/2014 12:00:00 AM,1,1,0
08/12/2014 01:00:00 AM,0,0,0
08/12/2014 02:00:00 AM,0,0,0
08/12/2014 03:00:00 AM,0,0,0
08/12/2014 04:00:00 AM,0,0,0
08/12/2014 05:00:00 AM,6,0,6
08/12/2014 06:00:00 AM,14,2,12
08/12/2014 07:00:00 AM,27,7,20
08/12/2014 08:00:00 AM,42,1,41
08/12/2014 09:00:00 AM,14,1,13
08/12/2014 10:00:00 AM,14,2,12
08/12/2014 11:00:00 AM,5,0,5
08/12/2014 12:00:00 PM,17,8,9
08/12/2014 01:00:00 PM,8,4,4
08/12/2014 02:00:00 PM,7,1,6
08/12/2014 03:00:00 PM,24,16,8
08/12/2014 04:00:00 PM,19,6,13
08/12/2014 05:00:00 PM,41,32,9
08/12/2014 06:00:00 PM,35,25,10
08/12/2014 07:00:00 PM,20,11,9
08/12/2014 08:00:00 PM,7,4,3
08/12/2014 09:00:00 PM,7,2,5
08/12/2014 10:00:00 PM,4,2,2
08/12/2014 11:00:00 PM,0,0,0
08/13/2014 12:00:00 AM,0,0,0
08/13/2014 01:00:00 AM,0,0,0
08/13/2014 02:00:00 AM,0,0,0
08/13/2014 03:00:00 AM,0,0,0
08/13/2014 04:00:00 AM,0,0,0
08/13/2014 05:00:00 AM,4,1,3
08/13/2014 06:00:00 AM,12,1,11
08/13/2014 07:00:00 AM,16,4,12
08/13/2014 08:00:00 AM,40,3,37
08/13/2014 09:00:00 AM,14,0,14
08/13/2014 10:00:00 AM,18,3,15
08/13/2014 11:00:00 AM,12,3,9
08/13/2014 12:00:00 PM,11,4,7
08/13/2014 01:00:00 PM,7,5,2
08/13/2014 02:00:00 PM,4,4,0
08/13/2014 03:00:00 PM,18,12,6
08/13/2014 04:00:00 PM,13,10,3
08/13/2014 05:00:00 PM,30,21,9
08/13/2014 06:00:00 PM,41,25,16
08/13/2014 07:00:00 PM,19,11,8
08/13/2014 08:00:00 PM,12,8,4
08/13/2014 09:00:00 PM,5,5,0
08/13/2014 10:00:00 PM,5,3,2
08/13/2014 11:00:00 PM,3,0,3
08/14/2014 12:00:00 AM,1,1,0
08/14/2014 01:00:00 AM,1,1,0
08/14/2014 02:00:00 AM,0,0,0
08/14/2014 03:00:00 AM,0,0,0
08/14/2014 04:00:00 AM,0,0,0
08/14/2014 05:00:00 AM,2,0,2
08/14/2014 06:00:00 AM,24,4,20
08/14/2014 07:00:00 AM,33,1,32
08/14/2014 08:00:00 AM,29,3,26
08/14/2014 09:00:00 AM,28,0,28
08/14/2014 10:00:00 AM,16,3,13
08/14/2014 11:00:00 AM,14,4,10
08/14/2014 12:00:00 PM,16,8,8
08/14/2014 01:00:00 PM,10,5,5
08/14/2014 02:00:00 PM,14,5,9
08/14/2014 03:00:00 PM,14,8,6
08/14/2014 04:00:00 PM,10,8,2
08/14/2014 05:00:00 PM,26,21,5
08/14/2014 06:00:00 PM,31,22,9
08/14/2014 07:00:00 PM,28,20,8
08/14/2014 08:00:00 PM,4,2,2
08/14/2014 09:00:00 PM,14,6,8
08/14/2014 10:00:00 PM,8,0,8
08/14/2014 11:00:00 PM,2,0,2
08/15/2014 12:00:00 AM,2,2,0
08/15/2014 01:00:00 AM,1,1,0
08/15/2014 02:00:00 AM,0,0,0
08/15/2014 03:00:00 AM,0,0,0
08/15/2014 04:00:00 AM,0,0,0
08/15/2014 05:00:00 AM,6,0,6
08/15/2014 06:00:00 AM,19,2,17
08/15/2014 07:00:00 AM,23,4,19
08/15/2014 08:00:00 AM,24,7,17
08/15/2014 09:00:00 AM,27,1,26
08/15/2014 10:00:00 AM,5,1,4
08/15/2014 11:00:00 AM,10,2,8
08/15/2014 12:00:00 PM,10,4,6
08/15/2014 01:00:00 PM,11,5,6
08/15/2014 02:00:00 PM,8,7,1
08/15/2014 03:00:00 PM,21,8,13
08/15/2014 04:00:00 PM,21,15,6
08/15/2014 05:00:00 PM,31,18,13
08/15/2014 06:00:00 PM,28,16,12
08/15/2014 07:00:00 PM,9,9,0
08/15/2014 08:00:00 PM,4,2,2
08/15/2014 09:00:00 PM,4,2,2
08/15/2014 10:00:00 PM,2,2,0
08/15/2014 11:00:00 PM,1,1,0
08/16/2014 12:00:00 AM,0,0,0
08/16/2014 01:00:00 AM,0,0,0
08/16/2014 02:00:00 AM,0,0,0
08/16/2014 03:00:00 AM,0,0,0
08/16/2014 04:00:00 AM,0,0,0
08/16/2014 05:00:00 AM,0,0,0
08/16/2014 06:00:00 AM,8,0,8
08/16/2014 07:00:00 AM,6,0,6
08/16/2014 08:00:00 AM,15,3,12
08/16/2014 09:00:00 AM,15,3,12
08/16/2014 10:00:00 AM,15,1,14
08/16/2014 11:00:00 AM,30,12,18
08/16/2014 12:00:00 PM,24,13,11
08/16/2014 01:00:00 PM,14,7,7
08/16/2014 02:00:00 PM,17,7,10
08/16/2014 03:00:00 PM,19,7,12
08/16/2014 04:00:00 PM,12,6,6
08/16/2014 05:00:00 PM,16,4,12
08/16/2014 06:00:00 PM,24,10,14
08/16/2014 07:00:00 PM,15,4,11
08/16/2014 08:00:00 PM,12,6,6
08/16/2014 09:00:00 PM,4,2,2
08/16/2014 10:00:00 PM,6,3,3
08/16/2014 11:00:00 PM,7,2,5
08/17/2014 12:00:00 AM,1,1,0
08/17/2014 01:00:00 AM,0,0,0
08/17/2014 02:00:00 AM,0,0,0
08/17/2014 03:00:00 AM,0,0,0
08/17/2014 04:00:00 AM,0,0,0
08/17/2014 05:00:00 AM,0,0,0
08/17/2014 06:00:00 AM,3,1,2
08/17/2014 07:00:00 AM,0,0,0
08/17/2014 08:00:00 AM,12,0,12
08/17/2014 09:00:00 AM,13,7,6
08/17/2014 10:00:00 AM,19,6,13
08/17/2014 11:00:00 AM,10,4,6
08/17/2014 12:00:00 PM,15,2,13
08/17/2014 01:00:00 PM,39,14,25
08/17/2014 02:00:00 PM,15,5,10
08/17/2014 03:00:00 PM,14,7,7
08/17/2014 04:00:00 PM,21,11,10
08/17/2014 05:00:00 PM,14,5,9
08/17/2014 06:00:00 PM,14,9,5
08/17/2014 07:00:00 PM,6,3,3
08/17/2014 08:00:00 PM,6,5,1
08/17/2014 09:00:00 PM,2,2,0
08/17/2014 10:00:00 PM,4,1,3
08/17/2014 11:00:00 PM,2,0,2
08/18/2014 12:00:00 AM,1,1,0
08/18/2014 01:00:00 AM,0,0,0
08/18/2014 02:00:00 AM,0,0,0
08/18/2014 03:00:00 AM,0,0,0
08/18/2014 04:00:00 AM,0,0,0
08/18/2014 05:00:00 AM,6,1,5
08/18/2014 06:00:00 AM,15,3,12
08/18/2014 07:00:00 AM,27,4,23
08/18/2014 08:00:00 AM,36,1,35
08/18/2014 09:00:00 AM,45,8,37
08/18/2014 10:00:00 AM,26,8,18
08/18/2014 11:00:00 AM,8,5,3
08/18/2014 12:00:00 PM,6,1,5
08/18/2014 01:00:00 PM,16,6,10
08/18/2014 02:00:00 PM,9,5,4
08/18/2014 03:00:00 PM,15,7,8
08/18/2014 04:00:00 PM,20,12,8
08/18/2014 05:00:00 PM,42,34,8
08/18/2014 06:00:00 PM,30,19,11
08/18/2014 07:00:00 PM,23,16,7
08/18/2014 08:00:00 PM,17,10,7
08/18/2014 09:00:00 PM,3,1,2
08/18/2014 10:00:00 PM,3,3,0
08/18/2014 11:00:00 PM,1,1,0
08/19/2014 12:00:00 AM,1,1,0
08/19/2014 01:00:00 AM,0,0,0
08/19/2014 02:00:00 AM,0,0,0
08/19/2014 03:00:00 AM,0,0,0
08/19/2014 04:00:00 AM,0,0,0
08/19/2014 05:00:00 AM,10,1,9
08/19/2014 06:00:00 AM,26,3,23
08/19/2014 07:00:00 AM,42,10,32
08/19/2014 08:00:00 AM,39,1,38
08/19/2014 09:00:00 AM,13,3,10
08/19/2014 10:00:00 AM,25,10,15
08/19/2014 11:00:00 AM,9,1,8
08/19/2014 12:00:00 PM,8,2,6
08/19/2014 01:00:00 PM,10,6,4
08/19/2014 02:00:00 PM,12,4,8
08/19/2014 03:00:00 PM,17,8,9
08/19/2014 04:00:00 PM,9,6,3
08/19/2014 05:00:00 PM,52,44,8
08/19/2014 06:00:00 PM,26,21,5
08/19/2014 07:00:00 PM,18,13,5
08/19/2014 08:00:00 PM,7,5,2
08/19/2014 09:00:00 PM,5,3,2
08/19/2014 10:00:00 PM,2,2,0
08/19/2014 11:00:00 PM,0,0,0
08/20/2014 12:00:00 AM,4,1,3
08/20/2014 01:00:00 AM,0,0,0
08/20/2014 02:00:00 AM,1,1,0
08/20/2014 03:00:00 AM,0,0,0
08/20/2014 04:00:00 AM,0,0,0
08/20/2014 05:00:00 AM,4,0,4
08/20/2014 06:00:00 AM,20,2,18
08/20/2014 07:00:00 AM,26,2,24
08/20/2014 08:00:00 AM,32,5,27
08/20/2014 09:00:00 AM,24,8,16
08/20/2014 10:00:00 AM,9,2,7
08/20/2014 11:00:00 AM,5,2,3
08/20/2014 12:00:00 PM,8,3,5
08/20/2014 01:00:00 PM,9,3,6
08/20/2014 02:00:00 PM,10,2,8
08/20/2014 03:00:00 PM,11,6,5
08/20/2014 04:00:00 PM,9,7,2
08/20/2014 05:00:00 PM,49,33,16
08/20/2014 06:00:00 PM,47,38,9
08/20/2014 07:00:00 PM,29,17,12
08/20/2014 08:00:00 PM,17,12,5
08/20/2014 09:00:00 PM,4,2,2
08/20/2014 10:00:00 PM,7,2,5
08/20/2014 11:00:00 PM,0,0,0
08/21/2014 12:00:00 AM,3,1,2
08/21/2014 01:00:00 AM,0,0,0
08/21/2014 02:00:00 AM,0,0,0
08/21/2014 03:00:00 AM,0,0,0
08/21/2014 04:00:00 AM,0,0,0
08/21/2014 05:00:00 AM,7,1,6
08/21/2014 06:00:00 AM,10,3,7
08/21/2014 07:00:00 AM,24,2,22
08/21/2014 08:00:00 AM,40,2,38
08/21/2014 09:00:00 AM,23,3,20
08/21/2014 10:00:00 AM,21,4,17
08/21/2014 11:00:00 AM,14,0,14
08/21/2014 12:00:00 PM,19,7,12
08/21/2014 01:00:00 PM,5,2,3
08/21/2014 02:00:00 PM,11,6,5
08/21/2014 03:00:00 PM,13,6,7
08/21/2014 04:00:00 PM,16,10,6
08/21/2014 05:00:00 PM,31,25,6
08/21/2014 06:00:00 PM,39,30,9
08/21/2014 07:00:00 PM,22,20,2
08/21/2014 08:00:00 PM,12,4,8
08/21/2014 09:00:00 PM,9,6,3
08/21/2014 10:00:00 PM,4,4,0
08/21/2014 11:00:00 PM,2,0,2
08/22/2014 12:00:00 AM,2,2,0
08/22/2014 01:00:00 AM,0,0,0
08/22/2014 02:00:00 AM,1,1,0
08/22/2014 03:00:00 AM,0,0,0
08/22/2014 04:00:00 AM,0,0,0
08/22/2014 05:00:00 AM,5,0,5
08/22/2014 06:00:00 AM,22,3,19
08/22/2014 07:00:00 AM,44,6,38
08/22/2014 08:00:00 AM,27,6,21
08/22/2014 09:00:00 AM,26,1,25
08/22/2014 10:00:00 AM,16,4,12
08/22/2014 11:00:00 AM,15,4,11
08/22/2014 12:00:00 PM,14,7,7
08/22/2014 01:00:00 PM,19,8,11
08/22/2014 02:00:00 PM,16,12,4
08/22/2014 03:00:00 PM,11,10,1
08/22/2014 04:00:00 PM,24,7,17
08/22/2014 05:00:00 PM,32,24,8
08/22/2014 06:00:00 PM,24,23,1
08/22/2014 07:00:00 PM,19,12,7
08/22/2014 08:00:00 PM,10,10,0
08/22/2014 09:00:00 PM,1,1,0
08/22/2014 10:00:00 PM,0,0,0
08/22/2014 11:00:00 PM,7,0,7
08/23/2014 12:00:00 AM,0,0,0
08/23/2014 01:00:00 AM,2,2,0
08/23/2014 02:00:00 AM,2,1,1
08/23/2014 03:00:00 AM,0,0,0
08/23/2014 04:00:00 AM,0,0,0
08/23/2014 05:00:00 AM,0,0,0
08/23/2014 06:00:00 AM,9,0,9
08/23/2014 07:00:00 AM,10,2,8
08/23/2014 08:00:00 AM,7,1,6
08/23/2014 09:00:00 AM,10,2,8
08/23/2014 10:00:00 AM,18,3,15
08/23/2014 11:00:00 AM,22,9,13
08/23/2014 12:00:00 PM,21,7,14
08/23/2014 01:00:00 PM,16,7,9
08/23/2014 02:00:00 PM,18,15,3
08/23/2014 03:00:00 PM,10,6,4
08/23/2014 04:00:00 PM,20,8,12
08/23/2014 05:00:00 PM,13,9,4
08/23/2014 06:00:00 PM,14,5,9
08/23/2014 07:00:00 PM,18,8,10
08/23/2014 08:00:00 PM,5,0,5
08/23/2014 09:00:00 PM,1,1,0
08/23/2014 10:00:00 PM,1,1,0
08/23/2014 11:00:00 PM,1,1,0
08/24/2014 12:00:00 AM,2,2,0
08/24/2014 01:00:00 AM,4,0,4
08/24/2014 02:00:00 AM,0,0,0
08/24/2014 03:00:00 AM,0,0,0
08/24/2014 04:00:00 AM,0,0,0
08/24/2014 05:00:00 AM,0,0,0
08/24/2014 06:00:00 AM,1,0,1
08/24/2014 07:00:00 AM,2,0,2
08/24/2014 08:00:00 AM,6,2,4
08/24/2014 09:00:00 AM,7,1,6
08/24/2014 10:00:00 AM,19,8,11
08/24/2014 11:00:00 AM,18,8,10
08/24/2014 12:00:00 PM,25,17,8
08/24/2014 01:00:00 PM,32,12,20
08/24/2014 02:00:00 PM,19,10,9
08/24/2014 03:00:00 PM,29,15,14
08/24/2014 04:00:00 PM,30,18,12
08/24/2014 05:00:00 PM,12,8,4
08/24/2014 06:00:00 PM,6,6,0
08/24/2014 07:00:00 PM,11,6,5
08/24/2014 08:00:00 PM,9,9,0
08/24/2014 09:00:00 PM,1,1,0
08/24/2014 10:00:00 PM,1,1,0
08/24/2014 11:00:00 PM,0,0,0
08/25/2014 12:00:00 AM,3,1,2
08/25/2014 01:00:00 AM,0,0,0
08/25/2014 02:00:00 AM,0,0,0
08/25/2014 03:00:00 AM,0,0,0
08/25/2014 04:00:00 AM,0,0,0
08/25/2014 05:00:00 AM,4,1,3
08/25/2014 06:00:00 AM,19,0,19
08/25/2014 07:00:00 AM,22,4,18
08/25/2014 08:00:00 AM,43,5,38
08/25/2014 09:00:00 AM,27,1,26
08/25/2014 10:00:00 AM,17,6,11
08/25/2014 11:00:00 AM,16,4,12
08/25/2014 12:00:00 PM,8,2,6
08/25/2014 01:00:00 PM,3,2,1
08/25/2014 02:00:00 PM,19,10,9
08/25/2014 03:00:00 PM,14,13,1
08/25/2014 04:00:00 PM,19,14,5
08/25/2014 05:00:00 PM,40,25,15
08/25/2014 06:00:00 PM,38,26,12
08/25/2014 07:00:00 PM,17,14,3
08/25/2014 08:00:00 PM,9,6,3
08/25/2014 09:00:00 PM,7,5,2
08/25/2014 10:00:00 PM,2,0,2
08/25/2014 11:00:00 PM,1,1,0
08/26/2014 12:00:00 AM,1,1,0
08/26/2014 01:00:00 AM,0,0,0
08/26/2014 02:00:00 AM,0,0,0
08/26/2014 03:00:00 AM,0,0,0
08/26/2014 04:00:00 AM,0,0,0
08/26/2014 05:00:00 AM,3,0,3
08/26/2014 06:00:00 AM,17,0,17
08/26/2014 07:00:00 AM,19,2,17
08/26/2014 08:00:00 AM,42,2,40
08/26/2014 09:00:00 AM,30,0,30
08/26/2014 10:00:00 AM,18,5,13
08/26/2014 11:00:00 AM,16,8,8
08/26/2014 12:00:00 PM,12,4,8
08/26/2014 01:00:00 PM,14,9,5
08/26/2014 02:00:00 PM,21,9,12
08/26/2014 03:00:00 PM,21,10,11
08/26/2014 04:00:00 PM,24,12,12
08/26/2014 05:00:00 PM,39,32,7
08/26/2014 06:00:00 PM,37,23,14
08/26/2014 07:00:00 PM,23,16,7
08/26/2014 08:00:00 PM,6,1,5
08/26/2014 09:00:00 PM,7,2,5
08/26/2014 10:00:00 PM,2,0,2
08/26/2014 11:00:00 PM,0,0,0
08/27/2014 12:00:00 AM,1,1,0
08/27/2014 01:00:00 AM,0,0,0
08/27/2014 02:00:00 AM,0,0,0
08/27/2014 03:00:00 AM,0,0,0
08/27/2014 04:00:00 AM,0,0,0
08/27/2014 05:00:00 AM,5,0,5
08/27/2014 06:00:00 AM,21,2,19
08/27/2014 07:00:00 AM,43,7,36
08/27/2014 08:00:00 AM,34,2,32
08/27/2014 09:00:00 AM,39,1,38
08/27/2014 10:00:00 AM,16,4,12
08/27/2014 11:00:00 AM,10,5,5
08/27/2014 12:00:00 PM,25,7,18
08/27/2014 01:00:00 PM,12,7,5
08/27/2014 02:00:00 PM,8,4,4
08/27/2014 03:00:00 PM,10,9,1
08/27/2014 04:00:00 PM,20,14,6
08/27/2014 05:00:00 PM,40,36,4
08/27/2014 06:00:00 PM,32,25,7
08/27/2014 07:00:00 PM,16,11,5
08/27/2014 08:00:00 PM,10,2,8
08/27/2014 09:00:00 PM,7,6,1
08/27/2014 10:00:00 PM,8,5,3
08/27/2014 11:00:00 PM,2,2,0
08/28/2014 12:00:00 AM,0,0,0
08/28/2014 01:00:00 AM,1,1,0
08/28/2014 02:00:00 AM,0,0,0
08/28/2014 03:00:00 AM,0,0,0
08/28/2014 04:00:00 AM,0,0,0
08/28/2014 05:00:00 AM,7,0,7
08/28/2014 06:00:00 AM,18,3,15
08/28/2014 07:00:00 AM,46,3,43
08/28/2014 08:00:00 AM,33,4,29
08/28/2014 09:00:00 AM,29,2,27
08/28/2014 10:00:00 AM,20,4,16
08/28/2014 11:00:00 AM,13,8,5
08/28/2014 12:00:00 PM,18,5,13
08/28/2014 01:00:00 PM,23,11,12
08/28/2014 02:00:00 PM,19,10,9
08/28/2014 03:00:00 PM,16,10,6
08/28/2014 04:00:00 PM,23,10,13
08/28/2014 05:00:00 PM,52,31,21
08/28/2014 06:00:00 PM,27,25,2
08/28/2014 07:00:00 PM,19,15,4
08/28/2014 08:00:00 PM,9,6,3
08/28/2014 09:00:00 PM,5,3,2
08/28/2014 10:00:00 PM,3,3,0
08/28/2014 11:00:00 PM,0,0,0
08/29/2014 12:00:00 AM,2,0,2
08/29/2014 01:00:00 AM,0,0,0
08/29/2014 02:00:00 AM,0,0,0
08/29/2014 03:00:00 AM,0,0,0
08/29/2014 04:00:00 AM,0,0,0
08/29/2014 05:00:00 AM,7,0,7
08/29/2014 06:00:00 AM,18,2,16
08/29/2014 07:00:00 AM,23,5,18
08/29/2014 08:00:00 AM,31,2,29
08/29/2014 09:00:00 AM,33,2,31
08/29/2014 10:00:00 AM,18,5,13
08/29/2014 11:00:00 AM,21,4,17
08/29/2014 12:00:00 PM,14,2,12
08/29/2014 01:00:00 PM,18,10,8
08/29/2014 02:00:00 PM,17,7,10
08/29/2014 03:00:00 PM,19,13,6
08/29/2014 04:00:00 PM,31,24,7
08/29/2014 05:00:00 PM,32,25,7
08/29/2014 06:00:00 PM,31,24,7
08/29/2014 07:00:00 PM,6,6,0
08/29/2014 08:00:00 PM,7,7,0
08/29/2014 09:00:00 PM,3,1,2
08/29/2014 10:00:00 PM,0,0,0
08/29/2014 11:00:00 PM,5,1,4
08/30/2014 12:00:00 AM,0,0,0
08/30/2014 01:00:00 AM,1,1,0
08/30/2014 02:00:00 AM,2,0,2
08/30/2014 03:00:00 AM,0,0,0
08/30/2014 04:00:00 AM,0,0,0
08/30/2014 05:00:00 AM,0,0,0
08/30/2014 06:00:00 AM,7,3,4
08/30/2014 07:00:00 AM,7,2,5
08/30/2014 08:00:00 AM,11,2,9
08/30/2014 09:00:00 AM,19,9,10
08/30/2014 10:00:00 AM,4,2,2
08/30/2014 11:00:00 AM,5,5,0
08/30/2014 12:00:00 PM,9,4,5
08/30/2014 01:00:00 PM,8,0,8
08/30/2014 02:00:00 PM,11,3,8
08/30/2014 03:00:00 PM,17,10,7
08/30/2014 04:00:00 PM,8,4,4
08/30/2014 05:00:00 PM,10,7,3
08/30/2014 06:00:00 PM,5,2,3
08/30/2014 07:00:00 PM,7,4,3
08/30/2014 08:00:00 PM,5,3,2
08/30/2014 09:00:00 PM,3,0,3
08/30/2014 10:00:00 PM,0,0,0
08/30/2014 11:00:00 PM,0,0,0
08/31/2014 12:00:00 AM,3,1,2
08/31/2014 01:00:00 AM,0,0,0
08/31/2014 02:00:00 AM,0,0,0
08/31/2014 03:00:00 AM,0,0,0
08/31/2014 04:00:00 AM,1,0,1
08/31/2014 05:00:00 AM,0,0,0
08/31/2014 06:00:00 AM,4,0,4
08/31/2014 07:00:00 AM,6,2,4
08/31/2014 08:00:00 AM,12,3,9
08/31/2014 09:00:00 AM,6,0,6
08/31/2014 10:00:00 AM,6,3,3
08/31/2014 11:00:00 AM,15,5,10
08/31/2014 12:00:00 PM,15,8,7
08/31/2014 01:00:00 PM,11,8,3
08/31/2014 02:00:00 PM,8,4,4
08/31/2014 03:00:00 PM,12,10,2
08/31/2014 04:00:00 PM,14,6,8
08/31/2014 05:00:00 PM,18,4,14
08/31/2014 06:00:00 PM,13,7,6
08/31/2014 07:00:00 PM,9,4,5
08/31/2014 08:00:00 PM,12,5,7
08/31/2014 09:00:00 PM,4,0,4
08/31/2014 10:00:00 PM,1,1,0
08/31/2014 11:00:00 PM,2,0,2
09/01/2014 12:00:00 AM,3,3,0
09/01/2014 01:00:00 AM,3,1,2
09/01/2014 02:00:00 AM,0,0,0
09/01/2014 03:00:00 AM,0,0,0
09/01/2014 04:00:00 AM,0,0,0
09/01/2014 05:00:00 AM,2,0,2
09/01/2014 06:00:00 AM,4,0,4
09/01/2014 07:00:00 AM,0,0,0
09/01/2014 08:00:00 AM,6,3,3
09/01/2014 09:00:00 AM,16,8,8
09/01/2014 10:00:00 AM,31,6,25
09/01/2014 11:00:00 AM,20,6,14
09/01/2014 12:00:00 PM,19,7,12
09/01/2014 01:00:00 PM,21,4,17
09/01/2014 02:00:00 PM,13,12,1
09/01/2014 03:00:00 PM,27,9,18
09/01/2014 04:00:00 PM,14,8,6
09/01/2014 05:00:00 PM,15,8,7
09/01/2014 06:00:00 PM,17,4,13
09/01/2014 07:00:00 PM,17,5,12
09/01/2014 08:00:00 PM,6,3,3
09/01/2014 09:00:00 PM,5,3,2
09/01/2014 10:00:00 PM,2,2,0
09/01/2014 11:00:00 PM,2,0,2
09/02/2014 12:00:00 AM,2,2,0
09/02/2014 01:00:00 AM,0,0,0
09/02/2014 02:00:00 AM,0,0,0
09/02/2014 03:00:00 AM,0,0,0
09/02/2014 04:00:00 AM,0,0,0
09/02/2014 05:00:00 AM,9,1,8
09/02/2014 06:00:00 AM,14,1,13
09/02/2014 07:00:00 AM,34,5,29
09/02/2014 08:00:00 AM,71,13,58
09/02/2014 09:00:00 AM,32,3,29
09/02/2014 10:00:00 AM,28,3,25
09/02/2014 11:00:00 AM,18,11,7
09/02/2014 12:00:00 PM,12,2,10
09/02/2014 01:00:00 PM,15,11,4
09/02/2014 02:00:00 PM,15,7,8
09/02/2014 03:00:00 PM,7,6,1
09/02/2014 04:00:00 PM,26,16,10
09/02/2014 05:00:00 PM,50,35,15
09/02/2014 06:00:00 PM,25,21,4
09/02/2014 07:00:00 PM,11,6,5
09/02/2014 08:00:00 PM,10,4,6
09/02/2014 09:00:00 PM,7,5,2
09/02/2014 10:00:00 PM,1,0,1
09/02/2014 11:00:00 PM,0,0,0
09/03/2014 12:00:00 AM,1,1,0
09/03/2014 01:00:00 AM,0,0,0
09/03/2014 02:00:00 AM,0,0,0
09/03/2014 03:00:00 AM,0,0,0
09/03/2014 04:00:00 AM,2,0,2
09/03/2014 05:00:00 AM,6,1,5
09/03/2014 06:00:00 AM,24,0,24
09/03/2014 07:00:00 AM,46,5,41
09/03/2014 08:00:00 AM,47,6,41
09/03/2014 09:00:00 AM,37,5,32
09/03/2014 10:00:00 AM,18,3,15
09/03/2014 11:00:00 AM,6,1,5
09/03/2014 12:00:00 PM,13,5,8
09/03/2014 01:00:00 PM,8,1,7
09/03/2014 02:00:00 PM,21,7,14
09/03/2014 03:00:00 PM,17,9,8
09/03/2014 04:00:00 PM,20,12,8
09/03/2014 05:00:00 PM,55,41,14
09/03/2014 06:00:00 PM,36,25,11
09/03/2014 07:00:00 PM,20,17,3
09/03/2014 08:00:00 PM,11,7,4
09/03/2014 09:00:00 PM,9,9,0
09/03/2014 10:00:00 PM,1,1,0
09/03/2014 11:00:00 PM,0,0,0
09/04/2014 12:00:00 AM,1,1,0
09/04/2014 01:00:00 AM,0,0,0
09/04/2014 02:00:00 AM,0,0,0
09/04/2014 03:00:00 AM,0,0,0
09/04/2014 04:00:00 AM,0,0,0
09/04/2014 05:00:00 AM,19,1,18
09/04/2014 06:00:00 AM,26,4,22
09/04/2014 07:00:00 AM,36,3,33
09/04/2014 08:00:00 AM,60,12,48
09/04/2014 09:00:00 AM,34,5,29
09/04/2014 10:00:00 AM,25,5,20
09/04/2014 11:00:00 AM,16,8,8
09/04/2014 12:00:00 PM,10,4,6
09/04/2014 01:00:00 PM,9,4,5
09/04/2014 02:00:00 PM,11,9,2
09/04/2014 03:00:00 PM,26,16,10
09/04/2014 04:00:00 PM,32,14,18
09/04/2014 05:00:00 PM,35,30,5
09/04/2014 06:00:00 PM,25,22,3
09/04/2014 07:00:00 PM,21,19,2
09/04/2014 08:00:00 PM,10,6,4
09/04/2014 09:00:00 PM,9,3,6
09/04/2014 10:00:00 PM,1,1,0
09/04/2014 11:00:00 PM,3,1,2
09/05/2014 12:00:00 AM,1,1,0
09/05/2014 01:00:00 AM,0,0,0
09/05/2014 02:00:00 AM,0,0,0
09/05/2014 03:00:00 AM,0,0,0
09/05/2014 04:00:00 AM,0,0,0
09/05/2014 05:00:00 AM,11,0,11
09/05/2014 06:00:00 AM,19,4,15
09/05/2014 07:00:00 AM,40,2,38
09/05/2014 08:00:00 AM,44,1,43
09/05/2014 09:00:00 AM,38,4,34
09/05/2014 10:00:00 AM,5,0,5
09/05/2014 11:00:00 AM,9,1,8
09/05/2014 12:00:00 PM,27,8,19
09/05/2014 01:00:00 PM,16,4,12
09/05/2014 02:00:00 PM,14,7,7
09/05/2014 03:00:00 PM,18,7,11
09/05/2014 04:00:00 PM,46,27,19
09/05/2014 05:00:00 PM,51,36,15
09/05/2014 06:00:00 PM,43,28,15
09/05/2014 07:00:00 PM,24,16,8
09/05/2014 08:00:00 PM,3,3,0
09/05/2014 09:00:00 PM,7,4,3
09/05/2014 10:00:00 PM,1,1,0
09/05/2014 11:00:00 PM,2,2,0
09/06/2014 12:00:00 AM,2,0,2
09/06/2014 01:00:00 AM,0,0,0
09/06/2014 02:00:00 AM,0,0,0
09/06/2014 03:00:00 AM,0,0,0
09/06/2014 04:00:00 AM,0,0,0
09/06/2014 05:00:00 AM,4,0,4
09/06/2014 06:00:00 AM,11,1,10
09/06/2014 07:00:00 AM,18,5,13
09/06/2014 08:00:00 AM,14,2,12
09/06/2014 09:00:00 AM,20,3,17
09/06/2014 10:00:00 AM,23,5,18
09/06/2014 11:00:00 AM,30,15,15
09/06/2014 12:00:00 PM,30,18,12
09/06/2014 01:00:00 PM,15,10,5
09/06/2014 02:00:00 PM,22,9,13
09/06/2014 03:00:00 PM,17,10,7
09/06/2014 04:00:00 PM,18,13,5
09/06/2014 05:00:00 PM,21,5,16
09/06/2014 06:00:00 PM,5,2,3
09/06/2014 07:00:00 PM,10,5,5
09/06/2014 08:00:00 PM,6,6,0
09/06/2014 09:00:00 PM,2,2,0
09/06/2014 10:00:00 PM,0,0,0
09/06/2014 11:00:00 PM,1,1,0
09/07/2014 12:00:00 AM,0,0,0
09/07/2014 01:00:00 AM,2,0,2
09/07/2014 02:00:00 AM,0,0,0
09/07/2014 03:00:00 AM,2,0,2
09/07/2014 04:00:00 AM,0,0,0
09/07/2014 05:00:00 AM,1,1,0
09/07/2014 06:00:00 AM,4,0,4
09/07/2014 07:00:00 AM,4,0,4
09/07/2014 08:00:00 AM,11,4,7
09/07/2014 09:00:00 AM,24,5,19
09/07/2014 10:00:00 AM,22,6,16
09/07/2014 11:00:00 AM,21,7,14
09/07/2014 12:00:00 PM,24,14,10
09/07/2014 01:00:00 PM,17,10,7
09/07/2014 02:00:00 PM,19,6,13
09/07/2014 03:00:00 PM,23,7,16
09/07/2014 04:00:00 PM,29,14,15
09/07/2014 05:00:00 PM,13,8,5
09/07/2014 06:00:00 PM,18,8,10
09/07/2014 07:00:00 PM,19,10,9
09/07/2014 08:00:00 PM,0,0,0
09/07/2014 09:00:00 PM,1,1,0
09/07/2014 10:00:00 PM,3,0,3
09/07/2014 11:00:00 PM,2,0,2
09/08/2014 12:00:00 AM,0,0,0
09/08/2014 01:00:00 AM,0,0,0
09/08/2014 02:00:00 AM,0,0,0
09/08/2014 03:00:00 AM,0,0,0
09/08/2014 04:00:00 AM,0,0,0
09/08/2014 05:00:00 AM,11,2,9
09/08/2014 06:00:00 AM,19,1,18
09/08/2014 07:00:00 AM,42,7,35
09/08/2014 08:00:00 AM,54,4,50
09/08/2014 09:00:00 AM,28,3,25
09/08/2014 10:00:00 AM,14,5,9
09/08/2014 11:00:00 AM,13,2,11
09/08/2014 12:00:00 PM,14,7,7
09/08/2014 01:00:00 PM,16,6,10
09/08/2014 02:00:00 PM,21,6,15
09/08/2014 03:00:00 PM,17,9,8
09/08/2014 04:00:00 PM,22,10,12
09/08/2014 05:00:00 PM,49,39,10
09/08/2014 06:00:00 PM,44,28,16
09/08/2014 07:00:00 PM,19,8,11
09/08/2014 08:00:00 PM,11,8,3
09/08/2014 09:00:00 PM,2,2,0
09/08/2014 10:00:00 PM,2,2,0
09/08/2014 11:00:00 PM,1,1,0
09/09/2014 12:00:00 AM,1,1,0
09/09/2014 01:00:00 AM,0,0,0
09/09/2014 02:00:00 AM,0,0,0
09/09/2014 03:00:00 AM,0,0,0
09/09/2014 04:00:00 AM,0,0,0
09/09/2014 05:00:00 AM,10,0,10
09/09/2014 06:00:00 AM,18,2,16
09/09/2014 07:00:00 AM,48,7,41
09/09/2014 08:00:00 AM,50,3,47
09/09/2014 09:00:00 AM,32,4,28
09/09/2014 10:00:00 AM,23,5,18
09/09/2014 11:00:00 AM,16,9,7
09/09/2014 12:00:00 PM,69,39,30
09/09/2014 01:00:00 PM,21,5,16
09/09/2014 02:00:00 PM,18,5,13
09/09/2014 03:00:00 PM,9,4,5
09/09/2014 04:00:00 PM,25,18,7
09/09/2014 05:00:00 PM,41,34,7
09/09/2014 06:00:00 PM,29,19,10
09/09/2014 07:00:00 PM,24,14,10
09/09/2014 08:00:00 PM,5,5,0
09/09/2014 09:00:00 PM,0,0,0
09/09/2014 10:00:00 PM,0,0,0
09/09/2014 11:00:00 PM,0,0,0
09/10/2014 12:00:00 AM,3,1,2
09/10/2014 01:00:00 AM,1,1,0
09/10/2014 02:00:00 AM,0,0,0
09/10/2014 03:00:00 AM,0,0,0
09/10/2014 04:00:00 AM,0,0,0
09/10/2014 05:00:00 AM,11,1,10
09/10/2014 06:00:00 AM,23,3,20
09/10/2014 07:00:00 AM,35,2,33
09/10/2014 08:00:00 AM,46,5,41
09/10/2014 09:00:00 AM,30,11,19
09/10/2014 10:00:00 AM,27,8,19
09/10/2014 11:00:00 AM,21,9,12
09/10/2014 12:00:00 PM,13,11,2
09/10/2014 01:00:00 PM,13,7,6
09/10/2014 02:00:00 PM,25,14,11
09/10/2014 03:00:00 PM,22,11,11
09/10/2014 04:00:00 PM,25,11,14
09/10/2014 05:00:00 PM,56,38,18
09/10/2014 06:00:00 PM,38,24,14
09/10/2014 07:00:00 PM,15,9,6
09/10/2014 08:00:00 PM,15,5,10
09/10/2014 09:00:00 PM,18,9,9
09/10/2014 10:00:00 PM,2,2,0
09/10/2014 11:00:00 PM,0,0,0
09/11/2014 12:00:00 AM,0,0,0
09/11/2014 01:00:00 AM,2,2,0
09/11/2014 02:00:00 AM,0,0,0
09/11/2014 03:00:00 AM,0,0,0
09/11/2014 04:00:00 AM,2,2,0
09/11/2014 05:00:00 AM,16,1,15
09/11/2014 06:00:00 AM,21,2,19
09/11/2014 07:00:00 AM,42,7,35
09/11/2014 08:00:00 AM,46,11,35
09/11/2014 09:00:00 AM,41,4,37
09/11/2014 10:00:00 AM,17,7,10
09/11/2014 11:00:00 AM,10,3,7
09/11/2014 12:00:00 PM,14,1,13
09/11/2014 01:00:00 PM,19,6,13
09/11/2014 02:00:00 PM,12,7,5
09/11/2014 03:00:00 PM,22,12,10
09/11/2014 04:00:00 PM,31,19,12
09/11/2014 05:00:00 PM,41,32,9
09/11/2014 06:00:00 PM,40,30,10
09/11/2014 07:00:00 PM,27,15,12
09/11/2014 08:00:00 PM,14,12,2
09/11/2014 09:00:00 PM,10,2,8
09/11/2014 10:00:00 PM,7,4,3
09/11/2014 11:00:00 PM,3,3,0
09/12/2014 12:00:00 AM,1,1,0
09/12/2014 01:00:00 AM,1,1,0
09/12/2014 02:00:00 AM,0,0,0
09/12/2014 03:00:00 AM,0,0,0
09/12/2014 04:00:00 AM,0,0,0
09/12/2014 05:00:00 AM,10,1,9
09/12/2014 06:00:00 AM,19,0,19
09/12/2014 07:00:00 AM,40,0,40
09/12/2014 08:00:00 AM,52,1,51
09/12/2014 09:00:00 AM,33,1,32
09/12/2014 10:00:00 AM,26,3,23
09/12/2014 11:00:00 AM,14,7,7
09/12/2014 12:00:00 PM,12,5,7
09/12/2014 01:00:00 PM,22,5,17
09/12/2014 02:00:00 PM,25,10,15
09/12/2014 03:00:00 PM,31,20,11
09/12/2014 04:00:00 PM,34,26,8
09/12/2014 05:00:00 PM,60,49,11
09/12/2014 06:00:00 PM,30,16,14
09/12/2014 07:00:00 PM,29,13,16
09/12/2014 08:00:00 PM,13,5,8
09/12/2014 09:00:00 PM,7,4,3
09/12/2014 10:00:00 PM,7,2,5
09/12/2014 11:00:00 PM,9,4,5
09/13/2014 12:00:00 AM,8,1,7
09/13/2014 01:00:00 AM,0,0,0
09/13/2014 02:00:00 AM,4,1,3
09/13/2014 03:00:00 AM,0,0,0
09/13/2014 04:00:00 AM,0,0,0
09/13/2014 05:00:00 AM,0,0,0
09/13/2014 06:00:00 AM,4,2,2
09/13/2014 07:00:00 AM,9,4,5
09/13/2014 08:00:00 AM,18,3,15
09/13/2014 09:00:00 AM,22,4,18
09/13/2014 10:00:00 AM,41,14,27
09/13/2014 11:00:00 AM,21,10,11
09/13/2014 12:00:00 PM,28,5,23
09/13/2014 01:00:00 PM,20,10,10
09/13/2014 02:00:00 PM,17,6,11
09/13/2014 03:00:00 PM,15,7,8
09/13/2014 04:00:00 PM,29,26,3
09/13/2014 05:00:00 PM,8,3,5
09/13/2014 06:00:00 PM,31,11,20
09/13/2014 07:00:00 PM,5,3,2
09/13/2014 08:00:00 PM,8,2,6
09/13/2014 09:00:00 PM,3,1,2
09/13/2014 10:00:00 PM,12,5,7
09/13/2014 11:00:00 PM,3,0,3
09/14/2014 12:00:00 AM,1,1,0
09/14/2014 01:00:00 AM,5,1,4
09/14/2014 02:00:00 AM,0,0,0
09/14/2014 03:00:00 AM,2,0,2
09/14/2014 04:00:00 AM,0,0,0
09/14/2014 05:00:00 AM,0,0,0
09/14/2014 06:00:00 AM,2,0,2
09/14/2014 07:00:00 AM,8,2,6
09/14/2014 08:00:00 AM,10,3,7
09/14/2014 09:00:00 AM,17,7,10
09/14/2014 10:00:00 AM,16,8,8
09/14/2014 11:00:00 AM,20,5,15
09/14/2014 12:00:00 PM,33,16,17
09/14/2014 01:00:00 PM,27,10,17
09/14/2014 02:00:00 PM,21,14,7
09/14/2014 03:00:00 PM,26,11,15
09/14/2014 04:00:00 PM,13,12,1
09/14/2014 05:00:00 PM,20,5,15
09/14/2014 06:00:00 PM,10,5,5
09/14/2014 07:00:00 PM,9,2,7
09/14/2014 08:00:00 PM,8,3,5
09/14/2014 09:00:00 PM,2,0,2
09/14/2014 10:00:00 PM,9,5,4
09/14/2014 11:00:00 PM,0,0,0
09/15/2014 12:00:00 AM,0,0,0
09/15/2014 01:00:00 AM,0,0,0
09/15/2014 02:00:00 AM,0,0,0
09/15/2014 03:00:00 AM,0,0,0
09/15/2014 04:00:00 AM,0,0,0
09/15/2014 05:00:00 AM,7,1,6
09/15/2014 06:00:00 AM,19,1,18
09/15/2014 07:00:00 AM,45,6,39
09/15/2014 08:00:00 AM,46,8,38
09/15/2014 09:00:00 AM,23,1,22
09/15/2014 10:00:00 AM,23,1,22
09/15/2014 11:00:00 AM,13,1,12
09/15/2014 12:00:00 PM,15,3,12
09/15/2014 01:00:00 PM,17,8,9
09/15/2014 02:00:00 PM,28,10,18
09/15/2014 03:00:00 PM,17,14,3
09/15/2014 04:00:00 PM,43,22,21
09/15/2014 05:00:00 PM,59,34,25
09/15/2014 06:00:00 PM,53,39,14
09/15/2014 07:00:00 PM,29,18,11
09/15/2014 08:00:00 PM,15,11,4
09/15/2014 09:00:00 PM,4,2,2
09/15/2014 10:00:00 PM,3,3,0
09/15/2014 11:00:00 PM,5,0,5
09/16/2014 12:00:00 AM,1,1,0
09/16/2014 01:00:00 AM,0,0,0
09/16/2014 02:00:00 AM,0,0,0
09/16/2014 03:00:00 AM,0,0,0
09/16/2014 04:00:00 AM,0,0,0
09/16/2014 05:00:00 AM,10,2,8
09/16/2014 06:00:00 AM,22,1,21
09/16/2014 07:00:00 AM,43,7,36
09/16/2014 08:00:00 AM,50,3,47
09/16/2014 09:00:00 AM,28,5,23
09/16/2014 10:00:00 AM,27,7,20
09/16/2014 11:00:00 AM,11,2,9
09/16/2014 12:00:00 PM,12,5,7
09/16/2014 01:00:00 PM,15,8,7
09/16/2014 02:00:00 PM,20,6,14
09/16/2014 03:00:00 PM,34,17,17
09/16/2014 04:00:00 PM,21,13,8
09/16/2014 05:00:00 PM,68,41,27
09/16/2014 06:00:00 PM,31,17,14
09/16/2014 07:00:00 PM,20,8,12
09/16/2014 08:00:00 PM,15,12,3
09/16/2014 09:00:00 PM,7,3,4
09/16/2014 10:00:00 PM,0,0,0
09/16/2014 11:00:00 PM,5,2,3
09/17/2014 12:00:00 AM,1,1,0
09/17/2014 01:00:00 AM,0,0,0
09/17/2014 02:00:00 AM,0,0,0
09/17/2014 03:00:00 AM,1,0,1
09/17/2014 04:00:00 AM,0,0,0
09/17/2014 05:00:00 AM,8,0,8
09/17/2014 06:00:00 AM,15,3,12
09/17/2014 07:00:00 AM,35,3,32
09/17/2014 08:00:00 AM,47,5,42
09/17/2014 09:00:00 AM,36,4,32
09/17/2014 10:00:00 AM,17,6,11
09/17/2014 11:00:00 AM,17,6,11
09/17/2014 12:00:00 PM,28,11,17
09/17/2014 01:00:00 PM,12,3,9
09/17/2014 02:00:00 PM,12,8,4
09/17/2014 03:00:00 PM,23,9,14
09/17/2014 04:00:00 PM,21,17,4
09/17/2014 05:00:00 PM,41,35,6
09/17/2014 06:00:00 PM,40,23,17
09/17/2014 07:00:00 PM,18,10,8
09/17/2014 08:00:00 PM,15,6,9
09/17/2014 09:00:00 PM,2,2,0
09/17/2014 10:00:00 PM,1,1,0
09/17/2014 11:00:00 PM,1,1,0
09/18/2014 12:00:00 AM,1,1,0
09/18/2014 01:00:00 AM,0,0,0
09/18/2014 02:00:00 AM,0,0,0
09/18/2014 03:00:00 AM,4,1,3
09/18/2014 04:00:00 AM,0,0,0
09/18/2014 05:00:00 AM,7,1,6
09/18/2014 06:00:00 AM,16,0,16
09/18/2014 07:00:00 AM,31,1,30
09/18/2014 08:00:00 AM,41,3,38
09/18/2014 09:00:00 AM,22,6,16
09/18/2014 10:00:00 AM,13,4,9
09/18/2014 11:00:00 AM,11,0,11
09/18/2014 12:00:00 PM,22,9,13
09/18/2014 01:00:00 PM,8,2,6
09/18/2014 02:00:00 PM,13,7,6
09/18/2014 03:00:00 PM,13,6,7
09/18/2014 04:00:00 PM,31,19,12
09/18/2014 05:00:00 PM,32,22,10
09/18/2014 06:00:00 PM,34,15,19
09/18/2014 07:00:00 PM,13,9,4
09/18/2014 08:00:00 PM,6,3,3
09/18/2014 09:00:00 PM,14,1,13
09/18/2014 10:00:00 PM,0,0,0
09/18/2014 11:00:00 PM,0,0,0
09/19/2014 12:00:00 AM,3,0,3
09/19/2014 01:00:00 AM,0,0,0
09/19/2014 02:00:00 AM,0,0,0
09/19/2014 03:00:00 AM,0,0,0
09/19/2014 04:00:00 AM,2,0,2
09/19/2014 05:00:00 AM,2,0,2
09/19/2014 06:00:00 AM,10,0,10
09/19/2014 07:00:00 AM,37,6,31
09/19/2014 08:00:00 AM,48,16,32
09/19/2014 09:00:00 AM,31,5,26
09/19/2014 10:00:00 AM,37,12,25
09/19/2014 11:00:00 AM,15,3,12
09/19/2014 12:00:00 PM,29,10,19
09/19/2014 01:00:00 PM,17,5,12
09/19/2014 02:00:00 PM,34,9,25
09/19/2014 03:00:00 PM,17,8,9
09/19/2014 04:00:00 PM,18,13,5
09/19/2014 05:00:00 PM,43,38,5
09/19/2014 06:00:00 PM,25,19,6
09/19/2014 07:00:00 PM,15,8,7
09/19/2014 08:00:00 PM,7,4,3
09/19/2014 09:00:00 PM,9,2,7
09/19/2014 10:00:00 PM,4,0,4
09/19/2014 11:00:00 PM,1,1,0
09/20/2014 12:00:00 AM,0,0,0
09/20/2014 01:00:00 AM,0,0,0
09/20/2014 02:00:00 AM,1,1,0
09/20/2014 03:00:00 AM,0,0,0
09/20/2014 04:00:00 AM,0,0,0
09/20/2014 05:00:00 AM,0,0,0
09/20/2014 06:00:00 AM,2,0,2
09/20/2014 07:00:00 AM,8,2,6
09/20/2014 08:00:00 AM,6,0,6
09/20/2014 09:00:00 AM,13,3,10
09/20/2014 10:00:00 AM,8,1,7
09/20/2014 11:00:00 AM,15,5,10
09/20/2014 12:00:00 PM,16,3,13
09/20/2014 01:00:00 PM,12,6,6
09/20/2014 02:00:00 PM,20,9,11
09/20/2014 03:00:00 PM,8,2,6
09/20/2014 04:00:00 PM,12,8,4
09/20/2014 05:00:00 PM,18,10,8
09/20/2014 06:00:00 PM,22,13,9
09/20/2014 07:00:00 PM,21,11,10
09/20/2014 08:00:00 PM,4,2,2
09/20/2014 09:00:00 PM,7,5,2
09/20/2014 10:00:00 PM,2,2,0
09/20/2014 11:00:00 PM,3,1,2
09/21/2014 12:00:00 AM,1,1,0
09/21/2014 01:00:00 AM,3,3,0
09/21/2014 02:00:00 AM,0,0,0
09/21/2014 03:00:00 AM,0,0,0
09/21/2014 04:00:00 AM,0,0,0
09/21/2014 05:00:00 AM,0,0,0
09/21/2014 06:00:00 AM,2,0,2
09/21/2014 07:00:00 AM,1,0,1
09/21/2014 08:00:00 AM,10,1,9
09/21/2014 09:00:00 AM,8,5,3
09/21/2014 10:00:00 AM,15,4,11
09/21/2014 11:00:00 AM,24,4,20
09/21/2014 12:00:00 PM,27,15,12
09/21/2014 01:00:00 PM,17,11,6
09/21/2014 02:00:00 PM,20,5,15
09/21/2014 03:00:00 PM,29,20,9
09/21/2014 04:00:00 PM,13,5,8
09/21/2014 05:00:00 PM,7,7,0
09/21/2014 06:00:00 PM,9,7,2
09/21/2014 07:00:00 PM,7,2,5
09/21/2014 08:00:00 PM,12,6,6
09/21/2014 09:00:00 PM,2,1,1
09/21/2014 10:00:00 PM,1,1,0
09/21/2014 11:00:00 PM,2,0,2
09/22/2014 12:00:00 AM,3,3,0
09/22/2014 01:00:00 AM,0,0,0
09/22/2014 02:00:00 AM,0,0,0
09/22/2014 03:00:00 AM,0,0,0
09/22/2014 04:00:00 AM,0,0,0
09/22/2014 05:00:00 AM,7,1,6
09/22/2014 06:00:00 AM,9,1,8
09/22/2014 07:00:00 AM,53,5,48
09/22/2014 08:00:00 AM,41,2,39
09/22/2014 09:00:00 AM,32,1,31
09/22/2014 10:00:00 AM,16,2,14
09/22/2014 11:00:00 AM,14,2,12
09/22/2014 12:00:00 PM,12,6,6
09/22/2014 01:00:00 PM,7,2,5
09/22/2014 02:00:00 PM,29,7,22
09/22/2014 03:00:00 PM,9,4,5
09/22/2014 04:00:00 PM,20,14,6
09/22/2014 05:00:00 PM,56,44,12
09/22/2014 06:00:00 PM,34,28,6
09/22/2014 07:00:00 PM,14,8,6
09/22/2014 08:00:00 PM,6,5,1
09/22/2014 09:00:00 PM,0,0,0
09/22/2014 10:00:00 PM,4,3,1
09/22/2014 11:00:00 PM,0,0,0
09/23/2014 12:00:00 AM,1,0,1
09/23/2014 01:00:00 AM,1,1,0
09/23/2014 02:00:00 AM,0,0,0
09/23/2014 03:00:00 AM,0,0,0
09/23/2014 04:00:00 AM,0,0,0
09/23/2014 05:00:00 AM,8,0,8
09/23/2014 06:00:00 AM,25,1,24
09/23/2014 07:00:00 AM,32,2,30
09/23/2014 08:00:00 AM,44,7,37
09/23/2014 09:00:00 AM,38,10,28
09/23/2014 10:00:00 AM,21,3,18
09/23/2014 11:00:00 AM,13,4,9
09/23/2014 12:00:00 PM,20,5,15
09/23/2014 01:00:00 PM,11,3,8
09/23/2014 02:00:00 PM,15,7,8
09/23/2014 03:00:00 PM,19,14,5
09/23/2014 04:00:00 PM,19,13,6
09/23/2014 05:00:00 PM,45,29,16
09/23/2014 06:00:00 PM,32,19,13
09/23/2014 07:00:00 PM,10,6,4
09/23/2014 08:00:00 PM,5,5,0
09/23/2014 09:00:00 PM,4,1,3
09/23/2014 10:00:00 PM,0,0,0
09/23/2014 11:00:00 PM,1,1,0
09/24/2014 12:00:00 AM,1,1,0
09/24/2014 01:00:00 AM,0,0,0
09/24/2014 02:00:00 AM,0,0,0
09/24/2014 03:00:00 AM,0,0,0
09/24/2014 04:00:00 AM,0,0,0
09/24/2014 05:00:00 AM,11,1,10
09/24/2014 06:00:00 AM,9,0,9
09/24/2014 07:00:00 AM,23,4,19
09/24/2014 08:00:00 AM,19,0,19
09/24/2014 09:00:00 AM,31,2,29
09/24/2014 10:00:00 AM,5,1,4
09/24/2014 11:00:00 AM,12,1,11
09/24/2014 12:00:00 PM,21,8,13
09/24/2014 01:00:00 PM,22,4,18
09/24/2014 02:00:00 PM,15,8,7
09/24/2014 03:00:00 PM,11,8,3
09/24/2014 04:00:00 PM,17,10,7
09/24/2014 05:00:00 PM,28,18,10
09/24/2014 06:00:00 PM,37,22,15
09/24/2014 07:00:00 PM,11,6,5
09/24/2014 08:00:00 PM,10,3,7
09/24/2014 09:00:00 PM,9,5,4
09/24/2014 10:00:00 PM,1,1,0
09/24/2014 11:00:00 PM,2,2,0
09/25/2014 12:00:00 AM,1,1,0
09/25/2014 01:00:00 AM,0,0,0
09/25/2014 02:00:00 AM,0,0,0
09/25/2014 03:00:00 AM,0,0,0
09/25/2014 04:00:00 AM,2,0,2
09/25/2014 05:00:00 AM,7,1,6
09/25/2014 06:00:00 AM,9,1,8
09/25/2014 07:00:00 AM,20,4,16
09/25/2014 08:00:00 AM,41,3,38
09/25/2014 09:00:00 AM,22,3,19
09/25/2014 10:00:00 AM,19,2,17
09/25/2014 11:00:00 AM,4,0,4
09/25/2014 12:00:00 PM,7,0,7
09/25/2014 01:00:00 PM,13,6,7
09/25/2014 02:00:00 PM,10,0,10
09/25/2014 03:00:00 PM,17,12,5
09/25/2014 04:00:00 PM,24,13,11
09/25/2014 05:00:00 PM,45,32,13
09/25/2014 06:00:00 PM,33,22,11
09/25/2014 07:00:00 PM,10,6,4
09/25/2014 08:00:00 PM,5,4,1
09/25/2014 09:00:00 PM,8,3,5
09/25/2014 10:00:00 PM,3,3,0
09/25/2014 11:00:00 PM,2,0,2
09/26/2014 12:00:00 AM,1,1,0
09/26/2014 01:00:00 AM,0,0,0
09/26/2014 02:00:00 AM,0,0,0
09/26/2014 03:00:00 AM,0,0,0
09/26/2014 04:00:00 AM,0,0,0
09/26/2014 05:00:00 AM,11,1,10
09/26/2014 06:00:00 AM,13,0,13
09/26/2014 07:00:00 AM,28,1,27
09/26/2014 08:00:00 AM,26,4,22
09/26/2014 09:00:00 AM,40,1,39
09/26/2014 10:00:00 AM,5,1,4
09/26/2014 11:00:00 AM,10,0,10
09/26/2014 12:00:00 PM,12,4,8
09/26/2014 01:00:00 PM,18,7,11
09/26/2014 02:00:00 PM,15,6,9
09/26/2014 03:00:00 PM,23,8,15
09/26/2014 04:00:00 PM,34,16,18
09/26/2014 05:00:00 PM,39,28,11
09/26/2014 06:00:00 PM,16,16,0
09/26/2014 07:00:00 PM,8,6,2
09/26/2014 08:00:00 PM,7,4,3
09/26/2014 09:00:00 PM,3,1,2
09/26/2014 10:00:00 PM,4,2,2
09/26/2014 11:00:00 PM,1,1,0
09/27/2014 12:00:00 AM,3,0,3
09/27/2014 01:00:00 AM,0,0,0
09/27/2014 02:00:00 AM,0,0,0
09/27/2014 03:00:00 AM,0,0,0
09/27/2014 04:00:00 AM,0,0,0
09/27/2014 05:00:00 AM,0,0,0
09/27/2014 06:00:00 AM,7,2,5
09/27/2014 07:00:00 AM,5,0,5
09/27/2014 08:00:00 AM,14,3,11
09/27/2014 09:00:00 AM,17,6,11
09/27/2014 10:00:00 AM,17,6,11
09/27/2014 11:00:00 AM,13,4,9
09/27/2014 12:00:00 PM,21,7,14
09/27/2014 01:00:00 PM,14,7,7
09/27/2014 02:00:00 PM,9,2,7
09/27/2014 03:00:00 PM,19,12,7
09/27/2014 04:00:00 PM,15,4,11
09/27/2014 05:00:00 PM,18,14,4
09/27/2014 06:00:00 PM,11,3,8
09/27/2014 07:00:00 PM,12,8,4
09/27/2014 08:00:00 PM,0,0,0
09/27/2014 09:00:00 PM,3,3,0
09/27/2014 10:00:00 PM,0,0,0
09/27/2014 11:00:00 PM,0,0,0
09/28/2014 12:00:00 AM,2,2,0
09/28/2014 01:00:00 AM,1,1,0
09/28/2014 02:00:00 AM,2,0,2
09/28/2014 03:00:00 AM,0,0,0
09/28/2014 04:00:00 AM,0,0,0
09/28/2014 05:00:00 AM,0,0,0
09/28/2014 06:00:00 AM,2,0,2
09/28/2014 07:00:00 AM,4,2,2
09/28/2014 08:00:00 AM,3,1,2
09/28/2014 09:00:00 AM,13,4,9
09/28/2014 10:00:00 AM,14,4,10
09/28/2014 11:00:00 AM,13,2,11
09/28/2014 12:00:00 PM,7,6,1
09/28/2014 01:00:00 PM,17,6,11
09/28/2014 02:00:00 PM,11,4,7
09/28/2014 03:00:00 PM,20,6,14
09/28/2014 04:00:00 PM,11,1,10
09/28/2014 05:00:00 PM,11,8,3
09/28/2014 06:00:00 PM,21,5,16
09/28/2014 07:00:00 PM,10,7,3
09/28/2014 08:00:00 PM,5,0,5
09/28/2014 09:00:00 PM,4,1,3
09/28/2014 10:00:00 PM,0,0,0
09/28/2014 11:00:00 PM,1,1,0
09/29/2014 12:00:00 AM,1,1,0
09/29/2014 01:00:00 AM,0,0,0
09/29/2014 02:00:00 AM,0,0,0
09/29/2014 03:00:00 AM,0,0,0
09/29/2014 04:00:00 AM,0,0,0
09/29/2014 05:00:00 AM,10,2,8
09/29/2014 06:00:00 AM,17,0,17
09/29/2014 07:00:00 AM,44,2,42
09/29/2014 08:00:00 AM,45,1,44
09/29/2014 09:00:00 AM,27,0,27
09/29/2014 10:00:00 AM,22,4,18
09/29/2014 11:00:00 AM,14,3,11
09/29/2014 12:00:00 PM,3,2,1
09/29/2014 01:00:00 PM,15,2,13
09/29/2014 02:00:00 PM,12,7,5
09/29/2014 03:00:00 PM,11,5,6
09/29/2014 04:00:00 PM,17,7,10
09/29/2014 05:00:00 PM,36,30,6
09/29/2014 06:00:00 PM,26,20,6
09/29/2014 07:00:00 PM,26,22,4
09/29/2014 08:00:00 PM,7,4,3
09/29/2014 09:00:00 PM,5,2,3
09/29/2014 10:00:00 PM,4,4,0
09/29/2014 11:00:00 PM,0,0,0
09/30/2014 12:00:00 AM,1,1,0
09/30/2014 01:00:00 AM,0,0,0
09/30/2014 02:00:00 AM,0,0,0
09/30/2014 03:00:00 AM,0,0,0
09/30/2014 04:00:00 AM,0,0,0
09/30/2014 05:00:00 AM,6,0,6
09/30/2014 06:00:00 AM,19,5,14
09/30/2014 07:00:00 AM,40,3,37
09/30/2014 08:00:00 AM,43,1,42
09/30/2014 09:00:00 AM,25,2,23
09/30/2014 10:00:00 AM,19,5,14
09/30/2014 11:00:00 AM,23,8,15
09/30/2014 12:00:00 PM,7,3,4
09/30/2014 01:00:00 PM,15,5,10
09/30/2014 02:00:00 PM,20,7,13
09/30/2014 03:00:00 PM,17,8,9
09/30/2014 04:00:00 PM,31,15,16
09/30/2014 05:00:00 PM,51,38,13
09/30/2014 06:00:00 PM,30,19,11
09/30/2014 07:00:00 PM,19,14,5
09/30/2014 08:00:00 PM,10,5,5
09/30/2014 09:00:00 PM,12,4,8
09/30/2014 10:00:00 PM,1,1,0
09/30/2014 11:00:00 PM,1,1,0
10/01/2014 12:00:00 AM,2,1,1
10/01/2014 01:00:00 AM,0,0,0
10/01/2014 02:00:00 AM,0,0,0
10/01/2014 03:00:00 AM,0,0,0
10/01/2014 04:00:00 AM,1,0,1
10/01/2014 05:00:00 AM,12,1,11
10/01/2014 06:00:00 AM,28,2,26
10/01/2014 07:00:00 AM,49,8,41
10/01/2014 08:00:00 AM,46,1,45
10/01/2014 09:00:00 AM,37,1,36
10/01/2014 10:00:00 AM,17,1,16
10/01/2014 11:00:00 AM,13,4,9
10/01/2014 12:00:00 PM,4,0,4
10/01/2014 01:00:00 PM,14,3,11
10/01/2014 02:00:00 PM,15,10,5
10/01/2014 03:00:00 PM,34,13,21
10/01/2014 04:00:00 PM,15,13,2
10/01/2014 05:00:00 PM,46,31,15
10/01/2014 06:00:00 PM,40,31,9
10/01/2014 07:00:00 PM,19,16,3
10/01/2014 08:00:00 PM,12,7,5
10/01/2014 09:00:00 PM,4,2,2
10/01/2014 10:00:00 PM,0,0,0
10/01/2014 11:00:00 PM,0,0,0
10/02/2014 12:00:00 AM,2,2,0
10/02/2014 01:00:00 AM,0,0,0
10/02/2014 02:00:00 AM,0,0,0
10/02/2014 03:00:00 AM,0,0,0
10/02/2014 04:00:00 AM,2,0,2
10/02/2014 05:00:00 AM,9,0,9
10/02/2014 06:00:00 AM,25,0,25
10/02/2014 07:00:00 AM,42,4,38
10/02/2014 08:00:00 AM,56,4,52
10/02/2014 09:00:00 AM,52,8,44
10/02/2014 10:00:00 AM,16,2,14
10/02/2014 11:00:00 AM,15,3,12
10/02/2014 12:00:00 PM,11,4,7
10/02/2014 01:00:00 PM,12,4,8
10/02/2014 02:00:00 PM,18,11,7
10/02/2014 03:00:00 PM,26,14,12
10/02/2014 04:00:00 PM,34,17,17
10/02/2014 05:00:00 PM,40,33,7
10/02/2014 06:00:00 PM,49,36,13
10/02/2014 07:00:00 PM,12,10,2
10/02/2014 08:00:00 PM,8,8,0
10/02/2014 09:00:00 PM,9,3,6
10/02/2014 10:00:00 PM,4,1,3
10/02/2014 11:00:00 PM,1,1,0
10/03/2014 12:00:00 AM,3,0,3
10/03/2014 01:00:00 AM,0,0,0
10/03/2014 02:00:00 AM,0,0,0
10/03/2014 03:00:00 AM,0,0,0
10/03/2014 04:00:00 AM,2,0,2
10/03/2014 05:00:00 AM,5,1,4
10/03/2014 06:00:00 AM,29,2,27
10/03/2014 07:00:00 AM,34,2,32
10/03/2014 08:00:00 AM,36,2,34
10/03/2014 09:00:00 AM,33,3,30
10/03/2014 10:00:00 AM,17,1,16
10/03/2014 11:00:00 AM,15,1,14
10/03/2014 12:00:00 PM,13,6,7
10/03/2014 01:00:00 PM,14,6,8
10/03/2014 02:00:00 PM,11,5,6
10/03/2014 03:00:00 PM,22,14,8
10/03/2014 04:00:00 PM,33,23,10
10/03/2014 05:00:00 PM,31,24,7
10/03/2014 06:00:00 PM,28,15,13
10/03/2014 07:00:00 PM,10,10,0
10/03/2014 08:00:00 PM,12,5,7
10/03/2014 09:00:00 PM,8,5,3
10/03/2014 10:00:00 PM,4,2,2
10/03/2014 11:00:00 PM,1,0,1
10/04/2014 12:00:00 AM,2,0,2
10/04/2014 01:00:00 AM,0,0,0
10/04/2014 02:00:00 AM,0,0,0
10/04/2014 03:00:00 AM,0,0,0
10/04/2014 04:00:00 AM,0,0,0
10/04/2014 05:00:00 AM,0,0,0
10/04/2014 06:00:00 AM,10,0,10
10/04/2014 07:00:00 AM,3,0,3
10/04/2014 08:00:00 AM,15,1,14
10/04/2014 09:00:00 AM,11,5,6
10/04/2014 10:00:00 AM,10,1,9
10/04/2014 11:00:00 AM,12,0,12
10/04/2014 12:00:00 PM,17,10,7
10/04/2014 01:00:00 PM,25,10,15
10/04/2014 02:00:00 PM,17,7,10
10/04/2014 03:00:00 PM,11,6,5
10/04/2014 04:00:00 PM,16,5,11
10/04/2014 05:00:00 PM,7,5,2
10/04/2014 06:00:00 PM,9,3,6
10/04/2014 07:00:00 PM,1,0,1
10/04/2014 08:00:00 PM,2,0,2
10/04/2014 09:00:00 PM,5,3,2
10/04/2014 10:00:00 PM,0,0,0
10/04/2014 11:00:00 PM,4,2,2
10/05/2014 12:00:00 AM,1,1,0
10/05/2014 01:00:00 AM,3,0,3
10/05/2014 02:00:00 AM,0,0,0
10/05/2014 03:00:00 AM,0,0,0
10/05/2014 04:00:00 AM,0,0,0
10/05/2014 05:00:00 AM,0,0,0
10/05/2014 06:00:00 AM,2,0,2
10/05/2014 07:00:00 AM,5,1,4
10/05/2014 08:00:00 AM,13,4,9
10/05/2014 09:00:00 AM,12,2,10
10/05/2014 10:00:00 AM,18,7,11
10/05/2014 11:00:00 AM,17,6,11
10/05/2014 12:00:00 PM,12,5,7
10/05/2014 01:00:00 PM,25,15,10
10/05/2014 02:00:00 PM,25,8,17
10/05/2014 03:00:00 PM,17,12,5
10/05/2014 04:00:00 PM,19,7,12
10/05/2014 05:00:00 PM,6,4,2
10/05/2014 06:00:00 PM,10,8,2
10/05/2014 07:00:00 PM,14,9,5
10/05/2014 08:00:00 PM,2,2,0
10/05/2014 09:00:00 PM,0,0,0
10/05/2014 10:00:00 PM,2,2,0
10/05/2014 11:00:00 PM,0,0,0
10/06/2014 12:00:00 AM,1,1,0
10/06/2014 01:00:00 AM,2,0,2
10/06/2014 02:00:00 AM,0,0,0
10/06/2014 03:00:00 AM,0,0,0
10/06/2014 04:00:00 AM,0,0,0
10/06/2014 05:00:00 AM,6,1,5
10/06/2014 06:00:00 AM,12,2,10
10/06/2014 07:00:00 AM,32,1,31
10/06/2014 08:00:00 AM,39,2,37
10/06/2014 09:00:00 AM,24,5,19
10/06/2014 10:00:00 AM,17,2,15
10/06/2014 11:00:00 AM,22,2,20
10/06/2014 12:00:00 PM,8,3,5
10/06/2014 01:00:00 PM,8,5,3
10/06/2014 02:00:00 PM,13,6,7
10/06/2014 03:00:00 PM,17,15,2
10/06/2014 04:00:00 PM,21,19,2
10/06/2014 05:00:00 PM,48,34,14
10/06/2014 06:00:00 PM,34,27,7
10/06/2014 07:00:00 PM,15,10,5
10/06/2014 08:00:00 PM,8,6,2
10/06/2014 09:00:00 PM,4,4,0
10/06/2014 10:00:00 PM,8,6,2
10/06/2014 11:00:00 PM,4,2,2
10/07/2014 12:00:00 AM,2,2,0
10/07/2014 01:00:00 AM,0,0,0
10/07/2014 02:00:00 AM,0,0,0
10/07/2014 03:00:00 AM,0,0,0
10/07/2014 04:00:00 AM,0,0,0
10/07/2014 05:00:00 AM,9,0,9
10/07/2014 06:00:00 AM,15,3,12
10/07/2014 07:00:00 AM,51,5,46
10/07/2014 08:00:00 AM,36,9,27
10/07/2014 09:00:00 AM,27,2,25
10/07/2014 10:00:00 AM,13,1,12
10/07/2014 11:00:00 AM,5,2,3
10/07/2014 12:00:00 PM,8,2,6
10/07/2014 01:00:00 PM,15,7,8
10/07/2014 02:00:00 PM,17,13,4
10/07/2014 03:00:00 PM,19,6,13
10/07/2014 04:00:00 PM,29,19,10
10/07/2014 05:00:00 PM,47,38,9
10/07/2014 06:00:00 PM,29,26,3
10/07/2014 07:00:00 PM,21,16,5
10/07/2014 08:00:00 PM,8,5,3
10/07/2014 09:00:00 PM,4,3,1
10/07/2014 10:00:00 PM,1,1,0
10/07/2014 11:00:00 PM,1,1,0
10/08/2014 12:00:00 AM,3,3,0
10/08/2014 01:00:00 AM,0,0,0
10/08/2014 02:00:00 AM,0,0,0
10/08/2014 03:00:00 AM,0,0,0
10/08/2014 04:00:00 AM,0,0,0
10/08/2014 05:00:00 AM,6,2,4
10/08/2014 06:00:00 AM,8,1,7
10/08/2014 07:00:00 AM,39,2,37
10/08/2014 08:00:00 AM,55,4,51
10/08/2014 09:00:00 AM,24,5,19
10/08/2014 10:00:00 AM,22,10,12
10/08/2014 11:00:00 AM,23,4,19
10/08/2014 12:00:00 PM,7,4,3
10/08/2014 01:00:00 PM,13,3,10
10/08/2014 02:00:00 PM,24,10,14
10/08/2014 03:00:00 PM,21,12,9
10/08/2014 04:00:00 PM,29,16,13
10/08/2014 05:00:00 PM,39,35,4
10/08/2014 06:00:00 PM,29,22,7
10/08/2014 07:00:00 PM,33,19,14
10/08/2014 08:00:00 PM,4,2,2
10/08/2014 09:00:00 PM,13,7,6
10/08/2014 10:00:00 PM,1,1,0
10/08/2014 11:00:00 PM,1,1,0
10/09/2014 12:00:00 AM,1,1,0
10/09/2014 01:00:00 AM,0,0,0
10/09/2014 02:00:00 AM,0,0,0
10/09/2014 03:00:00 AM,0,0,0
10/09/2014 04:00:00 AM,0,0,0
10/09/2014 05:00:00 AM,6,0,6
10/09/2014 06:00:00 AM,13,2,11
10/09/2014 07:00:00 AM,35,4,31
10/09/2014 08:00:00 AM,48,2,46
10/09/2014 09:00:00 AM,34,4,30
10/09/2014 10:00:00 AM,8,0,8
10/09/2014 11:00:00 AM,15,8,7
10/09/2014 12:00:00 PM,9,3,6
10/09/2014 01:00:00 PM,3,1,2
10/09/2014 02:00:00 PM,16,9,7
10/09/2014 03:00:00 PM,20,11,9
10/09/2014 04:00:00 PM,28,22,6
10/09/2014 05:00:00 PM,32,22,10
10/09/2014 06:00:00 PM,28,25,3
10/09/2014 07:00:00 PM,15,12,3
10/09/2014 08:00:00 PM,7,4,3
10/09/2014 09:00:00 PM,2,2,0
10/09/2014 10:00:00 PM,6,6,0
10/09/2014 11:00:00 PM,2,2,0
10/10/2014 12:00:00 AM,0,0,0
10/10/2014 01:00:00 AM,0,0,0
10/10/2014 02:00:00 AM,0,0,0
10/10/2014 03:00:00 AM,0,0,0
10/10/2014 04:00:00 AM,2,0,2
10/10/2014 05:00:00 AM,6,1,5
10/10/2014 06:00:00 AM,10,0,10
10/10/2014 07:00:00 AM,29,2,27
10/10/2014 08:00:00 AM,30,3,27
10/10/2014 09:00:00 AM,29,2,27
10/10/2014 10:00:00 AM,20,2,18
10/10/2014 11:00:00 AM,15,6,9
10/10/2014 12:00:00 PM,17,3,14
10/10/2014 01:00:00 PM,10,5,5
10/10/2014 02:00:00 PM,18,4,14
10/10/2014 03:00:00 PM,10,6,4
10/10/2014 04:00:00 PM,24,15,9
10/10/2014 05:00:00 PM,30,25,5
10/10/2014 06:00:00 PM,16,10,6
10/10/2014 07:00:00 PM,16,13,3
10/10/2014 08:00:00 PM,12,6,6
10/10/2014 09:00:00 PM,6,0,6
10/10/2014 10:00:00 PM,4,2,2
10/10/2014 11:00:00 PM,0,0,0
10/11/2014 12:00:00 AM,3,1,2
10/11/2014 01:00:00 AM,0,0,0
10/11/2014 02:00:00 AM,0,0,0
10/11/2014 03:00:00 AM,0,0,0
10/11/2014 04:00:00 AM,0,0,0
10/11/2014 05:00:00 AM,0,0,0
10/11/2014 06:00:00 AM,2,0,2
10/11/2014 07:00:00 AM,1,1,0
10/11/2014 08:00:00 AM,11,1,10
10/11/2014 09:00:00 AM,16,4,12
10/11/2014 10:00:00 AM,21,7,14
10/11/2014 11:00:00 AM,18,2,16
10/11/2014 12:00:00 PM,9,1,8
10/11/2014 01:00:00 PM,11,7,4
10/11/2014 02:00:00 PM,11,3,8
10/11/2014 03:00:00 PM,12,5,7
10/11/2014 04:00:00 PM,7,7,0
10/11/2014 05:00:00 PM,16,10,6
10/11/2014 06:00:00 PM,2,0,2
10/11/2014 07:00:00 PM,4,2,2
10/11/2014 08:00:00 PM,1,1,0
10/11/2014 09:00:00 PM,3,1,2
10/11/2014 10:00:00 PM,3,1,2
10/11/2014 11:00:00 PM,0,0,0
10/12/2014 12:00:00 AM,3,0,3
10/12/2014 01:00:00 AM,0,0,0
10/12/2014 02:00:00 AM,0,0,0
10/12/2014 03:00:00 AM,0,0,0
10/12/2014 04:00:00 AM,0,0,0
10/12/2014 05:00:00 AM,0,0,0
10/12/2014 06:00:00 AM,4,0,4
10/12/2014 07:00:00 AM,4,0,4
10/12/2014 08:00:00 AM,13,4,9
10/12/2014 09:00:00 AM,11,3,8
10/12/2014 10:00:00 AM,14,4,10
10/12/2014 11:00:00 AM,18,3,15
10/12/2014 12:00:00 PM,15,9,6
10/12/2014 01:00:00 PM,25,8,17
10/12/2014 02:00:00 PM,9,5,4
10/12/2014 03:00:00 PM,8,5,3
10/12/2014 04:00:00 PM,12,3,9
10/12/2014 05:00:00 PM,20,8,12
10/12/2014 06:00:00 PM,12,6,6
10/12/2014 07:00:00 PM,4,2,2
10/12/2014 08:00:00 PM,3,1,2
10/12/2014 09:00:00 PM,1,1,0
10/12/2014 10:00:00 PM,2,2,0
10/12/2014 11:00:00 PM,0,0,0
10/13/2014 12:00:00 AM,2,2,0
10/13/2014 01:00:00 AM,0,0,0
10/13/2014 02:00:00 AM,2,0,2
10/13/2014 03:00:00 AM,0,0,0
10/13/2014 04:00:00 AM,0,0,0
10/13/2014 05:00:00 AM,4,0,4
10/13/2014 06:00:00 AM,12,1,11
10/13/2014 07:00:00 AM,36,5,31
10/13/2014 08:00:00 AM,38,3,35
10/13/2014 09:00:00 AM,22,0,22
10/13/2014 10:00:00 AM,23,2,21
10/13/2014 11:00:00 AM,13,2,11
10/13/2014 12:00:00 PM,12,6,6
10/13/2014 01:00:00 PM,13,10,3
10/13/2014 02:00:00 PM,15,4,11
10/13/2014 03:00:00 PM,19,13,6
10/13/2014 04:00:00 PM,15,9,6
10/13/2014 05:00:00 PM,48,36,12
10/13/2014 06:00:00 PM,23,20,3
10/13/2014 07:00:00 PM,13,8,5
10/13/2014 08:00:00 PM,6,6,0
10/13/2014 09:00:00 PM,4,4,0
10/13/2014 10:00:00 PM,2,2,0
10/13/2014 11:00:00 PM,2,0,2
10/14/2014 12:00:00 AM,1,1,0
10/14/2014 01:00:00 AM,0,0,0
10/14/2014 02:00:00 AM,0,0,0
10/14/2014 03:00:00 AM,0,0,0
10/14/2014 04:00:00 AM,0,0,0
10/14/2014 05:00:00 AM,7,0,7
10/14/2014 06:00:00 AM,12,2,10
10/14/2014 07:00:00 AM,33,6,27
10/14/2014 08:00:00 AM,47,4,43
10/14/2014 09:00:00 AM,27,1,26
10/14/2014 10:00:00 AM,15,2,13
10/14/2014 11:00:00 AM,14,5,9
10/14/2014 12:00:00 PM,11,5,6
10/14/2014 01:00:00 PM,9,2,7
10/14/2014 02:00:00 PM,9,4,5
10/14/2014 03:00:00 PM,13,8,5
10/14/2014 04:00:00 PM,20,16,4
10/14/2014 05:00:00 PM,38,28,10
10/14/2014 06:00:00 PM,21,18,3
10/14/2014 07:00:00 PM,13,10,3
10/14/2014 08:00:00 PM,7,1,6
10/14/2014 09:00:00 PM,7,3,4
10/14/2014 10:00:00 PM,0,0,0
10/14/2014 11:00:00 PM,1,1,0
10/15/2014 12:00:00 AM,0,0,0
10/15/2014 01:00:00 AM,0,0,0
10/15/2014 02:00:00 AM,0,0,0
10/15/2014 03:00:00 AM,0,0,0
10/15/2014 04:00:00 AM,0,0,0
10/15/2014 05:00:00 AM,11,1,10
10/15/2014 06:00:00 AM,10,0,10
10/15/2014 07:00:00 AM,23,2,21
10/15/2014 08:00:00 AM,20,0,20
10/15/2014 09:00:00 AM,26,1,25
10/15/2014 10:00:00 AM,12,1,11
10/15/2014 11:00:00 AM,12,1,11
10/15/2014 12:00:00 PM,10,3,7
10/15/2014 01:00:00 PM,6,2,4
10/15/2014 02:00:00 PM,10,5,5
10/15/2014 03:00:00 PM,18,12,6
10/15/2014 04:00:00 PM,15,6,9
10/15/2014 05:00:00 PM,34,21,13
10/15/2014 06:00:00 PM,22,12,10
10/15/2014 07:00:00 PM,14,9,5
10/15/2014 08:00:00 PM,9,2,7
10/15/2014 09:00:00 PM,4,4,0
10/15/2014 10:00:00 PM,2,2,0
10/15/2014 11:00:00 PM,0,0,0
10/16/2014 12:00:00 AM,0,0,0
10/16/2014 01:00:00 AM,0,0,0
10/16/2014 02:00:00 AM,0,0,0
10/16/2014 03:00:00 AM,0,0,0
10/16/2014 04:00:00 AM,2,0,2
10/16/2014 05:00:00 AM,7,1,6
10/16/2014 06:00:00 AM,11,3,8
10/16/2014 07:00:00 AM,52,5,47
10/16/2014 08:00:00 AM,47,1,46
10/16/2014 09:00:00 AM,36,1,35
10/16/2014 10:00:00 AM,13,1,12
10/16/2014 11:00:00 AM,12,2,10
10/16/2014 12:00:00 PM,9,3,6
10/16/2014 01:00:00 PM,22,7,15
10/16/2014 02:00:00 PM,7,4,3
10/16/2014 03:00:00 PM,23,8,15
10/16/2014 04:00:00 PM,46,29,17
10/16/2014 05:00:00 PM,40,32,8
10/16/2014 06:00:00 PM,18,14,4
10/16/2014 07:00:00 PM,13,11,2
10/16/2014 08:00:00 PM,6,4,2
10/16/2014 09:00:00 PM,7,4,3
10/16/2014 10:00:00 PM,4,2,2
10/16/2014 11:00:00 PM,1,1,0
10/17/2014 12:00:00 AM,0,0,0
10/17/2014 01:00:00 AM,3,0,3
10/17/2014 02:00:00 AM,0,0,0
10/17/2014 03:00:00 AM,0,0,0
10/17/2014 04:00:00 AM,0,0,0
10/17/2014 05:00:00 AM,4,0,4
10/17/2014 06:00:00 AM,13,1,12
10/17/2014 07:00:00 AM,32,0,32
10/17/2014 08:00:00 AM,32,1,31
10/17/2014 09:00:00 AM,45,2,43
10/17/2014 10:00:00 AM,12,2,10
10/17/2014 11:00:00 AM,3,1,2
10/17/2014 12:00:00 PM,7,3,4
10/17/2014 01:00:00 PM,14,2,12
10/17/2014 02:00:00 PM,6,2,4
10/17/2014 03:00:00 PM,9,7,2
10/17/2014 04:00:00 PM,18,12,6
10/17/2014 05:00:00 PM,36,21,15
10/17/2014 06:00:00 PM,24,13,11
10/17/2014 07:00:00 PM,12,7,5
10/17/2014 08:00:00 PM,4,3,1
10/17/2014 09:00:00 PM,2,0,2
10/17/2014 10:00:00 PM,5,2,3
10/17/2014 11:00:00 PM,1,1,0
10/18/2014 12:00:00 AM,0,0,0
10/18/2014 01:00:00 AM,3,1,2
10/18/2014 02:00:00 AM,2,2,0
10/18/2014 03:00:00 AM,0,0,0
10/18/2014 04:00:00 AM,0,0,0
10/18/2014 05:00:00 AM,2,0,2
10/18/2014 06:00:00 AM,4,0,4
10/18/2014 07:00:00 AM,10,2,8
10/18/2014 08:00:00 AM,0,0,0
10/18/2014 09:00:00 AM,5,0,5
10/18/2014 10:00:00 AM,7,3,4
10/18/2014 11:00:00 AM,18,2,16
10/18/2014 12:00:00 PM,7,3,4
10/18/2014 01:00:00 PM,7,4,3
10/18/2014 02:00:00 PM,16,7,9
10/18/2014 03:00:00 PM,11,6,5
10/18/2014 04:00:00 PM,10,3,7
10/18/2014 05:00:00 PM,11,5,6
10/18/2014 06:00:00 PM,16,9,7
10/18/2014 07:00:00 PM,5,2,3
10/18/2014 08:00:00 PM,9,5,4
10/18/2014 09:00:00 PM,1,1,0
10/18/2014 10:00:00 PM,0,0,0
10/18/2014 11:00:00 PM,2,0,2
10/19/2014 12:00:00 AM,0,0,0
10/19/2014 01:00:00 AM,0,0,0
10/19/2014 02:00:00 AM,4,2,2
10/19/2014 03:00:00 AM,0,0,0
10/19/2014 04:00:00 AM,0,0,0
10/19/2014 05:00:00 AM,0,0,0
10/19/2014 06:00:00 AM,3,1,2
10/19/2014 07:00:00 AM,5,1,4
10/19/2014 08:00:00 AM,5,0,5
10/19/2014 09:00:00 AM,9,3,6
10/19/2014 10:00:00 AM,7,3,4
10/19/2014 11:00:00 AM,18,6,12
10/19/2014 12:00:00 PM,8,3,5
10/19/2014 01:00:00 PM,31,2,29
10/19/2014 02:00:00 PM,17,6,11
10/19/2014 03:00:00 PM,24,6,18
10/19/2014 04:00:00 PM,23,13,10
10/19/2014 05:00:00 PM,17,8,9
10/19/2014 06:00:00 PM,9,9,0
10/19/2014 07:00:00 PM,3,0,3
10/19/2014 08:00:00 PM,3,1,2
10/19/2014 09:00:00 PM,3,1,2
10/19/2014 10:00:00 PM,0,0,0
10/19/2014 11:00:00 PM,3,3,0
10/20/2014 12:00:00 AM,0,0,0
10/20/2014 01:00:00 AM,2,0,2
10/20/2014 02:00:00 AM,0,0,0
10/20/2014 03:00:00 AM,0,0,0
10/20/2014 04:00:00 AM,0,0,0
10/20/2014 05:00:00 AM,6,0,6
10/20/2014 06:00:00 AM,8,2,6
10/20/2014 07:00:00 AM,24,3,21
10/20/2014 08:00:00 AM,23,1,22
10/20/2014 09:00:00 AM,24,1,23
10/20/2014 10:00:00 AM,5,0,5
10/20/2014 11:00:00 AM,6,0,6
10/20/2014 12:00:00 PM,4,2,2
10/20/2014 01:00:00 PM,19,6,13
10/20/2014 02:00:00 PM,15,8,7
10/20/2014 03:00:00 PM,12,6,6
10/20/2014 04:00:00 PM,29,12,17
10/20/2014 05:00:00 PM,40,25,15
10/20/2014 06:00:00 PM,17,13,4
10/20/2014 07:00:00 PM,13,7,6
10/20/2014 08:00:00 PM,3,3,0
10/20/2014 09:00:00 PM,0,0,0
10/20/2014 10:00:00 PM,1,1,0
10/20/2014 11:00:00 PM,5,2,3
10/21/2014 12:00:00 AM,0,0,0
10/21/2014 01:00:00 AM,0,0,0
10/21/2014 02:00:00 AM,0,0,0
10/21/2014 03:00:00 AM,0,0,0
10/21/2014 04:00:00 AM,0,0,0
10/21/2014 05:00:00 AM,4,0,4
10/21/2014 06:00:00 AM,10,0,10
10/21/2014 07:00:00 AM,28,4,24
10/21/2014 08:00:00 AM,28,3,25
10/21/2014 09:00:00 AM,26,0,26
10/21/2014 10:00:00 AM,24,3,21
10/21/2014 11:00:00 AM,16,1,15
10/21/2014 12:00:00 PM,17,3,14
10/21/2014 01:00:00 PM,6,2,4
10/21/2014 02:00:00 PM,7,5,2
10/21/2014 03:00:00 PM,7,5,2
10/21/2014 04:00:00 PM,14,11,3
10/21/2014 05:00:00 PM,34,26,8
10/21/2014 06:00:00 PM,27,21,6
10/21/2014 07:00:00 PM,15,10,5
10/21/2014 08:00:00 PM,11,6,5
10/21/2014 09:00:00 PM,6,3,3
10/21/2014 10:00:00 PM,1,1,0
10/21/2014 11:00:00 PM,0,0,0
10/22/2014 12:00:00 AM,0,0,0
10/22/2014 01:00:00 AM,0,0,0
10/22/2014 02:00:00 AM,0,0,0
10/22/2014 03:00:00 AM,0,0,0
10/22/2014 04:00:00 AM,0,0,0
10/22/2014 05:00:00 AM,10,0,10
10/22/2014 06:00:00 AM,2,0,2
10/22/2014 07:00:00 AM,20,1,19
10/22/2014 08:00:00 AM,29,2,27
10/22/2014 09:00:00 AM,22,0,22
10/22/2014 10:00:00 AM,5,1,4
10/22/2014 11:00:00 AM,5,1,4
10/22/2014 12:00:00 PM,17,3,14
10/22/2014 01:00:00 PM,11,1,10
10/22/2014 02:00:00 PM,18,6,12
10/22/2014 03:00:00 PM,10,4,6
10/22/2014 04:00:00 PM,10,4,6
10/22/2014 05:00:00 PM,22,16,6
10/22/2014 06:00:00 PM,21,14,7
10/22/2014 07:00:00 PM,15,10,5
10/22/2014 08:00:00 PM,5,5,0
10/22/2014 09:00:00 PM,6,1,5
10/22/2014 10:00:00 PM,1,1,0
10/22/2014 11:00:00 PM,2,2,0
10/23/2014 12:00:00 AM,0,0,0
10/23/2014 01:00:00 AM,2,0,2
10/23/2014 02:00:00 AM,0,0,0
10/23/2014 03:00:00 AM,0,0,0
10/23/2014 04:00:00 AM,0,0,0
10/23/2014 05:00:00 AM,6,0,6
10/23/2014 06:00:00 AM,12,1,11
10/23/2014 07:00:00 AM,25,3,22
10/23/2014 08:00:00 AM,23,1,22
10/23/2014 09:00:00 AM,27,3,24
10/23/2014 10:00:00 AM,9,1,8
10/23/2014 11:00:00 AM,9,3,6
10/23/2014 12:00:00 PM,12,1,11
10/23/2014 01:00:00 PM,7,1,6
10/23/2014 02:00:00 PM,12,3,9
10/23/2014 03:00:00 PM,15,8,7
10/23/2014 04:00:00 PM,25,11,14
10/23/2014 05:00:00 PM,36,24,12
10/23/2014 06:00:00 PM,15,13,2
10/23/2014 07:00:00 PM,15,10,5
10/23/2014 08:00:00 PM,5,0,5
10/23/2014 09:00:00 PM,9,5,4
10/23/2014 10:00:00 PM,6,2,4
10/23/2014 11:00:00 PM,0,0,0
10/24/2014 12:00:00 AM,0,0,0
10/24/2014 01:00:00 AM,2,2,0
10/24/2014 02:00:00 AM,0,0,0
10/24/2014 03:00:00 AM,0,0,0
10/24/2014 04:00:00 AM,0,0,0
10/24/2014 05:00:00 AM,8,1,7
10/24/2014 06:00:00 AM,12,0,12
10/24/2014 07:00:00 AM,35,3,32
10/24/2014 08:00:00 AM,25,1,24
10/24/2014 09:00:00 AM,30,2,28
10/24/2014 10:00:00 AM,11,5,6
10/24/2014 11:00:00 AM,16,5,11
10/24/2014 12:00:00 PM,18,6,12
10/24/2014 01:00:00 PM,10,1,9
10/24/2014 02:00:00 PM,21,14,7
10/24/2014 03:00:00 PM,15,13,2
10/24/2014 04:00:00 PM,19,16,3
10/24/2014 05:00:00 PM,22,17,5
10/24/2014 06:00:00 PM,27,18,9
10/24/2014 07:00:00 PM,14,10,4
10/24/2014 08:00:00 PM,1,1,0
10/24/2014 09:00:00 PM,6,0,6
10/24/2014 10:00:00 PM,3,2,1
10/24/2014 11:00:00 PM,2,0,2
10/25/2014 12:00:00 AM,1,1,0
10/25/2014 01:00:00 AM,0,0,0
10/25/2014 02:00:00 AM,0,0,0
10/25/2014 03:00:00 AM,0,0,0
10/25/2014 04:00:00 AM,0,0,0
10/25/2014 05:00:00 AM,2,0,2
10/25/2014 06:00:00 AM,3,1,2
10/25/2014 07:00:00 AM,1,1,0
10/25/2014 08:00:00 AM,4,1,3
10/25/2014 09:00:00 AM,5,2,3
10/25/2014 10:00:00 AM,7,1,6
10/25/2014 11:00:00 AM,9,2,7
10/25/2014 12:00:00 PM,17,8,9
10/25/2014 01:00:00 PM,3,1,2
10/25/2014 02:00:00 PM,13,8,5
10/25/2014 03:00:00 PM,5,1,4
10/25/2014 04:00:00 PM,9,2,7
10/25/2014 05:00:00 PM,7,1,6
10/25/2014 06:00:00 PM,9,4,5
10/25/2014 07:00:00 PM,8,5,3
10/25/2014 08:00:00 PM,5,1,4
10/25/2014 09:00:00 PM,4,0,4
10/25/2014 10:00:00 PM,0,0,0
10/25/2014 11:00:00 PM,8,5,3
10/26/2014 12:00:00 AM,1,1,0
10/26/2014 01:00:00 AM,1,1,0
10/26/2014 02:00:00 AM,0,0,0
10/26/2014 03:00:00 AM,0,0,0
10/26/2014 04:00:00 AM,0,0,0
10/26/2014 05:00:00 AM,0,0,0
10/26/2014 06:00:00 AM,3,0,3
10/26/2014 07:00:00 AM,3,1,2
10/26/2014 08:00:00 AM,4,0,4
10/26/2014 09:00:00 AM,16,4,12
10/26/2014 10:00:00 AM,11,6,5
10/26/2014 11:00:00 AM,14,6,8
10/26/2014 12:00:00 PM,9,3,6
10/26/2014 01:00:00 PM,10,5,5
10/26/2014 02:00:00 PM,11,10,1
10/26/2014 03:00:00 PM,20,6,14
10/26/2014 04:00:00 PM,17,4,13
10/26/2014 05:00:00 PM,6,4,2
10/26/2014 06:00:00 PM,12,4,8
10/26/2014 07:00:00 PM,8,3,5
10/26/2014 08:00:00 PM,5,2,3
10/26/2014 09:00:00 PM,0,0,0
10/26/2014 10:00:00 PM,0,0,0
10/26/2014 11:00:00 PM,0,0,0
10/27/2014 12:00:00 AM,0,0,0
10/27/2014 01:00:00 AM,1,1,0
10/27/2014 02:00:00 AM,0,0,0
10/27/2014 03:00:00 AM,0,0,0
10/27/2014 04:00:00 AM,0,0,0
10/27/2014 05:00:00 AM,8,0,8
10/27/2014 06:00:00 AM,14,2,12
10/27/2014 07:00:00 AM,39,8,31
10/27/2014 08:00:00 AM,46,4,42
10/27/2014 09:00:00 AM,34,0,34
10/27/2014 10:00:00 AM,10,2,8
10/27/2014 11:00:00 AM,18,0,18
10/27/2014 12:00:00 PM,13,2,11
10/27/2014 01:00:00 PM,17,10,7
10/27/2014 02:00:00 PM,18,8,10
10/27/2014 03:00:00 PM,19,13,6
10/27/2014 04:00:00 PM,36,19,17
10/27/2014 05:00:00 PM,40,35,5
10/27/2014 06:00:00 PM,25,15,10
10/27/2014 07:00:00 PM,15,8,7
10/27/2014 08:00:00 PM,10,7,3
10/27/2014 09:00:00 PM,6,3,3
10/27/2014 10:00:00 PM,5,3,2
10/27/2014 11:00:00 PM,0,0,0
10/28/2014 12:00:00 AM,1,1,0
10/28/2014 01:00:00 AM,0,0,0
10/28/2014 02:00:00 AM,0,0,0
10/28/2014 03:00:00 AM,0,0,0
10/28/2014 04:00:00 AM,0,0,0
10/28/2014 05:00:00 AM,8,2,6
10/28/2014 06:00:00 AM,13,0,13
10/28/2014 07:00:00 AM,29,4,25
10/28/2014 08:00:00 AM,24,0,24
10/28/2014 09:00:00 AM,25,0,25
10/28/2014 10:00:00 AM,20,4,16
10/28/2014 11:00:00 AM,13,1,12
10/28/2014 12:00:00 PM,8,4,4
10/28/2014 01:00:00 PM,5,1,4
10/28/2014 02:00:00 PM,10,5,5
10/28/2014 03:00:00 PM,21,11,10
10/28/2014 04:00:00 PM,20,12,8
10/28/2014 05:00:00 PM,34,30,4
10/28/2014 06:00:00 PM,28,16,12
10/28/2014 07:00:00 PM,16,6,10
10/28/2014 08:00:00 PM,13,3,10
10/28/2014 09:00:00 PM,1,0,1
10/28/2014 10:00:00 PM,4,2,2
10/28/2014 11:00:00 PM,0,0,0
10/29/2014 12:00:00 AM,1,1,0
10/29/2014 01:00:00 AM,0,0,0
10/29/2014 02:00:00 AM,0,0,0
10/29/2014 03:00:00 AM,0,0,0
10/29/2014 04:00:00 AM,0,0,0
10/29/2014 05:00:00 AM,7,0,7
10/29/2014 06:00:00 AM,13,0,13
10/29/2014 07:00:00 AM,45,7,38
10/29/2014 08:00:00 AM,34,4,30
10/29/2014 09:00:00 AM,34,0,34
10/29/2014 10:00:00 AM,18,4,14
10/29/2014 11:00:00 AM,9,3,6
10/29/2014 12:00:00 PM,14,8,6
10/29/2014 01:00:00 PM,13,6,7
10/29/2014 02:00:00 PM,23,11,12
10/29/2014 03:00:00 PM,8,8,0
10/29/2014 04:00:00 PM,27,20,7
10/29/2014 05:00:00 PM,44,32,12
10/29/2014 06:00:00 PM,32,21,11
10/29/2014 07:00:00 PM,12,8,4
10/29/2014 08:00:00 PM,6,4,2
10/29/2014 09:00:00 PM,6,6,0
10/29/2014 10:00:00 PM,3,3,0
10/29/2014 11:00:00 PM,4,2,2
10/30/2014 12:00:00 AM,1,1,0
10/30/2014 01:00:00 AM,1,1,0
10/30/2014 02:00:00 AM,0,0,0
10/30/2014 03:00:00 AM,0,0,0
10/30/2014 04:00:00 AM,0,0,0
10/30/2014 05:00:00 AM,6,0,6
10/30/2014 06:00:00 AM,15,2,13
10/30/2014 07:00:00 AM,31,6,25
10/30/2014 08:00:00 AM,40,2,38
10/30/2014 09:00:00 AM,23,2,21
10/30/2014 10:00:00 AM,16,1,15
10/30/2014 11:00:00 AM,9,1,8
10/30/2014 12:00:00 PM,9,6,3
10/30/2014 01:00:00 PM,8,4,4
10/30/2014 02:00:00 PM,9,5,4
10/30/2014 03:00:00 PM,13,9,4
10/30/2014 04:00:00 PM,24,16,8
10/30/2014 05:00:00 PM,28,21,7
10/30/2014 06:00:00 PM,18,14,4
10/30/2014 07:00:00 PM,19,8,11
10/30/2014 08:00:00 PM,9,5,4
10/30/2014 09:00:00 PM,3,0,3
10/30/2014 10:00:00 PM,2,2,0
10/30/2014 11:00:00 PM,0,0,0
10/31/2014 12:00:00 AM,0,0,0
10/31/2014 01:00:00 AM,0,0,0
10/31/2014 02:00:00 AM,0,0,0
10/31/2014 03:00:00 AM,0,0,0
10/31/2014 04:00:00 AM,0,0,0
10/31/2014 05:00:00 AM,6,0,6
10/31/2014 06:00:00 AM,12,2,10
10/31/2014 07:00:00 AM,22,1,21
10/31/2014 08:00:00 AM,36,1,35
10/31/2014 09:00:00 AM,14,0,14
10/31/2014 10:00:00 AM,14,0,14
10/31/2014 11:00:00 AM,6,2,4
10/31/2014 12:00:00 PM,4,1,3
10/31/2014 01:00:00 PM,14,2,12
10/31/2014 02:00:00 PM,8,0,8
10/31/2014 03:00:00 PM,23,12,11
10/31/2014 04:00:00 PM,23,11,12
10/31/2014 05:00:00 PM,28,18,10
10/31/2014 06:00:00 PM,15,11,4
10/31/2014 07:00:00 PM,6,4,2
10/31/2014 08:00:00 PM,12,4,8
10/31/2014 09:00:00 PM,3,1,2
10/31/2014 10:00:00 PM,8,2,6
10/31/2014 11:00:00 PM,2,0,2
11/01/2014 12:00:00 AM,1,1,0
11/01/2014 01:00:00 AM,1,1,0
11/01/2014 02:00:00 AM,0,0,0
11/01/2014 03:00:00 AM,0,0,0
11/01/2014 04:00:00 AM,2,0,2
11/01/2014 05:00:00 AM,0,0,0
11/01/2014 06:00:00 AM,4,0,4
11/01/2014 07:00:00 AM,3,2,1
11/01/2014 08:00:00 AM,11,2,9
11/01/2014 09:00:00 AM,9,1,8
11/01/2014 10:00:00 AM,21,6,15
11/01/2014 11:00:00 AM,12,3,9
11/01/2014 12:00:00 PM,25,5,20
11/01/2014 01:00:00 PM,13,5,8
11/01/2014 02:00:00 PM,12,7,5
11/01/2014 03:00:00 PM,10,7,3
11/01/2014 04:00:00 PM,9,8,1
11/01/2014 05:00:00 PM,8,2,6
11/01/2014 06:00:00 PM,9,4,5
11/01/2014 07:00:00 PM,3,3,0
11/01/2014 08:00:00 PM,8,2,6
11/01/2014 09:00:00 PM,2,0,2
11/01/2014 10:00:00 PM,4,2,2
11/01/2014 11:00:00 PM,6,1,5
11/02/2014 12:00:00 AM,1,1,0
11/02/2014 01:00:00 AM,0,0,0
11/02/2014 02:00:00 AM,0,0,0
11/02/2014 03:00:00 AM,0,0,0
11/02/2014 04:00:00 AM,0,0,0
11/02/2014 05:00:00 AM,0,0,0
11/02/2014 06:00:00 AM,0,0,0
11/02/2014 07:00:00 AM,5,0,5
11/02/2014 08:00:00 AM,13,2,11
11/02/2014 09:00:00 AM,17,9,8
11/02/2014 10:00:00 AM,18,6,12
11/02/2014 11:00:00 AM,22,8,14
11/02/2014 12:00:00 PM,19,11,8
11/02/2014 01:00:00 PM,18,9,9
11/02/2014 02:00:00 PM,10,7,3
11/02/2014 03:00:00 PM,12,6,6
11/02/2014 04:00:00 PM,8,3,5
11/02/2014 05:00:00 PM,4,2,2
11/02/2014 06:00:00 PM,7,7,0
11/02/2014 07:00:00 PM,2,0,2
11/02/2014 08:00:00 PM,4,2,2
11/02/2014 09:00:00 PM,2,2,0
11/02/2014 10:00:00 PM,1,1,0
11/02/2014 11:00:00 PM,1,1,0
11/03/2014 12:00:00 AM,1,1,0
11/03/2014 01:00:00 AM,0,0,0
11/03/2014 02:00:00 AM,3,0,3
11/03/2014 03:00:00 AM,0,0,0
11/03/2014 04:00:00 AM,0,0,0
11/03/2014 05:00:00 AM,7,0,7
11/03/2014 06:00:00 AM,11,3,8
11/03/2014 07:00:00 AM,38,3,35
11/03/2014 08:00:00 AM,39,1,38
11/03/2014 09:00:00 AM,22,0,22
11/03/2014 10:00:00 AM,18,2,16
11/03/2014 11:00:00 AM,14,4,10
11/03/2014 12:00:00 PM,9,1,8
11/03/2014 01:00:00 PM,17,1,16
11/03/2014 02:00:00 PM,8,5,3
11/03/2014 03:00:00 PM,18,13,5
11/03/2014 04:00:00 PM,26,16,10
11/03/2014 05:00:00 PM,34,27,7
11/03/2014 06:00:00 PM,14,12,2
11/03/2014 07:00:00 PM,6,4,2
11/03/2014 08:00:00 PM,11,4,7
11/03/2014 09:00:00 PM,4,2,2
11/03/2014 10:00:00 PM,2,1,1
11/03/2014 11:00:00 PM,1,1,0
11/04/2014 12:00:00 AM,2,2,0
11/04/2014 01:00:00 AM,0,0,0
11/04/2014 02:00:00 AM,0,0,0
11/04/2014 03:00:00 AM,0,0,0
11/04/2014 04:00:00 AM,1,0,1
11/04/2014 05:00:00 AM,6,0,6
11/04/2014 06:00:00 AM,12,0,12
11/04/2014 07:00:00 AM,34,3,31
11/04/2014 08:00:00 AM,50,0,50
11/04/2014 09:00:00 AM,28,1,27
11/04/2014 10:00:00 AM,20,5,15
11/04/2014 11:00:00 AM,14,5,9
11/04/2014 12:00:00 PM,14,2,12
11/04/2014 01:00:00 PM,9,2,7
11/04/2014 02:00:00 PM,9,6,3
11/04/2014 03:00:00 PM,17,12,5
11/04/2014 04:00:00 PM,25,12,13
11/04/2014 05:00:00 PM,34,24,10
11/04/2014 06:00:00 PM,19,16,3
11/04/2014 07:00:00 PM,14,7,7
11/04/2014 08:00:00 PM,7,3,4
11/04/2014 09:00:00 PM,4,4,0
11/04/2014 10:00:00 PM,3,3,0
11/04/2014 11:00:00 PM,1,1,0
11/05/2014 12:00:00 AM,1,1,0
11/05/2014 01:00:00 AM,0,0,0
11/05/2014 02:00:00 AM,0,0,0
11/05/2014 03:00:00 AM,0,0,0
11/05/2014 04:00:00 AM,2,0,2
11/05/2014 05:00:00 AM,5,1,4
11/05/2014 06:00:00 AM,11,0,11
11/05/2014 07:00:00 AM,31,5,26
11/05/2014 08:00:00 AM,42,3,39
11/05/2014 09:00:00 AM,37,3,34
11/05/2014 10:00:00 AM,14,5,9
11/05/2014 11:00:00 AM,15,6,9
11/05/2014 12:00:00 PM,2,2,0
11/05/2014 01:00:00 PM,7,5,2
11/05/2014 02:00:00 PM,5,2,3
11/05/2014 03:00:00 PM,11,8,3
11/05/2014 04:00:00 PM,21,15,6
11/05/2014 05:00:00 PM,35,27,8
11/05/2014 06:00:00 PM,18,13,5
11/05/2014 07:00:00 PM,15,11,4
11/05/2014 08:00:00 PM,10,4,6
11/05/2014 09:00:00 PM,3,3,0
11/05/2014 10:00:00 PM,2,2,0
11/05/2014 11:00:00 PM,0,0,0
11/06/2014 12:00:00 AM,1,1,0
11/06/2014 01:00:00 AM,1,1,0
11/06/2014 02:00:00 AM,0,0,0
11/06/2014 03:00:00 AM,0,0,0
11/06/2014 04:00:00 AM,2,0,2
11/06/2014 05:00:00 AM,2,0,2
11/06/2014 06:00:00 AM,11,1,10
11/06/2014 07:00:00 AM,27,6,21
11/06/2014 08:00:00 AM,20,0,20
11/06/2014 09:00:00 AM,21,2,19
11/06/2014 10:00:00 AM,13,2,11
11/06/2014 11:00:00 AM,5,0,5
11/06/2014 12:00:00 PM,9,4,5
11/06/2014 01:00:00 PM,14,5,9
11/06/2014 02:00:00 PM,12,5,7
11/06/2014 03:00:00 PM,15,6,9
11/06/2014 04:00:00 PM,17,9,8
11/06/2014 05:00:00 PM,26,21,5
11/06/2014 06:00:00 PM,22,12,10
11/06/2014 07:00:00 PM,7,6,1
11/06/2014 08:00:00 PM,6,6,0
11/06/2014 09:00:00 PM,9,4,5
11/06/2014 10:00:00 PM,3,3,0
11/06/2014 11:00:00 PM,8,1,7
11/07/2014 12:00:00 AM,0,0,0
11/07/2014 01:00:00 AM,0,0,0
11/07/2014 02:00:00 AM,0,0,0
11/07/2014 03:00:00 AM,0,0,0
11/07/2014 04:00:00 AM,0,0,0
11/07/2014 05:00:00 AM,6,0,6
11/07/2014 06:00:00 AM,10,1,9
11/07/2014 07:00:00 AM,35,0,35
11/07/2014 08:00:00 AM,27,2,25
11/07/2014 09:00:00 AM,42,1,41
11/07/2014 10:00:00 AM,18,3,15
11/07/2014 11:00:00 AM,7,1,6
11/07/2014 12:00:00 PM,14,4,10
11/07/2014 01:00:00 PM,6,2,4
11/07/2014 02:00:00 PM,16,7,9
11/07/2014 03:00:00 PM,23,13,10
11/07/2014 04:00:00 PM,30,19,11
11/07/2014 05:00:00 PM,38,25,13
11/07/2014 06:00:00 PM,29,20,9
11/07/2014 07:00:00 PM,12,4,8
11/07/2014 08:00:00 PM,13,8,5
11/07/2014 09:00:00 PM,12,5,7
11/07/2014 10:00:00 PM,1,0,1
11/07/2014 11:00:00 PM,5,3,2
11/08/2014 12:00:00 AM,4,0,4
11/08/2014 01:00:00 AM,0,0,0
11/08/2014 02:00:00 AM,1,1,0
11/08/2014 03:00:00 AM,0,0,0
11/08/2014 04:00:00 AM,0,0,0
11/08/2014 05:00:00 AM,1,0,1
11/08/2014 06:00:00 AM,6,1,5
11/08/2014 07:00:00 AM,5,2,3
11/08/2014 08:00:00 AM,9,3,6
11/08/2014 09:00:00 AM,12,3,9
11/08/2014 10:00:00 AM,13,6,7
11/08/2014 11:00:00 AM,36,12,24
11/08/2014 12:00:00 PM,11,4,7
11/08/2014 01:00:00 PM,21,14,7
11/08/2014 02:00:00 PM,16,8,8
11/08/2014 03:00:00 PM,17,6,11
11/08/2014 04:00:00 PM,16,5,11
11/08/2014 05:00:00 PM,7,5,2
11/08/2014 06:00:00 PM,6,2,4
11/08/2014 07:00:00 PM,4,2,2
11/08/2014 08:00:00 PM,5,4,1
11/08/2014 09:00:00 PM,4,2,2
11/08/2014 10:00:00 PM,2,0,2
11/08/2014 11:00:00 PM,0,0,0
11/09/2014 12:00:00 AM,4,1,3
11/09/2014 01:00:00 AM,0,0,0
11/09/2014 02:00:00 AM,0,0,0
11/09/2014 03:00:00 AM,0,0,0
11/09/2014 04:00:00 AM,0,0,0
11/09/2014 05:00:00 AM,2,0,2
11/09/2014 06:00:00 AM,2,0,2
11/09/2014 07:00:00 AM,0,0,0
11/09/2014 08:00:00 AM,7,1,6
11/09/2014 09:00:00 AM,3,0,3
11/09/2014 10:00:00 AM,1,1,0
11/09/2014 11:00:00 AM,11,2,9
11/09/2014 12:00:00 PM,1,1,0
11/09/2014 01:00:00 PM,11,6,5
11/09/2014 02:00:00 PM,8,4,4
11/09/2014 03:00:00 PM,10,2,8
11/09/2014 04:00:00 PM,7,4,3
11/09/2014 05:00:00 PM,2,2,0
11/09/2014 06:00:00 PM,10,3,7
11/09/2014 07:00:00 PM,7,2,5
11/09/2014 08:00:00 PM,2,1,1
11/09/2014 09:00:00 PM,0,0,0
11/09/2014 10:00:00 PM,4,1,3
11/09/2014 11:00:00 PM,0,0,0
11/10/2014 12:00:00 AM,1,1,0
11/10/2014 01:00:00 AM,0,0,0
11/10/2014 02:00:00 AM,0,0,0
11/10/2014 03:00:00 AM,0,0,0
11/10/2014 04:00:00 AM,0,0,0
11/10/2014 05:00:00 AM,6,1,5
11/10/2014 06:00:00 AM,18,1,17
11/10/2014 07:00:00 AM,37,2,35
11/10/2014 08:00:00 AM,39,5,34
11/10/2014 09:00:00 AM,31,0,31
11/10/2014 10:00:00 AM,19,1,18
11/10/2014 11:00:00 AM,13,4,9
11/10/2014 12:00:00 PM,7,4,3
11/10/2014 01:00:00 PM,14,5,9
11/10/2014 02:00:00 PM,16,9,7
11/10/2014 03:00:00 PM,11,8,3
11/10/2014 04:00:00 PM,31,19,12
11/10/2014 05:00:00 PM,44,31,13
11/10/2014 06:00:00 PM,20,18,2
11/10/2014 07:00:00 PM,12,11,1
11/10/2014 08:00:00 PM,7,5,2
11/10/2014 09:00:00 PM,4,3,1
11/10/2014 10:00:00 PM,2,1,1
11/10/2014 11:00:00 PM,0,0,0
11/11/2014 12:00:00 AM,2,2,0
11/11/2014 01:00:00 AM,4,0,4
11/11/2014 02:00:00 AM,0,0,0
11/11/2014 03:00:00 AM,0,0,0
11/11/2014 04:00:00 AM,0,0,0
11/11/2014 05:00:00 AM,4,0,4
11/11/2014 06:00:00 AM,11,3,8
11/11/2014 07:00:00 AM,33,5,28
11/11/2014 08:00:00 AM,18,1,17
11/11/2014 09:00:00 AM,18,4,14
11/11/2014 10:00:00 AM,14,3,11
11/11/2014 11:00:00 AM,17,5,12
11/11/2014 12:00:00 PM,9,4,5
11/11/2014 01:00:00 PM,17,3,14
11/11/2014 02:00:00 PM,18,6,12
11/11/2014 03:00:00 PM,15,7,8
11/11/2014 04:00:00 PM,16,9,7
11/11/2014 05:00:00 PM,21,19,2
11/11/2014 06:00:00 PM,13,11,2
11/11/2014 07:00:00 PM,7,7,0
11/11/2014 08:00:00 PM,2,2,0
11/11/2014 09:00:00 PM,0,0,0
11/11/2014 10:00:00 PM,0,0,0
11/11/2014 11:00:00 PM,2,2,0
11/12/2014 12:00:00 AM,0,0,0
11/12/2014 01:00:00 AM,1,1,0
11/12/2014 02:00:00 AM,0,0,0
11/12/2014 03:00:00 AM,0,0,0
11/12/2014 04:00:00 AM,2,0,2
11/12/2014 05:00:00 AM,4,0,4
11/12/2014 06:00:00 AM,9,3,6
11/12/2014 07:00:00 AM,22,3,19
11/12/2014 08:00:00 AM,37,3,34
11/12/2014 09:00:00 AM,44,3,41
11/12/2014 10:00:00 AM,13,3,10
11/12/2014 11:00:00 AM,13,4,9
11/12/2014 12:00:00 PM,13,5,8
11/12/2014 01:00:00 PM,10,4,6
11/12/2014 02:00:00 PM,7,6,1
11/12/2014 03:00:00 PM,17,3,14
11/12/2014 04:00:00 PM,22,15,7
11/12/2014 05:00:00 PM,33,25,8
11/12/2014 06:00:00 PM,31,24,7
11/12/2014 07:00:00 PM,14,14,0
11/12/2014 08:00:00 PM,10,6,4
11/12/2014 09:00:00 PM,7,3,4
11/12/2014 10:00:00 PM,2,2,0
11/12/2014 11:00:00 PM,0,0,0
11/13/2014 12:00:00 AM,1,1,0
11/13/2014 01:00:00 AM,0,0,0
11/13/2014 02:00:00 AM,0,0,0
11/13/2014 03:00:00 AM,0,0,0
11/13/2014 04:00:00 AM,0,0,0
11/13/2014 05:00:00 AM,6,1,5
11/13/2014 06:00:00 AM,13,2,11
11/13/2014 07:00:00 AM,32,1,31
11/13/2014 08:00:00 AM,33,2,31
11/13/2014 09:00:00 AM,39,3,36
11/13/2014 10:00:00 AM,18,2,16
11/13/2014 11:00:00 AM,2,2,0
11/13/2014 12:00:00 PM,9,3,6
11/13/2014 01:00:00 PM,7,3,4
11/13/2014 02:00:00 PM,6,1,5
11/13/2014 03:00:00 PM,22,14,8
11/13/2014 04:00:00 PM,20,12,8
11/13/2014 05:00:00 PM,31,24,7
11/13/2014 06:00:00 PM,16,16,0
11/13/2014 07:00:00 PM,13,7,6
11/13/2014 08:00:00 PM,5,5,0
11/13/2014 09:00:00 PM,8,5,3
11/13/2014 10:00:00 PM,2,2,0
11/13/2014 11:00:00 PM,3,0,3
11/14/2014 12:00:00 AM,3,0,3
11/14/2014 01:00:00 AM,0,0,0
11/14/2014 02:00:00 AM,0,0,0
11/14/2014 03:00:00 AM,0,0,0
11/14/2014 04:00:00 AM,0,0,0
11/14/2014 05:00:00 AM,5,2,3
11/14/2014 06:00:00 AM,8,1,7
11/14/2014 07:00:00 AM,22,1,21
11/14/2014 08:00:00 AM,31,1,30
11/14/2014 09:00:00 AM,33,5,28
11/14/2014 10:00:00 AM,13,0,13
11/14/2014 11:00:00 AM,12,3,9
11/14/2014 12:00:00 PM,10,3,7
11/14/2014 01:00:00 PM,11,7,4
11/14/2014 02:00:00 PM,17,9,8
11/14/2014 03:00:00 PM,22,7,15
11/14/2014 04:00:00 PM,13,12,1
11/14/2014 05:00:00 PM,27,21,6
11/14/2014 06:00:00 PM,15,11,4
11/14/2014 07:00:00 PM,6,6,0
11/14/2014 08:00:00 PM,5,2,3
11/14/2014 09:00:00 PM,2,0,2
11/14/2014 10:00:00 PM,2,2,0
11/14/2014 11:00:00 PM,0,0,0
11/15/2014 12:00:00 AM,3,0,3
11/15/2014 01:00:00 AM,0,0,0
11/15/2014 02:00:00 AM,0,0,0
11/15/2014 03:00:00 AM,0,0,0
11/15/2014 04:00:00 AM,0,0,0
11/15/2014 05:00:00 AM,1,0,1
11/15/2014 06:00:00 AM,1,0,1
11/15/2014 07:00:00 AM,2,2,0
11/15/2014 08:00:00 AM,3,0,3
11/15/2014 09:00:00 AM,10,7,3
11/15/2014 10:00:00 AM,17,5,12
11/15/2014 11:00:00 AM,15,6,9
11/15/2014 12:00:00 PM,13,11,2
11/15/2014 01:00:00 PM,9,5,4
11/15/2014 02:00:00 PM,14,5,9
11/15/2014 03:00:00 PM,16,10,6
11/15/2014 04:00:00 PM,13,5,8
11/15/2014 05:00:00 PM,9,4,5
11/15/2014 06:00:00 PM,3,1,2
11/15/2014 07:00:00 PM,4,2,2
11/15/2014 08:00:00 PM,4,0,4
11/15/2014 09:00:00 PM,2,2,0
11/15/2014 10:00:00 PM,0,0,0
11/15/2014 11:00:00 PM,3,1,2
11/16/2014 12:00:00 AM,0,0,0
11/16/2014 01:00:00 AM,0,0,0
11/16/2014 02:00:00 AM,0,0,0
11/16/2014 03:00:00 AM,0,0,0
11/16/2014 04:00:00 AM,0,0,0
11/16/2014 05:00:00 AM,0,0,0
11/16/2014 06:00:00 AM,2,0,2
11/16/2014 07:00:00 AM,0,0,0
11/16/2014 08:00:00 AM,2,0,2
11/16/2014 09:00:00 AM,8,3,5
11/16/2014 10:00:00 AM,10,2,8
11/16/2014 11:00:00 AM,9,3,6
11/16/2014 12:00:00 PM,12,4,8
11/16/2014 01:00:00 PM,18,7,11
11/16/2014 02:00:00 PM,7,2,5
11/16/2014 03:00:00 PM,11,7,4
11/16/2014 04:00:00 PM,12,10,2
11/16/2014 05:00:00 PM,14,6,8
11/16/2014 06:00:00 PM,4,2,2
11/16/2014 07:00:00 PM,3,1,2
11/16/2014 08:00:00 PM,3,2,1
11/16/2014 09:00:00 PM,2,0,2
11/16/2014 10:00:00 PM,1,1,0
11/16/2014 11:00:00 PM,0,0,0
11/17/2014 12:00:00 AM,1,1,0
11/17/2014 01:00:00 AM,3,0,3
11/17/2014 02:00:00 AM,0,0,0
11/17/2014 03:00:00 AM,0,0,0
11/17/2014 04:00:00 AM,0,0,0
11/17/2014 05:00:00 AM,4,0,4
11/17/2014 06:00:00 AM,13,1,12
11/17/2014 07:00:00 AM,27,4,23
11/17/2014 08:00:00 AM,32,2,30
11/17/2014 09:00:00 AM,30,4,26
11/17/2014 10:00:00 AM,18,5,13
11/17/2014 11:00:00 AM,10,2,8
11/17/2014 12:00:00 PM,13,1,12
11/17/2014 01:00:00 PM,12,6,6
11/17/2014 02:00:00 PM,24,8,16
11/17/2014 03:00:00 PM,20,10,10
11/17/2014 04:00:00 PM,20,13,7
11/17/2014 05:00:00 PM,42,29,13
11/17/2014 06:00:00 PM,28,22,6
11/17/2014 07:00:00 PM,14,10,4
11/17/2014 08:00:00 PM,9,4,5
11/17/2014 09:00:00 PM,4,2,2
11/17/2014 10:00:00 PM,4,4,0
11/17/2014 11:00:00 PM,0,0,0
11/18/2014 12:00:00 AM,2,2,0
11/18/2014 01:00:00 AM,0,0,0
11/18/2014 02:00:00 AM,0,0,0
11/18/2014 03:00:00 AM,0,0,0
11/18/2014 04:00:00 AM,0,0,0
11/18/2014 05:00:00 AM,10,0,10
11/18/2014 06:00:00 AM,17,6,11
11/18/2014 07:00:00 AM,34,1,33
11/18/2014 08:00:00 AM,31,1,30
11/18/2014 09:00:00 AM,23,4,19
11/18/2014 10:00:00 AM,23,2,21
11/18/2014 11:00:00 AM,11,2,9
11/18/2014 12:00:00 PM,9,3,6
11/18/2014 01:00:00 PM,8,1,7
11/18/2014 02:00:00 PM,11,9,2
11/18/2014 03:00:00 PM,18,7,11
11/18/2014 04:00:00 PM,17,14,3
11/18/2014 05:00:00 PM,37,29,8
11/18/2014 06:00:00 PM,16,15,1
11/18/2014 07:00:00 PM,12,11,1
11/18/2014 08:00:00 PM,8,6,2
11/18/2014 09:00:00 PM,6,2,4
11/18/2014 10:00:00 PM,5,2,3
11/18/2014 11:00:00 PM,1,1,0
11/19/2014 12:00:00 AM,2,2,0
11/19/2014 01:00:00 AM,0,0,0
11/19/2014 02:00:00 AM,0,0,0
11/19/2014 03:00:00 AM,0,0,0
11/19/2014 04:00:00 AM,0,0,0
11/19/2014 05:00:00 AM,7,0,7
11/19/2014 06:00:00 AM,14,1,13
11/19/2014 07:00:00 AM,29,1,28
11/19/2014 08:00:00 AM,34,0,34
11/19/2014 09:00:00 AM,28,1,27
11/19/2014 10:00:00 AM,9,2,7
11/19/2014 11:00:00 AM,11,2,9
11/19/2014 12:00:00 PM,9,3,6
11/19/2014 01:00:00 PM,10,4,6
11/19/2014 02:00:00 PM,14,4,10
11/19/2014 03:00:00 PM,11,5,6
11/19/2014 04:00:00 PM,12,9,3
11/19/2014 05:00:00 PM,31,22,9
11/19/2014 06:00:00 PM,22,18,4
11/19/2014 07:00:00 PM,14,12,2
11/19/2014 08:00:00 PM,8,4,4
11/19/2014 09:00:00 PM,10,6,4
11/19/2014 10:00:00 PM,2,2,0
11/19/2014 11:00:00 PM,0,0,0
11/20/2014 12:00:00 AM,4,1,3
11/20/2014 01:00:00 AM,0,0,0
11/20/2014 02:00:00 AM,0,0,0
11/20/2014 03:00:00 AM,0,0,0
11/20/2014 04:00:00 AM,0,0,0
11/20/2014 05:00:00 AM,8,3,5
11/20/2014 06:00:00 AM,22,4,18
11/20/2014 07:00:00 AM,36,4,32
11/20/2014 08:00:00 AM,39,3,36
11/20/2014 09:00:00 AM,35,3,32
11/20/2014 10:00:00 AM,20,1,19
11/20/2014 11:00:00 AM,5,3,2
11/20/2014 12:00:00 PM,7,0,7
11/20/2014 01:00:00 PM,12,9,3
11/20/2014 02:00:00 PM,12,6,6
11/20/2014 03:00:00 PM,14,10,4
11/20/2014 04:00:00 PM,23,20,3
11/20/2014 05:00:00 PM,22,18,4
11/20/2014 06:00:00 PM,26,19,7
11/20/2014 07:00:00 PM,17,12,5
11/20/2014 08:00:00 PM,7,3,4
11/20/2014 09:00:00 PM,14,5,9
11/20/2014 10:00:00 PM,1,1,0
11/20/2014 11:00:00 PM,3,3,0
11/21/2014 12:00:00 AM,4,0,4
11/21/2014 01:00:00 AM,2,0,2
11/21/2014 02:00:00 AM,0,0,0
11/21/2014 03:00:00 AM,0,0,0
11/21/2014 04:00:00 AM,2,0,2
11/21/2014 05:00:00 AM,2,0,2
11/21/2014 06:00:00 AM,6,2,4
11/21/2014 07:00:00 AM,19,1,18
11/21/2014 08:00:00 AM,26,3,23
11/21/2014 09:00:00 AM,22,2,20
11/21/2014 10:00:00 AM,19,2,17
11/21/2014 11:00:00 AM,13,4,9
11/21/2014 12:00:00 PM,12,3,9
11/21/2014 01:00:00 PM,6,1,5
11/21/2014 02:00:00 PM,7,3,4
11/21/2014 03:00:00 PM,7,4,3
11/21/2014 04:00:00 PM,12,8,4
11/21/2014 05:00:00 PM,17,13,4
11/21/2014 06:00:00 PM,16,13,3
11/21/2014 07:00:00 PM,13,8,5
11/21/2014 08:00:00 PM,5,5,0
11/21/2014 09:00:00 PM,11,7,4
11/21/2014 10:00:00 PM,2,2,0
11/21/2014 11:00:00 PM,6,0,6
11/22/2014 12:00:00 AM,0,0,0
11/22/2014 01:00:00 AM,0,0,0
11/22/2014 02:00:00 AM,0,0,0
11/22/2014 03:00:00 AM,0,0,0
11/22/2014 04:00:00 AM,0,0,0
11/22/2014 05:00:00 AM,2,0,2
11/22/2014 06:00:00 AM,4,0,4
11/22/2014 07:00:00 AM,0,0,0
11/22/2014 08:00:00 AM,6,1,5
11/22/2014 09:00:00 AM,10,6,4
11/22/2014 10:00:00 AM,16,3,13
11/22/2014 11:00:00 AM,17,2,15
11/22/2014 12:00:00 PM,8,5,3
11/22/2014 01:00:00 PM,11,5,6
11/22/2014 02:00:00 PM,25,4,21
11/22/2014 03:00:00 PM,11,4,7
11/22/2014 04:00:00 PM,12,5,7
11/22/2014 05:00:00 PM,8,4,4
11/22/2014 06:00:00 PM,10,6,4
11/22/2014 07:00:00 PM,10,6,4
11/22/2014 08:00:00 PM,3,1,2
11/22/2014 09:00:00 PM,1,1,0
11/22/2014 10:00:00 PM,2,0,2
11/22/2014 11:00:00 PM,3,1,2
11/23/2014 12:00:00 AM,1,1,0
11/23/2014 01:00:00 AM,4,0,4
11/23/2014 02:00:00 AM,0,0,0
11/23/2014 03:00:00 AM,2,2,0
11/23/2014 04:00:00 AM,0,0,0
11/23/2014 05:00:00 AM,0,0,0
11/23/2014 06:00:00 AM,4,0,4
11/23/2014 07:00:00 AM,1,1,0
11/23/2014 08:00:00 AM,3,0,3
11/23/2014 09:00:00 AM,1,1,0
11/23/2014 10:00:00 AM,11,4,7
11/23/2014 11:00:00 AM,16,4,12
11/23/2014 12:00:00 PM,14,3,11
11/23/2014 01:00:00 PM,22,4,18
11/23/2014 02:00:00 PM,10,4,6
11/23/2014 03:00:00 PM,14,8,6
11/23/2014 04:00:00 PM,8,3,5
11/23/2014 05:00:00 PM,8,5,3
11/23/2014 06:00:00 PM,8,4,4
11/23/2014 07:00:00 PM,4,2,2
11/23/2014 08:00:00 PM,3,1,2
11/23/2014 09:00:00 PM,0,0,0
11/23/2014 10:00:00 PM,0,0,0
11/23/2014 11:00:00 PM,1,1,0
11/24/2014 12:00:00 AM,1,1,0
11/24/2014 01:00:00 AM,0,0,0
11/24/2014 02:00:00 AM,0,0,0
11/24/2014 03:00:00 AM,0,0,0
11/24/2014 04:00:00 AM,0,0,0
11/24/2014 05:00:00 AM,3,2,1
11/24/2014 06:00:00 AM,14,3,11
11/24/2014 07:00:00 AM,28,5,23
11/24/2014 08:00:00 AM,30,3,27
11/24/2014 09:00:00 AM,33,7,26
11/24/2014 10:00:00 AM,11,0,11
11/24/2014 11:00:00 AM,13,2,11
11/24/2014 12:00:00 PM,2,0,2
11/24/2014 01:00:00 PM,12,3,9
11/24/2014 02:00:00 PM,12,0,12
11/24/2014 03:00:00 PM,11,5,6
11/24/2014 04:00:00 PM,28,18,10
11/24/2014 05:00:00 PM,22,17,5
11/24/2014 06:00:00 PM,20,13,7
11/24/2014 07:00:00 PM,11,11,0
11/24/2014 08:00:00 PM,6,4,2
11/24/2014 09:00:00 PM,4,3,1
11/24/2014 10:00:00 PM,3,3,0
11/24/2014 11:00:00 PM,3,0,3
11/25/2014 12:00:00 AM,1,1,0
11/25/2014 01:00:00 AM,0,0,0
11/25/2014 02:00:00 AM,0,0,0
11/25/2014 03:00:00 AM,0,0,0
11/25/2014 04:00:00 AM,0,0,0
11/25/2014 05:00:00 AM,8,1,7
11/25/2014 06:00:00 AM,17,2,15
11/25/2014 07:00:00 AM,22,4,18
11/25/2014 08:00:00 AM,14,0,14
11/25/2014 09:00:00 AM,12,1,11
11/25/2014 10:00:00 AM,16,1,15
11/25/2014 11:00:00 AM,16,5,11
11/25/2014 12:00:00 PM,9,5,4
11/25/2014 01:00:00 PM,9,0,9
11/25/2014 02:00:00 PM,10,3,7
11/25/2014 03:00:00 PM,17,7,10
11/25/2014 04:00:00 PM,12,9,3
11/25/2014 05:00:00 PM,17,11,6
11/25/2014 06:00:00 PM,16,16,0
11/25/2014 07:00:00 PM,18,10,8
11/25/2014 08:00:00 PM,6,3,3
11/25/2014 09:00:00 PM,5,1,4
11/25/2014 10:00:00 PM,2,2,0
11/25/2014 11:00:00 PM,0,0,0
11/26/2014 12:00:00 AM,1,1,0
11/26/2014 01:00:00 AM,0,0,0
11/26/2014 02:00:00 AM,0,0,0
11/26/2014 03:00:00 AM,0,0,0
11/26/2014 04:00:00 AM,0,0,0
11/26/2014 05:00:00 AM,8,2,6
11/26/2014 06:00:00 AM,7,1,6
11/26/2014 07:00:00 AM,14,1,13
11/26/2014 08:00:00 AM,22,0,22
11/26/2014 09:00:00 AM,19,6,13
11/26/2014 10:00:00 AM,9,3,6
11/26/2014 11:00:00 AM,12,2,10
11/26/2014 12:00:00 PM,14,1,13
11/26/2014 01:00:00 PM,10,7,3
11/26/2014 02:00:00 PM,5,1,4
11/26/2014 03:00:00 PM,7,4,3
11/26/2014 04:00:00 PM,20,12,8
11/26/2014 05:00:00 PM,14,12,2
11/26/2014 06:00:00 PM,13,12,1
11/26/2014 07:00:00 PM,7,4,3
11/26/2014 08:00:00 PM,6,2,4
11/26/2014 09:00:00 PM,2,2,0
11/26/2014 10:00:00 PM,3,3,0
11/26/2014 11:00:00 PM,0,0,0
11/27/2014 12:00:00 AM,1,1,0
11/27/2014 01:00:00 AM,0,0,0
11/27/2014 02:00:00 AM,0,0,0
11/27/2014 03:00:00 AM,0,0,0
11/27/2014 04:00:00 AM,0,0,0
11/27/2014 05:00:00 AM,4,0,4
11/27/2014 06:00:00 AM,4,0,4
11/27/2014 07:00:00 AM,1,1,0
11/27/2014 08:00:00 AM,2,0,2
11/27/2014 09:00:00 AM,13,1,12
11/27/2014 10:00:00 AM,8,5,3
11/27/2014 11:00:00 AM,9,7,2
11/27/2014 12:00:00 PM,5,2,3
11/27/2014 01:00:00 PM,12,5,7
11/27/2014 02:00:00 PM,8,3,5
11/27/2014 03:00:00 PM,10,1,9
11/27/2014 04:00:00 PM,4,0,4
11/27/2014 05:00:00 PM,2,0,2
11/27/2014 06:00:00 PM,1,0,1
11/27/2014 07:00:00 PM,1,1,0
11/27/2014 08:00:00 PM,4,4,0
11/27/2014 09:00:00 PM,4,2,2
11/27/2014 10:00:00 PM,10,3,7
11/27/2014 11:00:00 PM,3,0,3
11/28/2014 12:00:00 AM,0,0,0
11/28/2014 01:00:00 AM,0,0,0
11/28/2014 02:00:00 AM,0,0,0
11/28/2014 03:00:00 AM,0,0,0
11/28/2014 04:00:00 AM,0,0,0
11/28/2014 05:00:00 AM,1,0,1
11/28/2014 06:00:00 AM,2,0,2
11/28/2014 07:00:00 AM,4,0,4
11/28/2014 08:00:00 AM,0,0,0
11/28/2014 09:00:00 AM,6,1,5
11/28/2014 10:00:00 AM,2,1,1
11/28/2014 11:00:00 AM,7,1,6
11/28/2014 12:00:00 PM,3,0,3
11/28/2014 01:00:00 PM,5,2,3
11/28/2014 02:00:00 PM,8,4,4
11/28/2014 03:00:00 PM,7,4,3
11/28/2014 04:00:00 PM,4,1,3
11/28/2014 05:00:00 PM,2,0,2
11/28/2014 06:00:00 PM,0,0,0
11/28/2014 07:00:00 PM,4,1,3
11/28/2014 08:00:00 PM,2,0,2
11/28/2014 09:00:00 PM,7,2,5
11/28/2014 10:00:00 PM,3,0,3
11/28/2014 11:00:00 PM,4,0,4
11/29/2014 12:00:00 AM,0,0,0
11/29/2014 01:00:00 AM,0,0,0
11/29/2014 02:00:00 AM,0,0,0
11/29/2014 03:00:00 AM,3,0,3
11/29/2014 04:00:00 AM,0,0,0
11/29/2014 05:00:00 AM,0,0,0
11/29/2014 06:00:00 AM,2,0,2
11/29/2014 07:00:00 AM,0,0,0
11/29/2014 08:00:00 AM,4,1,3
11/29/2014 09:00:00 AM,5,3,2
11/29/2014 10:00:00 AM,6,1,5
11/29/2014 11:00:00 AM,10,2,8
11/29/2014 12:00:00 PM,6,2,4
11/29/2014 01:00:00 PM,5,3,2
11/29/2014 02:00:00 PM,2,1,1
11/29/2014 03:00:00 PM,12,3,9
11/29/2014 04:00:00 PM,8,4,4
11/29/2014 05:00:00 PM,4,2,2
11/29/2014 06:00:00 PM,1,1,0
11/29/2014 07:00:00 PM,5,3,2
11/29/2014 08:00:00 PM,0,0,0
11/29/2014 09:00:00 PM,6,2,4
11/29/2014 10:00:00 PM,2,0,2
11/29/2014 11:00:00 PM,4,0,4
11/30/2014 12:00:00 AM,4,1,3
11/30/2014 01:00:00 AM,0,0,0
11/30/2014 02:00:00 AM,1,1,0
11/30/2014 03:00:00 AM,0,0,0
11/30/2014 04:00:00 AM,0,0,0
11/30/2014 05:00:00 AM,2,0,2
11/30/2014 06:00:00 AM,5,5,0
11/30/2014 07:00:00 AM,2,2,0
11/30/2014 08:00:00 AM,5,2,3
11/30/2014 09:00:00 AM,8,0,8
11/30/2014 10:00:00 AM,6,2,4
11/30/2014 11:00:00 AM,9,4,5
11/30/2014 12:00:00 PM,10,2,8
11/30/2014 01:00:00 PM,24,9,15
11/30/2014 02:00:00 PM,14,7,7
11/30/2014 03:00:00 PM,11,7,4
11/30/2014 04:00:00 PM,10,4,6
11/30/2014 05:00:00 PM,2,2,0
11/30/2014 06:00:00 PM,12,0,12
11/30/2014 07:00:00 PM,2,2,0
11/30/2014 08:00:00 PM,6,0,6
11/30/2014 09:00:00 PM,2,2,0
11/30/2014 10:00:00 PM,0,0,0
11/30/2014 11:00:00 PM,0,0,0
12/01/2014 12:00:00 AM,2,2,0
12/01/2014 01:00:00 AM,0,0,0
12/01/2014 02:00:00 AM,0,0,0
12/01/2014 03:00:00 AM,0,0,0
12/01/2014 04:00:00 AM,0,0,0
12/01/2014 05:00:00 AM,4,0,4
12/01/2014 06:00:00 AM,17,3,14
12/01/2014 07:00:00 AM,19,3,16
12/01/2014 08:00:00 AM,23,1,22
12/01/2014 09:00:00 AM,19,2,17
12/01/2014 10:00:00 AM,19,2,17
12/01/2014 11:00:00 AM,13,3,10
12/01/2014 12:00:00 PM,13,1,12
12/01/2014 01:00:00 PM,9,5,4
12/01/2014 02:00:00 PM,17,10,7
12/01/2014 03:00:00 PM,16,8,8
12/01/2014 04:00:00 PM,22,14,8
12/01/2014 05:00:00 PM,19,15,4
12/01/2014 06:00:00 PM,19,19,0
12/01/2014 07:00:00 PM,15,8,7
12/01/2014 08:00:00 PM,4,2,2
12/01/2014 09:00:00 PM,2,2,0
12/01/2014 10:00:00 PM,1,1,0
12/01/2014 11:00:00 PM,0,0,0
12/02/2014 12:00:00 AM,1,1,0
12/02/2014 01:00:00 AM,2,0,2
12/02/2014 02:00:00 AM,0,0,0
12/02/2014 03:00:00 AM,0,0,0
12/02/2014 04:00:00 AM,0,0,0
12/02/2014 05:00:00 AM,3,0,3
12/02/2014 06:00:00 AM,12,0,12
12/02/2014 07:00:00 AM,22,5,17
12/02/2014 08:00:00 AM,20,2,18
12/02/2014 09:00:00 AM,26,4,22
12/02/2014 10:00:00 AM,6,0,6
12/02/2014 11:00:00 AM,14,2,12
12/02/2014 12:00:00 PM,9,1,8
12/02/2014 01:00:00 PM,3,2,1
12/02/2014 02:00:00 PM,12,6,6
12/02/2014 03:00:00 PM,17,5,12
12/02/2014 04:00:00 PM,29,18,11
12/02/2014 05:00:00 PM,36,20,16
12/02/2014 06:00:00 PM,20,14,6
12/02/2014 07:00:00 PM,11,10,1
12/02/2014 08:00:00 PM,6,1,5
12/02/2014 09:00:00 PM,5,2,3
12/02/2014 10:00:00 PM,4,2,2
12/02/2014 11:00:00 PM,0,0,0
12/03/2014 12:00:00 AM,2,2,0
12/03/2014 01:00:00 AM,0,0,0
12/03/2014 02:00:00 AM,0,0,0
12/03/2014 03:00:00 AM,0,0,0
12/03/2014 04:00:00 AM,0,0,0
12/03/2014 05:00:00 AM,8,1,7
12/03/2014 06:00:00 AM,5,1,4
12/03/2014 07:00:00 AM,24,2,22
12/03/2014 08:00:00 AM,43,8,35
12/03/2014 09:00:00 AM,30,1,29
12/03/2014 10:00:00 AM,20,4,16
12/03/2014 11:00:00 AM,6,1,5
12/03/2014 12:00:00 PM,10,0,10
12/03/2014 01:00:00 PM,7,2,5
12/03/2014 02:00:00 PM,12,1,11
12/03/2014 03:00:00 PM,17,9,8
12/03/2014 04:00:00 PM,23,14,9
12/03/2014 05:00:00 PM,26,17,9
12/03/2014 06:00:00 PM,22,15,7
12/03/2014 07:00:00 PM,15,12,3
12/03/2014 08:00:00 PM,7,5,2
12/03/2014 09:00:00 PM,8,6,2
12/03/2014 10:00:00 PM,3,1,2
12/03/2014 11:00:00 PM,0,0,0
12/04/2014 12:00:00 AM,5,2,3
12/04/2014 01:00:00 AM,3,0,3
12/04/2014 02:00:00 AM,0,0,0
12/04/2014 03:00:00 AM,0,0,0
12/04/2014 04:00:00 AM,0,0,0
12/04/2014 05:00:00 AM,10,1,9
12/04/2014 06:00:00 AM,19,3,16
12/04/2014 07:00:00 AM,27,5,22
12/04/2014 08:00:00 AM,37,4,33
12/04/2014 09:00:00 AM,26,0,26
12/04/2014 10:00:00 AM,17,0,17
12/04/2014 11:00:00 AM,12,3,9
12/04/2014 12:00:00 PM,8,0,8
12/04/2014 01:00:00 PM,7,5,2
12/04/2014 02:00:00 PM,18,5,13
12/04/2014 03:00:00 PM,9,5,4
12/04/2014 04:00:00 PM,24,13,11
12/04/2014 05:00:00 PM,32,25,7
12/04/2014 06:00:00 PM,13,10,3
12/04/2014 07:00:00 PM,8,5,3
12/04/2014 08:00:00 PM,10,4,6
12/04/2014 09:00:00 PM,8,4,4
12/04/2014 10:00:00 PM,2,2,0
12/04/2014 11:00:00 PM,5,2,3
12/05/2014 12:00:00 AM,1,1,0
12/05/2014 01:00:00 AM,1,1,0
12/05/2014 02:00:00 AM,0,0,0
12/05/2014 03:00:00 AM,0,0,0
12/05/2014 04:00:00 AM,0,0,0
12/05/2014 05:00:00 AM,7,0,7
12/05/2014 06:00:00 AM,15,5,10
12/05/2014 07:00:00 AM,26,3,23
12/05/2014 08:00:00 AM,21,1,20
12/05/2014 09:00:00 AM,17,1,16
12/05/2014 10:00:00 AM,8,3,5
12/05/2014 11:00:00 AM,10,2,8
12/05/2014 12:00:00 PM,10,1,9
12/05/2014 01:00:00 PM,14,4,10
12/05/2014 02:00:00 PM,12,8,4
12/05/2014 03:00:00 PM,20,13,7
12/05/2014 04:00:00 PM,14,11,3
12/05/2014 05:00:00 PM,27,15,12
12/05/2014 06:00:00 PM,16,13,3
12/05/2014 07:00:00 PM,7,7,0
12/05/2014 08:00:00 PM,2,1,1
12/05/2014 09:00:00 PM,4,4,0
12/05/2014 10:00:00 PM,1,1,0
12/05/2014 11:00:00 PM,5,2,3
12/06/2014 12:00:00 AM,3,1,2
12/06/2014 01:00:00 AM,0,0,0
12/06/2014 02:00:00 AM,1,1,0
12/06/2014 03:00:00 AM,0,0,0
12/06/2014 04:00:00 AM,0,0,0
12/06/2014 05:00:00 AM,0,0,0
12/06/2014 06:00:00 AM,3,1,2
12/06/2014 07:00:00 AM,0,0,0
12/06/2014 08:00:00 AM,9,1,8
12/06/2014 09:00:00 AM,12,6,6
12/06/2014 10:00:00 AM,10,0,10
12/06/2014 11:00:00 AM,10,1,9
12/06/2014 12:00:00 PM,10,3,7
12/06/2014 01:00:00 PM,16,4,12
12/06/2014 02:00:00 PM,12,4,8
12/06/2014 03:00:00 PM,13,5,8
12/06/2014 04:00:00 PM,12,5,7
12/06/2014 05:00:00 PM,9,5,4
12/06/2014 06:00:00 PM,12,3,9
12/06/2014 07:00:00 PM,12,6,6
12/06/2014 08:00:00 PM,7,1,6
12/06/2014 09:00:00 PM,6,0,6
12/06/2014 10:00:00 PM,5,5,0
12/06/2014 11:00:00 PM,4,2,2
12/07/2014 12:00:00 AM,5,3,2
12/07/2014 01:00:00 AM,1,1,0
12/07/2014 02:00:00 AM,3,1,2
12/07/2014 03:00:00 AM,2,0,2
12/07/2014 04:00:00 AM,0,0,0
12/07/2014 05:00:00 AM,2,0,2
12/07/2014 06:00:00 AM,3,0,3
12/07/2014 07:00:00 AM,3,0,3
12/07/2014 08:00:00 AM,4,2,2
12/07/2014 09:00:00 AM,7,1,6
12/07/2014 10:00:00 AM,6,3,3
12/07/2014 11:00:00 AM,16,7,9
12/07/2014 12:00:00 PM,22,8,14
12/07/2014 01:00:00 PM,9,2,7
12/07/2014 02:00:00 PM,8,2,6
12/07/2014 03:00:00 PM,12,2,10
12/07/2014 04:00:00 PM,10,6,4
12/07/2014 05:00:00 PM,5,3,2
12/07/2014 06:00:00 PM,9,0,9
12/07/2014 07:00:00 PM,4,2,2
12/07/2014 08:00:00 PM,2,0,2
12/07/2014 09:00:00 PM,3,1,2
12/07/2014 10:00:00 PM,0,0,0
12/07/2014 11:00:00 PM,1,1,0
12/08/2014 12:00:00 AM,1,1,0
12/08/2014 01:00:00 AM,0,0,0
12/08/2014 02:00:00 AM,0,0,0
12/08/2014 03:00:00 AM,0,0,0
12/08/2014 04:00:00 AM,0,0,0
12/08/2014 05:00:00 AM,5,1,4
12/08/2014 06:00:00 AM,14,2,12
12/08/2014 07:00:00 AM,28,3,25
12/08/2014 08:00:00 AM,43,1,42
12/08/2014 09:00:00 AM,29,2,27
12/08/2014 10:00:00 AM,13,1,12
12/08/2014 11:00:00 AM,10,1,9
12/08/2014 12:00:00 PM,3,3,0
12/08/2014 01:00:00 PM,11,2,9
12/08/2014 02:00:00 PM,8,3,5
12/08/2014 03:00:00 PM,9,4,5
12/08/2014 04:00:00 PM,15,12,3
12/08/2014 05:00:00 PM,37,23,14
12/08/2014 06:00:00 PM,22,13,9
12/08/2014 07:00:00 PM,4,4,0
12/08/2014 08:00:00 PM,7,4,3
12/08/2014 09:00:00 PM,2,2,0
12/08/2014 10:00:00 PM,3,3,0
12/08/2014 11:00:00 PM,5,2,3
12/09/2014 12:00:00 AM,3,1,2
12/09/2014 01:00:00 AM,0,0,0
12/09/2014 02:00:00 AM,0,0,0
12/09/2014 03:00:00 AM,0,0,0
12/09/2014 04:00:00 AM,0,0,0
12/09/2014 05:00:00 AM,6,0,6
12/09/2014 06:00:00 AM,14,3,11
12/09/2014 07:00:00 AM,19,1,18
12/09/2014 08:00:00 AM,23,3,20
12/09/2014 09:00:00 AM,18,0,18
12/09/2014 10:00:00 AM,18,4,14
12/09/2014 11:00:00 AM,11,2,9
12/09/2014 12:00:00 PM,5,1,4
12/09/2014 01:00:00 PM,10,3,7
12/09/2014 02:00:00 PM,7,3,4
12/09/2014 03:00:00 PM,10,7,3
12/09/2014 04:00:00 PM,12,10,2
12/09/2014 05:00:00 PM,42,32,10
12/09/2014 06:00:00 PM,15,12,3
12/09/2014 07:00:00 PM,17,10,7
12/09/2014 08:00:00 PM,11,7,4
12/09/2014 09:00:00 PM,11,4,7
12/09/2014 10:00:00 PM,3,3,0
12/09/2014 11:00:00 PM,1,1,0
12/10/2014 12:00:00 AM,0,0,0
12/10/2014 01:00:00 AM,0,0,0
12/10/2014 02:00:00 AM,0,0,0
12/10/2014 03:00:00 AM,0,0,0
12/10/2014 04:00:00 AM,0,0,0
12/10/2014 05:00:00 AM,10,1,9
12/10/2014 06:00:00 AM,10,1,9
12/10/2014 07:00:00 AM,26,7,19
12/10/2014 08:00:00 AM,38,2,36
12/10/2014 09:00:00 AM,22,2,20
12/10/2014 10:00:00 AM,8,1,7
12/10/2014 11:00:00 AM,10,4,6
12/10/2014 12:00:00 PM,8,1,7
12/10/2014 01:00:00 PM,7,2,5
12/10/2014 02:00:00 PM,10,6,4
12/10/2014 03:00:00 PM,15,8,7
12/10/2014 04:00:00 PM,15,10,5
12/10/2014 05:00:00 PM,24,15,9
12/10/2014 06:00:00 PM,21,17,4
12/10/2014 07:00:00 PM,8,8,0
12/10/2014 08:00:00 PM,6,4,2
12/10/2014 09:00:00 PM,8,3,5
12/10/2014 10:00:00 PM,0,0,0
12/10/2014 11:00:00 PM,2,2,0
12/11/2014 12:00:00 AM,0,0,0
12/11/2014 01:00:00 AM,1,1,0
12/11/2014 02:00:00 AM,0,0,0
12/11/2014 03:00:00 AM,0,0,0
12/11/2014 04:00:00 AM,0,0,0
12/11/2014 05:00:00 AM,5,0,5
12/11/2014 06:00:00 AM,13,3,10
12/11/2014 07:00:00 AM,14,0,14
12/11/2014 08:00:00 AM,28,1,27
12/11/2014 09:00:00 AM,24,0,24
12/11/2014 10:00:00 AM,11,4,7
12/11/2014 11:00:00 AM,8,4,4
12/11/2014 12:00:00 PM,18,4,14
12/11/2014 01:00:00 PM,14,3,11
12/11/2014 02:00:00 PM,3,1,2
12/11/2014 03:00:00 PM,9,9,0
12/11/2014 04:00:00 PM,19,13,6
12/11/2014 05:00:00 PM,20,16,4
12/11/2014 06:00:00 PM,18,13,5
12/11/2014 07:00:00 PM,13,9,4
12/11/2014 08:00:00 PM,1,1,0
12/11/2014 09:00:00 PM,10,3,7
12/11/2014 10:00:00 PM,2,2,0
12/11/2014 11:00:00 PM,2,2,0
12/12/2014 12:00:00 AM,2,2,0
12/12/2014 01:00:00 AM,0,0,0
12/12/2014 02:00:00 AM,0,0,0
12/12/2014 03:00:00 AM,1,0,1
12/12/2014 04:00:00 AM,0,0,0
12/12/2014 05:00:00 AM,9,2,7
12/12/2014 06:00:00 AM,6,0,6
12/12/2014 07:00:00 AM,22,0,22
12/12/2014 08:00:00 AM,19,0,19
12/12/2014 09:00:00 AM,23,0,23
12/12/2014 10:00:00 AM,2,0,2
12/12/2014 11:00:00 AM,7,4,3
12/12/2014 12:00:00 PM,19,11,8
12/12/2014 01:00:00 PM,9,4,5
12/12/2014 02:00:00 PM,13,5,8
12/12/2014 03:00:00 PM,22,15,7
12/12/2014 04:00:00 PM,21,11,10
12/12/2014 05:00:00 PM,25,12,13
12/12/2014 06:00:00 PM,17,12,5
12/12/2014 07:00:00 PM,18,7,11
12/12/2014 08:00:00 PM,2,2,0
12/12/2014 09:00:00 PM,5,5,0
12/12/2014 10:00:00 PM,2,2,0
12/12/2014 11:00:00 PM,0,0,0
12/13/2014 12:00:00 AM,2,0,2
12/13/2014 01:00:00 AM,0,0,0
12/13/2014 02:00:00 AM,0,0,0
12/13/2014 03:00:00 AM,2,0,2
12/13/2014 04:00:00 AM,0,0,0
12/13/2014 05:00:00 AM,0,0,0
12/13/2014 06:00:00 AM,4,2,2
12/13/2014 07:00:00 AM,2,0,2
12/13/2014 08:00:00 AM,8,1,7
12/13/2014 09:00:00 AM,9,1,8
12/13/2014 10:00:00 AM,15,3,12
12/13/2014 11:00:00 AM,12,2,10
12/13/2014 12:00:00 PM,20,6,14
12/13/2014 01:00:00 PM,15,8,7
12/13/2014 02:00:00 PM,20,7,13
12/13/2014 03:00:00 PM,9,4,5
12/13/2014 04:00:00 PM,16,5,11
12/13/2014 05:00:00 PM,12,3,9
12/13/2014 06:00:00 PM,9,3,6
12/13/2014 07:00:00 PM,4,1,3
12/13/2014 08:00:00 PM,4,2,2
12/13/2014 09:00:00 PM,0,0,0
12/13/2014 10:00:00 PM,1,0,1
12/13/2014 11:00:00 PM,2,2,0
12/14/2014 12:00:00 AM,2,0,2
12/14/2014 01:00:00 AM,2,1,1
12/14/2014 02:00:00 AM,0,0,0
12/14/2014 03:00:00 AM,0,0,0
12/14/2014 04:00:00 AM,0,0,0
12/14/2014 05:00:00 AM,4,0,4
12/14/2014 06:00:00 AM,2,0,2
12/14/2014 07:00:00 AM,7,0,7
12/14/2014 08:00:00 AM,8,2,6
12/14/2014 09:00:00 AM,5,3,2
12/14/2014 10:00:00 AM,11,2,9
12/14/2014 11:00:00 AM,12,10,2
12/14/2014 12:00:00 PM,12,0,12
12/14/2014 01:00:00 PM,9,5,4
12/14/2014 02:00:00 PM,20,8,12
12/14/2014 03:00:00 PM,8,0,8
12/14/2014 04:00:00 PM,13,6,7
12/14/2014 05:00:00 PM,11,3,8
12/14/2014 06:00:00 PM,9,2,7
12/14/2014 07:00:00 PM,9,1,8
12/14/2014 08:00:00 PM,2,0,2
12/14/2014 09:00:00 PM,2,0,2
12/14/2014 10:00:00 PM,1,1,0
12/14/2014 11:00:00 PM,0,0,0
12/15/2014 12:00:00 AM,3,0,3
12/15/2014 01:00:00 AM,0,0,0
12/15/2014 02:00:00 AM,0,0,0
12/15/2014 03:00:00 AM,1,1,0
12/15/2014 04:00:00 AM,0,0,0
12/15/2014 05:00:00 AM,2,1,1
12/15/2014 06:00:00 AM,16,2,14
12/15/2014 07:00:00 AM,27,5,22
12/15/2014 08:00:00 AM,38,8,30
12/15/2014 09:00:00 AM,25,3,22
12/15/2014 10:00:00 AM,12,2,10
12/15/2014 11:00:00 AM,20,7,13
12/15/2014 12:00:00 PM,3,2,1
12/15/2014 01:00:00 PM,13,3,10
12/15/2014 02:00:00 PM,12,4,8
12/15/2014 03:00:00 PM,12,7,5
12/15/2014 04:00:00 PM,31,15,16
12/15/2014 05:00:00 PM,35,26,9
12/15/2014 06:00:00 PM,23,18,5
12/15/2014 07:00:00 PM,12,9,3
12/15/2014 08:00:00 PM,12,5,7
12/15/2014 09:00:00 PM,3,3,0
12/15/2014 10:00:00 PM,4,1,3
12/15/2014 11:00:00 PM,2,0,2
12/16/2014 12:00:00 AM,0,0,0
12/16/2014 01:00:00 AM,0,0,0
12/16/2014 02:00:00 AM,0,0,0
12/16/2014 03:00:00 AM,0,0,0
12/16/2014 04:00:00 AM,0,0,0
12/16/2014 05:00:00 AM,4,1,3
12/16/2014 06:00:00 AM,11,2,9
12/16/2014 07:00:00 AM,36,4,32
12/16/2014 08:00:00 AM,32,4,28
12/16/2014 09:00:00 AM,20,0,20
12/16/2014 10:00:00 AM,16,0,16
12/16/2014 11:00:00 AM,18,7,11
12/16/2014 12:00:00 PM,8,3,5
12/16/2014 01:00:00 PM,14,3,11
12/16/2014 02:00:00 PM,3,1,2
12/16/2014 03:00:00 PM,21,12,9
12/16/2014 04:00:00 PM,26,20,6
12/16/2014 05:00:00 PM,23,19,4
12/16/2014 06:00:00 PM,18,13,5
12/16/2014 07:00:00 PM,7,6,1
12/16/2014 08:00:00 PM,7,2,5
12/16/2014 09:00:00 PM,11,2,9
12/16/2014 10:00:00 PM,2,2,0
12/16/2014 11:00:00 PM,0,0,0
12/17/2014 12:00:00 AM,0,0,0
12/17/2014 01:00:00 AM,0,0,0
12/17/2014 02:00:00 AM,0,0,0
12/17/2014 03:00:00 AM,2,0,2
12/17/2014 04:00:00 AM,0,0,0
12/17/2014 05:00:00 AM,10,3,7
12/17/2014 06:00:00 AM,13,1,12
12/17/2014 07:00:00 AM,16,2,14
12/17/2014 08:00:00 AM,30,6,24
12/17/2014 09:00:00 AM,26,1,25
12/17/2014 10:00:00 AM,4,1,3
12/17/2014 11:00:00 AM,7,2,5
12/17/2014 12:00:00 PM,12,3,9
12/17/2014 01:00:00 PM,16,3,13
12/17/2014 02:00:00 PM,3,1,2
12/17/2014 03:00:00 PM,26,10,16
12/17/2014 04:00:00 PM,17,9,8
12/17/2014 05:00:00 PM,19,15,4
12/17/2014 06:00:00 PM,10,4,6
12/17/2014 07:00:00 PM,17,10,7
12/17/2014 08:00:00 PM,10,2,8
12/17/2014 09:00:00 PM,3,1,2
12/17/2014 10:00:00 PM,9,2,7
12/17/2014 11:00:00 PM,1,1,0
12/18/2014 12:00:00 AM,2,0,2
12/18/2014 01:00:00 AM,0,0,0
12/18/2014 02:00:00 AM,1,1,0
12/18/2014 03:00:00 AM,1,1,0
12/18/2014 04:00:00 AM,0,0,0
12/18/2014 05:00:00 AM,7,0,7
12/18/2014 06:00:00 AM,6,0,6
12/18/2014 07:00:00 AM,21,1,20
12/18/2014 08:00:00 AM,24,1,23
12/18/2014 09:00:00 AM,17,0,17
12/18/2014 10:00:00 AM,7,0,7
12/18/2014 11:00:00 AM,6,1,5
12/18/2014 12:00:00 PM,12,2,10
12/18/2014 01:00:00 PM,10,2,8
12/18/2014 02:00:00 PM,16,3,13
12/18/2014 03:00:00 PM,20,12,8
12/18/2014 04:00:00 PM,22,16,6
12/18/2014 05:00:00 PM,20,15,5
12/18/2014 06:00:00 PM,19,14,5
12/18/2014 07:00:00 PM,15,10,5
12/18/2014 08:00:00 PM,6,1,5
12/18/2014 09:00:00 PM,2,2,0
12/18/2014 10:00:00 PM,3,0,3
12/18/2014 11:00:00 PM,0,0,0
12/19/2014 12:00:00 AM,2,2,0
12/19/2014 01:00:00 AM,0,0,0
12/19/2014 02:00:00 AM,0,0,0
12/19/2014 03:00:00 AM,0,0,0
12/19/2014 04:00:00 AM,0,0,0
12/19/2014 05:00:00 AM,4,0,4
12/19/2014 06:00:00 AM,7,1,6
12/19/2014 07:00:00 AM,12,3,9
12/19/2014 08:00:00 AM,25,3,22
12/19/2014 09:00:00 AM,31,3,28
12/19/2014 10:00:00 AM,8,0,8
12/19/2014 11:00:00 AM,18,6,12
12/19/2014 12:00:00 PM,7,2,5
12/19/2014 01:00:00 PM,10,3,7
12/19/2014 02:00:00 PM,15,6,9
12/19/2014 03:00:00 PM,15,10,5
12/19/2014 04:00:00 PM,24,17,7
12/19/2014 05:00:00 PM,18,9,9
12/19/2014 06:00:00 PM,17,12,5
12/19/2014 07:00:00 PM,12,6,6
12/19/2014 08:00:00 PM,1,0,1
12/19/2014 09:00:00 PM,7,3,4
12/19/2014 10:00:00 PM,3,3,0
12/19/2014 11:00:00 PM,5,3,2
12/20/2014 12:00:00 AM,4,1,3
12/20/2014 01:00:00 AM,0,0,0
12/20/2014 02:00:00 AM,0,0,0
12/20/2014 03:00:00 AM,0,0,0
12/20/2014 04:00:00 AM,0,0,0
12/20/2014 05:00:00 AM,0,0,0
12/20/2014 06:00:00 AM,5,1,4
12/20/2014 07:00:00 AM,2,2,0
12/20/2014 08:00:00 AM,2,0,2
12/20/2014 09:00:00 AM,14,4,10
12/20/2014 10:00:00 AM,11,2,9
12/20/2014 11:00:00 AM,13,2,11
12/20/2014 12:00:00 PM,6,2,4
12/20/2014 01:00:00 PM,15,5,10
12/20/2014 02:00:00 PM,7,2,5
12/20/2014 03:00:00 PM,6,3,3
12/20/2014 04:00:00 PM,11,1,10
12/20/2014 05:00:00 PM,3,3,0
12/20/2014 06:00:00 PM,12,3,9
12/20/2014 07:00:00 PM,0,0,0
12/20/2014 08:00:00 PM,9,1,8
12/20/2014 09:00:00 PM,6,6,0
12/20/2014 10:00:00 PM,7,5,2
12/20/2014 11:00:00 PM,0,0,0
12/21/2014 12:00:00 AM,1,1,0
12/21/2014 01:00:00 AM,2,0,2
12/21/2014 02:00:00 AM,2,0,2
12/21/2014 03:00:00 AM,0,0,0
12/21/2014 04:00:00 AM,0,0,0
12/21/2014 05:00:00 AM,2,0,2
12/21/2014 06:00:00 AM,3,1,2
12/21/2014 07:00:00 AM,0,0,0
12/21/2014 08:00:00 AM,7,3,4
12/21/2014 09:00:00 AM,2,2,0
12/21/2014 10:00:00 AM,4,2,2
12/21/2014 11:00:00 AM,6,4,2
12/21/2014 12:00:00 PM,15,4,11
12/21/2014 01:00:00 PM,13,6,7
12/21/2014 02:00:00 PM,10,3,7
12/21/2014 03:00:00 PM,22,15,7
12/21/2014 04:00:00 PM,8,6,2
12/21/2014 05:00:00 PM,14,11,3
12/21/2014 06:00:00 PM,3,3,0
12/21/2014 07:00:00 PM,8,1,7
12/21/2014 08:00:00 PM,2,0,2
12/21/2014 09:00:00 PM,9,4,5
12/21/2014 10:00:00 PM,1,1,0
12/21/2014 11:00:00 PM,4,1,3
12/22/2014 12:00:00 AM,0,0,0
12/22/2014 01:00:00 AM,0,0,0
12/22/2014 02:00:00 AM,0,0,0
12/22/2014 03:00:00 AM,0,0,0
12/22/2014 04:00:00 AM,0,0,0
12/22/2014 05:00:00 AM,3,1,2
12/22/2014 06:00:00 AM,14,0,14
12/22/2014 07:00:00 AM,31,7,24
12/22/2014 08:00:00 AM,24,2,22
12/22/2014 09:00:00 AM,20,1,19
12/22/2014 10:00:00 AM,11,3,8
12/22/2014 11:00:00 AM,13,3,10
12/22/2014 12:00:00 PM,15,1,14
12/22/2014 01:00:00 PM,12,3,9
12/22/2014 02:00:00 PM,16,9,7
12/22/2014 03:00:00 PM,9,5,4
12/22/2014 04:00:00 PM,18,12,6
12/22/2014 05:00:00 PM,32,22,10
12/22/2014 06:00:00 PM,15,11,4
12/22/2014 07:00:00 PM,15,5,10
12/22/2014 08:00:00 PM,5,3,2
12/22/2014 09:00:00 PM,5,3,2
12/22/2014 10:00:00 PM,7,3,4
12/22/2014 11:00:00 PM,1,1,0
12/23/2014 12:00:00 AM,3,1,2
12/23/2014 01:00:00 AM,0,0,0
12/23/2014 02:00:00 AM,0,0,0
12/23/2014 03:00:00 AM,0,0,0
12/23/2014 04:00:00 AM,0,0,0
12/23/2014 05:00:00 AM,2,0,2
12/23/2014 06:00:00 AM,17,1,16
12/23/2014 07:00:00 AM,14,10,4
12/23/2014 08:00:00 AM,23,1,22
12/23/2014 09:00:00 AM,18,1,17
12/23/2014 10:00:00 AM,21,3,18
12/23/2014 11:00:00 AM,5,3,2
12/23/2014 12:00:00 PM,15,5,10
12/23/2014 01:00:00 PM,17,5,12
12/23/2014 02:00:00 PM,17,6,11
12/23/2014 03:00:00 PM,13,6,7
12/23/2014 04:00:00 PM,24,12,12
12/23/2014 05:00:00 PM,13,11,2
12/23/2014 06:00:00 PM,13,10,3
12/23/2014 07:00:00 PM,3,0,3
12/23/2014 08:00:00 PM,7,4,3
12/23/2014 09:00:00 PM,6,2,4
12/23/2014 10:00:00 PM,2,0,2
12/23/2014 11:00:00 PM,4,2,2
12/24/2014 12:00:00 AM,0,0,0
12/24/2014 01:00:00 AM,0,0,0
12/24/2014 02:00:00 AM,2,0,2
12/24/2014 03:00:00 AM,0,0,0
12/24/2014 04:00:00 AM,0,0,0
12/24/2014 05:00:00 AM,2,0,2
12/24/2014 06:00:00 AM,5,0,5
12/24/2014 07:00:00 AM,7,2,5
12/24/2014 08:00:00 AM,4,0,4
12/24/2014 09:00:00 AM,16,4,12
12/24/2014 10:00:00 AM,10,1,9
12/24/2014 11:00:00 AM,13,5,8
12/24/2014 12:00:00 PM,8,3,5
12/24/2014 01:00:00 PM,7,2,5
12/24/2014 02:00:00 PM,13,8,5
12/24/2014 03:00:00 PM,11,6,5
12/24/2014 04:00:00 PM,12,4,8
12/24/2014 05:00:00 PM,6,4,2
12/24/2014 06:00:00 PM,5,3,2
12/24/2014 07:00:00 PM,0,0,0
12/24/2014 08:00:00 PM,4,0,4
12/24/2014 09:00:00 PM,6,2,4
12/24/2014 10:00:00 PM,7,0,7
12/24/2014 11:00:00 PM,0,0,0
12/25/2014 12:00:00 AM,0,0,0
12/25/2014 01:00:00 AM,0,0,0
12/25/2014 02:00:00 AM,2,0,2
12/25/2014 03:00:00 AM,0,0,0
12/25/2014 04:00:00 AM,0,0,0
12/25/2014 05:00:00 AM,0,0,0
12/25/2014 06:00:00 AM,2,0,2
12/25/2014 07:00:00 AM,4,0,4
12/25/2014 08:00:00 AM,1,0,1
12/25/2014 09:00:00 AM,5,2,3
12/25/2014 10:00:00 AM,2,2,0
12/25/2014 11:00:00 AM,2,2,0
12/25/2014 12:00:00 PM,8,4,4
12/25/2014 01:00:00 PM,9,7,2
12/25/2014 02:00:00 PM,14,10,4
12/25/2014 03:00:00 PM,9,7,2
12/25/2014 04:00:00 PM,6,2,4
12/25/2014 05:00:00 PM,6,3,3
12/25/2014 06:00:00 PM,0,0,0
12/25/2014 07:00:00 PM,0,0,0
12/25/2014 08:00:00 PM,0,0,0
12/25/2014 09:00:00 PM,6,0,6
12/25/2014 10:00:00 PM,0,0,0
12/25/2014 11:00:00 PM,0,0,0
12/26/2014 12:00:00 AM,0,0,0
12/26/2014 01:00:00 AM,3,0,3
12/26/2014 02:00:00 AM,1,1,0
12/26/2014 03:00:00 AM,0,0,0
12/26/2014 04:00:00 AM,0,0,0
12/26/2014 05:00:00 AM,2,0,2
12/26/2014 06:00:00 AM,7,2,5
12/26/2014 07:00:00 AM,6,0,6
12/26/2014 08:00:00 AM,7,2,5
12/26/2014 09:00:00 AM,13,3,10
12/26/2014 10:00:00 AM,14,3,11
12/26/2014 11:00:00 AM,10,4,6
12/26/2014 12:00:00 PM,9,6,3
12/26/2014 01:00:00 PM,20,3,17
12/26/2014 02:00:00 PM,7,4,3
12/26/2014 03:00:00 PM,20,8,12
12/26/2014 04:00:00 PM,9,5,4
12/26/2014 05:00:00 PM,14,6,8
12/26/2014 06:00:00 PM,4,0,4
12/26/2014 07:00:00 PM,5,2,3
12/26/2014 08:00:00 PM,4,0,4
12/26/2014 09:00:00 PM,6,0,6
12/26/2014 10:00:00 PM,0,0,0
12/26/2014 11:00:00 PM,0,0,0
12/27/2014 12:00:00 AM,0,0,0
12/27/2014 01:00:00 AM,1,1,0
12/27/2014 02:00:00 AM,0,0,0
12/27/2014 03:00:00 AM,0,0,0
12/27/2014 04:00:00 AM,0,0,0
12/27/2014 05:00:00 AM,2,0,2
12/27/2014 06:00:00 AM,4,0,4
12/27/2014 07:00:00 AM,4,4,0
12/27/2014 08:00:00 AM,4,1,3
12/27/2014 09:00:00 AM,5,1,4
12/27/2014 10:00:00 AM,5,3,2
12/27/2014 11:00:00 AM,0,0,0
12/27/2014 12:00:00 PM,9,0,9
12/27/2014 01:00:00 PM,9,1,8
12/27/2014 02:00:00 PM,4,2,2
12/27/2014 03:00:00 PM,4,1,3
12/27/2014 04:00:00 PM,1,1,0
12/27/2014 05:00:00 PM,7,2,5
12/27/2014 06:00:00 PM,1,0,1
12/27/2014 07:00:00 PM,0,0,0
12/27/2014 08:00:00 PM,2,0,2
12/27/2014 09:00:00 PM,2,0,2
12/27/2014 10:00:00 PM,0,0,0
12/27/2014 11:00:00 PM,0,0,0
12/28/2014 12:00:00 AM,0,0,0
12/28/2014 01:00:00 AM,0,0,0
12/28/2014 02:00:00 AM,3,0,3
12/28/2014 03:00:00 AM,0,0,0
12/28/2014 04:00:00 AM,0,0,0
12/28/2014 05:00:00 AM,0,0,0
12/28/2014 06:00:00 AM,5,0,5
12/28/2014 07:00:00 AM,0,0,0
12/28/2014 08:00:00 AM,9,2,7
12/28/2014 09:00:00 AM,7,0,7
12/28/2014 10:00:00 AM,11,5,6
12/28/2014 11:00:00 AM,7,5,2
12/28/2014 12:00:00 PM,10,6,4
12/28/2014 01:00:00 PM,16,6,10
12/28/2014 02:00:00 PM,7,4,3
12/28/2014 03:00:00 PM,2,2,0
12/28/2014 04:00:00 PM,5,3,2
12/28/2014 05:00:00 PM,5,3,2
12/28/2014 06:00:00 PM,5,1,4
12/28/2014 07:00:00 PM,13,6,7
12/28/2014 08:00:00 PM,1,1,0
12/28/2014 09:00:00 PM,3,0,3
12/28/2014 10:00:00 PM,4,2,2
12/28/2014 11:00:00 PM,0,0,0
12/29/2014 12:00:00 AM,0,0,0
12/29/2014 01:00:00 AM,0,0,0
12/29/2014 02:00:00 AM,0,0,0
12/29/2014 03:00:00 AM,0,0,0
12/29/2014 04:00:00 AM,0,0,0
12/29/2014 05:00:00 AM,4,0,4
12/29/2014 06:00:00 AM,8,0,8
12/29/2014 07:00:00 AM,12,0,12
12/29/2014 08:00:00 AM,15,0,15
12/29/2014 09:00:00 AM,15,1,14
12/29/2014 10:00:00 AM,14,0,14
12/29/2014 11:00:00 AM,13,5,8
12/29/2014 12:00:00 PM,17,4,13
12/29/2014 01:00:00 PM,11,3,8
12/29/2014 02:00:00 PM,8,4,4
12/29/2014 03:00:00 PM,11,7,4
12/29/2014 04:00:00 PM,12,10,2
12/29/2014 05:00:00 PM,22,18,4
12/29/2014 06:00:00 PM,18,8,10
12/29/2014 07:00:00 PM,5,3,2
12/29/2014 08:00:00 PM,8,5,3
12/29/2014 09:00:00 PM,2,2,0
12/29/2014 10:00:00 PM,4,2,2
12/29/2014 11:00:00 PM,0,0,0
12/30/2014 12:00:00 AM,0,0,0
12/30/2014 01:00:00 AM,0,0,0
12/30/2014 02:00:00 AM,0,0,0
12/30/2014 03:00:00 AM,0,0,0
12/30/2014 04:00:00 AM,0,0,0
12/30/2014 05:00:00 AM,4,0,4
12/30/2014 06:00:00 AM,13,0,13
12/30/2014 07:00:00 AM,15,5,10
12/30/2014 08:00:00 AM,11,1,10
12/30/2014 09:00:00 AM,19,2,17
12/30/2014 10:00:00 AM,20,3,17
12/30/2014 11:00:00 AM,18,2,16
12/30/2014 12:00:00 PM,7,1,6
12/30/2014 01:00:00 PM,19,3,16
12/30/2014 02:00:00 PM,12,4,8
12/30/2014 03:00:00 PM,18,7,11
12/30/2014 04:00:00 PM,21,17,4
12/30/2014 05:00:00 PM,25,15,10
12/30/2014 06:00:00 PM,14,9,5
12/30/2014 07:00:00 PM,3,3,0
12/30/2014 08:00:00 PM,2,2,0
12/30/2014 09:00:00 PM,0,0,0
12/30/2014 10:00:00 PM,2,0,2
12/30/2014 11:00:00 PM,3,0,3
12/31/2014 12:00:00 AM,8,2,6
12/31/2014 01:00:00 AM,1,1,0
12/31/2014 02:00:00 AM,0,0,0
12/31/2014 03:00:00 AM,0,0,0
12/31/2014 04:00:00 AM,0,0,0
12/31/2014 05:00:00 AM,4,0,4
12/31/2014 06:00:00 AM,0,0,0
12/31/2014 07:00:00 AM,13,2,11
12/31/2014 08:00:00 AM,10,1,9
12/31/2014 09:00:00 AM,10,3,7
12/31/2014 10:00:00 AM,7,3,4
12/31/2014 11:00:00 AM,11,3,8
12/31/2014 12:00:00 PM,11,5,6
12/31/2014 01:00:00 PM,7,2,5
12/31/2014 02:00:00 PM,10,6,4
12/31/2014 03:00:00 PM,11,5,6
12/31/2014 04:00:00 PM,16,8,8
12/31/2014 05:00:00 PM,20,5,15
12/31/2014 06:00:00 PM,9,9,0
12/31/2014 07:00:00 PM,4,4,0
12/31/2014 08:00:00 PM,2,0,2
12/31/2014 09:00:00 PM,5,2,3
12/31/2014 10:00:00 PM,2,2,0
12/31/2014 11:00:00 PM,3,1,2
01/01/2015 12:00:00 AM,2,0,2
01/01/2015 01:00:00 AM,1,1,0
01/01/2015 02:00:00 AM,3,1,2
01/01/2015 03:00:00 AM,0,0,0
01/01/2015 04:00:00 AM,0,0,0
01/01/2015 05:00:00 AM,0,0,0
01/01/2015 06:00:00 AM,2,0,2
01/01/2015 07:00:00 AM,4,2,2
01/01/2015 08:00:00 AM,2,1,1
01/01/2015 09:00:00 AM,10,0,10
01/01/2015 10:00:00 AM,7,1,6
01/01/2015 11:00:00 AM,14,8,6
01/01/2015 12:00:00 PM,7,5,2
01/01/2015 01:00:00 PM,9,4,5
01/01/2015 02:00:00 PM,19,9,10
01/01/2015 03:00:00 PM,10,4,6
01/01/2015 04:00:00 PM,11,5,6
01/01/2015 05:00:00 PM,2,2,0
01/01/2015 06:00:00 PM,11,5,6
01/01/2015 07:00:00 PM,7,3,4
01/01/2015 08:00:00 PM,0,0,0
01/01/2015 09:00:00 PM,2,0,2
01/01/2015 10:00:00 PM,0,0,0
01/01/2015 11:00:00 PM,0,0,0
01/02/2015 12:00:00 AM,0,0,0
01/02/2015 01:00:00 AM,0,0,0
01/02/2015 02:00:00 AM,0,0,0
01/02/2015 03:00:00 AM,0,0,0
01/02/2015 04:00:00 AM,0,0,0
01/02/2015 05:00:00 AM,3,1,2
01/02/2015 06:00:00 AM,12,0,12
01/02/2015 07:00:00 AM,8,0,8
01/02/2015 08:00:00 AM,14,1,13
01/02/2015 09:00:00 AM,14,2,12
01/02/2015 10:00:00 AM,9,3,6
01/02/2015 11:00:00 AM,8,1,7
01/02/2015 12:00:00 PM,13,2,11
01/02/2015 01:00:00 PM,10,4,6
01/02/2015 02:00:00 PM,7,2,5
01/02/2015 03:00:00 PM,8,7,1
01/02/2015 04:00:00 PM,13,7,6
01/02/2015 05:00:00 PM,12,8,4
01/02/2015 06:00:00 PM,14,7,7
01/02/2015 07:00:00 PM,6,4,2
01/02/2015 08:00:00 PM,5,1,4
01/02/2015 09:00:00 PM,3,1,2
01/02/2015 10:00:00 PM,0,0,0
01/02/2015 11:00:00 PM,3,1,2
01/03/2015 12:00:00 AM,2,0,2
01/03/2015 01:00:00 AM,0,0,0
01/03/2015 02:00:00 AM,3,0,3
01/03/2015 03:00:00 AM,0,0,0
01/03/2015 04:00:00 AM,0,0,0
01/03/2015 05:00:00 AM,0,0,0
01/03/2015 06:00:00 AM,2,0,2
01/03/2015 07:00:00 AM,2,0,2
01/03/2015 08:00:00 AM,5,1,4
01/03/2015 09:00:00 AM,2,0,2
01/03/2015 10:00:00 AM,14,4,10
01/03/2015 11:00:00 AM,17,3,14
01/03/2015 12:00:00 PM,8,2,6
01/03/2015 01:00:00 PM,11,8,3
01/03/2015 02:00:00 PM,10,6,4
01/03/2015 03:00:00 PM,8,6,2
01/03/2015 04:00:00 PM,14,7,7
01/03/2015 05:00:00 PM,13,8,5
01/03/2015 06:00:00 PM,4,2,2
01/03/2015 07:00:00 PM,3,1,2
01/03/2015 08:00:00 PM,4,2,2
01/03/2015 09:00:00 PM,1,1,0
01/03/2015 10:00:00 PM,5,2,3
01/03/2015 11:00:00 PM,0,0,0
01/04/2015 12:00:00 AM,0,0,0
01/04/2015 01:00:00 AM,6,0,6
01/04/2015 02:00:00 AM,0,0,0
01/04/2015 03:00:00 AM,0,0,0
01/04/2015 04:00:00 AM,0,0,0
01/04/2015 05:00:00 AM,0,0,0
01/04/2015 06:00:00 AM,3,0,3
01/04/2015 07:00:00 AM,0,0,0
01/04/2015 08:00:00 AM,3,2,1
01/04/2015 09:00:00 AM,8,3,5
01/04/2015 10:00:00 AM,8,4,4
01/04/2015 11:00:00 AM,7,1,6
01/04/2015 12:00:00 PM,5,4,1
01/04/2015 01:00:00 PM,9,2,7
01/04/2015 02:00:00 PM,9,2,7
01/04/2015 03:00:00 PM,4,1,3
01/04/2015 04:00:00 PM,5,1,4
01/04/2015 05:00:00 PM,6,1,5
01/04/2015 06:00:00 PM,5,3,2
01/04/2015 07:00:00 PM,4,0,4
01/04/2015 08:00:00 PM,0,0,0
01/04/2015 09:00:00 PM,0,0,0
01/04/2015 10:00:00 PM,1,1,0
01/04/2015 11:00:00 PM,3,1,2
01/05/2015 12:00:00 AM,0,0,0
01/05/2015 01:00:00 AM,0,0,0
01/05/2015 02:00:00 AM,0,0,0
01/05/2015 03:00:00 AM,0,0,0
01/05/2015 04:00:00 AM,0,0,0
01/05/2015 05:00:00 AM,7,0,7
01/05/2015 06:00:00 AM,11,2,9
01/05/2015 07:00:00 AM,28,5,23
01/05/2015 08:00:00 AM,38,1,37
01/05/2015 09:00:00 AM,19,3,16
01/05/2015 10:00:00 AM,12,0,12
01/05/2015 11:00:00 AM,7,0,7
01/05/2015 12:00:00 PM,7,2,5
01/05/2015 01:00:00 PM,9,2,7
01/05/2015 02:00:00 PM,11,4,7
01/05/2015 03:00:00 PM,12,10,2
01/05/2015 04:00:00 PM,19,7,12
01/05/2015 05:00:00 PM,37,21,16
01/05/2015 06:00:00 PM,25,18,7
01/05/2015 07:00:00 PM,4,4,0
01/05/2015 08:00:00 PM,5,3,2
01/05/2015 09:00:00 PM,6,3,3
01/05/2015 10:00:00 PM,0,0,0
01/05/2015 11:00:00 PM,2,2,0
01/06/2015 12:00:00 AM,0,0,0
01/06/2015 01:00:00 AM,0,0,0
01/06/2015 02:00:00 AM,0,0,0
01/06/2015 03:00:00 AM,0,0,0
01/06/2015 04:00:00 AM,0,0,0
01/06/2015 05:00:00 AM,6,0,6
01/06/2015 06:00:00 AM,18,2,16
01/06/2015 07:00:00 AM,41,3,38
01/06/2015 08:00:00 AM,45,3,42
01/06/2015 09:00:00 AM,50,2,48
01/06/2015 10:00:00 AM,12,3,9
01/06/2015 11:00:00 AM,8,4,4
01/06/2015 12:00:00 PM,11,3,8
01/06/2015 01:00:00 PM,7,2,5
01/06/2015 02:00:00 PM,11,0,11
01/06/2015 03:00:00 PM,22,14,8
01/06/2015 04:00:00 PM,26,19,7
01/06/2015 05:00:00 PM,42,33,9
01/06/2015 06:00:00 PM,27,19,8
01/06/2015 07:00:00 PM,13,9,4
01/06/2015 08:00:00 PM,3,2,1
01/06/2015 09:00:00 PM,4,1,3
01/06/2015 10:00:00 PM,5,3,2
01/06/2015 11:00:00 PM,1,1,0
01/07/2015 12:00:00 AM,1,1,0
01/07/2015 01:00:00 AM,0,0,0
01/07/2015 02:00:00 AM,2,0,2
01/07/2015 03:00:00 AM,0,0,0
01/07/2015 04:00:00 AM,0,0,0
01/07/2015 05:00:00 AM,12,1,11
01/07/2015 06:00:00 AM,10,0,10
01/07/2015 07:00:00 AM,41,7,34
01/07/2015 08:00:00 AM,54,4,50
01/07/2015 09:00:00 AM,37,1,36
01/07/2015 10:00:00 AM,7,0,7
01/07/2015 11:00:00 AM,6,1,5
01/07/2015 12:00:00 PM,1,0,1
01/07/2015 01:00:00 PM,7,5,2
01/07/2015 02:00:00 PM,8,5,3
01/07/2015 03:00:00 PM,23,9,14
01/07/2015 04:00:00 PM,31,21,10
01/07/2015 05:00:00 PM,42,26,16
01/07/2015 06:00:00 PM,20,16,4
01/07/2015 07:00:00 PM,14,12,2
01/07/2015 08:00:00 PM,12,6,6
01/07/2015 09:00:00 PM,7,5,2
01/07/2015 10:00:00 PM,4,4,0
01/07/2015 11:00:00 PM,0,0,0
01/08/2015 12:00:00 AM,2,0,2
01/08/2015 01:00:00 AM,1,1,0
01/08/2015 02:00:00 AM,0,0,0
01/08/2015 03:00:00 AM,0,0,0
01/08/2015 04:00:00 AM,0,0,0
01/08/2015 05:00:00 AM,7,0,7
01/08/2015 06:00:00 AM,17,1,16
01/08/2015 07:00:00 AM,36,1,35
01/08/2015 08:00:00 AM,45,7,38
01/08/2015 09:00:00 AM,30,0,30
01/08/2015 10:00:00 AM,7,0,7
01/08/2015 11:00:00 AM,8,2,6
01/08/2015 12:00:00 PM,10,2,8
01/08/2015 01:00:00 PM,19,2,17
01/08/2015 02:00:00 PM,4,2,2
01/08/2015 03:00:00 PM,27,15,12
01/08/2015 04:00:00 PM,26,11,15
01/08/2015 05:00:00 PM,33,26,7
01/08/2015 06:00:00 PM,19,17,2
01/08/2015 07:00:00 PM,14,9,5
01/08/2015 08:00:00 PM,11,7,4
01/08/2015 09:00:00 PM,14,4,10
01/08/2015 10:00:00 PM,3,3,0
01/08/2015 11:00:00 PM,4,2,2
01/09/2015 12:00:00 AM,1,1,0
01/09/2015 01:00:00 AM,0,0,0
01/09/2015 02:00:00 AM,0,0,0
01/09/2015 03:00:00 AM,0,0,0
01/09/2015 04:00:00 AM,0,0,0
01/09/2015 05:00:00 AM,4,0,4
01/09/2015 06:00:00 AM,15,1,14
01/09/2015 07:00:00 AM,25,2,23
01/09/2015 08:00:00 AM,54,2,52
01/09/2015 09:00:00 AM,26,0,26
01/09/2015 10:00:00 AM,10,0,10
01/09/2015 11:00:00 AM,7,1,6
01/09/2015 12:00:00 PM,5,2,3
01/09/2015 01:00:00 PM,7,3,4
01/09/2015 02:00:00 PM,15,6,9
01/09/2015 03:00:00 PM,23,8,15
01/09/2015 04:00:00 PM,28,11,17
01/09/2015 05:00:00 PM,31,27,4
01/09/2015 06:00:00 PM,30,19,11
01/09/2015 07:00:00 PM,14,8,6
01/09/2015 08:00:00 PM,11,5,6
01/09/2015 09:00:00 PM,3,1,2
01/09/2015 10:00:00 PM,5,3,2
01/09/2015 11:00:00 PM,4,2,2
01/10/2015 12:00:00 AM,1,1,0
01/10/2015 01:00:00 AM,0,0,0
01/10/2015 02:00:00 AM,0,0,0
01/10/2015 03:00:00 AM,0,0,0
01/10/2015 04:00:00 AM,0,0,0
01/10/2015 05:00:00 AM,0,0,0
01/10/2015 06:00:00 AM,2,0,2
01/10/2015 07:00:00 AM,4,2,2
01/10/2015 08:00:00 AM,6,2,4
01/10/2015 09:00:00 AM,10,3,7
01/10/2015 10:00:00 AM,9,0,9
01/10/2015 11:00:00 AM,22,4,18
01/10/2015 12:00:00 PM,14,2,12
01/10/2015 01:00:00 PM,15,3,12
01/10/2015 02:00:00 PM,5,3,2
01/10/2015 03:00:00 PM,14,1,13
01/10/2015 04:00:00 PM,8,0,8
01/10/2015 05:00:00 PM,13,5,8
01/10/2015 06:00:00 PM,5,3,2
01/10/2015 07:00:00 PM,5,3,2
01/10/2015 08:00:00 PM,9,6,3
01/10/2015 09:00:00 PM,4,2,2
01/10/2015 10:00:00 PM,4,2,2
01/10/2015 11:00:00 PM,2,0,2
01/11/2015 12:00:00 AM,0,0,0
01/11/2015 01:00:00 AM,0,0,0
01/11/2015 02:00:00 AM,0,0,0
01/11/2015 03:00:00 AM,1,1,0
01/11/2015 04:00:00 AM,0,0,0
01/11/2015 05:00:00 AM,1,0,1
01/11/2015 06:00:00 AM,3,0,3
01/11/2015 07:00:00 AM,2,2,0
01/11/2015 08:00:00 AM,6,0,6
01/11/2015 09:00:00 AM,4,4,0
01/11/2015 10:00:00 AM,14,5,9
01/11/2015 11:00:00 AM,8,2,6
01/11/2015 12:00:00 PM,9,6,3
01/11/2015 01:00:00 PM,9,1,8
01/11/2015 02:00:00 PM,10,6,4
01/11/2015 03:00:00 PM,24,12,12
01/11/2015 04:00:00 PM,16,8,8
01/11/2015 05:00:00 PM,1,0,1
01/11/2015 06:00:00 PM,7,0,7
01/11/2015 07:00:00 PM,3,3,0
01/11/2015 08:00:00 PM,0,0,0
01/11/2015 09:00:00 PM,2,2,0
01/11/2015 10:00:00 PM,3,1,2
01/11/2015 11:00:00 PM,0,0,0
01/12/2015 12:00:00 AM,0,0,0
01/12/2015 01:00:00 AM,0,0,0
01/12/2015 02:00:00 AM,0,0,0
01/12/2015 03:00:00 AM,0,0,0
01/12/2015 04:00:00 AM,1,1,0
01/12/2015 05:00:00 AM,4,0,4
01/12/2015 06:00:00 AM,14,0,14
01/12/2015 07:00:00 AM,32,1,31
01/12/2015 08:00:00 AM,52,4,48
01/12/2015 09:00:00 AM,28,5,23
01/12/2015 10:00:00 AM,11,1,10
01/12/2015 11:00:00 AM,16,1,15
01/12/2015 12:00:00 PM,4,3,1
01/12/2015 01:00:00 PM,14,6,8
01/12/2015 02:00:00 PM,16,9,7
01/12/2015 03:00:00 PM,19,10,9
01/12/2015 04:00:00 PM,24,18,6
01/12/2015 05:00:00 PM,45,30,15
01/12/2015 06:00:00 PM,24,15,9
01/12/2015 07:00:00 PM,15,11,4
01/12/2015 08:00:00 PM,9,7,2
01/12/2015 09:00:00 PM,8,6,2
01/12/2015 10:00:00 PM,7,1,6
01/12/2015 11:00:00 PM,0,0,0
01/13/2015 12:00:00 AM,3,0,3
01/13/2015 01:00:00 AM,0,0,0
01/13/2015 02:00:00 AM,0,0,0
01/13/2015 03:00:00 AM,0,0,0
01/13/2015 04:00:00 AM,0,0,0
01/13/2015 05:00:00 AM,10,0,10
01/13/2015 06:00:00 AM,15,2,13
01/13/2015 07:00:00 AM,32,5,27
01/13/2015 08:00:00 AM,36,5,31
01/13/2015 09:00:00 AM,43,3,40
01/13/2015 10:00:00 AM,16,5,11
01/13/2015 11:00:00 AM,13,4,9
01/13/2015 12:00:00 PM,8,4,4
01/13/2015 01:00:00 PM,15,4,11
01/13/2015 02:00:00 PM,16,7,9
01/13/2015 03:00:00 PM,26,15,11
01/13/2015 04:00:00 PM,33,20,13
01/13/2015 05:00:00 PM,41,34,7
01/13/2015 06:00:00 PM,25,21,4
01/13/2015 07:00:00 PM,13,9,4
01/13/2015 08:00:00 PM,13,2,11
01/13/2015 09:00:00 PM,7,3,4
01/13/2015 10:00:00 PM,1,1,0
01/13/2015 11:00:00 PM,2,2,0
01/14/2015 12:00:00 AM,0,0,0
01/14/2015 01:00:00 AM,0,0,0
01/14/2015 02:00:00 AM,0,0,0
01/14/2015 03:00:00 AM,0,0,0
01/14/2015 04:00:00 AM,0,0,0
01/14/2015 05:00:00 AM,5,0,5
01/14/2015 06:00:00 AM,10,3,7
01/14/2015 07:00:00 AM,32,2,30
01/14/2015 08:00:00 AM,45,4,41
01/14/2015 09:00:00 AM,33,3,30
01/14/2015 10:00:00 AM,16,2,14
01/14/2015 11:00:00 AM,9,1,8
01/14/2015 12:00:00 PM,4,2,2
01/14/2015 01:00:00 PM,12,6,6
01/14/2015 02:00:00 PM,18,7,11
01/14/2015 03:00:00 PM,14,9,5
01/14/2015 04:00:00 PM,16,11,5
01/14/2015 05:00:00 PM,29,20,9
01/14/2015 06:00:00 PM,23,15,8
01/14/2015 07:00:00 PM,16,14,2
01/14/2015 08:00:00 PM,11,5,6
01/14/2015 09:00:00 PM,2,2,0
01/14/2015 10:00:00 PM,2,0,2
01/14/2015 11:00:00 PM,1,1,0
01/15/2015 12:00:00 AM,1,1,0
01/15/2015 01:00:00 AM,3,1,2
01/15/2015 02:00:00 AM,0,0,0
01/15/2015 03:00:00 AM,0,0,0
01/15/2015 04:00:00 AM,0,0,0
01/15/2015 05:00:00 AM,9,0,9
01/15/2015 06:00:00 AM,12,3,9
01/15/2015 07:00:00 AM,30,3,27
01/15/2015 08:00:00 AM,46,5,41
01/15/2015 09:00:00 AM,22,1,21
01/15/2015 10:00:00 AM,6,0,6
01/15/2015 11:00:00 AM,10,0,10
01/15/2015 12:00:00 PM,6,1,5
01/15/2015 01:00:00 PM,15,6,9
01/15/2015 02:00:00 PM,9,5,4
01/15/2015 03:00:00 PM,8,6,2
01/15/2015 04:00:00 PM,16,11,5
01/15/2015 05:00:00 PM,32,20,12
01/15/2015 06:00:00 PM,14,14,0
01/15/2015 07:00:00 PM,17,10,7
01/15/2015 08:00:00 PM,8,8,0
01/15/2015 09:00:00 PM,6,0,6
01/15/2015 10:00:00 PM,4,1,3
01/15/2015 11:00:00 PM,0,0,0
01/16/2015 12:00:00 AM,0,0,0
01/16/2015 01:00:00 AM,0,0,0
01/16/2015 02:00:00 AM,0,0,0
01/16/2015 03:00:00 AM,0,0,0
01/16/2015 04:00:00 AM,0,0,0
01/16/2015 05:00:00 AM,4,0,4
01/16/2015 06:00:00 AM,19,10,9
01/16/2015 07:00:00 AM,30,4,26
01/16/2015 08:00:00 AM,17,0,17
01/16/2015 09:00:00 AM,25,2,23
01/16/2015 10:00:00 AM,5,1,4
01/16/2015 11:00:00 AM,16,4,12
01/16/2015 12:00:00 PM,15,0,15
01/16/2015 01:00:00 PM,25,6,19
01/16/2015 02:00:00 PM,16,8,8
01/16/2015 03:00:00 PM,14,10,4
01/16/2015 04:00:00 PM,15,13,2
01/16/2015 05:00:00 PM,46,24,22
01/16/2015 06:00:00 PM,19,9,10
01/16/2015 07:00:00 PM,14,14,0
01/16/2015 08:00:00 PM,9,5,4
01/16/2015 09:00:00 PM,5,1,4
01/16/2015 10:00:00 PM,6,2,4
01/16/2015 11:00:00 PM,5,5,0
01/17/2015 12:00:00 AM,0,0,0
01/17/2015 01:00:00 AM,0,0,0
01/17/2015 02:00:00 AM,2,0,2
01/17/2015 03:00:00 AM,0,0,0
01/17/2015 04:00:00 AM,0,0,0
01/17/2015 05:00:00 AM,0,0,0
01/17/2015 06:00:00 AM,3,1,2
01/17/2015 07:00:00 AM,4,0,4
01/17/2015 08:00:00 AM,8,2,6
01/17/2015 09:00:00 AM,8,5,3
01/17/2015 10:00:00 AM,17,5,12
01/17/2015 11:00:00 AM,17,7,10
01/17/2015 12:00:00 PM,8,5,3
01/17/2015 01:00:00 PM,20,8,12
01/17/2015 02:00:00 PM,8,5,3
01/17/2015 03:00:00 PM,5,1,4
01/17/2015 04:00:00 PM,4,2,2
01/17/2015 05:00:00 PM,2,2,0
01/17/2015 06:00:00 PM,1,1,0
01/17/2015 07:00:00 PM,1,1,0
01/17/2015 08:00:00 PM,4,2,2
01/17/2015 09:00:00 PM,4,0,4
01/17/2015 10:00:00 PM,3,0,3
01/17/2015 11:00:00 PM,2,2,0
01/18/2015 12:00:00 AM,0,0,0
01/18/2015 01:00:00 AM,0,0,0
01/18/2015 02:00:00 AM,0,0,0
01/18/2015 03:00:00 AM,0,0,0
01/18/2015 04:00:00 AM,0,0,0
01/18/2015 05:00:00 AM,0,0,0
01/18/2015 06:00:00 AM,2,0,2
01/18/2015 07:00:00 AM,0,0,0
01/18/2015 08:00:00 AM,3,1,2
01/18/2015 09:00:00 AM,2,2,0
01/18/2015 10:00:00 AM,3,3,0
01/18/2015 11:00:00 AM,5,3,2
01/18/2015 12:00:00 PM,9,2,7
01/18/2015 01:00:00 PM,1,0,1
01/18/2015 02:00:00 PM,2,1,1
01/18/2015 03:00:00 PM,2,2,0
01/18/2015 04:00:00 PM,19,7,12
01/18/2015 05:00:00 PM,13,3,10
01/18/2015 06:00:00 PM,2,0,2
01/18/2015 07:00:00 PM,2,2,0
01/18/2015 08:00:00 PM,6,3,3
01/18/2015 09:00:00 PM,0,0,0
01/18/2015 10:00:00 PM,0,0,0
01/18/2015 11:00:00 PM,0,0,0
01/19/2015 12:00:00 AM,0,0,0
01/19/2015 01:00:00 AM,4,0,4
01/19/2015 02:00:00 AM,0,0,0
01/19/2015 03:00:00 AM,0,0,0
01/19/2015 04:00:00 AM,0,0,0
01/19/2015 05:00:00 AM,6,0,6
01/19/2015 06:00:00 AM,21,6,15
01/19/2015 07:00:00 AM,6,1,5
01/19/2015 08:00:00 AM,12,1,11
01/19/2015 09:00:00 AM,26,3,23
01/19/2015 10:00:00 AM,21,5,16
01/19/2015 11:00:00 AM,7,1,6
01/19/2015 12:00:00 PM,4,3,1
01/19/2015 01:00:00 PM,19,6,13
01/19/2015 02:00:00 PM,25,10,15
01/19/2015 03:00:00 PM,11,6,5
01/19/2015 04:00:00 PM,19,13,6
01/19/2015 05:00:00 PM,18,8,10
01/19/2015 06:00:00 PM,14,9,5
01/19/2015 07:00:00 PM,1,1,0
01/19/2015 08:00:00 PM,6,4,2
01/19/2015 09:00:00 PM,5,0,5
01/19/2015 10:00:00 PM,2,2,0
01/19/2015 11:00:00 PM,0,0,0
01/20/2015 12:00:00 AM,1,1,0
01/20/2015 01:00:00 AM,0,0,0
01/20/2015 02:00:00 AM,0,0,0
01/20/2015 03:00:00 AM,0,0,0
01/20/2015 04:00:00 AM,0,0,0
01/20/2015 05:00:00 AM,4,0,4
01/20/2015 06:00:00 AM,15,1,14
01/20/2015 07:00:00 AM,41,7,34
01/20/2015 08:00:00 AM,48,6,42
01/20/2015 09:00:00 AM,37,4,33
01/20/2015 10:00:00 AM,12,3,9
01/20/2015 11:00:00 AM,10,3,7
01/20/2015 12:00:00 PM,5,2,3
01/20/2015 01:00:00 PM,7,2,5
01/20/2015 02:00:00 PM,12,8,4
01/20/2015 03:00:00 PM,18,9,9
01/20/2015 04:00:00 PM,27,18,9
01/20/2015 05:00:00 PM,45,32,13
01/20/2015 06:00:00 PM,23,19,4
01/20/2015 07:00:00 PM,10,8,2
01/20/2015 08:00:00 PM,9,3,6
01/20/2015 09:00:00 PM,11,6,5
01/20/2015 10:00:00 PM,4,3,1
01/20/2015 11:00:00 PM,1,1,0
01/21/2015 12:00:00 AM,3,0,3
01/21/2015 01:00:00 AM,0,0,0
01/21/2015 02:00:00 AM,0,0,0
01/21/2015 03:00:00 AM,1,1,0
01/21/2015 04:00:00 AM,0,0,0
01/21/2015 05:00:00 AM,6,0,6
01/21/2015 06:00:00 AM,7,2,5
01/21/2015 07:00:00 AM,42,6,36
01/21/2015 08:00:00 AM,33,5,28
01/21/2015 09:00:00 AM,34,5,29
01/21/2015 10:00:00 AM,9,1,8
01/21/2015 11:00:00 AM,9,2,7
01/21/2015 12:00:00 PM,13,1,12
01/21/2015 01:00:00 PM,9,5,4
01/21/2015 02:00:00 PM,6,5,1
01/21/2015 03:00:00 PM,12,6,6
01/21/2015 04:00:00 PM,28,15,13
01/21/2015 05:00:00 PM,40,27,13
01/21/2015 06:00:00 PM,21,18,3
01/21/2015 07:00:00 PM,11,7,4
01/21/2015 08:00:00 PM,7,5,2
01/21/2015 09:00:00 PM,5,2,3
01/21/2015 10:00:00 PM,2,2,0
01/21/2015 11:00:00 PM,4,0,4
01/22/2015 12:00:00 AM,0,0,0
01/22/2015 01:00:00 AM,0,0,0
01/22/2015 02:00:00 AM,0,0,0
01/22/2015 03:00:00 AM,0,0,0
01/22/2015 04:00:00 AM,0,0,0
01/22/2015 05:00:00 AM,6,0,6
01/22/2015 06:00:00 AM,18,1,17
01/22/2015 07:00:00 AM,25,3,22
01/22/2015 08:00:00 AM,33,4,29
01/22/2015 09:00:00 AM,29,2,27
01/22/2015 10:00:00 AM,7,0,7
01/22/2015 11:00:00 AM,3,1,2
01/22/2015 12:00:00 PM,8,1,7
01/22/2015 01:00:00 PM,9,0,9
01/22/2015 02:00:00 PM,9,5,4
01/22/2015 03:00:00 PM,11,6,5
01/22/2015 04:00:00 PM,18,14,4
01/22/2015 05:00:00 PM,32,20,12
01/22/2015 06:00:00 PM,19,15,4
01/22/2015 07:00:00 PM,11,5,6
01/22/2015 08:00:00 PM,7,3,4
01/22/2015 09:00:00 PM,5,2,3
01/22/2015 10:00:00 PM,7,4,3
01/22/2015 11:00:00 PM,3,0,3
01/23/2015 12:00:00 AM,2,2,0
01/23/2015 01:00:00 AM,0,0,0
01/23/2015 02:00:00 AM,1,1,0
01/23/2015 03:00:00 AM,0,0,0
01/23/2015 04:00:00 AM,0,0,0
01/23/2015 05:00:00 AM,4,0,4
01/23/2015 06:00:00 AM,16,2,14
01/23/2015 07:00:00 AM,17,5,12
01/23/2015 08:00:00 AM,34,2,32
01/23/2015 09:00:00 AM,25,0,25
01/23/2015 10:00:00 AM,5,1,4
01/23/2015 11:00:00 AM,3,1,2
01/23/2015 12:00:00 PM,2,0,2
01/23/2015 01:00:00 PM,7,2,5
01/23/2015 02:00:00 PM,6,2,4
01/23/2015 03:00:00 PM,12,2,10
01/23/2015 04:00:00 PM,19,12,7
01/23/2015 05:00:00 PM,27,18,9
01/23/2015 06:00:00 PM,30,20,10
01/23/2015 07:00:00 PM,7,7,0
01/23/2015 08:00:00 PM,4,4,0
01/23/2015 09:00:00 PM,2,0,2
01/23/2015 10:00:00 PM,10,1,9
01/23/2015 11:00:00 PM,1,1,0
01/24/2015 12:00:00 AM,1,0,1
01/24/2015 01:00:00 AM,1,1,0
01/24/2015 02:00:00 AM,0,0,0
01/24/2015 03:00:00 AM,0,0,0
01/24/2015 04:00:00 AM,0,0,0
01/24/2015 05:00:00 AM,0,0,0
01/24/2015 06:00:00 AM,2,0,2
01/24/2015 07:00:00 AM,2,0,2
01/24/2015 08:00:00 AM,7,3,4
01/24/2015 09:00:00 AM,15,0,15
01/24/2015 10:00:00 AM,14,6,8
01/24/2015 11:00:00 AM,6,2,4
01/24/2015 12:00:00 PM,18,3,15
01/24/2015 01:00:00 PM,13,3,10
01/24/2015 02:00:00 PM,9,4,5
01/24/2015 03:00:00 PM,16,8,8
01/24/2015 04:00:00 PM,8,5,3
01/24/2015 05:00:00 PM,5,5,0
01/24/2015 06:00:00 PM,8,3,5
01/24/2015 07:00:00 PM,4,2,2
01/24/2015 08:00:00 PM,3,1,2
01/24/2015 09:00:00 PM,0,0,0
01/24/2015 10:00:00 PM,4,0,4
01/24/2015 11:00:00 PM,1,1,0
01/25/2015 12:00:00 AM,1,1,0
01/25/2015 01:00:00 AM,1,1,0
01/25/2015 02:00:00 AM,3,1,2
01/25/2015 03:00:00 AM,0,0,0
01/25/2015 04:00:00 AM,0,0,0
01/25/2015 05:00:00 AM,0,0,0
01/25/2015 06:00:00 AM,2,0,2
01/25/2015 07:00:00 AM,4,0,4
01/25/2015 08:00:00 AM,9,2,7
01/25/2015 09:00:00 AM,11,6,5
01/25/2015 10:00:00 AM,14,3,11
01/25/2015 11:00:00 AM,10,2,8
01/25/2015 12:00:00 PM,28,8,20
01/25/2015 01:00:00 PM,34,9,25
01/25/2015 02:00:00 PM,24,11,13
01/25/2015 03:00:00 PM,33,17,16
01/25/2015 04:00:00 PM,12,7,5
01/25/2015 05:00:00 PM,12,5,7
01/25/2015 06:00:00 PM,3,2,1
01/25/2015 07:00:00 PM,11,6,5
01/25/2015 08:00:00 PM,5,1,4
01/25/2015 09:00:00 PM,4,2,2
01/25/2015 10:00:00 PM,7,2,5
01/25/2015 11:00:00 PM,3,1,2
01/26/2015 12:00:00 AM,0,0,0
01/26/2015 01:00:00 AM,4,0,4
01/26/2015 02:00:00 AM,0,0,0
01/26/2015 03:00:00 AM,0,0,0
01/26/2015 04:00:00 AM,0,0,0
01/26/2015 05:00:00 AM,2,0,2
01/26/2015 06:00:00 AM,17,1,16
01/26/2015 07:00:00 AM,30,4,26
01/26/2015 08:00:00 AM,41,2,39
01/26/2015 09:00:00 AM,9,2,7
01/26/2015 10:00:00 AM,15,0,15
01/26/2015 11:00:00 AM,15,0,15
01/26/2015 12:00:00 PM,14,1,13
01/26/2015 01:00:00 PM,22,5,17
01/26/2015 02:00:00 PM,10,4,6
01/26/2015 03:00:00 PM,12,6,6
01/26/2015 04:00:00 PM,34,23,11
01/26/2015 05:00:00 PM,44,40,4
01/26/2015 06:00:00 PM,21,16,5
01/26/2015 07:00:00 PM,17,12,5
01/26/2015 08:00:00 PM,7,2,5
01/26/2015 09:00:00 PM,4,4,0
01/26/2015 10:00:00 PM,6,3,3
01/26/2015 11:00:00 PM,0,0,0
01/27/2015 12:00:00 AM,0,0,0
01/27/2015 01:00:00 AM,1,1,0
01/27/2015 02:00:00 AM,0,0,0
01/27/2015 03:00:00 AM,0,0,0
01/27/2015 04:00:00 AM,0,0,0
01/27/2015 05:00:00 AM,8,2,6
01/27/2015 06:00:00 AM,19,2,17
01/27/2015 07:00:00 AM,28,9,19
01/27/2015 08:00:00 AM,45,3,42
01/27/2015 09:00:00 AM,23,1,22
01/27/2015 10:00:00 AM,20,1,19
01/27/2015 11:00:00 AM,7,3,4
01/27/2015 12:00:00 PM,5,3,2
01/27/2015 01:00:00 PM,7,2,5
01/27/2015 02:00:00 PM,9,4,5
01/27/2015 03:00:00 PM,19,8,11
01/27/2015 04:00:00 PM,27,23,4
01/27/2015 05:00:00 PM,31,19,12
01/27/2015 06:00:00 PM,26,17,9
01/27/2015 07:00:00 PM,8,6,2
01/27/2015 08:00:00 PM,14,7,7
01/27/2015 09:00:00 PM,1,1,0
01/27/2015 10:00:00 PM,2,0,2
01/27/2015 11:00:00 PM,1,1,0
01/28/2015 12:00:00 AM,2,0,2
01/28/2015 01:00:00 AM,0,0,0
01/28/2015 02:00:00 AM,0,0,0
01/28/2015 03:00:00 AM,0,0,0
01/28/2015 04:00:00 AM,0,0,0
01/28/2015 05:00:00 AM,10,0,10
01/28/2015 06:00:00 AM,21,5,16
01/28/2015 07:00:00 AM,29,1,28
01/28/2015 08:00:00 AM,30,3,27
01/28/2015 09:00:00 AM,28,6,22
01/28/2015 10:00:00 AM,19,5,14
01/28/2015 11:00:00 AM,8,2,6
01/28/2015 12:00:00 PM,8,4,4
01/28/2015 01:00:00 PM,8,4,4
01/28/2015 02:00:00 PM,13,9,4
01/28/2015 03:00:00 PM,26,11,15
01/28/2015 04:00:00 PM,18,12,6
01/28/2015 05:00:00 PM,40,29,11
01/28/2015 06:00:00 PM,29,25,4
01/28/2015 07:00:00 PM,9,6,3
01/28/2015 08:00:00 PM,12,8,4
01/28/2015 09:00:00 PM,1,1,0
01/28/2015 10:00:00 PM,2,2,0
01/28/2015 11:00:00 PM,2,2,0
01/29/2015 12:00:00 AM,0,0,0
01/29/2015 01:00:00 AM,2,0,2
01/29/2015 02:00:00 AM,0,0,0
01/29/2015 03:00:00 AM,0,0,0
01/29/2015 04:00:00 AM,0,0,0
01/29/2015 05:00:00 AM,5,0,5
01/29/2015 06:00:00 AM,18,6,12
01/29/2015 07:00:00 AM,35,2,33
01/29/2015 08:00:00 AM,35,3,32
01/29/2015 09:00:00 AM,21,3,18
01/29/2015 10:00:00 AM,15,2,13
01/29/2015 11:00:00 AM,5,3,2
01/29/2015 12:00:00 PM,7,1,6
01/29/2015 01:00:00 PM,11,4,7
01/29/2015 02:00:00 PM,6,2,4
01/29/2015 03:00:00 PM,17,11,6
01/29/2015 04:00:00 PM,29,22,7
01/29/2015 05:00:00 PM,32,25,7
01/29/2015 06:00:00 PM,22,12,10
01/29/2015 07:00:00 PM,17,12,5
01/29/2015 08:00:00 PM,11,4,7
01/29/2015 09:00:00 PM,5,1,4
01/29/2015 10:00:00 PM,4,0,4
01/29/2015 11:00:00 PM,1,1,0
01/30/2015 12:00:00 AM,0,0,0
01/30/2015 01:00:00 AM,6,2,4
01/30/2015 02:00:00 AM,0,0,0
01/30/2015 03:00:00 AM,0,0,0
01/30/2015 04:00:00 AM,0,0,0
01/30/2015 05:00:00 AM,10,0,10
01/30/2015 06:00:00 AM,17,6,11
01/30/2015 07:00:00 AM,27,0,27
01/30/2015 08:00:00 AM,44,3,41
01/30/2015 09:00:00 AM,33,1,32
01/30/2015 10:00:00 AM,17,8,9
01/30/2015 11:00:00 AM,11,0,11
01/30/2015 12:00:00 PM,15,5,10
01/30/2015 01:00:00 PM,11,4,7
01/30/2015 02:00:00 PM,11,8,3
01/30/2015 03:00:00 PM,20,8,12
01/30/2015 04:00:00 PM,38,24,14
01/30/2015 05:00:00 PM,48,29,19
01/30/2015 06:00:00 PM,23,17,6
01/30/2015 07:00:00 PM,11,4,7
01/30/2015 08:00:00 PM,6,4,2
01/30/2015 09:00:00 PM,8,3,5
01/30/2015 10:00:00 PM,3,1,2
01/30/2015 11:00:00 PM,0,0,0
01/31/2015 12:00:00 AM,1,0,1
01/31/2015 01:00:00 AM,0,0,0
01/31/2015 02:00:00 AM,0,0,0
01/31/2015 03:00:00 AM,0,0,0
01/31/2015 04:00:00 AM,0,0,0
01/31/2015 05:00:00 AM,2,0,2
01/31/2015 06:00:00 AM,2,0,2
01/31/2015 07:00:00 AM,10,4,6
01/31/2015 08:00:00 AM,19,9,10
01/31/2015 09:00:00 AM,19,6,13
01/31/2015 10:00:00 AM,18,1,17
01/31/2015 11:00:00 AM,13,3,10
01/31/2015 12:00:00 PM,17,9,8
01/31/2015 01:00:00 PM,15,9,6
01/31/2015 02:00:00 PM,5,3,2
01/31/2015 03:00:00 PM,6,3,3
01/31/2015 04:00:00 PM,6,4,2
01/31/2015 05:00:00 PM,8,6,2
01/31/2015 06:00:00 PM,7,3,4
01/31/2015 07:00:00 PM,2,2,0
01/31/2015 08:00:00 PM,3,1,2
01/31/2015 09:00:00 PM,3,1,2
01/31/2015 10:00:00 PM,2,0,2
01/31/2015 11:00:00 PM,0,0,0
02/03/2015 02:00:00 AM,0,0,0
02/16/2015 09:00:00 AM,18,2,16
02/28/2015 03:00:00 AM,1,1,0
02/10/2015 09:00:00 PM,10,6,4
02/12/2015 07:00:00 PM,13,9,4
02/02/2015 01:00:00 AM,4,0,4
02/01/2015 04:00:00 AM,0,0,0
02/10/2015 05:00:00 PM,39,35,4
02/13/2015 08:00:00 PM,5,5,0
02/04/2015 12:00:00 AM,0,0,0
02/28/2015 08:00:00 PM,3,0,3
02/03/2015 05:00:00 AM,11,2,9
02/16/2015 08:00:00 AM,9,1,8
02/17/2015 02:00:00 PM,19,8,11
02/15/2015 10:00:00 AM,12,8,4
02/20/2015 01:00:00 AM,1,1,0
02/09/2015 06:00:00 AM,14,1,13
02/18/2015 02:00:00 PM,9,4,5
02/11/2015 10:00:00 PM,4,1,3
02/18/2015 04:00:00 PM,26,16,10
02/28/2015 07:00:00 AM,10,1,9
02/26/2015 08:00:00 PM,5,4,1
02/16/2015 10:00:00 PM,3,1,2
02/15/2015 07:00:00 PM,4,4,0
02/23/2015 08:00:00 AM,39,7,32
02/08/2015 07:00:00 AM,2,0,2
02/23/2015 04:00:00 PM,18,12,6
02/19/2015 02:00:00 AM,0,0,0
02/10/2015 10:00:00 PM,5,5,0
02/13/2015 12:00:00 PM,18,8,10
02/03/2015 04:00:00 AM,0,0,0
02/28/2015 04:00:00 PM,18,14,4
02/16/2015 02:00:00 PM,20,10,10
02/25/2015 07:00:00 AM,51,7,44
02/01/2015 12:00:00 AM,0,0,0
02/16/2015 11:00:00 AM,15,1,14
02/01/2015 08:00:00 PM,14,0,14
02/09/2015 02:00:00 AM,0,0,0
02/09/2015 01:00:00 AM,0,0,0
02/02/2015 11:00:00 AM,9,3,6
02/11/2015 08:00:00 PM,11,6,5
02/17/2015 03:00:00 AM,0,0,0
02/04/2015 08:00:00 AM,44,9,35
02/05/2015 06:00:00 AM,6,0,6
02/26/2015 07:00:00 PM,18,9,9
02/12/2015 09:00:00 PM,7,0,7
02/25/2015 11:00:00 PM,0,0,0
02/08/2015 03:00:00 PM,19,13,6
02/23/2015 02:00:00 PM,20,7,13
02/15/2015 11:00:00 PM,4,2,2
02/22/2015 01:00:00 PM,11,7,4
02/24/2015 05:00:00 AM,9,1,8
02/23/2015 07:00:00 PM,12,10,2
02/26/2015 01:00:00 AM,0,0,0
02/06/2015 12:00:00 AM,0,0,0
02/21/2015 08:00:00 AM,7,3,4
02/22/2015 08:00:00 PM,3,1,2
02/05/2015 07:00:00 AM,19,1,18
02/05/2015 04:00:00 AM,0,0,0
02/06/2015 02:00:00 AM,0,0,0
02/20/2015 10:00:00 PM,1,1,0
02/15/2015 11:00:00 AM,18,6,12
02/13/2015 10:00:00 AM,17,3,14
02/22/2015 11:00:00 AM,5,3,2
02/11/2015 12:00:00 AM,0,0,0
02/21/2015 07:00:00 AM,5,1,4
02/17/2015 07:00:00 PM,10,10,0
02/27/2015 06:00:00 PM,25,17,8
02/17/2015 04:00:00 PM,36,23,13
02/16/2015 04:00:00 AM,0,0,0
02/03/2015 09:00:00 PM,8,4,4
02/12/2015 01:00:00 AM,0,0,0
02/02/2015 07:00:00 AM,28,3,25
02/20/2015 12:00:00 PM,7,1,6
02/19/2015 03:00:00 AM,0,0,0
02/27/2015 10:00:00 PM,5,1,4
02/21/2015 07:00:00 PM,3,1,2
02/08/2015 12:00:00 AM,0,0,0
02/23/2015 09:00:00 AM,29,2,27
02/15/2015 04:00:00 PM,19,10,9
02/09/2015 10:00:00 PM,1,1,0
02/20/2015 06:00:00 PM,16,16,0
02/02/2015 05:00:00 AM,4,0,4
02/02/2015 05:00:00 PM,27,19,8
02/10/2015 12:00:00 AM,3,0,3
02/27/2015 08:00:00 AM,20,4,16
02/25/2015 01:00:00 PM,2,2,0
02/12/2015 12:00:00 PM,6,2,4
02/20/2015 02:00:00 AM,0,0,0
02/04/2015 09:00:00 PM,10,3,7
02/21/2015 04:00:00 PM,20,10,10
02/04/2015 12:00:00 PM,7,3,4
02/05/2015 08:00:00 AM,34,3,31
02/09/2015 05:00:00 PM,36,26,10
02/22/2015 05:00:00 AM,0,0,0
02/28/2015 10:00:00 PM,0,0,0
02/15/2015 12:00:00 AM,0,0,0
02/04/2015 11:00:00 PM,0,0,0
02/25/2015 03:00:00 PM,13,6,7
02/09/2015 03:00:00 AM,0,0,0
02/11/2015 04:00:00 PM,21,11,10
02/11/2015 05:00:00 PM,37,26,11
02/08/2015 10:00:00 AM,19,7,12
02/24/2015 12:00:00 PM,12,3,9
02/27/2015 05:00:00 PM,17,13,4
02/28/2015 11:00:00 AM,14,6,8
02/18/2015 07:00:00 PM,15,13,2
02/27/2015 10:00:00 AM,5,0,5
02/12/2015 02:00:00 PM,9,3,6
02/09/2015 08:00:00 AM,34,1,33
02/16/2015 06:00:00 PM,7,7,0
02/17/2015 01:00:00 AM,0,0,0
02/22/2015 07:00:00 PM,7,1,6
02/05/2015 01:00:00 AM,0,0,0
02/01/2015 11:00:00 AM,17,4,13
02/04/2015 06:00:00 AM,5,1,4
02/07/2015 07:00:00 PM,7,3,4
02/12/2015 11:00:00 PM,1,1,0
02/11/2015 02:00:00 AM,0,0,0
02/21/2015 06:00:00 PM,21,9,12
02/16/2015 03:00:00 PM,20,9,11
02/05/2015 05:00:00 AM,6,0,6
02/02/2015 06:00:00 PM,17,13,4
02/14/2015 09:00:00 PM,2,0,2
02/09/2015 08:00:00 PM,0,0,0
02/17/2015 12:00:00 AM,0,0,0
02/14/2015 02:00:00 AM,0,0,0
02/26/2015 10:00:00 AM,8,2,6
02/27/2015 11:00:00 AM,8,1,7
02/17/2015 08:00:00 PM,9,5,4
02/14/2015 12:00:00 PM,7,3,4
02/28/2015 02:00:00 AM,0,0,0
02/27/2015 03:00:00 PM,17,3,14
02/08/2015 05:00:00 PM,10,2,8
02/01/2015 07:00:00 AM,0,0,0
02/13/2015 12:00:00 AM,4,1,3
02/10/2015 05:00:00 AM,6,0,6
02/27/2015 12:00:00 PM,5,1,4
02/18/2015 03:00:00 AM,0,0,0
02/20/2015 12:00:00 AM,0,0,0
02/24/2015 09:00:00 PM,7,5,2
02/13/2015 11:00:00 PM,5,3,2
02/24/2015 03:00:00 PM,19,9,10
02/18/2015 06:00:00 AM,8,0,8
02/14/2015 08:00:00 PM,0,0,0
02/28/2015 09:00:00 AM,10,2,8
02/10/2015 02:00:00 PM,9,3,6
02/06/2015 01:00:00 PM,6,0,6
02/03/2015 07:00:00 AM,20,1,19
02/22/2015 04:00:00 AM,0,0,0
02/25/2015 12:00:00 AM,0,0,0
02/03/2015 03:00:00 PM,16,8,8
02/05/2015 11:00:00 AM,8,3,5
02/21/2015 05:00:00 AM,0,0,0
02/09/2015 11:00:00 AM,7,0,7
02/14/2015 10:00:00 PM,4,2,2
02/06/2015 03:00:00 PM,17,7,10
02/19/2015 12:00:00 PM,6,2,4
02/18/2015 01:00:00 AM,0,0,0
02/08/2015 04:00:00 PM,13,2,11
02/12/2015 08:00:00 PM,3,3,0
02/23/2015 05:00:00 AM,6,4,2
02/23/2015 08:00:00 PM,8,4,4
02/03/2015 06:00:00 PM,26,16,10
02/13/2015 05:00:00 PM,25,17,8
02/20/2015 04:00:00 AM,0,0,0
02/20/2015 11:00:00 AM,13,5,8
02/09/2015 12:00:00 PM,11,3,8
02/21/2015 02:00:00 PM,11,4,7
02/21/2015 10:00:00 PM,5,2,3
02/21/2015 01:00:00 AM,0,0,0
02/13/2015 03:00:00 PM,15,7,8
02/09/2015 09:00:00 AM,18,2,16
02/18/2015 10:00:00 PM,1,1,0
02/04/2015 01:00:00 AM,2,0,2
02/23/2015 07:00:00 AM,34,1,33
02/13/2015 08:00:00 AM,30,2,28
02/04/2015 07:00:00 AM,32,4,28
02/26/2015 11:00:00 PM,2,0,2
02/26/2015 04:00:00 PM,16,10,6
02/11/2015 07:00:00 AM,31,4,27
02/25/2015 12:00:00 PM,14,4,10
02/04/2015 02:00:00 PM,17,8,9
02/22/2015 03:00:00 PM,20,7,13
02/05/2015 08:00:00 PM,5,3,2
02/25/2015 04:00:00 AM,0,0,0
02/28/2015 12:00:00 PM,17,9,8
02/05/2015 02:00:00 PM,10,4,6
02/18/2015 06:00:00 PM,31,18,13
02/28/2015 02:00:00 PM,22,7,15
02/13/2015 11:00:00 AM,6,1,5
02/22/2015 02:00:00 AM,0,0,0
02/03/2015 11:00:00 AM,11,1,10
02/05/2015 02:00:00 AM,0,0,0
02/24/2015 02:00:00 AM,0,0,0
02/22/2015 05:00:00 PM,16,8,8
02/26/2015 03:00:00 AM,2,0,2
02/26/2015 02:00:00 AM,1,1,0
02/14/2015 07:00:00 AM,8,4,4
02/07/2015 12:00:00 AM,3,1,2
02/23/2015 04:00:00 AM,0,0,0
02/15/2015 05:00:00 PM,9,6,3
02/01/2015 10:00:00 PM,4,4,0
02/17/2015 04:00:00 AM,0,0,0
02/20/2015 07:00:00 PM,10,7,3
02/07/2015 01:00:00 PM,12,2,10
02/27/2015 01:00:00 PM,7,3,4
02/24/2015 12:00:00 AM,3,2,1
02/11/2015 02:00:00 PM,10,6,4
02/19/2015 08:00:00 AM,36,8,28
02/02/2015 02:00:00 PM,9,0,9
02/08/2015 01:00:00 AM,1,0,1
02/26/2015 10:00:00 PM,5,5,0
02/26/2015 05:00:00 PM,40,27,13
02/11/2015 11:00:00 AM,16,6,10
02/05/2015 07:00:00 PM,10,6,4
02/11/2015 12:00:00 PM,3,1,2
02/03/2015 03:00:00 AM,0,0,0
02/19/2015 01:00:00 AM,0,0,0
02/05/2015 09:00:00 AM,16,0,16
02/14/2015 10:00:00 AM,11,3,8
02/21/2015 01:00:00 PM,49,36,13
02/16/2015 08:00:00 PM,3,1,2
02/07/2015 06:00:00 AM,3,1,2
02/16/2015 01:00:00 PM,26,9,17
02/27/2015 07:00:00 PM,7,3,4
02/22/2015 07:00:00 AM,5,1,4
02/23/2015 10:00:00 PM,0,0,0
02/21/2015 03:00:00 AM,0,0,0
02/08/2015 11:00:00 PM,0,0,0
02/13/2015 07:00:00 AM,34,3,31
02/22/2015 02:00:00 PM,14,9,5
02/08/2015 09:00:00 PM,2,0,2
02/15/2015 12:00:00 PM,28,15,13
02/13/2015 05:00:00 AM,9,1,8
02/01/2015 02:00:00 PM,15,8,7
02/09/2015 09:00:00 PM,7,5,2
02/16/2015 10:00:00 AM,10,3,7
02/18/2015 12:00:00 AM,1,1,0
02/23/2015 06:00:00 AM,15,1,14
02/13/2015 10:00:00 PM,4,2,2
02/14/2015 12:00:00 AM,1,1,0
02/07/2015 03:00:00 PM,9,3,6
02/25/2015 10:00:00 AM,14,2,12
02/15/2015 09:00:00 PM,3,0,3
02/02/2015 11:00:00 PM,0,0,0
02/11/2015 11:00:00 PM,0,0,0
02/07/2015 02:00:00 AM,2,0,2
02/06/2015 02:00:00 PM,8,3,5
02/01/2015 06:00:00 AM,0,0,0
02/06/2015 03:00:00 AM,0,0,0
02/24/2015 10:00:00 AM,11,1,10
02/02/2015 04:00:00 PM,18,6,12
02/03/2015 01:00:00 PM,5,1,4
02/06/2015 01:00:00 AM,0,0,0
02/10/2015 01:00:00 PM,10,5,5
02/17/2015 05:00:00 PM,44,35,9
02/14/2015 04:00:00 PM,20,12,8
02/18/2015 04:00:00 AM,0,0,0
02/03/2015 02:00:00 PM,10,4,6
02/27/2015 04:00:00 PM,17,11,6
02/20/2015 06:00:00 AM,14,2,12
02/21/2015 12:00:00 PM,24,8,16
02/27/2015 07:00:00 AM,16,3,13
02/24/2015 11:00:00 AM,19,4,15
02/28/2015 10:00:00 AM,32,9,23
02/24/2015 06:00:00 PM,34,21,13
02/13/2015 02:00:00 AM,0,0,0
02/05/2015 03:00:00 AM,0,0,0
02/08/2015 06:00:00 PM,9,6,3
02/16/2015 07:00:00 PM,8,4,4
02/04/2015 11:00:00 AM,9,6,3
02/12/2015 05:00:00 PM,37,33,4
02/12/2015 06:00:00 PM,21,13,8
02/26/2015 09:00:00 PM,7,2,5
02/26/2015 07:00:00 AM,27,1,26
02/19/2015 10:00:00 PM,3,1,2
02/20/2015 07:00:00 AM,30,1,29
02/26/2015 08:00:00 AM,31,3,28
02/03/2015 12:00:00 PM,16,2,14
02/03/2015 04:00:00 PM,18,12,6
02/24/2015 01:00:00 AM,0,0,0
02/09/2015 11:00:00 PM,4,1,3
02/12/2015 04:00:00 PM,23,11,12
02/19/2015 07:00:00 AM,32,4,28
02/10/2015 10:00:00 AM,14,5,9
02/13/2015 04:00:00 PM,24,15,9
02/25/2015 01:00:00 AM,0,0,0
02/01/2015 05:00:00 AM,0,0,0
02/02/2015 07:00:00 PM,9,5,4
02/25/2015 06:00:00 AM,16,0,16
02/27/2015 02:00:00 PM,11,4,7
02/19/2015 05:00:00 AM,6,0,6
02/01/2015 05:00:00 PM,6,4,2
02/08/2015 01:00:00 PM,19,10,9
02/12/2015 02:00:00 AM,0,0,0
02/16/2015 07:00:00 AM,12,2,10
02/14/2015 11:00:00 PM,1,1,0
02/17/2015 11:00:00 PM,1,1,0
02/14/2015 09:00:00 AM,17,5,12
02/26/2015 06:00:00 PM,26,17,9
02/24/2015 08:00:00 AM,47,4,43
02/04/2015 06:00:00 PM,22,14,8
02/14/2015 05:00:00 PM,16,14,2
02/16/2015 05:00:00 AM,6,0,6
02/22/2015 10:00:00 AM,21,3,18
02/27/2015 11:00:00 PM,1,1,0
02/05/2015 05:00:00 PM,15,10,5
02/24/2015 11:00:00 PM,3,1,2
02/15/2015 06:00:00 AM,2,0,2
02/09/2015 02:00:00 PM,7,7,0
02/20/2015 05:00:00 AM,8,1,7
02/28/2015 05:00:00 AM,0,0,0
02/08/2015 07:00:00 PM,4,4,0
02/10/2015 02:00:00 AM,0,0,0
02/18/2015 10:00:00 AM,11,7,4
02/03/2015 10:00:00 AM,21,4,17
02/25/2015 05:00:00 PM,38,26,12
02/25/2015 05:00:00 AM,6,0,6
02/21/2015 02:00:00 AM,0,0,0
02/03/2015 07:00:00 PM,12,12,0
02/24/2015 09:00:00 AM,29,4,25
02/23/2015 03:00:00 AM,0,0,0
02/08/2015 08:00:00 AM,3,1,2
02/07/2015 09:00:00 PM,6,1,5
02/18/2015 09:00:00 AM,25,2,23
02/26/2015 12:00:00 AM,3,3,0
02/25/2015 06:00:00 PM,23,17,6
02/16/2015 03:00:00 AM,0,0,0
02/03/2015 12:00:00 AM,0,0,0
02/10/2015 11:00:00 PM,1,1,0
02/21/2015 11:00:00 PM,1,1,0
02/18/2015 05:00:00 PM,38,26,12
02/27/2015 01:00:00 AM,0,0,0
02/11/2015 03:00:00 AM,0,0,0
02/10/2015 08:00:00 PM,17,7,10
02/25/2015 02:00:00 AM,0,0,0
02/28/2015 06:00:00 AM,3,0,3
02/03/2015 10:00:00 PM,6,2,4
02/15/2015 01:00:00 PM,21,8,13
02/09/2015 07:00:00 PM,5,5,0
02/07/2015 08:00:00 AM,12,8,4
02/19/2015 07:00:00 PM,22,17,5
02/12/2015 06:00:00 AM,14,1,13
02/28/2015 03:00:00 PM,23,10,13
02/12/2015 12:00:00 AM,4,1,3
02/16/2015 12:00:00 PM,19,6,13
02/10/2015 01:00:00 AM,1,1,0
02/22/2015 08:00:00 AM,6,3,3
02/06/2015 04:00:00 AM,0,0,0
02/02/2015 08:00:00 PM,2,2,0
02/12/2015 09:00:00 AM,31,4,27
02/22/2015 11:00:00 PM,0,0,0
02/27/2015 09:00:00 AM,21,2,19
02/18/2015 09:00:00 PM,3,3,0
02/01/2015 08:00:00 AM,9,1,8
02/06/2015 12:00:00 PM,11,2,9
02/17/2015 11:00:00 AM,24,11,13
02/02/2015 03:00:00 AM,0,0,0
02/23/2015 01:00:00 AM,0,0,0
02/11/2015 06:00:00 PM,30,17,13
02/01/2015 10:00:00 AM,15,3,12
02/25/2015 08:00:00 PM,4,4,0
02/07/2015 03:00:00 AM,2,2,0
02/06/2015 05:00:00 AM,13,1,12
02/01/2015 12:00:00 PM,13,5,8
02/15/2015 08:00:00 PM,1,1,0
02/27/2015 08:00:00 PM,5,2,3
02/15/2015 02:00:00 AM,0,0,0
02/24/2015 06:00:00 AM,12,0,12
02/24/2015 03:00:00 AM,0,0,0
02/06/2015 09:00:00 AM,25,3,22
02/08/2015 08:00:00 PM,0,0,0
02/17/2015 01:00:00 PM,10,4,6
02/17/2015 09:00:00 PM,6,2,4
02/27/2015 02:00:00 AM,0,0,0
02/06/2015 06:00:00 AM,14,4,10
02/26/2015 03:00:00 PM,15,9,6
02/16/2015 02:00:00 AM,0,0,0
02/01/2015 03:00:00 PM,10,1,9
02/19/2015 06:00:00 AM,18,0,18
02/11/2015 06:00:00 AM,15,2,13
02/13/2015 01:00:00 PM,15,7,8
02/06/2015 11:00:00 PM,3,1,2
02/05/2015 11:00:00 PM,0,0,0
02/22/2015 01:00:00 AM,0,0,0
02/28/2015 09:00:00 PM,1,1,0
02/17/2015 10:00:00 PM,3,0,3
02/21/2015 05:00:00 PM,13,4,9
02/26/2015 12:00:00 PM,10,2,8
02/12/2015 11:00:00 AM,7,1,6
02/16/2015 09:00:00 PM,8,1,7
02/11/2015 01:00:00 PM,9,2,7
02/06/2015 08:00:00 AM,24,4,20
02/12/2015 07:00:00 AM,36,2,34
02/19/2015 05:00:00 PM,22,18,4
02/07/2015 05:00:00 PM,3,2,1
02/14/2015 02:00:00 PM,10,5,5
02/05/2015 12:00:00 PM,5,0,5
02/28/2015 11:00:00 PM,0,0,0
02/02/2015 12:00:00 PM,6,5,1
02/05/2015 09:00:00 PM,5,2,3
02/17/2015 07:00:00 AM,22,2,20
02/01/2015 06:00:00 PM,0,0,0
02/07/2015 10:00:00 AM,11,6,5
02/21/2015 10:00:00 AM,9,3,6
02/05/2015 03:00:00 PM,10,3,7
02/24/2015 08:00:00 PM,13,5,8
02/07/2015 02:00:00 PM,14,3,11
02/28/2015 07:00:00 PM,2,2,0
02/08/2015 06:00:00 AM,3,0,3
02/27/2015 05:00:00 AM,9,2,7
02/09/2015 04:00:00 AM,0,0,0
02/10/2015 09:00:00 AM,27,3,24
02/10/2015 07:00:00 PM,14,11,3
02/14/2015 04:00:00 AM,0,0,0
02/18/2015 11:00:00 PM,2,2,0
02/22/2015 12:00:00 AM,0,0,0
02/20/2015 03:00:00 PM,13,7,6
02/12/2015 10:00:00 AM,11,2,9
02/04/2015 01:00:00 PM,12,6,6
02/19/2015 01:00:00 PM,10,1,9
02/24/2015 02:00:00 PM,15,5,10
02/07/2015 11:00:00 PM,1,1,0
02/22/2015 10:00:00 PM,2,0,2
02/07/2015 08:00:00 PM,2,1,1
02/03/2015 01:00:00 AM,2,2,0
02/11/2015 04:00:00 AM,0,0,0
02/12/2015 03:00:00 AM,0,0,0
02/23/2015 02:00:00 AM,2,0,2
02/22/2015 09:00:00 AM,10,6,4
02/05/2015 01:00:00 PM,10,3,7
02/24/2015 10:00:00 PM,3,1,2
02/09/2015 07:00:00 AM,27,4,23
02/25/2015 07:00:00 PM,25,7,18
02/19/2015 04:00:00 AM,0,0,0
02/27/2015 03:00:00 AM,0,0,0
02/11/2015 08:00:00 AM,38,2,36
02/23/2015 12:00:00 PM,7,2,5
02/15/2015 09:00:00 AM,8,4,4
02/17/2015 06:00:00 PM,24,18,6
02/12/2015 08:00:00 AM,30,3,27
02/11/2015 10:00:00 AM,10,1,9
02/07/2015 07:00:00 AM,2,0,2
02/11/2015 05:00:00 AM,7,0,7
02/10/2015 04:00:00 PM,29,19,10
02/16/2015 11:00:00 PM,0,0,0
02/21/2015 08:00:00 PM,4,2,2
02/18/2015 02:00:00 AM,0,0,0
02/22/2015 03:00:00 AM,0,0,0
02/12/2015 04:00:00 AM,0,0,0
02/06/2015 07:00:00 AM,21,2,19
02/01/2015 03:00:00 AM,0,0,0
02/10/2015 08:00:00 AM,45,4,41
02/25/2015 04:00:00 PM,18,9,9
02/09/2015 05:00:00 AM,4,0,4
02/04/2015 04:00:00 AM,0,0,0
02/22/2015 06:00:00 PM,15,8,7
02/03/2015 06:00:00 AM,12,2,10
02/21/2015 04:00:00 AM,0,0,0
02/24/2015 04:00:00 AM,2,2,0
02/13/2015 09:00:00 AM,29,4,25
02/18/2015 07:00:00 AM,37,2,35
02/09/2015 04:00:00 PM,16,7,9
02/07/2015 12:00:00 PM,9,0,9
02/15/2015 03:00:00 PM,15,13,2
02/28/2015 06:00:00 PM,7,3,4
02/26/2015 05:00:00 AM,6,0,6
02/17/2015 09:00:00 AM,21,1,20
02/02/2015 10:00:00 PM,8,3,5
02/19/2015 02:00:00 PM,13,1,12
02/23/2015 05:00:00 PM,40,27,13
02/07/2015 04:00:00 PM,6,3,3
02/16/2015 06:00:00 AM,3,1,2
02/08/2015 04:00:00 AM,0,0,0
02/14/2015 06:00:00 PM,3,3,0
02/09/2015 12:00:00 AM,0,0,0
02/20/2015 09:00:00 PM,5,4,1
02/26/2015 09:00:00 AM,16,2,14
02/06/2015 06:00:00 PM,17,12,5
02/14/2015 07:00:00 PM,3,1,2
02/26/2015 06:00:00 AM,16,0,16
02/15/2015 10:00:00 PM,3,3,0
02/22/2015 12:00:00 PM,18,6,12
02/18/2015 05:00:00 AM,12,0,12
02/23/2015 11:00:00 PM,0,0,0
02/15/2015 07:00:00 AM,1,1,0
02/18/2015 08:00:00 AM,37,4,33
02/04/2015 05:00:00 PM,30,20,10
02/04/2015 09:00:00 AM,34,3,31
02/01/2015 09:00:00 PM,2,0,2
02/16/2015 05:00:00 PM,22,10,12
02/28/2015 05:00:00 PM,22,13,9
02/14/2015 05:00:00 AM,4,0,4
02/14/2015 11:00:00 AM,8,6,2
02/19/2015 10:00:00 AM,24,12,12
02/25/2015 10:00:00 PM,2,2,0
02/21/2015 11:00:00 AM,16,3,13
02/07/2015 09:00:00 AM,2,1,1
02/26/2015 01:00:00 PM,17,5,12
02/25/2015 09:00:00 AM,20,3,17
02/19/2015 04:00:00 PM,13,11,2
02/13/2015 03:00:00 AM,0,0,0
02/07/2015 10:00:00 PM,1,1,0
02/06/2015 04:00:00 PM,18,14,4
02/04/2015 03:00:00 PM,19,10,9
02/17/2015 05:00:00 AM,10,5,5
02/18/2015 08:00:00 PM,6,2,4
02/01/2015 09:00:00 AM,13,9,4
02/24/2015 01:00:00 PM,7,3,4
02/22/2015 04:00:00 PM,27,15,12
02/20/2015 11:00:00 PM,6,2,4
02/21/2015 12:00:00 AM,0,0,0
02/25/2015 11:00:00 AM,11,4,7
02/05/2015 10:00:00 PM,5,2,3
02/11/2015 03:00:00 PM,9,9,0
02/27/2015 12:00:00 AM,2,2,0
02/21/2015 09:00:00 AM,8,2,6
02/27/2015 04:00:00 AM,0,0,0
02/18/2015 03:00:00 PM,20,13,7
02/04/2015 10:00:00 AM,15,6,9
02/08/2015 02:00:00 PM,20,12,8
02/23/2015 09:00:00 PM,5,3,2
02/03/2015 08:00:00 PM,12,6,6
02/06/2015 08:00:00 PM,8,4,4
02/15/2015 06:00:00 PM,9,7,2
02/05/2015 10:00:00 AM,12,2,10
02/10/2015 04:00:00 AM,0,0,0
02/14/2015 01:00:00 AM,1,1,0
02/07/2015 06:00:00 PM,10,1,9
02/10/2015 03:00:00 PM,12,7,5
02/24/2015 04:00:00 PM,19,14,5
02/08/2015 05:00:00 AM,2,0,2
02/23/2015 11:00:00 AM,7,0,7
02/22/2015 09:00:00 PM,4,2,2
02/09/2015 06:00:00 PM,27,19,8
02/21/2015 09:00:00 PM,2,1,1
02/11/2015 01:00:00 AM,3,0,3
02/19/2015 12:00:00 AM,4,0,4
02/19/2015 11:00:00 AM,4,0,4
02/06/2015 09:00:00 PM,6,1,5
02/20/2015 03:00:00 AM,0,0,0
02/20/2015 02:00:00 PM,10,6,4
02/06/2015 10:00:00 AM,5,0,5
02/07/2015 01:00:00 AM,0,0,0
02/20/2015 04:00:00 PM,19,9,10
02/25/2015 09:00:00 PM,4,3,1
02/25/2015 02:00:00 PM,14,6,8
02/15/2015 08:00:00 AM,5,3,2
02/10/2015 07:00:00 AM,33,4,29
02/01/2015 11:00:00 PM,0,0,0
02/02/2015 06:00:00 AM,17,5,12
02/12/2015 05:00:00 AM,10,0,10
02/10/2015 06:00:00 AM,10,2,8
02/20/2015 10:00:00 AM,14,3,11
02/13/2015 06:00:00 AM,15,1,14
02/06/2015 10:00:00 PM,0,0,0
02/05/2015 06:00:00 PM,22,12,10
02/02/2015 12:00:00 AM,0,0,0
02/28/2015 04:00:00 AM,4,0,4
02/20/2015 08:00:00 PM,9,3,6
02/23/2015 01:00:00 PM,9,2,7
02/25/2015 08:00:00 AM,36,6,30
02/17/2015 12:00:00 PM,16,6,10
02/04/2015 02:00:00 AM,0,0,0
02/28/2015 01:00:00 AM,0,0,0
02/13/2015 04:00:00 AM,0,0,0
02/26/2015 04:00:00 AM,0,0,0
02/07/2015 11:00:00 AM,6,4,2
02/08/2015 11:00:00 AM,17,2,15
02/25/2015 03:00:00 AM,0,0,0
02/08/2015 02:00:00 AM,0,0,0
02/16/2015 12:00:00 AM,0,0,0
02/11/2015 07:00:00 PM,13,9,4
02/27/2015 09:00:00 PM,4,3,1
02/18/2015 12:00:00 PM,12,5,7
02/14/2015 08:00:00 AM,7,1,6
02/02/2015 09:00:00 AM,16,1,15
02/02/2015 09:00:00 PM,7,4,3
02/20/2015 01:00:00 PM,17,7,10
02/19/2015 03:00:00 PM,25,17,8
02/28/2015 01:00:00 PM,39,22,17
02/28/2015 08:00:00 AM,16,4,12
02/21/2015 03:00:00 PM,13,7,6
02/26/2015 02:00:00 PM,13,7,6
02/04/2015 03:00:00 AM,0,0,0
02/05/2015 04:00:00 PM,14,7,7
02/23/2015 12:00:00 AM,0,0,0
02/18/2015 01:00:00 PM,7,2,5
02/01/2015 01:00:00 PM,8,5,3
02/14/2015 01:00:00 PM,11,6,5
02/11/2015 09:00:00 AM,16,0,16
02/08/2015 09:00:00 AM,12,3,9
02/10/2015 11:00:00 AM,13,2,11
02/20/2015 08:00:00 AM,37,1,36
02/08/2015 10:00:00 PM,4,1,3
02/05/2015 12:00:00 AM,0,0,0
02/16/2015 04:00:00 PM,21,16,5
02/26/2015 11:00:00 AM,7,2,5
02/13/2015 01:00:00 AM,3,0,3
02/19/2015 09:00:00 PM,4,1,3
02/19/2015 09:00:00 AM,27,5,22
02/04/2015 07:00:00 PM,17,12,5
02/23/2015 06:00:00 PM,35,26,9
02/15/2015 05:00:00 AM,0,0,0
02/15/2015 03:00:00 AM,0,0,0
02/19/2015 06:00:00 PM,16,14,2
02/06/2015 05:00:00 PM,33,19,14
02/07/2015 04:00:00 AM,0,0,0
02/09/2015 10:00:00 AM,14,4,10
02/17/2015 06:00:00 AM,22,5,17
02/12/2015 10:00:00 PM,4,1,3
02/13/2015 07:00:00 PM,4,4,0
02/02/2015 08:00:00 AM,33,6,27
02/22/2015 06:00:00 AM,6,0,6
02/02/2015 04:00:00 AM,0,0,0
02/28/2015 12:00:00 AM,1,1,0
02/13/2015 02:00:00 PM,13,5,8
02/02/2015 02:00:00 AM,0,0,0
02/06/2015 07:00:00 PM,6,5,1
02/07/2015 05:00:00 AM,0,0,0
02/10/2015 12:00:00 PM,10,2,8
02/14/2015 06:00:00 AM,4,1,3
02/14/2015 03:00:00 PM,22,7,15
02/12/2015 03:00:00 PM,15,7,8
02/20/2015 09:00:00 AM,27,2,25
02/08/2015 12:00:00 PM,14,4,10
02/03/2015 05:00:00 PM,32,22,10
02/13/2015 06:00:00 PM,22,14,8
02/14/2015 03:00:00 AM,0,0,0
02/13/2015 09:00:00 PM,3,1,2
02/16/2015 01:00:00 AM,0,0,0
02/03/2015 08:00:00 AM,49,5,44
02/20/2015 05:00:00 PM,31,27,4
02/04/2015 05:00:00 AM,12,2,10
02/15/2015 04:00:00 AM,0,0,0
02/27/2015 06:00:00 AM,18,2,16
02/17/2015 03:00:00 PM,17,9,8
02/08/2015 03:00:00 AM,0,0,0
02/21/2015 06:00:00 AM,7,1,6
02/19/2015 11:00:00 PM,2,2,0
02/03/2015 09:00:00 AM,28,2,26
02/04/2015 10:00:00 PM,4,4,0
02/24/2015 07:00:00 AM,35,6,29
02/04/2015 08:00:00 PM,3,3,0
02/17/2015 02:00:00 AM,0,0,0
02/01/2015 02:00:00 AM,2,2,0
02/18/2015 11:00:00 AM,11,1,10
02/24/2015 05:00:00 PM,49,31,18
02/01/2015 07:00:00 PM,19,11,8
02/02/2015 10:00:00 AM,9,0,9
02/24/2015 07:00:00 PM,15,9,6
02/17/2015 08:00:00 AM,38,3,35
02/11/2015 09:00:00 PM,0,0,0
02/10/2015 03:00:00 AM,0,0,0
02/19/2015 08:00:00 PM,8,5,3
02/09/2015 03:00:00 PM,13,10,3
02/15/2015 01:00:00 AM,0,0,0
02/02/2015 03:00:00 PM,21,17,4
02/23/2015 03:00:00 PM,30,8,22
02/17/2015 10:00:00 AM,13,4,9
02/06/2015 11:00:00 AM,2,1,1
02/02/2015 01:00:00 PM,16,4,12
02/03/2015 11:00:00 PM,0,0,0
02/12/2015 01:00:00 PM,5,1,4
02/15/2015 02:00:00 PM,10,5,5
02/23/2015 10:00:00 AM,13,0,13
02/04/2015 04:00:00 PM,29,16,13
02/09/2015 01:00:00 PM,11,4,7
02/01/2015 04:00:00 PM,5,3,2
02/01/2015 01:00:00 AM,1,0,1
02/10/2015 06:00:00 PM,9,9,0
03/17/2015 10:00:00 AM,22,2,20
03/24/2015 05:00:00 PM,25,21,4
03/20/2015 01:00:00 AM,0,0,0
03/05/2015 06:00:00 AM,15,0,15
03/28/2015 09:00:00 PM,5,3,2
03/18/2015 05:00:00 PM,33,23,10
03/23/2015 03:00:00 AM,0,0,0
03/12/2015 03:00:00 PM,22,14,8
03/23/2015 08:00:00 PM,12,12,0
03/15/2015 06:00:00 AM,0,0,0
03/27/2015 12:00:00 AM,3,0,3
03/24/2015 11:00:00 AM,10,5,5
03/03/2015 02:00:00 AM,0,0,0
03/18/2015 12:00:00 AM,0,0,0
03/06/2015 06:00:00 PM,27,22,5
03/19/2015 01:00:00 PM,3,3,0
03/25/2015 03:00:00 PM,15,4,11
03/17/2015 01:00:00 PM,10,6,4
03/02/2015 11:00:00 AM,12,2,10
03/20/2015 01:00:00 PM,3,1,2
03/27/2015 10:00:00 AM,9,3,6
03/23/2015 01:00:00 PM,4,3,1
03/18/2015 04:00:00 AM,0,0,0
03/21/2015 12:00:00 AM,0,0,0
03/22/2015 09:00:00 PM,2,1,1
03/14/2015 05:00:00 AM,2,0,2
03/03/2015 05:00:00 PM,30,22,8
03/28/2015 09:00:00 AM,17,2,15
03/09/2015 03:00:00 PM,14,4,10
03/11/2015 11:00:00 AM,10,2,8
03/08/2015 06:00:00 PM,19,11,8
03/03/2015 05:00:00 AM,6,0,6
03/10/2015 02:00:00 PM,12,5,7
03/23/2015 10:00:00 PM,0,0,0
03/20/2015 05:00:00 AM,7,2,5
03/07/2015 05:00:00 AM,0,0,0
03/17/2015 11:00:00 PM,2,0,2
03/28/2015 03:00:00 AM,0,0,0
03/30/2015 09:00:00 AM,27,0,27
03/11/2015 02:00:00 PM,8,2,6
03/05/2015 09:00:00 PM,5,1,4
03/02/2015 02:00:00 PM,8,1,7
03/26/2015 03:00:00 PM,16,7,9
03/03/2015 09:00:00 PM,6,4,2
03/16/2015 05:00:00 AM,3,0,3
03/02/2015 09:00:00 AM,30,4,26
03/22/2015 11:00:00 AM,7,1,6
03/05/2015 04:00:00 AM,0,0,0
03/18/2015 04:00:00 PM,27,16,11
03/10/2015 04:00:00 AM,0,0,0
03/16/2015 10:00:00 PM,5,3,2
03/05/2015 01:00:00 PM,16,11,5
03/05/2015 11:00:00 PM,3,1,2
03/03/2015 06:00:00 AM,14,1,13
03/28/2015 06:00:00 AM,1,1,0
03/05/2015 04:00:00 PM,22,19,3
03/15/2015 09:00:00 AM,4,0,4
03/24/2015 04:00:00 AM,0,0,0
03/10/2015 12:00:00 PM,11,6,5
03/12/2015 02:00:00 PM,10,4,6
03/16/2015 08:00:00 AM,27,4,23
03/26/2015 05:00:00 PM,33,25,8
03/11/2015 04:00:00 AM,0,0,0
03/29/2015 01:00:00 PM,28,5,23
03/02/2015 11:00:00 PM,3,1,2
03/20/2015 05:00:00 PM,29,21,8
03/02/2015 03:00:00 AM,0,0,0
03/07/2015 03:00:00 AM,0,0,0
03/30/2015 02:00:00 PM,14,7,7
03/07/2015 08:00:00 PM,2,2,0
03/19/2015 07:00:00 PM,17,10,7
03/30/2015 07:00:00 PM,31,19,12
03/30/2015 01:00:00 AM,2,2,0
03/24/2015 06:00:00 PM,25,13,12
03/04/2015 02:00:00 PM,15,7,8
03/07/2015 11:00:00 AM,22,8,14
03/24/2015 12:00:00 PM,11,2,9
03/15/2015 05:00:00 PM,5,4,1
03/19/2015 07:00:00 AM,21,4,17
03/04/2015 01:00:00 AM,0,0,0
03/29/2015 08:00:00 AM,8,0,8
03/22/2015 07:00:00 AM,5,1,4
03/08/2015 10:00:00 AM,13,5,8
03/16/2015 08:00:00 PM,11,6,5
03/01/2015 05:00:00 PM,8,4,4
03/19/2015 02:00:00 AM,0,0,0
03/27/2015 12:00:00 PM,15,5,10
03/21/2015 05:00:00 AM,0,0,0
03/30/2015 12:00:00 PM,7,5,2
03/10/2015 05:00:00 PM,52,41,11
03/16/2015 01:00:00 AM,0,0,0
03/05/2015 12:00:00 PM,16,2,14
03/14/2015 02:00:00 AM,0,0,0
03/08/2015 01:00:00 AM,2,2,0
03/07/2015 04:00:00 PM,21,7,14
03/15/2015 02:00:00 PM,4,0,4
03/27/2015 02:00:00 PM,21,6,15
03/08/2015 08:00:00 AM,6,0,6
03/03/2015 07:00:00 AM,26,3,23
03/09/2015 05:00:00 PM,37,23,14
03/27/2015 04:00:00 AM,0,0,0
03/07/2015 06:00:00 PM,7,4,3
03/01/2015 01:00:00 AM,6,0,6
03/29/2015 07:00:00 AM,1,1,0
03/17/2015 05:00:00 AM,6,0,6
03/31/2015 07:00:00 PM,11,11,0
03/27/2015 10:00:00 PM,5,3,2
03/06/2015 07:00:00 PM,24,15,9
03/05/2015 08:00:00 PM,6,4,2
03/18/2015 12:00:00 PM,24,5,19
03/11/2015 07:00:00 AM,29,4,25
03/11/2015 11:00:00 PM,0,0,0
03/16/2015 05:00:00 PM,31,26,5
03/02/2015 03:00:00 PM,7,4,3
03/04/2015 07:00:00 AM,34,4,30
03/05/2015 09:00:00 AM,28,4,24
03/04/2015 10:00:00 AM,14,2,12
03/31/2015 12:00:00 PM,5,1,4
03/25/2015 05:00:00 AM,7,2,5
03/22/2015 06:00:00 AM,2,0,2
03/21/2015 09:00:00 PM,4,0,4
03/01/2015 09:00:00 AM,8,4,4
03/15/2015 04:00:00 AM,0,0,0
03/24/2015 11:00:00 PM,0,0,0
03/07/2015 07:00:00 AM,6,3,3
03/27/2015 01:00:00 AM,0,0,0
03/15/2015 03:00:00 AM,0,0,0
03/25/2015 11:00:00 PM,3,1,2
03/21/2015 12:00:00 PM,6,4,2
03/18/2015 03:00:00 AM,0,0,0
03/27/2015 08:00:00 PM,18,7,11
03/07/2015 08:00:00 AM,3,2,1
03/22/2015 06:00:00 PM,5,2,3
03/13/2015 05:00:00 AM,6,0,6
03/04/2015 06:00:00 PM,34,25,9
03/02/2015 01:00:00 PM,7,6,1
03/19/2015 04:00:00 AM,0,0,0
03/26/2015 07:00:00 PM,8,8,0
03/06/2015 07:00:00 AM,33,2,31
03/30/2015 03:00:00 PM,18,9,9
03/30/2015 06:00:00 PM,40,29,11
03/04/2015 12:00:00 AM,1,1,0
03/14/2015 03:00:00 AM,0,0,0
03/11/2015 01:00:00 AM,0,0,0
03/24/2015 06:00:00 AM,15,1,14
03/06/2015 04:00:00 AM,0,0,0
03/22/2015 08:00:00 PM,2,0,2
03/03/2015 11:00:00 AM,9,3,6
03/13/2015 04:00:00 AM,3,0,3
03/28/2015 11:00:00 AM,12,2,10
03/08/2015 08:00:00 PM,4,3,1
03/09/2015 12:00:00 PM,9,3,6
03/04/2015 11:00:00 AM,7,2,5
03/03/2015 08:00:00 AM,32,0,32
03/15/2015 10:00:00 PM,3,0,3
03/10/2015 01:00:00 AM,0,0,0
03/29/2015 04:00:00 AM,0,0,0
03/30/2015 05:00:00 AM,5,2,3
03/16/2015 09:00:00 AM,38,4,34
03/10/2015 09:00:00 PM,4,1,3
03/15/2015 01:00:00 PM,11,0,11
03/07/2015 06:00:00 AM,5,0,5
03/22/2015 12:00:00 PM,13,7,6
03/26/2015 09:00:00 PM,6,4,2
03/15/2015 09:00:00 PM,2,0,2
03/22/2015 01:00:00 AM,0,0,0
03/18/2015 10:00:00 AM,18,4,14
03/31/2015 07:00:00 AM,19,1,18
03/06/2015 02:00:00 AM,0,0,0
03/25/2015 03:00:00 AM,0,0,0
03/02/2015 06:00:00 PM,39,34,5
03/20/2015 09:00:00 PM,4,4,0
03/28/2015 05:00:00 AM,0,0,0
03/01/2015 02:00:00 PM,38,19,19
03/14/2015 10:00:00 PM,1,1,0
03/15/2015 02:00:00 AM,0,0,0
03/01/2015 12:00:00 AM,0,0,0
03/28/2015 12:00:00 PM,13,5,8
03/21/2015 07:00:00 AM,9,4,5
03/31/2015 08:00:00 PM,5,3,2
03/01/2015 04:00:00 PM,6,4,2
03/17/2015 02:00:00 PM,9,5,4
03/25/2015 07:00:00 AM,19,1,18
03/31/2015 06:00:00 AM,13,0,13
03/13/2015 07:00:00 PM,9,7,2
03/13/2015 01:00:00 AM,1,1,0
03/09/2015 09:00:00 PM,2,0,2
03/28/2015 05:00:00 PM,16,8,8
03/29/2015 09:00:00 PM,1,1,0
03/29/2015 06:00:00 PM,10,3,7
03/03/2015 12:00:00 AM,0,0,0
03/03/2015 03:00:00 AM,0,0,0
03/01/2015 06:00:00 AM,2,0,2
03/12/2015 02:00:00 AM,1,0,1
03/24/2015 05:00:00 AM,3,0,3
03/27/2015 05:00:00 AM,5,0,5
03/08/2015 07:00:00 PM,9,8,1
03/22/2015 03:00:00 AM,0,0,0
03/13/2015 11:00:00 PM,3,1,2
03/28/2015 04:00:00 PM,12,7,5
03/16/2015 06:00:00 AM,16,1,15
03/01/2015 03:00:00 AM,0,0,0
03/23/2015 12:00:00 AM,1,1,0
03/03/2015 06:00:00 PM,21,17,4
03/21/2015 03:00:00 AM,0,0,0
03/12/2015 05:00:00 PM,32,24,8
03/02/2015 04:00:00 PM,29,16,13
03/09/2015 09:00:00 AM,30,3,27
03/13/2015 06:00:00 PM,31,22,9
03/26/2015 06:00:00 PM,27,19,8
03/24/2015 02:00:00 AM,0,0,0
03/30/2015 03:00:00 AM,0,0,0
03/13/2015 04:00:00 PM,24,17,7
03/03/2015 07:00:00 PM,11,6,5
03/19/2015 08:00:00 PM,6,4,2
03/19/2015 05:00:00 AM,5,0,5
03/08/2015 05:00:00 AM,0,0,0
03/29/2015 11:00:00 AM,10,4,6
03/15/2015 04:00:00 PM,0,0,0
03/01/2015 10:00:00 AM,7,2,5
03/19/2015 08:00:00 AM,19,1,18
03/26/2015 09:00:00 AM,16,2,14
03/21/2015 04:00:00 AM,0,0,0
03/06/2015 10:00:00 AM,14,2,12
03/02/2015 10:00:00 AM,12,4,8
03/31/2015 01:00:00 AM,0,0,0
03/09/2015 07:00:00 AM,20,2,18
03/19/2015 03:00:00 AM,0,0,0
03/23/2015 04:00:00 AM,2,0,2
03/10/2015 03:00:00 AM,0,0,0
03/27/2015 01:00:00 PM,7,3,4
03/23/2015 02:00:00 PM,13,4,9
03/20/2015 10:00:00 PM,3,3,0
03/05/2015 07:00:00 PM,19,7,12
03/12/2015 04:00:00 PM,25,16,9
03/14/2015 10:00:00 AM,1,1,0
03/08/2015 03:00:00 AM,0,0,0
03/01/2015 03:00:00 PM,12,3,9
03/25/2015 11:00:00 AM,8,4,4
03/09/2015 04:00:00 PM,35,24,11
03/01/2015 05:00:00 AM,0,0,0
03/21/2015 05:00:00 PM,14,4,10
03/11/2015 09:00:00 PM,6,1,5
03/04/2015 06:00:00 AM,11,1,10
03/13/2015 05:00:00 PM,23,19,4
03/06/2015 05:00:00 PM,31,22,9
03/26/2015 08:00:00 PM,17,7,10
03/28/2015 11:00:00 PM,2,0,2
03/14/2015 12:00:00 PM,11,2,9
03/18/2015 08:00:00 PM,16,7,9
03/18/2015 05:00:00 AM,4,0,4
03/19/2015 10:00:00 AM,25,4,21
03/17/2015 06:00:00 AM,13,1,12
03/31/2015 02:00:00 PM,25,18,7
03/30/2015 08:00:00 AM,35,4,31
03/30/2015 11:00:00 PM,0,0,0
03/21/2015 10:00:00 AM,11,6,5
03/28/2015 07:00:00 PM,9,4,5
03/02/2015 04:00:00 AM,0,0,0
03/02/2015 06:00:00 AM,12,0,12
03/07/2015 12:00:00 PM,18,6,12
03/10/2015 08:00:00 AM,32,2,30
03/08/2015 06:00:00 AM,2,0,2
03/28/2015 10:00:00 AM,21,8,13
03/28/2015 12:00:00 AM,1,1,0
03/10/2015 02:00:00 AM,0,0,0
03/02/2015 05:00:00 PM,44,27,17
03/06/2015 09:00:00 AM,27,3,24
03/06/2015 02:00:00 PM,25,11,14
03/06/2015 10:00:00 PM,5,3,2
03/13/2015 03:00:00 AM,0,0,0
03/07/2015 02:00:00 AM,0,0,0
03/16/2015 03:00:00 PM,21,8,13
03/30/2015 01:00:00 PM,20,6,14
03/06/2015 08:00:00 PM,6,4,2
03/09/2015 10:00:00 AM,21,3,18
03/17/2015 11:00:00 AM,5,1,4
03/20/2015 08:00:00 PM,3,0,3
03/02/2015 07:00:00 PM,19,11,8
03/21/2015 08:00:00 AM,14,4,10
03/11/2015 07:00:00 PM,11,10,1
03/09/2015 01:00:00 PM,12,7,5
03/14/2015 02:00:00 PM,14,11,3
03/03/2015 02:00:00 PM,14,9,5
03/06/2015 06:00:00 AM,12,0,12
03/12/2015 08:00:00 PM,11,5,6
03/16/2015 09:00:00 PM,2,2,0
03/17/2015 04:00:00 AM,0,0,0
03/22/2015 01:00:00 PM,15,10,5
03/09/2015 10:00:00 PM,9,3,6
03/04/2015 10:00:00 PM,4,1,3
03/23/2015 12:00:00 PM,3,1,2
03/29/2015 06:00:00 AM,2,0,2
03/24/2015 04:00:00 PM,10,5,5
03/11/2015 08:00:00 PM,13,8,5
03/23/2015 09:00:00 PM,4,1,3
03/05/2015 10:00:00 AM,11,3,8
03/17/2015 03:00:00 AM,0,0,0
03/04/2015 07:00:00 PM,21,11,10
03/06/2015 11:00:00 PM,2,2,0
03/11/2015 05:00:00 PM,34,22,12
03/23/2015 06:00:00 PM,29,24,5
03/16/2015 04:00:00 AM,0,0,0
03/20/2015 11:00:00 AM,11,2,9
03/17/2015 02:00:00 AM,1,1,0
03/02/2015 05:00:00 AM,4,0,4
03/31/2015 05:00:00 AM,6,0,6
03/01/2015 09:00:00 PM,2,0,2
03/21/2015 04:00:00 PM,13,7,6
03/17/2015 04:00:00 PM,19,12,7
03/26/2015 01:00:00 AM,0,0,0
03/01/2015 04:00:00 AM,0,0,0
03/05/2015 05:00:00 PM,34,30,4
03/03/2015 04:00:00 AM,0,0,0
03/05/2015 12:00:00 AM,0,0,0
03/28/2015 01:00:00 PM,19,5,14
03/10/2015 07:00:00 AM,26,3,23
03/07/2015 03:00:00 PM,22,14,8
03/01/2015 01:00:00 PM,15,6,9
03/21/2015 03:00:00 PM,12,5,7
03/13/2015 12:00:00 AM,1,1,0
03/18/2015 03:00:00 PM,15,8,7
03/28/2015 04:00:00 AM,0,0,0
03/20/2015 07:00:00 PM,14,9,5
03/25/2015 12:00:00 AM,2,2,0
03/09/2015 08:00:00 AM,36,5,31
03/17/2015 09:00:00 AM,35,3,32
03/12/2015 05:00:00 AM,6,0,6
03/22/2015 11:00:00 PM,1,1,0
03/10/2015 05:00:00 AM,6,0,6
03/13/2015 06:00:00 AM,9,2,7
03/25/2015 05:00:00 PM,41,20,21
03/30/2015 10:00:00 PM,4,4,0
03/25/2015 04:00:00 PM,14,6,8
03/10/2015 06:00:00 PM,39,31,8
03/31/2015 08:00:00 AM,35,3,32
03/21/2015 09:00:00 AM,4,0,4
03/16/2015 06:00:00 PM,24,18,6
03/24/2015 03:00:00 AM,0,0,0
03/11/2015 05:00:00 AM,8,0,8
03/29/2015 05:00:00 AM,0,0,0
03/08/2015 12:00:00 AM,2,2,0
03/23/2015 06:00:00 AM,24,4,20
03/18/2015 02:00:00 AM,0,0,0
03/30/2015 12:00:00 AM,3,1,2
03/25/2015 09:00:00 AM,21,3,18
03/18/2015 07:00:00 PM,20,16,4
03/08/2015 04:00:00 AM,1,1,0
03/24/2015 08:00:00 AM,26,4,22
03/30/2015 04:00:00 AM,0,0,0
03/04/2015 08:00:00 PM,8,4,4
03/14/2015 07:00:00 AM,3,1,2
03/31/2015 06:00:00 PM,24,19,5
03/19/2015 04:00:00 PM,25,15,10
03/24/2015 09:00:00 PM,8,4,4
03/11/2015 09:00:00 AM,25,3,22
03/13/2015 10:00:00 AM,14,2,12
03/07/2015 09:00:00 PM,3,2,1
03/14/2015 01:00:00 PM,7,4,3
03/16/2015 12:00:00 PM,12,4,8
03/15/2015 11:00:00 AM,7,2,5
03/19/2015 12:00:00 AM,2,2,0
03/21/2015 06:00:00 AM,0,0,0
03/11/2015 12:00:00 PM,9,2,7
03/18/2015 10:00:00 PM,1,1,0
03/24/2015 01:00:00 AM,0,0,0
03/13/2015 09:00:00 AM,28,1,27
03/10/2015 01:00:00 PM,7,2,5
03/20/2015 02:00:00 AM,0,0,0
03/19/2015 01:00:00 AM,0,0,0
03/16/2015 12:00:00 AM,1,1,0
03/05/2015 03:00:00 AM,0,0,0
03/20/2015 12:00:00 AM,0,0,0
03/20/2015 11:00:00 PM,0,0,0
03/14/2015 11:00:00 PM,0,0,0
03/23/2015 05:00:00 AM,0,0,0
03/20/2015 09:00:00 AM,21,0,21
03/29/2015 02:00:00 AM,1,1,0
03/26/2015 08:00:00 AM,32,3,29
03/20/2015 08:00:00 AM,26,4,22
03/29/2015 05:00:00 PM,19,11,8
03/31/2015 12:00:00 AM,1,1,0
03/25/2015 07:00:00 PM,19,7,12
03/10/2015 03:00:00 PM,18,13,5
03/12/2015 11:00:00 AM,6,2,4
03/26/2015 05:00:00 AM,2,1,1
03/11/2015 08:00:00 AM,27,1,26
03/03/2015 08:00:00 PM,12,9,3
03/04/2015 05:00:00 AM,4,0,4
03/05/2015 03:00:00 PM,12,6,6
03/16/2015 02:00:00 PM,16,7,9
03/12/2015 08:00:00 AM,40,3,37
03/20/2015 02:00:00 PM,7,1,6
03/04/2015 01:00:00 PM,21,7,14
03/14/2015 06:00:00 PM,8,3,5
03/18/2015 06:00:00 AM,12,0,12
03/25/2015 06:00:00 AM,10,1,9
03/17/2015 05:00:00 PM,32,20,12
03/24/2015 10:00:00 PM,3,0,3
03/24/2015 02:00:00 PM,18,10,8
03/08/2015 11:00:00 PM,1,1,0
03/04/2015 08:00:00 AM,48,4,44
03/06/2015 05:00:00 AM,9,0,9
03/10/2015 10:00:00 AM,8,1,7
03/13/2015 03:00:00 PM,13,11,2
03/26/2015 02:00:00 PM,9,3,6
03/15/2015 12:00:00 PM,8,2,6
03/12/2015 09:00:00 PM,10,5,5
03/30/2015 08:00:00 PM,9,2,7
03/29/2015 08:00:00 PM,0,0,0
03/11/2015 02:00:00 AM,0,0,0
03/23/2015 11:00:00 AM,10,4,6
03/03/2015 01:00:00 PM,27,12,15
03/04/2015 05:00:00 PM,40,29,11
03/25/2015 08:00:00 AM,30,2,28
03/03/2015 03:00:00 PM,17,11,6
03/21/2015 01:00:00 AM,4,0,4
03/28/2015 10:00:00 PM,9,5,4
03/19/2015 09:00:00 AM,34,3,31
03/10/2015 06:00:00 AM,16,2,14
03/30/2015 09:00:00 PM,2,2,0
03/09/2015 12:00:00 AM,0,0,0
03/13/2015 12:00:00 PM,20,3,17
03/25/2015 12:00:00 PM,16,2,14
03/24/2015 10:00:00 AM,16,0,16
03/26/2015 04:00:00 PM,34,21,13
03/19/2015 02:00:00 PM,13,6,7
03/16/2015 03:00:00 AM,0,0,0
03/14/2015 04:00:00 AM,0,0,0
03/30/2015 07:00:00 AM,31,4,27
03/08/2015 01:00:00 PM,14,5,9
03/22/2015 09:00:00 AM,3,1,2
03/09/2015 11:00:00 PM,0,0,0
03/10/2015 12:00:00 AM,0,0,0
03/09/2015 03:00:00 AM,0,0,0
03/06/2015 01:00:00 AM,1,1,0
03/22/2015 10:00:00 AM,25,4,21
03/01/2015 12:00:00 PM,11,7,4
03/07/2015 01:00:00 AM,0,0,0
03/25/2015 02:00:00 AM,0,0,0
03/17/2015 03:00:00 PM,14,6,8
03/27/2015 05:00:00 PM,41,27,14
03/02/2015 12:00:00 PM,22,8,14
03/25/2015 06:00:00 PM,23,14,9
03/11/2015 01:00:00 PM,6,4,2
03/15/2015 10:00:00 AM,7,2,5
03/15/2015 06:00:00 PM,0,0,0
03/12/2015 03:00:00 AM,0,0,0
03/06/2015 01:00:00 PM,20,7,13
03/15/2015 03:00:00 PM,9,3,6
03/19/2015 09:00:00 PM,7,4,3
03/08/2015 04:00:00 PM,18,9,9
03/22/2015 12:00:00 AM,1,1,0
03/08/2015 03:00:00 AM,,,
03/18/2015 09:00:00 AM,32,2,30
03/28/2015 06:00:00 PM,11,7,4
03/20/2015 03:00:00 PM,7,5,2
03/28/2015 02:00:00 AM,0,0,0
03/14/2015 08:00:00 AM,0,0,0
03/29/2015 09:00:00 AM,5,2,3
03/04/2015 09:00:00 AM,18,3,15
03/07/2015 01:00:00 PM,20,5,15
03/29/2015 12:00:00 AM,0,0,0
03/20/2015 04:00:00 AM,0,0,0
03/02/2015 01:00:00 AM,0,0,0
03/13/2015 08:00:00 PM,15,1,14
03/25/2015 04:00:00 AM,0,0,0
03/04/2015 04:00:00 PM,35,22,13
03/10/2015 07:00:00 PM,12,8,4
03/01/2015 02:00:00 AM,0,0,0
03/19/2015 10:00:00 PM,4,1,3
03/29/2015 02:00:00 PM,12,6,6
03/29/2015 07:00:00 PM,7,3,4
03/18/2015 08:00:00 AM,44,5,39
03/07/2015 07:00:00 PM,2,0,2
03/07/2015 10:00:00 PM,1,1,0
03/18/2015 09:00:00 PM,6,4,2
03/10/2015 08:00:00 PM,7,5,2
03/31/2015 11:00:00 PM,0,0,0
03/20/2015 12:00:00 PM,10,5,5
03/07/2015 09:00:00 AM,5,0,5
03/18/2015 01:00:00 PM,13,7,6
03/15/2015 11:00:00 PM,0,0,0
03/25/2015 08:00:00 PM,2,2,0
03/24/2015 07:00:00 PM,10,3,7
03/12/2015 10:00:00 AM,14,2,12
03/18/2015 11:00:00 PM,1,1,0
03/27/2015 06:00:00 AM,5,0,5
03/01/2015 11:00:00 AM,33,17,16
03/20/2015 06:00:00 AM,8,0,8
03/23/2015 04:00:00 PM,14,8,6
03/13/2015 08:00:00 AM,22,0,22
03/09/2015 06:00:00 PM,36,29,7
03/17/2015 01:00:00 AM,0,0,0
03/08/2015 03:00:00 PM,19,7,12
03/22/2015 04:00:00 AM,3,0,3
03/29/2015 03:00:00 PM,16,8,8
03/30/2015 05:00:00 PM,40,31,9
03/31/2015 10:00:00 PM,5,2,3
03/26/2015 12:00:00 AM,1,1,0
03/01/2015 06:00:00 PM,3,1,2
03/03/2015 12:00:00 PM,15,2,13
03/01/2015 10:00:00 PM,3,1,2
03/15/2015 05:00:00 AM,1,1,0
03/27/2015 11:00:00 AM,11,3,8
03/22/2015 02:00:00 AM,1,1,0
03/06/2015 04:00:00 PM,27,19,8
03/11/2015 12:00:00 AM,0,0,0
03/06/2015 03:00:00 PM,17,7,10
03/22/2015 08:00:00 AM,7,0,7
03/27/2015 08:00:00 AM,34,2,32
03/12/2015 10:00:00 PM,4,2,2
03/12/2015 01:00:00 AM,0,0,0
03/03/2015 11:00:00 PM,0,0,0
03/14/2015 07:00:00 PM,6,3,3
03/19/2015 11:00:00 PM,0,0,0
03/26/2015 11:00:00 AM,19,3,16
03/22/2015 04:00:00 PM,2,2,0
03/05/2015 11:00:00 AM,8,2,6
03/09/2015 05:00:00 AM,3,0,3
03/31/2015 09:00:00 PM,4,2,2
03/11/2015 10:00:00 PM,1,1,0
03/25/2015 10:00:00 AM,15,4,11
03/11/2015 03:00:00 PM,19,6,13
03/22/2015 05:00:00 AM,0,0,0
03/04/2015 03:00:00 AM,4,2,2
03/16/2015 07:00:00 AM,17,3,14
03/18/2015 02:00:00 PM,15,5,10
03/21/2015 02:00:00 PM,20,2,18
03/09/2015 04:00:00 AM,0,0,0
03/11/2015 04:00:00 PM,16,14,2
03/02/2015 07:00:00 AM,32,0,32
03/21/2015 08:00:00 PM,6,3,3
03/18/2015 07:00:00 AM,28,3,25
03/23/2015 02:00:00 AM,0,0,0
03/01/2015 08:00:00 PM,9,1,8
03/14/2015 12:00:00 AM,0,0,0
03/20/2015 06:00:00 PM,19,13,6
03/16/2015 11:00:00 AM,11,3,8
03/18/2015 11:00:00 AM,18,9,9
03/02/2015 02:00:00 AM,0,0,0
03/06/2015 12:00:00 PM,3,2,1
03/21/2015 02:00:00 AM,0,0,0
03/27/2015 09:00:00 PM,1,1,0
03/31/2015 03:00:00 PM,15,6,9
03/21/2015 11:00:00 AM,9,3,6
03/05/2015 01:00:00 AM,0,0,0
03/12/2015 04:00:00 AM,0,0,0
03/02/2015 10:00:00 PM,2,2,0
03/01/2015 07:00:00 AM,2,0,2
03/19/2015 11:00:00 AM,5,3,2
03/27/2015 09:00:00 AM,22,1,21
03/11/2015 10:00:00 AM,9,1,8
03/07/2015 11:00:00 PM,3,1,2
03/23/2015 01:00:00 AM,0,0,0
03/30/2015 11:00:00 AM,23,4,19
03/17/2015 08:00:00 AM,17,1,16
03/29/2015 11:00:00 PM,4,1,3
03/12/2015 01:00:00 PM,16,7,9
03/21/2015 07:00:00 PM,7,1,6
03/27/2015 07:00:00 PM,18,12,6
03/09/2015 02:00:00 AM,0,0,0
03/04/2015 02:00:00 AM,0,0,0
03/28/2015 07:00:00 AM,5,0,5
03/15/2015 08:00:00 AM,1,1,0
03/07/2015 10:00:00 AM,12,1,11
03/10/2015 09:00:00 AM,24,3,21
03/24/2015 07:00:00 AM,15,5,10
03/31/2015 04:00:00 PM,17,10,7
03/28/2015 03:00:00 PM,14,6,8
03/18/2015 01:00:00 AM,1,1,0
03/28/2015 02:00:00 PM,10,6,4
03/29/2015 01:00:00 AM,0,0,0
03/31/2015 11:00:00 AM,4,1,3
03/28/2015 08:00:00 PM,7,7,0
03/06/2015 12:00:00 AM,0,0,0
03/14/2015 09:00:00 AM,1,0,1
03/27/2015 07:00:00 AM,31,1,30
03/08/2015 10:00:00 PM,2,0,2
03/17/2015 07:00:00 PM,16,9,7
03/13/2015 02:00:00 AM,0,0,0
03/05/2015 02:00:00 PM,25,5,20
03/27/2015 06:00:00 PM,24,15,9
03/01/2015 11:00:00 PM,0,0,0
03/09/2015 07:00:00 PM,16,8,8
03/14/2015 03:00:00 PM,17,3,14
03/16/2015 11:00:00 PM,0,0,0
03/29/2015 03:00:00 AM,0,0,0
03/21/2015 10:00:00 PM,4,3,1
03/26/2015 01:00:00 PM,14,6,8
03/16/2015 04:00:00 PM,19,16,3
03/26/2015 02:00:00 AM,0,0,0
03/12/2015 11:00:00 PM,5,2,3
03/20/2015 07:00:00 AM,20,2,18
03/19/2015 06:00:00 PM,34,22,12
03/26/2015 07:00:00 AM,29,2,27
03/01/2015 08:00:00 AM,4,0,4
03/25/2015 09:00:00 PM,3,3,0
03/07/2015 05:00:00 PM,18,10,8
03/15/2015 08:00:00 PM,3,3,0
03/13/2015 10:00:00 PM,2,2,0
03/29/2015 04:00:00 PM,11,5,6
03/12/2015 07:00:00 PM,12,7,5
03/31/2015 04:00:00 AM,0,0,0
03/31/2015 03:00:00 AM,0,0,0
03/23/2015 03:00:00 PM,11,5,6
03/30/2015 10:00:00 AM,27,3,24
03/07/2015 04:00:00 AM,0,0,0
03/14/2015 01:00:00 AM,3,0,3
03/09/2015 01:00:00 AM,0,0,0
03/09/2015 11:00:00 AM,7,2,5
03/31/2015 02:00:00 AM,0,0,0
03/06/2015 08:00:00 AM,34,7,27
03/28/2015 01:00:00 AM,0,0,0
03/19/2015 06:00:00 AM,16,3,13
03/25/2015 01:00:00 PM,5,2,3
03/12/2015 09:00:00 AM,19,1,18
03/23/2015 07:00:00 AM,15,2,13
03/14/2015 11:00:00 AM,7,3,4
03/04/2015 09:00:00 PM,4,2,2
03/08/2015 09:00:00 AM,2,1,1
03/03/2015 10:00:00 PM,3,3,0
03/11/2015 06:00:00 AM,16,0,16
03/16/2015 07:00:00 PM,15,12,3
03/04/2015 04:00:00 AM,2,0,2
03/29/2015 12:00:00 PM,9,2,7
03/21/2015 11:00:00 PM,0,0,0
03/24/2015 03:00:00 PM,20,9,11
03/05/2015 10:00:00 PM,9,5,4
03/26/2015 10:00:00 PM,0,0,0
03/12/2015 12:00:00 PM,12,5,7
03/27/2015 04:00:00 PM,28,16,12
03/11/2015 06:00:00 PM,32,23,9
03/16/2015 01:00:00 PM,6,0,6
03/10/2015 04:00:00 PM,18,11,7
03/27/2015 03:00:00 PM,21,7,14
03/05/2015 06:00:00 PM,39,16,23
03/19/2015 05:00:00 PM,15,11,4
03/27/2015 02:00:00 AM,1,1,0
03/20/2015 04:00:00 PM,22,14,8
03/14/2015 05:00:00 PM,16,10,6
03/08/2015 07:00:00 AM,1,0,1
03/10/2015 11:00:00 PM,0,0,0
03/10/2015 10:00:00 PM,1,1,0
03/21/2015 01:00:00 PM,14,7,7
03/23/2015 05:00:00 PM,31,22,9
03/08/2015 12:00:00 PM,16,7,9
03/13/2015 07:00:00 AM,25,1,24
03/31/2015 01:00:00 PM,18,4,14
03/28/2015 08:00:00 AM,12,2,10
03/13/2015 01:00:00 PM,10,6,4
03/12/2015 06:00:00 AM,23,1,22
03/04/2015 11:00:00 PM,0,0,0
03/07/2015 12:00:00 AM,0,0,0
03/06/2015 09:00:00 PM,5,2,3
03/31/2015 10:00:00 AM,9,4,5
03/23/2015 11:00:00 PM,0,0,0
03/13/2015 02:00:00 PM,7,7,0
03/17/2015 12:00:00 AM,1,1,0
03/30/2015 02:00:00 AM,0,0,0
03/24/2015 09:00:00 AM,22,3,19
03/14/2015 06:00:00 AM,0,0,0
03/12/2015 06:00:00 PM,21,17,4
03/02/2015 09:00:00 PM,5,3,2
03/05/2015 08:00:00 AM,50,3,47
03/24/2015 01:00:00 PM,11,2,9
03/16/2015 10:00:00 AM,23,1,22
03/24/2015 08:00:00 PM,4,3,1
03/03/2015 04:00:00 PM,27,16,11
03/26/2015 12:00:00 PM,12,2,10
03/29/2015 10:00:00 PM,0,0,0
03/15/2015 01:00:00 AM,0,0,0
03/25/2015 01:00:00 AM,0,0,0
03/22/2015 03:00:00 PM,4,2,2
03/14/2015 04:00:00 PM,10,2,8
03/17/2015 09:00:00 PM,12,6,6
03/31/2015 09:00:00 AM,26,3,23
03/30/2015 06:00:00 AM,11,1,10
03/10/2015 11:00:00 AM,21,3,18
03/22/2015 07:00:00 PM,3,0,3
03/03/2015 10:00:00 AM,12,4,8
03/02/2015 08:00:00 PM,7,5,2
03/23/2015 09:00:00 AM,24,1,23
03/17/2015 08:00:00 PM,5,2,3
03/08/2015 05:00:00 PM,20,4,16
03/14/2015 08:00:00 PM,5,1,4
03/13/2015 11:00:00 AM,15,4,11
03/06/2015 03:00:00 AM,0,0,0
03/23/2015 08:00:00 AM,25,5,20
03/26/2015 06:00:00 AM,14,0,14
03/05/2015 07:00:00 AM,24,5,19
03/18/2015 06:00:00 PM,34,25,9
03/15/2015 07:00:00 AM,0,0,0
03/08/2015 09:00:00 PM,0,0,0
03/09/2015 08:00:00 PM,15,11,4
03/26/2015 04:00:00 AM,0,0,0
03/20/2015 03:00:00 AM,0,0,0
03/30/2015 04:00:00 PM,24,18,6
03/12/2015 12:00:00 AM,0,0,0
03/25/2015 10:00:00 PM,9,2,7
03/15/2015 07:00:00 PM,0,0,0
03/20/2015 10:00:00 AM,24,4,20
03/04/2015 03:00:00 PM,19,11,8
03/27/2015 11:00:00 PM,2,2,0
03/05/2015 02:00:00 AM,0,0,0
03/05/2015 05:00:00 AM,7,1,6
03/03/2015 01:00:00 AM,0,0,0
03/01/2015 07:00:00 PM,5,1,4
03/22/2015 02:00:00 PM,6,6,0
03/09/2015 06:00:00 AM,11,2,9
03/11/2015 03:00:00 AM,0,0,0
03/14/2015 09:00:00 PM,2,0,2
03/12/2015 07:00:00 AM,22,2,20
03/29/2015 10:00:00 AM,6,5,1
03/25/2015 02:00:00 PM,3,2,1
03/22/2015 05:00:00 PM,12,3,9
03/31/2015 05:00:00 PM,26,21,5
03/08/2015 02:00:00 PM,20,13,7
03/26/2015 03:00:00 AM,0,0,0
03/27/2015 03:00:00 AM,0,0,0
03/23/2015 07:00:00 PM,20,13,7
03/08/2015 11:00:00 AM,16,3,13
03/17/2015 07:00:00 AM,14,2,12
03/21/2015 06:00:00 PM,18,12,6
03/16/2015 02:00:00 AM,0,0,0
03/07/2015 02:00:00 PM,30,19,11
03/26/2015 10:00:00 AM,20,2,18
03/02/2015 08:00:00 AM,36,4,32
03/15/2015 12:00:00 AM,1,1,0
03/23/2015 10:00:00 AM,9,1,8
03/26/2015 11:00:00 PM,2,2,0
03/02/2015 12:00:00 AM,0,0,0
03/17/2015 12:00:00 PM,7,4,3
03/19/2015 03:00:00 PM,13,5,8
03/17/2015 10:00:00 PM,4,4,0
03/17/2015 06:00:00 PM,30,26,4
03/19/2015 12:00:00 PM,9,5,4
03/13/2015 09:00:00 PM,7,4,3
03/03/2015 09:00:00 AM,21,2,19
03/04/2015 12:00:00 PM,16,4,12
03/09/2015 02:00:00 PM,14,6,8
03/22/2015 10:00:00 PM,1,1,0
03/24/2015 12:00:00 AM,0,0,0
03/06/2015 11:00:00 AM,20,5,15
04/24/2015 11:00:00 AM,1,1,0
04/14/2015 12:00:00 AM,1,1,0
04/29/2015 03:00:00 AM,0,0,0
04/01/2015 11:00:00 AM,8,3,5
04/18/2015 08:00:00 PM,6,1,5
04/02/2015 10:00:00 AM,10,2,8
04/22/2015 01:00:00 PM,18,8,10
04/16/2015 03:00:00 PM,13,11,2
04/13/2015 07:00:00 AM,27,4,23
04/09/2015 10:00:00 PM,2,0,2
04/20/2015 12:00:00 PM,12,7,5
04/25/2015 10:00:00 AM,6,4,2
04/29/2015 10:00:00 AM,15,7,8
04/09/2015 08:00:00 PM,7,5,2
04/03/2015 10:00:00 PM,4,2,2
04/24/2015 04:00:00 AM,0,0,0
04/27/2015 05:00:00 PM,45,34,11
04/22/2015 06:00:00 AM,9,1,8
04/07/2015 03:00:00 PM,12,6,6
04/14/2015 10:00:00 PM,0,0,0
04/20/2015 11:00:00 AM,16,8,8
04/07/2015 04:00:00 PM,26,16,10
04/10/2015 06:00:00 AM,7,1,6
04/15/2015 03:00:00 AM,0,0,0
04/03/2015 01:00:00 PM,13,6,7
04/20/2015 07:00:00 AM,35,6,29
04/17/2015 09:00:00 PM,0,0,0
04/30/2015 04:00:00 PM,20,16,4
04/05/2015 10:00:00 AM,4,2,2
04/09/2015 07:00:00 AM,28,3,25
04/06/2015 11:00:00 PM,5,1,4
04/01/2015 05:00:00 AM,4,0,4
04/11/2015 05:00:00 PM,14,10,4
04/14/2015 03:00:00 PM,18,10,8
04/28/2015 08:00:00 PM,5,2,3
04/26/2015 04:00:00 PM,9,9,0
04/20/2015 09:00:00 AM,33,5,28
04/06/2015 02:00:00 PM,18,9,9
04/08/2015 04:00:00 PM,19,13,6
04/11/2015 03:00:00 AM,0,0,0
04/13/2015 02:00:00 PM,13,6,7
04/23/2015 02:00:00 PM,11,7,4
04/04/2015 02:00:00 AM,0,0,0
04/08/2015 10:00:00 PM,2,0,2
04/06/2015 07:00:00 PM,15,13,2
04/29/2015 02:00:00 PM,7,1,6
04/20/2015 04:00:00 PM,28,13,15
04/04/2015 10:00:00 PM,6,4,2
04/03/2015 01:00:00 AM,0,0,0
04/01/2015 12:00:00 AM,2,0,2
04/04/2015 07:00:00 PM,7,2,5
04/19/2015 03:00:00 PM,16,10,6
04/10/2015 08:00:00 PM,5,3,2
04/05/2015 04:00:00 PM,23,10,13
04/24/2015 08:00:00 PM,4,4,0
04/07/2015 11:00:00 PM,7,2,5
04/06/2015 10:00:00 PM,0,0,0
04/23/2015 10:00:00 AM,10,2,8
04/03/2015 10:00:00 AM,8,5,3
04/02/2015 05:00:00 PM,30,21,9
04/29/2015 08:00:00 AM,40,7,33
04/25/2015 02:00:00 PM,21,13,8
04/08/2015 12:00:00 PM,12,7,5
04/20/2015 08:00:00 PM,14,8,6
04/29/2015 07:00:00 PM,34,21,13
04/02/2015 12:00:00 AM,1,1,0
04/20/2015 03:00:00 PM,22,14,8
04/14/2015 11:00:00 PM,5,0,5
04/11/2015 05:00:00 AM,0,0,0
04/21/2015 01:00:00 AM,0,0,0
04/23/2015 05:00:00 PM,25,22,3
04/14/2015 11:00:00 AM,6,1,5
04/08/2015 05:00:00 PM,37,26,11
04/10/2015 03:00:00 PM,21,8,13
04/22/2015 02:00:00 AM,0,0,0
04/05/2015 07:00:00 AM,7,3,4
04/09/2015 01:00:00 AM,0,0,0
04/08/2015 10:00:00 AM,16,1,15
04/06/2015 04:00:00 PM,21,17,4
04/08/2015 01:00:00 AM,0,0,0
04/27/2015 03:00:00 PM,14,8,6
04/08/2015 05:00:00 AM,5,1,4
04/07/2015 05:00:00 AM,6,0,6
04/07/2015 05:00:00 PM,41,34,7
04/02/2015 06:00:00 AM,13,0,13
04/16/2015 06:00:00 PM,28,16,12
04/28/2015 04:00:00 AM,2,0,2
04/22/2015 06:00:00 PM,38,32,6
04/11/2015 02:00:00 AM,0,0,0
04/18/2015 09:00:00 AM,9,4,5
04/04/2015 08:00:00 AM,6,1,5
04/30/2015 03:00:00 PM,21,11,10
04/14/2015 02:00:00 AM,0,0,0
04/23/2015 10:00:00 PM,3,0,3
04/06/2015 08:00:00 PM,5,3,2
04/17/2015 12:00:00 PM,20,11,9
04/18/2015 08:00:00 AM,5,1,4
04/06/2015 08:00:00 AM,27,2,25
04/13/2015 05:00:00 AM,3,0,3
04/15/2015 12:00:00 AM,0,0,0
04/14/2015 10:00:00 AM,18,3,15
04/26/2015 11:00:00 PM,0,0,0
04/20/2015 02:00:00 PM,8,1,7
04/20/2015 07:00:00 PM,26,14,12
04/09/2015 09:00:00 PM,6,4,2
04/05/2015 05:00:00 AM,0,0,0
04/20/2015 01:00:00 AM,0,0,0
04/24/2015 10:00:00 PM,1,0,1
04/11/2015 12:00:00 AM,0,0,0
04/30/2015 02:00:00 PM,15,12,3
04/14/2015 04:00:00 PM,11,9,2
04/01/2015 02:00:00 PM,9,5,4
04/10/2015 11:00:00 AM,8,4,4
04/15/2015 01:00:00 PM,19,11,8
04/24/2015 06:00:00 PM,22,18,4
04/20/2015 10:00:00 AM,29,4,25
04/04/2015 06:00:00 AM,6,0,6
04/03/2015 05:00:00 PM,22,20,2
04/22/2015 09:00:00 PM,3,1,2
04/07/2015 03:00:00 AM,0,0,0
04/04/2015 04:00:00 AM,0,0,0
04/27/2015 11:00:00 PM,0,0,0
04/06/2015 11:00:00 AM,6,0,6
04/15/2015 07:00:00 PM,18,16,2
04/23/2015 04:00:00 PM,18,13,5
04/13/2015 04:00:00 PM,9,7,2
04/19/2015 06:00:00 PM,20,8,12
04/23/2015 05:00:00 AM,5,0,5
04/18/2015 06:00:00 AM,0,0,0
04/29/2015 05:00:00 AM,3,0,3
04/16/2015 01:00:00 AM,0,0,0
04/03/2015 12:00:00 PM,5,2,3
04/01/2015 02:00:00 AM,0,0,0
04/19/2015 12:00:00 PM,16,8,8
04/23/2015 12:00:00 AM,1,1,0
04/15/2015 10:00:00 PM,5,5,0
04/02/2015 01:00:00 AM,0,0,0
04/24/2015 02:00:00 AM,1,1,0
04/16/2015 08:00:00 AM,34,0,34
04/14/2015 01:00:00 PM,13,6,7
04/26/2015 09:00:00 PM,0,0,0
04/19/2015 06:00:00 AM,1,1,0
04/24/2015 01:00:00 PM,19,5,14
04/04/2015 09:00:00 PM,3,1,2
04/29/2015 10:00:00 PM,1,1,0
04/18/2015 03:00:00 AM,0,0,0
04/03/2015 04:00:00 PM,9,7,2
04/21/2015 12:00:00 AM,1,1,0
04/10/2015 07:00:00 PM,7,6,1
04/23/2015 03:00:00 PM,6,5,1
04/03/2015 06:00:00 PM,27,16,11
04/06/2015 01:00:00 PM,17,5,12
04/17/2015 06:00:00 PM,24,19,5
04/18/2015 05:00:00 PM,15,11,4
04/17/2015 04:00:00 AM,0,0,0
04/05/2015 02:00:00 AM,5,0,5
04/15/2015 08:00:00 AM,41,2,39
04/12/2015 03:00:00 AM,0,0,0
04/07/2015 12:00:00 AM,0,0,0
04/05/2015 12:00:00 AM,2,2,0
04/05/2015 04:00:00 AM,0,0,0
04/06/2015 03:00:00 AM,0,0,0
04/05/2015 03:00:00 AM,0,0,0
04/09/2015 04:00:00 PM,30,22,8
04/03/2015 12:00:00 AM,1,1,0
04/21/2015 05:00:00 AM,8,1,7
04/23/2015 04:00:00 AM,3,0,3
04/01/2015 10:00:00 PM,2,0,2
04/27/2015 01:00:00 PM,12,5,7
04/19/2015 05:00:00 AM,0,0,0
04/25/2015 04:00:00 PM,12,6,6
04/15/2015 03:00:00 PM,13,12,1
04/12/2015 04:00:00 PM,12,5,7
04/03/2015 05:00:00 AM,6,0,6
04/26/2015 03:00:00 PM,13,4,9
04/12/2015 11:00:00 AM,14,6,8
04/06/2015 05:00:00 AM,2,0,2
04/05/2015 05:00:00 PM,12,8,4
04/09/2015 11:00:00 AM,10,2,8
04/19/2015 08:00:00 PM,5,5,0
04/19/2015 09:00:00 AM,15,3,12
04/13/2015 11:00:00 PM,0,0,0
04/30/2015 10:00:00 PM,0,0,0
04/08/2015 11:00:00 AM,27,8,19
04/16/2015 11:00:00 PM,0,0,0
04/28/2015 12:00:00 PM,9,1,8
04/28/2015 10:00:00 PM,0,0,0
04/04/2015 02:00:00 PM,17,4,13
04/28/2015 06:00:00 AM,14,2,12
04/14/2015 01:00:00 AM,0,0,0
04/12/2015 05:00:00 PM,12,4,8
04/18/2015 06:00:00 PM,13,8,5
04/29/2015 12:00:00 PM,7,4,3
04/04/2015 12:00:00 AM,2,2,0
04/27/2015 02:00:00 AM,0,0,0
04/27/2015 12:00:00 PM,7,2,5
04/26/2015 05:00:00 PM,9,8,1
04/05/2015 09:00:00 PM,1,0,1
04/06/2015 07:00:00 AM,37,4,33
04/19/2015 10:00:00 AM,23,7,16
04/19/2015 01:00:00 AM,0,0,0
04/18/2015 04:00:00 PM,14,9,5
04/04/2015 07:00:00 AM,2,0,2
04/17/2015 07:00:00 PM,14,10,4
04/30/2015 07:00:00 PM,14,14,0
04/09/2015 02:00:00 AM,0,0,0
04/17/2015 10:00:00 PM,4,2,2
04/07/2015 10:00:00 AM,22,2,20
04/07/2015 06:00:00 PM,24,22,2
04/23/2015 06:00:00 PM,35,24,11
04/25/2015 11:00:00 PM,5,3,2
04/09/2015 05:00:00 PM,42,29,13
04/15/2015 12:00:00 PM,11,5,6
04/29/2015 08:00:00 PM,4,2,2
04/27/2015 09:00:00 AM,21,0,21
04/09/2015 08:00:00 AM,47,7,40
04/28/2015 12:00:00 AM,1,1,0
04/01/2015 01:00:00 PM,7,3,4
04/09/2015 06:00:00 AM,11,1,10
04/11/2015 07:00:00 AM,9,6,3
04/26/2015 03:00:00 AM,0,0,0
04/10/2015 05:00:00 AM,2,0,2
04/10/2015 02:00:00 AM,0,0,0
04/10/2015 12:00:00 AM,2,2,0
04/15/2015 04:00:00 PM,18,8,10
04/14/2015 02:00:00 PM,20,4,16
04/17/2015 06:00:00 AM,13,0,13
04/03/2015 07:00:00 PM,9,8,1
04/04/2015 04:00:00 PM,21,12,9
04/24/2015 08:00:00 AM,24,1,23
04/25/2015 03:00:00 AM,0,0,0
04/23/2015 07:00:00 PM,4,3,1
04/14/2015 05:00:00 AM,6,1,5
04/28/2015 03:00:00 PM,12,9,3
04/27/2015 02:00:00 PM,21,14,7
04/13/2015 08:00:00 PM,5,3,2
04/30/2015 08:00:00 AM,36,4,32
04/07/2015 01:00:00 PM,10,4,6
04/24/2015 07:00:00 PM,14,8,6
04/08/2015 12:00:00 AM,4,1,3
04/09/2015 01:00:00 PM,7,3,4
04/23/2015 03:00:00 AM,2,0,2
04/10/2015 01:00:00 PM,8,4,4
04/25/2015 07:00:00 PM,11,5,6
04/02/2015 11:00:00 AM,10,2,8
04/30/2015 02:00:00 AM,0,0,0
04/08/2015 06:00:00 PM,23,15,8
04/02/2015 07:00:00 AM,23,3,20
04/17/2015 03:00:00 PM,18,11,7
04/23/2015 11:00:00 AM,8,1,7
04/21/2015 10:00:00 AM,12,3,9
04/19/2015 07:00:00 PM,9,4,5
04/08/2015 11:00:00 PM,1,1,0
04/25/2015 11:00:00 AM,14,6,8
04/09/2015 03:00:00 PM,11,9,2
04/18/2015 05:00:00 AM,2,0,2
04/27/2015 08:00:00 PM,14,11,3
04/27/2015 04:00:00 PM,22,12,10
04/27/2015 10:00:00 PM,4,3,1
04/18/2015 11:00:00 AM,18,8,10
04/10/2015 04:00:00 AM,0,0,0
04/26/2015 04:00:00 AM,0,0,0
04/10/2015 01:00:00 AM,0,0,0
04/26/2015 06:00:00 PM,6,4,2
04/26/2015 06:00:00 AM,3,0,3
04/20/2015 10:00:00 PM,5,1,4
04/11/2015 04:00:00 AM,0,0,0
04/21/2015 11:00:00 AM,17,8,9
04/08/2015 08:00:00 PM,4,4,0
04/13/2015 02:00:00 AM,0,0,0
04/24/2015 12:00:00 PM,10,4,6
04/17/2015 08:00:00 PM,3,2,1
04/26/2015 08:00:00 PM,3,1,2
04/29/2015 12:00:00 AM,1,1,0
04/24/2015 02:00:00 PM,6,4,2
04/15/2015 09:00:00 PM,8,6,2
04/20/2015 06:00:00 AM,12,2,10
04/03/2015 02:00:00 AM,0,0,0
04/28/2015 11:00:00 AM,9,4,5
04/19/2015 02:00:00 AM,0,0,0
04/05/2015 02:00:00 PM,24,7,17
04/05/2015 03:00:00 PM,20,9,11
04/28/2015 01:00:00 PM,11,4,7
04/09/2015 11:00:00 PM,1,1,0
04/29/2015 05:00:00 PM,38,34,4
04/22/2015 04:00:00 AM,0,0,0
04/19/2015 08:00:00 AM,8,2,6
04/24/2015 12:00:00 AM,0,0,0
04/26/2015 11:00:00 AM,6,6,0
04/08/2015 02:00:00 AM,0,0,0
04/13/2015 12:00:00 PM,3,1,2
04/02/2015 03:00:00 AM,0,0,0
04/08/2015 08:00:00 AM,23,2,21
04/04/2015 11:00:00 PM,3,1,2
04/25/2015 07:00:00 AM,3,0,3
04/29/2015 03:00:00 PM,28,17,11
04/01/2015 04:00:00 PM,17,13,4
04/22/2015 03:00:00 AM,0,0,0
04/10/2015 12:00:00 PM,6,2,4
04/11/2015 10:00:00 AM,11,6,5
04/06/2015 04:00:00 AM,0,0,0
04/02/2015 12:00:00 PM,12,3,9
04/22/2015 02:00:00 PM,14,3,11
04/10/2015 11:00:00 PM,0,0,0
04/17/2015 05:00:00 AM,5,0,5
04/13/2015 05:00:00 PM,24,19,5
04/21/2015 09:00:00 PM,3,1,2
04/02/2015 06:00:00 PM,31,21,10
04/21/2015 05:00:00 PM,38,28,10
04/22/2015 01:00:00 AM,0,0,0
04/14/2015 04:00:00 AM,0,0,0
04/21/2015 11:00:00 PM,1,1,0
04/22/2015 10:00:00 PM,2,1,1
04/13/2015 01:00:00 AM,0,0,0
04/14/2015 06:00:00 AM,20,1,19
04/05/2015 06:00:00 AM,0,0,0
04/01/2015 08:00:00 PM,3,3,0
04/25/2015 02:00:00 AM,0,0,0
04/30/2015 06:00:00 AM,17,4,13
04/01/2015 10:00:00 AM,20,1,19
04/27/2015 10:00:00 AM,15,4,11
04/25/2015 12:00:00 AM,0,0,0
04/12/2015 11:00:00 PM,0,0,0
04/11/2015 02:00:00 PM,14,6,8
04/21/2015 04:00:00 PM,23,14,9
04/19/2015 12:00:00 AM,1,1,0
04/16/2015 11:00:00 AM,23,7,16
04/30/2015 12:00:00 PM,9,2,7
04/05/2015 08:00:00 PM,4,0,4
04/03/2015 09:00:00 PM,2,2,0
04/23/2015 12:00:00 PM,7,2,5
04/21/2015 06:00:00 PM,26,23,3
04/23/2015 08:00:00 AM,38,6,32
04/25/2015 05:00:00 PM,12,4,8
04/01/2015 04:00:00 AM,0,0,0
04/12/2015 09:00:00 PM,2,0,2
04/30/2015 03:00:00 AM,2,0,2
04/29/2015 11:00:00 AM,5,2,3
04/28/2015 05:00:00 AM,6,1,5
04/08/2015 07:00:00 AM,34,2,32
04/13/2015 07:00:00 PM,20,10,10
04/07/2015 02:00:00 PM,23,7,16
04/17/2015 12:00:00 AM,1,1,0
04/30/2015 12:00:00 AM,0,0,0
04/11/2015 08:00:00 PM,12,4,8
04/30/2015 11:00:00 AM,10,2,8
04/16/2015 06:00:00 AM,18,0,18
04/03/2015 09:00:00 AM,34,1,33
04/14/2015 08:00:00 PM,5,3,2
04/26/2015 12:00:00 AM,2,0,2
04/03/2015 02:00:00 PM,10,5,5
04/08/2015 09:00:00 PM,6,6,0
04/02/2015 09:00:00 AM,27,1,26
04/26/2015 10:00:00 PM,0,0,0
04/18/2015 04:00:00 AM,0,0,0
04/30/2015 01:00:00 AM,0,0,0
04/01/2015 12:00:00 PM,8,6,2
04/18/2015 03:00:00 PM,14,6,8
04/02/2015 09:00:00 PM,4,4,0
04/26/2015 07:00:00 PM,3,1,2
04/06/2015 03:00:00 PM,25,13,12
04/11/2015 11:00:00 PM,0,0,0
04/18/2015 10:00:00 PM,5,0,5
04/11/2015 08:00:00 AM,7,0,7
04/20/2015 06:00:00 PM,48,35,13
04/07/2015 09:00:00 PM,2,2,0
04/13/2015 03:00:00 PM,4,3,1
04/15/2015 10:00:00 AM,16,1,15
04/25/2015 08:00:00 PM,1,1,0
04/28/2015 02:00:00 PM,4,1,3
04/03/2015 06:00:00 AM,10,0,10
04/24/2015 09:00:00 PM,0,0,0
04/21/2015 10:00:00 PM,0,0,0
04/19/2015 04:00:00 PM,29,12,17
04/14/2015 07:00:00 AM,17,2,15
04/02/2015 02:00:00 PM,12,1,11
04/25/2015 06:00:00 PM,12,8,4
04/10/2015 06:00:00 PM,17,12,5
04/29/2015 11:00:00 PM,2,2,0
04/05/2015 06:00:00 PM,12,8,4
04/21/2015 08:00:00 AM,41,2,39
04/04/2015 12:00:00 PM,21,9,12
04/18/2015 01:00:00 PM,15,6,9
04/03/2015 03:00:00 AM,0,0,0
04/04/2015 03:00:00 AM,0,0,0
04/26/2015 08:00:00 AM,7,1,6
04/07/2015 08:00:00 PM,5,2,3
04/15/2015 11:00:00 PM,1,1,0
04/12/2015 09:00:00 AM,12,1,11
04/01/2015 07:00:00 AM,22,0,22
04/21/2015 08:00:00 PM,9,2,7
04/12/2015 02:00:00 AM,0,0,0
04/20/2015 04:00:00 AM,0,0,0
04/25/2015 06:00:00 AM,4,0,4
04/28/2015 11:00:00 PM,2,0,2
04/06/2015 12:00:00 PM,14,4,10
04/12/2015 02:00:00 PM,27,7,20
04/06/2015 02:00:00 AM,0,0,0
04/05/2015 10:00:00 PM,3,0,3
04/18/2015 07:00:00 PM,2,2,0
04/04/2015 06:00:00 PM,15,4,11
04/20/2015 12:00:00 AM,0,0,0
04/24/2015 03:00:00 PM,16,6,10
04/17/2015 09:00:00 AM,25,6,19
04/06/2015 06:00:00 PM,22,12,10
04/19/2015 11:00:00 AM,19,6,13
04/04/2015 01:00:00 AM,3,0,3
04/16/2015 09:00:00 PM,5,1,4
04/21/2015 07:00:00 PM,8,5,3
04/17/2015 07:00:00 AM,30,6,24
04/23/2015 01:00:00 AM,0,0,0
04/30/2015 05:00:00 PM,44,37,7
04/25/2015 04:00:00 AM,0,0,0
04/26/2015 02:00:00 AM,0,0,0
04/11/2015 06:00:00 AM,5,0,5
04/07/2015 07:00:00 PM,23,17,6
04/19/2015 10:00:00 PM,2,0,2
04/10/2015 02:00:00 PM,18,8,10
04/01/2015 05:00:00 PM,36,23,13
04/19/2015 07:00:00 AM,0,0,0
04/23/2015 08:00:00 PM,9,1,8
04/06/2015 05:00:00 PM,43,35,8
04/08/2015 09:00:00 AM,43,5,38
04/22/2015 11:00:00 AM,9,4,5
04/27/2015 06:00:00 PM,44,31,13
04/28/2015 10:00:00 AM,15,1,14
04/26/2015 10:00:00 AM,18,2,16
04/09/2015 04:00:00 AM,0,0,0
04/29/2015 09:00:00 PM,8,5,3
04/09/2015 12:00:00 AM,1,1,0
04/22/2015 05:00:00 AM,5,0,5
04/10/2015 03:00:00 AM,0,0,0
04/07/2015 08:00:00 AM,42,3,39
04/12/2015 10:00:00 AM,14,6,8
04/18/2015 07:00:00 AM,6,4,2
04/16/2015 02:00:00 AM,1,1,0
04/03/2015 08:00:00 AM,32,2,30
04/15/2015 02:00:00 AM,0,0,0
04/03/2015 07:00:00 AM,27,0,27
04/19/2015 02:00:00 PM,27,18,9
04/11/2015 10:00:00 PM,5,2,3
04/09/2015 09:00:00 AM,41,4,37
04/15/2015 05:00:00 AM,7,2,5
04/11/2015 11:00:00 AM,12,8,4
04/22/2015 11:00:00 PM,3,0,3
04/11/2015 12:00:00 PM,16,10,6
04/04/2015 03:00:00 PM,17,7,10
04/19/2015 03:00:00 AM,0,0,0
04/25/2015 08:00:00 AM,8,0,8
04/30/2015 01:00:00 PM,5,3,2
04/18/2015 09:00:00 PM,3,3,0
04/15/2015 02:00:00 PM,12,11,1
04/27/2015 06:00:00 AM,13,0,13
04/10/2015 08:00:00 AM,19,1,18
04/13/2015 09:00:00 AM,24,6,18
04/27/2015 01:00:00 AM,0,0,0
04/25/2015 09:00:00 AM,13,2,11
04/20/2015 03:00:00 AM,0,0,0
04/17/2015 03:00:00 AM,0,0,0
04/07/2015 01:00:00 AM,1,1,0
04/25/2015 09:00:00 PM,4,2,2
04/11/2015 01:00:00 AM,0,0,0
04/02/2015 08:00:00 AM,35,5,30
04/17/2015 02:00:00 AM,0,0,0
04/05/2015 07:00:00 PM,12,7,5
04/06/2015 01:00:00 AM,0,0,0
04/11/2015 04:00:00 PM,10,8,2
04/29/2015 07:00:00 AM,29,2,27
04/13/2015 06:00:00 PM,18,10,8
04/15/2015 06:00:00 AM,14,1,13
04/22/2015 04:00:00 PM,21,13,8
04/01/2015 03:00:00 AM,0,0,0
04/24/2015 05:00:00 AM,6,0,6
04/07/2015 12:00:00 PM,7,4,3
04/13/2015 10:00:00 AM,10,1,9
04/16/2015 12:00:00 AM,2,2,0
04/05/2015 08:00:00 AM,7,4,3
04/30/2015 09:00:00 PM,5,3,2
04/09/2015 07:00:00 PM,18,14,4
04/26/2015 01:00:00 PM,14,8,6
04/27/2015 12:00:00 AM,0,0,0
04/15/2015 11:00:00 AM,17,4,13
04/06/2015 10:00:00 AM,17,3,14
04/09/2015 05:00:00 AM,5,0,5
04/18/2015 11:00:00 PM,3,1,2
04/21/2015 01:00:00 PM,10,2,8
04/16/2015 04:00:00 AM,0,0,0
04/09/2015 06:00:00 PM,40,31,9
04/07/2015 04:00:00 AM,0,0,0
04/03/2015 08:00:00 PM,2,2,0
04/19/2015 05:00:00 PM,13,8,5
04/14/2015 09:00:00 PM,12,8,4
04/08/2015 03:00:00 PM,12,8,4
04/12/2015 12:00:00 PM,13,9,4
04/14/2015 07:00:00 PM,10,10,0
04/16/2015 05:00:00 PM,42,34,8
04/08/2015 07:00:00 PM,23,17,6
04/24/2015 03:00:00 AM,0,0,0
04/01/2015 11:00:00 PM,2,2,0
04/12/2015 06:00:00 PM,16,8,8
04/14/2015 03:00:00 AM,0,0,0
04/13/2015 10:00:00 PM,2,0,2
04/10/2015 05:00:00 PM,26,22,4
04/21/2015 12:00:00 PM,7,2,5
04/15/2015 09:00:00 AM,28,3,25
04/03/2015 11:00:00 AM,7,4,3
04/26/2015 09:00:00 AM,11,6,5
04/26/2015 01:00:00 AM,0,0,0
04/26/2015 12:00:00 PM,16,11,5
04/13/2015 08:00:00 AM,30,4,26
04/15/2015 05:00:00 PM,39,34,5
04/09/2015 03:00:00 AM,0,0,0
04/10/2015 09:00:00 PM,6,6,0
04/04/2015 05:00:00 AM,0,0,0
04/11/2015 07:00:00 PM,4,1,3
04/08/2015 03:00:00 AM,0,0,0
04/05/2015 09:00:00 AM,6,4,2
04/21/2015 04:00:00 AM,0,0,0
04/12/2015 07:00:00 AM,2,1,1
04/28/2015 09:00:00 PM,7,4,3
04/22/2015 07:00:00 AM,27,2,25
04/16/2015 07:00:00 AM,21,5,16
04/24/2015 07:00:00 AM,17,1,16
04/30/2015 05:00:00 AM,4,0,4
04/02/2015 04:00:00 PM,29,18,11
04/16/2015 05:00:00 AM,5,1,4
04/01/2015 06:00:00 AM,9,1,8
04/11/2015 09:00:00 AM,8,4,4
04/07/2015 06:00:00 AM,13,1,12
04/02/2015 05:00:00 AM,5,0,5
04/30/2015 11:00:00 PM,5,2,3
04/28/2015 02:00:00 AM,0,0,0
04/06/2015 06:00:00 AM,12,0,12
04/12/2015 07:00:00 PM,2,0,2
04/10/2015 10:00:00 PM,1,1,0
04/16/2015 02:00:00 PM,7,4,3
04/07/2015 02:00:00 AM,0,0,0
04/20/2015 05:00:00 PM,51,33,18
04/19/2015 09:00:00 PM,0,0,0
04/30/2015 07:00:00 AM,40,6,34
04/28/2015 07:00:00 AM,27,2,25
04/10/2015 04:00:00 PM,14,12,2
04/16/2015 04:00:00 PM,23,16,7
04/12/2015 03:00:00 PM,8,8,0
04/03/2015 03:00:00 PM,17,11,6
04/17/2015 08:00:00 AM,33,5,28
04/13/2015 04:00:00 AM,0,0,0
04/03/2015 04:00:00 AM,0,0,0
04/30/2015 08:00:00 PM,8,4,4
04/27/2015 09:00:00 PM,8,7,1
04/22/2015 10:00:00 AM,17,4,13
04/23/2015 01:00:00 PM,6,3,3
04/14/2015 06:00:00 PM,20,17,3
04/21/2015 06:00:00 AM,14,6,8
04/12/2015 01:00:00 PM,14,11,3
04/21/2015 02:00:00 AM,0,0,0
04/17/2015 04:00:00 PM,24,13,11
04/05/2015 01:00:00 AM,2,0,2
04/24/2015 05:00:00 PM,26,19,7
04/21/2015 07:00:00 AM,27,2,25
04/25/2015 12:00:00 PM,12,9,3
04/21/2015 03:00:00 PM,7,5,2
04/17/2015 01:00:00 AM,0,0,0
04/17/2015 05:00:00 PM,39,32,7
04/22/2015 07:00:00 PM,32,19,13
04/02/2015 02:00:00 AM,0,0,0
04/09/2015 10:00:00 AM,11,2,9
04/23/2015 09:00:00 AM,10,1,9
04/19/2015 11:00:00 PM,2,0,2
04/11/2015 09:00:00 PM,0,0,0
04/29/2015 02:00:00 AM,0,0,0
04/11/2015 06:00:00 PM,5,4,1
04/20/2015 08:00:00 AM,49,6,43
04/01/2015 08:00:00 AM,40,3,37
04/17/2015 10:00:00 AM,9,3,6
04/24/2015 11:00:00 PM,1,1,0
04/29/2015 01:00:00 AM,0,0,0
04/07/2015 07:00:00 AM,40,5,35
04/13/2015 11:00:00 AM,5,1,4
04/29/2015 01:00:00 PM,13,7,6
04/28/2015 08:00:00 AM,30,3,27
04/17/2015 02:00:00 PM,16,11,5
04/25/2015 03:00:00 PM,12,5,7
04/08/2015 06:00:00 AM,9,0,9
04/14/2015 12:00:00 PM,12,8,4
04/28/2015 06:00:00 PM,26,22,4
04/02/2015 07:00:00 PM,21,15,6
04/29/2015 04:00:00 AM,0,0,0
04/25/2015 05:00:00 AM,1,0,1
04/26/2015 07:00:00 AM,5,4,1
04/01/2015 03:00:00 PM,21,13,8
04/04/2015 11:00:00 AM,14,6,8
04/23/2015 09:00:00 PM,4,4,0
04/02/2015 04:00:00 AM,0,0,0
04/13/2015 06:00:00 AM,18,0,18
04/13/2015 03:00:00 AM,0,0,0
04/27/2015 07:00:00 PM,17,14,3
04/05/2015 11:00:00 PM,1,1,0
04/08/2015 04:00:00 AM,0,0,0
04/04/2015 05:00:00 PM,17,7,10
04/12/2015 05:00:00 AM,0,0,0
04/27/2015 11:00:00 AM,4,1,3
04/17/2015 11:00:00 AM,20,10,10
04/13/2015 12:00:00 AM,1,1,0
04/06/2015 09:00:00 PM,4,4,0
04/23/2015 07:00:00 AM,29,5,24
04/04/2015 01:00:00 PM,19,4,15
04/12/2015 12:00:00 AM,3,1,2
04/12/2015 08:00:00 AM,5,2,3
04/18/2015 01:00:00 AM,0,0,0
04/16/2015 07:00:00 PM,14,11,3
04/05/2015 12:00:00 PM,19,5,14
04/17/2015 01:00:00 PM,29,5,24
04/24/2015 06:00:00 AM,8,3,5
04/28/2015 01:00:00 AM,0,0,0
04/10/2015 09:00:00 AM,28,2,26
04/04/2015 08:00:00 PM,2,0,2
04/20/2015 02:00:00 AM,0,0,0
04/16/2015 09:00:00 AM,34,5,29
04/26/2015 05:00:00 AM,1,0,1
04/06/2015 12:00:00 AM,1,1,0
04/16/2015 12:00:00 PM,17,8,9
04/03/2015 11:00:00 PM,2,0,2
04/29/2015 09:00:00 AM,25,2,23
04/24/2015 09:00:00 AM,29,3,26
04/04/2015 09:00:00 AM,7,2,5
04/21/2015 09:00:00 AM,21,2,19
04/30/2015 09:00:00 AM,28,5,23
04/20/2015 01:00:00 PM,13,7,6
04/09/2015 02:00:00 PM,14,7,7
04/01/2015 09:00:00 AM,30,5,25
04/24/2015 10:00:00 AM,11,3,8
04/23/2015 11:00:00 PM,0,0,0
04/11/2015 01:00:00 PM,18,13,5
04/22/2015 08:00:00 PM,10,3,7
04/01/2015 01:00:00 AM,0,0,0
04/14/2015 09:00:00 AM,23,5,18
04/14/2015 05:00:00 PM,33,23,10
04/05/2015 01:00:00 PM,10,7,3
04/01/2015 06:00:00 PM,22,17,5
04/12/2015 01:00:00 AM,0,0,0
04/07/2015 11:00:00 AM,9,3,6
04/22/2015 12:00:00 PM,10,4,6
04/07/2015 09:00:00 AM,28,7,21
04/27/2015 07:00:00 AM,33,3,30
04/14/2015 08:00:00 AM,27,3,24
04/10/2015 07:00:00 AM,22,0,22
04/24/2015 01:00:00 AM,0,0,0
04/25/2015 01:00:00 PM,13,6,7
04/29/2015 06:00:00 AM,10,0,10
04/22/2015 12:00:00 AM,1,1,0
04/22/2015 03:00:00 PM,13,7,6
04/17/2015 11:00:00 PM,1,1,0
04/05/2015 11:00:00 AM,15,4,11
04/16/2015 03:00:00 AM,0,0,0
04/02/2015 01:00:00 PM,14,3,11
04/29/2015 06:00:00 PM,32,18,14
04/02/2015 11:00:00 PM,0,0,0
04/02/2015 08:00:00 PM,6,4,2
04/21/2015 02:00:00 PM,12,4,8
04/30/2015 04:00:00 AM,3,0,3
04/15/2015 01:00:00 AM,0,0,0
04/13/2015 09:00:00 PM,1,1,0
04/18/2015 02:00:00 AM,0,0,0
04/18/2015 02:00:00 PM,12,8,4
04/16/2015 10:00:00 AM,14,1,13
04/23/2015 06:00:00 AM,12,3,9
04/25/2015 01:00:00 AM,0,0,0
04/06/2015 09:00:00 AM,24,2,22
04/15/2015 06:00:00 PM,31,23,8
04/28/2015 09:00:00 AM,25,3,22
04/18/2015 10:00:00 AM,21,7,14
04/16/2015 10:00:00 PM,2,2,0
04/27/2015 08:00:00 AM,36,4,32
04/08/2015 01:00:00 PM,9,6,3
04/29/2015 04:00:00 PM,18,10,8
04/12/2015 08:00:00 PM,11,6,5
04/21/2015 03:00:00 AM,0,0,0
04/18/2015 12:00:00 PM,13,7,6
04/08/2015 02:00:00 PM,15,9,6
04/20/2015 09:00:00 PM,4,4,0
04/02/2015 03:00:00 PM,32,14,18
04/15/2015 07:00:00 AM,35,4,31
04/16/2015 08:00:00 PM,5,5,0
04/28/2015 05:00:00 PM,28,21,7
04/20/2015 05:00:00 AM,3,0,3
04/15/2015 04:00:00 AM,0,0,0
04/12/2015 06:00:00 AM,5,1,4
04/28/2015 04:00:00 PM,20,13,7
04/12/2015 10:00:00 PM,3,1,2
04/23/2015 02:00:00 AM,0,0,0
04/01/2015 09:00:00 PM,8,2,6
04/22/2015 08:00:00 AM,39,3,36
04/09/2015 12:00:00 PM,18,9,9
04/27/2015 03:00:00 AM,0,0,0
04/13/2015 01:00:00 PM,12,9,3
04/30/2015 06:00:00 PM,36,26,10
04/25/2015 10:00:00 PM,1,1,0
04/22/2015 09:00:00 AM,25,1,24
04/04/2015 10:00:00 AM,13,2,11
04/15/2015 08:00:00 PM,7,5,2
04/16/2015 01:00:00 PM,7,3,4
04/30/2015 10:00:00 AM,11,4,7
04/10/2015 10:00:00 AM,9,2,7
04/20/2015 11:00:00 PM,0,0,0
04/28/2015 07:00:00 PM,8,6,2
04/24/2015 04:00:00 PM,18,11,7
04/26/2015 02:00:00 PM,21,12,9
04/28/2015 03:00:00 AM,0,0,0
04/27/2015 04:00:00 AM,0,0,0
04/19/2015 01:00:00 PM,18,12,6
04/02/2015 10:00:00 PM,0,0,0
04/07/2015 10:00:00 PM,0,0,0
04/11/2015 03:00:00 PM,9,3,6
04/01/2015 07:00:00 PM,19,14,5
04/19/2015 04:00:00 AM,0,0,0
04/27/2015 05:00:00 AM,3,1,2
04/12/2015 04:00:00 AM,0,0,0
04/18/2015 12:00:00 AM,0,0,0
04/22/2015 05:00:00 PM,41,30,11
05/19/2015 12:00:00 AM,0,0,0
05/13/2015 06:00:00 PM,26,21,5
05/04/2015 02:00:00 AM,1,1,0
05/06/2015 02:00:00 PM,17,12,5
05/03/2015 07:00:00 AM,1,1,0
05/29/2015 07:00:00 AM,30,6,24
05/16/2015 12:00:00 PM,11,3,8
05/15/2015 10:00:00 PM,5,2,3
05/14/2015 10:00:00 AM,4,1,3
05/28/2015 10:00:00 AM,16,7,9
05/19/2015 05:00:00 AM,3,0,3
05/03/2015 02:00:00 PM,30,11,19
05/23/2015 03:00:00 AM,0,0,0
05/15/2015 05:00:00 PM,53,40,13
05/16/2015 07:00:00 AM,10,1,9
05/03/2015 01:00:00 AM,0,0,0
05/27/2015 10:00:00 AM,20,4,16
05/14/2015 09:00:00 PM,3,3,0
05/04/2015 08:00:00 AM,34,1,33
05/31/2015 07:00:00 PM,12,6,6
05/12/2015 01:00:00 AM,0,0,0
05/07/2015 01:00:00 AM,0,0,0
05/20/2015 12:00:00 AM,1,1,0
05/19/2015 07:00:00 AM,26,3,23
05/08/2015 07:00:00 AM,22,1,21
05/20/2015 11:00:00 PM,0,0,0
05/24/2015 10:00:00 PM,0,0,0
05/05/2015 02:00:00 AM,0,0,0
05/23/2015 12:00:00 PM,10,5,5
05/18/2015 06:00:00 PM,31,26,5
05/30/2015 04:00:00 AM,0,0,0
05/03/2015 09:00:00 PM,0,0,0
05/21/2015 05:00:00 AM,4,0,4
05/18/2015 03:00:00 PM,17,9,8
05/19/2015 03:00:00 PM,11,5,6
05/27/2015 10:00:00 PM,3,3,0
05/11/2015 10:00:00 PM,1,1,0
05/15/2015 04:00:00 PM,28,21,7
05/25/2015 10:00:00 PM,0,0,0
05/02/2015 11:00:00 AM,22,9,13
05/05/2015 02:00:00 PM,3,3,0
05/14/2015 06:00:00 PM,38,29,9
05/03/2015 06:00:00 AM,1,0,1
05/27/2015 04:00:00 PM,23,21,2
05/13/2015 01:00:00 AM,0,0,0
05/15/2015 11:00:00 PM,1,1,0
05/08/2015 06:00:00 AM,12,0,12
05/26/2015 08:00:00 AM,56,7,49
05/12/2015 05:00:00 AM,2,0,2
05/05/2015 12:00:00 AM,1,1,0
05/25/2015 05:00:00 PM,15,9,6
05/26/2015 12:00:00 AM,0,0,0
05/07/2015 02:00:00 AM,0,0,0
05/30/2015 06:00:00 AM,5,2,3
05/29/2015 03:00:00 PM,24,14,10
05/24/2015 12:00:00 AM,0,0,0
05/21/2015 02:00:00 AM,0,0,0
05/17/2015 08:00:00 AM,9,3,6
05/23/2015 04:00:00 AM,0,0,0
05/15/2015 12:00:00 AM,1,1,0
05/01/2015 02:00:00 AM,0,0,0
05/18/2015 12:00:00 AM,2,2,0
05/07/2015 09:00:00 PM,5,2,3
05/04/2015 03:00:00 PM,16,10,6
05/09/2015 06:00:00 AM,6,1,5
05/05/2015 11:00:00 PM,0,0,0
05/09/2015 06:00:00 PM,23,13,10
05/31/2015 02:00:00 PM,15,12,3
05/06/2015 08:00:00 PM,8,7,1
05/12/2015 12:00:00 PM,13,5,8
05/29/2015 08:00:00 AM,40,5,35
05/29/2015 05:00:00 AM,3,0,3
05/09/2015 08:00:00 PM,8,2,6
05/16/2015 03:00:00 PM,8,1,7
05/13/2015 12:00:00 PM,5,4,1
05/17/2015 02:00:00 PM,12,4,8
05/15/2015 04:00:00 AM,0,0,0
05/30/2015 02:00:00 AM,2,2,0
05/23/2015 06:00:00 AM,6,1,5
05/19/2015 10:00:00 PM,7,7,0
05/17/2015 06:00:00 PM,18,10,8
05/11/2015 07:00:00 PM,12,10,2
05/06/2015 02:00:00 AM,0,0,0
05/27/2015 02:00:00 PM,9,5,4
05/22/2015 11:00:00 PM,0,0,0
05/05/2015 08:00:00 AM,38,4,34
05/15/2015 01:00:00 PM,23,8,15
05/11/2015 08:00:00 AM,39,3,36
05/23/2015 01:00:00 AM,0,0,0
05/02/2015 10:00:00 AM,33,6,27
05/08/2015 04:00:00 PM,27,15,12
05/16/2015 01:00:00 PM,13,2,11
05/05/2015 07:00:00 PM,12,9,3
05/06/2015 06:00:00 AM,20,2,18
05/07/2015 12:00:00 PM,12,5,7
05/22/2015 06:00:00 PM,30,16,14
05/20/2015 06:00:00 PM,34,21,13
05/08/2015 11:00:00 PM,6,3,3
05/31/2015 04:00:00 AM,0,0,0
05/17/2015 12:00:00 AM,0,0,0
05/12/2015 11:00:00 AM,10,5,5
05/01/2015 04:00:00 PM,38,23,15
05/24/2015 06:00:00 AM,3,0,3
05/14/2015 05:00:00 PM,44,36,8
05/11/2015 10:00:00 AM,8,1,7
05/26/2015 02:00:00 PM,11,5,6
05/09/2015 10:00:00 PM,3,1,2
05/18/2015 04:00:00 PM,33,25,8
05/19/2015 01:00:00 AM,0,0,0
05/21/2015 12:00:00 PM,11,3,8
05/03/2015 11:00:00 AM,16,4,12
05/23/2015 09:00:00 PM,6,1,5
05/01/2015 08:00:00 AM,41,3,38
05/07/2015 05:00:00 AM,4,0,4
05/14/2015 11:00:00 PM,5,2,3
05/25/2015 02:00:00 PM,9,1,8
05/05/2015 11:00:00 AM,6,5,1
05/30/2015 11:00:00 AM,19,9,10
05/22/2015 08:00:00 PM,4,2,2
05/14/2015 05:00:00 AM,5,0,5
05/14/2015 02:00:00 PM,7,5,2
05/31/2015 12:00:00 PM,21,7,14
05/14/2015 07:00:00 AM,33,6,27
05/31/2015 10:00:00 AM,13,6,7
05/22/2015 07:00:00 PM,17,8,9
05/17/2015 11:00:00 PM,0,0,0
05/28/2015 06:00:00 PM,35,27,8
05/01/2015 12:00:00 AM,1,1,0
05/09/2015 03:00:00 AM,0,0,0
05/05/2015 06:00:00 AM,7,1,6
05/18/2015 09:00:00 AM,36,1,35
05/03/2015 01:00:00 PM,18,8,10
05/29/2015 02:00:00 PM,10,5,5
05/15/2015 03:00:00 AM,0,0,0
05/11/2015 03:00:00 PM,19,12,7
05/04/2015 09:00:00 PM,10,5,5
05/28/2015 07:00:00 PM,28,18,10
05/05/2015 12:00:00 PM,3,1,2
05/06/2015 07:00:00 PM,17,10,7
05/06/2015 10:00:00 AM,5,2,3
05/21/2015 11:00:00 PM,3,0,3
05/21/2015 08:00:00 AM,48,5,43
05/20/2015 12:00:00 PM,9,4,5
05/04/2015 03:00:00 AM,0,0,0
05/21/2015 04:00:00 AM,1,0,1
05/09/2015 05:00:00 PM,19,11,8
05/26/2015 09:00:00 PM,5,3,2
05/01/2015 01:00:00 PM,21,9,12
05/06/2015 05:00:00 PM,34,27,7
05/04/2015 07:00:00 AM,33,2,31
05/28/2015 03:00:00 AM,0,0,0
05/15/2015 09:00:00 PM,6,2,4
05/18/2015 10:00:00 PM,10,4,6
05/30/2015 09:00:00 PM,10,10,0
05/02/2015 01:00:00 PM,30,18,12
05/10/2015 02:00:00 AM,3,0,3
05/28/2015 11:00:00 PM,2,0,2
05/21/2015 09:00:00 AM,27,6,21
05/14/2015 10:00:00 PM,3,3,0
05/13/2015 08:00:00 AM,20,6,14
05/30/2015 12:00:00 PM,17,13,4
05/17/2015 08:00:00 PM,3,3,0
05/06/2015 08:00:00 AM,45,5,40
05/17/2015 01:00:00 PM,14,5,9
05/02/2015 04:00:00 PM,31,16,15
05/18/2015 11:00:00 AM,18,4,14
05/24/2015 01:00:00 AM,0,0,0
05/16/2015 09:00:00 PM,0,0,0
05/01/2015 06:00:00 PM,29,24,5
05/30/2015 11:00:00 PM,1,1,0
05/12/2015 02:00:00 PM,9,6,3
05/29/2015 09:00:00 PM,3,2,1
05/29/2015 01:00:00 PM,20,5,15
05/21/2015 08:00:00 PM,6,4,2
05/24/2015 07:00:00 AM,0,0,0
05/17/2015 05:00:00 PM,11,11,0
05/08/2015 03:00:00 PM,20,15,5
05/02/2015 12:00:00 AM,0,0,0
05/15/2015 11:00:00 AM,7,4,3
05/04/2015 04:00:00 PM,23,22,1
05/23/2015 02:00:00 AM,0,0,0
05/28/2015 12:00:00 AM,1,1,0
05/18/2015 02:00:00 AM,0,0,0
05/11/2015 11:00:00 AM,7,1,6
05/16/2015 04:00:00 PM,17,13,4
05/18/2015 08:00:00 PM,17,14,3
05/30/2015 02:00:00 PM,28,17,11
05/10/2015 12:00:00 PM,26,7,19
05/11/2015 06:00:00 PM,41,31,10
05/04/2015 09:00:00 AM,25,2,23
05/03/2015 10:00:00 AM,9,4,5
05/07/2015 12:00:00 AM,2,2,0
05/27/2015 07:00:00 AM,48,10,38
05/01/2015 11:00:00 AM,10,4,6
05/13/2015 04:00:00 AM,0,0,0
05/31/2015 06:00:00 AM,2,0,2
05/30/2015 07:00:00 PM,17,9,8
05/26/2015 03:00:00 PM,13,7,6
05/12/2015 02:00:00 AM,0,0,0
05/15/2015 03:00:00 PM,31,17,14
05/10/2015 06:00:00 AM,4,0,4
05/15/2015 06:00:00 AM,24,0,24
05/31/2015 02:00:00 AM,0,0,0
05/24/2015 05:00:00 PM,5,1,4
05/26/2015 08:00:00 PM,18,9,9
05/04/2015 12:00:00 PM,13,7,6
05/12/2015 06:00:00 AM,15,4,11
05/22/2015 12:00:00 PM,11,7,4
05/03/2015 08:00:00 AM,6,3,3
05/26/2015 06:00:00 PM,29,23,6
05/16/2015 07:00:00 PM,11,2,9
05/02/2015 11:00:00 PM,2,2,0
05/29/2015 07:00:00 PM,24,23,1
05/10/2015 05:00:00 AM,0,0,0
05/22/2015 04:00:00 PM,18,13,5
05/26/2015 07:00:00 PM,18,10,8
05/14/2015 08:00:00 PM,6,4,2
05/01/2015 07:00:00 AM,34,1,33
05/09/2015 10:00:00 AM,27,18,9
05/05/2015 10:00:00 AM,9,2,7
05/23/2015 05:00:00 AM,0,0,0
05/19/2015 05:00:00 PM,47,35,12
05/02/2015 04:00:00 AM,2,0,2
05/24/2015 10:00:00 AM,11,4,7
05/13/2015 05:00:00 AM,2,0,2
05/08/2015 01:00:00 AM,0,0,0
05/24/2015 03:00:00 AM,0,0,0
05/12/2015 05:00:00 PM,53,43,10
05/18/2015 06:00:00 AM,26,4,22
05/14/2015 06:00:00 AM,13,2,11
05/25/2015 07:00:00 PM,14,8,6
05/23/2015 06:00:00 PM,4,3,1
05/03/2015 04:00:00 PM,29,17,12
05/31/2015 01:00:00 PM,22,12,10
05/30/2015 04:00:00 PM,39,20,19
05/31/2015 03:00:00 AM,0,0,0
05/13/2015 10:00:00 PM,1,1,0
05/05/2015 10:00:00 PM,1,1,0
05/12/2015 04:00:00 PM,23,18,5
05/21/2015 01:00:00 PM,15,6,9
05/25/2015 03:00:00 AM,0,0,0
05/15/2015 08:00:00 PM,14,8,6
05/12/2015 08:00:00 PM,11,5,6
05/22/2015 09:00:00 PM,3,1,2
05/12/2015 10:00:00 AM,14,2,12
05/31/2015 12:00:00 AM,1,1,0
05/25/2015 01:00:00 PM,28,11,17
05/10/2015 10:00:00 PM,2,2,0
05/13/2015 07:00:00 AM,29,7,22
05/26/2015 01:00:00 PM,17,9,8
05/28/2015 02:00:00 PM,16,8,8
05/25/2015 07:00:00 AM,6,2,4
05/14/2015 03:00:00 AM,0,0,0
05/01/2015 05:00:00 PM,38,34,4
05/28/2015 12:00:00 PM,19,5,14
05/10/2015 07:00:00 PM,5,3,2
05/12/2015 04:00:00 AM,0,0,0
05/15/2015 09:00:00 AM,32,7,25
05/25/2015 04:00:00 PM,15,9,6
05/03/2015 09:00:00 AM,6,2,4
05/21/2015 07:00:00 AM,32,4,28
05/10/2015 03:00:00 PM,27,18,9
05/24/2015 11:00:00 AM,22,7,15
05/21/2015 03:00:00 PM,18,12,6
05/15/2015 06:00:00 PM,34,25,9
05/22/2015 10:00:00 PM,2,2,0
05/26/2015 06:00:00 AM,11,2,9
05/03/2015 03:00:00 AM,0,0,0
05/10/2015 09:00:00 AM,11,4,7
05/26/2015 07:00:00 AM,33,7,26
05/23/2015 08:00:00 PM,11,5,6
05/12/2015 12:00:00 AM,1,1,0
05/27/2015 03:00:00 PM,15,11,4
05/20/2015 04:00:00 PM,21,11,10
05/16/2015 10:00:00 AM,18,5,13
05/22/2015 08:00:00 AM,38,6,32
05/29/2015 02:00:00 AM,0,0,0
05/12/2015 01:00:00 PM,12,7,5
05/11/2015 07:00:00 AM,30,5,25
05/04/2015 02:00:00 PM,10,6,4
05/02/2015 07:00:00 PM,1,0,1
05/23/2015 03:00:00 PM,17,8,9
05/28/2015 04:00:00 AM,0,0,0
05/20/2015 09:00:00 PM,6,5,1
05/07/2015 04:00:00 PM,27,16,11
05/16/2015 02:00:00 PM,27,10,17
05/18/2015 03:00:00 AM,0,0,0
05/11/2015 08:00:00 PM,3,2,1
05/25/2015 03:00:00 PM,21,13,8
05/02/2015 03:00:00 AM,0,0,0
05/25/2015 08:00:00 AM,10,2,8
05/21/2015 01:00:00 AM,0,0,0
05/24/2015 04:00:00 PM,25,11,14
05/27/2015 04:00:00 AM,0,0,0
05/05/2015 04:00:00 AM,0,0,0
05/08/2015 09:00:00 PM,11,7,4
05/22/2015 05:00:00 AM,2,0,2
05/19/2015 04:00:00 PM,36,26,10
05/25/2015 02:00:00 AM,0,0,0
05/04/2015 05:00:00 AM,3,0,3
05/24/2015 08:00:00 PM,3,1,2
05/23/2015 07:00:00 AM,6,1,5
05/07/2015 10:00:00 PM,2,2,0
05/12/2015 07:00:00 PM,18,18,0
05/07/2015 01:00:00 PM,22,11,11
05/20/2015 01:00:00 AM,0,0,0
05/20/2015 03:00:00 PM,23,12,11
05/27/2015 03:00:00 AM,0,0,0
05/25/2015 09:00:00 PM,6,4,2
05/24/2015 09:00:00 AM,6,1,5
05/22/2015 03:00:00 AM,0,0,0
05/02/2015 09:00:00 AM,17,10,7
05/26/2015 10:00:00 AM,12,7,5
05/24/2015 03:00:00 PM,9,5,4
05/16/2015 06:00:00 PM,15,8,7
05/18/2015 01:00:00 AM,1,1,0
05/05/2015 07:00:00 AM,24,3,21
05/01/2015 07:00:00 PM,11,9,2
05/13/2015 03:00:00 PM,11,5,6
05/29/2015 04:00:00 AM,0,0,0
05/16/2015 05:00:00 PM,6,5,1
05/17/2015 03:00:00 AM,0,0,0
05/15/2015 07:00:00 PM,13,9,4
05/10/2015 05:00:00 PM,17,9,8
05/18/2015 12:00:00 PM,15,6,9
05/19/2015 09:00:00 PM,2,2,0
05/21/2015 05:00:00 PM,37,31,6
05/28/2015 08:00:00 AM,52,6,46
05/09/2015 09:00:00 PM,2,1,1
05/30/2015 01:00:00 PM,23,12,11
05/17/2015 07:00:00 PM,12,10,2
05/08/2015 10:00:00 PM,0,0,0
05/09/2015 02:00:00 PM,22,16,6
05/13/2015 10:00:00 AM,12,4,8
05/26/2015 12:00:00 PM,11,8,3
05/06/2015 04:00:00 PM,26,16,10
05/12/2015 06:00:00 PM,28,22,6
05/04/2015 11:00:00 AM,6,0,6
05/02/2015 01:00:00 AM,2,0,2
05/07/2015 09:00:00 AM,31,1,30
05/20/2015 01:00:00 PM,10,4,6
05/10/2015 06:00:00 PM,14,7,7
05/16/2015 04:00:00 AM,0,0,0
05/31/2015 06:00:00 PM,15,10,5
05/10/2015 02:00:00 PM,25,10,15
05/30/2015 03:00:00 AM,0,0,0
05/11/2015 05:00:00 AM,3,0,3
05/01/2015 10:00:00 AM,14,7,7
05/29/2015 06:00:00 AM,19,3,16
05/20/2015 08:00:00 PM,6,3,3
05/29/2015 12:00:00 PM,11,6,5
05/31/2015 09:00:00 PM,8,3,5
05/05/2015 01:00:00 PM,12,3,9
05/22/2015 02:00:00 PM,15,7,8
05/21/2015 11:00:00 AM,10,4,6
05/24/2015 08:00:00 AM,5,1,4
05/20/2015 08:00:00 AM,34,4,30
05/21/2015 06:00:00 PM,37,30,7
05/06/2015 11:00:00 AM,13,4,9
05/21/2015 12:00:00 AM,1,1,0
05/08/2015 02:00:00 PM,8,4,4
05/01/2015 10:00:00 PM,2,2,0
05/29/2015 06:00:00 PM,46,29,17
05/02/2015 03:00:00 PM,30,18,12
05/31/2015 04:00:00 PM,13,6,7
05/11/2015 06:00:00 AM,20,4,16
05/17/2015 09:00:00 PM,0,0,0
05/27/2015 09:00:00 PM,5,5,0
05/12/2015 11:00:00 PM,2,2,0
05/30/2015 05:00:00 PM,19,11,8
05/21/2015 02:00:00 PM,13,8,5
05/28/2015 09:00:00 AM,35,11,24
05/07/2015 06:00:00 AM,17,3,14
05/06/2015 01:00:00 AM,0,0,0
05/23/2015 10:00:00 AM,18,8,10
05/21/2015 06:00:00 AM,11,1,10
05/27/2015 08:00:00 AM,46,3,43
05/12/2015 09:00:00 PM,1,1,0
05/27/2015 12:00:00 AM,1,1,0
05/20/2015 05:00:00 AM,6,0,6
05/31/2015 05:00:00 AM,0,0,0
05/16/2015 10:00:00 PM,0,0,0
05/31/2015 07:00:00 AM,2,2,0
05/01/2015 08:00:00 PM,11,8,3
05/06/2015 03:00:00 PM,16,9,7
05/19/2015 08:00:00 AM,39,2,37
05/20/2015 07:00:00 PM,18,15,3
05/01/2015 11:00:00 PM,0,0,0
05/03/2015 06:00:00 PM,13,8,5
05/22/2015 03:00:00 PM,25,15,10
05/07/2015 08:00:00 PM,8,7,1
05/19/2015 06:00:00 PM,43,31,12
05/23/2015 02:00:00 PM,7,6,1
05/26/2015 04:00:00 PM,22,12,10
05/06/2015 04:00:00 AM,0,0,0
05/30/2015 01:00:00 AM,0,0,0
05/08/2015 10:00:00 AM,12,4,8
05/03/2015 07:00:00 PM,4,3,1
05/12/2015 09:00:00 AM,20,3,17
05/09/2015 09:00:00 AM,13,0,13
05/07/2015 03:00:00 AM,0,0,0
05/23/2015 08:00:00 AM,6,2,4
05/28/2015 06:00:00 AM,16,2,14
05/20/2015 10:00:00 AM,20,5,15
05/27/2015 11:00:00 AM,15,6,9
05/22/2015 11:00:00 AM,9,0,9
05/15/2015 02:00:00 PM,37,17,20
05/10/2015 11:00:00 PM,3,3,0
05/13/2015 09:00:00 AM,30,5,25
05/08/2015 03:00:00 AM,0,0,0
05/26/2015 04:00:00 AM,2,0,2
05/16/2015 12:00:00 AM,0,0,0
05/19/2015 02:00:00 PM,16,9,7
05/18/2015 09:00:00 PM,12,10,2
05/13/2015 02:00:00 PM,9,4,5
05/10/2015 01:00:00 PM,19,11,8
05/02/2015 05:00:00 AM,0,0,0
05/02/2015 06:00:00 PM,11,6,5
05/02/2015 02:00:00 PM,35,20,15
05/29/2015 08:00:00 PM,10,4,6
05/04/2015 06:00:00 AM,15,3,12
05/19/2015 12:00:00 PM,12,5,7
05/27/2015 11:00:00 PM,0,0,0
05/19/2015 04:00:00 AM,0,0,0
05/27/2015 06:00:00 AM,18,1,17
05/21/2015 07:00:00 PM,37,21,16
05/31/2015 03:00:00 PM,21,10,11
05/28/2015 03:00:00 PM,19,10,9
05/08/2015 12:00:00 AM,1,1,0
05/19/2015 08:00:00 PM,19,10,9
05/19/2015 11:00:00 AM,11,3,8
05/15/2015 08:00:00 AM,48,6,42
05/07/2015 02:00:00 PM,21,13,8
05/05/2015 03:00:00 AM,0,0,0
05/23/2015 09:00:00 AM,8,7,1
05/05/2015 09:00:00 AM,33,1,32
05/18/2015 05:00:00 AM,2,0,2
05/25/2015 12:00:00 PM,8,2,6
05/14/2015 03:00:00 PM,28,15,13
05/02/2015 12:00:00 PM,28,12,16
05/28/2015 08:00:00 PM,14,12,2
05/06/2015 11:00:00 PM,0,0,0
05/20/2015 05:00:00 PM,54,44,10
05/25/2015 11:00:00 PM,0,0,0
05/31/2015 11:00:00 AM,18,3,15
05/22/2015 10:00:00 AM,20,6,14
05/24/2015 07:00:00 PM,14,8,6
05/07/2015 03:00:00 PM,27,17,10
05/23/2015 10:00:00 PM,1,0,1
05/08/2015 11:00:00 AM,13,7,6
05/03/2015 04:00:00 AM,0,0,0
05/09/2015 07:00:00 AM,2,1,1
05/17/2015 05:00:00 AM,0,0,0
05/22/2015 12:00:00 AM,1,1,0
05/01/2015 03:00:00 PM,22,13,9
05/10/2015 12:00:00 AM,3,1,2
05/13/2015 07:00:00 PM,22,10,12
05/28/2015 11:00:00 AM,13,8,5
05/29/2015 09:00:00 AM,54,11,43
05/30/2015 10:00:00 AM,19,8,11
05/23/2015 11:00:00 PM,1,1,0
05/05/2015 06:00:00 PM,20,16,4
05/17/2015 10:00:00 AM,12,3,9
05/20/2015 10:00:00 PM,5,2,3
05/04/2015 12:00:00 AM,1,1,0
05/22/2015 06:00:00 AM,8,0,8
05/22/2015 04:00:00 AM,0,0,0
05/28/2015 01:00:00 PM,23,11,12
05/11/2015 02:00:00 AM,0,0,0
05/13/2015 06:00:00 AM,11,2,9
05/13/2015 08:00:00 PM,6,1,5
05/22/2015 07:00:00 AM,35,4,31
05/27/2015 08:00:00 PM,14,11,3
05/10/2015 08:00:00 PM,8,3,5
05/22/2015 01:00:00 AM,0,0,0
05/04/2015 11:00:00 PM,0,0,0
05/13/2015 03:00:00 AM,0,0,0
05/08/2015 08:00:00 PM,10,8,2
05/24/2015 09:00:00 PM,4,2,2
05/14/2015 04:00:00 PM,19,14,5
05/30/2015 12:00:00 AM,0,0,0
05/03/2015 05:00:00 PM,28,22,6
05/20/2015 02:00:00 AM,0,0,0
05/30/2015 08:00:00 PM,1,0,1
05/27/2015 07:00:00 PM,29,15,14
05/18/2015 02:00:00 PM,14,6,8
05/11/2015 05:00:00 PM,46,33,13
05/04/2015 04:00:00 AM,0,0,0
05/23/2015 04:00:00 PM,11,5,6
05/13/2015 11:00:00 AM,10,3,7
05/07/2015 11:00:00 PM,0,0,0
05/14/2015 08:00:00 AM,33,2,31
05/08/2015 04:00:00 AM,0,0,0
05/18/2015 04:00:00 AM,0,0,0
05/02/2015 06:00:00 AM,3,3,0
05/25/2015 01:00:00 AM,0,0,0
05/25/2015 04:00:00 AM,0,0,0
05/11/2015 09:00:00 PM,3,3,0
05/06/2015 01:00:00 PM,6,1,5
05/29/2015 01:00:00 AM,1,1,0
05/26/2015 10:00:00 PM,3,3,0
05/19/2015 10:00:00 AM,16,4,12
05/22/2015 01:00:00 PM,15,2,13
05/21/2015 04:00:00 PM,26,21,5
05/21/2015 03:00:00 AM,0,0,0
05/17/2015 12:00:00 PM,19,7,12
05/15/2015 10:00:00 AM,32,10,22
05/31/2015 08:00:00 AM,5,0,5
05/24/2015 02:00:00 AM,0,0,0
05/27/2015 09:00:00 AM,31,6,25
05/16/2015 11:00:00 AM,9,3,6
05/20/2015 11:00:00 AM,12,7,5
05/21/2015 09:00:00 PM,6,6,0
05/03/2015 08:00:00 PM,2,1,1
05/06/2015 12:00:00 AM,2,2,0
05/20/2015 06:00:00 AM,8,1,7
05/22/2015 02:00:00 AM,0,0,0
05/28/2015 09:00:00 PM,7,6,1
05/09/2015 11:00:00 AM,20,7,13
05/30/2015 09:00:00 AM,18,7,11
05/02/2015 09:00:00 PM,6,1,5
05/07/2015 04:00:00 AM,0,0,0
05/28/2015 10:00:00 PM,5,1,4
05/16/2015 08:00:00 PM,6,0,6
05/29/2015 10:00:00 PM,2,1,1
05/14/2015 01:00:00 AM,0,0,0
05/08/2015 07:00:00 PM,16,9,7
05/28/2015 04:00:00 PM,17,14,3
05/27/2015 02:00:00 AM,0,0,0
05/01/2015 09:00:00 PM,1,1,0
05/10/2015 09:00:00 PM,0,0,0
05/19/2015 09:00:00 AM,16,0,16
05/30/2015 06:00:00 PM,22,8,14
05/01/2015 04:00:00 AM,0,0,0
05/16/2015 03:00:00 AM,0,0,0
05/14/2015 02:00:00 AM,0,0,0
05/07/2015 11:00:00 AM,10,2,8
05/29/2015 10:00:00 AM,19,10,9
05/04/2015 01:00:00 AM,0,0,0
05/10/2015 03:00:00 AM,0,0,0
05/24/2015 11:00:00 PM,1,1,0
05/09/2015 04:00:00 PM,10,6,4
05/18/2015 10:00:00 AM,23,6,17
05/17/2015 03:00:00 PM,27,8,19
05/30/2015 08:00:00 AM,8,0,8
05/05/2015 03:00:00 PM,21,7,14
05/20/2015 03:00:00 AM,0,0,0
05/27/2015 05:00:00 AM,4,0,4
05/21/2015 10:00:00 AM,8,3,5
05/14/2015 01:00:00 PM,13,8,5
05/25/2015 11:00:00 AM,19,9,10
05/10/2015 11:00:00 AM,10,7,3
05/17/2015 11:00:00 AM,20,13,7
05/24/2015 05:00:00 AM,0,0,0
05/01/2015 12:00:00 PM,10,2,8
05/08/2015 02:00:00 AM,0,0,0
05/20/2015 04:00:00 AM,0,0,0
05/25/2015 09:00:00 AM,23,9,14
05/12/2015 08:00:00 AM,53,2,51
05/06/2015 07:00:00 AM,28,4,24
05/25/2015 05:00:00 AM,0,0,0
05/22/2015 05:00:00 PM,34,28,6
05/26/2015 05:00:00 AM,2,1,1
05/27/2015 01:00:00 AM,0,0,0
05/17/2015 06:00:00 AM,2,0,2
05/04/2015 07:00:00 PM,28,23,5
05/29/2015 04:00:00 PM,26,15,11
05/02/2015 05:00:00 PM,39,16,23
05/02/2015 07:00:00 AM,3,2,1
05/16/2015 09:00:00 AM,11,3,8
05/06/2015 09:00:00 PM,1,1,0
05/17/2015 02:00:00 AM,0,0,0
05/11/2015 04:00:00 AM,0,0,0
05/05/2015 09:00:00 PM,3,3,0
05/03/2015 12:00:00 AM,2,1,1
05/02/2015 10:00:00 PM,0,0,0
05/28/2015 05:00:00 AM,2,0,2
05/07/2015 07:00:00 PM,20,13,7
05/04/2015 08:00:00 PM,7,6,1
05/14/2015 12:00:00 PM,16,7,9
05/19/2015 11:00:00 PM,1,1,0
05/07/2015 10:00:00 AM,7,4,3
05/06/2015 12:00:00 PM,9,5,4
05/08/2015 06:00:00 PM,24,21,3
05/04/2015 06:00:00 PM,40,24,16
05/03/2015 03:00:00 PM,24,19,5
05/03/2015 11:00:00 PM,0,0,0
05/13/2015 02:00:00 AM,0,0,0
05/03/2015 10:00:00 PM,1,1,0
05/09/2015 01:00:00 AM,0,0,0
05/15/2015 02:00:00 AM,0,0,0
05/23/2015 07:00:00 PM,6,2,4
05/29/2015 12:00:00 AM,0,0,0
05/11/2015 03:00:00 AM,0,0,0
05/11/2015 02:00:00 PM,12,3,9
05/13/2015 11:00:00 PM,0,0,0
05/07/2015 07:00:00 AM,41,1,40
05/08/2015 01:00:00 PM,20,9,11
05/16/2015 01:00:00 AM,0,0,0
05/06/2015 03:00:00 AM,0,0,0
05/17/2015 04:00:00 PM,28,15,13
05/23/2015 12:00:00 AM,0,0,0
05/03/2015 05:00:00 AM,2,0,2
05/25/2015 06:00:00 AM,2,0,2
05/07/2015 06:00:00 PM,45,36,9
05/10/2015 04:00:00 PM,29,22,7
05/12/2015 03:00:00 AM,0,0,0
05/11/2015 12:00:00 PM,4,0,4
05/08/2015 12:00:00 PM,18,9,9
05/09/2015 12:00:00 PM,23,6,17
05/28/2015 07:00:00 AM,40,4,36
05/08/2015 05:00:00 AM,2,0,2
05/16/2015 06:00:00 AM,4,1,3
05/13/2015 12:00:00 AM,1,1,0
05/18/2015 07:00:00 AM,30,3,27
05/28/2015 05:00:00 PM,39,31,8
05/14/2015 04:00:00 AM,0,0,0
05/23/2015 01:00:00 PM,10,5,5
05/16/2015 02:00:00 AM,1,1,0
05/27/2015 12:00:00 PM,13,4,9
05/10/2015 07:00:00 AM,3,1,2
05/22/2015 09:00:00 AM,34,7,27
05/05/2015 05:00:00 AM,4,0,4
05/18/2015 07:00:00 PM,18,17,1
05/24/2015 01:00:00 PM,5,1,4
05/20/2015 09:00:00 AM,25,6,19
05/06/2015 06:00:00 PM,37,29,8
05/11/2015 01:00:00 PM,14,8,6
05/31/2015 10:00:00 PM,4,2,2
05/10/2015 08:00:00 AM,2,0,2
05/06/2015 09:00:00 AM,37,3,34
05/31/2015 09:00:00 AM,7,3,4
05/25/2015 06:00:00 PM,11,6,5
05/19/2015 06:00:00 AM,13,2,11
05/26/2015 03:00:00 AM,0,0,0
05/17/2015 07:00:00 AM,2,0,2
05/18/2015 05:00:00 PM,59,45,14
05/24/2015 06:00:00 PM,14,6,8
05/01/2015 03:00:00 AM,0,0,0
05/15/2015 05:00:00 AM,7,0,7
05/18/2015 01:00:00 PM,17,8,9
05/14/2015 09:00:00 AM,29,4,25
05/05/2015 05:00:00 PM,28,19,9
05/26/2015 11:00:00 PM,0,0,0
05/09/2015 01:00:00 PM,23,16,7
05/25/2015 10:00:00 AM,19,9,10
05/16/2015 11:00:00 PM,0,0,0
05/17/2015 10:00:00 PM,0,0,0
05/09/2015 12:00:00 AM,1,1,0
05/27/2015 06:00:00 PM,39,27,12
05/01/2015 05:00:00 AM,2,0,2
05/09/2015 11:00:00 PM,3,3,0
05/01/2015 01:00:00 AM,0,0,0
05/23/2015 05:00:00 PM,7,3,4
05/30/2015 07:00:00 AM,6,2,4
05/25/2015 08:00:00 PM,8,5,3
05/24/2015 02:00:00 PM,29,13,16
05/05/2015 01:00:00 AM,0,0,0
05/14/2015 12:00:00 AM,2,2,0
05/26/2015 05:00:00 PM,48,37,11
05/13/2015 05:00:00 PM,27,16,11
05/31/2015 01:00:00 AM,2,0,2
05/12/2015 07:00:00 AM,27,3,24
05/03/2015 02:00:00 AM,1,1,0
05/30/2015 03:00:00 PM,22,9,13
05/18/2015 11:00:00 PM,2,2,0
05/31/2015 05:00:00 PM,13,8,5
05/06/2015 10:00:00 PM,2,2,0
05/25/2015 12:00:00 AM,1,1,0
05/16/2015 08:00:00 AM,14,5,9
05/07/2015 08:00:00 AM,38,4,34
05/11/2015 01:00:00 AM,0,0,0
05/08/2015 09:00:00 AM,28,3,25
05/12/2015 03:00:00 PM,12,7,5
05/30/2015 05:00:00 AM,2,0,2
05/15/2015 07:00:00 AM,47,5,42
05/26/2015 01:00:00 AM,0,0,0
05/15/2015 01:00:00 AM,0,0,0
05/29/2015 11:00:00 AM,10,2,8
05/19/2015 07:00:00 PM,17,15,2
05/19/2015 03:00:00 AM,0,0,0
05/24/2015 12:00:00 PM,25,8,17
05/07/2015 05:00:00 PM,68,52,16
05/26/2015 09:00:00 AM,47,11,36
05/27/2015 01:00:00 PM,20,10,10
05/28/2015 01:00:00 AM,1,1,0
05/27/2015 05:00:00 PM,60,36,24
05/04/2015 01:00:00 PM,11,4,7
05/17/2015 04:00:00 AM,0,0,0
05/04/2015 10:00:00 AM,12,3,9
05/10/2015 04:00:00 AM,0,0,0
05/02/2015 08:00:00 AM,11,1,10
05/29/2015 05:00:00 PM,47,34,13
05/11/2015 04:00:00 PM,19,11,8
05/09/2015 08:00:00 AM,5,0,5
05/09/2015 05:00:00 AM,2,0,2
05/08/2015 08:00:00 AM,23,4,19
05/10/2015 10:00:00 AM,13,7,6
05/29/2015 11:00:00 PM,2,2,0
05/11/2015 12:00:00 AM,0,0,0
05/29/2015 03:00:00 AM,0,0,0
05/01/2015 06:00:00 AM,16,0,16
05/26/2015 11:00:00 AM,12,3,9
05/11/2015 11:00:00 PM,0,0,0
05/26/2015 02:00:00 AM,0,0,0
05/19/2015 01:00:00 PM,16,2,14
05/02/2015 02:00:00 AM,0,0,0
05/04/2015 05:00:00 PM,39,28,11
05/05/2015 08:00:00 PM,8,3,5
05/16/2015 05:00:00 AM,0,0,0
05/14/2015 11:00:00 AM,5,1,4
05/03/2015 12:00:00 PM,8,2,6
05/09/2015 07:00:00 PM,11,6,5
05/02/2015 08:00:00 PM,3,3,0
05/24/2015 04:00:00 AM,0,0,0
05/23/2015 11:00:00 AM,16,4,12
05/08/2015 05:00:00 PM,39,29,10
05/11/2015 09:00:00 AM,25,3,22
05/06/2015 05:00:00 AM,4,0,4
05/05/2015 04:00:00 PM,19,9,10
05/09/2015 04:00:00 AM,0,0,0
05/31/2015 08:00:00 PM,4,1,3
05/21/2015 10:00:00 PM,3,3,0
05/31/2015 11:00:00 PM,0,0,0
05/18/2015 08:00:00 AM,43,1,42
05/04/2015 10:00:00 PM,1,1,0
05/20/2015 07:00:00 AM,32,5,27
05/17/2015 09:00:00 AM,6,2,4
05/09/2015 02:00:00 AM,0,0,0
05/13/2015 09:00:00 PM,4,2,2
05/30/2015 10:00:00 PM,5,3,2
05/13/2015 04:00:00 PM,12,10,2
05/10/2015 01:00:00 AM,0,0,0
05/13/2015 01:00:00 PM,9,7,2
05/15/2015 12:00:00 PM,13,4,9
05/28/2015 02:00:00 AM,0,0,0
05/17/2015 01:00:00 AM,3,3,0
05/19/2015 02:00:00 AM,0,0,0
05/14/2015 07:00:00 PM,17,9,8
05/09/2015 03:00:00 PM,21,10,11
05/01/2015 02:00:00 PM,17,6,11
05/12/2015 10:00:00 PM,4,2,2
05/20/2015 02:00:00 PM,14,6,8
05/01/2015 09:00:00 AM,34,7,27
06/18/2015 09:00:00 AM,21,3,18
06/08/2015 02:00:00 PM,14,5,9
06/20/2015 07:00:00 AM,8,1,7
06/21/2015 06:00:00 AM,2,0,2
06/02/2015 08:00:00 PM,15,11,4
06/18/2015 11:00:00 PM,2,1,1
06/04/2015 06:00:00 PM,46,37,9
06/17/2015 05:00:00 PM,54,25,29
06/10/2015 09:00:00 AM,36,2,34
06/19/2015 02:00:00 AM,0,0,0
06/11/2015 04:00:00 PM,36,24,12
06/18/2015 09:00:00 PM,5,3,2
06/04/2015 07:00:00 PM,18,8,10
06/17/2015 09:00:00 AM,22,3,19
06/07/2015 06:00:00 PM,22,5,17
06/04/2015 08:00:00 AM,40,3,37
06/17/2015 07:00:00 PM,17,11,6
06/17/2015 05:00:00 AM,4,0,4
06/09/2015 12:00:00 AM,0,0,0
06/27/2015 10:00:00 PM,2,2,0
06/30/2015 06:00:00 AM,14,2,12
06/15/2015 06:00:00 AM,20,3,17
06/23/2015 02:00:00 AM,0,0,0
06/24/2015 06:00:00 PM,26,21,5
06/11/2015 05:00:00 PM,43,38,5
06/02/2015 09:00:00 AM,27,2,25
06/13/2015 11:00:00 PM,5,2,3
06/06/2015 01:00:00 PM,21,10,11
06/05/2015 01:00:00 PM,9,6,3
06/16/2015 12:00:00 AM,2,2,0
06/04/2015 03:00:00 AM,0,0,0
06/10/2015 12:00:00 AM,2,2,0
06/25/2015 11:00:00 PM,6,1,5
06/24/2015 02:00:00 PM,15,8,7
06/13/2015 07:00:00 AM,4,1,3
06/06/2015 12:00:00 PM,23,15,8
06/29/2015 08:00:00 PM,6,4,2
06/24/2015 08:00:00 PM,11,6,5
06/17/2015 12:00:00 PM,11,6,5
06/28/2015 12:00:00 PM,16,5,11
06/01/2015 10:00:00 AM,15,3,12
06/05/2015 12:00:00 PM,21,13,8
06/03/2015 07:00:00 PM,20,11,9
06/17/2015 10:00:00 AM,17,3,14
06/27/2015 03:00:00 PM,10,8,2
06/29/2015 12:00:00 PM,18,10,8
06/26/2015 05:00:00 PM,32,31,1
06/11/2015 03:00:00 AM,0,0,0
06/15/2015 07:00:00 PM,22,8,14
06/10/2015 10:00:00 AM,4,2,2
06/11/2015 06:00:00 PM,31,22,9
06/12/2015 10:00:00 PM,3,1,2
06/27/2015 08:00:00 PM,2,2,0
06/20/2015 10:00:00 AM,26,10,16
06/12/2015 07:00:00 PM,12,7,5
06/02/2015 05:00:00 AM,4,0,4
06/09/2015 02:00:00 AM,0,0,0
06/18/2015 06:00:00 AM,9,2,7
06/02/2015 01:00:00 PM,13,8,5
06/29/2015 06:00:00 AM,12,0,12
06/12/2015 03:00:00 PM,22,13,9
06/02/2015 10:00:00 PM,1,1,0
06/09/2015 04:00:00 AM,0,0,0
06/08/2015 07:00:00 AM,40,5,35
06/21/2015 01:00:00 PM,17,12,5
06/03/2015 11:00:00 AM,9,1,8
06/28/2015 12:00:00 AM,1,1,0
06/15/2015 04:00:00 PM,19,17,2
06/15/2015 11:00:00 PM,1,1,0
06/23/2015 04:00:00 AM,0,0,0
06/18/2015 02:00:00 AM,0,0,0
06/04/2015 06:00:00 AM,22,4,18
06/13/2015 11:00:00 AM,21,12,9
06/09/2015 05:00:00 PM,48,36,12
06/04/2015 10:00:00 AM,15,3,12
06/11/2015 11:00:00 PM,2,2,0
06/10/2015 09:00:00 PM,4,4,0
06/12/2015 01:00:00 PM,16,5,11
06/19/2015 03:00:00 AM,0,0,0
06/21/2015 04:00:00 AM,0,0,0
06/07/2015 01:00:00 AM,1,1,0
06/29/2015 08:00:00 AM,37,2,35
06/22/2015 05:00:00 AM,5,1,4
06/16/2015 03:00:00 PM,20,9,11
06/11/2015 12:00:00 AM,1,1,0
06/08/2015 08:00:00 AM,37,2,35
06/06/2015 10:00:00 AM,27,6,21
06/07/2015 05:00:00 AM,0,0,0
06/29/2015 04:00:00 PM,17,13,4
06/26/2015 11:00:00 PM,1,1,0
06/30/2015 11:00:00 AM,9,4,5
06/23/2015 11:00:00 PM,3,3,0
06/27/2015 01:00:00 PM,19,14,5
06/17/2015 04:00:00 PM,21,14,7
06/02/2015 05:00:00 PM,31,28,3
06/16/2015 11:00:00 AM,17,8,9
06/25/2015 04:00:00 AM,0,0,0
06/28/2015 11:00:00 AM,18,5,13
06/10/2015 11:00:00 PM,2,2,0
06/18/2015 04:00:00 AM,0,0,0
06/02/2015 11:00:00 PM,1,1,0
06/16/2015 04:00:00 PM,29,21,8
06/15/2015 02:00:00 AM,0,0,0
06/11/2015 07:00:00 PM,15,10,5
06/13/2015 06:00:00 PM,11,6,5
06/13/2015 12:00:00 AM,3,1,2
06/05/2015 02:00:00 AM,0,0,0
06/24/2015 02:00:00 AM,0,0,0
06/17/2015 11:00:00 PM,2,2,0
06/30/2015 03:00:00 AM,0,0,0
06/18/2015 08:00:00 AM,48,3,45
06/27/2015 04:00:00 AM,0,0,0
06/10/2015 04:00:00 AM,0,0,0
06/11/2015 10:00:00 AM,11,5,6
06/17/2015 01:00:00 PM,13,1,12
06/13/2015 03:00:00 PM,23,9,14
06/21/2015 03:00:00 AM,1,1,0
06/10/2015 06:00:00 AM,9,2,7
06/24/2015 01:00:00 PM,15,4,11
06/27/2015 11:00:00 AM,7,5,2
06/09/2015 01:00:00 PM,8,5,3
06/12/2015 06:00:00 AM,16,1,15
06/11/2015 09:00:00 PM,11,6,5
06/06/2015 02:00:00 AM,0,0,0
06/12/2015 12:00:00 AM,3,1,2
06/26/2015 09:00:00 AM,34,5,29
06/18/2015 05:00:00 PM,31,21,10
06/15/2015 08:00:00 PM,12,7,5
06/24/2015 11:00:00 PM,3,3,0
06/01/2015 05:00:00 PM,46,26,20
06/15/2015 03:00:00 PM,19,10,9
06/25/2015 03:00:00 AM,5,2,3
06/25/2015 05:00:00 PM,31,26,5
06/07/2015 08:00:00 AM,11,3,8
06/14/2015 07:00:00 AM,5,1,4
06/08/2015 10:00:00 PM,4,4,0
06/01/2015 12:00:00 PM,4,2,2
06/20/2015 11:00:00 AM,13,3,10
06/14/2015 10:00:00 AM,13,6,7
06/15/2015 01:00:00 PM,13,8,5
06/28/2015 07:00:00 AM,8,0,8
06/22/2015 09:00:00 AM,32,6,26
06/26/2015 10:00:00 PM,2,2,0
06/04/2015 12:00:00 AM,3,0,3
06/08/2015 05:00:00 PM,39,32,7
06/07/2015 11:00:00 AM,17,9,8
06/22/2015 08:00:00 PM,7,5,2
06/27/2015 02:00:00 AM,2,0,2
06/28/2015 08:00:00 PM,5,4,1
06/04/2015 09:00:00 AM,27,4,23
06/29/2015 06:00:00 PM,34,24,10
06/09/2015 12:00:00 PM,9,2,7
06/23/2015 09:00:00 PM,7,5,2
06/17/2015 01:00:00 AM,0,0,0
06/22/2015 06:00:00 AM,13,1,12
06/29/2015 04:00:00 AM,2,0,2
06/07/2015 05:00:00 PM,18,9,9
06/24/2015 10:00:00 AM,11,4,7
06/02/2015 03:00:00 AM,0,0,0
06/02/2015 03:00:00 PM,15,7,8
06/16/2015 07:00:00 PM,25,21,4
06/29/2015 03:00:00 PM,14,6,8
06/01/2015 10:00:00 PM,2,2,0
06/29/2015 02:00:00 AM,0,0,0
06/17/2015 03:00:00 AM,0,0,0
06/18/2015 01:00:00 AM,0,0,0
06/23/2015 08:00:00 AM,40,4,36
06/26/2015 01:00:00 PM,11,7,4
06/23/2015 12:00:00 PM,11,4,7
06/09/2015 08:00:00 AM,56,9,47
06/29/2015 09:00:00 PM,6,4,2
06/27/2015 12:00:00 PM,11,5,6
06/23/2015 09:00:00 AM,25,6,19
06/22/2015 09:00:00 PM,9,7,2
06/21/2015 05:00:00 PM,18,6,12
06/30/2015 01:00:00 AM,1,1,0
06/02/2015 04:00:00 PM,28,14,14
06/23/2015 01:00:00 AM,0,0,0
06/25/2015 08:00:00 AM,34,5,29
06/08/2015 06:00:00 PM,20,16,4
06/13/2015 02:00:00 AM,0,0,0
06/15/2015 07:00:00 AM,38,2,36
06/28/2015 03:00:00 AM,0,0,0
06/10/2015 01:00:00 PM,13,6,7
06/21/2015 07:00:00 AM,0,0,0
06/05/2015 03:00:00 PM,25,14,11
06/21/2015 10:00:00 PM,9,4,5
06/20/2015 03:00:00 AM,1,1,0
06/28/2015 08:00:00 AM,6,0,6
06/20/2015 08:00:00 PM,4,0,4
06/28/2015 04:00:00 AM,0,0,0
06/28/2015 03:00:00 PM,14,6,8
06/08/2015 04:00:00 AM,0,0,0
06/07/2015 02:00:00 AM,0,0,0
06/08/2015 09:00:00 PM,3,3,0
06/04/2015 11:00:00 PM,1,1,0
06/17/2015 08:00:00 AM,35,2,33
06/15/2015 02:00:00 PM,20,5,15
06/18/2015 12:00:00 AM,3,3,0
06/21/2015 06:00:00 PM,19,8,11
06/10/2015 04:00:00 PM,22,16,6
06/11/2015 03:00:00 PM,20,8,12
06/14/2015 02:00:00 AM,0,0,0
06/17/2015 11:00:00 AM,17,10,7
06/28/2015 01:00:00 AM,0,0,0
06/23/2015 08:00:00 PM,15,8,7
06/23/2015 03:00:00 AM,0,0,0
06/20/2015 06:00:00 AM,10,5,5
06/17/2015 04:00:00 AM,0,0,0
06/14/2015 03:00:00 AM,0,0,0
06/04/2015 09:00:00 PM,11,6,5
06/08/2015 03:00:00 PM,16,11,5
06/17/2015 03:00:00 PM,22,9,13
06/24/2015 09:00:00 AM,22,1,21
06/09/2015 03:00:00 PM,16,11,5
06/01/2015 02:00:00 PM,5,2,3
06/11/2015 01:00:00 AM,1,1,0
06/03/2015 01:00:00 AM,0,0,0
06/27/2015 09:00:00 PM,3,2,1
06/29/2015 01:00:00 PM,11,2,9
06/26/2015 08:00:00 PM,16,7,9
06/30/2015 05:00:00 AM,2,0,2
06/21/2015 09:00:00 PM,7,5,2
06/12/2015 08:00:00 PM,14,10,4
06/13/2015 10:00:00 AM,27,11,16
06/01/2015 03:00:00 PM,13,9,4
06/16/2015 04:00:00 AM,0,0,0
06/16/2015 02:00:00 PM,9,4,5
06/22/2015 12:00:00 PM,8,4,4
06/01/2015 08:00:00 PM,6,3,3
06/08/2015 09:00:00 AM,30,5,25
06/30/2015 08:00:00 PM,9,8,1
06/13/2015 05:00:00 AM,3,1,2
06/18/2015 10:00:00 PM,3,1,2
06/01/2015 07:00:00 AM,19,4,15
06/09/2015 10:00:00 AM,14,7,7
06/30/2015 10:00:00 PM,3,3,0
06/16/2015 12:00:00 PM,16,7,9
06/04/2015 08:00:00 PM,7,5,2
06/10/2015 03:00:00 AM,0,0,0
06/24/2015 11:00:00 AM,11,4,7
06/05/2015 08:00:00 PM,19,16,3
06/19/2015 07:00:00 AM,19,2,17
06/16/2015 05:00:00 AM,8,1,7
06/03/2015 03:00:00 AM,0,0,0
06/13/2015 09:00:00 PM,9,3,6
06/11/2015 02:00:00 PM,6,3,3
06/10/2015 03:00:00 PM,14,6,8
06/05/2015 10:00:00 AM,13,1,12
06/14/2015 05:00:00 AM,1,0,1
06/21/2015 04:00:00 PM,33,16,17
06/21/2015 05:00:00 AM,0,0,0
06/28/2015 09:00:00 PM,4,2,2
06/07/2015 01:00:00 PM,27,18,9
06/23/2015 03:00:00 PM,14,11,3
06/09/2015 06:00:00 AM,13,1,12
06/18/2015 11:00:00 AM,12,7,5
06/26/2015 06:00:00 PM,42,24,18
06/22/2015 07:00:00 AM,19,3,16
06/23/2015 06:00:00 PM,46,34,12
06/16/2015 06:00:00 AM,12,2,10
06/12/2015 09:00:00 AM,29,4,25
06/30/2015 12:00:00 PM,21,5,16
06/20/2015 07:00:00 PM,13,6,7
06/23/2015 07:00:00 AM,33,5,28
06/18/2015 01:00:00 PM,13,3,10
06/24/2015 01:00:00 AM,0,0,0
06/24/2015 10:00:00 PM,1,1,0
06/30/2015 04:00:00 PM,33,20,13
06/23/2015 01:00:00 PM,16,7,9
06/22/2015 01:00:00 AM,2,2,0
06/19/2015 07:00:00 PM,12,3,9
06/19/2015 08:00:00 PM,8,4,4
06/20/2015 11:00:00 PM,3,3,0
06/06/2015 09:00:00 PM,6,2,4
06/05/2015 11:00:00 PM,3,3,0
06/14/2015 01:00:00 PM,25,11,14
06/22/2015 11:00:00 PM,6,4,2
06/14/2015 04:00:00 PM,11,3,8
06/30/2015 03:00:00 PM,16,9,7
06/10/2015 02:00:00 AM,0,0,0
06/24/2015 07:00:00 AM,18,6,12
06/22/2015 10:00:00 PM,2,2,0
06/04/2015 05:00:00 PM,46,34,12
06/26/2015 12:00:00 AM,2,2,0
06/28/2015 01:00:00 PM,15,8,7
06/17/2015 09:00:00 PM,9,9,0
06/25/2015 06:00:00 AM,15,0,15
06/06/2015 09:00:00 AM,13,5,8
06/05/2015 01:00:00 AM,0,0,0
06/02/2015 12:00:00 PM,4,4,0
06/01/2015 01:00:00 PM,6,4,2
06/11/2015 08:00:00 AM,45,5,40
06/23/2015 11:00:00 AM,18,3,15
06/03/2015 08:00:00 PM,10,7,3
06/19/2015 10:00:00 PM,9,9,0
06/30/2015 10:00:00 AM,14,4,10
06/13/2015 09:00:00 AM,14,7,7
06/06/2015 07:00:00 PM,8,6,2
06/29/2015 05:00:00 PM,44,32,12
06/26/2015 10:00:00 AM,11,1,10
06/27/2015 10:00:00 AM,11,4,7
06/28/2015 05:00:00 AM,0,0,0
06/18/2015 07:00:00 PM,27,16,11
06/19/2015 10:00:00 AM,10,4,6
06/01/2015 02:00:00 AM,0,0,0
06/06/2015 11:00:00 AM,30,14,16
06/24/2015 05:00:00 AM,4,0,4
06/19/2015 08:00:00 AM,33,0,33
06/13/2015 06:00:00 AM,8,2,6
06/21/2015 08:00:00 PM,2,1,1
06/07/2015 08:00:00 PM,14,8,6
06/20/2015 04:00:00 AM,0,0,0
06/04/2015 03:00:00 PM,17,10,7
06/20/2015 02:00:00 PM,25,10,15
06/19/2015 02:00:00 PM,6,1,5
06/19/2015 05:00:00 AM,2,0,2
06/09/2015 10:00:00 PM,3,3,0
06/21/2015 09:00:00 AM,11,4,7
06/19/2015 03:00:00 PM,19,9,10
06/29/2015 05:00:00 AM,5,1,4
06/29/2015 11:00:00 PM,4,2,2
06/03/2015 03:00:00 PM,15,13,2
06/26/2015 03:00:00 PM,19,16,3
06/04/2015 07:00:00 AM,19,2,17
06/16/2015 09:00:00 AM,30,6,24
06/28/2015 10:00:00 AM,15,3,12
06/28/2015 11:00:00 PM,0,0,0
06/19/2015 04:00:00 PM,28,15,13
06/24/2015 04:00:00 AM,0,0,0
06/18/2015 03:00:00 AM,0,0,0
06/26/2015 07:00:00 AM,19,0,19
06/13/2015 01:00:00 PM,10,7,3
06/13/2015 03:00:00 AM,0,0,0
06/12/2015 10:00:00 AM,13,5,8
06/25/2015 05:00:00 AM,0,0,0
06/30/2015 05:00:00 PM,45,38,7
06/17/2015 10:00:00 PM,0,0,0
06/01/2015 11:00:00 AM,1,1,0
06/06/2015 03:00:00 PM,7,6,1
06/21/2015 12:00:00 PM,27,12,15
06/02/2015 06:00:00 AM,10,2,8
06/13/2015 04:00:00 PM,21,14,7
06/25/2015 11:00:00 AM,12,8,4
06/11/2015 08:00:00 PM,12,6,6
06/03/2015 07:00:00 AM,21,1,20
06/29/2015 10:00:00 PM,0,0,0
06/09/2015 11:00:00 PM,0,0,0
06/30/2015 11:00:00 PM,4,4,0
06/06/2015 11:00:00 PM,0,0,0
06/15/2015 05:00:00 AM,8,0,8
06/28/2015 02:00:00 AM,0,0,0
06/06/2015 08:00:00 AM,10,7,3
06/04/2015 01:00:00 PM,11,8,3
06/24/2015 08:00:00 AM,26,3,23
06/19/2015 11:00:00 AM,10,2,8
06/03/2015 10:00:00 AM,12,4,8
06/03/2015 09:00:00 PM,2,2,0
06/02/2015 01:00:00 AM,2,0,2
06/24/2015 05:00:00 PM,32,27,5
06/21/2015 02:00:00 AM,1,1,0
06/06/2015 06:00:00 AM,8,4,4
06/15/2015 12:00:00 PM,11,3,8
06/25/2015 02:00:00 PM,10,7,3
06/03/2015 10:00:00 PM,1,1,0
06/18/2015 06:00:00 PM,48,30,18
06/10/2015 02:00:00 PM,16,6,10
06/07/2015 09:00:00 AM,16,3,13
06/07/2015 12:00:00 PM,15,5,10
06/30/2015 09:00:00 PM,11,3,8
06/25/2015 04:00:00 PM,20,18,2
06/02/2015 02:00:00 AM,0,0,0
06/19/2015 01:00:00 AM,1,1,0
06/09/2015 02:00:00 PM,16,10,6
06/29/2015 03:00:00 AM,0,0,0
06/27/2015 12:00:00 AM,0,0,0
06/26/2015 02:00:00 PM,14,3,11
06/30/2015 12:00:00 AM,0,0,0
06/12/2015 04:00:00 AM,0,0,0
06/25/2015 01:00:00 PM,17,7,10
06/05/2015 08:00:00 AM,35,2,33
06/27/2015 02:00:00 PM,20,9,11
06/10/2015 10:00:00 PM,1,1,0
06/05/2015 12:00:00 AM,2,2,0
06/09/2015 07:00:00 PM,15,10,5
06/25/2015 08:00:00 PM,12,9,3
06/19/2015 09:00:00 AM,19,5,14
06/19/2015 04:00:00 AM,0,0,0
06/22/2015 04:00:00 AM,0,0,0
06/25/2015 06:00:00 PM,33,28,5
06/22/2015 08:00:00 AM,37,2,35
06/28/2015 04:00:00 PM,13,9,4
06/03/2015 12:00:00 PM,6,3,3
06/05/2015 05:00:00 PM,44,29,15
06/29/2015 02:00:00 PM,19,9,10
06/22/2015 12:00:00 AM,1,1,0
06/17/2015 08:00:00 PM,20,17,3
06/03/2015 06:00:00 PM,32,23,9
06/07/2015 06:00:00 AM,2,0,2
06/10/2015 01:00:00 AM,0,0,0
06/09/2015 05:00:00 AM,3,0,3
06/08/2015 05:00:00 AM,4,0,4
06/28/2015 05:00:00 PM,18,6,12
06/12/2015 06:00:00 PM,28,22,6
06/10/2015 08:00:00 PM,26,16,10
06/24/2015 03:00:00 AM,0,0,0
06/03/2015 06:00:00 AM,7,1,6
06/25/2015 10:00:00 AM,24,7,17
06/07/2015 07:00:00 AM,6,2,4
06/14/2015 11:00:00 PM,0,0,0
06/10/2015 05:00:00 PM,88,53,35
06/23/2015 02:00:00 PM,21,6,15
06/07/2015 03:00:00 PM,21,10,11
06/08/2015 01:00:00 AM,0,0,0
06/12/2015 05:00:00 AM,5,0,5
06/10/2015 07:00:00 AM,34,7,27
06/22/2015 11:00:00 AM,12,6,6
06/23/2015 10:00:00 AM,15,9,6
06/22/2015 05:00:00 PM,40,25,15
06/03/2015 02:00:00 PM,15,10,5
06/02/2015 12:00:00 AM,0,0,0
06/08/2015 11:00:00 AM,15,5,10
06/03/2015 08:00:00 AM,33,4,29
06/20/2015 09:00:00 PM,3,1,2
06/05/2015 03:00:00 AM,0,0,0
06/09/2015 09:00:00 PM,3,3,0
06/07/2015 10:00:00 PM,0,0,0
06/14/2015 08:00:00 AM,5,2,3
06/21/2015 07:00:00 PM,10,5,5
06/11/2015 02:00:00 AM,0,0,0
06/25/2015 03:00:00 PM,23,11,12
06/08/2015 06:00:00 AM,10,0,10
06/05/2015 06:00:00 PM,36,25,11
06/01/2015 05:00:00 AM,2,0,2
06/27/2015 05:00:00 AM,0,0,0
06/27/2015 06:00:00 PM,2,2,0
06/27/2015 08:00:00 AM,9,2,7
06/21/2015 03:00:00 PM,28,9,19
06/22/2015 01:00:00 PM,15,10,5
06/22/2015 06:00:00 PM,43,25,18
06/17/2015 07:00:00 AM,28,1,27
06/12/2015 12:00:00 PM,12,3,9
06/30/2015 07:00:00 AM,43,5,38
06/30/2015 02:00:00 PM,7,3,4
06/02/2015 09:00:00 PM,3,2,1
06/14/2015 10:00:00 PM,1,1,0
06/18/2015 03:00:00 PM,27,12,15
06/08/2015 10:00:00 AM,21,9,12
06/09/2015 04:00:00 PM,27,21,6
06/27/2015 09:00:00 AM,10,2,8
06/26/2015 07:00:00 PM,15,12,3
06/13/2015 08:00:00 PM,7,5,2
06/08/2015 03:00:00 AM,0,0,0
06/25/2015 09:00:00 AM,26,0,26
06/03/2015 11:00:00 PM,1,1,0
06/09/2015 06:00:00 PM,37,26,11
06/13/2015 07:00:00 PM,6,4,2
06/06/2015 05:00:00 AM,0,0,0
06/05/2015 10:00:00 PM,2,0,2
06/08/2015 04:00:00 PM,17,10,7
06/22/2015 04:00:00 PM,14,13,1
06/13/2015 01:00:00 AM,0,0,0
06/30/2015 07:00:00 PM,24,14,10
06/22/2015 03:00:00 AM,0,0,0
06/09/2015 11:00:00 AM,5,2,3
06/05/2015 09:00:00 PM,10,8,2
06/10/2015 11:00:00 AM,11,6,5
06/12/2015 11:00:00 AM,6,5,1
06/06/2015 01:00:00 AM,0,0,0
06/16/2015 08:00:00 AM,42,4,38
06/10/2015 07:00:00 PM,34,23,11
06/02/2015 06:00:00 PM,32,18,14
06/11/2015 07:00:00 AM,30,6,24
06/28/2015 06:00:00 AM,1,0,1
06/09/2015 07:00:00 AM,40,10,30
06/13/2015 10:00:00 PM,2,1,1
06/16/2015 11:00:00 PM,4,2,2
06/14/2015 08:00:00 PM,3,1,2
06/20/2015 12:00:00 AM,0,0,0
06/23/2015 04:00:00 PM,24,15,9
06/07/2015 03:00:00 AM,0,0,0
06/27/2015 07:00:00 AM,9,2,7
06/15/2015 05:00:00 PM,40,28,12
06/24/2015 09:00:00 PM,5,2,3
06/01/2015 01:00:00 AM,0,0,0
06/22/2015 02:00:00 AM,0,0,0
06/15/2015 10:00:00 AM,4,4,0
06/03/2015 04:00:00 PM,30,16,14
06/27/2015 06:00:00 AM,7,1,6
06/06/2015 05:00:00 PM,10,6,4
06/25/2015 10:00:00 PM,3,3,0
06/21/2015 02:00:00 PM,24,13,11
06/16/2015 03:00:00 AM,0,0,0
06/12/2015 09:00:00 PM,4,2,2
06/18/2015 07:00:00 AM,27,1,26
06/05/2015 04:00:00 AM,0,0,0
06/21/2015 01:00:00 AM,0,0,0
06/29/2015 11:00:00 AM,12,7,5
06/03/2015 04:00:00 AM,0,0,0
06/14/2015 12:00:00 AM,3,1,2
06/02/2015 10:00:00 AM,25,7,18
06/21/2015 11:00:00 PM,0,0,0
06/04/2015 04:00:00 AM,0,0,0
06/26/2015 05:00:00 AM,2,0,2
06/08/2015 01:00:00 PM,9,1,8
06/14/2015 05:00:00 PM,21,19,2
06/19/2015 09:00:00 PM,8,1,7
06/14/2015 03:00:00 PM,26,21,5
06/12/2015 11:00:00 PM,4,0,4
06/24/2015 06:00:00 AM,15,1,14
06/22/2015 03:00:00 PM,15,12,3
06/28/2015 02:00:00 PM,29,16,13
06/27/2015 05:00:00 PM,7,7,0
06/07/2015 04:00:00 AM,0,0,0
06/23/2015 12:00:00 AM,3,3,0
06/15/2015 12:00:00 AM,4,4,0
06/12/2015 04:00:00 PM,31,15,16
06/12/2015 05:00:00 PM,34,24,10
06/25/2015 12:00:00 PM,11,4,7
06/30/2015 09:00:00 AM,29,2,27
06/19/2015 12:00:00 AM,0,0,0
06/10/2015 08:00:00 AM,37,7,30
06/24/2015 12:00:00 PM,9,1,8
06/15/2015 09:00:00 PM,3,2,1
06/19/2015 06:00:00 AM,15,1,14
06/01/2015 04:00:00 PM,24,13,11
06/17/2015 12:00:00 AM,3,3,0
06/03/2015 01:00:00 PM,9,2,7
06/12/2015 01:00:00 AM,0,0,0
06/19/2015 11:00:00 PM,1,1,0
06/28/2015 07:00:00 PM,11,3,8
06/24/2015 03:00:00 PM,19,15,4
06/18/2015 12:00:00 PM,43,11,32
06/27/2015 07:00:00 PM,2,2,0
06/30/2015 04:00:00 AM,0,0,0
06/01/2015 12:00:00 AM,0,0,0
06/14/2015 07:00:00 PM,13,6,7
06/26/2015 01:00:00 AM,0,0,0
06/02/2015 07:00:00 PM,25,15,10
06/25/2015 12:00:00 AM,2,2,0
06/16/2015 06:00:00 PM,48,33,15
06/16/2015 01:00:00 PM,5,5,0
06/20/2015 02:00:00 AM,0,0,0
06/04/2015 01:00:00 AM,0,0,0
06/06/2015 10:00:00 PM,1,1,0
06/20/2015 04:00:00 PM,24,13,11
06/20/2015 05:00:00 AM,2,0,2
06/28/2015 10:00:00 PM,1,1,0
06/25/2015 01:00:00 AM,1,1,0
06/19/2015 06:00:00 PM,26,21,5
06/27/2015 04:00:00 PM,6,4,2
06/22/2015 07:00:00 PM,27,22,5
06/08/2015 12:00:00 AM,0,0,0
06/21/2015 08:00:00 AM,8,4,4
06/20/2015 12:00:00 PM,17,6,11
06/26/2015 04:00:00 AM,0,0,0
06/20/2015 01:00:00 AM,0,0,0
06/25/2015 07:00:00 PM,28,17,11
06/08/2015 11:00:00 PM,1,1,0
06/13/2015 02:00:00 PM,15,10,5
06/14/2015 11:00:00 AM,15,7,8
06/18/2015 08:00:00 PM,14,11,3
06/20/2015 06:00:00 PM,25,11,14
06/01/2015 06:00:00 AM,12,1,11
06/24/2015 12:00:00 AM,3,1,2
06/14/2015 12:00:00 PM,12,4,8
06/26/2015 09:00:00 PM,6,3,3
06/14/2015 06:00:00 AM,1,0,1
06/21/2015 11:00:00 AM,20,11,9
06/12/2015 02:00:00 AM,3,3,0
06/09/2015 09:00:00 AM,24,3,21
06/04/2015 11:00:00 AM,16,4,12
06/26/2015 04:00:00 PM,22,16,6
06/10/2015 05:00:00 AM,7,0,7
06/26/2015 03:00:00 AM,0,0,0
06/17/2015 06:00:00 PM,44,28,16
06/06/2015 06:00:00 PM,10,3,7
06/13/2015 04:00:00 AM,0,0,0
06/26/2015 11:00:00 AM,9,1,8
06/22/2015 02:00:00 PM,13,10,3
06/06/2015 03:00:00 AM,0,0,0
06/15/2015 01:00:00 AM,3,0,3
06/27/2015 03:00:00 AM,1,1,0
06/14/2015 09:00:00 PM,8,0,8
06/07/2015 09:00:00 PM,8,6,2
06/16/2015 05:00:00 PM,53,36,17
06/30/2015 01:00:00 PM,25,9,16
06/07/2015 11:00:00 PM,0,0,0
06/22/2015 10:00:00 AM,29,2,27
06/10/2015 06:00:00 PM,35,20,15
06/15/2015 03:00:00 AM,0,0,0
06/20/2015 10:00:00 PM,1,1,0
06/16/2015 09:00:00 PM,4,2,2
06/28/2015 06:00:00 PM,6,5,1
06/09/2015 01:00:00 AM,1,1,0
06/06/2015 12:00:00 AM,1,1,0
06/06/2015 02:00:00 PM,15,7,8
06/15/2015 06:00:00 PM,33,27,6
06/23/2015 10:00:00 PM,6,6,0
06/03/2015 05:00:00 PM,36,28,8
06/11/2015 06:00:00 AM,16,3,13
06/14/2015 01:00:00 AM,0,0,0
06/23/2015 05:00:00 PM,34,29,5
06/05/2015 11:00:00 AM,16,0,16
06/25/2015 09:00:00 PM,5,1,4
06/05/2015 07:00:00 PM,14,11,3
06/29/2015 07:00:00 PM,14,9,5
06/13/2015 08:00:00 AM,8,2,6
06/05/2015 06:00:00 AM,11,1,10
06/08/2015 08:00:00 PM,21,14,7
06/09/2015 08:00:00 PM,9,5,4
06/23/2015 05:00:00 AM,6,1,5
06/11/2015 09:00:00 AM,24,3,21
06/02/2015 11:00:00 AM,16,2,14
06/14/2015 09:00:00 AM,5,0,5
06/01/2015 11:00:00 PM,0,0,0
06/17/2015 06:00:00 AM,20,4,16
06/08/2015 07:00:00 PM,27,14,13
06/03/2015 02:00:00 AM,0,0,0
06/03/2015 09:00:00 AM,33,4,29
06/05/2015 07:00:00 AM,23,2,21
06/14/2015 02:00:00 PM,22,8,14
06/01/2015 06:00:00 PM,24,16,8
06/23/2015 07:00:00 PM,14,11,3
06/04/2015 05:00:00 AM,3,0,3
06/21/2015 10:00:00 AM,13,5,8
06/12/2015 07:00:00 AM,23,4,19
06/02/2015 08:00:00 AM,48,8,40
06/16/2015 10:00:00 PM,5,3,2
06/01/2015 04:00:00 AM,0,0,0
06/15/2015 04:00:00 AM,0,0,0
06/16/2015 08:00:00 PM,5,3,2
06/14/2015 04:00:00 AM,0,0,0
06/04/2015 12:00:00 PM,15,7,8
06/07/2015 10:00:00 AM,20,9,11
06/11/2015 01:00:00 PM,7,3,4
06/18/2015 10:00:00 AM,27,13,14
06/07/2015 12:00:00 AM,0,0,0
06/12/2015 08:00:00 AM,42,4,38
06/02/2015 02:00:00 PM,11,4,7
06/30/2015 08:00:00 AM,35,2,33
06/20/2015 05:00:00 PM,19,9,10
06/12/2015 02:00:00 PM,23,6,17
06/01/2015 08:00:00 AM,41,7,34
06/02/2015 04:00:00 AM,0,0,0
06/09/2015 03:00:00 AM,0,0,0
06/29/2015 12:00:00 AM,1,1,0
06/16/2015 10:00:00 AM,19,10,9
06/19/2015 05:00:00 PM,38,21,17
06/05/2015 09:00:00 AM,26,4,22
06/27/2015 11:00:00 PM,0,0,0
06/23/2015 06:00:00 AM,12,3,9
06/11/2015 05:00:00 AM,4,0,4
06/11/2015 12:00:00 PM,11,8,3
06/08/2015 02:00:00 AM,0,0,0
06/16/2015 07:00:00 AM,47,2,45
06/25/2015 07:00:00 AM,21,3,18
06/29/2015 09:00:00 AM,31,8,23
06/07/2015 02:00:00 PM,25,16,9
06/03/2015 12:00:00 AM,1,1,0
06/30/2015 02:00:00 AM,0,0,0
06/13/2015 12:00:00 PM,37,22,15
06/11/2015 10:00:00 PM,1,1,0
06/20/2015 08:00:00 AM,9,0,9
06/30/2015 06:00:00 PM,37,25,12
06/07/2015 07:00:00 PM,9,3,6
06/20/2015 09:00:00 AM,19,6,13
06/17/2015 02:00:00 AM,0,0,0
06/29/2015 01:00:00 AM,0,0,0
06/08/2015 12:00:00 PM,9,5,4
06/27/2015 01:00:00 AM,0,0,0
06/01/2015 07:00:00 PM,16,12,4
06/15/2015 10:00:00 PM,8,2,6
06/25/2015 02:00:00 AM,0,0,0
06/18/2015 04:00:00 PM,15,11,4
06/06/2015 04:00:00 AM,0,0,0
06/26/2015 08:00:00 AM,28,5,23
06/28/2015 09:00:00 AM,12,4,8
06/16/2015 01:00:00 AM,0,0,0
06/03/2015 05:00:00 AM,5,0,5
06/10/2015 12:00:00 PM,12,3,9
06/15/2015 09:00:00 AM,27,2,25
06/06/2015 04:00:00 PM,27,14,13
06/12/2015 03:00:00 AM,0,0,0
06/05/2015 04:00:00 PM,24,13,11
06/26/2015 12:00:00 PM,8,4,4
06/11/2015 11:00:00 AM,9,2,7
06/01/2015 03:00:00 AM,0,0,0
06/06/2015 08:00:00 PM,6,3,3
06/26/2015 06:00:00 AM,30,4,26
06/19/2015 12:00:00 PM,16,9,7
06/20/2015 03:00:00 PM,20,12,8
06/02/2015 07:00:00 AM,17,2,15
06/11/2015 04:00:00 AM,0,0,0
06/16/2015 02:00:00 AM,0,0,0
06/15/2015 08:00:00 AM,35,7,28
06/26/2015 02:00:00 AM,0,0,0
06/24/2015 04:00:00 PM,17,14,3
06/21/2015 12:00:00 AM,4,4,0
06/07/2015 04:00:00 PM,17,10,7
06/14/2015 06:00:00 PM,22,9,13
06/05/2015 05:00:00 AM,5,0,5
06/18/2015 02:00:00 PM,10,3,7
06/18/2015 05:00:00 AM,6,0,6
06/19/2015 01:00:00 PM,20,11,9
06/29/2015 07:00:00 AM,27,7,20
06/04/2015 04:00:00 PM,26,12,14
06/04/2015 10:00:00 PM,0,0,0
06/06/2015 07:00:00 AM,4,0,4
06/04/2015 02:00:00 AM,0,0,0
06/24/2015 07:00:00 PM,27,13,14
06/15/2015 11:00:00 AM,9,3,6
06/01/2015 09:00:00 PM,1,1,0
06/04/2015 02:00:00 PM,22,10,12
06/01/2015 09:00:00 AM,14,3,11
06/05/2015 02:00:00 PM,20,13,7
06/17/2015 02:00:00 PM,10,7,3
06/29/2015 10:00:00 AM,18,8,10
06/20/2015 01:00:00 PM,19,5,14
06/13/2015 05:00:00 PM,19,10,9
07/20/2015 05:00:00 PM,41,29,12
07/08/2015 09:00:00 AM,20,5,15
07/05/2015 10:00:00 AM,7,5,2
07/10/2015 03:00:00 AM,0,0,0
07/15/2015 05:00:00 AM,5,0,5
07/15/2015 12:00:00 PM,13,4,9
07/20/2015 12:00:00 AM,1,1,0
07/28/2015 01:00:00 PM,13,6,7
07/12/2015 02:00:00 AM,2,2,0
07/18/2015 03:00:00 PM,16,12,4
07/02/2015 05:00:00 AM,2,0,2
07/27/2015 08:00:00 AM,38,3,35
07/10/2015 11:00:00 AM,16,6,10
07/22/2015 08:00:00 AM,49,4,45
07/07/2015 05:00:00 PM,38,31,7
07/26/2015 09:00:00 PM,4,4,0
07/27/2015 08:00:00 PM,9,9,0
07/27/2015 04:00:00 PM,18,14,4
07/11/2015 06:00:00 AM,7,0,7
07/19/2015 11:00:00 AM,7,5,2
07/10/2015 12:00:00 PM,8,6,2
07/14/2015 02:00:00 AM,0,0,0
07/05/2015 11:00:00 AM,9,1,8
07/18/2015 12:00:00 PM,19,11,8
07/09/2015 06:00:00 AM,26,0,26
07/17/2015 04:00:00 PM,19,13,6
07/14/2015 05:00:00 AM,1,0,1
07/01/2015 12:00:00 AM,3,3,0
07/12/2015 02:00:00 PM,25,13,12
07/04/2015 11:00:00 PM,27,25,2
07/21/2015 07:00:00 PM,24,12,12
07/20/2015 08:00:00 PM,17,13,4
07/23/2015 10:00:00 AM,19,5,14
07/16/2015 01:00:00 AM,1,1,0
07/06/2015 03:00:00 PM,17,14,3
07/19/2015 04:00:00 PM,11,6,5
07/19/2015 10:00:00 PM,0,0,0
07/03/2015 11:00:00 PM,0,0,0
07/31/2015 06:00:00 PM,29,16,13
07/07/2015 07:00:00 PM,29,18,11
07/10/2015 04:00:00 PM,25,17,8
07/06/2015 08:00:00 AM,26,1,25
07/26/2015 07:00:00 AM,3,0,3
07/17/2015 08:00:00 PM,8,7,1
07/08/2015 05:00:00 PM,40,29,11
07/22/2015 09:00:00 PM,6,4,2
07/19/2015 06:00:00 AM,3,0,3
07/29/2015 05:00:00 PM,36,34,2
07/14/2015 11:00:00 AM,44,17,27
07/22/2015 08:00:00 PM,25,19,6
07/08/2015 07:00:00 PM,32,24,8
07/13/2015 08:00:00 AM,31,4,27
07/01/2015 09:00:00 PM,10,8,2
07/12/2015 06:00:00 PM,13,4,9
07/28/2015 10:00:00 AM,12,5,7
07/10/2015 01:00:00 PM,11,4,7
07/25/2015 08:00:00 AM,4,2,2
07/26/2015 01:00:00 PM,13,2,11
07/05/2015 06:00:00 PM,13,7,6
07/11/2015 10:00:00 PM,0,0,0
07/19/2015 12:00:00 PM,17,11,6
07/03/2015 03:00:00 AM,0,0,0
07/29/2015 04:00:00 PM,31,23,8
07/22/2015 02:00:00 AM,0,0,0
07/02/2015 07:00:00 PM,19,14,5
07/02/2015 04:00:00 PM,24,20,4
07/09/2015 08:00:00 PM,30,21,9
07/26/2015 05:00:00 PM,3,1,2
07/23/2015 06:00:00 AM,15,1,14
07/22/2015 10:00:00 AM,24,5,19
07/18/2015 01:00:00 PM,15,9,6
07/30/2015 08:00:00 AM,42,8,34
07/27/2015 07:00:00 AM,20,1,19
07/03/2015 04:00:00 AM,1,1,0
07/26/2015 10:00:00 PM,3,3,0
07/31/2015 12:00:00 PM,15,5,10
07/10/2015 08:00:00 PM,6,4,2
07/09/2015 10:00:00 PM,6,3,3
07/04/2015 07:00:00 AM,3,0,3
07/28/2015 05:00:00 AM,1,0,1
07/26/2015 08:00:00 PM,4,1,3
07/23/2015 11:00:00 PM,2,1,1
07/28/2015 02:00:00 AM,0,0,0
07/20/2015 04:00:00 AM,0,0,0
07/25/2015 05:00:00 PM,15,6,9
07/03/2015 01:00:00 PM,13,8,5
07/08/2015 08:00:00 AM,38,4,34
07/22/2015 12:00:00 PM,11,9,2
07/02/2015 04:00:00 AM,0,0,0
07/06/2015 12:00:00 AM,2,2,0
07/10/2015 05:00:00 AM,7,0,7
07/20/2015 10:00:00 PM,0,0,0
07/04/2015 06:00:00 PM,7,4,3
07/04/2015 10:00:00 AM,27,13,14
07/11/2015 02:00:00 PM,14,9,5
07/02/2015 01:00:00 PM,11,4,7
07/28/2015 01:00:00 AM,0,0,0
07/13/2015 12:00:00 AM,1,1,0
07/30/2015 04:00:00 PM,23,18,5
07/14/2015 04:00:00 PM,42,32,10
07/03/2015 10:00:00 AM,21,7,14
07/19/2015 04:00:00 AM,0,0,0
07/10/2015 12:00:00 AM,1,1,0
07/09/2015 02:00:00 PM,3,1,2
07/29/2015 04:00:00 AM,0,0,0
07/03/2015 12:00:00 PM,7,4,3
07/06/2015 05:00:00 AM,11,1,10
07/27/2015 10:00:00 PM,4,1,3
07/07/2015 05:00:00 AM,5,0,5
07/19/2015 01:00:00 PM,8,6,2
07/29/2015 12:00:00 PM,9,4,5
07/04/2015 10:00:00 PM,2,0,2
07/26/2015 04:00:00 AM,0,0,0
07/27/2015 12:00:00 AM,2,2,0
07/16/2015 04:00:00 PM,25,18,7
07/28/2015 09:00:00 AM,22,4,18
07/04/2015 12:00:00 AM,2,2,0
07/17/2015 01:00:00 PM,13,5,8
07/14/2015 02:00:00 PM,19,6,13
07/31/2015 07:00:00 AM,18,1,17
07/18/2015 06:00:00 AM,7,0,7
07/11/2015 08:00:00 PM,4,4,0
07/24/2015 12:00:00 PM,10,8,2
07/24/2015 04:00:00 AM,0,0,0
07/29/2015 06:00:00 AM,22,0,22
07/15/2015 04:00:00 PM,24,14,10
07/13/2015 05:00:00 AM,6,2,4
07/02/2015 06:00:00 PM,16,14,2
07/26/2015 07:00:00 PM,2,0,2
07/01/2015 07:00:00 AM,28,2,26
07/24/2015 02:00:00 PM,16,8,8
07/12/2015 11:00:00 AM,14,8,6
07/04/2015 04:00:00 AM,3,0,3
07/27/2015 03:00:00 PM,20,15,5
07/02/2015 10:00:00 AM,7,0,7
07/29/2015 11:00:00 AM,22,10,12
07/24/2015 04:00:00 PM,27,24,3
07/07/2015 06:00:00 AM,24,1,23
07/23/2015 05:00:00 AM,4,0,4
07/23/2015 05:00:00 PM,45,32,13
07/16/2015 03:00:00 AM,0,0,0
07/10/2015 10:00:00 PM,8,8,0
07/18/2015 09:00:00 AM,18,7,11
07/16/2015 04:00:00 AM,0,0,0
07/05/2015 08:00:00 AM,19,8,11
07/21/2015 06:00:00 PM,36,32,4
07/20/2015 01:00:00 AM,0,0,0
07/22/2015 02:00:00 PM,8,5,3
07/21/2015 03:00:00 AM,0,0,0
07/28/2015 05:00:00 PM,39,35,4
07/23/2015 04:00:00 PM,45,24,21
07/20/2015 12:00:00 PM,9,4,5
07/17/2015 12:00:00 PM,23,9,14
07/09/2015 08:00:00 AM,38,4,34
07/15/2015 05:00:00 PM,53,39,14
07/09/2015 01:00:00 PM,15,12,3
07/14/2015 10:00:00 PM,0,0,0
07/11/2015 05:00:00 PM,9,7,2
07/10/2015 06:00:00 PM,32,22,10
07/24/2015 10:00:00 AM,10,2,8
07/15/2015 09:00:00 PM,2,2,0
07/11/2015 03:00:00 AM,2,0,2
07/17/2015 08:00:00 AM,26,3,23
07/09/2015 04:00:00 PM,23,19,4
07/21/2015 07:00:00 AM,37,5,32
07/21/2015 05:00:00 AM,5,0,5
07/24/2015 08:00:00 AM,30,2,28
07/08/2015 03:00:00 AM,0,0,0
07/23/2015 12:00:00 PM,17,5,12
07/09/2015 03:00:00 AM,0,0,0
07/13/2015 07:00:00 AM,18,5,13
07/12/2015 05:00:00 AM,0,0,0
07/23/2015 02:00:00 AM,1,1,0
07/16/2015 01:00:00 PM,12,2,10
07/26/2015 02:00:00 PM,19,8,11
07/23/2015 02:00:00 PM,3,1,2
07/19/2015 06:00:00 PM,11,4,7
07/06/2015 09:00:00 PM,9,4,5
07/10/2015 07:00:00 PM,13,10,3
07/30/2015 07:00:00 AM,20,1,19
07/20/2015 07:00:00 AM,32,8,24
07/31/2015 03:00:00 PM,15,13,2
07/01/2015 06:00:00 AM,10,3,7
07/18/2015 05:00:00 PM,6,6,0
07/14/2015 05:00:00 PM,36,32,4
07/27/2015 11:00:00 PM,3,3,0
07/31/2015 09:00:00 PM,2,2,0
07/03/2015 09:00:00 AM,9,5,4
07/14/2015 08:00:00 PM,13,11,2
07/31/2015 01:00:00 AM,0,0,0
07/07/2015 06:00:00 PM,36,24,12
07/13/2015 11:00:00 PM,2,0,2
07/20/2015 03:00:00 PM,23,14,9
07/17/2015 11:00:00 AM,5,2,3
07/31/2015 11:00:00 PM,0,0,0
07/11/2015 05:00:00 AM,3,0,3
07/15/2015 09:00:00 AM,18,1,17
07/08/2015 04:00:00 PM,18,17,1
07/12/2015 09:00:00 PM,1,1,0
07/21/2015 09:00:00 AM,23,3,20
07/23/2015 09:00:00 AM,22,3,19
07/27/2015 02:00:00 PM,15,5,10
07/04/2015 08:00:00 PM,19,3,16
07/15/2015 10:00:00 AM,14,5,9
07/29/2015 08:00:00 AM,52,6,46
07/23/2015 03:00:00 PM,16,14,2
07/26/2015 05:00:00 AM,0,0,0
07/12/2015 09:00:00 AM,5,2,3
07/07/2015 08:00:00 AM,43,4,39
07/19/2015 10:00:00 AM,10,8,2
07/03/2015 07:00:00 AM,5,0,5
07/22/2015 12:00:00 AM,1,1,0
07/02/2015 08:00:00 AM,36,6,30
07/26/2015 03:00:00 AM,0,0,0
07/17/2015 02:00:00 PM,12,5,7
07/01/2015 03:00:00 AM,0,0,0
07/15/2015 03:00:00 AM,0,0,0
07/16/2015 05:00:00 AM,7,0,7
07/12/2015 03:00:00 PM,17,8,9
07/13/2015 07:00:00 PM,21,16,5
07/05/2015 02:00:00 PM,9,8,1
07/29/2015 07:00:00 PM,30,16,14
07/27/2015 12:00:00 PM,14,4,10
07/16/2015 08:00:00 AM,45,4,41
07/12/2015 12:00:00 PM,21,15,6
07/15/2015 08:00:00 AM,30,5,25
07/18/2015 08:00:00 PM,4,4,0
07/31/2015 06:00:00 AM,16,1,15
07/02/2015 07:00:00 AM,28,6,22
07/21/2015 01:00:00 AM,0,0,0
07/28/2015 07:00:00 PM,28,13,15
07/02/2015 12:00:00 AM,3,3,0
07/23/2015 12:00:00 AM,1,1,0
07/22/2015 11:00:00 PM,0,0,0
07/22/2015 07:00:00 AM,30,4,26
07/03/2015 05:00:00 AM,1,0,1
07/17/2015 04:00:00 AM,0,0,0
07/09/2015 12:00:00 AM,2,2,0
07/13/2015 09:00:00 AM,19,4,15
07/13/2015 02:00:00 AM,0,0,0
07/19/2015 05:00:00 PM,15,6,9
07/03/2015 04:00:00 PM,13,8,5
07/13/2015 01:00:00 AM,1,1,0
07/25/2015 12:00:00 PM,11,11,0
07/03/2015 06:00:00 PM,20,18,2
07/22/2015 03:00:00 AM,0,0,0
07/29/2015 10:00:00 PM,4,3,1
07/16/2015 12:00:00 AM,0,0,0
07/01/2015 04:00:00 AM,0,0,0
07/20/2015 02:00:00 PM,18,14,4
07/18/2015 02:00:00 PM,8,6,2
07/03/2015 06:00:00 AM,6,0,6
07/30/2015 03:00:00 PM,21,14,7
07/17/2015 01:00:00 AM,2,2,0
07/30/2015 04:00:00 AM,0,0,0
07/21/2015 12:00:00 PM,7,3,4
07/23/2015 04:00:00 AM,0,0,0
07/27/2015 06:00:00 PM,43,29,14
07/01/2015 05:00:00 AM,3,0,3
07/05/2015 04:00:00 PM,12,4,8
07/20/2015 04:00:00 PM,19,17,2
07/13/2015 06:00:00 PM,48,34,14
07/25/2015 09:00:00 AM,12,7,5
07/28/2015 08:00:00 PM,13,11,2
07/15/2015 12:00:00 AM,1,1,0
07/08/2015 06:00:00 AM,29,4,25
07/03/2015 01:00:00 AM,0,0,0
07/09/2015 09:00:00 AM,29,4,25
07/17/2015 09:00:00 PM,9,9,0
07/17/2015 06:00:00 AM,12,1,11
07/10/2015 01:00:00 AM,0,0,0
07/30/2015 12:00:00 AM,1,1,0
07/16/2015 09:00:00 AM,20,2,18
07/16/2015 07:00:00 AM,30,4,26
07/21/2015 04:00:00 PM,27,14,13
07/16/2015 11:00:00 AM,13,3,10
07/30/2015 02:00:00 AM,0,0,0
07/24/2015 12:00:00 AM,2,2,0
07/17/2015 10:00:00 AM,18,5,13
07/12/2015 07:00:00 PM,4,3,1
07/10/2015 06:00:00 AM,10,0,10
07/06/2015 06:00:00 PM,32,22,10
07/26/2015 11:00:00 PM,0,0,0
07/24/2015 03:00:00 AM,0,0,0
07/07/2015 04:00:00 AM,0,0,0
07/25/2015 10:00:00 PM,5,0,5
07/25/2015 09:00:00 PM,7,5,2
07/30/2015 01:00:00 PM,16,9,7
07/26/2015 03:00:00 PM,15,12,3
07/21/2015 08:00:00 PM,9,7,2
07/08/2015 10:00:00 PM,0,0,0
07/16/2015 10:00:00 PM,0,0,0
07/21/2015 04:00:00 AM,0,0,0
07/18/2015 07:00:00 AM,5,3,2
07/20/2015 11:00:00 AM,10,2,8
07/11/2015 04:00:00 AM,1,0,1
07/01/2015 06:00:00 PM,31,23,8
07/17/2015 03:00:00 PM,16,11,5
07/01/2015 11:00:00 AM,21,16,5
07/31/2015 10:00:00 AM,11,5,6
07/11/2015 04:00:00 PM,13,8,5
07/12/2015 01:00:00 AM,1,1,0
07/27/2015 01:00:00 AM,0,0,0
07/09/2015 01:00:00 AM,0,0,0
07/21/2015 08:00:00 AM,40,6,34
07/24/2015 11:00:00 PM,1,1,0
07/14/2015 10:00:00 AM,12,6,6
07/29/2015 01:00:00 AM,1,1,0
07/23/2015 07:00:00 PM,16,11,5
07/30/2015 09:00:00 PM,3,2,1
07/15/2015 02:00:00 AM,0,0,0
07/08/2015 11:00:00 PM,6,2,4
07/15/2015 08:00:00 PM,15,9,6
07/21/2015 10:00:00 AM,23,4,19
07/16/2015 07:00:00 PM,26,14,12
07/20/2015 10:00:00 AM,32,8,24
07/09/2015 02:00:00 AM,0,0,0
07/09/2015 11:00:00 PM,5,3,2
07/20/2015 08:00:00 AM,31,2,29
07/30/2015 11:00:00 AM,14,5,9
07/13/2015 12:00:00 PM,9,2,7
07/18/2015 05:00:00 AM,0,0,0
07/02/2015 09:00:00 AM,27,5,22
07/05/2015 08:00:00 PM,6,4,2
07/24/2015 02:00:00 AM,0,0,0
07/08/2015 12:00:00 PM,10,2,8
07/23/2015 08:00:00 AM,36,1,35
07/05/2015 04:00:00 AM,0,0,0
07/05/2015 12:00:00 AM,4,4,0
07/12/2015 11:00:00 PM,0,0,0
07/21/2015 02:00:00 PM,10,7,3
07/22/2015 01:00:00 PM,12,6,6
07/02/2015 02:00:00 PM,12,5,7
07/06/2015 08:00:00 PM,13,11,2
07/22/2015 04:00:00 AM,1,0,1
07/27/2015 10:00:00 AM,21,11,10
07/07/2015 08:00:00 PM,18,12,6
07/15/2015 04:00:00 AM,0,0,0
07/03/2015 08:00:00 AM,9,3,6
07/20/2015 02:00:00 AM,0,0,0
07/05/2015 05:00:00 PM,9,3,6
07/27/2015 11:00:00 AM,22,8,14
07/18/2015 10:00:00 AM,8,3,5
07/09/2015 03:00:00 PM,31,21,10
07/04/2015 07:00:00 PM,0,0,0
07/16/2015 08:00:00 PM,24,17,7
07/01/2015 12:00:00 PM,25,6,19
07/04/2015 09:00:00 AM,5,1,4
07/27/2015 09:00:00 AM,17,3,14
07/01/2015 10:00:00 PM,11,7,4
07/11/2015 06:00:00 PM,8,5,3
07/04/2015 08:00:00 AM,20,1,19
07/08/2015 02:00:00 AM,0,0,0
07/15/2015 01:00:00 AM,0,0,0
07/14/2015 09:00:00 PM,13,7,6
07/25/2015 11:00:00 PM,2,2,0
07/06/2015 06:00:00 AM,19,0,19
07/01/2015 08:00:00 AM,39,3,36
07/03/2015 07:00:00 PM,7,5,2
07/21/2015 05:00:00 PM,50,38,12
07/17/2015 10:00:00 PM,4,1,3
07/20/2015 09:00:00 PM,3,2,1
07/14/2015 12:00:00 AM,3,1,2
07/30/2015 08:00:00 PM,21,12,9
07/29/2015 02:00:00 PM,8,5,3
07/16/2015 11:00:00 PM,0,0,0
07/20/2015 05:00:00 AM,2,0,2
07/10/2015 04:00:00 AM,0,0,0
07/26/2015 08:00:00 AM,3,0,3
07/14/2015 11:00:00 PM,2,0,2
07/19/2015 12:00:00 AM,1,1,0
07/11/2015 07:00:00 AM,1,1,0
07/30/2015 01:00:00 AM,0,0,0
07/30/2015 05:00:00 AM,2,0,2
07/01/2015 08:00:00 PM,7,7,0
07/02/2015 01:00:00 AM,0,0,0
07/26/2015 12:00:00 PM,9,4,5
07/02/2015 11:00:00 AM,14,4,10
07/25/2015 02:00:00 PM,17,6,11
07/16/2015 10:00:00 AM,14,3,11
07/24/2015 06:00:00 AM,7,0,7
07/28/2015 11:00:00 AM,11,5,6
07/22/2015 04:00:00 PM,26,25,1
07/18/2015 01:00:00 AM,0,0,0
07/06/2015 04:00:00 PM,30,22,8
07/23/2015 09:00:00 PM,9,7,2
07/13/2015 10:00:00 AM,16,7,9
07/12/2015 04:00:00 AM,0,0,0
07/25/2015 06:00:00 PM,15,7,8
07/26/2015 06:00:00 PM,12,6,6
07/21/2015 02:00:00 AM,0,0,0
07/06/2015 11:00:00 PM,1,1,0
07/18/2015 02:00:00 AM,0,0,0
07/14/2015 01:00:00 PM,7,2,5
07/05/2015 10:00:00 PM,0,0,0
07/20/2015 01:00:00 PM,8,4,4
07/16/2015 03:00:00 PM,13,7,6
07/11/2015 01:00:00 PM,14,7,7
07/04/2015 09:00:00 PM,21,3,18
07/24/2015 05:00:00 PM,35,27,8
07/25/2015 02:00:00 AM,0,0,0
07/08/2015 12:00:00 AM,1,1,0
07/11/2015 09:00:00 PM,3,2,1
07/28/2015 02:00:00 PM,19,6,13
07/10/2015 07:00:00 AM,20,2,18
07/19/2015 05:00:00 AM,0,0,0
07/19/2015 07:00:00 PM,7,3,4
07/07/2015 02:00:00 AM,0,0,0
07/01/2015 01:00:00 PM,20,8,12
07/23/2015 11:00:00 AM,5,2,3
07/12/2015 07:00:00 AM,2,1,1
07/18/2015 06:00:00 PM,5,5,0
07/05/2015 05:00:00 AM,0,0,0
07/28/2015 08:00:00 AM,32,2,30
07/12/2015 08:00:00 PM,5,3,2
07/19/2015 02:00:00 AM,0,0,0
07/03/2015 05:00:00 PM,11,6,5
07/09/2015 05:00:00 AM,4,0,4
07/20/2015 06:00:00 AM,22,5,17
07/27/2015 06:00:00 AM,19,3,16
07/08/2015 10:00:00 AM,12,4,8
07/31/2015 05:00:00 PM,25,25,0
07/27/2015 01:00:00 PM,15,2,13
07/02/2015 05:00:00 PM,39,35,4
07/04/2015 05:00:00 PM,11,2,9
07/26/2015 02:00:00 AM,1,1,0
07/30/2015 12:00:00 PM,15,9,6
07/28/2015 11:00:00 PM,0,0,0
07/23/2015 01:00:00 AM,0,0,0
07/10/2015 05:00:00 PM,36,30,6
07/03/2015 02:00:00 AM,1,1,0
07/24/2015 01:00:00 PM,12,6,6
07/18/2015 08:00:00 AM,7,4,3
07/09/2015 06:00:00 PM,31,20,11
07/07/2015 07:00:00 AM,38,4,34
07/21/2015 11:00:00 AM,20,3,17
07/29/2015 08:00:00 PM,27,16,11
07/10/2015 09:00:00 AM,34,7,27
07/27/2015 05:00:00 AM,4,0,4
07/20/2015 11:00:00 PM,1,1,0
07/09/2015 05:00:00 PM,42,33,9
07/03/2015 08:00:00 PM,10,4,6
07/24/2015 01:00:00 AM,0,0,0
07/31/2015 03:00:00 AM,0,0,0
07/30/2015 10:00:00 AM,17,5,12
07/16/2015 12:00:00 PM,14,7,7
07/16/2015 02:00:00 AM,0,0,0
07/25/2015 10:00:00 AM,10,5,5
07/09/2015 09:00:00 PM,9,3,6
07/31/2015 09:00:00 AM,23,7,16
07/03/2015 03:00:00 PM,15,11,4
07/25/2015 04:00:00 PM,11,4,7
07/02/2015 06:00:00 AM,21,2,19
07/31/2015 02:00:00 AM,0,0,0
07/19/2015 02:00:00 PM,4,2,2
07/03/2015 12:00:00 AM,3,3,0
07/20/2015 09:00:00 AM,21,4,17
07/21/2015 11:00:00 PM,2,2,0
07/17/2015 02:00:00 AM,0,0,0
07/28/2015 07:00:00 AM,32,1,31
07/24/2015 08:00:00 PM,21,15,6
07/21/2015 06:00:00 AM,16,3,13
07/30/2015 03:00:00 AM,0,0,0
07/06/2015 02:00:00 AM,0,0,0
07/15/2015 02:00:00 PM,11,2,9
07/04/2015 04:00:00 PM,10,3,7
07/09/2015 04:00:00 AM,0,0,0
07/04/2015 12:00:00 PM,23,12,11
07/08/2015 07:00:00 AM,28,5,23
07/14/2015 04:00:00 AM,0,0,0
07/17/2015 05:00:00 PM,29,24,5
07/25/2015 01:00:00 PM,10,5,5
07/11/2015 11:00:00 AM,23,8,15
07/07/2015 11:00:00 AM,8,4,4
07/09/2015 12:00:00 PM,11,8,3
07/06/2015 07:00:00 PM,28,14,14
07/04/2015 01:00:00 AM,0,0,0
07/02/2015 03:00:00 PM,25,15,10
07/22/2015 11:00:00 AM,14,3,11
07/25/2015 08:00:00 PM,4,2,2
07/11/2015 11:00:00 PM,0,0,0
07/25/2015 07:00:00 AM,9,4,5
07/27/2015 09:00:00 PM,7,5,2
07/18/2015 11:00:00 AM,15,9,6
07/12/2015 06:00:00 AM,1,0,1
07/04/2015 03:00:00 AM,0,0,0
07/06/2015 04:00:00 AM,0,0,0
07/01/2015 03:00:00 PM,16,11,5
07/25/2015 11:00:00 AM,24,10,14
07/13/2015 09:00:00 PM,8,8,0
07/21/2015 10:00:00 PM,2,0,2
07/01/2015 11:00:00 PM,3,3,0
07/30/2015 05:00:00 PM,23,16,7
07/06/2015 09:00:00 AM,30,6,24
07/14/2015 07:00:00 AM,21,2,19
07/14/2015 01:00:00 AM,0,0,0
07/06/2015 12:00:00 PM,8,6,2
07/06/2015 11:00:00 AM,12,6,6
07/23/2015 03:00:00 AM,0,0,0
07/01/2015 10:00:00 AM,23,8,15
07/18/2015 11:00:00 PM,0,0,0
07/22/2015 05:00:00 AM,5,0,5
07/05/2015 09:00:00 PM,4,4,0
07/24/2015 11:00:00 AM,16,3,13
07/07/2015 01:00:00 AM,0,0,0
07/28/2015 09:00:00 PM,7,6,1
07/15/2015 11:00:00 AM,16,3,13
07/29/2015 06:00:00 PM,29,22,7
07/18/2015 09:00:00 PM,6,6,0
07/31/2015 10:00:00 PM,0,0,0
07/13/2015 04:00:00 AM,0,0,0
07/07/2015 12:00:00 PM,13,6,7
07/25/2015 05:00:00 AM,1,1,0
07/07/2015 03:00:00 AM,0,0,0
07/03/2015 09:00:00 PM,4,3,1
07/30/2015 06:00:00 AM,25,4,21
07/13/2015 02:00:00 PM,13,8,5
07/30/2015 06:00:00 PM,32,25,7
07/28/2015 03:00:00 AM,0,0,0
07/08/2015 06:00:00 PM,54,39,15
07/09/2015 10:00:00 AM,11,4,7
07/05/2015 01:00:00 AM,1,1,0
07/08/2015 02:00:00 PM,18,6,12
07/10/2015 03:00:00 PM,20,14,6
07/07/2015 11:00:00 PM,4,1,3
07/12/2015 04:00:00 PM,14,8,6
07/18/2015 07:00:00 PM,3,2,1
07/05/2015 03:00:00 AM,0,0,0
07/02/2015 12:00:00 PM,16,8,8
07/01/2015 05:00:00 PM,42,30,12
07/17/2015 09:00:00 AM,21,6,15
07/23/2015 01:00:00 PM,13,4,9
07/20/2015 06:00:00 PM,36,29,7
07/20/2015 07:00:00 PM,25,15,10
07/29/2015 05:00:00 AM,4,0,4
07/19/2015 11:00:00 PM,1,1,0
07/26/2015 09:00:00 AM,7,5,2
07/05/2015 06:00:00 AM,5,1,4
07/07/2015 10:00:00 PM,2,0,2
07/28/2015 06:00:00 PM,41,29,12
07/10/2015 11:00:00 PM,3,3,0
07/10/2015 02:00:00 PM,25,14,11
07/18/2015 03:00:00 AM,0,0,0
07/18/2015 12:00:00 AM,0,0,0
07/15/2015 10:00:00 PM,5,5,0
07/25/2015 12:00:00 AM,1,1,0
07/17/2015 12:00:00 AM,1,1,0
07/01/2015 02:00:00 PM,12,6,6
07/03/2015 10:00:00 PM,0,0,0
07/19/2015 03:00:00 PM,9,6,3
07/27/2015 03:00:00 AM,0,0,0
07/22/2015 05:00:00 PM,46,32,14
07/14/2015 12:00:00 PM,16,7,9
07/24/2015 07:00:00 PM,22,14,8
07/01/2015 07:00:00 PM,31,17,14
07/02/2015 03:00:00 AM,0,0,0
07/12/2015 08:00:00 AM,7,1,6
07/12/2015 10:00:00 PM,2,2,0
07/05/2015 07:00:00 AM,9,4,5
07/04/2015 06:00:00 AM,4,2,2
07/22/2015 06:00:00 AM,12,2,10
07/31/2015 05:00:00 AM,5,0,5
07/04/2015 01:00:00 PM,14,8,6
07/09/2015 07:00:00 AM,26,3,23
07/30/2015 10:00:00 PM,1,1,0
07/13/2015 03:00:00 PM,9,7,2
07/25/2015 01:00:00 AM,0,0,0
07/19/2015 07:00:00 AM,7,1,6
07/17/2015 07:00:00 PM,19,12,7
07/17/2015 11:00:00 PM,0,0,0
07/19/2015 08:00:00 AM,15,2,13
07/26/2015 01:00:00 AM,2,0,2
07/02/2015 08:00:00 PM,15,7,8
07/12/2015 03:00:00 AM,0,0,0
07/24/2015 09:00:00 PM,2,2,0
07/30/2015 11:00:00 PM,8,8,0
07/23/2015 07:00:00 AM,30,1,29
07/12/2015 01:00:00 PM,19,10,9
07/07/2015 04:00:00 PM,27,25,2
07/14/2015 08:00:00 AM,24,1,23
07/13/2015 05:00:00 PM,38,27,11
07/13/2015 10:00:00 PM,1,0,1
07/16/2015 02:00:00 PM,13,6,7
07/25/2015 07:00:00 PM,9,7,2
07/31/2015 08:00:00 AM,29,0,29
07/13/2015 11:00:00 AM,6,1,5
07/23/2015 08:00:00 PM,13,7,6
07/19/2015 01:00:00 AM,0,0,0
07/31/2015 01:00:00 PM,16,10,6
07/22/2015 09:00:00 AM,36,5,31
07/07/2015 10:00:00 AM,16,12,4
07/12/2015 12:00:00 AM,1,1,0
07/08/2015 01:00:00 PM,14,8,6
07/17/2015 07:00:00 AM,23,2,21
07/27/2015 02:00:00 AM,0,0,0
07/29/2015 09:00:00 PM,13,8,5
07/24/2015 06:00:00 PM,24,18,6
07/09/2015 11:00:00 AM,16,7,9
07/31/2015 02:00:00 PM,6,1,5
07/13/2015 04:00:00 PM,24,13,11
07/15/2015 06:00:00 PM,33,28,5
07/06/2015 07:00:00 AM,29,10,19
07/30/2015 07:00:00 PM,16,10,6
07/08/2015 05:00:00 AM,4,0,4
07/02/2015 10:00:00 PM,4,3,1
07/04/2015 02:00:00 PM,16,6,10
07/21/2015 09:00:00 PM,9,5,4
07/29/2015 03:00:00 PM,26,15,11
07/26/2015 11:00:00 AM,13,6,7
07/27/2015 07:00:00 PM,25,21,4
07/13/2015 08:00:00 PM,13,10,3
07/28/2015 06:00:00 AM,15,4,11
07/11/2015 01:00:00 AM,0,0,0
07/11/2015 10:00:00 AM,24,15,9
07/07/2015 03:00:00 PM,18,15,3
07/23/2015 10:00:00 PM,5,3,2
07/29/2015 02:00:00 AM,0,0,0
07/28/2015 03:00:00 PM,18,15,3
07/10/2015 02:00:00 AM,0,0,0
07/18/2015 10:00:00 PM,1,1,0
07/06/2015 10:00:00 PM,3,3,0
07/30/2015 09:00:00 AM,33,1,32
07/01/2015 02:00:00 AM,0,0,0
07/11/2015 07:00:00 PM,9,5,4
07/26/2015 06:00:00 AM,0,0,0
07/13/2015 01:00:00 PM,10,5,5
07/24/2015 03:00:00 PM,21,16,5
07/22/2015 01:00:00 AM,2,2,0
07/06/2015 01:00:00 AM,0,0,0
07/04/2015 05:00:00 AM,0,0,0
07/24/2015 09:00:00 AM,28,1,27
07/19/2015 09:00:00 AM,15,7,8
07/01/2015 04:00:00 PM,25,14,11
07/19/2015 08:00:00 PM,7,4,3
07/21/2015 01:00:00 PM,6,4,2
07/15/2015 11:00:00 PM,0,0,0
07/11/2015 12:00:00 PM,17,8,9
07/17/2015 05:00:00 AM,1,0,1
07/08/2015 01:00:00 AM,0,0,0
07/14/2015 06:00:00 PM,33,21,12
07/14/2015 03:00:00 PM,15,9,6
07/15/2015 07:00:00 PM,24,13,11
07/24/2015 10:00:00 PM,3,1,2
07/05/2015 11:00:00 PM,3,0,3
07/29/2015 07:00:00 AM,24,4,20
07/03/2015 02:00:00 PM,12,8,4
07/10/2015 08:00:00 AM,39,5,34
07/17/2015 06:00:00 PM,31,24,7
07/13/2015 03:00:00 AM,2,0,2
07/08/2015 08:00:00 PM,8,5,3
07/15/2015 01:00:00 PM,8,3,5
07/07/2015 09:00:00 AM,18,5,13
07/11/2015 08:00:00 AM,19,8,11
07/07/2015 02:00:00 PM,4,3,1
07/20/2015 03:00:00 AM,0,0,0
07/31/2015 12:00:00 AM,0,0,0
07/16/2015 06:00:00 AM,25,4,21
07/16/2015 09:00:00 PM,7,5,2
07/29/2015 03:00:00 AM,0,0,0
07/04/2015 03:00:00 PM,11,9,2
07/25/2015 04:00:00 AM,0,0,0
07/14/2015 07:00:00 PM,33,19,14
07/05/2015 03:00:00 PM,12,9,3
07/16/2015 05:00:00 PM,49,45,4
07/05/2015 01:00:00 PM,7,1,6
07/11/2015 02:00:00 AM,0,0,0
07/11/2015 12:00:00 AM,2,0,2
07/29/2015 10:00:00 AM,15,6,9
07/08/2015 11:00:00 AM,10,5,5
07/07/2015 01:00:00 PM,18,11,7
07/23/2015 06:00:00 PM,40,32,8
07/10/2015 10:00:00 AM,11,2,9
07/08/2015 09:00:00 PM,11,10,1
07/24/2015 07:00:00 AM,32,2,30
07/31/2015 11:00:00 AM,24,10,14
07/25/2015 06:00:00 AM,7,0,7
07/22/2015 07:00:00 PM,19,13,6
07/15/2015 07:00:00 AM,32,5,27
07/28/2015 04:00:00 PM,26,20,6
07/02/2015 11:00:00 PM,1,1,0
07/06/2015 03:00:00 AM,0,0,0
07/17/2015 03:00:00 AM,2,0,2
07/03/2015 11:00:00 AM,28,15,13
07/24/2015 05:00:00 AM,7,0,7
07/15/2015 03:00:00 PM,16,14,2
07/27/2015 05:00:00 PM,43,31,12
07/05/2015 02:00:00 AM,1,1,0
07/01/2015 01:00:00 AM,0,0,0
07/04/2015 02:00:00 AM,0,0,0
07/27/2015 04:00:00 AM,0,0,0
07/06/2015 05:00:00 PM,40,26,14
07/01/2015 09:00:00 AM,29,8,21
07/31/2015 04:00:00 AM,0,0,0
07/06/2015 01:00:00 PM,12,6,6
07/28/2015 12:00:00 AM,1,1,0
07/22/2015 03:00:00 PM,12,10,2
07/08/2015 03:00:00 PM,13,8,5
07/21/2015 03:00:00 PM,15,5,10
07/11/2015 03:00:00 PM,17,4,13
07/21/2015 12:00:00 AM,2,2,0
07/30/2015 02:00:00 PM,14,6,8
07/13/2015 06:00:00 AM,7,0,7
07/18/2015 04:00:00 PM,22,5,17
07/05/2015 07:00:00 PM,9,3,6
07/07/2015 12:00:00 AM,2,2,0
07/05/2015 12:00:00 PM,18,6,12
07/25/2015 03:00:00 AM,0,0,0
07/28/2015 10:00:00 PM,4,3,1
07/31/2015 04:00:00 PM,30,23,7
07/26/2015 10:00:00 AM,8,6,2
07/02/2015 02:00:00 AM,0,0,0
07/16/2015 06:00:00 PM,38,30,8
07/05/2015 09:00:00 AM,7,3,4
07/10/2015 09:00:00 PM,13,4,9
07/02/2015 09:00:00 PM,9,2,7
07/26/2015 04:00:00 PM,6,6,0
07/18/2015 04:00:00 AM,0,0,0
07/31/2015 08:00:00 PM,13,11,2
07/19/2015 09:00:00 PM,8,5,3
07/19/2015 03:00:00 AM,0,0,0
07/14/2015 09:00:00 AM,41,6,35
07/15/2015 06:00:00 AM,21,4,17
07/29/2015 09:00:00 AM,27,7,20
07/22/2015 10:00:00 PM,7,5,2
07/28/2015 12:00:00 PM,14,3,11
07/14/2015 03:00:00 AM,0,0,0
07/29/2015 01:00:00 PM,15,10,5
07/12/2015 05:00:00 PM,12,4,8
07/22/2015 06:00:00 PM,33,28,5
07/26/2015 12:00:00 AM,1,1,0
07/04/2015 11:00:00 AM,20,17,3
07/14/2015 06:00:00 AM,13,1,12
07/29/2015 12:00:00 AM,0,0,0
07/11/2015 09:00:00 AM,3,1,2
07/12/2015 10:00:00 AM,12,2,10
07/06/2015 10:00:00 AM,11,2,9
07/09/2015 07:00:00 PM,20,14,6
07/07/2015 09:00:00 PM,16,6,10
07/31/2015 07:00:00 PM,26,11,15
07/06/2015 02:00:00 PM,8,3,5
07/29/2015 11:00:00 PM,2,0,2
07/08/2015 04:00:00 AM,0,0,0
07/28/2015 04:00:00 AM,0,0,0
07/25/2015 03:00:00 PM,14,8,6
08/09/2015 10:00:00 PM,4,4,0
08/01/2015 04:00:00 PM,18,9,9
08/07/2015 10:00:00 PM,3,3,0
08/03/2015 01:00:00 PM,11,2,9
08/21/2015 03:00:00 AM,0,0,0
08/21/2015 05:00:00 PM,40,27,13
08/30/2015 07:00:00 PM,6,6,0
08/21/2015 01:00:00 PM,20,11,9
08/20/2015 02:00:00 PM,11,4,7
08/30/2015 05:00:00 AM,0,0,0
08/14/2015 07:00:00 AM,13,0,13
08/18/2015 12:00:00 AM,1,1,0
08/25/2015 04:00:00 AM,0,0,0
08/31/2015 09:00:00 PM,6,2,4
08/10/2015 07:00:00 AM,17,1,16
08/19/2015 11:00:00 PM,1,1,0
08/03/2015 01:00:00 AM,0,0,0
08/23/2015 07:00:00 PM,8,2,6
08/11/2015 04:00:00 AM,0,0,0
08/27/2015 02:00:00 PM,18,14,4
08/29/2015 05:00:00 PM,14,5,9
08/08/2015 09:00:00 AM,6,1,5
08/29/2015 12:00:00 AM,0,0,0
08/26/2015 07:00:00 AM,28,4,24
08/21/2015 08:00:00 AM,20,3,17
08/03/2015 05:00:00 AM,5,2,3
08/13/2015 12:00:00 PM,8,3,5
08/29/2015 01:00:00 PM,5,4,1
08/13/2015 10:00:00 AM,12,4,8
08/11/2015 03:00:00 AM,0,0,0
08/11/2015 03:00:00 PM,18,8,10
08/15/2015 03:00:00 PM,4,3,1
08/27/2015 06:00:00 AM,17,2,15
08/14/2015 01:00:00 PM,9,3,6
08/23/2015 03:00:00 PM,28,12,16
08/07/2015 04:00:00 PM,17,12,5
08/05/2015 02:00:00 AM,0,0,0
08/13/2015 03:00:00 PM,21,18,3
08/11/2015 11:00:00 AM,8,4,4
08/25/2015 03:00:00 PM,13,9,4
08/28/2015 09:00:00 PM,7,4,3
08/18/2015 01:00:00 AM,1,1,0
08/05/2015 02:00:00 PM,13,6,7
08/28/2015 03:00:00 AM,0,0,0
08/30/2015 12:00:00 AM,1,1,0
08/10/2015 12:00:00 PM,29,10,19
08/29/2015 12:00:00 PM,12,7,5
08/31/2015 04:00:00 PM,15,12,3
08/17/2015 04:00:00 AM,1,0,1
08/03/2015 08:00:00 PM,13,9,4
08/05/2015 07:00:00 PM,26,10,16
08/27/2015 07:00:00 PM,19,15,4
08/11/2015 02:00:00 AM,0,0,0
08/05/2015 10:00:00 PM,0,0,0
08/15/2015 09:00:00 PM,2,1,1
08/10/2015 11:00:00 AM,15,4,11
08/25/2015 07:00:00 AM,33,2,31
08/02/2015 11:00:00 AM,31,14,17
08/15/2015 06:00:00 AM,8,1,7
08/05/2015 06:00:00 PM,39,33,6
08/16/2015 02:00:00 AM,2,0,2
08/06/2015 03:00:00 PM,24,11,13
08/22/2015 12:00:00 AM,0,0,0
08/13/2015 10:00:00 PM,10,6,4
08/04/2015 09:00:00 PM,10,5,5
08/19/2015 06:00:00 PM,20,19,1
08/23/2015 09:00:00 PM,1,1,0
08/05/2015 11:00:00 PM,1,1,0
08/24/2015 04:00:00 PM,19,9,10
08/08/2015 02:00:00 PM,16,8,8
08/27/2015 03:00:00 PM,19,14,5
08/22/2015 06:00:00 AM,5,0,5
08/10/2015 06:00:00 PM,31,24,7
08/03/2015 03:00:00 AM,0,0,0
08/06/2015 09:00:00 PM,16,5,11
08/26/2015 01:00:00 PM,16,8,8
08/16/2015 11:00:00 AM,28,16,12
08/28/2015 10:00:00 AM,16,4,12
08/14/2015 06:00:00 PM,18,16,2
08/12/2015 01:00:00 AM,0,0,0
08/29/2015 07:00:00 PM,2,2,0
08/19/2015 10:00:00 PM,7,4,3
08/07/2015 06:00:00 PM,34,21,13
08/19/2015 02:00:00 PM,15,5,10
08/07/2015 12:00:00 AM,5,3,2
08/23/2015 08:00:00 AM,8,2,6
08/09/2015 03:00:00 PM,12,5,7
08/07/2015 10:00:00 AM,22,3,19
08/21/2015 11:00:00 AM,12,8,4
08/01/2015 08:00:00 AM,9,1,8
08/22/2015 07:00:00 AM,6,2,4
08/03/2015 04:00:00 PM,27,19,8
08/03/2015 09:00:00 AM,24,2,22
08/12/2015 01:00:00 PM,10,3,7
08/18/2015 07:00:00 PM,20,16,4
08/11/2015 10:00:00 PM,6,3,3
08/16/2015 06:00:00 AM,2,0,2
08/28/2015 07:00:00 PM,11,7,4
08/28/2015 11:00:00 AM,7,4,3
08/02/2015 06:00:00 PM,19,12,7
08/07/2015 05:00:00 PM,36,34,2
08/01/2015 01:00:00 PM,10,3,7
08/04/2015 12:00:00 AM,1,1,0
08/08/2015 06:00:00 AM,2,0,2
08/10/2015 11:00:00 PM,3,1,2
08/29/2015 04:00:00 AM,0,0,0
08/09/2015 06:00:00 AM,6,1,5
08/11/2015 05:00:00 AM,4,0,4
08/24/2015 09:00:00 PM,5,1,4
08/21/2015 07:00:00 PM,7,5,2
08/20/2015 08:00:00 AM,20,8,12
08/09/2015 05:00:00 AM,3,0,3
08/02/2015 07:00:00 PM,3,3,0
08/20/2015 01:00:00 PM,10,3,7
08/24/2015 01:00:00 PM,17,1,16
08/26/2015 02:00:00 PM,17,12,5
08/26/2015 07:00:00 PM,21,13,8
08/31/2015 12:00:00 PM,8,2,6
08/18/2015 06:00:00 AM,11,1,10
08/03/2015 11:00:00 PM,0,0,0
08/02/2015 12:00:00 PM,13,7,6
08/06/2015 12:00:00 PM,12,2,10
08/26/2015 01:00:00 AM,0,0,0
08/12/2015 04:00:00 PM,15,9,6
08/04/2015 01:00:00 PM,16,10,6
08/08/2015 03:00:00 PM,13,10,3
08/28/2015 12:00:00 PM,10,4,6
08/10/2015 04:00:00 PM,24,16,8
08/03/2015 05:00:00 PM,42,41,1
08/12/2015 03:00:00 AM,0,0,0
08/20/2015 10:00:00 AM,10,5,5
08/25/2015 05:00:00 PM,42,32,10
08/17/2015 04:00:00 PM,17,13,4
08/31/2015 11:00:00 PM,1,1,0
08/07/2015 04:00:00 AM,1,0,1
08/06/2015 01:00:00 PM,22,11,11
08/06/2015 04:00:00 AM,0,0,0
08/25/2015 07:00:00 PM,24,18,6
08/20/2015 05:00:00 AM,2,0,2
08/26/2015 12:00:00 PM,24,9,15
08/02/2015 03:00:00 PM,26,14,12
08/12/2015 05:00:00 AM,4,0,4
08/22/2015 10:00:00 AM,25,8,17
08/12/2015 07:00:00 PM,30,15,15
08/31/2015 02:00:00 PM,12,3,9
08/09/2015 04:00:00 PM,22,14,8
08/01/2015 03:00:00 PM,11,7,4
08/01/2015 10:00:00 PM,5,0,5
08/05/2015 11:00:00 AM,9,2,7
08/13/2015 04:00:00 AM,0,0,0
08/16/2015 10:00:00 PM,7,6,1
08/04/2015 06:00:00 PM,31,27,4
08/06/2015 03:00:00 AM,0,0,0
08/07/2015 07:00:00 PM,12,6,6
08/29/2015 04:00:00 PM,2,2,0
08/23/2015 02:00:00 PM,21,20,1
08/25/2015 11:00:00 AM,13,10,3
08/25/2015 09:00:00 PM,7,4,3
08/01/2015 02:00:00 PM,17,8,9
08/23/2015 12:00:00 PM,21,9,12
08/18/2015 01:00:00 PM,13,2,11
08/20/2015 06:00:00 AM,15,1,14
08/23/2015 10:00:00 PM,0,0,0
08/04/2015 08:00:00 AM,39,8,31
08/02/2015 06:00:00 AM,8,0,8
08/21/2015 06:00:00 PM,24,19,5
08/16/2015 07:00:00 AM,6,0,6
08/10/2015 09:00:00 AM,20,1,19
08/17/2015 02:00:00 PM,18,10,8
08/23/2015 09:00:00 AM,9,6,3
08/23/2015 06:00:00 PM,19,12,7
08/28/2015 06:00:00 PM,25,22,3
08/03/2015 10:00:00 PM,2,0,2
08/16/2015 11:00:00 PM,0,0,0
08/04/2015 03:00:00 PM,20,15,5
08/28/2015 06:00:00 AM,14,1,13
08/02/2015 01:00:00 PM,21,10,11
08/14/2015 02:00:00 PM,5,3,2
08/11/2015 09:00:00 PM,17,9,8
08/27/2015 07:00:00 AM,23,4,19
08/21/2015 12:00:00 PM,8,4,4
08/24/2015 03:00:00 AM,0,0,0
08/15/2015 09:00:00 AM,10,3,7
08/02/2015 07:00:00 AM,5,1,4
08/07/2015 06:00:00 AM,17,1,16
08/31/2015 08:00:00 PM,12,10,2
08/21/2015 02:00:00 PM,10,5,5
08/01/2015 11:00:00 AM,16,7,9
08/23/2015 02:00:00 AM,0,0,0
08/24/2015 12:00:00 AM,1,1,0
08/26/2015 09:00:00 PM,10,8,2
08/18/2015 05:00:00 PM,39,37,2
08/27/2015 03:00:00 AM,0,0,0
08/08/2015 01:00:00 PM,11,4,7
08/10/2015 05:00:00 AM,4,0,4
08/11/2015 07:00:00 AM,32,1,31
08/19/2015 03:00:00 PM,16,11,5
08/24/2015 08:00:00 PM,9,6,3
08/05/2015 10:00:00 AM,11,6,5
08/12/2015 03:00:00 PM,18,7,11
08/31/2015 03:00:00 AM,0,0,0
08/22/2015 10:00:00 PM,1,0,1
08/11/2015 02:00:00 PM,10,6,4
08/08/2015 10:00:00 PM,3,1,2
08/10/2015 10:00:00 PM,1,1,0
08/20/2015 05:00:00 PM,32,26,6
08/03/2015 07:00:00 AM,27,4,23
08/12/2015 12:00:00 PM,6,0,6
08/27/2015 04:00:00 PM,19,9,10
08/01/2015 06:00:00 AM,5,0,5
08/28/2015 01:00:00 AM,2,2,0
08/03/2015 03:00:00 PM,16,10,6
08/19/2015 05:00:00 PM,39,32,7
08/17/2015 08:00:00 PM,15,9,6
08/11/2015 11:00:00 PM,1,1,0
08/22/2015 03:00:00 AM,0,0,0
08/21/2015 03:00:00 PM,20,14,6
08/31/2015 07:00:00 PM,8,6,2
08/29/2015 05:00:00 AM,2,0,2
08/12/2015 02:00:00 AM,0,0,0
08/01/2015 07:00:00 AM,8,4,4
08/22/2015 05:00:00 AM,2,0,2
08/14/2015 08:00:00 AM,32,5,27
08/16/2015 09:00:00 AM,12,4,8
08/06/2015 01:00:00 AM,2,2,0
08/01/2015 12:00:00 PM,8,5,3
08/23/2015 05:00:00 AM,4,0,4
08/17/2015 12:00:00 AM,2,2,0
08/18/2015 10:00:00 PM,2,2,0
08/12/2015 08:00:00 AM,34,2,32
08/04/2015 03:00:00 AM,0,0,0
08/25/2015 09:00:00 AM,21,6,15
08/03/2015 08:00:00 AM,30,1,29
08/27/2015 02:00:00 AM,3,1,2
08/14/2015 01:00:00 AM,0,0,0
08/05/2015 09:00:00 AM,22,3,19
08/19/2015 08:00:00 PM,16,12,4
08/24/2015 04:00:00 AM,0,0,0
08/25/2015 05:00:00 AM,2,0,2
08/14/2015 09:00:00 PM,1,1,0
08/10/2015 06:00:00 AM,17,0,17
08/20/2015 10:00:00 PM,4,4,0
08/23/2015 03:00:00 AM,0,0,0
08/25/2015 03:00:00 AM,0,0,0
08/20/2015 07:00:00 PM,23,20,3
08/17/2015 01:00:00 AM,0,0,0
08/08/2015 02:00:00 AM,0,0,0
08/28/2015 08:00:00 PM,8,6,2
08/28/2015 05:00:00 PM,25,20,5
08/08/2015 08:00:00 PM,6,1,5
08/11/2015 08:00:00 AM,33,4,29
08/24/2015 10:00:00 PM,6,3,3
08/26/2015 06:00:00 PM,44,36,8
08/30/2015 09:00:00 PM,3,1,2
08/09/2015 11:00:00 PM,1,1,0
08/23/2015 11:00:00 PM,1,1,0
08/10/2015 01:00:00 PM,8,7,1
08/19/2015 02:00:00 AM,0,0,0
08/07/2015 01:00:00 AM,2,0,2
08/16/2015 08:00:00 AM,10,2,8
08/15/2015 10:00:00 PM,10,5,5
08/19/2015 08:00:00 AM,40,4,36
08/31/2015 06:00:00 PM,44,35,9
08/19/2015 09:00:00 PM,6,2,4
08/27/2015 11:00:00 AM,19,6,13
08/22/2015 02:00:00 AM,0,0,0
08/27/2015 09:00:00 AM,23,8,15
08/08/2015 01:00:00 AM,0,0,0
08/14/2015 11:00:00 AM,15,4,11
08/24/2015 01:00:00 AM,0,0,0
08/06/2015 10:00:00 PM,3,0,3
08/09/2015 01:00:00 AM,0,0,0
08/11/2015 04:00:00 PM,21,14,7
08/19/2015 04:00:00 AM,1,0,1
08/31/2015 10:00:00 PM,2,0,2
08/16/2015 06:00:00 PM,9,7,2
08/14/2015 05:00:00 PM,15,10,5
08/26/2015 12:00:00 AM,1,1,0
08/02/2015 11:00:00 PM,1,1,0
08/31/2015 07:00:00 AM,27,4,23
08/19/2015 03:00:00 AM,0,0,0
08/19/2015 10:00:00 AM,10,3,7
08/26/2015 04:00:00 AM,0,0,0
08/25/2015 06:00:00 PM,42,31,11
08/05/2015 03:00:00 PM,15,15,0
08/29/2015 11:00:00 PM,4,1,3
08/05/2015 01:00:00 AM,0,0,0
08/09/2015 09:00:00 PM,0,0,0
08/01/2015 10:00:00 AM,15,7,8
08/20/2015 01:00:00 AM,0,0,0
08/21/2015 09:00:00 PM,10,7,3
08/31/2015 05:00:00 AM,7,0,7
08/22/2015 08:00:00 AM,6,1,5
08/30/2015 08:00:00 AM,4,2,2
08/02/2015 05:00:00 PM,6,0,6
08/10/2015 10:00:00 AM,12,3,9
08/14/2015 12:00:00 PM,14,5,9
08/03/2015 09:00:00 PM,4,3,1
08/29/2015 09:00:00 AM,6,2,4
08/17/2015 11:00:00 AM,18,2,16
08/12/2015 08:00:00 PM,15,12,3
08/31/2015 10:00:00 AM,6,1,5
08/02/2015 05:00:00 AM,0,0,0
08/17/2015 06:00:00 AM,11,1,10
08/02/2015 08:00:00 AM,23,7,16
08/04/2015 09:00:00 AM,26,5,21
08/05/2015 06:00:00 AM,13,1,12
08/04/2015 04:00:00 AM,2,0,2
08/31/2015 08:00:00 AM,32,3,29
08/30/2015 06:00:00 PM,19,13,6
08/15/2015 08:00:00 PM,4,2,2
08/30/2015 03:00:00 AM,0,0,0
08/27/2015 08:00:00 PM,19,9,10
08/31/2015 01:00:00 AM,0,0,0
08/08/2015 11:00:00 PM,2,2,0
08/13/2015 07:00:00 PM,23,14,9
08/08/2015 12:00:00 PM,16,5,11
08/28/2015 08:00:00 AM,21,3,18
08/13/2015 06:00:00 PM,45,28,17
08/13/2015 01:00:00 PM,12,5,7
08/12/2015 02:00:00 PM,11,4,7
08/17/2015 05:00:00 AM,2,0,2
08/12/2015 07:00:00 AM,20,5,15
08/22/2015 01:00:00 PM,29,18,11
08/20/2015 07:00:00 AM,16,2,14
08/18/2015 10:00:00 AM,18,8,10
08/04/2015 12:00:00 PM,4,1,3
08/02/2015 01:00:00 AM,2,2,0
08/01/2015 05:00:00 AM,2,0,2
08/03/2015 07:00:00 PM,29,19,10
08/09/2015 06:00:00 PM,14,6,8
08/31/2015 03:00:00 PM,9,6,3
08/29/2015 01:00:00 AM,0,0,0
08/18/2015 02:00:00 PM,13,11,2
08/13/2015 12:00:00 AM,3,1,2
08/27/2015 05:00:00 PM,42,30,12
08/01/2015 09:00:00 PM,6,5,1
08/11/2015 05:00:00 PM,51,37,14
08/25/2015 06:00:00 AM,19,1,18
08/26/2015 03:00:00 PM,9,6,3
08/20/2015 09:00:00 PM,9,4,5
08/09/2015 08:00:00 PM,8,2,6
08/20/2015 11:00:00 PM,2,2,0
08/07/2015 08:00:00 AM,23,1,22
08/06/2015 08:00:00 PM,9,4,5
08/10/2015 08:00:00 AM,32,4,28
08/10/2015 01:00:00 AM,0,0,0
08/29/2015 03:00:00 AM,0,0,0
08/06/2015 08:00:00 AM,36,6,30
08/08/2015 04:00:00 AM,0,0,0
08/28/2015 04:00:00 PM,26,13,13
08/20/2015 08:00:00 PM,9,5,4
08/29/2015 10:00:00 AM,16,9,7
08/09/2015 03:00:00 AM,0,0,0
08/21/2015 04:00:00 AM,0,0,0
08/17/2015 09:00:00 AM,14,3,11
08/20/2015 03:00:00 AM,0,0,0
08/22/2015 03:00:00 PM,16,8,8
08/09/2015 09:00:00 AM,10,3,7
08/29/2015 08:00:00 AM,11,5,6
08/26/2015 05:00:00 AM,6,0,6
08/30/2015 11:00:00 AM,11,3,8
08/26/2015 11:00:00 PM,0,0,0
08/09/2015 12:00:00 PM,10,7,3
08/30/2015 07:00:00 AM,3,0,3
08/11/2015 01:00:00 AM,0,0,0
08/26/2015 04:00:00 PM,20,12,8
08/22/2015 12:00:00 PM,24,12,12
08/22/2015 09:00:00 PM,1,1,0
08/18/2015 02:00:00 AM,0,0,0
08/10/2015 07:00:00 PM,20,15,5
08/24/2015 05:00:00 PM,48,36,12
08/07/2015 09:00:00 AM,26,9,17
08/27/2015 06:00:00 PM,44,36,8
08/27/2015 12:00:00 PM,12,4,8
08/13/2015 08:00:00 PM,13,9,4
08/24/2015 07:00:00 AM,29,8,21
08/13/2015 05:00:00 AM,3,0,3
08/17/2015 11:00:00 PM,3,2,1
08/06/2015 02:00:00 PM,17,10,7
08/27/2015 09:00:00 PM,3,2,1
08/05/2015 05:00:00 AM,2,0,2
08/22/2015 05:00:00 PM,6,3,3
08/04/2015 07:00:00 PM,15,12,3
08/20/2015 11:00:00 AM,12,4,8
08/11/2015 06:00:00 PM,37,28,9
08/15/2015 02:00:00 AM,0,0,0
08/09/2015 02:00:00 AM,0,0,0
08/23/2015 07:00:00 AM,6,1,5
08/20/2015 12:00:00 PM,6,4,2
08/06/2015 06:00:00 AM,13,1,12
08/02/2015 10:00:00 PM,2,0,2
08/21/2015 10:00:00 PM,6,4,2
08/14/2015 02:00:00 AM,0,0,0
08/11/2015 12:00:00 AM,2,2,0
08/16/2015 01:00:00 PM,19,17,2
08/02/2015 08:00:00 PM,16,6,10
08/03/2015 06:00:00 AM,16,0,16
08/18/2015 07:00:00 AM,26,2,24
08/26/2015 05:00:00 PM,49,37,12
08/24/2015 02:00:00 AM,0,0,0
08/16/2015 04:00:00 AM,0,0,0
08/26/2015 08:00:00 PM,8,8,0
08/07/2015 07:00:00 AM,14,0,14
08/24/2015 12:00:00 PM,12,4,8
08/31/2015 05:00:00 PM,15,12,3
08/01/2015 04:00:00 AM,0,0,0
08/26/2015 09:00:00 AM,14,4,10
08/20/2015 04:00:00 AM,1,0,1
08/20/2015 03:00:00 PM,12,10,2
08/16/2015 04:00:00 PM,11,6,5
08/22/2015 09:00:00 AM,10,5,5
08/24/2015 11:00:00 AM,19,13,6
08/08/2015 05:00:00 PM,11,6,5
08/17/2015 03:00:00 PM,12,11,1
08/08/2015 05:00:00 AM,0,0,0
08/08/2015 04:00:00 PM,4,3,1
08/29/2015 07:00:00 AM,4,2,2
08/29/2015 06:00:00 PM,19,3,16
08/25/2015 02:00:00 PM,5,3,2
08/24/2015 06:00:00 AM,19,0,19
08/07/2015 08:00:00 PM,2,2,0
08/07/2015 09:00:00 PM,3,0,3
08/26/2015 02:00:00 AM,0,0,0
08/20/2015 02:00:00 AM,0,0,0
08/29/2015 10:00:00 PM,0,0,0
08/06/2015 05:00:00 PM,45,41,4
08/21/2015 06:00:00 AM,11,0,11
08/08/2015 07:00:00 AM,4,0,4
08/22/2015 11:00:00 AM,22,8,14
08/18/2015 09:00:00 PM,7,4,3
08/17/2015 08:00:00 AM,38,1,37
08/04/2015 05:00:00 AM,2,0,2
08/21/2015 07:00:00 AM,18,5,13
08/17/2015 03:00:00 AM,0,0,0
08/18/2015 12:00:00 PM,9,5,4
08/15/2015 10:00:00 AM,9,2,7
08/02/2015 12:00:00 AM,3,3,0
08/23/2015 01:00:00 AM,0,0,0
08/15/2015 12:00:00 PM,4,3,1
08/06/2015 05:00:00 AM,6,0,6
08/14/2015 05:00:00 AM,4,0,4
08/22/2015 07:00:00 PM,8,8,0
08/04/2015 10:00:00 AM,22,8,14
08/14/2015 10:00:00 AM,5,1,4
08/02/2015 02:00:00 AM,0,0,0
08/09/2015 11:00:00 AM,5,4,1
08/23/2015 12:00:00 AM,0,0,0
08/13/2015 02:00:00 AM,0,0,0
08/15/2015 05:00:00 PM,12,10,2
08/01/2015 12:00:00 AM,1,1,0
08/21/2015 12:00:00 AM,1,1,0
08/04/2015 11:00:00 PM,1,1,0
08/02/2015 04:00:00 PM,9,6,3
08/01/2015 09:00:00 AM,28,13,15
08/30/2015 10:00:00 PM,2,1,1
08/11/2015 06:00:00 AM,16,2,14
08/05/2015 12:00:00 AM,1,1,0
08/12/2015 09:00:00 PM,4,4,0
08/30/2015 09:00:00 AM,7,0,7
08/11/2015 10:00:00 AM,20,3,17
08/28/2015 03:00:00 PM,22,14,8
08/09/2015 07:00:00 PM,11,5,6
08/12/2015 10:00:00 AM,21,2,19
08/15/2015 04:00:00 PM,13,6,7
08/21/2015 08:00:00 PM,9,3,6
08/08/2015 12:00:00 AM,9,1,8
08/17/2015 06:00:00 PM,33,26,7
08/13/2015 11:00:00 PM,2,2,0
08/14/2015 03:00:00 PM,7,5,2
08/21/2015 10:00:00 AM,8,3,5
08/30/2015 05:00:00 PM,13,6,7
08/23/2015 11:00:00 AM,19,12,7
08/03/2015 10:00:00 AM,13,5,8
08/16/2015 03:00:00 AM,0,0,0
08/28/2015 01:00:00 PM,13,3,10
08/22/2015 11:00:00 PM,3,0,3
08/18/2015 11:00:00 PM,0,0,0
08/04/2015 11:00:00 AM,17,7,10
08/27/2015 05:00:00 AM,4,0,4
08/16/2015 08:00:00 PM,12,9,3
08/21/2015 04:00:00 PM,14,11,3
08/12/2015 11:00:00 PM,4,4,0
08/19/2015 04:00:00 PM,26,16,10
08/30/2015 01:00:00 PM,20,5,15
08/08/2015 06:00:00 PM,8,4,4
08/30/2015 02:00:00 PM,14,4,10
08/16/2015 05:00:00 PM,15,5,10
08/15/2015 07:00:00 PM,1,1,0
08/24/2015 11:00:00 PM,0,0,0
08/30/2015 06:00:00 AM,2,0,2
08/16/2015 09:00:00 PM,0,0,0
08/25/2015 12:00:00 PM,8,1,7
08/09/2015 07:00:00 AM,2,0,2
08/18/2015 08:00:00 AM,32,4,28
08/10/2015 02:00:00 AM,2,0,2
08/27/2015 01:00:00 PM,15,7,8
08/19/2015 07:00:00 PM,22,14,8
08/30/2015 12:00:00 PM,13,3,10
08/19/2015 05:00:00 AM,8,1,7
08/20/2015 12:00:00 AM,0,0,0
08/29/2015 02:00:00 AM,0,0,0
08/16/2015 01:00:00 AM,0,0,0
08/01/2015 03:00:00 AM,0,0,0
08/16/2015 12:00:00 PM,24,9,15
08/19/2015 11:00:00 AM,19,6,13
08/12/2015 06:00:00 AM,20,4,16
08/28/2015 07:00:00 AM,12,0,12
08/15/2015 04:00:00 AM,1,0,1
08/27/2015 10:00:00 PM,1,1,0
08/22/2015 02:00:00 PM,25,11,14
08/18/2015 03:00:00 PM,15,10,5
08/05/2015 08:00:00 PM,10,9,1
08/15/2015 12:00:00 AM,0,0,0
08/12/2015 04:00:00 AM,1,0,1
08/08/2015 11:00:00 AM,14,7,7
08/12/2015 12:00:00 AM,2,2,0
08/05/2015 04:00:00 AM,0,0,0
08/11/2015 01:00:00 PM,12,8,4
08/15/2015 07:00:00 AM,5,2,3
08/09/2015 05:00:00 PM,9,4,5
08/18/2015 03:00:00 AM,0,0,0
08/21/2015 01:00:00 AM,0,0,0
08/14/2015 04:00:00 AM,1,0,1
08/17/2015 07:00:00 PM,21,13,8
08/21/2015 05:00:00 AM,3,0,3
08/18/2015 09:00:00 AM,34,11,23
08/19/2015 07:00:00 AM,21,6,15
08/25/2015 10:00:00 PM,9,2,7
08/17/2015 10:00:00 PM,0,0,0
08/05/2015 12:00:00 PM,7,3,4
08/08/2015 08:00:00 AM,7,4,3
08/28/2015 11:00:00 PM,1,1,0
08/04/2015 08:00:00 PM,13,8,5
08/05/2015 03:00:00 AM,0,0,0
08/20/2015 06:00:00 PM,34,23,11
08/24/2015 08:00:00 AM,26,3,23
08/23/2015 08:00:00 PM,2,2,0
08/06/2015 11:00:00 PM,1,1,0
08/15/2015 03:00:00 AM,0,0,0
08/18/2015 05:00:00 AM,5,0,5
08/04/2015 01:00:00 AM,0,0,0
08/11/2015 08:00:00 PM,11,9,2
08/31/2015 04:00:00 AM,2,0,2
08/10/2015 03:00:00 PM,9,5,4
08/02/2015 10:00:00 AM,19,8,11
08/02/2015 04:00:00 AM,0,0,0
08/01/2015 07:00:00 PM,8,6,2
08/17/2015 05:00:00 PM,26,25,1
08/03/2015 11:00:00 AM,9,1,8
08/22/2015 06:00:00 PM,6,4,2
08/15/2015 11:00:00 PM,2,0,2
08/12/2015 06:00:00 PM,41,25,16
08/19/2015 01:00:00 PM,4,4,0
08/27/2015 12:00:00 AM,1,1,0
08/23/2015 04:00:00 AM,0,0,0
08/22/2015 01:00:00 AM,0,0,0
08/14/2015 12:00:00 AM,1,1,0
08/13/2015 07:00:00 AM,42,3,39
08/05/2015 05:00:00 PM,38,30,8
08/13/2015 01:00:00 AM,2,2,0
08/29/2015 11:00:00 AM,11,6,5
08/31/2015 06:00:00 AM,11,0,11
08/26/2015 10:00:00 PM,6,4,2
08/16/2015 12:00:00 AM,1,1,0
08/04/2015 07:00:00 AM,33,1,32
08/06/2015 06:00:00 PM,29,22,7
08/25/2015 10:00:00 AM,16,5,11
08/02/2015 03:00:00 AM,0,0,0
08/05/2015 04:00:00 PM,33,22,11
08/31/2015 12:00:00 AM,3,3,0
08/19/2015 01:00:00 AM,1,1,0
08/17/2015 12:00:00 PM,15,3,12
08/15/2015 02:00:00 PM,14,7,7
08/05/2015 01:00:00 PM,14,4,10
08/31/2015 01:00:00 PM,11,6,5
08/04/2015 04:00:00 PM,21,18,3
08/21/2015 11:00:00 PM,1,1,0
08/19/2015 06:00:00 AM,17,4,13
08/25/2015 01:00:00 PM,5,3,2
08/15/2015 08:00:00 AM,2,0,2
08/13/2015 11:00:00 AM,23,9,14
08/19/2015 12:00:00 AM,3,2,1
08/25/2015 08:00:00 AM,23,2,21
08/13/2015 09:00:00 PM,11,5,6
08/05/2015 08:00:00 AM,48,10,38
08/30/2015 11:00:00 PM,1,1,0
08/13/2015 03:00:00 AM,0,0,0
08/29/2015 02:00:00 PM,14,2,12
08/20/2015 04:00:00 PM,22,16,6
08/06/2015 12:00:00 AM,2,2,0
08/03/2015 12:00:00 AM,3,1,2
08/24/2015 10:00:00 AM,24,7,17
08/13/2015 02:00:00 PM,12,6,6
08/28/2015 05:00:00 AM,5,0,5
08/17/2015 09:00:00 PM,7,3,4
08/24/2015 07:00:00 PM,16,13,3
08/06/2015 07:00:00 AM,30,2,28
08/01/2015 06:00:00 PM,3,3,0
08/17/2015 02:00:00 AM,0,0,0
08/16/2015 07:00:00 PM,12,2,10
08/26/2015 08:00:00 AM,26,4,22
08/18/2015 04:00:00 AM,0,0,0
08/27/2015 08:00:00 AM,36,3,33
08/18/2015 04:00:00 PM,30,20,10
08/21/2015 02:00:00 AM,0,0,0
08/03/2015 02:00:00 AM,0,0,0
08/10/2015 08:00:00 PM,15,6,9
08/01/2015 01:00:00 AM,0,0,0
08/15/2015 11:00:00 AM,12,8,4
08/14/2015 08:00:00 PM,3,3,0
08/08/2015 10:00:00 AM,8,2,6
08/28/2015 10:00:00 PM,4,1,3
08/29/2015 09:00:00 PM,0,0,0
08/24/2015 05:00:00 AM,2,0,2
08/28/2015 09:00:00 AM,18,5,13
08/30/2015 04:00:00 AM,0,0,0
08/17/2015 07:00:00 AM,26,5,21
08/09/2015 04:00:00 AM,0,0,0
08/31/2015 02:00:00 AM,0,0,0
08/14/2015 09:00:00 AM,24,2,22
08/10/2015 03:00:00 AM,0,0,0
08/30/2015 01:00:00 AM,0,0,0
08/25/2015 08:00:00 PM,15,9,6
08/10/2015 12:00:00 AM,2,2,0
08/09/2015 12:00:00 AM,1,1,0
08/04/2015 06:00:00 AM,20,2,18
08/12/2015 05:00:00 PM,32,25,7
08/16/2015 02:00:00 PM,22,16,6
08/11/2015 07:00:00 PM,17,7,10
08/28/2015 02:00:00 AM,0,0,0
08/24/2015 09:00:00 AM,21,8,13
08/26/2015 06:00:00 AM,15,3,12
08/02/2015 02:00:00 PM,14,13,1
08/28/2015 04:00:00 AM,0,0,0
08/12/2015 09:00:00 AM,23,10,13
08/25/2015 12:00:00 AM,1,1,0
08/01/2015 05:00:00 PM,7,3,4
08/25/2015 11:00:00 PM,5,5,0
08/15/2015 01:00:00 AM,0,0,0
08/13/2015 08:00:00 AM,34,5,29
08/10/2015 05:00:00 PM,41,37,4
08/06/2015 11:00:00 AM,8,1,7
08/18/2015 06:00:00 PM,33,27,6
08/16/2015 05:00:00 AM,0,0,0
08/14/2015 03:00:00 AM,0,0,0
08/07/2015 05:00:00 AM,3,0,3
08/03/2015 04:00:00 AM,1,0,1
08/30/2015 02:00:00 AM,0,0,0
08/15/2015 05:00:00 AM,0,0,0
08/30/2015 08:00:00 PM,6,4,2
08/31/2015 11:00:00 AM,11,2,9
08/23/2015 05:00:00 PM,27,14,13
08/05/2015 07:00:00 AM,22,2,20
08/26/2015 03:00:00 AM,0,0,0
08/25/2015 04:00:00 PM,29,17,12
08/23/2015 01:00:00 PM,20,10,10
08/07/2015 01:00:00 PM,21,5,16
08/04/2015 02:00:00 AM,0,0,0
08/07/2015 02:00:00 PM,28,13,15
08/09/2015 01:00:00 PM,30,17,13
08/31/2015 09:00:00 AM,17,3,14
08/10/2015 04:00:00 AM,1,0,1
08/24/2015 03:00:00 PM,19,8,11
08/14/2015 04:00:00 PM,5,4,1
08/03/2015 12:00:00 PM,11,5,6
08/27/2015 04:00:00 AM,2,0,2
08/12/2015 11:00:00 AM,7,3,4
08/19/2015 09:00:00 AM,19,5,14
08/01/2015 02:00:00 AM,0,0,0
08/30/2015 03:00:00 PM,19,8,11
08/16/2015 03:00:00 PM,24,7,17
08/08/2015 07:00:00 PM,5,4,1
08/14/2015 11:00:00 PM,3,3,0
08/19/2015 12:00:00 PM,16,10,6
08/24/2015 06:00:00 PM,38,26,12
08/01/2015 08:00:00 PM,9,6,3
08/11/2015 12:00:00 PM,12,5,7
08/17/2015 01:00:00 PM,6,4,2
08/04/2015 02:00:00 PM,18,11,7
08/03/2015 02:00:00 PM,10,6,4
08/26/2015 11:00:00 AM,11,2,9
08/20/2015 09:00:00 AM,14,2,12
08/14/2015 06:00:00 AM,10,1,9
08/22/2015 04:00:00 AM,0,0,0
08/02/2015 09:00:00 AM,16,3,13
08/15/2015 06:00:00 PM,8,3,5
08/14/2015 07:00:00 PM,10,6,4
08/21/2015 09:00:00 AM,16,4,12
08/08/2015 03:00:00 AM,0,0,0
08/18/2015 11:00:00 AM,19,9,10
08/24/2015 02:00:00 PM,17,10,7
08/09/2015 02:00:00 PM,15,9,6
08/04/2015 10:00:00 PM,7,3,4
08/30/2015 10:00:00 AM,5,2,3
08/10/2015 09:00:00 PM,3,3,0
08/07/2015 03:00:00 AM,0,0,0
08/28/2015 12:00:00 AM,1,1,0
08/06/2015 02:00:00 AM,0,0,0
08/29/2015 06:00:00 AM,1,0,1
08/23/2015 10:00:00 AM,17,4,13
08/07/2015 11:00:00 AM,28,13,15
08/25/2015 02:00:00 AM,0,0,0
08/05/2015 09:00:00 PM,3,3,0
08/12/2015 10:00:00 PM,1,0,1
08/07/2015 12:00:00 PM,24,3,21
08/08/2015 09:00:00 PM,7,7,0
08/13/2015 09:00:00 AM,15,4,11
08/29/2015 03:00:00 PM,13,5,8
08/13/2015 06:00:00 AM,22,4,18
08/10/2015 02:00:00 PM,7,2,5
08/14/2015 10:00:00 PM,1,1,0
08/22/2015 04:00:00 PM,18,10,8
08/18/2015 08:00:00 PM,19,14,5
08/06/2015 04:00:00 PM,28,20,8
08/27/2015 01:00:00 AM,0,0,0
08/07/2015 11:00:00 PM,1,1,0
08/17/2015 10:00:00 AM,17,4,13
08/15/2015 01:00:00 PM,14,6,8
08/23/2015 06:00:00 AM,6,1,5
08/02/2015 09:00:00 PM,3,1,2
08/25/2015 01:00:00 AM,0,0,0
08/26/2015 10:00:00 AM,11,2,9
08/16/2015 10:00:00 AM,22,6,16
08/11/2015 09:00:00 AM,35,9,26
08/13/2015 05:00:00 PM,43,28,15
08/13/2015 04:00:00 PM,24,21,3
08/01/2015 11:00:00 PM,3,3,0
08/27/2015 10:00:00 AM,20,5,15
08/23/2015 04:00:00 PM,10,8,2
08/03/2015 06:00:00 PM,28,21,7
08/09/2015 08:00:00 AM,11,5,6
08/04/2015 05:00:00 PM,36,33,3
08/07/2015 03:00:00 PM,15,9,6
08/06/2015 09:00:00 AM,17,1,16
08/30/2015 04:00:00 PM,12,4,8
08/06/2015 10:00:00 AM,8,0,8
08/07/2015 02:00:00 AM,0,0,0
08/09/2015 10:00:00 AM,13,6,7
08/06/2015 07:00:00 PM,38,37,1
08/29/2015 08:00:00 PM,3,2,1
08/28/2015 02:00:00 PM,11,3,8
08/22/2015 08:00:00 PM,4,4,0
08/27/2015 11:00:00 PM,0,0,0
09/28/2015 02:00:00 AM,0,0,0
09/26/2015 12:00:00 PM,14,11,3
09/06/2015 06:00:00 PM,9,6,3
09/28/2015 07:00:00 AM,20,1,19
09/02/2015 11:00:00 PM,3,3,0
09/20/2015 12:00:00 AM,1,1,0
09/11/2015 05:00:00 PM,50,32,18
09/18/2015 02:00:00 AM,0,0,0
09/11/2015 02:00:00 AM,0,0,0
09/03/2015 01:00:00 PM,11,6,5
09/22/2015 10:00:00 PM,2,2,0
09/02/2015 10:00:00 AM,30,12,18
09/22/2015 11:00:00 AM,13,5,8
09/29/2015 08:00:00 AM,33,5,28
09/12/2015 09:00:00 PM,12,7,5
09/30/2015 02:00:00 AM,0,0,0
09/12/2015 08:00:00 AM,5,3,2
09/15/2015 06:00:00 PM,32,28,4
09/30/2015 12:00:00 AM,1,1,0
09/08/2015 06:00:00 AM,10,1,9
09/08/2015 09:00:00 AM,17,2,15
09/23/2015 05:00:00 AM,2,0,2
09/13/2015 01:00:00 AM,0,0,0
09/17/2015 10:00:00 PM,0,0,0
09/11/2015 12:00:00 PM,25,9,16
09/26/2015 10:00:00 PM,1,1,0
09/10/2015 01:00:00 PM,10,3,7
09/11/2015 06:00:00 PM,35,28,7
09/22/2015 01:00:00 PM,6,3,3
09/21/2015 08:00:00 AM,42,4,38
09/03/2015 04:00:00 PM,11,9,2
09/11/2015 11:00:00 AM,14,3,11
09/28/2015 05:00:00 AM,1,0,1
09/05/2015 01:00:00 AM,0,0,0
09/12/2015 11:00:00 PM,0,0,0
09/04/2015 01:00:00 AM,0,0,0
09/01/2015 03:00:00 PM,6,3,3
09/12/2015 01:00:00 AM,0,0,0
09/29/2015 11:00:00 AM,14,0,14
09/16/2015 10:00:00 PM,1,1,0
09/16/2015 04:00:00 AM,0,0,0
09/22/2015 02:00:00 AM,0,0,0
09/14/2015 09:00:00 AM,18,0,18
09/10/2015 04:00:00 PM,22,14,8
09/20/2015 08:00:00 PM,5,3,2
09/16/2015 09:00:00 AM,11,1,10
09/02/2015 04:00:00 AM,1,0,1
09/25/2015 12:00:00 AM,1,1,0
09/23/2015 04:00:00 PM,28,16,12
09/15/2015 05:00:00 AM,3,0,3
09/25/2015 10:00:00 PM,4,2,2
09/04/2015 07:00:00 PM,11,9,2
09/14/2015 08:00:00 PM,7,5,2
09/01/2015 04:00:00 PM,29,18,11
09/13/2015 05:00:00 PM,18,12,6
09/29/2015 07:00:00 AM,26,4,22
09/08/2015 12:00:00 AM,1,1,0
09/29/2015 02:00:00 PM,19,9,10
09/29/2015 01:00:00 AM,0,0,0
09/10/2015 05:00:00 PM,40,27,13
09/23/2015 11:00:00 AM,15,2,13
09/22/2015 08:00:00 AM,26,4,22
09/30/2015 03:00:00 AM,0,0,0
09/22/2015 03:00:00 AM,0,0,0
09/18/2015 01:00:00 PM,10,6,4
09/09/2015 04:00:00 PM,18,12,6
09/28/2015 09:00:00 PM,3,3,0
09/11/2015 01:00:00 PM,15,7,8
09/06/2015 08:00:00 PM,4,1,3
09/08/2015 08:00:00 PM,19,13,6
09/15/2015 10:00:00 PM,4,3,1
09/12/2015 06:00:00 PM,6,6,0
09/16/2015 02:00:00 PM,10,3,7
09/16/2015 06:00:00 PM,23,18,5
09/21/2015 12:00:00 AM,0,0,0
09/09/2015 03:00:00 PM,24,12,12
09/29/2015 07:00:00 PM,16,14,2
09/20/2015 05:00:00 AM,0,0,0
09/15/2015 09:00:00 AM,20,4,16
09/26/2015 07:00:00 AM,9,3,6
09/21/2015 12:00:00 PM,10,4,6
09/04/2015 11:00:00 PM,3,3,0
09/11/2015 12:00:00 AM,0,0,0
09/27/2015 05:00:00 AM,2,0,2
09/23/2015 08:00:00 PM,11,4,7
09/19/2015 08:00:00 AM,4,3,1
09/16/2015 04:00:00 PM,13,10,3
09/28/2015 06:00:00 PM,31,30,1
09/18/2015 05:00:00 AM,1,0,1
09/03/2015 08:00:00 PM,8,4,4
09/19/2015 10:00:00 PM,1,1,0
09/12/2015 10:00:00 PM,2,0,2
09/20/2015 11:00:00 PM,2,0,2
09/12/2015 03:00:00 PM,14,4,10
09/06/2015 08:00:00 AM,5,1,4
09/13/2015 08:00:00 AM,7,4,3
09/15/2015 11:00:00 PM,1,1,0
09/18/2015 08:00:00 PM,9,4,5
09/27/2015 12:00:00 AM,1,1,0
09/21/2015 11:00:00 PM,3,1,2
09/15/2015 11:00:00 AM,11,3,8
09/20/2015 03:00:00 PM,11,5,6
09/27/2015 01:00:00 AM,0,0,0
09/14/2015 02:00:00 PM,14,5,9
09/20/2015 01:00:00 PM,10,4,6
09/23/2015 06:00:00 AM,12,2,10
09/06/2015 05:00:00 AM,0,0,0
09/05/2015 01:00:00 PM,22,9,13
09/28/2015 07:00:00 PM,13,11,2
09/24/2015 01:00:00 AM,0,0,0
09/01/2015 09:00:00 PM,6,2,4
09/11/2015 05:00:00 AM,0,0,0
09/13/2015 03:00:00 PM,12,8,4
09/19/2015 08:00:00 PM,3,3,0
09/09/2015 12:00:00 PM,16,5,11
09/28/2015 11:00:00 AM,4,0,4
09/16/2015 01:00:00 AM,0,0,0
09/05/2015 02:00:00 PM,17,13,4
09/11/2015 03:00:00 PM,17,13,4
09/04/2015 06:00:00 PM,31,22,9
09/05/2015 04:00:00 PM,15,11,4
09/14/2015 06:00:00 AM,12,2,10
09/03/2015 11:00:00 AM,16,9,7
09/19/2015 01:00:00 AM,1,1,0
09/22/2015 09:00:00 PM,4,4,0
09/07/2015 08:00:00 PM,4,2,2
09/13/2015 10:00:00 AM,4,3,1
09/07/2015 08:00:00 AM,5,2,3
09/27/2015 08:00:00 PM,5,2,3
09/10/2015 06:00:00 PM,37,30,7
09/24/2015 12:00:00 PM,12,5,7
09/10/2015 03:00:00 AM,0,0,0
09/25/2015 11:00:00 PM,2,2,0
09/08/2015 08:00:00 AM,29,3,26
09/23/2015 09:00:00 PM,3,3,0
09/10/2015 02:00:00 PM,9,7,2
09/01/2015 02:00:00 AM,0,0,0
09/17/2015 05:00:00 AM,1,0,1
09/13/2015 02:00:00 AM,0,0,0
09/12/2015 08:00:00 PM,4,4,0
09/16/2015 03:00:00 AM,0,0,0
09/02/2015 09:00:00 PM,3,3,0
09/30/2015 01:00:00 AM,0,0,0
09/17/2015 06:00:00 PM,22,17,5
09/25/2015 09:00:00 PM,1,1,0
09/25/2015 07:00:00 PM,7,7,0
09/09/2015 10:00:00 AM,13,2,11
09/15/2015 03:00:00 PM,15,9,6
09/06/2015 10:00:00 AM,2,2,0
09/26/2015 11:00:00 AM,12,2,10
09/09/2015 04:00:00 AM,2,0,2
09/12/2015 04:00:00 PM,21,11,10
09/28/2015 05:00:00 PM,42,36,6
09/29/2015 05:00:00 AM,3,0,3
09/13/2015 04:00:00 PM,9,4,5
09/26/2015 02:00:00 PM,14,8,6
09/09/2015 07:00:00 PM,31,26,5
09/05/2015 12:00:00 PM,12,8,4
09/20/2015 03:00:00 AM,0,0,0
09/18/2015 09:00:00 AM,26,7,19
09/18/2015 06:00:00 PM,23,18,5
09/15/2015 04:00:00 AM,1,0,1
09/14/2015 05:00:00 AM,1,0,1
09/04/2015 04:00:00 PM,19,12,7
09/16/2015 11:00:00 AM,13,3,10
09/01/2015 09:00:00 AM,14,3,11
09/17/2015 01:00:00 PM,11,4,7
09/25/2015 12:00:00 PM,10,2,8
09/20/2015 06:00:00 AM,0,0,0
09/18/2015 04:00:00 AM,1,0,1
09/08/2015 06:00:00 PM,47,39,8
09/17/2015 07:00:00 AM,27,7,20
09/28/2015 12:00:00 PM,11,6,5
09/20/2015 09:00:00 AM,5,1,4
09/11/2015 11:00:00 PM,3,0,3
09/09/2015 06:00:00 AM,9,0,9
09/15/2015 02:00:00 PM,19,12,7
09/16/2015 11:00:00 PM,1,1,0
09/23/2015 03:00:00 PM,21,8,13
09/28/2015 03:00:00 PM,14,8,6
09/07/2015 12:00:00 AM,1,1,0
09/03/2015 09:00:00 AM,11,1,10
09/12/2015 05:00:00 AM,1,1,0
09/10/2015 10:00:00 AM,16,6,10
09/21/2015 06:00:00 PM,33,22,11
09/01/2015 11:00:00 AM,13,2,11
09/27/2015 05:00:00 PM,16,6,10
09/15/2015 07:00:00 AM,23,3,20
09/26/2015 01:00:00 PM,19,7,12
09/07/2015 07:00:00 PM,7,4,3
09/14/2015 10:00:00 PM,0,0,0
09/17/2015 03:00:00 PM,17,8,9
09/15/2015 05:00:00 PM,42,36,6
09/21/2015 09:00:00 AM,24,6,18
09/19/2015 04:00:00 PM,17,8,9
09/27/2015 06:00:00 PM,9,8,1
09/23/2015 09:00:00 AM,37,10,27
09/06/2015 12:00:00 AM,1,1,0
09/24/2015 09:00:00 AM,30,5,25
09/14/2015 07:00:00 PM,8,7,1
09/03/2015 08:00:00 AM,18,2,16
09/26/2015 04:00:00 PM,13,8,5
09/12/2015 12:00:00 PM,20,9,11
09/28/2015 03:00:00 AM,1,0,1
09/23/2015 02:00:00 PM,8,5,3
09/19/2015 12:00:00 PM,22,9,13
09/20/2015 07:00:00 AM,0,0,0
09/09/2015 11:00:00 PM,3,1,2
09/07/2015 09:00:00 PM,2,2,0
09/08/2015 04:00:00 PM,31,18,13
09/13/2015 07:00:00 AM,0,0,0
09/24/2015 01:00:00 PM,8,4,4
09/07/2015 06:00:00 PM,13,4,9
09/14/2015 04:00:00 PM,33,15,18
09/01/2015 06:00:00 PM,23,19,4
09/21/2015 01:00:00 PM,7,4,3
09/30/2015 08:00:00 PM,3,2,1
09/13/2015 02:00:00 PM,18,10,8
09/14/2015 11:00:00 PM,4,1,3
09/01/2015 08:00:00 AM,36,2,34
09/16/2015 07:00:00 PM,23,19,4
09/25/2015 07:00:00 AM,15,3,12
09/08/2015 09:00:00 PM,4,2,2
09/26/2015 09:00:00 AM,16,4,12
09/06/2015 03:00:00 PM,2,0,2
09/08/2015 11:00:00 AM,7,1,6
09/09/2015 06:00:00 PM,48,34,14
09/08/2015 07:00:00 AM,25,2,23
09/05/2015 05:00:00 AM,0,0,0
09/11/2015 04:00:00 AM,1,0,1
09/25/2015 11:00:00 AM,8,3,5
09/03/2015 12:00:00 PM,18,6,12
09/11/2015 10:00:00 PM,1,1,0
09/02/2015 03:00:00 PM,15,10,5
09/07/2015 03:00:00 PM,40,29,11
09/14/2015 05:00:00 PM,40,31,9
09/17/2015 06:00:00 AM,10,1,9
09/07/2015 05:00:00 PM,32,24,8
09/23/2015 05:00:00 PM,56,47,9
09/02/2015 03:00:00 AM,0,0,0
09/14/2015 08:00:00 AM,25,2,23
09/30/2015 01:00:00 PM,13,7,6
09/18/2015 05:00:00 PM,29,24,5
09/14/2015 12:00:00 AM,1,1,0
09/17/2015 02:00:00 PM,7,6,1
09/05/2015 11:00:00 PM,0,0,0
09/15/2015 07:00:00 PM,21,13,8
09/22/2015 10:00:00 AM,8,4,4
09/22/2015 03:00:00 PM,14,7,7
09/29/2015 12:00:00 PM,12,6,6
09/09/2015 05:00:00 AM,2,0,2
09/27/2015 02:00:00 AM,0,0,0
09/29/2015 09:00:00 PM,3,3,0
09/21/2015 01:00:00 AM,0,0,0
09/05/2015 04:00:00 AM,0,0,0
09/28/2015 09:00:00 AM,25,2,23
09/20/2015 01:00:00 AM,0,0,0
09/03/2015 10:00:00 PM,1,1,0
09/05/2015 02:00:00 AM,0,0,0
09/30/2015 09:00:00 PM,9,5,4
09/21/2015 06:00:00 AM,16,0,16
09/30/2015 11:00:00 PM,1,1,0
09/12/2015 02:00:00 AM,0,0,0
09/11/2015 07:00:00 PM,70,42,28
09/09/2015 07:00:00 AM,35,2,33
09/16/2015 12:00:00 AM,1,1,0
09/16/2015 06:00:00 AM,12,4,8
09/26/2015 07:00:00 PM,11,7,4
09/22/2015 02:00:00 PM,9,6,3
09/12/2015 10:00:00 AM,22,2,20
09/19/2015 03:00:00 AM,0,0,0
09/27/2015 11:00:00 PM,2,2,0
09/07/2015 10:00:00 PM,7,1,6
09/20/2015 02:00:00 PM,10,7,3
09/07/2015 02:00:00 PM,26,9,17
09/04/2015 09:00:00 PM,4,4,0
09/11/2015 06:00:00 AM,13,2,11
09/05/2015 06:00:00 AM,3,0,3
09/19/2015 06:00:00 PM,13,9,4
09/06/2015 04:00:00 PM,8,6,2
09/02/2015 08:00:00 PM,11,8,3
09/13/2015 06:00:00 PM,3,1,2
09/26/2015 06:00:00 AM,3,1,2
09/16/2015 01:00:00 PM,13,6,7
09/28/2015 08:00:00 PM,8,5,3
09/02/2015 02:00:00 PM,13,7,6
09/27/2015 12:00:00 PM,24,10,14
09/30/2015 10:00:00 AM,11,2,9
09/12/2015 09:00:00 AM,30,10,20
09/26/2015 03:00:00 PM,16,9,7
09/28/2015 06:00:00 AM,19,3,16
09/02/2015 08:00:00 AM,32,2,30
09/13/2015 11:00:00 AM,6,4,2
09/23/2015 04:00:00 AM,1,0,1
09/28/2015 11:00:00 PM,1,1,0
09/25/2015 01:00:00 AM,0,0,0
09/11/2015 10:00:00 AM,13,3,10
09/09/2015 02:00:00 AM,0,0,0
09/26/2015 05:00:00 PM,10,8,2
09/03/2015 07:00:00 PM,22,13,9
09/21/2015 03:00:00 PM,18,14,4
09/18/2015 10:00:00 AM,12,3,9
09/16/2015 12:00:00 PM,3,2,1
09/02/2015 09:00:00 AM,21,10,11
09/10/2015 07:00:00 PM,22,18,4
09/23/2015 12:00:00 PM,18,9,9
09/09/2015 10:00:00 PM,3,1,2
09/22/2015 12:00:00 AM,1,1,0
09/25/2015 04:00:00 AM,1,0,1
09/17/2015 07:00:00 PM,9,9,0
09/24/2015 10:00:00 AM,14,3,11
09/08/2015 11:00:00 PM,0,0,0
09/04/2015 04:00:00 AM,3,0,3
09/05/2015 10:00:00 PM,0,0,0
09/02/2015 01:00:00 AM,0,0,0
09/17/2015 11:00:00 PM,0,0,0
09/12/2015 04:00:00 AM,1,0,1
09/17/2015 08:00:00 PM,6,5,1
09/01/2015 06:00:00 AM,17,4,13
09/25/2015 10:00:00 AM,9,1,8
09/09/2015 02:00:00 PM,22,13,9
09/14/2015 11:00:00 AM,9,3,6
09/23/2015 07:00:00 AM,33,6,27
09/27/2015 09:00:00 PM,5,3,2
09/14/2015 01:00:00 AM,0,0,0
09/28/2015 01:00:00 PM,5,2,3
09/23/2015 01:00:00 AM,0,0,0
09/08/2015 10:00:00 AM,18,5,13
09/18/2015 07:00:00 AM,20,3,17
09/04/2015 02:00:00 AM,0,0,0
09/29/2015 04:00:00 PM,37,26,11
09/25/2015 04:00:00 PM,22,17,5
09/28/2015 10:00:00 PM,3,3,0
09/27/2015 02:00:00 PM,13,0,13
09/22/2015 09:00:00 AM,29,3,26
09/12/2015 06:00:00 AM,5,0,5
09/18/2015 08:00:00 AM,30,3,27
09/13/2015 07:00:00 PM,5,1,4
09/30/2015 11:00:00 AM,13,3,10
09/27/2015 03:00:00 PM,23,12,11
09/25/2015 06:00:00 AM,18,4,14
09/01/2015 07:00:00 PM,16,14,2
09/01/2015 01:00:00 PM,12,7,5
09/16/2015 02:00:00 AM,0,0,0
09/20/2015 04:00:00 PM,20,10,10
09/03/2015 05:00:00 AM,5,1,4
09/19/2015 05:00:00 AM,0,0,0
09/07/2015 05:00:00 AM,0,0,0
09/28/2015 12:00:00 AM,2,2,0
09/05/2015 06:00:00 PM,9,4,5
09/26/2015 12:00:00 AM,1,1,0
09/08/2015 05:00:00 PM,40,27,13
09/06/2015 02:00:00 PM,6,2,4
09/04/2015 03:00:00 PM,25,11,14
09/30/2015 08:00:00 AM,45,4,41
09/17/2015 09:00:00 AM,22,6,16
09/23/2015 08:00:00 AM,42,6,36
09/20/2015 12:00:00 PM,24,8,16
09/12/2015 07:00:00 AM,4,1,3
09/01/2015 02:00:00 PM,15,12,3
09/07/2015 11:00:00 PM,0,0,0
09/19/2015 09:00:00 PM,6,2,4
09/02/2015 04:00:00 PM,29,22,7
09/05/2015 03:00:00 AM,2,0,2
09/10/2015 12:00:00 AM,5,3,2
09/03/2015 05:00:00 PM,30,23,7
09/03/2015 06:00:00 PM,34,25,9
09/11/2015 09:00:00 AM,23,6,17
09/24/2015 02:00:00 AM,0,0,0
09/10/2015 11:00:00 PM,2,2,0
09/15/2015 08:00:00 PM,16,7,9
09/20/2015 02:00:00 AM,0,0,0
09/24/2015 08:00:00 AM,33,5,28
09/21/2015 07:00:00 PM,10,10,0
09/19/2015 02:00:00 AM,0,0,0
09/05/2015 08:00:00 PM,1,1,0
09/19/2015 07:00:00 AM,2,2,0
09/05/2015 08:00:00 AM,6,2,4
09/26/2015 09:00:00 PM,8,4,4
09/12/2015 11:00:00 AM,22,13,9
09/11/2015 07:00:00 AM,28,8,20
09/09/2015 03:00:00 AM,0,0,0
09/14/2015 09:00:00 PM,3,2,1
09/19/2015 02:00:00 PM,17,5,12
09/29/2015 06:00:00 AM,19,2,17
09/23/2015 10:00:00 AM,12,3,9
09/27/2015 10:00:00 AM,7,3,4
09/21/2015 10:00:00 AM,9,2,7
09/01/2015 05:00:00 PM,33,28,5
09/08/2015 04:00:00 AM,1,0,1
09/27/2015 03:00:00 AM,0,0,0
09/19/2015 09:00:00 AM,13,5,8
09/21/2015 08:00:00 PM,1,1,0
09/17/2015 05:00:00 PM,32,28,4
09/27/2015 01:00:00 PM,56,26,30
09/25/2015 08:00:00 PM,8,6,2
09/04/2015 12:00:00 PM,14,7,7
09/26/2015 05:00:00 AM,0,0,0
09/07/2015 09:00:00 AM,14,3,11
09/03/2015 07:00:00 AM,16,6,10
09/09/2015 09:00:00 PM,4,1,3
09/27/2015 07:00:00 PM,2,1,1
09/16/2015 10:00:00 AM,20,4,16
09/25/2015 02:00:00 AM,0,0,0
09/15/2015 06:00:00 AM,7,1,6
09/29/2015 12:00:00 AM,0,0,0
09/06/2015 11:00:00 AM,2,2,0
09/16/2015 05:00:00 PM,40,36,4
09/15/2015 09:00:00 PM,1,1,0
09/11/2015 08:00:00 AM,23,3,20
09/18/2015 12:00:00 PM,17,4,13
09/13/2015 01:00:00 PM,4,0,4
09/05/2015 07:00:00 PM,4,2,2
09/04/2015 08:00:00 PM,12,7,5
09/05/2015 12:00:00 AM,0,0,0
09/18/2015 01:00:00 AM,0,0,0
09/17/2015 10:00:00 AM,15,3,12
09/10/2015 07:00:00 AM,21,1,20
09/24/2015 05:00:00 AM,3,0,3
09/26/2015 02:00:00 AM,0,0,0
09/28/2015 02:00:00 PM,11,6,5
09/13/2015 04:00:00 AM,0,0,0
09/05/2015 09:00:00 PM,3,1,2
09/24/2015 05:00:00 PM,47,37,10
09/07/2015 11:00:00 AM,6,4,2
09/13/2015 10:00:00 PM,0,0,0
09/11/2015 04:00:00 PM,27,23,4
09/03/2015 03:00:00 AM,0,0,0
09/06/2015 09:00:00 AM,5,3,2
09/21/2015 04:00:00 PM,22,17,5
09/18/2015 09:00:00 PM,0,0,0
09/09/2015 08:00:00 AM,37,4,33
09/02/2015 07:00:00 PM,15,13,2
09/07/2015 06:00:00 AM,5,0,5
09/15/2015 01:00:00 PM,22,16,6
09/04/2015 10:00:00 PM,5,3,2
09/19/2015 06:00:00 AM,2,0,2
09/25/2015 06:00:00 PM,11,7,4
09/27/2015 04:00:00 PM,9,6,3
09/10/2015 02:00:00 AM,0,0,0
09/22/2015 04:00:00 PM,30,24,6
09/14/2015 10:00:00 AM,18,2,16
09/21/2015 04:00:00 AM,1,0,1
09/01/2015 08:00:00 PM,9,6,3
09/30/2015 06:00:00 PM,36,32,4
09/29/2015 08:00:00 PM,4,3,1
09/25/2015 02:00:00 PM,13,8,5
09/10/2015 05:00:00 AM,2,0,2
09/03/2015 09:00:00 PM,4,4,0
09/26/2015 06:00:00 PM,17,11,6
09/01/2015 04:00:00 AM,1,0,1
09/13/2015 11:00:00 PM,0,0,0
09/01/2015 05:00:00 AM,4,0,4
09/02/2015 11:00:00 AM,17,5,12
09/27/2015 08:00:00 AM,3,2,1
09/04/2015 06:00:00 AM,12,1,11
09/24/2015 07:00:00 PM,20,17,3
09/02/2015 10:00:00 PM,6,2,4
09/11/2015 09:00:00 PM,7,5,2
09/09/2015 08:00:00 PM,10,7,3
09/10/2015 12:00:00 PM,8,4,4
09/12/2015 05:00:00 PM,19,11,8
09/01/2015 03:00:00 AM,0,0,0
09/11/2015 02:00:00 PM,10,3,7
09/04/2015 09:00:00 AM,12,0,12
09/01/2015 01:00:00 AM,0,0,0
09/30/2015 05:00:00 PM,38,25,13
09/14/2015 03:00:00 AM,2,0,2
09/01/2015 10:00:00 AM,12,6,6
09/17/2015 04:00:00 PM,11,8,3
09/05/2015 05:00:00 PM,4,3,1
09/22/2015 01:00:00 AM,0,0,0
09/28/2015 04:00:00 AM,1,0,1
09/08/2015 01:00:00 PM,17,4,13
09/06/2015 10:00:00 PM,0,0,0
09/17/2015 03:00:00 AM,0,0,0
09/03/2015 10:00:00 AM,8,1,7
09/13/2015 12:00:00 PM,2,2,0
09/17/2015 01:00:00 AM,2,0,2
09/26/2015 10:00:00 AM,4,2,2
09/19/2015 07:00:00 PM,6,6,0
09/19/2015 11:00:00 PM,6,0,6
09/06/2015 04:00:00 AM,0,0,0
09/30/2015 03:00:00 PM,12,5,7
09/12/2015 01:00:00 PM,17,9,8
09/25/2015 01:00:00 PM,9,4,5
09/27/2015 04:00:00 AM,0,0,0
09/09/2015 01:00:00 AM,0,0,0
09/13/2015 08:00:00 PM,8,6,2
09/19/2015 11:00:00 AM,15,4,11
09/15/2015 01:00:00 AM,0,0,0
09/02/2015 01:00:00 PM,7,3,4
09/21/2015 02:00:00 AM,0,0,0
09/22/2015 07:00:00 PM,12,10,2
09/03/2015 02:00:00 AM,0,0,0
09/14/2015 04:00:00 AM,2,0,2
09/24/2015 04:00:00 PM,30,20,10
09/13/2015 03:00:00 AM,0,0,0
09/21/2015 07:00:00 AM,13,3,10
09/05/2015 03:00:00 PM,15,14,1
09/08/2015 02:00:00 AM,0,0,0
09/10/2015 06:00:00 AM,13,0,13
09/10/2015 11:00:00 AM,11,5,6
09/15/2015 12:00:00 AM,2,2,0
09/06/2015 07:00:00 PM,3,3,0
09/29/2015 03:00:00 PM,18,14,4
09/04/2015 05:00:00 AM,0,0,0
09/30/2015 02:00:00 PM,12,3,9
09/07/2015 04:00:00 PM,15,9,6
09/14/2015 06:00:00 PM,24,23,1
09/03/2015 01:00:00 AM,0,0,0
09/30/2015 04:00:00 PM,22,16,6
09/20/2015 08:00:00 AM,5,2,3
09/23/2015 07:00:00 PM,21,18,3
09/09/2015 09:00:00 AM,28,5,23
09/24/2015 03:00:00 PM,13,9,4
09/13/2015 09:00:00 PM,4,0,4
09/04/2015 10:00:00 AM,8,2,6
09/14/2015 07:00:00 AM,15,2,13
09/02/2015 02:00:00 AM,0,0,0
09/29/2015 04:00:00 AM,0,0,0
09/17/2015 02:00:00 AM,0,0,0
09/30/2015 07:00:00 AM,32,7,25
09/29/2015 01:00:00 PM,21,10,11
09/07/2015 01:00:00 PM,28,7,21
09/24/2015 06:00:00 AM,13,1,12
09/06/2015 09:00:00 PM,4,2,2
09/21/2015 11:00:00 AM,8,5,3
09/02/2015 12:00:00 AM,1,1,0
09/30/2015 10:00:00 PM,4,4,0
09/23/2015 02:00:00 AM,0,0,0
09/17/2015 04:00:00 AM,3,0,3
09/06/2015 07:00:00 AM,3,0,3
09/07/2015 01:00:00 AM,0,0,0
09/18/2015 11:00:00 AM,7,2,5
09/20/2015 10:00:00 PM,2,0,2
09/06/2015 11:00:00 PM,0,0,0
09/22/2015 05:00:00 AM,3,0,3
09/07/2015 12:00:00 PM,14,9,5
09/10/2015 03:00:00 PM,21,8,13
09/20/2015 10:00:00 AM,9,6,3
09/22/2015 05:00:00 PM,46,41,5
09/19/2015 10:00:00 AM,10,7,3
09/08/2015 12:00:00 PM,8,2,6
09/26/2015 03:00:00 AM,0,0,0
09/20/2015 06:00:00 PM,5,4,1
09/28/2015 08:00:00 AM,26,1,25
09/29/2015 02:00:00 AM,0,0,0
09/06/2015 02:00:00 AM,0,0,0
09/27/2015 06:00:00 AM,0,0,0
09/20/2015 09:00:00 PM,5,1,4
09/11/2015 03:00:00 AM,0,0,0
09/21/2015 05:00:00 AM,2,0,2
09/04/2015 01:00:00 PM,18,8,10
09/10/2015 10:00:00 PM,2,2,0
09/02/2015 12:00:00 PM,25,12,13
09/22/2015 12:00:00 PM,13,3,10
09/26/2015 11:00:00 PM,2,0,2
09/15/2015 08:00:00 AM,29,3,26
09/23/2015 11:00:00 PM,0,0,0
09/06/2015 03:00:00 AM,0,0,0
09/23/2015 06:00:00 PM,28,22,6
09/30/2015 12:00:00 PM,10,3,7
09/11/2015 01:00:00 AM,0,0,0
09/24/2015 07:00:00 AM,22,3,19
09/19/2015 03:00:00 PM,27,15,12
09/05/2015 10:00:00 AM,8,1,7
09/09/2015 11:00:00 AM,14,3,11
09/16/2015 08:00:00 AM,40,3,37
09/10/2015 01:00:00 AM,0,0,0
09/16/2015 08:00:00 PM,8,3,5
09/10/2015 08:00:00 PM,12,10,2
09/27/2015 09:00:00 AM,4,2,2
09/29/2015 03:00:00 AM,0,0,0
09/12/2015 03:00:00 AM,0,0,0
09/07/2015 10:00:00 AM,19,8,11
09/05/2015 11:00:00 AM,30,9,21
09/08/2015 10:00:00 PM,3,1,2
09/12/2015 07:00:00 PM,9,3,6
09/20/2015 05:00:00 PM,5,4,1
09/03/2015 04:00:00 AM,1,0,1
09/29/2015 10:00:00 PM,0,0,0
09/24/2015 02:00:00 PM,6,4,2
09/24/2015 11:00:00 PM,1,1,0
09/18/2015 06:00:00 AM,10,2,8
09/27/2015 11:00:00 AM,9,3,6
09/20/2015 11:00:00 AM,3,1,2
09/01/2015 12:00:00 AM,1,1,0
09/08/2015 03:00:00 AM,0,0,0
09/10/2015 08:00:00 AM,19,1,18
09/08/2015 02:00:00 PM,13,5,8
09/15/2015 04:00:00 PM,20,16,4
09/03/2015 06:00:00 AM,12,2,10
09/30/2015 09:00:00 AM,18,3,15
09/21/2015 10:00:00 PM,2,2,0
09/02/2015 06:00:00 AM,9,3,6
09/21/2015 09:00:00 PM,3,1,2
09/06/2015 01:00:00 PM,6,6,0
09/16/2015 07:00:00 AM,17,1,16
09/26/2015 08:00:00 AM,8,4,4
09/26/2015 04:00:00 AM,2,0,2
09/29/2015 11:00:00 PM,1,1,0
09/24/2015 04:00:00 AM,0,0,0
09/15/2015 12:00:00 PM,16,2,14
09/01/2015 07:00:00 AM,19,1,18
09/22/2015 06:00:00 AM,18,2,16
09/30/2015 04:00:00 AM,1,0,1
09/07/2015 02:00:00 AM,0,0,0
09/27/2015 10:00:00 PM,0,0,0
09/16/2015 05:00:00 AM,4,0,4
09/16/2015 09:00:00 PM,4,1,3
09/20/2015 07:00:00 PM,2,1,1
09/22/2015 08:00:00 PM,6,4,2
09/18/2015 10:00:00 PM,5,3,2
09/23/2015 12:00:00 AM,1,1,0
09/30/2015 06:00:00 AM,11,2,9
09/23/2015 10:00:00 PM,0,0,0
09/10/2015 09:00:00 PM,4,4,0
09/23/2015 01:00:00 PM,19,6,13
09/04/2015 02:00:00 PM,13,5,8
09/24/2015 11:00:00 AM,7,2,5
09/24/2015 12:00:00 AM,1,1,0
09/17/2015 09:00:00 PM,2,0,2
09/02/2015 06:00:00 PM,30,21,9
09/09/2015 05:00:00 PM,49,38,11
09/22/2015 11:00:00 PM,0,0,0
09/04/2015 03:00:00 AM,0,0,0
09/20/2015 04:00:00 AM,0,0,0
09/10/2015 04:00:00 AM,3,0,3
09/18/2015 03:00:00 AM,0,0,0
09/19/2015 05:00:00 PM,25,13,12
09/13/2015 09:00:00 AM,4,4,0
09/14/2015 12:00:00 PM,16,4,12
09/06/2015 05:00:00 PM,4,1,3
09/24/2015 03:00:00 AM,0,0,0
09/29/2015 10:00:00 AM,12,4,8
09/08/2015 01:00:00 AM,0,0,0
09/15/2015 02:00:00 AM,0,0,0
09/13/2015 06:00:00 AM,2,0,2
09/19/2015 12:00:00 AM,2,0,2
09/18/2015 02:00:00 PM,15,7,8
09/17/2015 12:00:00 AM,1,1,0
09/06/2015 01:00:00 AM,0,0,0
09/22/2015 04:00:00 AM,0,0,0
09/19/2015 04:00:00 AM,1,0,1
09/21/2015 02:00:00 PM,11,6,5
09/21/2015 03:00:00 AM,0,0,0
09/01/2015 10:00:00 PM,4,1,3
09/22/2015 06:00:00 PM,34,28,6
09/07/2015 07:00:00 AM,4,0,4
09/02/2015 05:00:00 PM,36,33,3
09/21/2015 05:00:00 PM,50,46,4
09/26/2015 08:00:00 PM,3,2,1
09/24/2015 09:00:00 PM,9,2,7
09/29/2015 09:00:00 AM,22,4,18
09/08/2015 05:00:00 AM,3,0,3
09/06/2015 12:00:00 PM,5,3,2
09/24/2015 10:00:00 PM,2,2,0
09/04/2015 11:00:00 AM,10,5,5
09/03/2015 03:00:00 PM,18,10,8
09/01/2015 11:00:00 PM,0,0,0
09/03/2015 02:00:00 PM,14,9,5
09/14/2015 03:00:00 PM,11,5,6
09/04/2015 05:00:00 PM,32,23,9
09/07/2015 03:00:00 AM,0,0,0
09/17/2015 08:00:00 AM,24,1,23
09/04/2015 07:00:00 AM,17,1,16
09/24/2015 06:00:00 PM,24,23,1
09/05/2015 09:00:00 AM,8,3,5
09/02/2015 05:00:00 AM,2,0,2
09/15/2015 03:00:00 AM,0,0,0
09/25/2015 03:00:00 AM,0,0,0
09/19/2015 01:00:00 PM,28,9,19
09/28/2015 01:00:00 AM,0,0,0
09/25/2015 03:00:00 PM,16,11,5
09/26/2015 01:00:00 AM,0,0,0
09/25/2015 08:00:00 AM,17,2,15
09/29/2015 05:00:00 PM,47,41,6
09/08/2015 03:00:00 PM,21,13,8
09/30/2015 07:00:00 PM,14,9,5
09/28/2015 04:00:00 PM,26,18,8
09/27/2015 07:00:00 AM,5,1,4
09/17/2015 12:00:00 PM,9,2,7
09/28/2015 10:00:00 AM,15,2,13
09/04/2015 12:00:00 AM,0,0,0
09/13/2015 05:00:00 AM,2,0,2
09/03/2015 11:00:00 PM,4,4,0
09/13/2015 12:00:00 AM,0,0,0
09/08/2015 07:00:00 PM,12,7,5
09/17/2015 11:00:00 AM,5,2,3
09/12/2015 12:00:00 AM,0,0,0
09/14/2015 02:00:00 AM,0,0,0
09/11/2015 08:00:00 PM,5,5,0
09/18/2015 04:00:00 PM,34,18,16
09/15/2015 10:00:00 AM,22,4,18
09/04/2015 08:00:00 AM,26,4,22
09/07/2015 04:00:00 AM,0,0,0
09/06/2015 06:00:00 AM,1,0,1
09/09/2015 01:00:00 PM,15,4,11
09/29/2015 06:00:00 PM,41,36,5
09/25/2015 05:00:00 PM,38,29,9
09/12/2015 02:00:00 PM,15,12,3
09/03/2015 12:00:00 AM,1,1,0
09/18/2015 07:00:00 PM,16,10,6
09/18/2015 12:00:00 AM,0,0,0
09/01/2015 12:00:00 PM,3,1,2
09/24/2015 08:00:00 PM,2,2,0
09/18/2015 11:00:00 PM,2,2,0
09/02/2015 07:00:00 AM,25,4,21
09/14/2015 01:00:00 PM,30,16,14
09/09/2015 12:00:00 AM,3,3,0
09/05/2015 07:00:00 AM,0,0,0
09/25/2015 05:00:00 AM,2,0,2
09/22/2015 07:00:00 AM,28,3,25
09/30/2015 05:00:00 AM,3,0,3
09/23/2015 03:00:00 AM,0,0,0
09/18/2015 03:00:00 PM,16,9,7
09/25/2015 09:00:00 AM,14,2,12
09/16/2015 03:00:00 PM,20,14,6
09/10/2015 09:00:00 AM,27,3,24
10/17/2015 03:00:00 PM,13,5,8
10/16/2015 03:00:00 AM,0,0,0
10/27/2015 05:00:00 AM,3,0,3
10/18/2015 05:00:00 PM,5,4,1
10/18/2015 01:00:00 AM,0,0,0
10/31/2015 04:00:00 AM,0,0,0
10/15/2015 02:00:00 PM,7,5,2
10/07/2015 11:00:00 AM,1,0,1
10/13/2015 05:00:00 PM,44,37,7
10/28/2015 05:00:00 PM,32,25,7
10/04/2015 04:00:00 PM,13,10,3
10/04/2015 05:00:00 AM,0,0,0
10/08/2015 07:00:00 AM,26,3,23
10/19/2015 06:00:00 PM,26,24,2
10/25/2015 02:00:00 PM,11,9,2
10/20/2015 01:00:00 AM,1,1,0
10/16/2015 07:00:00 AM,25,5,20
10/01/2015 08:00:00 PM,17,11,6
10/23/2015 07:00:00 PM,11,7,4
10/23/2015 01:00:00 PM,7,6,1
10/18/2015 07:00:00 AM,1,0,1
10/08/2015 10:00:00 AM,11,3,8
10/17/2015 11:00:00 AM,13,9,4
10/14/2015 04:00:00 AM,1,0,1
10/17/2015 09:00:00 AM,10,4,6
10/06/2015 07:00:00 PM,10,6,4
10/30/2015 04:00:00 PM,21,14,7
10/24/2015 05:00:00 AM,0,0,0
10/08/2015 05:00:00 AM,3,0,3
10/07/2015 06:00:00 AM,5,1,4
10/16/2015 06:00:00 PM,25,21,4
10/11/2015 05:00:00 PM,6,3,3
10/15/2015 04:00:00 PM,19,14,5
10/05/2015 11:00:00 AM,16,9,7
10/29/2015 06:00:00 AM,8,2,6
10/27/2015 09:00:00 AM,21,1,20
10/18/2015 02:00:00 PM,11,2,9
10/13/2015 11:00:00 PM,0,0,0
10/01/2015 01:00:00 AM,2,0,2
10/11/2015 10:00:00 AM,16,6,10
10/23/2015 04:00:00 PM,33,15,18
10/03/2015 03:00:00 AM,0,0,0
10/07/2015 07:00:00 PM,7,7,0
10/07/2015 05:00:00 PM,23,15,8
10/18/2015 08:00:00 AM,7,0,7
10/28/2015 07:00:00 PM,6,5,1
10/03/2015 06:00:00 AM,1,0,1
10/02/2015 10:00:00 AM,12,4,8
10/03/2015 03:00:00 PM,16,9,7
10/20/2015 10:00:00 PM,4,2,2
10/05/2015 10:00:00 AM,9,3,6
10/11/2015 12:00:00 PM,13,7,6
10/25/2015 06:00:00 PM,6,2,4
10/25/2015 09:00:00 PM,1,1,0
10/09/2015 07:00:00 PM,14,6,8
10/08/2015 08:00:00 PM,10,9,1
10/25/2015 07:00:00 PM,11,1,10
10/10/2015 06:00:00 AM,2,1,1
10/08/2015 06:00:00 AM,12,4,8
10/06/2015 04:00:00 AM,4,2,2
10/05/2015 08:00:00 PM,11,8,3
10/24/2015 04:00:00 PM,17,11,6
10/04/2015 02:00:00 PM,14,7,7
10/13/2015 06:00:00 AM,19,2,17
10/05/2015 09:00:00 PM,5,3,2
10/11/2015 05:00:00 AM,1,0,1
10/03/2015 02:00:00 PM,14,9,5
10/25/2015 10:00:00 PM,0,0,0
10/03/2015 01:00:00 AM,0,0,0
10/18/2015 09:00:00 AM,9,6,3
10/04/2015 08:00:00 AM,7,2,5
10/16/2015 06:00:00 AM,21,2,19
10/16/2015 07:00:00 PM,13,10,3
10/25/2015 11:00:00 PM,0,0,0
10/07/2015 01:00:00 AM,0,0,0
10/02/2015 12:00:00 PM,8,3,5
10/07/2015 04:00:00 PM,14,12,2
10/03/2015 07:00:00 PM,3,3,0
10/09/2015 03:00:00 AM,0,0,0
10/20/2015 10:00:00 AM,17,4,13
10/22/2015 09:00:00 PM,1,1,0
10/21/2015 03:00:00 AM,0,0,0
10/15/2015 08:00:00 PM,7,5,2
10/04/2015 06:00:00 PM,10,6,4
10/26/2015 01:00:00 AM,1,1,0
10/12/2015 08:00:00 PM,4,4,0
10/26/2015 02:00:00 AM,0,0,0
10/17/2015 11:00:00 PM,2,2,0
10/13/2015 07:00:00 PM,16,12,4
10/09/2015 12:00:00 AM,0,0,0
10/21/2015 05:00:00 PM,32,26,6
10/18/2015 11:00:00 AM,6,3,3
10/19/2015 01:00:00 PM,15,4,11
10/14/2015 04:00:00 PM,25,16,9
10/26/2015 03:00:00 AM,1,0,1
10/18/2015 06:00:00 AM,2,1,1
10/28/2015 09:00:00 AM,16,5,11
10/07/2015 09:00:00 PM,5,5,0
10/27/2015 07:00:00 PM,15,12,3
10/25/2015 04:00:00 AM,1,0,1
10/30/2015 07:00:00 PM,12,8,4
10/14/2015 10:00:00 AM,13,6,7
10/02/2015 03:00:00 AM,0,0,0
10/04/2015 07:00:00 AM,2,0,2
10/20/2015 03:00:00 AM,0,0,0
10/04/2015 12:00:00 AM,3,1,2
10/25/2015 12:00:00 PM,17,10,7
10/14/2015 11:00:00 PM,1,1,0
10/18/2015 03:00:00 AM,2,0,2
10/05/2015 06:00:00 PM,25,19,6
10/01/2015 02:00:00 AM,0,0,0
10/20/2015 04:00:00 AM,1,0,1
10/14/2015 07:00:00 AM,37,12,25
10/10/2015 12:00:00 PM,0,0,0
10/06/2015 10:00:00 AM,15,3,12
10/19/2015 02:00:00 PM,7,4,3
10/10/2015 06:00:00 PM,6,2,4
10/14/2015 08:00:00 AM,34,4,30
10/27/2015 11:00:00 PM,0,0,0
10/10/2015 04:00:00 AM,0,0,0
10/13/2015 12:00:00 PM,5,3,2
10/21/2015 08:00:00 PM,7,5,2
10/14/2015 01:00:00 AM,0,0,0
10/12/2015 04:00:00 AM,0,0,0
10/14/2015 05:00:00 PM,39,34,5
10/14/2015 12:00:00 PM,7,5,2
10/10/2015 05:00:00 AM,4,3,1
10/22/2015 04:00:00 PM,13,10,3
10/06/2015 12:00:00 PM,9,3,6
10/09/2015 04:00:00 AM,1,0,1
10/23/2015 10:00:00 PM,1,1,0
10/12/2015 11:00:00 AM,7,1,6
10/06/2015 08:00:00 AM,33,2,31
10/01/2015 07:00:00 PM,12,10,2
10/16/2015 11:00:00 PM,5,3,2
10/02/2015 08:00:00 AM,30,5,25
10/27/2015 03:00:00 AM,0,0,0
10/05/2015 03:00:00 AM,0,0,0
10/05/2015 12:00:00 PM,9,6,3
10/16/2015 01:00:00 PM,19,7,12
10/28/2015 12:00:00 AM,1,1,0
10/16/2015 04:00:00 AM,1,0,1
10/07/2015 10:00:00 PM,8,4,4
10/11/2015 03:00:00 PM,17,14,3
10/19/2015 11:00:00 PM,2,2,0
10/13/2015 04:00:00 AM,4,0,4
10/31/2015 08:00:00 PM,3,0,3
10/19/2015 10:00:00 PM,3,2,1
10/31/2015 04:00:00 PM,11,8,3
10/22/2015 08:00:00 PM,5,2,3
10/25/2015 02:00:00 AM,0,0,0
10/17/2015 05:00:00 PM,14,9,5
10/05/2015 04:00:00 AM,2,0,2
10/31/2015 09:00:00 AM,4,2,2
10/19/2015 01:00:00 AM,0,0,0
10/28/2015 11:00:00 AM,6,2,4
10/06/2015 11:00:00 AM,12,4,8
10/27/2015 06:00:00 PM,37,25,12
10/06/2015 02:00:00 AM,0,0,0
10/20/2015 03:00:00 PM,22,17,5
10/12/2015 08:00:00 AM,38,5,33
10/12/2015 06:00:00 AM,13,2,11
10/27/2015 09:00:00 PM,5,5,0
10/11/2015 08:00:00 AM,5,4,1
10/02/2015 03:00:00 PM,15,10,5
10/05/2015 07:00:00 AM,14,3,11
10/01/2015 11:00:00 PM,0,0,0
10/21/2015 06:00:00 PM,40,27,13
10/17/2015 08:00:00 AM,7,2,5
10/29/2015 01:00:00 PM,10,0,10
10/24/2015 05:00:00 PM,9,5,4
10/24/2015 04:00:00 AM,1,0,1
10/27/2015 01:00:00 PM,13,6,7
10/26/2015 08:00:00 AM,18,0,18
10/24/2015 12:00:00 PM,21,14,7
10/24/2015 01:00:00 PM,9,9,0
10/24/2015 10:00:00 PM,0,0,0
10/30/2015 10:00:00 PM,7,3,4
10/17/2015 06:00:00 PM,3,3,0
10/10/2015 08:00:00 PM,3,3,0
10/27/2015 12:00:00 AM,1,1,0
10/03/2015 08:00:00 AM,3,2,1
10/16/2015 12:00:00 AM,0,0,0
10/10/2015 08:00:00 AM,3,2,1
10/15/2015 05:00:00 PM,46,36,10
10/20/2015 05:00:00 AM,3,0,3
10/22/2015 02:00:00 PM,14,8,6
10/23/2015 07:00:00 AM,17,4,13
10/28/2015 10:00:00 PM,7,5,2
10/11/2015 12:00:00 AM,0,0,0
10/01/2015 12:00:00 PM,17,9,8
10/02/2015 02:00:00 AM,0,0,0
10/14/2015 03:00:00 PM,19,11,8
10/11/2015 06:00:00 AM,0,0,0
10/26/2015 03:00:00 PM,14,9,5
10/22/2015 10:00:00 AM,15,4,11
10/01/2015 03:00:00 AM,0,0,0
10/02/2015 08:00:00 PM,3,1,2
10/06/2015 03:00:00 AM,0,0,0
10/05/2015 12:00:00 AM,2,2,0
10/10/2015 07:00:00 AM,4,2,2
10/30/2015 09:00:00 PM,0,0,0
10/18/2015 02:00:00 AM,0,0,0
10/16/2015 08:00:00 PM,6,6,0
10/23/2015 01:00:00 AM,0,0,0
10/03/2015 04:00:00 PM,14,5,9
10/30/2015 08:00:00 AM,13,1,12
10/23/2015 11:00:00 PM,0,0,0
10/13/2015 07:00:00 AM,33,8,25
10/24/2015 07:00:00 PM,5,5,0
10/14/2015 02:00:00 PM,17,10,7
10/15/2015 06:00:00 PM,33,27,6
10/08/2015 05:00:00 PM,39,30,9
10/16/2015 05:00:00 PM,40,37,3
10/06/2015 07:00:00 AM,29,1,28
10/24/2015 03:00:00 PM,10,5,5
10/13/2015 11:00:00 AM,8,4,4
10/29/2015 02:00:00 PM,10,5,5
10/16/2015 12:00:00 PM,12,2,10
10/13/2015 02:00:00 PM,9,3,6
10/13/2015 09:00:00 PM,2,2,0
10/02/2015 06:00:00 AM,15,1,14
10/29/2015 10:00:00 PM,1,1,0
10/28/2015 09:00:00 PM,3,1,2
10/24/2015 12:00:00 AM,0,0,0
10/01/2015 09:00:00 PM,2,2,0
10/28/2015 02:00:00 PM,5,5,0
10/21/2015 02:00:00 PM,12,6,6
10/25/2015 04:00:00 PM,10,8,2
10/16/2015 01:00:00 AM,0,0,0
10/17/2015 05:00:00 AM,1,0,1
10/20/2015 01:00:00 PM,18,10,8
10/18/2015 04:00:00 AM,1,0,1
10/25/2015 06:00:00 AM,6,4,2
10/05/2015 10:00:00 PM,3,2,1
10/09/2015 01:00:00 PM,13,4,9
10/12/2015 04:00:00 PM,11,9,2
10/12/2015 12:00:00 AM,0,0,0
10/08/2015 04:00:00 AM,1,0,1
10/03/2015 10:00:00 PM,6,2,4
10/08/2015 01:00:00 PM,9,3,6
10/25/2015 07:00:00 AM,4,0,4
10/26/2015 06:00:00 PM,19,16,3
10/18/2015 06:00:00 PM,7,2,5
10/02/2015 06:00:00 PM,27,23,4
10/30/2015 02:00:00 PM,6,4,2
10/08/2015 07:00:00 PM,16,11,5
10/04/2015 10:00:00 AM,33,12,21
10/14/2015 03:00:00 AM,0,0,0
10/20/2015 08:00:00 PM,8,4,4
10/27/2015 02:00:00 PM,20,7,13
10/31/2015 05:00:00 PM,9,5,4
10/23/2015 12:00:00 AM,1,1,0
10/29/2015 10:00:00 AM,11,1,10
10/20/2015 06:00:00 PM,34,26,8
10/28/2015 12:00:00 PM,4,1,3
10/29/2015 07:00:00 AM,16,1,15
10/05/2015 02:00:00 AM,0,0,0
10/26/2015 07:00:00 AM,10,2,8
10/17/2015 10:00:00 AM,11,5,6
10/23/2015 03:00:00 AM,0,0,0
10/29/2015 05:00:00 PM,38,31,7
10/04/2015 03:00:00 PM,16,6,10
10/31/2015 12:00:00 PM,6,4,2
10/21/2015 08:00:00 AM,39,4,35
10/09/2015 12:00:00 PM,11,6,5
10/07/2015 03:00:00 PM,18,8,10
10/25/2015 01:00:00 PM,17,11,6
10/29/2015 11:00:00 PM,0,0,0
10/07/2015 04:00:00 AM,2,0,2
10/26/2015 04:00:00 AM,0,0,0
10/16/2015 02:00:00 AM,0,0,0
10/16/2015 04:00:00 PM,17,14,3
10/26/2015 11:00:00 PM,0,0,0
10/02/2015 09:00:00 PM,5,1,4
10/11/2015 08:00:00 PM,4,0,4
10/19/2015 07:00:00 PM,13,9,4
10/15/2015 08:00:00 AM,35,3,32
10/16/2015 08:00:00 AM,30,0,30
10/10/2015 02:00:00 AM,0,0,0
10/16/2015 10:00:00 PM,3,3,0
10/13/2015 01:00:00 PM,14,7,7
10/23/2015 09:00:00 AM,24,5,19
10/29/2015 04:00:00 PM,16,12,4
10/03/2015 12:00:00 AM,0,0,0
10/26/2015 08:00:00 PM,8,2,6
10/02/2015 09:00:00 AM,19,6,13
10/27/2015 11:00:00 AM,16,6,10
10/06/2015 01:00:00 AM,0,0,0
10/29/2015 07:00:00 PM,15,13,2
10/19/2015 02:00:00 AM,0,0,0
10/31/2015 06:00:00 PM,7,4,3
10/27/2015 07:00:00 AM,23,4,19
10/22/2015 02:00:00 AM,0,0,0
10/03/2015 02:00:00 AM,0,0,0
10/14/2015 11:00:00 AM,5,1,4
10/20/2015 12:00:00 PM,4,2,2
10/16/2015 09:00:00 AM,33,10,23
10/14/2015 09:00:00 PM,11,9,2
10/21/2015 11:00:00 PM,3,3,0
10/06/2015 10:00:00 PM,3,2,1
10/18/2015 09:00:00 PM,4,1,3
10/16/2015 03:00:00 PM,32,22,10
10/31/2015 10:00:00 AM,6,4,2
10/11/2015 03:00:00 AM,0,0,0
10/18/2015 04:00:00 PM,6,3,3
10/05/2015 02:00:00 PM,8,5,3
10/27/2015 10:00:00 PM,7,5,2
10/27/2015 03:00:00 PM,9,7,2
10/17/2015 03:00:00 AM,0,0,0
10/09/2015 05:00:00 PM,36,26,10
10/09/2015 02:00:00 AM,0,0,0
10/25/2015 05:00:00 PM,6,2,4
10/06/2015 04:00:00 PM,41,27,14
10/11/2015 11:00:00 AM,10,5,5
10/05/2015 05:00:00 AM,4,0,4
10/18/2015 01:00:00 PM,11,4,7
10/07/2015 06:00:00 PM,17,15,2
10/23/2015 02:00:00 AM,0,0,0
10/24/2015 02:00:00 PM,11,5,6
10/06/2015 05:00:00 AM,5,0,5
10/10/2015 10:00:00 PM,0,0,0
10/11/2015 09:00:00 PM,1,1,0
10/07/2015 07:00:00 AM,16,4,12
10/12/2015 01:00:00 AM,0,0,0
10/29/2015 03:00:00 PM,13,10,3
10/07/2015 12:00:00 PM,10,2,8
10/15/2015 02:00:00 AM,0,0,0
10/17/2015 02:00:00 AM,0,0,0
10/25/2015 03:00:00 PM,11,3,8
10/23/2015 11:00:00 AM,16,4,12
10/28/2015 06:00:00 PM,27,20,7
10/22/2015 07:00:00 AM,28,3,25
10/27/2015 12:00:00 PM,7,6,1
10/18/2015 07:00:00 PM,2,2,0
10/28/2015 02:00:00 AM,0,0,0
10/24/2015 02:00:00 AM,2,2,0
10/17/2015 02:00:00 PM,16,7,9
10/09/2015 03:00:00 PM,23,15,8
10/02/2015 01:00:00 AM,0,0,0
10/29/2015 08:00:00 AM,42,6,36
10/26/2015 10:00:00 PM,1,1,0
10/22/2015 06:00:00 PM,40,34,6
10/06/2015 06:00:00 AM,13,2,11
10/10/2015 09:00:00 AM,6,2,4
10/05/2015 06:00:00 AM,19,0,19
10/31/2015 05:00:00 AM,0,0,0
10/15/2015 09:00:00 AM,26,4,22
10/15/2015 12:00:00 AM,1,1,0
10/11/2015 04:00:00 AM,0,0,0
10/04/2015 01:00:00 AM,0,0,0
10/13/2015 08:00:00 PM,10,3,7
10/02/2015 05:00:00 PM,30,28,2
10/12/2015 07:00:00 PM,14,9,5
10/03/2015 09:00:00 PM,0,0,0
10/30/2015 04:00:00 AM,1,0,1
10/30/2015 05:00:00 PM,31,19,12
10/26/2015 07:00:00 PM,15,7,8
10/26/2015 12:00:00 PM,10,3,7
10/22/2015 11:00:00 AM,10,4,6
10/28/2015 05:00:00 AM,4,0,4
10/21/2015 02:00:00 AM,0,0,0
10/31/2015 07:00:00 PM,9,6,3
10/11/2015 01:00:00 AM,0,0,0
10/23/2015 12:00:00 PM,8,2,6
10/23/2015 06:00:00 AM,11,1,10
10/05/2015 11:00:00 PM,0,0,0
10/09/2015 04:00:00 PM,15,10,5
10/30/2015 11:00:00 PM,3,1,2
10/21/2015 03:00:00 PM,17,13,4
10/17/2015 04:00:00 PM,12,10,2
10/28/2015 01:00:00 PM,5,3,2
10/28/2015 08:00:00 PM,8,4,4
10/11/2015 02:00:00 AM,2,0,2
10/12/2015 02:00:00 AM,0,0,0
10/01/2015 06:00:00 AM,12,2,10
10/04/2015 12:00:00 PM,19,8,11
10/09/2015 06:00:00 PM,18,13,5
10/27/2015 05:00:00 PM,44,32,12
10/27/2015 04:00:00 PM,29,21,8
10/02/2015 04:00:00 PM,24,19,5
10/07/2015 09:00:00 AM,20,4,16
10/24/2015 08:00:00 AM,11,1,10
10/09/2015 08:00:00 AM,29,3,26
10/10/2015 05:00:00 PM,0,0,0
10/17/2015 04:00:00 AM,0,0,0
10/12/2015 06:00:00 PM,28,27,1
10/22/2015 05:00:00 PM,46,43,3
10/31/2015 03:00:00 AM,0,0,0
10/29/2015 05:00:00 AM,2,0,2
10/30/2015 09:00:00 AM,17,5,12
10/15/2015 04:00:00 AM,1,0,1
10/10/2015 11:00:00 AM,8,6,2
10/10/2015 07:00:00 PM,6,2,4
10/05/2015 01:00:00 PM,13,3,10
10/26/2015 10:00:00 AM,11,4,7
10/22/2015 08:00:00 AM,39,2,37
10/11/2015 02:00:00 PM,13,8,5
10/29/2015 12:00:00 PM,11,5,6
10/15/2015 01:00:00 PM,12,3,9
10/02/2015 01:00:00 PM,8,1,7
10/02/2015 07:00:00 PM,12,10,2
10/03/2015 11:00:00 PM,2,2,0
10/09/2015 10:00:00 PM,3,1,2
10/21/2015 07:00:00 AM,18,2,16
10/01/2015 03:00:00 PM,15,8,7
10/11/2015 07:00:00 AM,3,1,2
10/04/2015 02:00:00 AM,0,0,0
10/29/2015 08:00:00 PM,14,8,6
10/20/2015 02:00:00 AM,0,0,0
10/27/2015 04:00:00 AM,1,0,1
10/29/2015 12:00:00 AM,1,1,0
10/23/2015 10:00:00 AM,17,4,13
10/25/2015 01:00:00 AM,0,0,0
10/10/2015 03:00:00 PM,2,2,0
10/29/2015 02:00:00 AM,0,0,0
10/15/2015 07:00:00 AM,19,3,16
10/11/2015 11:00:00 PM,0,0,0
10/23/2015 03:00:00 PM,15,10,5
10/16/2015 11:00:00 AM,15,5,10
10/12/2015 05:00:00 AM,3,0,3
10/07/2015 02:00:00 AM,0,0,0
10/07/2015 10:00:00 AM,6,2,4
10/15/2015 05:00:00 AM,5,1,4
10/23/2015 09:00:00 PM,10,3,7
10/06/2015 06:00:00 PM,32,29,3
10/09/2015 09:00:00 AM,21,6,15
10/13/2015 12:00:00 AM,0,0,0
10/31/2015 07:00:00 AM,0,0,0
10/17/2015 07:00:00 AM,3,2,1
10/05/2015 08:00:00 AM,27,1,26
10/14/2015 01:00:00 PM,10,7,3
10/14/2015 09:00:00 AM,28,11,17
10/14/2015 12:00:00 AM,0,0,0
10/21/2015 04:00:00 PM,20,15,5
10/12/2015 12:00:00 PM,17,13,4
10/30/2015 08:00:00 PM,13,4,9
10/15/2015 03:00:00 AM,0,0,0
10/10/2015 11:00:00 PM,1,0,1
10/15/2015 07:00:00 PM,11,8,3
10/11/2015 04:00:00 PM,10,7,3
10/27/2015 08:00:00 PM,7,4,3
10/11/2015 07:00:00 PM,3,1,2
10/28/2015 04:00:00 PM,25,10,15
10/24/2015 07:00:00 AM,0,0,0
10/09/2015 10:00:00 AM,13,2,11
10/31/2015 01:00:00 PM,9,4,5
10/02/2015 11:00:00 PM,4,0,4
10/28/2015 03:00:00 PM,16,8,8
10/14/2015 10:00:00 PM,5,3,2
10/08/2015 09:00:00 PM,9,5,4
10/12/2015 10:00:00 AM,17,3,14
10/04/2015 05:00:00 PM,8,5,3
10/17/2015 12:00:00 PM,7,4,3
10/26/2015 04:00:00 PM,20,13,7
10/14/2015 07:00:00 PM,13,4,9
10/08/2015 02:00:00 PM,12,7,5
10/19/2015 08:00:00 PM,5,4,1
10/31/2015 01:00:00 AM,0,0,0
10/23/2015 05:00:00 PM,32,30,2
10/14/2015 02:00:00 AM,0,0,0
10/24/2015 06:00:00 AM,3,2,1
10/29/2015 11:00:00 AM,9,5,4
10/18/2015 08:00:00 PM,0,0,0
10/22/2015 09:00:00 AM,20,1,19
10/17/2015 12:00:00 AM,0,0,0
10/27/2015 10:00:00 AM,13,4,9
10/04/2015 03:00:00 AM,0,0,0
10/01/2015 09:00:00 AM,35,10,25
10/30/2015 07:00:00 AM,11,1,10
10/31/2015 11:00:00 AM,5,2,3
10/18/2015 03:00:00 PM,11,6,5
10/22/2015 11:00:00 PM,0,0,0
10/22/2015 07:00:00 PM,20,11,9
10/19/2015 11:00:00 AM,13,2,11
10/27/2015 06:00:00 AM,13,2,11
10/01/2015 04:00:00 PM,34,24,10
10/05/2015 03:00:00 PM,17,12,5
10/05/2015 04:00:00 PM,19,14,5
10/31/2015 10:00:00 PM,1,0,1
10/31/2015 08:00:00 AM,13,5,8
10/05/2015 05:00:00 PM,38,30,8
10/17/2015 06:00:00 AM,7,1,6
10/27/2015 08:00:00 AM,34,1,33
10/10/2015 04:00:00 PM,1,1,0
10/04/2015 04:00:00 AM,0,0,0
10/05/2015 09:00:00 AM,33,6,27
10/03/2015 10:00:00 AM,7,2,5
10/09/2015 11:00:00 AM,12,4,8
10/12/2015 03:00:00 PM,16,8,8
10/11/2015 06:00:00 PM,5,3,2
10/03/2015 12:00:00 PM,13,8,5
10/24/2015 11:00:00 PM,8,2,6
10/26/2015 09:00:00 AM,13,1,12
10/21/2015 11:00:00 AM,13,8,5
10/07/2015 11:00:00 PM,1,1,0
10/29/2015 06:00:00 PM,26,21,5
10/03/2015 06:00:00 PM,9,4,5
10/26/2015 06:00:00 AM,12,4,8
10/21/2015 12:00:00 PM,17,6,11
10/17/2015 01:00:00 AM,0,0,0
10/29/2015 03:00:00 AM,1,0,1
10/08/2015 06:00:00 PM,34,29,5
10/06/2015 03:00:00 PM,13,7,6
10/01/2015 04:00:00 AM,4,0,4
10/02/2015 02:00:00 PM,8,6,2
10/03/2015 04:00:00 AM,1,0,1
10/01/2015 05:00:00 PM,44,37,7
10/21/2015 09:00:00 AM,26,2,24
10/27/2015 01:00:00 AM,0,0,0
10/16/2015 10:00:00 AM,11,3,8
10/23/2015 06:00:00 PM,28,16,12
10/15/2015 03:00:00 PM,24,12,12
10/06/2015 05:00:00 PM,46,41,5
10/24/2015 09:00:00 PM,1,1,0
10/11/2015 01:00:00 PM,19,7,12
10/27/2015 02:00:00 AM,0,0,0
10/30/2015 06:00:00 PM,15,10,5
10/13/2015 04:00:00 PM,22,18,4
10/05/2015 07:00:00 PM,12,8,4
10/15/2015 01:00:00 AM,0,0,0
10/22/2015 12:00:00 AM,1,1,0
10/21/2015 01:00:00 AM,1,1,0
10/02/2015 04:00:00 AM,0,0,0
10/25/2015 09:00:00 AM,5,4,1
10/20/2015 11:00:00 PM,2,2,0
10/01/2015 02:00:00 PM,8,3,5
10/03/2015 05:00:00 AM,0,0,0
10/20/2015 04:00:00 PM,18,12,6
10/06/2015 11:00:00 PM,0,0,0
10/15/2015 06:00:00 AM,8,1,7
10/20/2015 07:00:00 PM,7,7,0
10/28/2015 10:00:00 AM,9,4,5
10/04/2015 11:00:00 AM,5,2,3
10/08/2015 03:00:00 PM,17,7,10
10/13/2015 03:00:00 PM,20,15,5
10/19/2015 12:00:00 PM,8,4,4
10/04/2015 07:00:00 PM,6,4,2
10/06/2015 08:00:00 PM,8,5,3
10/17/2015 09:00:00 PM,2,0,2
10/06/2015 02:00:00 PM,18,11,7
10/02/2015 05:00:00 AM,3,0,3
10/08/2015 11:00:00 PM,0,0,0
10/19/2015 10:00:00 AM,12,4,8
10/12/2015 09:00:00 AM,27,1,26
10/25/2015 08:00:00 AM,5,0,5
10/30/2015 01:00:00 AM,0,0,0
10/01/2015 08:00:00 AM,47,3,44
10/01/2015 01:00:00 PM,8,5,3
10/19/2015 07:00:00 AM,12,2,10
10/08/2015 11:00:00 AM,10,4,6
10/26/2015 11:00:00 AM,7,1,6
10/21/2015 09:00:00 PM,4,3,1
10/17/2015 01:00:00 PM,8,2,6
10/18/2015 05:00:00 AM,0,0,0
10/22/2015 01:00:00 AM,0,0,0
10/23/2015 08:00:00 AM,24,2,22
10/30/2015 03:00:00 AM,0,0,0
10/02/2015 07:00:00 AM,25,2,23
10/13/2015 10:00:00 AM,20,5,15
10/10/2015 02:00:00 PM,5,1,4
10/04/2015 10:00:00 PM,1,0,1
10/03/2015 07:00:00 AM,1,1,0
10/22/2015 10:00:00 PM,2,0,2
10/12/2015 03:00:00 AM,1,0,1
10/18/2015 10:00:00 PM,0,0,0
10/07/2015 05:00:00 AM,3,0,3
10/19/2015 03:00:00 AM,1,0,1
10/15/2015 09:00:00 PM,5,1,4
10/09/2015 02:00:00 PM,8,3,5
10/05/2015 01:00:00 AM,0,0,0
10/19/2015 08:00:00 AM,31,1,30
10/31/2015 12:00:00 AM,0,0,0
10/07/2015 03:00:00 AM,3,0,3
10/09/2015 09:00:00 PM,2,2,0
10/31/2015 02:00:00 AM,0,0,0
10/30/2015 12:00:00 PM,8,4,4
10/30/2015 12:00:00 AM,0,0,0
10/14/2015 06:00:00 PM,31,26,5
10/10/2015 03:00:00 AM,0,0,0
10/19/2015 03:00:00 PM,15,10,5
10/02/2015 12:00:00 AM,0,0,0
10/13/2015 10:00:00 PM,3,3,0
10/12/2015 09:00:00 PM,3,1,2
10/02/2015 11:00:00 AM,8,0,8
10/03/2015 09:00:00 AM,7,2,5
10/01/2015 11:00:00 AM,15,9,6
10/13/2015 02:00:00 AM,0,0,0
10/22/2015 06:00:00 AM,14,4,10
10/01/2015 06:00:00 PM,29,26,3
10/08/2015 12:00:00 PM,6,0,6
10/04/2015 11:00:00 PM,0,0,0
10/08/2015 04:00:00 PM,20,13,7
10/28/2015 04:00:00 AM,1,0,1
10/17/2015 08:00:00 PM,1,1,0
10/21/2015 04:00:00 AM,0,0,0
10/06/2015 09:00:00 AM,21,1,20
10/13/2015 08:00:00 AM,37,5,32
10/01/2015 07:00:00 AM,28,7,21
10/25/2015 05:00:00 AM,0,0,0
10/19/2015 06:00:00 AM,16,4,12
10/23/2015 02:00:00 PM,7,6,1
10/20/2015 09:00:00 PM,5,3,2
10/12/2015 11:00:00 PM,2,0,2
10/19/2015 04:00:00 AM,0,0,0
10/22/2015 05:00:00 AM,3,0,3
10/10/2015 10:00:00 AM,5,3,2
10/12/2015 01:00:00 PM,8,4,4
10/09/2015 08:00:00 PM,5,4,1
10/17/2015 07:00:00 PM,7,0,7
10/30/2015 03:00:00 PM,19,7,12
10/08/2015 02:00:00 AM,0,0,0
10/01/2015 10:00:00 PM,2,2,0
10/25/2015 12:00:00 AM,1,1,0
10/08/2015 08:00:00 AM,33,4,29
10/23/2015 04:00:00 AM,0,0,0
10/03/2015 05:00:00 PM,7,6,1
10/03/2015 11:00:00 AM,3,1,2
10/04/2015 01:00:00 PM,13,8,5
10/19/2015 05:00:00 AM,3,0,3
10/21/2015 01:00:00 PM,5,2,3
10/10/2015 01:00:00 AM,2,0,2
10/02/2015 10:00:00 PM,9,5,4
10/09/2015 05:00:00 AM,3,0,3
10/14/2015 05:00:00 AM,1,0,1
10/07/2015 01:00:00 PM,3,0,3
10/10/2015 12:00:00 AM,1,1,0
10/13/2015 03:00:00 AM,0,0,0
10/25/2015 08:00:00 PM,4,0,4
10/12/2015 10:00:00 PM,1,1,0
10/28/2015 01:00:00 AM,1,1,0
10/03/2015 01:00:00 PM,14,3,11
10/19/2015 09:00:00 PM,2,2,0
10/31/2015 09:00:00 PM,6,2,4
10/15/2015 11:00:00 AM,17,4,13
10/20/2015 08:00:00 AM,30,6,24
10/19/2015 05:00:00 PM,38,30,8
10/15/2015 12:00:00 PM,14,3,11
10/16/2015 02:00:00 PM,21,9,12
10/08/2015 03:00:00 AM,0,0,0
10/24/2015 08:00:00 PM,3,0,3
10/19/2015 04:00:00 PM,20,12,8
10/15/2015 10:00:00 PM,7,5,2
10/04/2015 06:00:00 AM,2,0,2
10/26/2015 02:00:00 PM,16,7,9
10/31/2015 03:00:00 PM,8,4,4
10/30/2015 01:00:00 PM,2,2,0
10/23/2015 05:00:00 AM,2,0,2
10/04/2015 09:00:00 PM,3,2,1
10/28/2015 07:00:00 AM,15,4,11
10/07/2015 08:00:00 PM,12,6,6
10/01/2015 12:00:00 AM,1,1,0
10/30/2015 10:00:00 AM,11,2,9
10/16/2015 05:00:00 AM,1,0,1
10/31/2015 11:00:00 PM,4,1,3
10/20/2015 11:00:00 AM,9,7,2
10/04/2015 09:00:00 AM,8,4,4
10/08/2015 12:00:00 AM,0,0,0
10/14/2015 08:00:00 PM,14,11,3
10/26/2015 09:00:00 PM,1,1,0
10/06/2015 09:00:00 PM,7,3,4
10/09/2015 01:00:00 AM,0,0,0
10/22/2015 03:00:00 PM,20,11,9
10/09/2015 07:00:00 AM,20,2,18
10/20/2015 06:00:00 AM,15,2,13
10/31/2015 06:00:00 AM,5,1,4
10/15/2015 11:00:00 PM,1,1,0
10/21/2015 07:00:00 PM,11,10,1
10/08/2015 10:00:00 PM,0,0,0
10/07/2015 08:00:00 AM,21,1,20
10/07/2015 12:00:00 AM,1,1,0
10/23/2015 08:00:00 PM,3,1,2
10/11/2015 09:00:00 AM,25,6,19
10/25/2015 03:00:00 AM,1,0,1
10/15/2015 10:00:00 AM,10,3,7
10/19/2015 09:00:00 AM,28,4,24
10/29/2015 01:00:00 AM,0,0,0
10/16/2015 09:00:00 PM,5,2,3
10/13/2015 01:00:00 AM,0,0,0
10/06/2015 12:00:00 AM,0,0,0
10/09/2015 11:00:00 PM,1,0,1
10/29/2015 09:00:00 AM,23,2,21
10/26/2015 05:00:00 AM,2,0,2
10/28/2015 06:00:00 AM,9,2,7
10/20/2015 07:00:00 AM,32,1,31
10/01/2015 10:00:00 AM,12,4,8
10/19/2015 12:00:00 AM,1,1,0
10/24/2015 09:00:00 AM,10,3,7
10/30/2015 06:00:00 AM,7,2,5
10/10/2015 09:00:00 PM,4,3,1
10/11/2015 10:00:00 PM,4,1,3
10/18/2015 10:00:00 AM,15,4,11
10/25/2015 10:00:00 AM,14,9,5
10/30/2015 02:00:00 AM,0,0,0
10/18/2015 12:00:00 AM,1,1,0
10/09/2015 06:00:00 AM,9,1,8
10/13/2015 05:00:00 AM,6,1,5
10/22/2015 03:00:00 AM,0,0,0
10/06/2015 01:00:00 PM,9,5,4
10/08/2015 01:00:00 AM,0,0,0
10/31/2015 02:00:00 PM,5,2,3
10/29/2015 09:00:00 PM,4,2,2
10/24/2015 03:00:00 AM,0,0,0
10/18/2015 12:00:00 PM,13,11,2
10/20/2015 02:00:00 PM,11,3,8
10/22/2015 04:00:00 AM,1,0,1
10/24/2015 06:00:00 PM,3,2,1
10/24/2015 01:00:00 AM,0,0,0
10/12/2015 05:00:00 PM,45,37,8
10/14/2015 06:00:00 AM,5,1,4
10/01/2015 05:00:00 AM,2,0,2
10/08/2015 09:00:00 AM,13,3,10
10/30/2015 11:00:00 AM,13,2,11
10/12/2015 07:00:00 AM,13,0,13
10/03/2015 08:00:00 PM,4,2,2
10/20/2015 12:00:00 AM,3,0,3
10/18/2015 11:00:00 PM,0,0,0
10/26/2015 05:00:00 PM,32,26,6
10/28/2015 08:00:00 AM,17,0,17
10/21/2015 06:00:00 AM,14,4,10
10/04/2015 08:00:00 PM,4,2,2
10/21/2015 12:00:00 AM,0,0,0
10/21/2015 10:00:00 PM,0,0,0
10/13/2015 09:00:00 AM,29,6,23
10/28/2015 03:00:00 AM,0,0,0
10/17/2015 10:00:00 PM,3,3,0
10/07/2015 02:00:00 PM,10,4,6
10/28/2015 11:00:00 PM,0,0,0
10/26/2015 01:00:00 PM,6,3,3
10/25/2015 11:00:00 AM,19,7,12
10/24/2015 11:00:00 AM,8,3,5
10/20/2015 09:00:00 AM,31,1,30
10/30/2015 05:00:00 AM,0,0,0
10/21/2015 10:00:00 AM,13,2,11
10/29/2015 04:00:00 AM,0,0,0
10/13/2015 06:00:00 PM,43,28,15
10/20/2015 05:00:00 PM,55,51,4
10/26/2015 12:00:00 AM,0,0,0
10/24/2015 10:00:00 AM,9,1,8
10/12/2015 02:00:00 PM,14,6,8
10/22/2015 01:00:00 PM,15,6,9
10/10/2015 01:00:00 PM,5,5,0
10/22/2015 12:00:00 PM,9,3,6
10/21/2015 05:00:00 AM,4,0,4
11/02/2015 06:00:00 AM,6,0,6
11/29/2015 09:00:00 PM,1,0,1
11/16/2015 05:00:00 PM,21,19,2
11/14/2015 11:00:00 PM,0,0,0
11/24/2015 07:00:00 PM,9,8,1
11/25/2015 08:00:00 AM,14,0,14
11/18/2015 07:00:00 PM,20,17,3
11/23/2015 01:00:00 AM,1,1,0
11/02/2015 12:00:00 PM,19,8,11
11/11/2015 11:00:00 PM,1,1,0
11/14/2015 09:00:00 AM,7,3,4
11/23/2015 07:00:00 AM,14,4,10
11/17/2015 06:00:00 PM,17,12,5
11/01/2015 11:00:00 AM,15,15,0
11/06/2015 04:00:00 PM,25,23,2
11/17/2015 10:00:00 AM,13,1,12
11/27/2015 10:00:00 PM,2,0,2
11/02/2015 09:00:00 PM,2,2,0
11/25/2015 10:00:00 PM,0,0,0
11/29/2015 12:00:00 AM,2,0,2
11/07/2015 09:00:00 PM,4,1,3
11/03/2015 10:00:00 AM,7,0,7
11/10/2015 11:00:00 PM,0,0,0
11/28/2015 07:00:00 AM,2,1,1
11/20/2015 06:00:00 PM,19,15,4
11/01/2015 08:00:00 PM,1,1,0
11/02/2015 06:00:00 PM,42,31,11
11/12/2015 06:00:00 PM,23,20,3
11/06/2015 11:00:00 AM,6,4,2
11/06/2015 10:00:00 AM,11,2,9
11/18/2015 06:00:00 PM,31,28,3
11/17/2015 05:00:00 PM,27,20,7
11/21/2015 07:00:00 AM,3,1,2
11/08/2015 12:00:00 PM,12,4,8
11/28/2015 08:00:00 PM,3,3,0
11/08/2015 08:00:00 PM,7,3,4
11/21/2015 11:00:00 AM,11,0,11
11/20/2015 10:00:00 AM,8,4,4
11/19/2015 02:00:00 AM,0,0,0
11/01/2015 09:00:00 AM,6,3,3
11/01/2015 05:00:00 AM,0,0,0
11/10/2015 07:00:00 AM,0,0,0
11/28/2015 05:00:00 PM,4,2,2
11/26/2015 09:00:00 AM,8,3,5
11/01/2015 07:00:00 AM,3,3,0
11/09/2015 02:00:00 PM,4,2,2
11/12/2015 12:00:00 AM,1,1,0
11/24/2015 10:00:00 PM,3,3,0
11/17/2015 07:00:00 PM,6,5,1
11/05/2015 06:00:00 PM,21,14,7
11/20/2015 07:00:00 AM,16,6,10
11/06/2015 11:00:00 PM,1,1,0
11/06/2015 07:00:00 PM,6,4,2
11/28/2015 05:00:00 AM,1,0,1
11/05/2015 10:00:00 PM,2,0,2
11/12/2015 07:00:00 PM,14,10,4
11/19/2015 05:00:00 AM,2,0,2
11/23/2015 01:00:00 PM,19,2,17
11/07/2015 10:00:00 PM,5,0,5
11/21/2015 06:00:00 PM,13,3,10
11/26/2015 11:00:00 PM,2,0,2
11/28/2015 02:00:00 AM,0,0,0
11/12/2015 09:00:00 PM,4,1,3
11/11/2015 04:00:00 AM,2,0,2
11/14/2015 01:00:00 AM,1,1,0
11/09/2015 10:00:00 PM,0,0,0
11/15/2015 02:00:00 PM,12,4,8
11/07/2015 09:00:00 AM,6,4,2
11/03/2015 11:00:00 PM,2,2,0
11/24/2015 11:00:00 PM,0,0,0
11/22/2015 12:00:00 AM,1,1,0
11/15/2015 01:00:00 AM,3,1,2
11/02/2015 11:00:00 AM,8,3,5
11/23/2015 03:00:00 AM,0,0,0
11/30/2015 12:00:00 AM,2,2,0
11/17/2015 09:00:00 AM,12,2,10
11/12/2015 10:00:00 AM,8,3,5
11/28/2015 12:00:00 AM,0,0,0
11/14/2015 06:00:00 PM,5,3,2
11/25/2015 01:00:00 PM,11,6,5
11/11/2015 02:00:00 AM,0,0,0
11/10/2015 02:00:00 AM,0,0,0
11/22/2015 12:00:00 PM,9,5,4
11/26/2015 06:00:00 PM,6,6,0
11/25/2015 02:00:00 PM,18,8,10
11/17/2015 06:00:00 AM,13,1,12
11/16/2015 03:00:00 PM,12,7,5
11/19/2015 04:00:00 PM,32,22,10
11/21/2015 05:00:00 PM,5,1,4
11/01/2015 04:00:00 PM,9,1,8
11/12/2015 04:00:00 PM,23,17,6
11/03/2015 03:00:00 AM,0,0,0
11/20/2015 01:00:00 PM,13,5,8
11/29/2015 11:00:00 AM,9,4,5
11/05/2015 12:00:00 PM,6,3,3
11/10/2015 05:00:00 AM,0,0,0
11/26/2015 10:00:00 PM,1,0,1
11/16/2015 08:00:00 AM,23,3,20
11/15/2015 06:00:00 AM,1,0,1
11/28/2015 11:00:00 PM,2,0,2
11/07/2015 04:00:00 AM,1,0,1
11/22/2015 02:00:00 AM,0,0,0
11/15/2015 07:00:00 PM,6,4,2
11/09/2015 04:00:00 PM,15,9,6
11/22/2015 06:00:00 PM,8,6,2
11/30/2015 05:00:00 PM,23,20,3
11/01/2015 05:00:00 PM,8,5,3
11/19/2015 11:00:00 PM,0,0,0
11/23/2015 04:00:00 AM,1,0,1
11/22/2015 04:00:00 AM,1,0,1
11/19/2015 01:00:00 PM,9,4,5
11/27/2015 12:00:00 AM,1,1,0
11/07/2015 08:00:00 PM,6,6,0
11/06/2015 09:00:00 PM,1,1,0
11/27/2015 01:00:00 AM,0,0,0
11/27/2015 11:00:00 AM,16,4,12
11/29/2015 04:00:00 AM,0,0,0
11/06/2015 10:00:00 PM,1,1,0
11/11/2015 02:00:00 PM,13,6,7
11/25/2015 11:00:00 AM,9,3,6
11/09/2015 03:00:00 PM,15,8,7
11/06/2015 06:00:00 AM,15,2,13
11/02/2015 10:00:00 PM,3,0,3
11/20/2015 04:00:00 AM,0,0,0
11/19/2015 01:00:00 AM,3,3,0
11/18/2015 11:00:00 AM,13,5,8
11/16/2015 12:00:00 AM,3,1,2
11/01/2015 10:00:00 AM,11,6,5
11/24/2015 05:00:00 PM,25,20,5
11/16/2015 02:00:00 PM,8,3,5
11/07/2015 08:00:00 AM,2,0,2
11/14/2015 08:00:00 PM,10,10,0
11/26/2015 11:00:00 AM,11,3,8
11/03/2015 04:00:00 AM,1,0,1
11/30/2015 09:00:00 PM,6,2,4
11/01/2015 09:00:00 PM,2,0,2
11/11/2015 05:00:00 AM,1,0,1
11/22/2015 09:00:00 PM,2,0,2
11/24/2015 04:00:00 PM,20,15,5
11/27/2015 05:00:00 PM,11,7,4
11/26/2015 09:00:00 PM,3,3,0
11/27/2015 04:00:00 AM,0,0,0
11/18/2015 10:00:00 PM,3,3,0
11/06/2015 02:00:00 AM,0,0,0
11/25/2015 11:00:00 PM,0,0,0
11/15/2015 10:00:00 AM,11,4,7
11/04/2015 05:00:00 AM,4,2,2
11/14/2015 10:00:00 PM,2,2,0
11/19/2015 07:00:00 PM,19,12,7
11/17/2015 11:00:00 PM,2,0,2
11/05/2015 08:00:00 PM,4,3,1
11/29/2015 12:00:00 PM,9,3,6
11/03/2015 08:00:00 AM,25,0,25
11/09/2015 06:00:00 PM,20,20,0
11/24/2015 05:00:00 AM,3,0,3
11/22/2015 08:00:00 PM,1,1,0
11/28/2015 03:00:00 PM,6,6,0
11/02/2015 02:00:00 PM,7,1,6
11/09/2015 01:00:00 PM,12,11,1
11/27/2015 08:00:00 PM,4,2,2
11/18/2015 12:00:00 AM,1,1,0
11/13/2015 02:00:00 AM,0,0,0
11/04/2015 08:00:00 AM,22,1,21
11/03/2015 03:00:00 PM,16,7,9
11/11/2015 04:00:00 PM,17,8,9
11/15/2015 08:00:00 AM,5,2,3
11/16/2015 01:00:00 AM,0,0,0
11/12/2015 02:00:00 PM,14,3,11
11/25/2015 03:00:00 AM,0,0,0
11/18/2015 05:00:00 PM,27,26,1
11/26/2015 12:00:00 AM,1,1,0
11/23/2015 02:00:00 AM,0,0,0
11/21/2015 12:00:00 PM,16,8,8
11/30/2015 07:00:00 PM,15,13,2
11/12/2015 09:00:00 AM,25,5,20
11/25/2015 09:00:00 PM,0,0,0
11/12/2015 11:00:00 PM,2,0,2
11/27/2015 04:00:00 PM,16,12,4
11/01/2015 12:00:00 PM,4,1,3
11/19/2015 09:00:00 PM,1,1,0
11/04/2015 10:00:00 AM,11,2,9
11/04/2015 06:00:00 PM,26,22,4
11/04/2015 09:00:00 PM,8,6,2
11/05/2015 04:00:00 PM,26,17,9
11/07/2015 11:00:00 PM,0,0,0
11/27/2015 03:00:00 PM,14,6,8
11/28/2015 02:00:00 PM,10,3,7
11/16/2015 08:00:00 PM,5,5,0
11/09/2015 09:00:00 AM,13,0,13
11/08/2015 04:00:00 PM,11,8,3
11/19/2015 03:00:00 PM,18,10,8
11/21/2015 10:00:00 AM,11,2,9
11/04/2015 03:00:00 AM,1,0,1
11/19/2015 04:00:00 AM,1,0,1
11/13/2015 01:00:00 PM,3,1,2
11/15/2015 04:00:00 AM,0,0,0
11/26/2015 08:00:00 AM,3,2,1
11/17/2015 04:00:00 AM,0,0,0
11/13/2015 06:00:00 PM,23,14,9
11/04/2015 07:00:00 PM,12,12,0
11/16/2015 02:00:00 AM,0,0,0
11/04/2015 01:00:00 AM,1,1,0
11/30/2015 09:00:00 AM,13,2,11
11/17/2015 08:00:00 PM,3,2,1
11/25/2015 12:00:00 AM,1,1,0
11/15/2015 01:00:00 PM,26,15,11
11/02/2015 10:00:00 AM,8,5,3
11/05/2015 07:00:00 AM,23,8,15
11/08/2015 03:00:00 AM,0,0,0
11/03/2015 01:00:00 PM,8,3,5
11/29/2015 08:00:00 AM,5,0,5
11/02/2015 02:00:00 AM,0,0,0
11/04/2015 12:00:00 PM,12,4,8
11/05/2015 07:00:00 PM,7,4,3
11/08/2015 04:00:00 AM,0,0,0
11/18/2015 04:00:00 AM,1,0,1
11/09/2015 11:00:00 PM,0,0,0
11/14/2015 03:00:00 PM,5,2,3
11/26/2015 12:00:00 PM,17,10,7
11/09/2015 05:00:00 PM,16,15,1
11/05/2015 03:00:00 AM,0,0,0
11/13/2015 09:00:00 AM,14,3,11
11/16/2015 11:00:00 PM,0,0,0
11/17/2015 08:00:00 AM,17,6,11
11/02/2015 04:00:00 AM,1,0,1
11/17/2015 11:00:00 AM,4,1,3
11/29/2015 10:00:00 PM,0,0,0
11/20/2015 07:00:00 PM,13,9,4
11/05/2015 09:00:00 PM,5,3,2
11/14/2015 02:00:00 AM,0,0,0
11/08/2015 02:00:00 AM,0,0,0
11/16/2015 01:00:00 PM,6,3,3
11/13/2015 08:00:00 PM,6,5,1
11/21/2015 12:00:00 AM,1,1,0
11/22/2015 07:00:00 AM,2,0,2
11/18/2015 08:00:00 AM,24,1,23
11/27/2015 03:00:00 AM,0,0,0
11/20/2015 08:00:00 PM,11,6,5
11/20/2015 03:00:00 AM,0,0,0
11/13/2015 07:00:00 PM,3,3,0
11/18/2015 04:00:00 PM,20,16,4
11/13/2015 10:00:00 PM,1,1,0
11/19/2015 07:00:00 AM,21,7,14
11/21/2015 01:00:00 PM,21,10,11
11/30/2015 10:00:00 AM,9,1,8
11/16/2015 06:00:00 PM,22,22,0
11/07/2015 05:00:00 AM,0,0,0
11/03/2015 04:00:00 PM,22,19,3
11/01/2015 07:00:00 PM,3,3,0
11/10/2015 06:00:00 AM,0,0,0
11/07/2015 03:00:00 AM,0,0,0
11/21/2015 06:00:00 AM,4,1,3
11/25/2015 07:00:00 PM,11,8,3
11/30/2015 03:00:00 PM,10,8,2
11/07/2015 11:00:00 AM,12,3,9
11/07/2015 02:00:00 PM,10,4,6
11/11/2015 11:00:00 AM,16,4,12
11/10/2015 03:00:00 PM,18,11,7
11/05/2015 06:00:00 AM,11,3,8
11/06/2015 06:00:00 PM,22,18,4
11/08/2015 07:00:00 AM,2,1,1
11/04/2015 10:00:00 PM,1,1,0
11/12/2015 05:00:00 PM,28,22,6
11/26/2015 05:00:00 AM,0,0,0
11/09/2015 01:00:00 AM,0,0,0
11/02/2015 03:00:00 AM,0,0,0
11/05/2015 04:00:00 AM,1,0,1
11/18/2015 03:00:00 PM,23,14,9
11/24/2015 03:00:00 PM,7,4,3
11/24/2015 09:00:00 PM,2,2,0
11/28/2015 10:00:00 PM,2,2,0
11/14/2015 02:00:00 PM,1,0,1
11/28/2015 07:00:00 PM,2,0,2
11/15/2015 12:00:00 AM,0,0,0
11/18/2015 12:00:00 PM,11,7,4
11/11/2015 09:00:00 PM,4,2,2
11/19/2015 11:00:00 AM,9,1,8
11/12/2015 03:00:00 AM,1,0,1
11/07/2015 01:00:00 AM,0,0,0
11/20/2015 01:00:00 AM,0,0,0
11/23/2015 02:00:00 PM,16,9,7
11/11/2015 06:00:00 AM,6,1,5
11/24/2015 04:00:00 AM,0,0,0
11/09/2015 06:00:00 AM,11,0,11
11/05/2015 08:00:00 AM,26,4,22
11/15/2015 05:00:00 PM,7,2,5
11/27/2015 02:00:00 AM,0,0,0
11/14/2015 07:00:00 PM,2,0,2
11/25/2015 07:00:00 AM,15,2,13
11/09/2015 04:00:00 AM,1,0,1
11/29/2015 03:00:00 AM,0,0,0
11/26/2015 07:00:00 PM,3,0,3
11/29/2015 03:00:00 PM,9,5,4
11/14/2015 05:00:00 AM,1,0,1
11/08/2015 06:00:00 PM,4,4,0
11/29/2015 10:00:00 AM,9,7,2
11/28/2015 10:00:00 AM,7,4,3
11/30/2015 08:00:00 PM,6,5,1
11/28/2015 11:00:00 AM,7,4,3
11/07/2015 05:00:00 PM,5,2,3
11/14/2015 03:00:00 AM,0,0,0
11/17/2015 07:00:00 AM,16,4,12
11/14/2015 11:00:00 AM,4,0,4
11/24/2015 06:00:00 PM,23,17,6
11/25/2015 06:00:00 AM,11,3,8
11/26/2015 03:00:00 PM,8,2,6
11/22/2015 01:00:00 PM,5,2,3
11/14/2015 07:00:00 AM,4,2,2
11/11/2015 06:00:00 PM,11,10,1
11/15/2015 03:00:00 PM,9,7,2
11/29/2015 01:00:00 PM,13,3,10
11/22/2015 05:00:00 AM,0,0,0
11/02/2015 11:00:00 PM,1,1,0
11/18/2015 01:00:00 PM,10,9,1
11/17/2015 12:00:00 PM,9,3,6
11/14/2015 10:00:00 AM,5,2,3
11/25/2015 09:00:00 AM,11,1,10
11/14/2015 04:00:00 AM,0,0,0
11/23/2015 11:00:00 AM,10,2,8
11/03/2015 07:00:00 AM,26,3,23
11/04/2015 11:00:00 PM,1,1,0
11/11/2015 07:00:00 AM,13,4,9
11/21/2015 11:00:00 PM,2,0,2
11/30/2015 05:00:00 AM,4,1,3
11/03/2015 10:00:00 PM,3,2,1
11/11/2015 03:00:00 AM,0,0,0
11/30/2015 04:00:00 PM,36,11,25
11/08/2015 05:00:00 PM,10,6,4
11/20/2015 09:00:00 PM,1,1,0
11/11/2015 05:00:00 PM,22,13,9
11/29/2015 06:00:00 AM,1,1,0
11/01/2015 02:00:00 AM,0,0,0
11/12/2015 01:00:00 PM,11,5,6
11/01/2015 11:00:00 PM,0,0,0
11/26/2015 01:00:00 AM,0,0,0
11/30/2015 12:00:00 PM,10,4,6
11/29/2015 07:00:00 AM,1,0,1
11/05/2015 02:00:00 AM,0,0,0
11/23/2015 06:00:00 PM,19,16,3
11/29/2015 05:00:00 AM,1,0,1
11/06/2015 04:00:00 AM,0,0,0
11/14/2015 01:00:00 PM,8,2,6
11/07/2015 02:00:00 AM,0,0,0
11/22/2015 01:00:00 AM,1,1,0
11/09/2015 07:00:00 AM,11,2,9
11/28/2015 08:00:00 AM,3,0,3
11/24/2015 02:00:00 AM,0,0,0
11/25/2015 12:00:00 PM,19,9,10
11/04/2015 02:00:00 PM,10,3,7
11/26/2015 02:00:00 AM,0,0,0
11/16/2015 09:00:00 PM,2,2,0
11/17/2015 05:00:00 AM,2,0,2
11/12/2015 05:00:00 AM,2,0,2
11/20/2015 12:00:00 PM,13,6,7
11/02/2015 05:00:00 PM,34,26,8
11/08/2015 10:00:00 AM,11,4,7
11/27/2015 09:00:00 AM,5,1,4
11/24/2015 09:00:00 AM,18,1,17
11/21/2015 09:00:00 AM,9,2,7
11/11/2015 08:00:00 PM,6,4,2
11/29/2015 01:00:00 AM,0,0,0
11/30/2015 01:00:00 AM,0,0,0
11/15/2015 08:00:00 PM,0,0,0
11/02/2015 07:00:00 PM,12,7,5
11/11/2015 03:00:00 PM,18,16,2
11/04/2015 11:00:00 AM,8,5,3
11/22/2015 11:00:00 PM,0,0,0
11/13/2015 10:00:00 AM,6,4,2
11/20/2015 08:00:00 AM,27,3,24
11/06/2015 05:00:00 AM,1,0,1
11/22/2015 10:00:00 AM,5,1,4
11/22/2015 04:00:00 PM,12,7,5
11/16/2015 05:00:00 AM,1,0,1
11/20/2015 09:00:00 AM,18,3,15
11/03/2015 05:00:00 AM,1,0,1
11/29/2015 02:00:00 PM,8,5,3
11/14/2015 12:00:00 PM,2,2,0
11/08/2015 07:00:00 PM,4,3,1
11/09/2015 12:00:00 AM,1,1,0
11/08/2015 12:00:00 AM,1,1,0
11/25/2015 05:00:00 PM,20,11,9
11/13/2015 11:00:00 PM,2,2,0
11/08/2015 03:00:00 PM,6,3,3
11/24/2015 08:00:00 AM,21,0,21
11/21/2015 07:00:00 PM,16,8,8
11/23/2015 09:00:00 AM,19,2,17
11/15/2015 02:00:00 AM,0,0,0
11/06/2015 09:00:00 AM,17,2,15
11/03/2015 09:00:00 AM,29,3,26
11/17/2015 02:00:00 AM,0,0,0
11/19/2015 02:00:00 PM,11,7,4
11/11/2015 09:00:00 AM,6,1,5
11/30/2015 01:00:00 PM,8,5,3
11/22/2015 03:00:00 AM,0,0,0
11/16/2015 09:00:00 AM,24,4,20
11/09/2015 10:00:00 AM,4,1,3
11/04/2015 03:00:00 PM,20,12,8
11/10/2015 06:00:00 PM,26,23,3
11/08/2015 01:00:00 PM,8,3,5
11/05/2015 10:00:00 AM,8,2,6
11/19/2015 08:00:00 AM,30,6,24
11/03/2015 06:00:00 AM,18,2,16
11/05/2015 12:00:00 AM,0,0,0
11/08/2015 01:00:00 AM,0,0,0
11/16/2015 04:00:00 AM,1,0,1
11/20/2015 11:00:00 PM,1,0,1
11/02/2015 07:00:00 AM,19,4,15
11/14/2015 06:00:00 AM,2,0,2
11/25/2015 02:00:00 AM,0,0,0
11/29/2015 07:00:00 PM,1,1,0
11/21/2015 05:00:00 AM,0,0,0
11/19/2015 09:00:00 AM,16,1,15
11/16/2015 07:00:00 AM,19,4,15
11/23/2015 08:00:00 PM,4,2,2
11/23/2015 10:00:00 PM,4,1,3
11/05/2015 01:00:00 PM,3,1,2
11/20/2015 05:00:00 AM,0,0,0
11/09/2015 11:00:00 AM,5,1,4
11/09/2015 08:00:00 PM,3,3,0
11/28/2015 12:00:00 PM,9,3,6
11/11/2015 12:00:00 AM,2,0,2
11/17/2015 01:00:00 PM,13,6,7
11/01/2015 03:00:00 PM,2,2,0
11/10/2015 01:00:00 AM,0,0,0
11/05/2015 05:00:00 PM,32,31,1
11/30/2015 07:00:00 AM,18,9,9
11/30/2015 02:00:00 PM,12,2,10
11/30/2015 04:00:00 AM,2,0,2
11/10/2015 01:00:00 PM,12,6,6
11/13/2015 05:00:00 PM,23,15,8
11/15/2015 11:00:00 AM,18,5,13
11/26/2015 05:00:00 PM,7,4,3
11/17/2015 12:00:00 AM,2,2,0
11/01/2015 04:00:00 AM,1,0,1
11/02/2015 03:00:00 PM,14,10,4
11/10/2015 04:00:00 AM,0,0,0
11/02/2015 01:00:00 AM,1,1,0
11/11/2015 08:00:00 AM,18,3,15
11/13/2015 11:00:00 AM,10,5,5
11/18/2015 08:00:00 PM,8,6,2
11/06/2015 05:00:00 PM,31,24,7
11/21/2015 03:00:00 PM,17,8,9
11/14/2015 09:00:00 PM,5,1,4
11/13/2015 12:00:00 PM,7,3,4
11/05/2015 09:00:00 AM,17,1,16
11/08/2015 05:00:00 AM,1,0,1
11/08/2015 10:00:00 PM,2,0,2
11/30/2015 06:00:00 PM,26,21,5
11/05/2015 11:00:00 PM,7,3,4
11/08/2015 11:00:00 AM,3,3,0
11/15/2015 05:00:00 AM,1,0,1
11/01/2015 12:00:00 AM,1,1,0
11/20/2015 12:00:00 AM,0,0,0
11/24/2015 03:00:00 AM,0,0,0
11/15/2015 03:00:00 AM,0,0,0
11/19/2015 03:00:00 AM,0,0,0
11/10/2015 05:00:00 PM,40,32,8
11/18/2015 01:00:00 AM,0,0,0
11/12/2015 01:00:00 AM,1,1,0
11/27/2015 05:00:00 AM,1,0,1
11/22/2015 10:00:00 PM,0,0,0
11/08/2015 09:00:00 PM,0,0,0
11/04/2015 12:00:00 AM,0,0,0
11/01/2015 03:00:00 AM,0,0,0
11/06/2015 12:00:00 AM,1,1,0
11/30/2015 10:00:00 PM,2,0,2
11/10/2015 03:00:00 AM,0,0,0
11/15/2015 09:00:00 AM,2,0,2
11/07/2015 07:00:00 AM,3,3,0
11/24/2015 11:00:00 AM,15,7,8
11/20/2015 04:00:00 PM,19,12,7
11/23/2015 12:00:00 AM,0,0,0
11/27/2015 02:00:00 PM,17,6,11
11/15/2015 04:00:00 PM,5,2,3
11/24/2015 12:00:00 AM,1,1,0
11/05/2015 05:00:00 AM,2,0,2
11/09/2015 03:00:00 AM,1,0,1
11/18/2015 02:00:00 PM,17,8,9
11/11/2015 10:00:00 PM,2,0,2
11/22/2015 09:00:00 AM,10,3,7
11/19/2015 12:00:00 PM,10,5,5
11/28/2015 01:00:00 AM,0,0,0
11/12/2015 04:00:00 AM,0,0,0
11/09/2015 12:00:00 PM,8,2,6
11/30/2015 06:00:00 AM,9,1,8
11/01/2015 10:00:00 PM,5,0,5
11/04/2015 04:00:00 AM,1,0,1
11/30/2015 08:00:00 AM,20,1,19
11/04/2015 09:00:00 AM,17,3,14
11/24/2015 06:00:00 AM,14,1,13
11/21/2015 02:00:00 AM,0,0,0
11/21/2015 04:00:00 AM,0,0,0
11/13/2015 03:00:00 PM,9,6,3
11/18/2015 07:00:00 AM,20,4,16
11/25/2015 01:00:00 AM,2,0,2
11/08/2015 09:00:00 AM,4,2,2
11/01/2015 08:00:00 AM,7,2,5
11/26/2015 10:00:00 AM,2,0,2
11/20/2015 02:00:00 AM,0,0,0
11/24/2015 08:00:00 PM,7,3,4
11/27/2015 09:00:00 PM,7,3,4
11/02/2015 05:00:00 AM,2,0,2
11/18/2015 11:00:00 PM,2,0,2
11/30/2015 11:00:00 AM,5,1,4
11/10/2015 11:00:00 AM,14,2,12
11/28/2015 04:00:00 PM,10,7,3
11/25/2015 04:00:00 AM,1,0,1
11/17/2015 09:00:00 PM,5,3,2
11/07/2015 04:00:00 PM,6,3,3
11/04/2015 01:00:00 PM,6,3,3
11/26/2015 02:00:00 PM,12,10,2
11/27/2015 01:00:00 PM,13,10,3
11/26/2015 01:00:00 PM,7,3,4
11/02/2015 09:00:00 AM,17,2,15
11/28/2015 01:00:00 PM,15,4,11
11/13/2015 03:00:00 AM,0,0,0
11/28/2015 03:00:00 AM,0,0,0
11/10/2015 04:00:00 PM,23,23,0
11/25/2015 04:00:00 PM,21,17,4
11/26/2015 04:00:00 PM,4,2,2
11/16/2015 11:00:00 AM,8,3,5
11/30/2015 11:00:00 PM,0,0,0
11/06/2015 08:00:00 PM,3,1,2
11/27/2015 12:00:00 PM,9,5,4
11/06/2015 03:00:00 AM,1,0,1
11/24/2015 02:00:00 PM,14,5,9
11/23/2015 03:00:00 PM,21,11,10
11/13/2015 05:00:00 AM,1,0,1
11/10/2015 12:00:00 PM,8,5,3
11/08/2015 11:00:00 PM,1,1,0
11/15/2015 07:00:00 AM,0,0,0
11/16/2015 07:00:00 PM,8,6,2
11/26/2015 04:00:00 AM,0,0,0
11/29/2015 09:00:00 AM,11,6,5
11/03/2015 12:00:00 AM,0,0,0
11/22/2015 07:00:00 PM,5,3,2
11/28/2015 04:00:00 AM,0,0,0
11/07/2015 03:00:00 PM,10,2,8
11/26/2015 06:00:00 AM,2,0,2
11/12/2015 02:00:00 AM,0,0,0
11/12/2015 07:00:00 AM,13,3,10
11/03/2015 05:00:00 PM,39,35,4
11/30/2015 03:00:00 AM,0,0,0
11/02/2015 08:00:00 PM,3,3,0
11/23/2015 06:00:00 AM,12,0,12
11/19/2015 10:00:00 PM,2,0,2
11/17/2015 03:00:00 AM,0,0,0
11/16/2015 12:00:00 PM,8,0,8
11/02/2015 04:00:00 PM,24,10,14
11/21/2015 08:00:00 AM,3,1,2
11/08/2015 06:00:00 AM,3,1,2
11/25/2015 03:00:00 PM,23,12,11
11/17/2015 10:00:00 PM,4,0,4
11/24/2015 01:00:00 PM,12,5,7
11/28/2015 09:00:00 AM,6,3,3
11/06/2015 08:00:00 AM,19,1,18
11/02/2015 12:00:00 AM,0,0,0
11/26/2015 03:00:00 AM,0,0,0
11/06/2015 12:00:00 PM,14,4,10
11/26/2015 07:00:00 AM,1,1,0
11/12/2015 06:00:00 AM,16,2,14
11/10/2015 08:00:00 PM,15,8,7
11/23/2015 08:00:00 AM,20,5,15
11/22/2015 06:00:00 AM,2,1,1
11/05/2015 01:00:00 AM,1,1,0
11/08/2015 02:00:00 PM,25,10,15
11/16/2015 06:00:00 AM,10,0,10
11/27/2015 06:00:00 PM,3,3,0
11/27/2015 08:00:00 AM,6,3,3
11/16/2015 10:00:00 AM,7,1,6
11/15/2015 06:00:00 PM,8,4,4
11/06/2015 01:00:00 PM,12,6,6
11/19/2015 06:00:00 AM,13,2,11
11/18/2015 06:00:00 AM,15,3,12
11/06/2015 07:00:00 AM,17,1,16
11/27/2015 07:00:00 PM,7,2,5
11/12/2015 12:00:00 PM,9,3,6
11/23/2015 12:00:00 PM,9,5,4
11/23/2015 07:00:00 PM,8,5,3
11/23/2015 11:00:00 PM,0,0,0
11/26/2015 08:00:00 PM,3,3,0
11/16/2015 04:00:00 PM,21,16,5
11/17/2015 03:00:00 PM,6,4,2
11/03/2015 06:00:00 PM,22,18,4
11/15/2015 10:00:00 PM,0,0,0
11/21/2015 04:00:00 PM,15,10,5
11/25/2015 06:00:00 PM,11,10,1
11/12/2015 08:00:00 PM,7,3,4
11/03/2015 11:00:00 AM,11,4,7
11/21/2015 02:00:00 PM,18,6,12
11/24/2015 10:00:00 AM,12,3,9
11/13/2015 06:00:00 AM,4,1,3
11/22/2015 11:00:00 AM,12,8,4
11/13/2015 04:00:00 AM,1,0,1
11/13/2015 07:00:00 AM,12,3,9
11/17/2015 02:00:00 PM,11,3,8
11/22/2015 05:00:00 PM,6,4,2
11/25/2015 08:00:00 PM,2,2,0
11/11/2015 10:00:00 AM,16,5,11
11/02/2015 01:00:00 PM,8,3,5
11/22/2015 03:00:00 PM,7,3,4
11/18/2015 03:00:00 AM,2,0,2
11/04/2015 08:00:00 PM,5,3,2
11/03/2015 01:00:00 AM,1,1,0
11/10/2015 02:00:00 PM,9,5,4
11/07/2015 06:00:00 PM,5,3,2
11/01/2015 06:00:00 AM,1,1,0
11/01/2015 01:00:00 PM,10,3,7
11/03/2015 07:00:00 PM,6,5,1
11/20/2015 06:00:00 AM,12,3,9
11/06/2015 02:00:00 PM,10,5,5
11/05/2015 03:00:00 PM,14,10,4
11/24/2015 07:00:00 AM,19,6,13
11/09/2015 07:00:00 PM,10,8,2
11/04/2015 06:00:00 AM,8,1,7
11/28/2015 06:00:00 PM,4,2,2
11/18/2015 09:00:00 PM,6,2,4
11/10/2015 10:00:00 AM,11,3,8
11/05/2015 02:00:00 PM,9,3,6
11/15/2015 11:00:00 PM,0,0,0
11/18/2015 02:00:00 AM,0,0,0
11/23/2015 09:00:00 PM,5,3,2
11/19/2015 05:00:00 PM,38,25,13
11/13/2015 08:00:00 AM,24,3,21
11/08/2015 08:00:00 AM,3,1,2
11/03/2015 09:00:00 PM,10,4,6
11/28/2015 09:00:00 PM,4,2,2
11/07/2015 12:00:00 PM,5,3,2
11/10/2015 10:00:00 PM,2,2,0
11/29/2015 02:00:00 AM,1,1,0
11/21/2015 03:00:00 AM,0,0,0
11/29/2015 11:00:00 PM,0,0,0
11/12/2015 11:00:00 AM,6,3,3
11/16/2015 03:00:00 AM,0,0,0
11/15/2015 12:00:00 PM,20,3,17
11/21/2015 08:00:00 PM,3,3,0
11/09/2015 02:00:00 AM,0,0,0
11/18/2015 05:00:00 AM,2,0,2
11/27/2015 11:00:00 PM,0,0,0
11/30/2015 02:00:00 AM,0,0,0
11/23/2015 04:00:00 PM,25,10,15
11/29/2015 08:00:00 PM,4,0,4
11/13/2015 04:00:00 PM,22,13,9
11/13/2015 09:00:00 PM,10,4,6
11/21/2015 09:00:00 PM,4,2,2
11/13/2015 12:00:00 AM,0,0,0
11/10/2015 09:00:00 PM,0,0,0
11/20/2015 03:00:00 PM,23,11,12
11/09/2015 08:00:00 AM,15,3,12
11/03/2015 02:00:00 AM,0,0,0
11/14/2015 04:00:00 PM,9,2,7
11/12/2015 10:00:00 PM,4,1,3
11/07/2015 06:00:00 AM,3,1,2
11/11/2015 07:00:00 PM,4,3,1
11/18/2015 09:00:00 AM,18,2,16
11/23/2015 05:00:00 AM,1,0,1
11/06/2015 03:00:00 PM,15,7,8
11/14/2015 05:00:00 PM,10,3,7
11/21/2015 01:00:00 AM,0,0,0
11/11/2015 12:00:00 PM,13,5,8
11/19/2015 12:00:00 AM,0,0,0
11/12/2015 03:00:00 PM,13,9,4
11/29/2015 04:00:00 PM,8,3,5
11/20/2015 05:00:00 PM,39,26,13
11/02/2015 08:00:00 AM,31,1,30
11/11/2015 01:00:00 PM,20,9,11
11/06/2015 01:00:00 AM,0,0,0
11/07/2015 12:00:00 AM,4,1,3
11/25/2015 05:00:00 AM,0,0,0
11/27/2015 10:00:00 AM,13,2,11
11/07/2015 10:00:00 AM,2,1,1
11/17/2015 01:00:00 AM,1,1,0
11/03/2015 08:00:00 PM,12,2,10
11/20/2015 02:00:00 PM,11,5,6
11/29/2015 05:00:00 PM,5,4,1
11/22/2015 08:00:00 AM,4,2,2
11/13/2015 01:00:00 AM,0,0,0
11/27/2015 06:00:00 AM,5,2,3
11/01/2015 01:00:00 AM,0,0,0
11/05/2015 11:00:00 AM,5,1,4
11/22/2015 02:00:00 PM,14,7,7
11/11/2015 01:00:00 AM,1,1,0
11/29/2015 06:00:00 PM,11,7,4
11/23/2015 10:00:00 AM,14,4,10
11/14/2015 08:00:00 AM,8,6,2
11/28/2015 06:00:00 AM,1,0,1
11/13/2015 02:00:00 PM,6,4,2
11/19/2015 06:00:00 PM,22,18,4
11/10/2015 08:00:00 AM,0,0,0
11/20/2015 10:00:00 PM,3,0,3
11/10/2015 09:00:00 AM,14,0,14
11/15/2015 09:00:00 PM,0,0,0
11/17/2015 04:00:00 PM,16,11,5
11/19/2015 10:00:00 AM,10,3,7
11/10/2015 12:00:00 AM,0,0,0
11/01/2015 02:00:00 PM,14,8,6
11/07/2015 07:00:00 PM,3,1,2
11/09/2015 09:00:00 PM,0,0,0
11/27/2015 07:00:00 AM,2,1,1
11/20/2015 11:00:00 AM,6,2,4
11/03/2015 02:00:00 PM,11,4,7
11/04/2015 07:00:00 AM,22,3,19
11/07/2015 01:00:00 PM,0,0,0
11/09/2015 05:00:00 AM,2,0,2
11/03/2015 12:00:00 PM,4,2,2
11/18/2015 10:00:00 AM,15,8,7
11/12/2015 08:00:00 AM,20,1,19
11/14/2015 12:00:00 AM,3,0,3
11/21/2015 10:00:00 PM,5,0,5
11/24/2015 12:00:00 PM,5,1,4
11/01/2015 06:00:00 PM,6,2,4
11/16/2015 10:00:00 PM,0,0,0
11/04/2015 05:00:00 PM,27,24,3
11/04/2015 02:00:00 AM,0,0,0
11/19/2015 08:00:00 PM,16,14,2
11/04/2015 04:00:00 PM,26,17,9
11/23/2015 05:00:00 PM,35,26,9
11/25/2015 10:00:00 AM,16,6,10
11/24/2015 01:00:00 AM,0,0,0
11/10/2015 07:00:00 PM,13,11,2
12/30/2015 12:00:00 AM,1,1,0
12/08/2015 09:00:00 AM,18,2,16
12/09/2015 10:00:00 AM,13,2,11
12/11/2015 04:00:00 AM,0,0,0
12/27/2015 07:00:00 AM,0,0,0
12/09/2015 03:00:00 PM,21,7,14
12/20/2015 07:00:00 AM,0,0,0
12/26/2015 06:00:00 AM,2,2,0
12/11/2015 06:00:00 AM,8,4,4
12/19/2015 10:00:00 PM,2,2,0
12/24/2015 10:00:00 AM,19,5,14
12/21/2015 06:00:00 PM,14,14,0
12/31/2015 07:00:00 AM,6,1,5
12/23/2015 01:00:00 PM,5,3,2
12/18/2015 01:00:00 AM,0,0,0
12/22/2015 08:00:00 AM,12,1,11
12/05/2015 08:00:00 AM,3,2,1
12/26/2015 08:00:00 PM,3,1,2
12/03/2015 03:00:00 AM,0,0,0
12/19/2015 09:00:00 AM,2,0,2
12/23/2015 02:00:00 PM,11,4,7
12/29/2015 11:00:00 AM,11,5,6
12/27/2015 10:00:00 AM,5,2,3
12/31/2015 02:00:00 AM,0,0,0
12/01/2015 06:00:00 AM,14,3,11
12/19/2015 09:00:00 PM,4,1,3
12/03/2015 06:00:00 PM,18,15,3
12/15/2015 01:00:00 AM,0,0,0
12/13/2015 11:00:00 PM,0,0,0
12/08/2015 04:00:00 AM,0,0,0
12/15/2015 08:00:00 PM,13,5,8
12/03/2015 12:00:00 AM,0,0,0
12/13/2015 02:00:00 PM,12,5,7
12/04/2015 10:00:00 AM,12,3,9
12/04/2015 08:00:00 PM,4,3,1
12/21/2015 05:00:00 PM,25,20,5
12/13/2015 06:00:00 PM,7,0,7
12/26/2015 02:00:00 AM,0,0,0
12/03/2015 07:00:00 AM,16,4,12
12/14/2015 01:00:00 PM,4,2,2
12/28/2015 08:00:00 PM,3,1,2
12/18/2015 04:00:00 PM,14,10,4
12/26/2015 05:00:00 PM,4,4,0
12/25/2015 12:00:00 AM,0,0,0
12/08/2015 06:00:00 AM,8,0,8
12/07/2015 01:00:00 AM,0,0,0
12/11/2015 11:00:00 PM,0,0,0
12/12/2015 12:00:00 PM,4,4,0
12/01/2015 05:00:00 PM,42,32,10
12/14/2015 10:00:00 PM,3,1,2
12/17/2015 04:00:00 AM,0,0,0
12/06/2015 04:00:00 AM,0,0,0
12/01/2015 10:00:00 AM,12,0,12
12/22/2015 04:00:00 PM,17,14,3
12/04/2015 04:00:00 AM,1,0,1
12/28/2015 01:00:00 AM,0,0,0
12/09/2015 05:00:00 AM,2,0,2
12/03/2015 08:00:00 PM,8,2,6
12/02/2015 06:00:00 AM,9,2,7
12/14/2015 08:00:00 PM,5,5,0
12/14/2015 06:00:00 PM,25,18,7
12/28/2015 09:00:00 AM,13,2,11
12/13/2015 02:00:00 AM,1,0,1
12/06/2015 02:00:00 AM,0,0,0
12/10/2015 05:00:00 AM,0,0,0
12/25/2015 11:00:00 AM,1,1,0
12/03/2015 01:00:00 PM,2,1,1
12/22/2015 07:00:00 PM,7,5,2
12/25/2015 10:00:00 AM,3,1,2
12/27/2015 02:00:00 PM,4,0,4
12/06/2015 01:00:00 AM,0,0,0
12/19/2015 12:00:00 AM,2,2,0
12/16/2015 10:00:00 AM,6,1,5
12/12/2015 10:00:00 PM,4,2,2
12/03/2015 03:00:00 PM,14,7,7
12/30/2015 07:00:00 AM,10,2,8
12/01/2015 03:00:00 AM,0,0,0
12/25/2015 06:00:00 AM,0,0,0
12/16/2015 09:00:00 PM,0,0,0
12/11/2015 03:00:00 AM,1,0,1
12/01/2015 12:00:00 PM,6,2,4
12/27/2015 03:00:00 AM,0,0,0
12/02/2015 02:00:00 PM,7,4,3
12/21/2015 07:00:00 PM,9,4,5
12/29/2015 08:00:00 AM,16,6,10
12/10/2015 03:00:00 AM,0,0,0
12/11/2015 07:00:00 AM,15,3,12
12/07/2015 04:00:00 AM,0,0,0
12/23/2015 09:00:00 AM,15,3,12
12/05/2015 04:00:00 PM,16,7,9
12/13/2015 04:00:00 AM,0,0,0
12/21/2015 10:00:00 PM,3,3,0
12/26/2015 01:00:00 PM,4,3,1
12/17/2015 09:00:00 PM,8,0,8
12/06/2015 05:00:00 PM,11,0,11
12/27/2015 01:00:00 AM,0,0,0
12/26/2015 01:00:00 AM,0,0,0
12/30/2015 12:00:00 PM,12,5,7
12/21/2015 12:00:00 PM,9,2,7
12/06/2015 11:00:00 PM,0,0,0
12/10/2015 06:00:00 AM,7,2,5
12/09/2015 12:00:00 PM,8,3,5
12/06/2015 03:00:00 PM,4,2,2
12/10/2015 09:00:00 PM,3,3,0
12/30/2015 08:00:00 AM,15,1,14
12/24/2015 04:00:00 PM,2,2,0
12/19/2015 12:00:00 PM,18,5,13
12/24/2015 12:00:00 AM,1,1,0
12/12/2015 06:00:00 AM,1,1,0
12/02/2015 03:00:00 PM,12,7,5
12/11/2015 12:00:00 AM,0,0,0
12/18/2015 12:00:00 AM,0,0,0
12/15/2015 10:00:00 PM,0,0,0
12/05/2015 12:00:00 AM,1,1,0
12/21/2015 12:00:00 AM,2,2,0
12/08/2015 03:00:00 AM,0,0,0
12/16/2015 02:00:00 PM,16,5,11
12/22/2015 12:00:00 PM,7,5,2
12/08/2015 04:00:00 PM,16,13,3
12/15/2015 05:00:00 AM,1,0,1
12/31/2015 06:00:00 AM,3,1,2
12/20/2015 05:00:00 PM,3,1,2
12/09/2015 07:00:00 PM,9,8,1
12/17/2015 03:00:00 AM,1,0,1
12/17/2015 12:00:00 AM,0,0,0
12/07/2015 02:00:00 AM,0,0,0
12/11/2015 08:00:00 PM,10,8,2
12/09/2015 09:00:00 AM,15,4,11
12/21/2015 09:00:00 AM,17,10,7
12/02/2015 01:00:00 AM,1,1,0
12/26/2015 08:00:00 AM,4,0,4
12/10/2015 07:00:00 PM,19,15,4
12/30/2015 04:00:00 PM,19,13,6
12/15/2015 11:00:00 PM,0,0,0
12/16/2015 09:00:00 AM,15,0,15
12/14/2015 09:00:00 PM,8,3,5
12/07/2015 05:00:00 AM,0,0,0
12/30/2015 06:00:00 PM,21,12,9
12/23/2015 06:00:00 PM,19,15,4
12/08/2015 03:00:00 PM,11,3,8
12/10/2015 02:00:00 AM,0,0,0
12/13/2015 04:00:00 PM,9,4,5
12/23/2015 05:00:00 AM,1,0,1
12/19/2015 01:00:00 PM,10,3,7
12/15/2015 03:00:00 AM,0,0,0
12/24/2015 11:00:00 AM,9,2,7
12/17/2015 02:00:00 AM,0,0,0
12/04/2015 09:00:00 AM,27,3,24
12/21/2015 02:00:00 PM,15,3,12
12/22/2015 05:00:00 AM,1,1,0
12/05/2015 01:00:00 PM,6,0,6
12/28/2015 04:00:00 PM,10,7,3
12/28/2015 12:00:00 AM,3,1,2
12/30/2015 04:00:00 AM,1,0,1
12/03/2015 05:00:00 AM,0,0,0
12/07/2015 12:00:00 AM,1,1,0
12/11/2015 12:00:00 PM,8,3,5
12/05/2015 03:00:00 AM,0,0,0
12/14/2015 03:00:00 PM,20,11,9
12/02/2015 03:00:00 AM,0,0,0
12/28/2015 10:00:00 AM,3,0,3
12/16/2015 10:00:00 PM,7,3,4
12/25/2015 03:00:00 AM,0,0,0
12/06/2015 10:00:00 AM,7,4,3
12/01/2015 03:00:00 PM,13,9,4
12/01/2015 08:00:00 PM,4,3,1
12/07/2015 07:00:00 AM,13,6,7
12/31/2015 12:00:00 AM,0,0,0
12/10/2015 04:00:00 PM,13,10,3
12/05/2015 03:00:00 PM,10,3,7
12/19/2015 08:00:00 AM,7,5,2
12/19/2015 05:00:00 PM,16,4,12
12/16/2015 02:00:00 AM,0,0,0
12/17/2015 06:00:00 PM,12,12,0
12/14/2015 03:00:00 AM,0,0,0
12/24/2015 03:00:00 PM,11,4,7
12/18/2015 09:00:00 AM,13,3,10
12/02/2015 09:00:00 AM,22,3,19
12/02/2015 09:00:00 PM,9,6,3
12/19/2015 04:00:00 AM,0,0,0
12/19/2015 02:00:00 PM,3,2,1
12/11/2015 10:00:00 PM,5,1,4
12/06/2015 06:00:00 PM,2,0,2
12/20/2015 08:00:00 AM,5,2,3
12/26/2015 04:00:00 PM,6,2,4
12/16/2015 11:00:00 PM,0,0,0
12/15/2015 04:00:00 PM,22,14,8
12/01/2015 12:00:00 AM,1,1,0
12/09/2015 08:00:00 AM,12,1,11
12/24/2015 05:00:00 PM,5,1,4
12/29/2015 03:00:00 PM,23,12,11
12/02/2015 07:00:00 AM,22,7,15
12/25/2015 08:00:00 PM,2,1,1
12/21/2015 05:00:00 AM,1,0,1
12/16/2015 04:00:00 AM,0,0,0
12/16/2015 07:00:00 PM,10,10,0
12/18/2015 07:00:00 PM,11,6,5
12/11/2015 10:00:00 AM,13,6,7
12/02/2015 10:00:00 AM,9,3,6
12/07/2015 11:00:00 PM,0,0,0
12/19/2015 05:00:00 AM,0,0,0
12/10/2015 11:00:00 PM,1,1,0
12/11/2015 07:00:00 PM,5,5,0
12/07/2015 07:00:00 PM,11,8,3
12/27/2015 08:00:00 PM,0,0,0
12/31/2015 08:00:00 PM,0,0,0
12/26/2015 07:00:00 PM,4,0,4
12/13/2015 05:00:00 AM,1,0,1
12/29/2015 12:00:00 AM,0,0,0
12/20/2015 05:00:00 AM,0,0,0
12/31/2015 08:00:00 AM,17,7,10
12/23/2015 02:00:00 AM,0,0,0
12/28/2015 07:00:00 PM,6,6,0
12/13/2015 01:00:00 AM,1,1,0
12/24/2015 02:00:00 AM,0,0,0
12/04/2015 03:00:00 PM,22,9,13
12/23/2015 05:00:00 PM,16,10,6
12/30/2015 11:00:00 PM,0,0,0
12/02/2015 05:00:00 PM,28,22,6
12/27/2015 09:00:00 AM,4,2,2
12/27/2015 11:00:00 PM,0,0,0
12/28/2015 03:00:00 PM,6,4,2
12/17/2015 11:00:00 AM,4,1,3
12/10/2015 01:00:00 AM,0,0,0
12/01/2015 04:00:00 AM,1,0,1
12/09/2015 03:00:00 AM,0,0,0
12/02/2015 01:00:00 PM,3,2,1
12/18/2015 10:00:00 PM,0,0,0
12/24/2015 01:00:00 AM,2,2,0
12/26/2015 06:00:00 PM,3,0,3
12/07/2015 08:00:00 PM,8,8,0
12/17/2015 05:00:00 AM,5,1,4
12/09/2015 12:00:00 AM,2,0,2
12/08/2015 11:00:00 PM,0,0,0
12/16/2015 05:00:00 AM,1,0,1
12/04/2015 07:00:00 AM,19,3,16
12/08/2015 01:00:00 PM,0,0,0
12/15/2015 06:00:00 PM,26,18,8
12/28/2015 03:00:00 AM,0,0,0
12/15/2015 02:00:00 AM,0,0,0
12/29/2015 03:00:00 AM,0,0,0
12/22/2015 09:00:00 AM,9,3,6
12/24/2015 07:00:00 AM,7,5,2
12/25/2015 09:00:00 PM,2,0,2
12/31/2015 10:00:00 AM,2,0,2
12/11/2015 02:00:00 AM,0,0,0
12/29/2015 01:00:00 AM,1,1,0
12/13/2015 10:00:00 AM,5,4,1
12/26/2015 12:00:00 PM,5,3,2
12/01/2015 01:00:00 AM,0,0,0
12/05/2015 01:00:00 AM,0,0,0
12/25/2015 12:00:00 PM,8,5,3
12/06/2015 11:00:00 AM,3,0,3
12/14/2015 02:00:00 PM,15,3,12
12/20/2015 01:00:00 AM,2,0,2
12/30/2015 03:00:00 PM,14,14,0
12/11/2015 05:00:00 AM,0,0,0
12/20/2015 11:00:00 AM,12,6,6
12/13/2015 09:00:00 AM,7,2,5
12/09/2015 10:00:00 PM,3,1,2
12/07/2015 10:00:00 AM,5,0,5
12/28/2015 02:00:00 AM,0,0,0
12/15/2015 09:00:00 AM,32,7,25
12/21/2015 01:00:00 PM,5,3,2
12/09/2015 01:00:00 AM,0,0,0
12/16/2015 08:00:00 PM,10,5,5
12/20/2015 08:00:00 PM,6,1,5
12/21/2015 11:00:00 PM,1,0,1
12/01/2015 02:00:00 AM,0,0,0
12/10/2015 01:00:00 PM,6,4,2
12/10/2015 04:00:00 AM,0,0,0
12/03/2015 06:00:00 AM,5,1,4
12/27/2015 06:00:00 AM,1,1,0
12/08/2015 08:00:00 AM,18,0,18
12/21/2015 03:00:00 PM,4,4,0
12/02/2015 11:00:00 AM,3,1,2
12/22/2015 11:00:00 PM,0,0,0
12/18/2015 03:00:00 PM,19,11,8
12/09/2015 06:00:00 PM,11,11,0
12/06/2015 02:00:00 PM,12,2,10
12/21/2015 07:00:00 AM,14,4,10
12/31/2015 11:00:00 AM,13,4,9
12/30/2015 01:00:00 AM,0,0,0
12/30/2015 03:00:00 AM,0,0,0
12/27/2015 08:00:00 AM,3,0,3
12/17/2015 12:00:00 PM,4,2,2
12/25/2015 07:00:00 AM,1,1,0
12/04/2015 12:00:00 PM,15,8,7
12/03/2015 10:00:00 PM,4,2,2
12/27/2015 02:00:00 AM,0,0,0
12/22/2015 03:00:00 PM,17,12,5
12/04/2015 09:00:00 PM,7,3,4
12/05/2015 07:00:00 AM,3,2,1
12/04/2015 03:00:00 AM,0,0,0
12/04/2015 07:00:00 PM,9,5,4
12/12/2015 05:00:00 AM,2,0,2
12/09/2015 05:00:00 PM,44,31,13
12/03/2015 09:00:00 AM,11,2,9
12/10/2015 10:00:00 PM,10,5,5
12/26/2015 12:00:00 AM,0,0,0
12/22/2015 11:00:00 AM,18,6,12
12/31/2015 12:00:00 PM,9,2,7
12/15/2015 09:00:00 PM,0,0,0
12/16/2015 01:00:00 PM,2,2,0
12/01/2015 11:00:00 AM,10,6,4
12/13/2015 09:00:00 PM,0,0,0
12/09/2015 09:00:00 PM,2,2,0
12/07/2015 02:00:00 PM,10,5,5
12/11/2015 01:00:00 AM,0,0,0
12/20/2015 03:00:00 PM,8,3,5
12/29/2015 08:00:00 PM,5,5,0
12/14/2015 11:00:00 PM,0,0,0
12/25/2015 05:00:00 AM,0,0,0
12/11/2015 02:00:00 PM,8,8,0
12/15/2015 12:00:00 PM,11,5,6
12/12/2015 07:00:00 PM,9,7,2
12/24/2015 04:00:00 AM,0,0,0
12/28/2015 07:00:00 AM,5,1,4
12/20/2015 10:00:00 AM,6,3,3
12/27/2015 04:00:00 AM,0,0,0
12/05/2015 09:00:00 AM,11,8,3
12/31/2015 03:00:00 AM,0,0,0
12/22/2015 12:00:00 AM,0,0,0
12/30/2015 01:00:00 PM,5,3,2
12/10/2015 06:00:00 PM,20,15,5
12/30/2015 05:00:00 AM,0,0,0
12/04/2015 02:00:00 AM,0,0,0
12/19/2015 07:00:00 AM,1,0,1
12/13/2015 07:00:00 AM,3,2,1
12/30/2015 05:00:00 PM,6,4,2
12/30/2015 09:00:00 PM,2,2,0
12/18/2015 09:00:00 PM,5,3,2
12/08/2015 02:00:00 PM,11,6,5
12/01/2015 01:00:00 PM,6,3,3
12/07/2015 11:00:00 AM,5,2,3
12/03/2015 01:00:00 AM,1,1,0
12/12/2015 11:00:00 AM,2,1,1
12/11/2015 11:00:00 AM,6,5,1
12/02/2015 02:00:00 AM,0,0,0
12/21/2015 01:00:00 AM,0,0,0
12/13/2015 11:00:00 AM,8,2,6
12/14/2015 05:00:00 PM,33,26,7
12/07/2015 06:00:00 AM,9,1,8
12/08/2015 12:00:00 AM,0,0,0
12/05/2015 10:00:00 PM,7,2,5
12/06/2015 07:00:00 AM,2,1,1
12/08/2015 12:00:00 PM,3,2,1
12/18/2015 01:00:00 PM,19,4,15
12/08/2015 08:00:00 PM,5,3,2
12/16/2015 08:00:00 AM,19,4,15
12/05/2015 11:00:00 PM,5,2,3
12/27/2015 07:00:00 PM,3,1,2
12/01/2015 04:00:00 PM,30,16,14
12/07/2015 09:00:00 AM,10,0,10
12/18/2015 12:00:00 PM,11,4,7
12/15/2015 10:00:00 AM,11,3,8
12/15/2015 07:00:00 AM,20,1,19
12/19/2015 08:00:00 PM,2,0,2
12/21/2015 11:00:00 AM,5,0,5
12/04/2015 01:00:00 PM,5,3,2
12/18/2015 08:00:00 PM,6,5,1
12/23/2015 10:00:00 PM,5,2,3
12/06/2015 04:00:00 PM,7,2,5
12/05/2015 10:00:00 AM,9,8,1
12/05/2015 08:00:00 PM,1,0,1
12/06/2015 03:00:00 AM,0,0,0
12/08/2015 06:00:00 PM,16,8,8
12/02/2015 07:00:00 PM,23,17,6
12/12/2015 07:00:00 AM,2,2,0
12/21/2015 03:00:00 AM,0,0,0
12/31/2015 04:00:00 PM,8,6,2
12/23/2015 04:00:00 AM,0,0,0
12/29/2015 12:00:00 PM,10,4,6
12/18/2015 05:00:00 PM,24,19,5
12/20/2015 06:00:00 AM,3,2,1
12/27/2015 12:00:00 PM,6,1,5
12/31/2015 07:00:00 PM,5,1,4
12/23/2015 06:00:00 AM,2,1,1
12/23/2015 04:00:00 PM,20,10,10
12/03/2015 07:00:00 PM,20,14,6
12/10/2015 07:00:00 AM,15,2,13
12/03/2015 02:00:00 PM,7,1,6
12/24/2015 12:00:00 PM,6,1,5
12/28/2015 08:00:00 AM,14,2,12
12/24/2015 05:00:00 AM,0,0,0
12/05/2015 05:00:00 PM,4,2,2
12/20/2015 03:00:00 AM,0,0,0
12/29/2015 04:00:00 PM,10,9,1
12/08/2015 11:00:00 AM,4,0,4
12/05/2015 11:00:00 AM,5,2,3
12/25/2015 01:00:00 PM,8,4,4
12/08/2015 05:00:00 PM,24,14,10
12/23/2015 12:00:00 AM,1,1,0
12/19/2015 10:00:00 AM,13,7,6
12/26/2015 11:00:00 AM,6,1,5
12/21/2015 08:00:00 AM,21,4,17
12/15/2015 08:00:00 AM,14,2,12
12/02/2015 08:00:00 PM,3,1,2
12/04/2015 08:00:00 AM,15,3,12
12/30/2015 09:00:00 AM,10,3,7
12/24/2015 02:00:00 PM,13,7,6
12/21/2015 06:00:00 AM,5,0,5
12/26/2015 05:00:00 AM,0,0,0
12/13/2015 08:00:00 AM,10,5,5
12/27/2015 03:00:00 PM,5,3,2
12/05/2015 05:00:00 AM,0,0,0
12/28/2015 11:00:00 AM,7,1,6
12/22/2015 10:00:00 AM,5,0,5
12/21/2015 09:00:00 PM,11,0,11
12/09/2015 07:00:00 AM,12,3,9
12/31/2015 04:00:00 AM,1,0,1
12/24/2015 10:00:00 PM,3,2,1
12/14/2015 04:00:00 AM,2,0,2
12/23/2015 12:00:00 PM,10,2,8
12/09/2015 08:00:00 PM,7,4,3
12/18/2015 03:00:00 AM,1,0,1
12/31/2015 09:00:00 PM,2,0,2
12/14/2015 09:00:00 AM,17,2,15
12/19/2015 03:00:00 AM,0,0,0
12/10/2015 11:00:00 AM,2,0,2
12/09/2015 04:00:00 AM,0,0,0
12/14/2015 12:00:00 AM,0,0,0
12/17/2015 10:00:00 PM,7,1,6
12/04/2015 02:00:00 PM,7,2,5
12/17/2015 08:00:00 PM,6,4,2
12/26/2015 10:00:00 AM,9,6,3
12/01/2015 05:00:00 AM,3,0,3
12/31/2015 05:00:00 PM,9,6,3
12/15/2015 12:00:00 AM,1,1,0
12/04/2015 05:00:00 AM,0,0,0
12/02/2015 04:00:00 AM,1,0,1
12/26/2015 10:00:00 PM,3,3,0
12/06/2015 12:00:00 PM,7,4,3
12/15/2015 07:00:00 PM,10,6,4
12/27/2015 11:00:00 AM,4,3,1
12/20/2015 06:00:00 PM,11,5,6
12/26/2015 09:00:00 AM,6,5,1
12/20/2015 02:00:00 AM,0,0,0
12/12/2015 01:00:00 AM,0,0,0
12/08/2015 09:00:00 PM,5,3,2
12/21/2015 08:00:00 PM,4,2,2
12/06/2015 09:00:00 PM,0,0,0
12/16/2015 11:00:00 AM,15,1,14
12/22/2015 06:00:00 AM,8,0,8
12/03/2015 02:00:00 AM,0,0,0
12/07/2015 05:00:00 PM,18,15,3
12/12/2015 08:00:00 AM,12,7,5
12/25/2015 11:00:00 PM,0,0,0
12/08/2015 10:00:00 PM,2,0,2
12/23/2015 03:00:00 PM,12,3,9
12/19/2015 07:00:00 PM,1,0,1
12/19/2015 03:00:00 PM,11,7,4
12/12/2015 03:00:00 PM,12,3,9
12/01/2015 07:00:00 PM,13,9,4
12/27/2015 04:00:00 PM,0,0,0
12/27/2015 12:00:00 AM,1,1,0
12/01/2015 11:00:00 PM,0,0,0
12/07/2015 12:00:00 PM,6,1,5
12/24/2015 07:00:00 PM,2,2,0
12/06/2015 09:00:00 AM,6,0,6
12/09/2015 11:00:00 AM,3,2,1
12/05/2015 02:00:00 AM,0,0,0
12/20/2015 12:00:00 AM,3,3,0
12/29/2015 06:00:00 PM,18,9,9
12/07/2015 06:00:00 PM,20,14,6
12/15/2015 06:00:00 AM,7,2,5
12/01/2015 06:00:00 PM,20,14,6
12/16/2015 01:00:00 AM,1,1,0
12/09/2015 02:00:00 PM,5,4,1
12/19/2015 04:00:00 PM,7,4,3
12/11/2015 08:00:00 AM,26,3,23
12/22/2015 03:00:00 AM,0,0,0
12/28/2015 01:00:00 PM,2,2,0
12/28/2015 06:00:00 PM,9,8,1
12/26/2015 02:00:00 PM,7,5,2
12/30/2015 07:00:00 PM,7,6,1
12/02/2015 08:00:00 AM,22,3,19
12/03/2015 04:00:00 AM,1,0,1
12/22/2015 02:00:00 AM,0,0,0
12/23/2015 09:00:00 PM,2,2,0
12/13/2015 05:00:00 PM,4,1,3
12/06/2015 01:00:00 PM,19,9,10
12/27/2015 05:00:00 PM,9,5,4
12/09/2015 01:00:00 PM,3,3,0
12/21/2015 10:00:00 AM,9,3,6
12/17/2015 09:00:00 AM,13,2,11
12/25/2015 04:00:00 AM,0,0,0
12/17/2015 04:00:00 PM,25,14,11
12/18/2015 10:00:00 AM,7,4,3
12/07/2015 09:00:00 PM,2,0,2
12/14/2015 06:00:00 AM,6,0,6
12/19/2015 06:00:00 AM,2,0,2
12/02/2015 12:00:00 PM,10,2,8
12/16/2015 03:00:00 PM,19,9,10
12/29/2015 09:00:00 AM,14,4,10
12/25/2015 05:00:00 PM,0,0,0
12/18/2015 06:00:00 PM,28,20,8
12/18/2015 07:00:00 AM,10,1,9
12/29/2015 07:00:00 PM,10,3,7
12/16/2015 03:00:00 AM,0,0,0
12/20/2015 12:00:00 PM,12,5,7
12/22/2015 07:00:00 AM,12,3,9
12/17/2015 03:00:00 PM,15,8,7
12/28/2015 06:00:00 AM,3,0,3
12/12/2015 01:00:00 PM,9,2,7
12/03/2015 11:00:00 AM,6,2,4
12/12/2015 04:00:00 PM,5,3,2
12/02/2015 05:00:00 AM,1,0,1
12/02/2015 11:00:00 PM,2,0,2
12/06/2015 07:00:00 PM,4,2,2
12/30/2015 11:00:00 AM,7,1,6
12/10/2015 12:00:00 PM,2,0,2
12/30/2015 02:00:00 AM,0,0,0
12/14/2015 12:00:00 PM,7,2,5
12/11/2015 01:00:00 PM,10,3,7
12/03/2015 11:00:00 PM,0,0,0
12/18/2015 11:00:00 AM,4,3,1
12/16/2015 12:00:00 AM,0,0,0
12/08/2015 02:00:00 AM,0,0,0
12/04/2015 11:00:00 PM,3,1,2
12/19/2015 06:00:00 PM,15,8,7
12/29/2015 10:00:00 PM,1,1,0
12/12/2015 09:00:00 AM,4,1,3
12/26/2015 09:00:00 PM,2,0,2
12/23/2015 11:00:00 PM,7,1,6
12/28/2015 11:00:00 PM,0,0,0
12/08/2015 10:00:00 AM,7,1,6
12/08/2015 07:00:00 AM,18,1,17
12/12/2015 05:00:00 PM,8,8,0
12/16/2015 04:00:00 PM,14,12,2
12/07/2015 03:00:00 AM,0,0,0
12/25/2015 09:00:00 AM,4,0,4
12/03/2015 12:00:00 PM,6,1,5
12/03/2015 10:00:00 AM,2,1,1
12/23/2015 11:00:00 AM,11,9,2
12/04/2015 04:00:00 PM,23,17,6
12/15/2015 11:00:00 AM,2,0,2
12/25/2015 02:00:00 PM,9,6,3
12/09/2015 02:00:00 AM,0,0,0
12/31/2015 10:00:00 PM,0,0,0
12/16/2015 12:00:00 PM,10,4,6
12/28/2015 04:00:00 AM,0,0,0
12/26/2015 07:00:00 AM,6,5,1
12/10/2015 02:00:00 PM,10,4,6
12/26/2015 03:00:00 PM,9,5,4
12/07/2015 04:00:00 PM,16,8,8
12/05/2015 07:00:00 PM,6,2,4
12/17/2015 11:00:00 PM,0,0,0
12/08/2015 05:00:00 AM,2,0,2
12/17/2015 08:00:00 AM,12,1,11
12/14/2015 02:00:00 AM,0,0,0
12/12/2015 09:00:00 PM,4,2,2
12/01/2015 10:00:00 PM,0,0,0
12/08/2015 01:00:00 AM,0,0,0
12/17/2015 02:00:00 PM,5,2,3
12/12/2015 10:00:00 AM,6,2,4
12/18/2015 11:00:00 PM,0,0,0
12/05/2015 12:00:00 PM,13,8,5
12/20/2015 11:00:00 PM,0,0,0
12/20/2015 09:00:00 AM,2,1,1
12/29/2015 02:00:00 PM,4,3,1
12/17/2015 07:00:00 PM,8,3,5
12/01/2015 08:00:00 AM,30,2,28
12/04/2015 06:00:00 PM,16,12,4
12/07/2015 10:00:00 PM,3,3,0
12/31/2015 01:00:00 PM,13,10,3
12/25/2015 04:00:00 PM,6,3,3
12/12/2015 02:00:00 AM,0,0,0
12/31/2015 09:00:00 AM,7,5,2
12/14/2015 11:00:00 AM,6,3,3
12/23/2015 08:00:00 PM,4,0,4
12/26/2015 11:00:00 PM,0,0,0
12/01/2015 09:00:00 AM,20,2,18
12/11/2015 09:00:00 AM,13,5,8
12/13/2015 08:00:00 PM,5,0,5
12/23/2015 07:00:00 PM,8,5,3
12/31/2015 03:00:00 PM,22,12,10
12/17/2015 07:00:00 AM,18,3,15
12/20/2015 04:00:00 AM,0,0,0
12/05/2015 09:00:00 PM,0,0,0
12/29/2015 10:00:00 AM,9,5,4
12/07/2015 03:00:00 PM,10,5,5
12/29/2015 02:00:00 AM,0,0,0
12/07/2015 01:00:00 PM,14,3,11
12/24/2015 11:00:00 PM,0,0,0
12/12/2015 08:00:00 PM,0,0,0
12/22/2015 01:00:00 PM,11,6,5
12/20/2015 01:00:00 PM,10,4,6
12/15/2015 02:00:00 PM,14,8,6
12/17/2015 10:00:00 AM,2,0,2
12/28/2015 09:00:00 PM,1,1,0
12/22/2015 10:00:00 PM,3,1,2
12/10/2015 03:00:00 PM,21,7,14
12/02/2015 06:00:00 PM,24,20,4
12/25/2015 02:00:00 AM,0,0,0
12/25/2015 03:00:00 PM,4,0,4
12/24/2015 08:00:00 AM,3,2,1
12/27/2015 06:00:00 PM,4,2,2
12/31/2015 02:00:00 PM,14,10,4
12/22/2015 04:00:00 AM,0,0,0
12/02/2015 10:00:00 PM,5,1,4
12/14/2015 07:00:00 AM,13,3,10
12/13/2015 01:00:00 PM,17,7,10
12/26/2015 04:00:00 AM,0,0,0
12/01/2015 07:00:00 AM,16,5,11
12/30/2015 06:00:00 AM,4,0,4
12/12/2015 03:00:00 AM,0,0,0
12/29/2015 01:00:00 PM,15,9,6
12/16/2015 07:00:00 AM,22,3,19
12/25/2015 07:00:00 PM,0,0,0
12/12/2015 12:00:00 AM,1,1,0
12/29/2015 09:00:00 PM,1,0,1
12/23/2015 08:00:00 AM,16,3,13
12/23/2015 03:00:00 AM,0,0,0
12/07/2015 08:00:00 AM,21,2,19
12/06/2015 12:00:00 AM,3,3,0
12/22/2015 05:00:00 PM,17,15,2
12/23/2015 07:00:00 AM,10,1,9
12/24/2015 06:00:00 PM,11,4,7
12/03/2015 08:00:00 AM,20,2,18
12/29/2015 04:00:00 AM,2,0,2
12/17/2015 05:00:00 PM,18,12,6
12/18/2015 02:00:00 AM,0,0,0
12/04/2015 01:00:00 AM,0,0,0
12/30/2015 08:00:00 PM,3,1,2
12/25/2015 06:00:00 PM,4,0,4
12/15/2015 03:00:00 PM,14,9,5
12/25/2015 08:00:00 AM,2,2,0
12/19/2015 11:00:00 AM,10,4,6
12/24/2015 06:00:00 AM,3,1,2
12/06/2015 05:00:00 AM,1,0,1
12/30/2015 10:00:00 PM,0,0,0
12/21/2015 02:00:00 AM,0,0,0
12/22/2015 08:00:00 PM,9,7,2
12/28/2015 10:00:00 PM,0,0,0
12/29/2015 05:00:00 AM,0,0,0
12/10/2015 09:00:00 AM,16,4,12
12/14/2015 08:00:00 AM,30,3,27
12/14/2015 10:00:00 AM,8,0,8
12/29/2015 05:00:00 PM,23,11,12
12/20/2015 07:00:00 PM,4,2,2
12/20/2015 09:00:00 PM,11,5,6
12/21/2015 04:00:00 PM,20,12,8
12/05/2015 02:00:00 PM,4,3,1
12/04/2015 05:00:00 PM,26,18,8
12/11/2015 04:00:00 PM,19,7,12
12/02/2015 04:00:00 PM,15,9,6
12/10/2015 05:00:00 PM,22,16,6
12/21/2015 04:00:00 AM,0,0,0
12/13/2015 12:00:00 AM,2,0,2
12/09/2015 04:00:00 PM,27,16,11
12/11/2015 06:00:00 PM,22,15,7
12/16/2015 06:00:00 AM,7,1,6
12/10/2015 08:00:00 AM,24,4,20
12/31/2015 11:00:00 PM,1,1,0
12/03/2015 05:00:00 PM,14,11,3
12/11/2015 05:00:00 PM,19,14,5
12/04/2015 11:00:00 AM,4,2,2
12/27/2015 09:00:00 PM,2,0,2
12/15/2015 01:00:00 PM,11,4,7
12/13/2015 03:00:00 AM,0,0,0
12/03/2015 04:00:00 PM,13,7,6
12/05/2015 06:00:00 PM,13,2,11
12/24/2015 09:00:00 PM,5,2,3
12/24/2015 09:00:00 AM,2,0,2
12/09/2015 11:00:00 PM,4,0,4
12/19/2015 02:00:00 AM,2,0,2
12/15/2015 04:00:00 AM,0,0,0
12/18/2015 05:00:00 AM,0,0,0
12/01/2015 02:00:00 PM,12,5,7
12/03/2015 09:00:00 PM,5,1,4
12/31/2015 01:00:00 AM,0,0,0
12/13/2015 12:00:00 PM,16,9,7
12/06/2015 10:00:00 PM,0,0,0
12/17/2015 01:00:00 PM,3,2,1
12/06/2015 08:00:00 AM,3,1,2
12/17/2015 01:00:00 AM,0,0,0
12/05/2015 06:00:00 AM,3,1,2
12/09/2015 06:00:00 AM,6,2,4
12/13/2015 06:00:00 AM,1,0,1
12/10/2015 08:00:00 PM,6,4,2
12/11/2015 03:00:00 PM,18,9,9
12/29/2015 07:00:00 AM,5,1,4
12/28/2015 05:00:00 AM,0,0,0
12/14/2015 01:00:00 AM,0,0,0
12/28/2015 05:00:00 PM,15,13,2
12/20/2015 02:00:00 PM,4,3,1
12/19/2015 01:00:00 AM,0,0,0
12/30/2015 02:00:00 PM,4,2,2
12/16/2015 05:00:00 PM,27,21,6
12/18/2015 06:00:00 AM,9,2,7
12/20/2015 10:00:00 PM,0,0,0
12/19/2015 11:00:00 PM,2,2,0
12/10/2015 10:00:00 AM,5,2,3
12/27/2015 10:00:00 PM,0,0,0
12/27/2015 01:00:00 PM,0,0,0
12/23/2015 10:00:00 AM,9,2,7
12/13/2015 10:00:00 PM,3,0,3
12/10/2015 12:00:00 AM,1,1,0
12/28/2015 12:00:00 PM,7,6,1
12/31/2015 05:00:00 AM,0,0,0
12/14/2015 05:00:00 AM,0,0,0
12/23/2015 01:00:00 AM,0,0,0
12/25/2015 10:00:00 PM,0,0,0
12/06/2015 06:00:00 AM,1,1,0
12/22/2015 06:00:00 PM,5,4,1
12/01/2015 09:00:00 PM,4,2,2
12/18/2015 02:00:00 PM,10,2,8
12/04/2015 10:00:00 PM,5,0,5
12/31/2015 06:00:00 PM,7,7,0
12/13/2015 07:00:00 PM,4,2,2
12/12/2015 04:00:00 AM,0,0,0
12/18/2015 04:00:00 AM,0,0,0
12/24/2015 08:00:00 PM,5,2,3
12/29/2015 11:00:00 PM,0,0,0
12/22/2015 09:00:00 PM,3,0,3
12/14/2015 04:00:00 PM,28,20,8
12/29/2015 06:00:00 AM,4,0,4
12/13/2015 03:00:00 PM,4,3,1
12/22/2015 02:00:00 PM,13,3,10
12/16/2015 06:00:00 PM,14,11,3
12/25/2015 01:00:00 AM,2,0,2
12/17/2015 06:00:00 AM,8,3,5
12/20/2015 04:00:00 PM,9,1,8
12/28/2015 02:00:00 PM,9,5,4
12/12/2015 11:00:00 PM,5,1,4
12/14/2015 07:00:00 PM,11,11,0
12/24/2015 01:00:00 PM,10,7,3
12/04/2015 06:00:00 AM,6,2,4
12/11/2015 09:00:00 PM,1,1,0
12/04/2015 12:00:00 AM,0,0,0
12/05/2015 04:00:00 AM,0,0,0
12/18/2015 08:00:00 AM,18,1,17
12/30/2015 10:00:00 AM,16,5,11
12/24/2015 03:00:00 AM,0,0,0
12/15/2015 05:00:00 PM,21,15,6
12/08/2015 07:00:00 PM,6,6,0
12/27/2015 05:00:00 AM,0,0,0
12/12/2015 02:00:00 PM,4,0,4
12/02/2015 12:00:00 AM,1,1,0
12/12/2015 06:00:00 PM,4,3,1
12/22/2015 01:00:00 AM,1,1,0
12/06/2015 08:00:00 PM,3,1,2
12/26/2015 03:00:00 AM,0,0,0
01/23/2016 01:00:00 PM,5,2,3
01/21/2016 08:00:00 AM,22,3,19
01/20/2016 01:00:00 PM,8,4,4
01/17/2016 09:00:00 PM,2,2,0
01/07/2016 06:00:00 AM,11,3,8
01/08/2016 11:00:00 PM,2,2,0
01/22/2016 06:00:00 AM,9,1,8
01/21/2016 05:00:00 AM,5,2,3
01/25/2016 06:00:00 PM,23,19,4
01/10/2016 12:00:00 PM,7,2,5
01/26/2016 08:00:00 PM,11,5,6
01/12/2016 11:00:00 AM,8,2,6
01/21/2016 01:00:00 AM,0,0,0
01/09/2016 04:00:00 PM,12,6,6
01/12/2016 04:00:00 AM,0,0,0
01/27/2016 09:00:00 AM,14,1,13
01/31/2016 02:00:00 AM,0,0,0
01/29/2016 01:00:00 AM,0,0,0
01/17/2016 09:00:00 AM,7,4,3
01/12/2016 09:00:00 PM,1,1,0
01/23/2016 06:00:00 AM,0,0,0
01/04/2016 08:00:00 PM,3,2,1
01/04/2016 11:00:00 AM,14,1,13
01/28/2016 06:00:00 AM,6,0,6
01/18/2016 03:00:00 AM,0,0,0
01/20/2016 08:00:00 AM,19,2,17
01/24/2016 03:00:00 AM,0,0,0
01/29/2016 12:00:00 AM,0,0,0
01/07/2016 05:00:00 AM,3,0,3
01/18/2016 12:00:00 PM,9,4,5
01/24/2016 12:00:00 AM,1,1,0
01/23/2016 12:00:00 PM,9,5,4
01/28/2016 02:00:00 PM,12,9,3
01/08/2016 09:00:00 AM,28,1,27
01/19/2016 05:00:00 PM,28,23,5
01/05/2016 08:00:00 AM,24,3,21
01/12/2016 06:00:00 AM,6,2,4
01/28/2016 11:00:00 PM,3,2,1
01/11/2016 02:00:00 PM,14,6,8
01/18/2016 09:00:00 PM,0,0,0
01/23/2016 09:00:00 AM,5,3,2
01/14/2016 12:00:00 PM,8,1,7
01/07/2016 09:00:00 AM,17,2,15
01/03/2016 04:00:00 PM,9,7,2
01/28/2016 04:00:00 PM,23,19,4
01/26/2016 12:00:00 AM,4,1,3
01/20/2016 12:00:00 AM,2,2,0
01/16/2016 03:00:00 AM,0,0,0
01/08/2016 06:00:00 PM,20,15,5
01/09/2016 08:00:00 PM,2,1,1
01/01/2016 01:00:00 PM,15,7,8
01/10/2016 10:00:00 PM,0,0,0
01/20/2016 11:00:00 PM,0,0,0
01/30/2016 06:00:00 AM,5,0,5
01/14/2016 08:00:00 AM,27,4,23
01/21/2016 11:00:00 AM,3,0,3
01/10/2016 03:00:00 PM,21,11,10
01/01/2016 07:00:00 AM,2,0,2
01/04/2016 06:00:00 PM,20,18,2
01/26/2016 09:00:00 PM,1,1,0
01/22/2016 08:00:00 AM,20,4,16
01/15/2016 11:00:00 PM,0,0,0
01/09/2016 01:00:00 AM,0,0,0
01/09/2016 01:00:00 PM,15,8,7
01/16/2016 06:00:00 AM,0,0,0
01/09/2016 10:00:00 AM,5,2,3
01/22/2016 12:00:00 AM,0,0,0
01/09/2016 06:00:00 AM,3,1,2
01/22/2016 11:00:00 AM,7,3,4
01/24/2016 09:00:00 AM,5,2,3
01/26/2016 11:00:00 AM,7,3,4
01/18/2016 04:00:00 PM,11,6,5
01/25/2016 05:00:00 AM,2,0,2
01/03/2016 07:00:00 PM,4,1,3
01/29/2016 09:00:00 PM,4,2,2
01/21/2016 12:00:00 AM,1,1,0
01/18/2016 06:00:00 AM,4,0,4
01/31/2016 03:00:00 PM,11,6,5
01/26/2016 08:00:00 AM,30,6,24
01/07/2016 02:00:00 AM,0,0,0
01/10/2016 08:00:00 PM,1,1,0
01/01/2016 01:00:00 AM,4,2,2
01/23/2016 12:00:00 AM,0,0,0
01/13/2016 07:00:00 PM,12,10,2
01/30/2016 04:00:00 PM,12,9,3
01/17/2016 12:00:00 PM,2,0,2
01/10/2016 03:00:00 AM,0,0,0
01/25/2016 01:00:00 AM,0,0,0
01/09/2016 11:00:00 AM,11,3,8
01/22/2016 09:00:00 AM,16,4,12
01/02/2016 05:00:00 AM,0,0,0
01/23/2016 07:00:00 AM,2,1,1
01/15/2016 06:00:00 PM,26,23,3
01/04/2016 09:00:00 AM,16,5,11
01/10/2016 07:00:00 AM,1,1,0
01/04/2016 07:00:00 PM,2,1,1
01/27/2016 12:00:00 AM,1,1,0
01/17/2016 06:00:00 PM,6,2,4
01/16/2016 05:00:00 PM,5,5,0
01/03/2016 03:00:00 PM,11,6,5
01/12/2016 11:00:00 PM,0,0,0
01/16/2016 06:00:00 PM,1,0,1
01/07/2016 10:00:00 PM,0,0,0
01/18/2016 08:00:00 PM,1,1,0
01/07/2016 11:00:00 AM,6,1,5
01/01/2016 11:00:00 PM,1,1,0
01/08/2016 02:00:00 AM,0,0,0
01/01/2016 08:00:00 PM,0,0,0
01/06/2016 02:00:00 AM,0,0,0
01/08/2016 03:00:00 PM,31,14,17
01/15/2016 01:00:00 PM,5,2,3
01/06/2016 11:00:00 PM,2,2,0
01/02/2016 08:00:00 PM,5,1,4
01/07/2016 02:00:00 PM,7,5,2
01/19/2016 01:00:00 AM,1,1,0
01/04/2016 04:00:00 PM,17,10,7
01/11/2016 08:00:00 PM,3,1,2
01/03/2016 10:00:00 AM,17,7,10
01/11/2016 05:00:00 PM,26,23,3
01/02/2016 12:00:00 PM,11,2,9
01/02/2016 02:00:00 AM,0,0,0
01/06/2016 04:00:00 AM,0,0,0
01/11/2016 10:00:00 PM,5,0,5
01/31/2016 08:00:00 PM,1,0,1
01/30/2016 03:00:00 AM,0,0,0
01/04/2016 04:00:00 AM,1,0,1
01/30/2016 03:00:00 PM,12,8,4
01/14/2016 12:00:00 AM,1,1,0
01/19/2016 11:00:00 AM,13,5,8
01/14/2016 09:00:00 PM,4,2,2
01/18/2016 02:00:00 AM,0,0,0
01/25/2016 12:00:00 AM,2,2,0
01/04/2016 03:00:00 AM,0,0,0
01/21/2016 12:00:00 PM,10,0,10
01/24/2016 04:00:00 AM,1,0,1
01/24/2016 01:00:00 PM,15,7,8
01/14/2016 10:00:00 AM,8,2,6
01/23/2016 04:00:00 PM,6,3,3
01/05/2016 02:00:00 PM,4,2,2
01/25/2016 07:00:00 AM,28,6,22
01/17/2016 04:00:00 AM,0,0,0
01/05/2016 03:00:00 PM,15,10,5
01/04/2016 09:00:00 PM,0,0,0
01/19/2016 08:00:00 PM,15,8,7
01/06/2016 12:00:00 AM,0,0,0
01/22/2016 04:00:00 PM,15,12,3
01/08/2016 09:00:00 PM,6,2,4
01/03/2016 11:00:00 PM,3,1,2
01/24/2016 11:00:00 AM,15,3,12
01/23/2016 11:00:00 PM,1,1,0
01/19/2016 02:00:00 PM,7,2,5
01/11/2016 09:00:00 AM,20,2,18
01/22/2016 12:00:00 PM,16,7,9
01/15/2016 11:00:00 AM,7,1,6
01/13/2016 08:00:00 AM,16,1,15
01/06/2016 12:00:00 PM,16,5,11
01/10/2016 10:00:00 AM,5,2,3
01/17/2016 02:00:00 PM,9,4,5
01/06/2016 07:00:00 PM,11,9,2
01/17/2016 11:00:00 AM,9,2,7
01/21/2016 10:00:00 PM,2,2,0
01/08/2016 08:00:00 PM,7,4,3
01/26/2016 07:00:00 PM,10,8,2
01/21/2016 06:00:00 PM,19,15,4
01/15/2016 05:00:00 PM,32,23,9
01/19/2016 07:00:00 AM,23,7,16
01/28/2016 08:00:00 PM,8,8,0
01/03/2016 04:00:00 AM,0,0,0
01/19/2016 07:00:00 PM,9,4,5
01/19/2016 03:00:00 PM,20,14,6
01/12/2016 04:00:00 PM,17,11,6
01/10/2016 04:00:00 PM,16,10,6
01/05/2016 11:00:00 AM,8,1,7
01/25/2016 06:00:00 AM,9,2,7
01/21/2016 01:00:00 PM,3,1,2
01/18/2016 03:00:00 PM,20,12,8
01/09/2016 09:00:00 PM,5,1,4
01/25/2016 12:00:00 PM,5,3,2
01/31/2016 06:00:00 PM,9,2,7
01/10/2016 01:00:00 PM,23,11,12
01/14/2016 02:00:00 PM,11,6,5
01/11/2016 03:00:00 PM,16,7,9
01/17/2016 10:00:00 AM,9,0,9
01/27/2016 06:00:00 AM,7,0,7
01/12/2016 12:00:00 PM,6,4,2
01/20/2016 11:00:00 AM,6,2,4
01/24/2016 07:00:00 AM,1,1,0
01/27/2016 03:00:00 PM,8,6,2
01/03/2016 06:00:00 PM,2,0,2
01/23/2016 10:00:00 PM,2,2,0
01/14/2016 08:00:00 PM,4,4,0
01/27/2016 03:00:00 AM,0,0,0
01/26/2016 02:00:00 PM,11,6,5
01/09/2016 07:00:00 AM,4,2,2
01/14/2016 09:00:00 AM,26,1,25
01/27/2016 05:00:00 AM,1,0,1
01/06/2016 01:00:00 PM,7,4,3
01/02/2016 10:00:00 PM,0,0,0
01/21/2016 03:00:00 AM,2,2,0
01/01/2016 03:00:00 PM,16,11,5
01/10/2016 11:00:00 AM,4,2,2
01/01/2016 07:00:00 PM,8,2,6
01/03/2016 08:00:00 AM,3,2,1
01/12/2016 03:00:00 AM,0,0,0
01/18/2016 06:00:00 PM,11,4,7
01/01/2016 03:00:00 AM,0,0,0
01/25/2016 04:00:00 AM,2,0,2
01/11/2016 10:00:00 AM,8,0,8
01/25/2016 10:00:00 PM,5,2,3
01/25/2016 01:00:00 PM,13,3,10
01/03/2016 01:00:00 AM,0,0,0
01/19/2016 04:00:00 PM,16,10,6
01/29/2016 02:00:00 PM,12,6,6
01/07/2016 09:00:00 PM,2,0,2
01/18/2016 07:00:00 AM,11,3,8
01/21/2016 05:00:00 PM,21,17,4
01/09/2016 09:00:00 AM,9,4,5
01/02/2016 04:00:00 PM,17,7,10
01/07/2016 07:00:00 AM,19,3,16
01/17/2016 01:00:00 AM,2,0,2
01/22/2016 01:00:00 AM,0,0,0
01/23/2016 08:00:00 AM,0,0,0
01/02/2016 07:00:00 AM,2,1,1
01/27/2016 05:00:00 PM,27,20,7
01/19/2016 10:00:00 PM,0,0,0
01/29/2016 05:00:00 AM,2,2,0
01/03/2016 05:00:00 PM,12,0,12
01/03/2016 08:00:00 PM,8,3,5
01/11/2016 05:00:00 AM,0,0,0
01/28/2016 12:00:00 PM,3,2,1
01/27/2016 11:00:00 PM,0,0,0
01/30/2016 07:00:00 PM,4,4,0
01/27/2016 10:00:00 PM,4,2,2
01/07/2016 08:00:00 AM,22,3,19
01/21/2016 04:00:00 AM,1,0,1
01/27/2016 11:00:00 AM,7,1,6
01/23/2016 04:00:00 AM,1,0,1
01/08/2016 04:00:00 PM,31,21,10
01/01/2016 09:00:00 PM,3,1,2
01/29/2016 03:00:00 AM,2,2,0
01/16/2016 01:00:00 AM,0,0,0
01/13/2016 05:00:00 PM,21,11,10
01/23/2016 09:00:00 PM,4,2,2
01/05/2016 07:00:00 AM,18,1,17
01/18/2016 11:00:00 PM,3,1,2
01/30/2016 04:00:00 AM,0,0,0
01/14/2016 03:00:00 PM,19,14,5
01/01/2016 10:00:00 PM,0,0,0
01/04/2016 12:00:00 AM,2,2,0
01/26/2016 10:00:00 PM,0,0,0
01/29/2016 08:00:00 PM,4,2,2
01/08/2016 07:00:00 PM,12,8,4
01/04/2016 10:00:00 AM,15,2,13
01/15/2016 12:00:00 PM,6,5,1
01/10/2016 05:00:00 AM,1,0,1
01/10/2016 08:00:00 AM,8,6,2
01/11/2016 01:00:00 PM,7,4,3
01/24/2016 11:00:00 PM,0,0,0
01/06/2016 05:00:00 PM,31,28,3
01/12/2016 10:00:00 PM,3,1,2
01/16/2016 12:00:00 PM,15,9,6
01/20/2016 01:00:00 AM,0,0,0
01/23/2016 05:00:00 PM,4,3,1
01/23/2016 02:00:00 PM,6,4,2
01/10/2016 06:00:00 PM,6,2,4
01/13/2016 09:00:00 AM,11,3,8
01/30/2016 09:00:00 PM,7,4,3
01/11/2016 01:00:00 AM,0,0,0
01/30/2016 11:00:00 AM,10,8,2
01/21/2016 07:00:00 PM,15,5,10
01/28/2016 09:00:00 AM,9,1,8
01/28/2016 10:00:00 AM,9,2,7
01/10/2016 09:00:00 AM,12,8,4
01/24/2016 08:00:00 PM,12,3,9
01/14/2016 11:00:00 PM,0,0,0
01/22/2016 10:00:00 AM,20,2,18
01/23/2016 02:00:00 AM,0,0,0
01/05/2016 04:00:00 AM,1,0,1
01/12/2016 02:00:00 AM,0,0,0
01/17/2016 12:00:00 AM,1,1,0
01/03/2016 11:00:00 AM,8,4,4
01/13/2016 08:00:00 PM,5,5,0
01/16/2016 10:00:00 AM,9,6,3
01/06/2016 01:00:00 AM,0,0,0
01/02/2016 07:00:00 PM,7,1,6
01/23/2016 07:00:00 PM,6,3,3
01/18/2016 01:00:00 PM,22,6,16
01/05/2016 01:00:00 AM,0,0,0
01/03/2016 06:00:00 AM,6,2,4
01/13/2016 05:00:00 AM,1,0,1
01/17/2016 08:00:00 PM,0,0,0
01/22/2016 11:00:00 PM,2,0,2
01/31/2016 02:00:00 PM,16,4,12
01/29/2016 11:00:00 AM,14,6,8
01/05/2016 02:00:00 AM,0,0,0
01/19/2016 12:00:00 PM,8,2,6
01/15/2016 04:00:00 AM,0,0,0
01/10/2016 11:00:00 PM,0,0,0
01/30/2016 09:00:00 AM,5,4,1
01/10/2016 02:00:00 AM,0,0,0
01/06/2016 02:00:00 PM,15,10,5
01/16/2016 08:00:00 PM,0,0,0
01/15/2016 02:00:00 PM,9,6,3
01/04/2016 01:00:00 AM,0,0,0
01/23/2016 01:00:00 AM,1,1,0
01/29/2016 06:00:00 PM,18,15,3
01/10/2016 02:00:00 PM,14,10,4
01/01/2016 05:00:00 PM,8,2,6
01/01/2016 06:00:00 PM,4,2,2
01/31/2016 05:00:00 PM,1,0,1
01/15/2016 05:00:00 AM,1,0,1
01/20/2016 10:00:00 AM,15,3,12
01/20/2016 05:00:00 PM,32,23,9
01/10/2016 09:00:00 PM,1,1,0
01/20/2016 07:00:00 PM,12,11,1
01/24/2016 12:00:00 PM,16,9,7
01/25/2016 10:00:00 AM,13,1,12
01/11/2016 08:00:00 AM,14,1,13
01/01/2016 12:00:00 PM,7,5,2
01/15/2016 01:00:00 AM,1,1,0
01/24/2016 07:00:00 PM,1,0,1
01/24/2016 10:00:00 AM,9,2,7
01/25/2016 08:00:00 PM,6,5,1
01/24/2016 06:00:00 AM,1,1,0
01/20/2016 04:00:00 PM,18,12,6
01/09/2016 12:00:00 AM,0,0,0
01/22/2016 05:00:00 PM,28,22,6
01/09/2016 05:00:00 PM,9,4,5
01/24/2016 01:00:00 AM,0,0,0
01/20/2016 08:00:00 PM,8,6,2
01/14/2016 05:00:00 AM,0,0,0
01/10/2016 04:00:00 AM,0,0,0
01/08/2016 04:00:00 AM,0,0,0
01/12/2016 12:00:00 AM,0,0,0
01/09/2016 07:00:00 PM,11,6,5
01/10/2016 07:00:00 PM,0,0,0
01/26/2016 04:00:00 AM,2,0,2
01/22/2016 02:00:00 AM,2,0,2
01/09/2016 03:00:00 PM,10,5,5
01/05/2016 07:00:00 PM,12,11,1
01/06/2016 08:00:00 AM,19,2,17
01/25/2016 04:00:00 PM,26,20,6
01/24/2016 08:00:00 AM,8,4,4
01/26/2016 10:00:00 AM,6,0,6
01/16/2016 09:00:00 PM,4,2,2
01/17/2016 11:00:00 PM,0,0,0
01/22/2016 03:00:00 AM,0,0,0
01/15/2016 12:00:00 AM,0,0,0
01/11/2016 07:00:00 AM,13,3,10
01/15/2016 03:00:00 AM,0,0,0
01/14/2016 06:00:00 AM,10,3,7
01/31/2016 04:00:00 AM,0,0,0
01/16/2016 03:00:00 PM,3,1,2
01/03/2016 01:00:00 PM,21,8,13
01/18/2016 05:00:00 AM,2,1,1
01/02/2016 09:00:00 AM,2,1,1
01/08/2016 06:00:00 AM,9,4,5
01/08/2016 03:00:00 AM,0,0,0
01/18/2016 10:00:00 AM,4,1,3
01/04/2016 06:00:00 AM,9,3,6
01/25/2016 09:00:00 AM,28,6,22
01/22/2016 10:00:00 PM,3,1,2
01/08/2016 10:00:00 AM,16,1,15
01/14/2016 10:00:00 PM,2,2,0
01/21/2016 04:00:00 PM,16,8,8
01/30/2016 12:00:00 PM,15,6,9
01/14/2016 04:00:00 PM,24,18,6
01/08/2016 02:00:00 PM,15,5,10
01/20/2016 04:00:00 AM,1,0,1
01/28/2016 03:00:00 AM,0,0,0
01/31/2016 01:00:00 PM,12,3,9
01/10/2016 01:00:00 AM,0,0,0
01/20/2016 03:00:00 AM,0,0,0
01/20/2016 10:00:00 PM,0,0,0
01/29/2016 03:00:00 PM,18,8,10
01/02/2016 11:00:00 PM,0,0,0
01/06/2016 07:00:00 AM,22,9,13
01/13/2016 07:00:00 AM,9,2,7
01/07/2016 12:00:00 PM,7,1,6
01/13/2016 06:00:00 PM,19,10,9
01/19/2016 02:00:00 AM,0,0,0
01/16/2016 07:00:00 PM,6,5,1
01/23/2016 05:00:00 AM,0,0,0
01/09/2016 06:00:00 PM,3,1,2
01/28/2016 12:00:00 AM,1,1,0
01/28/2016 07:00:00 AM,9,3,6
01/13/2016 02:00:00 PM,12,5,7
01/06/2016 10:00:00 AM,9,2,7
01/23/2016 10:00:00 AM,8,3,5
01/30/2016 08:00:00 AM,9,3,6
01/12/2016 06:00:00 PM,25,16,9
01/04/2016 02:00:00 AM,0,0,0
01/22/2016 02:00:00 PM,9,5,4
01/28/2016 06:00:00 PM,26,22,4
01/16/2016 11:00:00 AM,12,7,5
01/05/2016 06:00:00 AM,11,0,11
01/04/2016 02:00:00 PM,4,1,3
01/31/2016 11:00:00 PM,2,2,0
01/30/2016 02:00:00 AM,0,0,0
01/17/2016 05:00:00 AM,0,0,0
01/26/2016 05:00:00 PM,23,23,0
01/29/2016 10:00:00 AM,19,5,14
01/09/2016 05:00:00 AM,1,0,1
01/17/2016 07:00:00 AM,8,5,3
01/15/2016 09:00:00 AM,16,2,14
01/17/2016 04:00:00 PM,11,6,5
01/30/2016 12:00:00 AM,3,2,1
01/16/2016 04:00:00 PM,7,6,1
01/13/2016 06:00:00 AM,6,3,3
01/23/2016 03:00:00 PM,10,3,7
01/12/2016 01:00:00 AM,1,1,0
01/12/2016 10:00:00 AM,10,4,6
01/30/2016 01:00:00 PM,10,4,6
01/02/2016 09:00:00 PM,0,0,0
01/16/2016 10:00:00 PM,4,3,1
01/23/2016 11:00:00 AM,4,1,3
01/28/2016 03:00:00 PM,13,6,7
01/17/2016 06:00:00 AM,3,0,3
01/31/2016 10:00:00 AM,7,2,5
01/02/2016 03:00:00 PM,8,5,3
01/13/2016 03:00:00 PM,12,6,6
01/04/2016 05:00:00 AM,1,1,0
01/08/2016 11:00:00 AM,9,4,5
01/01/2016 02:00:00 PM,5,5,0
01/09/2016 08:00:00 AM,1,1,0
01/09/2016 02:00:00 PM,10,8,2
01/07/2016 04:00:00 PM,25,19,6
01/07/2016 08:00:00 PM,5,3,2
01/20/2016 06:00:00 PM,20,16,4
01/09/2016 04:00:00 AM,0,0,0
01/06/2016 03:00:00 PM,10,6,4
01/27/2016 10:00:00 AM,9,1,8
01/31/2016 08:00:00 AM,5,5,0
01/24/2016 10:00:00 PM,5,5,0
01/04/2016 05:00:00 PM,29,17,12
01/13/2016 01:00:00 AM,0,0,0
01/15/2016 08:00:00 PM,9,7,2
01/05/2016 05:00:00 AM,2,1,1
01/19/2016 11:00:00 PM,0,0,0
01/15/2016 09:00:00 PM,0,0,0
01/12/2016 07:00:00 PM,10,10,0
01/05/2016 09:00:00 PM,0,0,0
01/15/2016 10:00:00 PM,0,0,0
01/25/2016 11:00:00 AM,15,10,5
01/14/2016 03:00:00 AM,0,0,0
01/19/2016 06:00:00 AM,11,2,9
01/25/2016 02:00:00 PM,23,10,13
01/14/2016 01:00:00 AM,0,0,0
01/05/2016 08:00:00 PM,11,5,6
01/11/2016 11:00:00 AM,5,1,4
01/14/2016 02:00:00 AM,0,0,0
01/22/2016 01:00:00 PM,10,8,2
01/13/2016 03:00:00 AM,0,0,0
01/16/2016 07:00:00 AM,2,2,0
01/12/2016 05:00:00 AM,3,0,3
01/31/2016 03:00:00 AM,0,0,0
01/07/2016 01:00:00 PM,8,5,3
01/13/2016 01:00:00 PM,10,7,3
01/07/2016 10:00:00 AM,9,1,8
01/29/2016 04:00:00 AM,1,0,1
01/21/2016 03:00:00 PM,7,3,4
01/02/2016 02:00:00 PM,13,10,3
01/26/2016 06:00:00 PM,20,17,3
01/08/2016 12:00:00 AM,1,1,0
01/02/2016 03:00:00 AM,0,0,0
01/24/2016 02:00:00 PM,20,12,8
01/14/2016 07:00:00 AM,22,6,16
01/11/2016 04:00:00 AM,1,0,1
01/13/2016 12:00:00 PM,7,6,1
01/30/2016 05:00:00 AM,0,0,0
01/31/2016 09:00:00 AM,13,3,10
01/26/2016 03:00:00 PM,13,5,8
01/06/2016 05:00:00 AM,3,0,3
01/28/2016 02:00:00 AM,0,0,0
01/31/2016 01:00:00 AM,0,0,0
01/18/2016 12:00:00 AM,1,1,0
01/24/2016 02:00:00 AM,0,0,0
01/26/2016 01:00:00 AM,0,0,0
01/11/2016 12:00:00 AM,1,1,0
01/30/2016 08:00:00 PM,1,1,0
01/16/2016 09:00:00 AM,0,0,0
01/15/2016 07:00:00 PM,11,11,0
01/14/2016 04:00:00 AM,1,0,1
01/07/2016 05:00:00 PM,25,15,10
01/15/2016 08:00:00 AM,16,3,13
01/22/2016 09:00:00 PM,2,1,1
01/04/2016 08:00:00 AM,17,3,14
01/21/2016 08:00:00 PM,1,1,0
01/29/2016 01:00:00 PM,9,1,8
01/17/2016 03:00:00 AM,0,0,0
01/03/2016 09:00:00 AM,3,2,1
01/01/2016 02:00:00 AM,3,3,0
01/31/2016 07:00:00 AM,5,3,2
01/19/2016 01:00:00 PM,5,5,0
01/14/2016 11:00:00 AM,5,3,2
01/23/2016 06:00:00 PM,4,0,4
01/25/2016 05:00:00 PM,39,33,6
01/06/2016 08:00:00 PM,10,6,4
01/27/2016 02:00:00 AM,0,0,0
01/24/2016 03:00:00 PM,20,12,8
01/18/2016 07:00:00 PM,1,1,0
01/06/2016 09:00:00 PM,0,0,0
01/16/2016 08:00:00 AM,2,0,2
01/27/2016 12:00:00 PM,12,10,2
01/26/2016 09:00:00 AM,25,3,22
01/28/2016 07:00:00 PM,9,9,0
01/02/2016 04:00:00 AM,0,0,0
01/16/2016 04:00:00 AM,0,0,0
01/14/2016 06:00:00 PM,18,16,2
01/08/2016 05:00:00 PM,38,29,9
01/16/2016 01:00:00 PM,6,3,3
01/26/2016 03:00:00 AM,0,0,0
01/05/2016 03:00:00 AM,0,0,0
01/29/2016 08:00:00 AM,23,5,18
01/26/2016 04:00:00 PM,15,11,4
01/21/2016 02:00:00 AM,0,0,0
01/26/2016 11:00:00 PM,3,1,2
01/04/2016 11:00:00 PM,1,1,0
01/31/2016 10:00:00 PM,2,0,2
01/18/2016 04:00:00 AM,0,0,0
01/25/2016 03:00:00 PM,16,3,13
01/19/2016 09:00:00 PM,4,4,0
01/01/2016 12:00:00 AM,6,2,4
01/23/2016 08:00:00 PM,4,0,4
01/15/2016 10:00:00 AM,11,4,7
01/02/2016 01:00:00 AM,0,0,0
01/13/2016 11:00:00 AM,6,0,6
01/29/2016 09:00:00 AM,17,2,15
01/09/2016 10:00:00 PM,0,0,0
01/18/2016 02:00:00 PM,8,6,2
01/19/2016 09:00:00 AM,29,1,28
01/01/2016 05:00:00 AM,1,0,1
01/22/2016 08:00:00 PM,4,4,0
01/05/2016 09:00:00 AM,19,1,18
01/02/2016 08:00:00 AM,0,0,0
01/06/2016 06:00:00 PM,17,17,0
01/05/2016 04:00:00 PM,22,14,8
01/11/2016 11:00:00 PM,3,3,0
01/21/2016 07:00:00 AM,12,8,4
01/24/2016 09:00:00 PM,0,0,0
01/02/2016 10:00:00 AM,6,4,2
01/16/2016 12:00:00 AM,0,0,0
01/06/2016 09:00:00 AM,17,2,15
01/21/2016 02:00:00 PM,6,1,5
01/31/2016 12:00:00 AM,1,1,0
01/04/2016 01:00:00 PM,4,4,0
01/25/2016 02:00:00 AM,2,0,2
01/11/2016 09:00:00 PM,1,0,1
01/20/2016 02:00:00 PM,12,6,6
01/19/2016 08:00:00 AM,24,1,23
01/07/2016 03:00:00 AM,0,0,0
01/11/2016 02:00:00 AM,0,0,0
01/10/2016 05:00:00 PM,6,2,4
01/30/2016 01:00:00 AM,0,0,0
01/25/2016 07:00:00 PM,11,8,3
01/03/2016 12:00:00 AM,0,0,0
01/19/2016 12:00:00 AM,1,1,0
01/31/2016 09:00:00 PM,5,5,0
01/25/2016 11:00:00 PM,0,0,0
01/25/2016 03:00:00 AM,0,0,0
01/20/2016 07:00:00 AM,25,6,19
01/22/2016 07:00:00 AM,12,2,10
01/27/2016 07:00:00 PM,10,4,6
01/13/2016 10:00:00 AM,9,4,5
01/06/2016 03:00:00 AM,1,0,1
01/30/2016 10:00:00 AM,10,3,7
01/16/2016 11:00:00 PM,7,1,6
01/02/2016 05:00:00 PM,11,5,6
01/17/2016 10:00:00 PM,3,1,2
01/02/2016 06:00:00 PM,1,0,1
01/23/2016 03:00:00 AM,0,0,0
01/05/2016 12:00:00 PM,2,2,0
01/13/2016 09:00:00 PM,10,5,5
01/05/2016 01:00:00 PM,6,2,4
01/30/2016 11:00:00 PM,2,2,0
01/05/2016 11:00:00 PM,4,1,3
01/20/2016 06:00:00 AM,11,1,10
01/03/2016 09:00:00 PM,0,0,0
01/03/2016 05:00:00 AM,1,0,1
01/16/2016 02:00:00 PM,6,3,3
01/05/2016 12:00:00 AM,2,2,0
01/29/2016 10:00:00 PM,8,7,1
01/14/2016 05:00:00 PM,26,25,1
01/02/2016 06:00:00 AM,4,1,3
01/26/2016 01:00:00 PM,3,1,2
01/29/2016 06:00:00 AM,12,2,10
01/13/2016 11:00:00 PM,0,0,0
01/19/2016 03:00:00 AM,0,0,0
01/27/2016 04:00:00 AM,1,0,1
01/22/2016 04:00:00 AM,2,0,2
01/02/2016 12:00:00 AM,0,0,0
01/29/2016 11:00:00 PM,0,0,0
01/01/2016 08:00:00 AM,2,1,1
01/18/2016 01:00:00 AM,0,0,0
01/06/2016 11:00:00 AM,14,5,9
01/13/2016 04:00:00 AM,1,0,1
01/07/2016 07:00:00 PM,20,12,8
01/29/2016 12:00:00 PM,21,8,13
01/19/2016 06:00:00 PM,27,23,4
01/03/2016 12:00:00 PM,8,5,3
01/03/2016 10:00:00 PM,0,0,0
01/11/2016 07:00:00 PM,11,9,2
01/17/2016 03:00:00 PM,6,3,3
01/17/2016 01:00:00 PM,11,3,8
01/28/2016 11:00:00 AM,3,0,3
01/30/2016 07:00:00 AM,1,1,0
01/08/2016 07:00:00 AM,18,1,17
01/12/2016 08:00:00 AM,24,1,23
01/06/2016 06:00:00 AM,12,2,10
01/02/2016 11:00:00 AM,14,5,9
01/21/2016 09:00:00 PM,5,2,3
01/13/2016 02:00:00 AM,2,0,2
01/11/2016 03:00:00 AM,0,0,0
01/15/2016 03:00:00 PM,15,8,7
01/24/2016 05:00:00 PM,6,6,0
01/11/2016 06:00:00 PM,22,20,2
01/31/2016 07:00:00 PM,6,1,5
01/06/2016 10:00:00 PM,0,0,0
01/21/2016 06:00:00 AM,4,0,4
01/29/2016 05:00:00 PM,30,24,6
01/30/2016 06:00:00 PM,4,2,2
01/07/2016 11:00:00 PM,1,1,0
01/20/2016 09:00:00 PM,2,2,0
01/18/2016 08:00:00 AM,9,2,7
01/31/2016 06:00:00 AM,3,0,3
01/03/2016 07:00:00 AM,2,2,0
01/27/2016 08:00:00 PM,16,10,6
01/08/2016 01:00:00 PM,15,5,10
01/16/2016 02:00:00 AM,0,0,0
01/09/2016 11:00:00 PM,0,0,0
01/20/2016 02:00:00 AM,0,0,0
01/27/2016 01:00:00 AM,0,0,0
01/27/2016 02:00:00 PM,9,5,4
01/12/2016 02:00:00 PM,7,5,2
01/15/2016 04:00:00 PM,13,7,6
01/17/2016 05:00:00 PM,2,1,1
01/09/2016 03:00:00 AM,0,0,0
01/14/2016 01:00:00 PM,5,3,2
01/11/2016 12:00:00 PM,5,4,1
01/19/2016 05:00:00 AM,0,0,0
01/13/2016 04:00:00 PM,22,11,11
01/28/2016 04:00:00 AM,1,0,1
01/22/2016 07:00:00 PM,10,5,5
01/04/2016 12:00:00 PM,7,1,6
01/16/2016 05:00:00 AM,0,0,0
01/28/2016 01:00:00 PM,12,4,8
01/27/2016 07:00:00 AM,23,6,17
01/26/2016 05:00:00 AM,2,0,2
01/19/2016 04:00:00 AM,1,0,1
01/31/2016 04:00:00 PM,9,7,2
01/08/2016 01:00:00 AM,0,0,0
01/25/2016 08:00:00 AM,28,2,26
01/12/2016 07:00:00 AM,16,1,15
01/01/2016 04:00:00 PM,5,2,3
01/06/2016 04:00:00 PM,26,15,11
01/03/2016 02:00:00 AM,0,0,0
01/10/2016 06:00:00 AM,3,1,2
01/21/2016 11:00:00 PM,2,0,2
01/28/2016 09:00:00 PM,5,0,5
01/14/2016 07:00:00 PM,20,11,9
01/30/2016 10:00:00 PM,4,2,2
01/01/2016 04:00:00 AM,0,0,0
01/26/2016 07:00:00 AM,19,2,17
01/12/2016 03:00:00 PM,11,8,3
01/25/2016 09:00:00 PM,4,2,2
01/09/2016 12:00:00 PM,9,3,6
01/17/2016 07:00:00 PM,4,2,2
01/08/2016 05:00:00 AM,2,0,2
01/27/2016 01:00:00 PM,9,2,7
01/17/2016 02:00:00 AM,0,0,0
01/28/2016 08:00:00 AM,21,4,17
01/31/2016 12:00:00 PM,20,11,9
01/05/2016 10:00:00 PM,3,1,2
01/28/2016 05:00:00 PM,15,13,2
01/28/2016 10:00:00 PM,2,1,1
01/11/2016 04:00:00 PM,24,16,8
01/12/2016 01:00:00 PM,6,3,3
01/03/2016 03:00:00 AM,0,0,0
01/05/2016 06:00:00 PM,21,17,4
01/28/2016 01:00:00 AM,0,0,0
01/24/2016 05:00:00 AM,1,1,0
01/29/2016 04:00:00 PM,18,13,5
01/30/2016 02:00:00 PM,15,7,8
01/05/2016 10:00:00 AM,13,3,10
01/29/2016 02:00:00 AM,0,0,0
01/15/2016 06:00:00 AM,11,3,8
01/12/2016 05:00:00 PM,32,21,11
01/04/2016 10:00:00 PM,1,1,0
01/28/2016 05:00:00 AM,1,0,1
01/03/2016 02:00:00 PM,5,3,2
01/26/2016 06:00:00 AM,11,2,9
01/04/2016 03:00:00 PM,8,5,3
01/19/2016 10:00:00 AM,11,3,8
01/21/2016 10:00:00 AM,10,3,7
01/20/2016 12:00:00 PM,12,5,7
01/05/2016 05:00:00 PM,45,33,12
01/18/2016 05:00:00 PM,12,10,2
01/20/2016 05:00:00 AM,2,1,1
01/15/2016 07:00:00 AM,19,2,17
01/12/2016 08:00:00 PM,5,3,2
01/18/2016 10:00:00 PM,5,0,5
01/18/2016 11:00:00 AM,3,0,3
01/08/2016 10:00:00 PM,8,4,4
01/01/2016 10:00:00 AM,1,0,1
01/24/2016 06:00:00 PM,8,3,5
01/08/2016 08:00:00 AM,18,3,15
01/20/2016 09:00:00 AM,20,2,18
01/29/2016 07:00:00 AM,18,5,13
01/11/2016 06:00:00 AM,9,1,8
01/27/2016 09:00:00 PM,5,1,4
01/27/2016 04:00:00 PM,19,12,7
01/07/2016 03:00:00 PM,15,10,5
01/01/2016 09:00:00 AM,0,0,0
01/22/2016 05:00:00 AM,0,0,0
01/24/2016 04:00:00 PM,21,16,5
01/09/2016 02:00:00 AM,0,0,0
01/10/2016 12:00:00 AM,1,1,0
01/31/2016 11:00:00 AM,22,13,9
01/08/2016 12:00:00 PM,10,3,7
01/26/2016 12:00:00 PM,5,0,5
01/01/2016 11:00:00 AM,10,0,10
01/22/2016 06:00:00 PM,19,12,7
01/27/2016 08:00:00 AM,25,5,20
01/12/2016 09:00:00 AM,22,4,18
01/20/2016 03:00:00 PM,12,9,3
01/13/2016 10:00:00 PM,2,1,1
01/29/2016 07:00:00 PM,12,8,4
01/26/2016 02:00:00 AM,0,0,0
01/13/2016 12:00:00 AM,1,1,0
01/22/2016 03:00:00 PM,21,16,5
01/07/2016 01:00:00 AM,0,0,0
01/27/2016 06:00:00 PM,19,15,4
01/01/2016 06:00:00 AM,1,0,1
01/18/2016 09:00:00 AM,9,6,3
01/02/2016 01:00:00 PM,5,3,2
01/04/2016 07:00:00 AM,20,3,17
01/21/2016 09:00:00 AM,12,3,9
01/07/2016 12:00:00 AM,0,0,0
01/17/2016 08:00:00 AM,2,1,1
01/31/2016 05:00:00 AM,1,0,1
01/07/2016 06:00:00 PM,18,14,4
01/30/2016 05:00:00 PM,11,6,5
01/07/2016 04:00:00 AM,0,0,0
01/15/2016 02:00:00 AM,0,0,0
02/01/2016 09:00:00 AM,20,5,15
02/23/2016 06:00:00 AM,11,0,11
02/09/2016 05:00:00 PM,37,30,7
02/12/2016 10:00:00 PM,2,0,2
02/05/2016 09:00:00 PM,0,0,0
02/12/2016 04:00:00 AM,2,0,2
02/08/2016 10:00:00 AM,16,3,13
02/23/2016 09:00:00 PM,2,2,0
02/08/2016 07:00:00 PM,10,10,0
02/05/2016 11:00:00 AM,5,2,3
02/06/2016 07:00:00 PM,8,5,3
02/21/2016 02:00:00 PM,6,2,4
02/18/2016 12:00:00 AM,1,1,0
02/27/2016 11:00:00 PM,0,0,0
02/26/2016 05:00:00 AM,4,0,4
02/18/2016 11:00:00 AM,7,5,2
02/11/2016 12:00:00 PM,7,3,4
02/20/2016 11:00:00 AM,8,1,7
02/18/2016 08:00:00 AM,28,4,24
02/14/2016 06:00:00 PM,6,2,4
02/01/2016 08:00:00 PM,4,4,0
02/16/2016 03:00:00 PM,10,5,5
02/06/2016 11:00:00 AM,9,4,5
02/14/2016 04:00:00 PM,10,1,9
02/25/2016 05:00:00 AM,1,1,0
02/07/2016 05:00:00 AM,1,0,1
02/01/2016 05:00:00 PM,40,39,1
02/22/2016 08:00:00 PM,5,2,3
02/21/2016 10:00:00 PM,0,0,0
02/18/2016 10:00:00 PM,3,1,2
02/16/2016 12:00:00 PM,21,7,14
02/15/2016 02:00:00 PM,1,0,1
02/13/2016 04:00:00 PM,5,1,4
02/12/2016 01:00:00 AM,0,0,0
02/14/2016 03:00:00 PM,5,4,1
02/16/2016 08:00:00 PM,7,4,3
02/09/2016 01:00:00 PM,9,3,6
02/16/2016 11:00:00 AM,10,3,7
02/12/2016 01:00:00 PM,5,1,4
02/02/2016 04:00:00 PM,26,18,8
02/18/2016 08:00:00 PM,5,3,2
02/18/2016 10:00:00 AM,10,4,6
02/14/2016 01:00:00 AM,0,0,0
02/28/2016 11:00:00 AM,12,4,8
02/26/2016 08:00:00 PM,2,2,0
02/15/2016 03:00:00 AM,0,0,0
02/15/2016 09:00:00 AM,7,1,6
02/12/2016 07:00:00 AM,14,3,11
02/23/2016 02:00:00 AM,0,0,0
02/13/2016 10:00:00 PM,2,0,2
02/07/2016 02:00:00 PM,16,8,8
02/04/2016 02:00:00 PM,10,3,7
02/14/2016 12:00:00 AM,1,1,0
02/02/2016 08:00:00 PM,9,4,5
02/03/2016 01:00:00 PM,5,4,1
02/09/2016 01:00:00 AM,0,0,0
02/20/2016 02:00:00 PM,13,6,7
02/11/2016 08:00:00 PM,3,2,1
02/27/2016 02:00:00 PM,9,4,5
02/28/2016 12:00:00 AM,1,0,1
02/01/2016 11:00:00 PM,0,0,0
02/28/2016 01:00:00 PM,9,0,9
02/17/2016 03:00:00 PM,14,8,6
02/05/2016 01:00:00 PM,3,2,1
02/16/2016 08:00:00 AM,10,0,10
02/13/2016 08:00:00 PM,2,2,0
02/04/2016 09:00:00 PM,9,4,5
02/27/2016 08:00:00 AM,8,2,6
02/02/2016 07:00:00 AM,28,9,19
02/10/2016 02:00:00 PM,15,8,7
02/20/2016 06:00:00 PM,2,2,0
02/22/2016 08:00:00 AM,39,9,30
02/19/2016 03:00:00 PM,11,4,7
02/10/2016 05:00:00 AM,3,2,1
02/11/2016 07:00:00 PM,17,15,2
02/29/2016 06:00:00 PM,24,24,0
02/05/2016 05:00:00 PM,19,15,4
02/18/2016 04:00:00 PM,10,7,3
02/25/2016 03:00:00 PM,21,12,9
02/26/2016 05:00:00 PM,29,19,10
02/02/2016 02:00:00 PM,11,6,5
02/20/2016 01:00:00 AM,0,0,0
02/16/2016 10:00:00 PM,5,3,2
02/25/2016 12:00:00 PM,17,11,6
02/17/2016 08:00:00 AM,21,2,19
02/15/2016 12:00:00 PM,1,1,0
02/28/2016 10:00:00 AM,4,0,4
02/28/2016 01:00:00 AM,1,1,0
02/01/2016 03:00:00 PM,10,3,7
02/08/2016 06:00:00 AM,9,0,9
02/21/2016 10:00:00 AM,17,11,6
02/08/2016 12:00:00 PM,11,4,7
02/24/2016 04:00:00 PM,24,16,8
02/14/2016 08:00:00 PM,0,0,0
02/20/2016 04:00:00 AM,0,0,0
02/17/2016 10:00:00 PM,1,1,0
02/15/2016 03:00:00 PM,3,3,0
02/07/2016 12:00:00 AM,2,2,0
02/19/2016 04:00:00 AM,0,0,0
02/17/2016 03:00:00 AM,0,0,0
02/16/2016 07:00:00 AM,16,5,11
02/06/2016 10:00:00 PM,2,0,2
02/11/2016 09:00:00 AM,9,1,8
02/09/2016 09:00:00 PM,6,2,4
02/10/2016 06:00:00 PM,24,19,5
02/06/2016 04:00:00 PM,7,7,0
02/07/2016 02:00:00 AM,0,0,0
02/24/2016 10:00:00 AM,16,7,9
02/16/2016 05:00:00 AM,0,0,0
02/09/2016 10:00:00 AM,10,1,9
02/15/2016 10:00:00 PM,0,0,0
02/16/2016 06:00:00 PM,24,17,7
02/24/2016 02:00:00 AM,0,0,0
02/22/2016 12:00:00 AM,1,1,0
02/29/2016 08:00:00 AM,18,2,16
02/06/2016 09:00:00 AM,4,3,1
02/25/2016 09:00:00 PM,7,2,5
02/10/2016 05:00:00 PM,27,20,7
02/28/2016 11:00:00 PM,0,0,0
02/09/2016 08:00:00 PM,10,6,4
02/26/2016 08:00:00 AM,22,5,17
02/21/2016 02:00:00 AM,0,0,0
02/06/2016 02:00:00 AM,2,0,2
02/04/2016 05:00:00 AM,0,0,0
02/23/2016 03:00:00 PM,17,9,8
02/27/2016 05:00:00 PM,10,6,4
02/15/2016 04:00:00 PM,14,10,4
02/23/2016 11:00:00 AM,10,1,9
02/17/2016 02:00:00 AM,0,0,0
02/14/2016 09:00:00 AM,0,0,0
02/03/2016 07:00:00 PM,12,11,1
02/21/2016 03:00:00 PM,5,0,5
02/13/2016 09:00:00 AM,9,2,7
02/25/2016 01:00:00 AM,1,1,0
02/20/2016 04:00:00 PM,21,9,12
02/29/2016 07:00:00 PM,18,11,7
02/25/2016 01:00:00 PM,9,3,6
02/11/2016 10:00:00 AM,5,0,5
02/24/2016 06:00:00 AM,9,1,8
02/04/2016 10:00:00 AM,3,0,3
02/05/2016 10:00:00 PM,3,0,3
02/01/2016 09:00:00 PM,1,1,0
02/02/2016 12:00:00 PM,5,5,0
02/19/2016 06:00:00 PM,22,19,3
02/26/2016 12:00:00 AM,0,0,0
02/29/2016 04:00:00 PM,17,6,11
02/18/2016 02:00:00 AM,0,0,0
02/01/2016 06:00:00 AM,15,2,13
02/18/2016 06:00:00 AM,4,0,4
02/29/2016 02:00:00 AM,0,0,0
02/09/2016 11:00:00 AM,4,2,2
02/02/2016 01:00:00 PM,8,4,4
02/19/2016 12:00:00 PM,14,5,9
02/24/2016 02:00:00 PM,6,1,5
02/10/2016 09:00:00 AM,11,1,10
02/18/2016 04:00:00 AM,1,0,1
02/03/2016 06:00:00 PM,20,14,6
02/29/2016 03:00:00 PM,12,7,5
02/07/2016 05:00:00 PM,1,1,0
02/07/2016 01:00:00 AM,0,0,0
02/04/2016 07:00:00 AM,28,6,22
02/11/2016 03:00:00 PM,17,10,7
02/10/2016 08:00:00 PM,1,1,0
02/16/2016 06:00:00 AM,6,3,3
02/24/2016 06:00:00 PM,21,18,3
02/10/2016 03:00:00 AM,0,0,0
02/24/2016 07:00:00 PM,12,11,1
02/18/2016 02:00:00 PM,6,5,1
02/29/2016 04:00:00 AM,0,0,0
02/02/2016 04:00:00 AM,1,0,1
02/18/2016 03:00:00 AM,0,0,0
02/24/2016 10:00:00 PM,5,1,4
02/18/2016 01:00:00 AM,0,0,0
02/10/2016 01:00:00 AM,1,1,0
02/03/2016 08:00:00 AM,26,3,23
02/27/2016 02:00:00 AM,0,0,0
02/15/2016 02:00:00 AM,0,0,0
02/08/2016 01:00:00 AM,0,0,0
02/29/2016 06:00:00 AM,4,0,4
02/17/2016 06:00:00 PM,29,21,8
02/02/2016 12:00:00 AM,5,1,4
02/22/2016 02:00:00 PM,15,6,9
02/05/2016 02:00:00 AM,0,0,0
02/14/2016 11:00:00 PM,0,0,0
02/19/2016 09:00:00 AM,19,5,14
02/21/2016 08:00:00 PM,2,1,1
02/26/2016 02:00:00 PM,8,6,2
02/12/2016 06:00:00 PM,8,8,0
02/02/2016 07:00:00 PM,11,8,3
02/21/2016 11:00:00 PM,1,1,0
02/10/2016 01:00:00 PM,6,4,2
02/20/2016 05:00:00 AM,2,0,2
02/09/2016 12:00:00 AM,1,1,0
02/17/2016 09:00:00 PM,0,0,0
02/23/2016 10:00:00 AM,12,2,10
02/10/2016 04:00:00 AM,1,0,1
02/08/2016 05:00:00 AM,1,0,1
02/17/2016 09:00:00 AM,24,6,18
02/12/2016 12:00:00 PM,13,3,10
02/09/2016 07:00:00 AM,21,3,18
02/11/2016 04:00:00 AM,2,0,2
02/23/2016 08:00:00 AM,35,4,31
02/22/2016 07:00:00 AM,16,3,13
02/27/2016 07:00:00 AM,0,0,0
02/12/2016 03:00:00 PM,12,8,4
02/05/2016 04:00:00 AM,2,0,2
02/12/2016 08:00:00 AM,19,0,19
02/24/2016 09:00:00 PM,10,3,7
02/10/2016 11:00:00 PM,0,0,0
02/20/2016 08:00:00 PM,0,0,0
02/15/2016 01:00:00 PM,7,5,2
02/25/2016 12:00:00 AM,3,0,3
02/24/2016 05:00:00 PM,44,34,10
02/24/2016 03:00:00 PM,22,14,8
02/01/2016 05:00:00 AM,0,0,0
02/14/2016 12:00:00 PM,0,0,0
02/15/2016 08:00:00 PM,2,1,1
02/13/2016 02:00:00 AM,3,0,3
02/17/2016 02:00:00 PM,17,9,8
02/06/2016 06:00:00 AM,1,1,0
02/29/2016 01:00:00 AM,0,0,0
02/28/2016 02:00:00 AM,0,0,0
02/15/2016 07:00:00 PM,3,3,0
02/23/2016 07:00:00 AM,24,2,22
02/22/2016 10:00:00 AM,10,3,7
02/03/2016 11:00:00 PM,0,0,0
02/07/2016 06:00:00 PM,1,0,1
02/29/2016 11:00:00 AM,6,4,2
02/29/2016 01:00:00 PM,9,6,3
02/13/2016 03:00:00 PM,6,1,5
02/27/2016 08:00:00 PM,5,4,1
02/22/2016 07:00:00 PM,20,13,7
02/25/2016 02:00:00 PM,10,7,3
02/03/2016 05:00:00 AM,1,0,1
02/03/2016 07:00:00 AM,18,2,16
02/10/2016 11:00:00 AM,4,1,3
02/01/2016 04:00:00 PM,23,15,8
02/08/2016 12:00:00 AM,1,1,0
02/17/2016 04:00:00 AM,2,0,2
02/03/2016 09:00:00 PM,5,1,4
02/19/2016 05:00:00 PM,18,15,3
02/26/2016 01:00:00 AM,0,0,0
02/08/2016 03:00:00 PM,16,9,7
02/17/2016 07:00:00 AM,15,1,14
02/05/2016 02:00:00 PM,3,3,0
02/19/2016 10:00:00 PM,0,0,0
02/22/2016 06:00:00 PM,24,18,6
02/13/2016 05:00:00 AM,1,0,1
02/15/2016 06:00:00 AM,1,0,1
02/07/2016 01:00:00 PM,12,1,11
02/18/2016 07:00:00 PM,10,8,2
02/13/2016 05:00:00 PM,3,0,3
02/03/2016 04:00:00 AM,2,1,1
02/29/2016 10:00:00 AM,14,2,12
02/15/2016 08:00:00 AM,13,5,8
02/03/2016 03:00:00 PM,8,6,2
02/22/2016 12:00:00 PM,8,3,5
02/03/2016 04:00:00 PM,21,11,10
02/12/2016 12:00:00 AM,0,0,0
02/07/2016 09:00:00 AM,5,0,5
02/12/2016 05:00:00 AM,0,0,0
02/16/2016 11:00:00 PM,1,1,0
02/17/2016 12:00:00 PM,10,2,8
02/19/2016 11:00:00 PM,1,1,0
02/23/2016 10:00:00 PM,4,2,2
02/04/2016 11:00:00 PM,0,0,0
02/20/2016 09:00:00 AM,10,4,6
02/08/2016 07:00:00 AM,21,3,18
02/11/2016 11:00:00 PM,0,0,0
02/12/2016 06:00:00 AM,11,2,9
02/12/2016 04:00:00 PM,20,11,9
02/18/2016 05:00:00 PM,30,24,6
02/10/2016 12:00:00 PM,6,2,4
02/16/2016 02:00:00 PM,5,3,2
02/05/2016 06:00:00 PM,22,14,8
02/23/2016 04:00:00 AM,0,0,0
02/26/2016 03:00:00 AM,0,0,0
02/14/2016 07:00:00 PM,1,1,0
02/22/2016 05:00:00 AM,0,0,0
02/09/2016 03:00:00 PM,16,12,4
02/15/2016 12:00:00 AM,3,1,2
02/16/2016 09:00:00 AM,21,5,16
02/02/2016 09:00:00 PM,2,2,0
02/01/2016 07:00:00 AM,19,5,14
02/04/2016 06:00:00 AM,8,0,8
02/10/2016 12:00:00 AM,1,1,0
02/26/2016 11:00:00 PM,0,0,0
02/09/2016 02:00:00 AM,0,0,0
02/29/2016 05:00:00 AM,2,0,2
02/21/2016 11:00:00 AM,7,4,3
02/04/2016 03:00:00 PM,13,6,7
02/09/2016 05:00:00 AM,1,0,1
02/26/2016 04:00:00 PM,23,15,8
02/19/2016 06:00:00 AM,7,1,6
02/19/2016 03:00:00 AM,0,0,0
02/10/2016 03:00:00 PM,12,1,11
02/21/2016 09:00:00 AM,5,1,4
02/07/2016 03:00:00 PM,9,5,4
02/14/2016 08:00:00 AM,2,1,1
02/18/2016 11:00:00 PM,1,1,0
02/18/2016 05:00:00 AM,7,2,5
02/09/2016 04:00:00 PM,20,12,8
02/17/2016 08:00:00 PM,5,3,2
02/16/2016 02:00:00 AM,0,0,0
02/24/2016 11:00:00 AM,6,1,5
02/21/2016 06:00:00 PM,6,2,4
02/04/2016 12:00:00 PM,7,2,5
02/14/2016 05:00:00 AM,1,0,1
02/07/2016 11:00:00 AM,12,9,3
02/13/2016 06:00:00 PM,2,0,2
02/05/2016 12:00:00 AM,0,0,0
02/08/2016 08:00:00 AM,37,3,34
02/06/2016 03:00:00 PM,9,6,3
02/06/2016 05:00:00 AM,0,0,0
02/25/2016 11:00:00 PM,0,0,0
02/01/2016 12:00:00 AM,1,1,0
02/17/2016 05:00:00 AM,2,0,2
02/27/2016 06:00:00 PM,5,2,3
02/09/2016 03:00:00 AM,0,0,0
02/23/2016 05:00:00 PM,44,38,6
02/06/2016 06:00:00 PM,13,4,9
02/20/2016 07:00:00 AM,1,0,1
02/02/2016 10:00:00 AM,17,6,11
02/22/2016 04:00:00 PM,22,11,11
02/18/2016 12:00:00 PM,6,4,2
02/25/2016 06:00:00 PM,21,17,4
02/17/2016 05:00:00 PM,36,29,7
02/18/2016 09:00:00 AM,18,5,13
02/23/2016 12:00:00 AM,1,1,0
02/22/2016 04:00:00 AM,2,0,2
02/21/2016 07:00:00 PM,2,2,0
02/06/2016 08:00:00 AM,4,2,2
02/06/2016 03:00:00 AM,0,0,0
02/20/2016 01:00:00 PM,17,6,11
02/09/2016 06:00:00 PM,22,14,8
02/29/2016 09:00:00 PM,2,2,0
02/25/2016 08:00:00 PM,10,8,2
02/04/2016 09:00:00 AM,19,3,16
02/28/2016 05:00:00 PM,10,9,1
02/22/2016 09:00:00 AM,21,2,19
02/11/2016 03:00:00 AM,0,0,0
02/28/2016 06:00:00 AM,2,0,2
02/19/2016 05:00:00 AM,5,2,3
02/11/2016 12:00:00 AM,1,1,0
02/10/2016 02:00:00 AM,0,0,0
02/19/2016 11:00:00 AM,6,1,5
02/27/2016 01:00:00 PM,22,15,7
02/29/2016 03:00:00 AM,0,0,0
02/02/2016 02:00:00 AM,0,0,0
02/27/2016 10:00:00 AM,14,5,9
02/29/2016 02:00:00 PM,7,3,4
02/05/2016 03:00:00 AM,0,0,0
02/26/2016 06:00:00 AM,14,1,13
02/16/2016 05:00:00 PM,22,21,1
02/21/2016 05:00:00 AM,0,0,0
02/06/2016 11:00:00 PM,3,2,1
02/03/2016 02:00:00 AM,0,0,0
02/26/2016 06:00:00 PM,17,13,4
02/02/2016 08:00:00 AM,19,2,17
02/27/2016 06:00:00 AM,2,0,2
02/14/2016 02:00:00 PM,8,1,7
02/26/2016 12:00:00 PM,9,1,8
02/02/2016 06:00:00 PM,23,21,2
02/19/2016 07:00:00 AM,14,1,13
02/03/2016 12:00:00 PM,6,1,5
02/22/2016 01:00:00 PM,5,3,2
02/24/2016 04:00:00 AM,0,0,0
02/15/2016 11:00:00 AM,8,5,3
02/24/2016 01:00:00 AM,0,0,0
02/17/2016 01:00:00 PM,5,3,2
02/12/2016 10:00:00 AM,5,3,2
02/11/2016 02:00:00 AM,0,0,0
02/01/2016 03:00:00 AM,0,0,0
02/21/2016 04:00:00 PM,13,7,6
02/19/2016 02:00:00 AM,0,0,0
02/08/2016 03:00:00 AM,0,0,0
02/25/2016 04:00:00 PM,27,18,9
02/04/2016 11:00:00 AM,12,5,7
02/13/2016 04:00:00 AM,0,0,0
02/14/2016 07:00:00 AM,0,0,0
02/22/2016 01:00:00 AM,0,0,0
02/24/2016 05:00:00 AM,5,0,5
02/28/2016 04:00:00 AM,0,0,0
02/20/2016 12:00:00 PM,16,4,12
02/15/2016 04:00:00 AM,1,0,1
02/10/2016 07:00:00 AM,16,2,14
02/14/2016 01:00:00 PM,4,1,3
02/13/2016 11:00:00 AM,6,4,2
02/25/2016 09:00:00 AM,24,3,21
02/28/2016 08:00:00 AM,7,2,5
02/29/2016 05:00:00 PM,27,20,7
02/27/2016 07:00:00 PM,1,1,0
02/27/2016 04:00:00 PM,22,14,8
02/08/2016 11:00:00 PM,1,1,0
02/09/2016 08:00:00 AM,26,5,21
02/12/2016 11:00:00 PM,0,0,0
02/05/2016 12:00:00 PM,11,2,9
02/11/2016 06:00:00 AM,12,3,9
02/13/2016 06:00:00 AM,1,0,1
02/08/2016 02:00:00 AM,0,0,0
02/05/2016 09:00:00 AM,14,2,12
02/04/2016 08:00:00 AM,26,1,25
02/01/2016 04:00:00 AM,2,0,2
02/27/2016 09:00:00 AM,5,2,3
02/20/2016 03:00:00 AM,0,0,0
02/03/2016 11:00:00 AM,5,2,3
02/22/2016 02:00:00 AM,0,0,0
02/07/2016 07:00:00 AM,6,3,3
02/21/2016 08:00:00 AM,3,1,2
02/01/2016 12:00:00 PM,14,5,9
02/17/2016 01:00:00 AM,0,0,0
02/09/2016 12:00:00 PM,6,4,2
02/29/2016 10:00:00 PM,3,1,2
02/12/2016 09:00:00 AM,14,5,9
02/10/2016 08:00:00 AM,30,3,27
02/16/2016 01:00:00 PM,19,7,12
02/28/2016 02:00:00 PM,8,1,7
02/07/2016 12:00:00 PM,19,11,8
02/21/2016 05:00:00 PM,10,7,3
02/03/2016 02:00:00 PM,7,5,2
02/12/2016 02:00:00 AM,0,0,0
02/20/2016 07:00:00 PM,11,5,6
02/25/2016 08:00:00 AM,31,4,27
02/18/2016 03:00:00 PM,10,3,7
02/05/2016 07:00:00 AM,12,3,9
02/07/2016 04:00:00 PM,9,7,2
02/01/2016 11:00:00 AM,12,4,8
02/25/2016 10:00:00 PM,7,1,6
02/12/2016 08:00:00 PM,3,3,0
02/05/2016 08:00:00 PM,3,1,2
02/14/2016 10:00:00 AM,3,2,1
02/27/2016 05:00:00 AM,1,0,1
02/01/2016 10:00:00 AM,10,3,7
02/06/2016 02:00:00 PM,8,2,6
02/19/2016 10:00:00 AM,11,4,7
02/11/2016 08:00:00 AM,14,1,13
02/17/2016 06:00:00 AM,7,1,6
02/28/2016 05:00:00 AM,0,0,0
02/02/2016 09:00:00 AM,18,1,17
02/09/2016 04:00:00 AM,1,0,1
02/14/2016 11:00:00 AM,7,2,5
02/26/2016 10:00:00 AM,12,4,8
02/15/2016 05:00:00 AM,0,0,0
02/06/2016 01:00:00 PM,8,3,5
02/24/2016 09:00:00 AM,29,5,24
02/15/2016 11:00:00 PM,0,0,0
02/17/2016 11:00:00 AM,12,6,6
02/09/2016 10:00:00 PM,4,2,2
02/06/2016 01:00:00 AM,0,0,0
02/04/2016 07:00:00 PM,18,8,10
02/12/2016 03:00:00 AM,0,0,0
02/27/2016 03:00:00 AM,0,0,0
02/24/2016 11:00:00 PM,0,0,0
02/05/2016 01:00:00 AM,1,1,0
02/14/2016 03:00:00 AM,0,0,0
02/07/2016 06:00:00 AM,1,1,0
02/25/2016 05:00:00 PM,33,26,7
02/02/2016 05:00:00 AM,1,0,1
02/27/2016 01:00:00 AM,0,0,0
02/26/2016 04:00:00 AM,1,1,0
02/26/2016 10:00:00 PM,2,0,2
02/11/2016 06:00:00 PM,16,13,3
02/27/2016 04:00:00 AM,0,0,0
02/06/2016 10:00:00 AM,4,4,0
02/06/2016 08:00:00 PM,8,3,5
02/08/2016 05:00:00 PM,36,33,3
02/21/2016 01:00:00 PM,8,3,5
02/23/2016 02:00:00 PM,19,10,9
02/13/2016 02:00:00 PM,2,0,2
02/07/2016 04:00:00 AM,0,0,0
02/12/2016 07:00:00 PM,2,1,1
02/13/2016 01:00:00 AM,0,0,0
02/20/2016 08:00:00 AM,4,0,4
02/06/2016 07:00:00 AM,3,2,1
02/27/2016 03:00:00 PM,20,10,10
02/20/2016 03:00:00 PM,15,7,8
02/04/2016 12:00:00 AM,1,1,0
02/25/2016 07:00:00 AM,27,4,23
02/26/2016 07:00:00 PM,11,7,4
02/24/2016 08:00:00 AM,30,5,25
02/28/2016 07:00:00 PM,5,0,5
02/25/2016 03:00:00 AM,0,0,0
02/08/2016 01:00:00 PM,14,5,9
02/27/2016 11:00:00 AM,6,4,2
02/21/2016 06:00:00 AM,2,1,1
02/08/2016 04:00:00 PM,30,17,13
02/23/2016 08:00:00 PM,10,5,5
02/21/2016 01:00:00 AM,1,1,0
02/26/2016 02:00:00 AM,1,1,0
02/01/2016 01:00:00 AM,0,0,0
02/07/2016 10:00:00 PM,0,0,0
02/05/2016 11:00:00 PM,2,2,0
02/23/2016 03:00:00 AM,0,0,0
02/03/2016 06:00:00 AM,11,3,8
02/11/2016 10:00:00 PM,2,1,1
02/28/2016 10:00:00 PM,0,0,0
02/17/2016 12:00:00 AM,2,1,1
02/01/2016 01:00:00 PM,14,6,8
02/02/2016 11:00:00 AM,10,2,8
02/03/2016 12:00:00 AM,1,1,0
02/22/2016 09:00:00 PM,3,0,3
02/24/2016 08:00:00 PM,5,2,3
02/16/2016 04:00:00 PM,26,16,10
02/11/2016 05:00:00 AM,0,0,0
02/09/2016 02:00:00 PM,10,6,4
02/18/2016 09:00:00 PM,3,1,2
02/03/2016 01:00:00 AM,0,0,0
02/12/2016 02:00:00 PM,7,3,4
02/17/2016 04:00:00 PM,12,4,8
02/14/2016 09:00:00 PM,0,0,0
02/14/2016 02:00:00 AM,0,0,0
02/22/2016 03:00:00 PM,12,5,7
02/15/2016 01:00:00 AM,0,0,0
02/16/2016 10:00:00 AM,5,2,3
02/04/2016 04:00:00 AM,1,0,1
02/20/2016 12:00:00 AM,0,0,0
02/05/2016 06:00:00 AM,8,1,7
02/03/2016 05:00:00 PM,27,21,6
02/06/2016 04:00:00 AM,1,0,1
02/02/2016 06:00:00 AM,9,0,9
02/05/2016 08:00:00 AM,24,2,22
02/21/2016 07:00:00 AM,0,0,0
02/16/2016 01:00:00 AM,0,0,0
02/25/2016 11:00:00 AM,8,2,6
02/14/2016 06:00:00 AM,2,0,2
02/28/2016 04:00:00 PM,16,10,6
02/08/2016 09:00:00 PM,2,2,0
02/28/2016 06:00:00 PM,9,2,7
02/09/2016 06:00:00 AM,13,3,10
02/21/2016 12:00:00 AM,0,0,0
02/20/2016 10:00:00 AM,10,6,4
02/11/2016 09:00:00 PM,6,1,5
02/07/2016 03:00:00 AM,0,0,0
02/15/2016 09:00:00 PM,1,0,1
02/26/2016 11:00:00 AM,14,3,11
02/02/2016 01:00:00 AM,0,0,0
02/03/2016 08:00:00 PM,9,4,5
02/02/2016 03:00:00 PM,21,11,10
02/04/2016 02:00:00 AM,0,0,0
02/22/2016 11:00:00 AM,7,6,1
02/05/2016 10:00:00 AM,15,7,8
02/19/2016 08:00:00 AM,15,1,14
02/11/2016 11:00:00 AM,2,0,2
02/28/2016 08:00:00 PM,3,3,0
02/13/2016 07:00:00 PM,4,3,1
02/21/2016 03:00:00 AM,0,0,0
02/15/2016 10:00:00 AM,7,2,5
02/17/2016 11:00:00 PM,3,1,2
02/04/2016 04:00:00 PM,27,16,11
02/22/2016 06:00:00 AM,11,1,10
02/20/2016 11:00:00 PM,0,0,0
02/07/2016 08:00:00 PM,2,2,0
02/11/2016 01:00:00 PM,8,3,5
02/01/2016 02:00:00 PM,14,8,6
02/16/2016 09:00:00 PM,3,3,0
02/27/2016 12:00:00 AM,1,1,0
02/08/2016 04:00:00 AM,1,0,1
02/26/2016 07:00:00 AM,15,1,14
02/01/2016 10:00:00 PM,3,3,0
02/14/2016 05:00:00 PM,8,1,7
02/11/2016 05:00:00 PM,20,13,7
02/28/2016 09:00:00 AM,9,5,4
02/08/2016 02:00:00 PM,16,9,7
02/22/2016 05:00:00 PM,38,29,9
02/02/2016 10:00:00 PM,1,0,1
02/01/2016 07:00:00 PM,15,8,7
02/07/2016 10:00:00 AM,16,3,13
02/26/2016 03:00:00 PM,19,14,5
02/07/2016 07:00:00 PM,4,4,0
02/22/2016 10:00:00 PM,4,2,2
02/08/2016 10:00:00 PM,2,2,0
02/05/2016 03:00:00 PM,16,11,5
02/24/2016 03:00:00 AM,0,0,0
02/20/2016 05:00:00 PM,16,11,5
02/13/2016 07:00:00 AM,0,0,0
02/29/2016 11:00:00 PM,1,1,0
02/29/2016 09:00:00 AM,18,4,14
02/13/2016 09:00:00 PM,0,0,0
02/13/2016 10:00:00 AM,7,6,1
02/06/2016 05:00:00 PM,5,4,1
02/09/2016 09:00:00 AM,19,1,18
02/13/2016 12:00:00 AM,2,2,0
02/13/2016 11:00:00 PM,0,0,0
02/23/2016 12:00:00 PM,14,3,11
02/04/2016 03:00:00 AM,0,0,0
02/05/2016 07:00:00 PM,13,12,1
02/12/2016 09:00:00 PM,1,0,1
02/27/2016 09:00:00 PM,10,5,5
02/23/2016 05:00:00 AM,5,0,5
02/26/2016 01:00:00 PM,11,5,6
02/04/2016 01:00:00 PM,8,1,7
02/04/2016 05:00:00 PM,29,27,2
02/11/2016 07:00:00 AM,16,6,10
02/25/2016 10:00:00 AM,8,2,6
02/04/2016 08:00:00 PM,5,5,0
02/21/2016 12:00:00 PM,13,7,6
02/20/2016 10:00:00 PM,4,2,2
02/20/2016 06:00:00 AM,5,0,5
02/22/2016 11:00:00 PM,0,0,0
02/21/2016 04:00:00 AM,0,0,0
02/21/2016 09:00:00 PM,0,0,0
02/07/2016 11:00:00 PM,0,0,0
02/27/2016 12:00:00 PM,30,22,8
02/25/2016 04:00:00 AM,1,0,1
02/10/2016 04:00:00 PM,18,13,5
02/28/2016 12:00:00 PM,4,1,3
02/28/2016 07:00:00 AM,3,2,1
02/08/2016 08:00:00 PM,7,4,3
02/10/2016 09:00:00 PM,4,2,2
02/27/2016 10:00:00 PM,2,0,2
02/26/2016 09:00:00 PM,3,3,0
02/19/2016 08:00:00 PM,6,3,3
02/14/2016 10:00:00 PM,2,0,2
02/02/2016 03:00:00 AM,0,0,0
02/23/2016 01:00:00 PM,8,4,4
02/19/2016 12:00:00 AM,3,0,3
02/19/2016 02:00:00 PM,8,3,5
02/19/2016 07:00:00 PM,12,10,2
02/09/2016 07:00:00 PM,10,10,0
02/10/2016 10:00:00 AM,13,7,6
02/17/2016 10:00:00 AM,12,7,5
02/13/2016 08:00:00 AM,7,6,1
02/20/2016 09:00:00 PM,1,1,0
02/11/2016 01:00:00 AM,1,1,0
02/24/2016 12:00:00 AM,1,1,0
02/10/2016 06:00:00 AM,9,1,8
02/09/2016 11:00:00 PM,2,0,2
02/24/2016 12:00:00 PM,4,1,3
02/29/2016 08:00:00 PM,8,3,5
02/16/2016 12:00:00 AM,0,0,0
02/05/2016 05:00:00 AM,0,0,0
02/04/2016 01:00:00 AM,0,0,0
02/25/2016 06:00:00 AM,13,2,11
02/17/2016 07:00:00 PM,12,8,4
02/13/2016 01:00:00 PM,5,0,5
02/01/2016 06:00:00 PM,22,18,4
02/18/2016 01:00:00 PM,11,7,4
02/23/2016 11:00:00 PM,0,0,0
02/16/2016 03:00:00 AM,0,0,0
02/03/2016 10:00:00 PM,1,1,0
02/29/2016 12:00:00 AM,1,1,0
02/15/2016 05:00:00 PM,5,3,2
02/04/2016 06:00:00 PM,19,17,2
02/28/2016 09:00:00 PM,3,1,2
02/19/2016 01:00:00 PM,12,8,4
02/15/2016 06:00:00 PM,13,7,6
02/20/2016 02:00:00 AM,0,0,0
02/24/2016 01:00:00 PM,7,4,3
02/03/2016 09:00:00 AM,21,0,21
02/02/2016 11:00:00 PM,1,1,0
02/06/2016 09:00:00 PM,6,0,6
02/06/2016 12:00:00 PM,17,9,8
02/23/2016 09:00:00 AM,25,3,22
02/11/2016 02:00:00 PM,9,4,5
02/08/2016 11:00:00 AM,12,3,9
02/23/2016 04:00:00 PM,27,15,12
02/02/2016 05:00:00 PM,36,33,3
02/16/2016 04:00:00 AM,2,0,2
02/19/2016 01:00:00 AM,0,0,0
02/07/2016 08:00:00 AM,6,1,5
02/25/2016 02:00:00 AM,2,0,2
02/10/2016 10:00:00 PM,0,0,0
02/15/2016 07:00:00 AM,9,1,8
02/19/2016 04:00:00 PM,17,5,12
02/13/2016 12:00:00 PM,2,1,1
02/28/2016 03:00:00 PM,3,2,1
02/25/2016 07:00:00 PM,15,12,3
02/23/2016 01:00:00 AM,0,0,0
02/06/2016 12:00:00 AM,0,0,0
02/28/2016 03:00:00 AM,0,0,0
02/26/2016 09:00:00 AM,23,3,20
02/01/2016 08:00:00 AM,35,6,29
02/11/2016 04:00:00 PM,18,9,9
02/23/2016 07:00:00 PM,13,11,2
02/05/2016 04:00:00 PM,18,11,7
02/03/2016 10:00:00 AM,12,6,6
02/08/2016 06:00:00 PM,26,20,6
02/29/2016 07:00:00 AM,19,4,15
02/13/2016 03:00:00 AM,0,0,0
02/16/2016 07:00:00 PM,10,7,3
02/14/2016 04:00:00 AM,0,0,0
02/12/2016 05:00:00 PM,21,18,3
02/03/2016 03:00:00 AM,0,0,0
02/29/2016 12:00:00 PM,11,4,7
02/12/2016 11:00:00 AM,14,6,8
02/01/2016 02:00:00 AM,0,0,0
02/22/2016 03:00:00 AM,0,0,0
02/24/2016 07:00:00 AM,18,2,16
02/08/2016 09:00:00 AM,22,5,17
02/10/2016 07:00:00 PM,16,12,4
02/18/2016 07:00:00 AM,18,4,14
02/07/2016 09:00:00 PM,3,0,3
02/23/2016 06:00:00 PM,26,24,2
02/19/2016 09:00:00 PM,2,2,0
02/18/2016 06:00:00 PM,21,15,6
02/04/2016 10:00:00 PM,0,0,0
03/25/2016 06:00:00 PM,21,18,3
03/26/2016 01:00:00 PM,21,15,6
03/14/2016 03:00:00 AM,0,0,0
03/25/2016 12:00:00 PM,15,10,5
03/18/2016 12:00:00 PM,12,6,6
03/19/2016 12:00:00 PM,27,11,16
03/14/2016 11:00:00 AM,9,2,7
03/11/2016 01:00:00 PM,5,3,2
03/25/2016 09:00:00 AM,33,3,30
03/13/2016 09:00:00 PM,0,0,0
03/21/2016 11:00:00 AM,11,4,7
03/31/2016 05:00:00 PM,58,39,19
03/10/2016 07:00:00 PM,7,5,2
03/24/2016 08:00:00 AM,16,2,14
03/26/2016 11:00:00 AM,15,9,6
03/26/2016 06:00:00 PM,10,2,8
03/31/2016 12:00:00 AM,0,0,0
03/18/2016 09:00:00 AM,18,4,14
03/15/2016 03:00:00 AM,0,0,0
03/09/2016 10:00:00 PM,0,0,0
03/20/2016 12:00:00 PM,19,10,9
03/09/2016 07:00:00 PM,8,6,2
03/06/2016 02:00:00 AM,0,0,0
03/15/2016 02:00:00 AM,0,0,0
03/13/2016 07:00:00 PM,8,2,6
03/27/2016 06:00:00 AM,0,0,0
03/08/2016 05:00:00 AM,2,0,2
03/21/2016 12:00:00 PM,2,1,1
03/16/2016 03:00:00 AM,0,0,0
03/03/2016 05:00:00 PM,32,21,11
03/19/2016 05:00:00 AM,0,0,0
03/11/2016 03:00:00 AM,0,0,0
03/28/2016 08:00:00 PM,10,7,3
03/15/2016 07:00:00 AM,14,2,12
03/30/2016 05:00:00 AM,7,3,4
03/17/2016 09:00:00 PM,6,1,5
03/17/2016 09:00:00 AM,24,4,20
03/10/2016 10:00:00 AM,13,7,6
03/24/2016 09:00:00 AM,22,4,18
03/27/2016 10:00:00 AM,11,7,4
03/30/2016 10:00:00 AM,13,3,10
03/06/2016 09:00:00 PM,1,1,0
03/29/2016 09:00:00 PM,4,2,2
03/09/2016 04:00:00 AM,2,0,2
03/25/2016 10:00:00 PM,4,2,2
03/21/2016 08:00:00 AM,30,2,28
03/18/2016 11:00:00 AM,9,2,7
03/05/2016 01:00:00 PM,17,10,7
03/05/2016 09:00:00 PM,4,1,3
03/28/2016 02:00:00 PM,6,3,3
03/02/2016 11:00:00 PM,0,0,0
03/25/2016 06:00:00 AM,7,2,5
03/03/2016 06:00:00 PM,27,20,7
03/14/2016 02:00:00 AM,0,0,0
03/27/2016 02:00:00 PM,10,5,5
03/02/2016 12:00:00 PM,15,3,12
03/13/2016 07:00:00 AM,1,1,0
03/03/2016 09:00:00 PM,7,1,6
03/18/2016 10:00:00 PM,3,3,0
03/08/2016 07:00:00 AM,19,2,17
03/21/2016 12:00:00 AM,1,1,0
03/02/2016 02:00:00 AM,0,0,0
03/27/2016 05:00:00 PM,4,0,4
03/24/2016 03:00:00 PM,16,10,6
03/01/2016 11:00:00 PM,0,0,0
03/01/2016 01:00:00 AM,1,1,0
03/22/2016 08:00:00 PM,7,4,3
03/24/2016 03:00:00 AM,0,0,0
03/28/2016 01:00:00 AM,0,0,0
03/22/2016 12:00:00 AM,0,0,0
03/20/2016 03:00:00 PM,11,9,2
03/18/2016 09:00:00 PM,10,4,6
03/28/2016 12:00:00 PM,9,3,6
03/25/2016 10:00:00 AM,21,15,6
03/25/2016 07:00:00 PM,16,11,5
03/23/2016 03:00:00 PM,16,7,9
03/12/2016 09:00:00 PM,5,3,2
03/19/2016 05:00:00 PM,11,5,6
03/23/2016 12:00:00 PM,8,4,4
03/20/2016 01:00:00 AM,1,0,1
03/31/2016 01:00:00 PM,9,6,3
03/24/2016 10:00:00 PM,7,4,3
03/13/2016 05:00:00 AM,1,0,1
03/07/2016 10:00:00 PM,1,1,0
03/31/2016 02:00:00 PM,14,9,5
03/08/2016 10:00:00 PM,3,2,1
03/26/2016 02:00:00 AM,0,0,0
03/30/2016 01:00:00 AM,1,1,0
03/23/2016 10:00:00 PM,2,0,2
03/03/2016 11:00:00 AM,5,3,2
03/31/2016 10:00:00 PM,3,1,2
03/31/2016 03:00:00 AM,0,0,0
03/25/2016 01:00:00 AM,0,0,0
03/14/2016 03:00:00 PM,10,5,5
03/08/2016 01:00:00 PM,8,8,0
03/03/2016 02:00:00 AM,0,0,0
03/07/2016 06:00:00 AM,6,1,5
03/10/2016 11:00:00 AM,5,1,4
03/10/2016 06:00:00 AM,8,3,5
03/09/2016 08:00:00 PM,3,3,0
03/15/2016 07:00:00 PM,6,4,2
03/27/2016 12:00:00 PM,22,12,10
03/06/2016 10:00:00 PM,0,0,0
03/04/2016 08:00:00 AM,21,1,20
03/07/2016 07:00:00 PM,6,4,2
03/08/2016 07:00:00 PM,8,8,0
03/14/2016 01:00:00 PM,11,4,7
03/25/2016 03:00:00 PM,15,9,6
03/03/2016 09:00:00 AM,19,5,14
03/26/2016 10:00:00 PM,0,0,0
03/05/2016 10:00:00 AM,15,10,5
03/07/2016 08:00:00 AM,20,5,15
03/03/2016 12:00:00 PM,10,2,8
03/24/2016 12:00:00 AM,1,1,0
03/12/2016 02:00:00 AM,0,0,0
03/08/2016 05:00:00 PM,39,34,5
03/20/2016 11:00:00 AM,16,8,8
03/03/2016 10:00:00 PM,4,2,2
03/03/2016 03:00:00 PM,14,8,6
03/28/2016 08:00:00 AM,23,3,20
03/23/2016 07:00:00 PM,10,10,0
03/10/2016 01:00:00 PM,8,1,7
03/15/2016 01:00:00 PM,2,1,1
03/07/2016 12:00:00 AM,0,0,0
03/19/2016 04:00:00 AM,0,0,0
03/27/2016 11:00:00 PM,0,0,0
03/22/2016 06:00:00 PM,36,27,9
03/06/2016 07:00:00 AM,1,1,0
03/02/2016 07:00:00 PM,6,5,1
03/30/2016 06:00:00 PM,46,39,7
03/31/2016 10:00:00 AM,15,4,11
03/09/2016 10:00:00 AM,10,4,6
03/17/2016 08:00:00 AM,24,3,21
03/10/2016 11:00:00 PM,1,1,0
03/13/2016 09:00:00 AM,3,2,1
03/13/2016 06:00:00 AM,0,0,0
03/20/2016 10:00:00 PM,0,0,0
03/02/2016 04:00:00 AM,0,0,0
03/08/2016 12:00:00 PM,7,1,6
03/24/2016 12:00:00 PM,6,2,4
03/18/2016 05:00:00 AM,0,0,0
03/09/2016 11:00:00 AM,6,2,4
03/03/2016 10:00:00 AM,3,0,3
03/28/2016 09:00:00 AM,27,2,25
03/05/2016 11:00:00 AM,25,7,18
03/08/2016 02:00:00 AM,0,0,0
03/08/2016 08:00:00 AM,25,3,22
03/16/2016 03:00:00 PM,18,9,9
03/26/2016 04:00:00 AM,0,0,0
03/03/2016 01:00:00 PM,3,2,1
03/08/2016 06:00:00 AM,21,7,14
03/27/2016 03:00:00 AM,0,0,0
03/30/2016 07:00:00 PM,20,17,3
03/09/2016 02:00:00 AM,0,0,0
03/12/2016 01:00:00 PM,19,10,9
03/19/2016 06:00:00 AM,1,0,1
03/13/2016 11:00:00 AM,7,3,4
03/17/2016 11:00:00 PM,0,0,0
03/25/2016 04:00:00 AM,0,0,0
03/21/2016 05:00:00 PM,18,16,2
03/22/2016 03:00:00 AM,0,0,0
03/09/2016 06:00:00 PM,13,8,5
03/20/2016 07:00:00 AM,0,0,0
03/30/2016 08:00:00 PM,10,8,2
03/12/2016 05:00:00 PM,12,5,7
03/18/2016 05:00:00 PM,18,17,1
03/22/2016 05:00:00 PM,32,27,5
03/04/2016 02:00:00 PM,15,10,5
03/17/2016 01:00:00 PM,8,5,3
03/01/2016 05:00:00 AM,1,0,1
03/24/2016 05:00:00 AM,3,1,2
03/01/2016 06:00:00 PM,27,18,9
03/17/2016 10:00:00 PM,3,1,2
03/09/2016 03:00:00 PM,12,6,6
03/31/2016 04:00:00 PM,23,17,6
03/05/2016 09:00:00 AM,15,4,11
03/19/2016 11:00:00 AM,31,19,12
03/18/2016 02:00:00 AM,0,0,0
03/29/2016 10:00:00 PM,3,1,2
03/15/2016 09:00:00 PM,3,2,1
03/13/2016 02:00:00 PM,11,6,5
03/12/2016 10:00:00 PM,0,0,0
03/12/2016 08:00:00 AM,8,5,3
03/12/2016 05:00:00 AM,1,0,1
03/23/2016 06:00:00 PM,26,21,5
03/09/2016 05:00:00 AM,2,0,2
03/25/2016 11:00:00 PM,5,5,0
03/05/2016 04:00:00 PM,13,10,3
03/30/2016 09:00:00 AM,18,4,14
03/31/2016 09:00:00 PM,8,6,2
03/01/2016 04:00:00 AM,0,0,0
03/13/2016 01:00:00 PM,8,4,4
03/22/2016 03:00:00 PM,16,7,9
03/02/2016 10:00:00 AM,15,0,15
03/30/2016 07:00:00 AM,28,4,24
03/28/2016 11:00:00 PM,0,0,0
03/10/2016 04:00:00 AM,0,0,0
03/14/2016 12:00:00 PM,4,1,3
03/28/2016 06:00:00 PM,25,20,5
03/08/2016 06:00:00 PM,26,20,6
03/23/2016 11:00:00 AM,9,6,3
03/17/2016 02:00:00 PM,11,6,5
03/21/2016 07:00:00 PM,14,12,2
03/31/2016 09:00:00 AM,24,2,22
03/07/2016 02:00:00 PM,13,6,7
03/29/2016 07:00:00 PM,13,9,4
03/26/2016 04:00:00 PM,13,6,7
03/15/2016 01:00:00 AM,2,2,0
03/15/2016 03:00:00 PM,13,4,9
03/29/2016 05:00:00 AM,1,0,1
03/08/2016 09:00:00 PM,2,0,2
03/30/2016 02:00:00 PM,10,8,2
03/23/2016 09:00:00 PM,2,2,0
03/28/2016 10:00:00 AM,13,5,8
03/24/2016 08:00:00 PM,8,3,5
03/10/2016 07:00:00 AM,21,1,20
03/04/2016 11:00:00 PM,0,0,0
03/15/2016 10:00:00 AM,20,3,17
03/17/2016 04:00:00 AM,0,0,0
03/29/2016 11:00:00 PM,4,4,0
03/31/2016 01:00:00 AM,1,1,0
03/19/2016 02:00:00 AM,0,0,0
03/06/2016 10:00:00 AM,10,6,4
03/02/2016 02:00:00 PM,4,3,1
03/15/2016 09:00:00 AM,28,10,18
03/09/2016 03:00:00 AM,0,0,0
03/24/2016 10:00:00 AM,21,4,17
03/07/2016 08:00:00 PM,5,5,0
03/02/2016 04:00:00 PM,20,14,6
03/21/2016 09:00:00 PM,2,2,0
03/02/2016 12:00:00 AM,1,1,0
03/27/2016 01:00:00 PM,6,5,1
03/11/2016 04:00:00 PM,23,14,9
03/11/2016 04:00:00 AM,2,1,1
03/31/2016 11:00:00 PM,4,4,0
03/14/2016 12:00:00 AM,1,1,0
03/09/2016 04:00:00 PM,18,11,7
03/01/2016 10:00:00 AM,0,0,0
03/09/2016 06:00:00 AM,7,2,5
03/26/2016 05:00:00 PM,12,9,3
03/23/2016 07:00:00 AM,23,2,21
03/23/2016 02:00:00 AM,0,0,0
03/01/2016 12:00:00 PM,12,7,5
03/25/2016 08:00:00 PM,10,3,7
03/07/2016 12:00:00 PM,6,0,6
03/21/2016 08:00:00 PM,7,3,4
03/26/2016 10:00:00 AM,9,3,6
03/29/2016 08:00:00 AM,29,3,26
03/04/2016 04:00:00 AM,0,0,0
03/02/2016 01:00:00 PM,5,2,3
03/22/2016 02:00:00 AM,0,0,0
03/17/2016 01:00:00 AM,1,1,0
03/18/2016 12:00:00 AM,0,0,0
03/07/2016 01:00:00 PM,6,1,5
03/08/2016 03:00:00 PM,8,2,6
03/16/2016 01:00:00 AM,0,0,0
03/01/2016 07:00:00 PM,8,5,3
03/30/2016 03:00:00 PM,7,7,0
03/16/2016 10:00:00 PM,0,0,0
03/15/2016 08:00:00 AM,30,2,28
03/11/2016 06:00:00 PM,21,14,7
03/20/2016 04:00:00 PM,9,0,9
03/30/2016 04:00:00 AM,0,0,0
03/29/2016 11:00:00 AM,12,3,9
03/02/2016 07:00:00 AM,29,8,21
03/09/2016 05:00:00 PM,26,19,7
03/27/2016 08:00:00 AM,2,0,2
03/10/2016 01:00:00 AM,0,0,0
03/29/2016 12:00:00 AM,1,1,0
03/05/2016 05:00:00 AM,2,0,2
03/06/2016 12:00:00 PM,9,3,6
03/15/2016 12:00:00 PM,11,4,7
03/15/2016 11:00:00 AM,3,1,2
03/22/2016 04:00:00 PM,17,12,5
03/16/2016 02:00:00 AM,0,0,0
03/07/2016 05:00:00 AM,1,0,1
03/18/2016 08:00:00 AM,19,0,19
03/14/2016 08:00:00 PM,4,2,2
03/31/2016 06:00:00 PM,29,26,3
03/28/2016 09:00:00 PM,9,9,0
03/02/2016 01:00:00 AM,0,0,0
03/06/2016 03:00:00 PM,6,4,2
03/18/2016 01:00:00 PM,4,3,1
03/14/2016 02:00:00 PM,13,7,6
03/10/2016 06:00:00 PM,21,12,9
03/06/2016 07:00:00 PM,0,0,0
03/14/2016 09:00:00 PM,0,0,0
03/22/2016 05:00:00 AM,0,0,0
03/01/2016 12:00:00 AM,0,0,0
03/20/2016 07:00:00 PM,9,2,7
03/27/2016 12:00:00 AM,1,1,0
03/17/2016 07:00:00 AM,16,2,14
03/15/2016 10:00:00 PM,3,1,2
03/19/2016 08:00:00 PM,8,2,6
03/09/2016 07:00:00 AM,15,1,14
03/06/2016 05:00:00 AM,0,0,0
03/04/2016 03:00:00 AM,0,0,0
03/26/2016 12:00:00 PM,23,6,17
03/17/2016 06:00:00 AM,16,0,16
03/08/2016 02:00:00 PM,17,10,7
03/02/2016 05:00:00 PM,36,27,9
03/04/2016 10:00:00 PM,0,0,0
03/09/2016 12:00:00 AM,1,1,0
03/22/2016 09:00:00 AM,19,2,17
03/29/2016 01:00:00 PM,13,7,6
03/17/2016 11:00:00 AM,8,5,3
03/16/2016 09:00:00 PM,8,4,4
03/30/2016 03:00:00 AM,0,0,0
03/24/2016 05:00:00 PM,32,23,9
03/27/2016 06:00:00 PM,3,2,1
03/19/2016 08:00:00 AM,16,5,11
03/06/2016 11:00:00 AM,7,5,2
03/29/2016 06:00:00 AM,11,0,11
03/31/2016 12:00:00 PM,8,5,3
03/16/2016 09:00:00 AM,15,4,11
03/21/2016 04:00:00 AM,0,0,0
03/18/2016 06:00:00 AM,8,1,7
03/15/2016 06:00:00 AM,9,2,7
03/08/2016 01:00:00 AM,0,0,0
03/07/2016 03:00:00 AM,0,0,0
03/16/2016 04:00:00 AM,0,0,0
03/01/2016 10:00:00 PM,0,0,0
03/10/2016 08:00:00 AM,10,5,5
03/10/2016 04:00:00 PM,11,5,6
03/18/2016 08:00:00 PM,8,6,2
03/24/2016 07:00:00 PM,15,8,7
03/05/2016 03:00:00 AM,0,0,0
03/08/2016 08:00:00 PM,8,0,8
03/23/2016 03:00:00 AM,0,0,0
03/27/2016 11:00:00 AM,3,2,1
03/22/2016 10:00:00 PM,2,0,2
03/01/2016 03:00:00 AM,0,0,0
03/23/2016 08:00:00 AM,26,5,21
03/27/2016 05:00:00 AM,1,1,0
03/10/2016 03:00:00 AM,0,0,0
03/10/2016 08:00:00 PM,9,9,0
03/01/2016 05:00:00 PM,19,15,4
03/04/2016 08:00:00 PM,6,4,2
03/16/2016 04:00:00 PM,25,8,17
03/13/2016 04:00:00 AM,0,0,0
03/21/2016 11:00:00 PM,0,0,0
03/30/2016 10:00:00 PM,0,0,0
03/05/2016 10:00:00 PM,0,0,0
03/23/2016 08:00:00 PM,7,5,2
03/16/2016 10:00:00 AM,8,3,5
03/05/2016 07:00:00 AM,2,2,0
03/30/2016 11:00:00 PM,2,2,0
03/20/2016 06:00:00 PM,5,4,1
03/10/2016 10:00:00 PM,1,0,1
03/11/2016 07:00:00 PM,10,6,4
03/05/2016 02:00:00 AM,2,2,0
03/16/2016 12:00:00 PM,7,1,6
03/14/2016 04:00:00 AM,0,0,0
03/27/2016 10:00:00 PM,0,0,0
03/05/2016 06:00:00 AM,3,0,3
03/29/2016 07:00:00 AM,35,2,33
03/27/2016 07:00:00 PM,2,0,2
03/24/2016 01:00:00 AM,2,0,2
03/24/2016 04:00:00 PM,14,12,2
03/01/2016 08:00:00 PM,8,4,4
03/27/2016 04:00:00 PM,11,3,8
03/12/2016 12:00:00 PM,7,2,5
03/23/2016 10:00:00 AM,13,0,13
03/15/2016 06:00:00 PM,36,24,12
03/20/2016 05:00:00 AM,0,0,0
03/05/2016 03:00:00 PM,20,10,10
03/13/2016 08:00:00 AM,5,3,2
03/16/2016 07:00:00 PM,22,13,9
03/06/2016 11:00:00 PM,0,0,0
03/07/2016 04:00:00 PM,30,12,18
03/20/2016 12:00:00 AM,1,1,0
03/14/2016 05:00:00 PM,27,18,9
03/28/2016 07:00:00 AM,19,1,18
03/15/2016 04:00:00 AM,0,0,0
03/01/2016 08:00:00 AM,29,2,27
03/26/2016 01:00:00 AM,0,0,0
03/19/2016 10:00:00 AM,31,12,19
03/28/2016 06:00:00 AM,11,0,11
03/24/2016 11:00:00 PM,0,0,0
03/21/2016 03:00:00 PM,7,4,3
03/16/2016 02:00:00 PM,12,4,8
03/31/2016 07:00:00 PM,31,20,11
03/19/2016 10:00:00 PM,0,0,0
03/19/2016 03:00:00 AM,0,0,0
03/06/2016 08:00:00 PM,3,1,2
03/05/2016 08:00:00 AM,6,3,3
03/21/2016 10:00:00 AM,9,2,7
03/08/2016 12:00:00 AM,0,0,0
03/11/2016 07:00:00 AM,17,5,12
03/16/2016 05:00:00 PM,43,33,10
03/04/2016 03:00:00 PM,14,9,5
03/21/2016 02:00:00 PM,8,4,4
03/04/2016 09:00:00 PM,0,0,0
03/18/2016 01:00:00 AM,2,0,2
03/16/2016 11:00:00 PM,1,1,0
03/28/2016 03:00:00 AM,0,0,0
03/08/2016 10:00:00 AM,10,5,5
03/13/2016 12:00:00 PM,7,5,2
03/20/2016 06:00:00 AM,0,0,0
03/31/2016 04:00:00 AM,0,0,0
03/22/2016 07:00:00 AM,26,4,22
03/22/2016 10:00:00 AM,12,4,8
03/04/2016 11:00:00 AM,6,2,4
03/01/2016 01:00:00 PM,15,4,11
03/29/2016 03:00:00 AM,0,0,0
03/24/2016 06:00:00 AM,6,0,6
03/23/2016 01:00:00 PM,9,3,6
03/02/2016 06:00:00 AM,10,2,8
03/12/2016 06:00:00 PM,3,3,0
03/10/2016 05:00:00 PM,26,19,7
03/14/2016 05:00:00 AM,2,1,1
03/15/2016 05:00:00 AM,2,0,2
03/02/2016 08:00:00 AM,32,3,29
03/03/2016 03:00:00 AM,0,0,0
03/16/2016 08:00:00 AM,23,5,18
03/15/2016 11:00:00 PM,0,0,0
03/01/2016 06:00:00 AM,8,3,5
03/25/2016 08:00:00 AM,16,3,13
03/26/2016 05:00:00 AM,0,0,0
03/11/2016 10:00:00 AM,7,2,5
03/05/2016 06:00:00 PM,6,5,1
03/12/2016 07:00:00 PM,5,2,3
03/25/2016 03:00:00 AM,0,0,0
03/02/2016 09:00:00 AM,17,3,14
03/18/2016 11:00:00 PM,1,1,0
03/07/2016 03:00:00 PM,7,4,3
03/25/2016 01:00:00 PM,12,9,3
03/13/2016 11:00:00 PM,0,0,0
03/01/2016 03:00:00 PM,11,4,7
03/12/2016 11:00:00 AM,10,3,7
03/13/2016 05:00:00 PM,5,1,4
03/09/2016 08:00:00 AM,25,4,21
03/08/2016 04:00:00 AM,0,0,0
03/06/2016 02:00:00 PM,2,0,2
03/26/2016 08:00:00 PM,3,3,0
03/30/2016 09:00:00 PM,6,4,2
03/24/2016 04:00:00 AM,2,0,2
03/19/2016 07:00:00 PM,5,2,3
03/19/2016 01:00:00 AM,0,0,0
03/15/2016 05:00:00 PM,36,33,3
03/18/2016 06:00:00 PM,24,19,5
03/17/2016 05:00:00 AM,0,0,0
03/27/2016 03:00:00 PM,3,1,2
03/29/2016 06:00:00 PM,41,31,10
03/31/2016 03:00:00 PM,13,8,5
03/12/2016 08:00:00 PM,1,1,0
03/19/2016 03:00:00 PM,25,13,12
03/11/2016 05:00:00 AM,0,0,0
03/15/2016 12:00:00 AM,1,1,0
03/09/2016 01:00:00 AM,0,0,0
03/16/2016 06:00:00 PM,30,21,9
03/07/2016 11:00:00 PM,0,0,0
03/07/2016 06:00:00 PM,23,20,3
03/03/2016 07:00:00 PM,11,10,1
03/29/2016 03:00:00 PM,9,5,4
03/28/2016 07:00:00 PM,18,13,5
03/19/2016 01:00:00 PM,16,7,9
03/05/2016 07:00:00 PM,11,3,8
03/04/2016 05:00:00 AM,2,0,2
03/17/2016 08:00:00 PM,13,10,3
03/30/2016 02:00:00 AM,0,0,0
03/12/2016 12:00:00 AM,1,1,0
03/07/2016 02:00:00 AM,0,0,0
03/29/2016 04:00:00 AM,0,0,0
03/02/2016 03:00:00 AM,0,0,0
03/20/2016 09:00:00 AM,10,5,5
03/05/2016 01:00:00 AM,0,0,0
03/04/2016 04:00:00 PM,20,13,7
03/01/2016 09:00:00 PM,9,5,4
03/27/2016 07:00:00 AM,1,0,1
03/04/2016 12:00:00 PM,4,2,2
03/28/2016 05:00:00 PM,33,27,6
03/03/2016 01:00:00 AM,0,0,0
03/30/2016 12:00:00 PM,14,4,10
03/11/2016 09:00:00 PM,5,3,2
03/14/2016 10:00:00 AM,16,4,12
03/16/2016 11:00:00 AM,10,3,7
03/30/2016 05:00:00 PM,43,36,7
03/26/2016 11:00:00 PM,0,0,0
03/13/2016 03:00:00 AM,,,
03/11/2016 08:00:00 PM,7,4,3
03/26/2016 03:00:00 PM,14,6,8
03/23/2016 01:00:00 AM,0,0,0
03/11/2016 08:00:00 AM,27,3,24
03/22/2016 07:00:00 PM,10,10,0
03/05/2016 08:00:00 PM,0,0,0
03/24/2016 02:00:00 PM,6,3,3
03/24/2016 09:00:00 PM,1,1,0
03/21/2016 07:00:00 AM,16,5,11
03/05/2016 05:00:00 PM,10,7,3
03/26/2016 08:00:00 AM,2,1,1
03/06/2016 06:00:00 AM,2,0,2
03/28/2016 01:00:00 PM,9,5,4
03/26/2016 09:00:00 PM,5,3,2
03/12/2016 09:00:00 AM,10,2,8
03/18/2016 04:00:00 PM,22,12,10
03/05/2016 04:00:00 AM,0,0,0
03/04/2016 07:00:00 AM,16,3,13
03/14/2016 04:00:00 PM,19,14,5
03/28/2016 05:00:00 AM,3,1,2
03/22/2016 06:00:00 AM,13,3,10
03/03/2016 04:00:00 AM,2,0,2
03/07/2016 09:00:00 PM,1,1,0
03/12/2016 03:00:00 PM,4,2,2
03/23/2016 09:00:00 AM,23,4,19
03/25/2016 12:00:00 AM,0,0,0
03/29/2016 04:00:00 PM,23,9,14
03/03/2016 06:00:00 AM,14,4,10
03/09/2016 11:00:00 PM,0,0,0
03/05/2016 12:00:00 AM,2,0,2
03/10/2016 02:00:00 AM,0,0,0
03/16/2016 01:00:00 PM,10,4,6
03/25/2016 02:00:00 AM,0,0,0
03/01/2016 04:00:00 PM,16,10,6
03/18/2016 02:00:00 PM,19,13,6
03/14/2016 08:00:00 AM,11,1,10
03/06/2016 06:00:00 PM,5,3,2
03/19/2016 02:00:00 PM,22,18,4
03/06/2016 04:00:00 PM,11,1,10
03/22/2016 02:00:00 PM,14,9,5
03/04/2016 01:00:00 AM,0,0,0
03/21/2016 06:00:00 PM,26,22,4
03/13/2016 01:00:00 AM,0,0,0
03/21/2016 03:00:00 AM,0,0,0
03/19/2016 12:00:00 AM,1,1,0
03/20/2016 01:00:00 PM,11,5,6
03/02/2016 08:00:00 PM,10,6,4
03/18/2016 03:00:00 PM,10,5,5
03/26/2016 09:00:00 AM,6,1,5
03/12/2016 06:00:00 AM,1,0,1
03/19/2016 09:00:00 AM,7,1,6
03/22/2016 08:00:00 AM,34,4,30
03/01/2016 07:00:00 AM,16,1,15
03/22/2016 11:00:00 PM,4,2,2
03/04/2016 05:00:00 PM,36,28,8
03/21/2016 01:00:00 AM,0,0,0
03/17/2016 07:00:00 PM,12,12,0
03/24/2016 01:00:00 PM,1,1,0
03/26/2016 12:00:00 AM,2,0,2
03/11/2016 01:00:00 AM,0,0,0
03/18/2016 03:00:00 AM,0,0,0
03/02/2016 05:00:00 AM,3,0,3
03/07/2016 05:00:00 PM,22,17,5
03/23/2016 11:00:00 PM,1,1,0
03/22/2016 01:00:00 AM,1,1,0
03/21/2016 09:00:00 AM,17,5,12
03/14/2016 07:00:00 PM,12,8,4
03/14/2016 06:00:00 PM,24,19,5
03/04/2016 10:00:00 AM,11,3,8
03/03/2016 08:00:00 PM,7,6,1
03/24/2016 06:00:00 PM,16,15,1
03/18/2016 04:00:00 AM,0,0,0
03/04/2016 09:00:00 AM,23,6,17
03/20/2016 02:00:00 PM,11,5,6
03/09/2016 01:00:00 PM,2,1,1
03/11/2016 03:00:00 PM,10,5,5
03/04/2016 02:00:00 AM,0,0,0
03/26/2016 06:00:00 AM,4,1,3
03/17/2016 03:00:00 PM,24,11,13
03/20/2016 02:00:00 AM,0,0,0
03/04/2016 06:00:00 PM,21,13,8
03/28/2016 12:00:00 AM,2,2,0
03/16/2016 12:00:00 AM,1,1,0
03/03/2016 05:00:00 AM,1,1,0
03/29/2016 08:00:00 PM,5,4,1
03/09/2016 09:00:00 AM,16,3,13
03/04/2016 06:00:00 AM,12,2,10
03/23/2016 05:00:00 PM,35,24,11
03/01/2016 02:00:00 PM,6,2,4
03/21/2016 10:00:00 PM,0,0,0
03/11/2016 09:00:00 AM,20,3,17
03/26/2016 07:00:00 PM,6,2,4
03/31/2016 05:00:00 AM,2,0,2
03/06/2016 01:00:00 AM,0,0,0
03/10/2016 12:00:00 PM,11,3,8
03/13/2016 03:00:00 AM,0,0,0
03/10/2016 09:00:00 PM,8,3,5
03/19/2016 06:00:00 PM,13,9,4
03/19/2016 09:00:00 PM,3,1,2
03/30/2016 11:00:00 AM,7,1,6
03/23/2016 05:00:00 AM,5,2,3
03/13/2016 06:00:00 PM,4,2,2
03/25/2016 09:00:00 PM,2,0,2
03/17/2016 12:00:00 AM,0,0,0
03/26/2016 07:00:00 AM,2,1,1
03/15/2016 04:00:00 PM,20,12,8
03/03/2016 02:00:00 PM,9,5,4
03/17/2016 04:00:00 PM,20,14,6
03/27/2016 01:00:00 AM,0,0,0
03/18/2016 10:00:00 AM,16,3,13
03/19/2016 04:00:00 PM,21,13,8
03/13/2016 03:00:00 PM,7,1,6
03/10/2016 05:00:00 AM,1,0,1
03/15/2016 02:00:00 PM,6,4,2
03/20/2016 05:00:00 PM,8,3,5
03/14/2016 11:00:00 PM,0,0,0
03/17/2016 06:00:00 PM,32,26,6
03/11/2016 05:00:00 PM,24,18,6
03/28/2016 04:00:00 AM,0,0,0
03/18/2016 07:00:00 AM,15,5,10
03/13/2016 04:00:00 PM,6,5,1
03/15/2016 08:00:00 PM,6,3,3
03/30/2016 08:00:00 AM,24,2,22
03/01/2016 02:00:00 AM,0,0,0
03/31/2016 08:00:00 PM,15,12,3
03/11/2016 02:00:00 AM,0,0,0
03/08/2016 04:00:00 PM,21,13,8
03/10/2016 03:00:00 PM,8,6,2
03/11/2016 12:00:00 PM,13,3,10
03/28/2016 03:00:00 PM,8,5,3
03/21/2016 01:00:00 PM,7,2,5
03/06/2016 08:00:00 AM,8,3,5
03/24/2016 07:00:00 AM,16,2,14
03/24/2016 11:00:00 AM,16,5,11
03/21/2016 06:00:00 AM,7,0,7
03/06/2016 05:00:00 PM,3,0,3
03/20/2016 11:00:00 PM,1,1,0
03/28/2016 11:00:00 AM,9,0,9
03/16/2016 06:00:00 AM,10,1,9
03/25/2016 11:00:00 AM,19,6,13
03/06/2016 12:00:00 AM,0,0,0
03/28/2016 10:00:00 PM,3,1,2
03/16/2016 05:00:00 AM,1,0,1
03/29/2016 02:00:00 PM,12,9,3
03/02/2016 11:00:00 AM,11,6,5
03/31/2016 07:00:00 AM,32,1,31
03/19/2016 11:00:00 PM,0,0,0
03/13/2016 12:00:00 AM,1,1,0
03/16/2016 08:00:00 PM,8,6,2
03/30/2016 04:00:00 PM,26,18,8
03/30/2016 01:00:00 PM,13,6,7
03/22/2016 09:00:00 PM,11,5,6
03/13/2016 10:00:00 PM,2,0,2
03/08/2016 11:00:00 PM,3,1,2
03/02/2016 09:00:00 PM,3,3,0
03/23/2016 04:00:00 AM,1,1,0
03/11/2016 10:00:00 PM,3,1,2
03/28/2016 04:00:00 PM,31,21,10
03/17/2016 10:00:00 AM,10,0,10
03/23/2016 04:00:00 PM,24,16,8
03/03/2016 12:00:00 AM,0,0,0
03/09/2016 09:00:00 PM,3,1,2
03/25/2016 07:00:00 AM,18,1,17
03/02/2016 10:00:00 PM,1,1,0
03/25/2016 05:00:00 AM,0,0,0
03/29/2016 01:00:00 AM,0,0,0
03/27/2016 02:00:00 AM,0,0,0
03/26/2016 03:00:00 AM,0,0,0
03/06/2016 04:00:00 AM,1,0,1
03/10/2016 12:00:00 AM,1,1,0
03/20/2016 10:00:00 AM,16,9,7
03/21/2016 04:00:00 PM,24,16,8
03/17/2016 02:00:00 AM,0,0,0
03/23/2016 12:00:00 AM,1,1,0
03/13/2016 08:00:00 PM,4,2,2
03/01/2016 11:00:00 AM,5,1,4
03/23/2016 02:00:00 PM,13,9,4
03/12/2016 03:00:00 AM,0,0,0
03/20/2016 09:00:00 PM,4,2,2
03/06/2016 09:00:00 AM,11,6,5
03/17/2016 05:00:00 PM,46,37,9
03/12/2016 10:00:00 AM,7,3,4
03/11/2016 11:00:00 PM,0,0,0
03/06/2016 01:00:00 PM,18,13,5
03/12/2016 02:00:00 PM,24,11,13
03/31/2016 08:00:00 AM,37,2,35
03/10/2016 02:00:00 PM,9,1,8
03/03/2016 11:00:00 PM,1,0,1
03/13/2016 10:00:00 AM,17,8,9
03/20/2016 03:00:00 AM,0,0,0
03/12/2016 07:00:00 AM,2,2,0
03/03/2016 08:00:00 AM,21,6,15
03/01/2016 09:00:00 AM,21,3,18
03/02/2016 03:00:00 PM,11,8,3
03/21/2016 05:00:00 AM,1,0,1
03/14/2016 07:00:00 AM,9,2,7
03/02/2016 06:00:00 PM,19,15,4
03/16/2016 07:00:00 AM,17,1,16
03/12/2016 01:00:00 AM,0,0,0
03/29/2016 05:00:00 PM,58,46,12
03/25/2016 05:00:00 PM,32,23,9
03/14/2016 06:00:00 AM,11,2,9
03/08/2016 11:00:00 AM,13,6,7
03/17/2016 03:00:00 AM,0,0,0
03/09/2016 12:00:00 PM,1,1,0
03/31/2016 02:00:00 AM,0,0,0
03/07/2016 07:00:00 AM,14,2,12
03/20/2016 08:00:00 PM,1,0,1
03/07/2016 04:00:00 AM,1,0,1
03/04/2016 12:00:00 AM,0,0,0
03/25/2016 02:00:00 PM,21,8,13
03/27/2016 08:00:00 PM,4,1,3
03/20/2016 04:00:00 AM,0,0,0
03/10/2016 09:00:00 AM,16,4,12
03/07/2016 09:00:00 AM,12,1,11
03/18/2016 07:00:00 PM,11,9,2
03/22/2016 01:00:00 PM,10,4,6
03/14/2016 10:00:00 PM,3,1,2
03/03/2016 07:00:00 AM,24,2,22
03/30/2016 06:00:00 AM,15,0,15
03/30/2016 12:00:00 AM,1,1,0
03/14/2016 09:00:00 AM,10,1,9
03/12/2016 04:00:00 AM,0,0,0
03/04/2016 01:00:00 PM,11,2,9
03/11/2016 12:00:00 AM,0,0,0
03/29/2016 02:00:00 AM,0,0,0
03/22/2016 11:00:00 AM,5,2,3
03/03/2016 04:00:00 PM,15,10,5
03/08/2016 03:00:00 AM,0,0,0
03/05/2016 12:00:00 PM,12,6,6
03/29/2016 10:00:00 AM,16,9,7
03/11/2016 02:00:00 PM,9,4,5
03/23/2016 06:00:00 AM,12,2,10
03/27/2016 04:00:00 AM,0,0,0
03/12/2016 11:00:00 PM,0,0,0
03/11/2016 11:00:00 AM,7,5,2
03/19/2016 07:00:00 AM,7,4,3
03/04/2016 07:00:00 PM,4,4,0
03/27/2016 09:00:00 PM,0,0,0
03/28/2016 02:00:00 AM,0,0,0
03/05/2016 11:00:00 PM,3,1,2
03/29/2016 12:00:00 PM,4,1,3
03/31/2016 06:00:00 AM,16,1,15
03/12/2016 04:00:00 PM,1,1,0
03/24/2016 02:00:00 AM,1,1,0
03/05/2016 02:00:00 PM,18,11,7
03/07/2016 10:00:00 AM,6,4,2
03/22/2016 04:00:00 AM,0,0,0
03/09/2016 02:00:00 PM,8,2,6
03/20/2016 08:00:00 AM,9,3,6
03/22/2016 12:00:00 PM,6,5,1
03/25/2016 04:00:00 PM,21,11,10
03/29/2016 09:00:00 AM,19,2,17
03/06/2016 03:00:00 AM,0,0,0
03/26/2016 02:00:00 PM,23,13,10
03/14/2016 01:00:00 AM,0,0,0
03/11/2016 06:00:00 AM,12,1,11
03/07/2016 11:00:00 AM,6,3,3
03/31/2016 11:00:00 AM,18,7,11
03/21/2016 02:00:00 AM,0,0,0
03/27/2016 09:00:00 AM,3,3,0
03/08/2016 09:00:00 AM,14,3,11
03/17/2016 12:00:00 PM,9,4,5
03/07/2016 01:00:00 AM,0,0,0
04/20/2016 01:00:00 AM,2,2,0
04/10/2016 11:00:00 PM,1,1,0
04/21/2016 08:00:00 PM,14,9,5
04/12/2016 05:00:00 PM,30,27,3
04/01/2016 11:00:00 PM,0,0,0
04/11/2016 09:00:00 AM,20,6,14
04/10/2016 01:00:00 AM,0,0,0
04/19/2016 05:00:00 PM,51,49,2
04/02/2016 10:00:00 AM,16,2,14
04/25/2016 10:00:00 PM,1,1,0
04/28/2016 03:00:00 AM,0,0,0
04/19/2016 02:00:00 PM,25,14,11
04/23/2016 02:00:00 PM,22,14,8
04/10/2016 05:00:00 AM,1,0,1
04/09/2016 06:00:00 AM,4,1,3
04/28/2016 01:00:00 PM,5,4,1
04/24/2016 02:00:00 PM,0,0,0
04/28/2016 07:00:00 AM,33,2,31
04/07/2016 03:00:00 PM,30,17,13
04/14/2016 10:00:00 PM,3,1,2
04/06/2016 09:00:00 PM,9,5,4
04/16/2016 03:00:00 PM,21,8,13
04/25/2016 05:00:00 AM,1,0,1
04/26/2016 04:00:00 AM,0,0,0
04/11/2016 12:00:00 AM,2,0,2
04/22/2016 07:00:00 PM,8,6,2
04/16/2016 07:00:00 PM,15,4,11
04/09/2016 10:00:00 PM,7,4,3
04/28/2016 05:00:00 AM,2,0,2
04/25/2016 12:00:00 PM,21,8,13
04/23/2016 09:00:00 AM,23,8,15
04/20/2016 01:00:00 PM,11,8,3
04/08/2016 11:00:00 PM,1,1,0
04/30/2016 12:00:00 AM,4,2,2
04/08/2016 05:00:00 AM,0,0,0
04/16/2016 06:00:00 AM,3,0,3
04/11/2016 04:00:00 AM,0,0,0
04/17/2016 01:00:00 AM,0,0,0
04/15/2016 01:00:00 AM,0,0,0
04/15/2016 05:00:00 AM,0,0,0
04/14/2016 07:00:00 PM,16,14,2
04/29/2016 04:00:00 PM,16,10,6
04/01/2016 08:00:00 AM,26,2,24
04/01/2016 12:00:00 PM,15,8,7
04/20/2016 04:00:00 PM,26,17,9
04/21/2016 03:00:00 AM,0,0,0
04/18/2016 10:00:00 AM,16,6,10
04/05/2016 03:00:00 PM,17,7,10
04/07/2016 02:00:00 PM,19,11,8
04/07/2016 06:00:00 AM,15,1,14
04/11/2016 11:00:00 PM,0,0,0
04/09/2016 06:00:00 PM,57,31,26
04/10/2016 07:00:00 AM,2,1,1
04/21/2016 12:00:00 PM,9,4,5
04/27/2016 03:00:00 AM,0,0,0
04/08/2016 09:00:00 AM,17,2,15
04/14/2016 02:00:00 PM,16,9,7
04/19/2016 09:00:00 PM,1,1,0
04/09/2016 09:00:00 AM,29,11,18
04/10/2016 06:00:00 PM,14,6,8
04/15/2016 03:00:00 PM,6,3,3
04/30/2016 11:00:00 AM,16,8,8
04/01/2016 04:00:00 PM,34,20,14
04/03/2016 03:00:00 PM,28,15,13
04/17/2016 08:00:00 PM,5,5,0
04/16/2016 01:00:00 PM,19,8,11
04/11/2016 06:00:00 PM,41,31,10
04/09/2016 10:00:00 AM,12,6,6
04/08/2016 03:00:00 PM,20,17,3
04/12/2016 06:00:00 AM,16,3,13
04/22/2016 01:00:00 PM,11,8,3
04/25/2016 11:00:00 AM,15,3,12
04/05/2016 07:00:00 PM,10,6,4
04/04/2016 01:00:00 PM,14,5,9
04/17/2016 10:00:00 PM,10,3,7
04/01/2016 02:00:00 PM,20,14,6
04/18/2016 02:00:00 AM,0,0,0
04/11/2016 04:00:00 PM,19,10,9
04/22/2016 08:00:00 PM,9,7,2
04/29/2016 02:00:00 PM,4,2,2
04/30/2016 03:00:00 PM,23,12,11
04/29/2016 11:00:00 PM,7,5,2
04/27/2016 02:00:00 PM,22,8,14
04/19/2016 11:00:00 AM,14,6,8
04/16/2016 11:00:00 AM,9,5,4
04/30/2016 05:00:00 AM,0,0,0
04/27/2016 04:00:00 PM,32,22,10
04/18/2016 08:00:00 PM,11,8,3
04/16/2016 10:00:00 PM,8,5,3
04/13/2016 04:00:00 PM,19,13,6
04/29/2016 08:00:00 AM,19,1,18
04/07/2016 08:00:00 AM,47,7,40
04/26/2016 03:00:00 AM,0,0,0
04/26/2016 12:00:00 AM,1,1,0
04/28/2016 04:00:00 AM,0,0,0
04/28/2016 02:00:00 PM,9,6,3
04/23/2016 09:00:00 PM,3,3,0
04/20/2016 10:00:00 AM,14,0,14
04/03/2016 06:00:00 PM,5,2,3
04/19/2016 01:00:00 AM,0,0,0
04/20/2016 12:00:00 PM,11,2,9
04/08/2016 12:00:00 PM,9,4,5
04/06/2016 07:00:00 AM,27,1,26
04/03/2016 09:00:00 PM,7,1,6
04/20/2016 02:00:00 PM,13,8,5
04/19/2016 07:00:00 AM,41,5,36
04/18/2016 10:00:00 PM,1,1,0
04/15/2016 12:00:00 PM,12,1,11
04/02/2016 01:00:00 AM,0,0,0
04/13/2016 06:00:00 PM,24,19,5
04/22/2016 02:00:00 PM,9,6,3
04/21/2016 05:00:00 AM,2,0,2
04/28/2016 12:00:00 PM,4,3,1
04/22/2016 09:00:00 PM,2,2,0
04/15/2016 07:00:00 AM,22,0,22
04/04/2016 05:00:00 AM,1,1,0
04/08/2016 07:00:00 AM,23,4,19
04/01/2016 05:00:00 AM,0,0,0
04/14/2016 04:00:00 PM,29,18,11
04/07/2016 12:00:00 PM,11,1,10
04/12/2016 01:00:00 AM,1,1,0
04/04/2016 06:00:00 PM,41,33,8
04/01/2016 08:00:00 PM,11,6,5
04/09/2016 04:00:00 PM,17,13,4
04/26/2016 05:00:00 PM,40,38,2
04/17/2016 05:00:00 AM,1,0,1
04/25/2016 03:00:00 AM,0,0,0
04/07/2016 01:00:00 AM,0,0,0
04/26/2016 10:00:00 AM,15,2,13
04/03/2016 12:00:00 AM,0,0,0
04/30/2016 04:00:00 PM,30,20,10
04/03/2016 08:00:00 AM,13,10,3
04/19/2016 11:00:00 PM,0,0,0
04/09/2016 08:00:00 AM,26,6,20
04/06/2016 12:00:00 AM,1,1,0
04/21/2016 06:00:00 PM,46,37,9
04/07/2016 04:00:00 AM,1,0,1
04/05/2016 08:00:00 PM,16,11,5
04/14/2016 09:00:00 AM,13,3,10
04/23/2016 10:00:00 AM,26,5,21
04/21/2016 07:00:00 PM,24,18,6
04/08/2016 06:00:00 AM,16,3,13
04/12/2016 04:00:00 PM,22,9,13
04/12/2016 05:00:00 AM,2,1,1
04/21/2016 04:00:00 AM,0,0,0
04/17/2016 06:00:00 PM,23,9,14
04/21/2016 12:00:00 AM,1,1,0
04/06/2016 11:00:00 AM,11,6,5
04/13/2016 11:00:00 PM,0,0,0
04/04/2016 10:00:00 AM,13,4,9
04/20/2016 10:00:00 PM,3,3,0
04/25/2016 07:00:00 AM,23,3,20
04/02/2016 09:00:00 PM,14,8,6
04/18/2016 09:00:00 PM,6,5,1
04/09/2016 07:00:00 PM,9,6,3
04/30/2016 07:00:00 AM,0,0,0
04/02/2016 11:00:00 PM,3,3,0
04/05/2016 10:00:00 PM,2,0,2
04/15/2016 09:00:00 AM,22,2,20
04/23/2016 03:00:00 PM,14,4,10
04/25/2016 11:00:00 PM,2,0,2
04/09/2016 12:00:00 AM,2,2,0
04/15/2016 03:00:00 AM,2,0,2
04/24/2016 11:00:00 AM,3,0,3
04/26/2016 11:00:00 AM,12,4,8
04/05/2016 12:00:00 PM,7,5,2
04/18/2016 11:00:00 AM,9,2,7
04/01/2016 11:00:00 AM,16,3,13
04/21/2016 02:00:00 PM,8,6,2
04/20/2016 11:00:00 PM,0,0,0
04/15/2016 12:00:00 AM,0,0,0
04/24/2016 01:00:00 PM,6,3,3
04/07/2016 03:00:00 AM,0,0,0
04/30/2016 10:00:00 PM,0,0,0
04/14/2016 06:00:00 PM,37,27,10
04/14/2016 03:00:00 PM,13,4,9
04/24/2016 11:00:00 PM,0,0,0
04/25/2016 09:00:00 AM,12,4,8
04/17/2016 07:00:00 PM,16,13,3
04/30/2016 08:00:00 PM,9,7,2
04/23/2016 11:00:00 PM,2,2,0
04/18/2016 02:00:00 PM,12,6,6
04/16/2016 02:00:00 PM,23,13,10
04/11/2016 01:00:00 AM,1,1,0
04/19/2016 07:00:00 PM,29,18,11
04/05/2016 05:00:00 PM,49,41,8
04/21/2016 03:00:00 PM,33,20,13
04/18/2016 08:00:00 AM,34,2,32
04/15/2016 08:00:00 PM,7,4,3
04/28/2016 12:00:00 AM,1,1,0
04/23/2016 06:00:00 AM,1,0,1
04/21/2016 10:00:00 PM,3,1,2
04/25/2016 09:00:00 PM,2,2,0
04/03/2016 05:00:00 AM,0,0,0
04/15/2016 07:00:00 PM,10,7,3
04/20/2016 06:00:00 PM,46,37,9
04/20/2016 03:00:00 AM,0,0,0
04/25/2016 06:00:00 PM,38,27,11
04/29/2016 04:00:00 AM,0,0,0
04/23/2016 08:00:00 AM,10,1,9
04/29/2016 07:00:00 AM,21,4,17
04/05/2016 11:00:00 AM,7,5,2
04/15/2016 11:00:00 AM,8,0,8
04/25/2016 08:00:00 PM,7,6,1
04/04/2016 12:00:00 PM,18,6,12
04/16/2016 03:00:00 AM,0,0,0
04/01/2016 01:00:00 PM,21,8,13
04/03/2016 11:00:00 AM,44,17,27
04/11/2016 10:00:00 PM,1,1,0
04/01/2016 07:00:00 AM,20,2,18
04/04/2016 08:00:00 PM,4,4,0
04/06/2016 11:00:00 PM,2,1,1
04/30/2016 12:00:00 PM,23,13,10
04/28/2016 09:00:00 PM,4,2,2
04/22/2016 06:00:00 PM,34,28,6
04/27/2016 07:00:00 PM,22,20,2
04/15/2016 06:00:00 AM,13,3,10
04/16/2016 05:00:00 PM,18,13,5
04/21/2016 01:00:00 PM,15,8,7
04/03/2016 02:00:00 AM,2,0,2
04/15/2016 10:00:00 PM,4,2,2
04/09/2016 03:00:00 AM,0,0,0
04/17/2016 01:00:00 PM,23,13,10
04/15/2016 05:00:00 PM,44,37,7
04/18/2016 06:00:00 PM,39,34,5
04/08/2016 01:00:00 PM,16,10,6
04/07/2016 02:00:00 AM,0,0,0
04/08/2016 05:00:00 PM,58,44,14
04/14/2016 11:00:00 PM,0,0,0
04/18/2016 12:00:00 AM,0,0,0
04/21/2016 01:00:00 AM,0,0,0
04/23/2016 06:00:00 PM,16,11,5
04/29/2016 01:00:00 AM,0,0,0
04/27/2016 11:00:00 AM,5,1,4
04/19/2016 09:00:00 AM,29,2,27
04/02/2016 05:00:00 AM,0,0,0
04/17/2016 12:00:00 PM,25,11,14
04/07/2016 07:00:00 AM,32,0,32
04/17/2016 03:00:00 AM,0,0,0
04/13/2016 05:00:00 PM,35,32,3
04/03/2016 02:00:00 PM,21,11,10
04/26/2016 01:00:00 AM,0,0,0
04/20/2016 07:00:00 PM,27,19,8
04/30/2016 07:00:00 PM,12,8,4
04/04/2016 07:00:00 PM,17,10,7
04/29/2016 07:00:00 PM,19,13,6
04/02/2016 12:00:00 PM,19,12,7
04/06/2016 06:00:00 PM,39,34,5
04/14/2016 12:00:00 PM,5,1,4
04/24/2016 07:00:00 AM,4,2,2
04/02/2016 08:00:00 PM,6,5,1
04/15/2016 04:00:00 PM,19,12,7
04/21/2016 08:00:00 AM,40,6,34
04/30/2016 06:00:00 PM,18,9,9
04/24/2016 01:00:00 AM,2,2,0
04/24/2016 09:00:00 AM,2,1,1
04/30/2016 01:00:00 AM,0,0,0
04/08/2016 03:00:00 AM,0,0,0
04/09/2016 01:00:00 AM,4,0,4
04/10/2016 04:00:00 AM,0,0,0
04/16/2016 09:00:00 PM,4,1,3
04/26/2016 09:00:00 AM,32,1,31
04/03/2016 12:00:00 PM,46,15,31
04/25/2016 01:00:00 PM,11,6,5
04/26/2016 11:00:00 PM,0,0,0
04/11/2016 12:00:00 PM,7,3,4
04/06/2016 04:00:00 AM,0,0,0
04/22/2016 03:00:00 PM,12,7,5
04/25/2016 08:00:00 AM,26,2,24
04/24/2016 12:00:00 AM,2,2,0
04/17/2016 07:00:00 AM,7,1,6
04/24/2016 06:00:00 PM,5,1,4
04/22/2016 10:00:00 PM,2,0,2
04/16/2016 11:00:00 PM,1,1,0
04/25/2016 04:00:00 PM,23,17,6
04/05/2016 03:00:00 AM,0,0,0
04/13/2016 12:00:00 AM,1,1,0
04/25/2016 10:00:00 AM,16,7,9
04/25/2016 02:00:00 AM,0,0,0
04/20/2016 08:00:00 PM,10,7,3
04/12/2016 11:00:00 PM,0,0,0
04/13/2016 07:00:00 PM,19,17,2
04/05/2016 10:00:00 AM,12,1,11
04/10/2016 02:00:00 AM,2,2,0
04/26/2016 01:00:00 PM,17,9,8
04/09/2016 05:00:00 PM,6,6,0
04/12/2016 01:00:00 PM,5,3,2
04/20/2016 02:00:00 AM,0,0,0
04/08/2016 09:00:00 PM,10,4,6
04/28/2016 08:00:00 AM,43,4,39
04/23/2016 12:00:00 PM,19,14,5
04/03/2016 07:00:00 PM,16,9,7
04/16/2016 04:00:00 PM,13,7,6
04/18/2016 04:00:00 AM,0,0,0
04/26/2016 08:00:00 AM,46,7,39
04/16/2016 01:00:00 AM,0,0,0
04/17/2016 03:00:00 PM,17,11,6
04/20/2016 09:00:00 PM,7,6,1
04/09/2016 11:00:00 AM,22,10,12
04/23/2016 07:00:00 AM,9,5,4
04/21/2016 09:00:00 AM,34,6,28
04/08/2016 02:00:00 AM,0,0,0
04/15/2016 01:00:00 PM,8,5,3
04/13/2016 01:00:00 PM,7,5,2
04/27/2016 11:00:00 PM,0,0,0
04/25/2016 07:00:00 PM,15,14,1
04/18/2016 03:00:00 AM,0,0,0
04/10/2016 11:00:00 AM,10,7,3
04/19/2016 10:00:00 PM,7,5,2
04/02/2016 02:00:00 AM,0,0,0
04/29/2016 11:00:00 AM,13,3,10
04/12/2016 09:00:00 PM,2,2,0
04/21/2016 10:00:00 AM,18,3,15
04/01/2016 02:00:00 AM,0,0,0
04/07/2016 10:00:00 PM,3,3,0
04/10/2016 08:00:00 PM,1,0,1
04/13/2016 06:00:00 AM,12,0,12
04/27/2016 12:00:00 AM,0,0,0
04/09/2016 03:00:00 PM,15,3,12
04/29/2016 03:00:00 PM,15,11,4
04/23/2016 04:00:00 AM,0,0,0
04/10/2016 10:00:00 AM,12,3,9
04/13/2016 03:00:00 AM,0,0,0
04/23/2016 04:00:00 PM,13,5,8
04/16/2016 12:00:00 PM,13,7,6
04/27/2016 01:00:00 AM,1,1,0
04/22/2016 11:00:00 PM,2,2,0
04/18/2016 05:00:00 PM,51,41,10
04/15/2016 11:00:00 PM,0,0,0
04/11/2016 06:00:00 AM,15,2,13
04/12/2016 10:00:00 PM,2,0,2
04/14/2016 06:00:00 AM,12,0,12
04/22/2016 12:00:00 PM,9,2,7
04/02/2016 04:00:00 AM,0,0,0
04/14/2016 11:00:00 AM,13,3,10
04/18/2016 04:00:00 PM,34,23,11
04/24/2016 04:00:00 PM,5,3,2
04/28/2016 06:00:00 PM,39,33,6
04/22/2016 02:00:00 AM,0,0,0
04/30/2016 01:00:00 PM,19,10,9
04/24/2016 10:00:00 AM,8,5,3
04/14/2016 02:00:00 AM,0,0,0
04/29/2016 10:00:00 AM,13,3,10
04/05/2016 05:00:00 AM,1,1,0
04/04/2016 03:00:00 AM,0,0,0
04/25/2016 02:00:00 PM,16,11,5
04/08/2016 02:00:00 PM,7,5,2
04/06/2016 07:00:00 PM,15,15,0
04/13/2016 12:00:00 PM,9,5,4
04/07/2016 07:00:00 PM,22,15,7
04/26/2016 12:00:00 PM,11,4,7
04/21/2016 05:00:00 PM,43,31,12
04/22/2016 07:00:00 AM,24,0,24
04/12/2016 07:00:00 AM,22,2,20
04/15/2016 10:00:00 AM,15,4,11
04/20/2016 08:00:00 AM,39,8,31
04/08/2016 04:00:00 PM,23,21,2
04/05/2016 09:00:00 AM,17,1,16
04/26/2016 03:00:00 PM,14,8,6
04/25/2016 05:00:00 PM,42,34,8
04/07/2016 01:00:00 PM,14,7,7
04/24/2016 03:00:00 PM,3,1,2
04/21/2016 02:00:00 AM,0,0,0
04/26/2016 02:00:00 PM,16,7,9
04/23/2016 03:00:00 AM,0,0,0
04/30/2016 02:00:00 AM,0,0,0
04/26/2016 04:00:00 PM,21,13,8
04/27/2016 08:00:00 AM,39,5,34
04/07/2016 11:00:00 PM,1,1,0
04/01/2016 03:00:00 PM,15,9,6
04/06/2016 08:00:00 PM,6,6,0
04/07/2016 08:00:00 PM,19,13,6
04/29/2016 12:00:00 AM,1,1,0
04/08/2016 06:00:00 PM,46,32,14
04/17/2016 05:00:00 PM,19,14,5
04/24/2016 10:00:00 PM,2,0,2
04/02/2016 03:00:00 AM,0,0,0
04/09/2016 08:00:00 PM,10,3,7
04/26/2016 08:00:00 PM,8,6,2
04/29/2016 09:00:00 PM,4,2,2
04/15/2016 09:00:00 PM,1,1,0
04/14/2016 08:00:00 AM,28,3,25
04/04/2016 07:00:00 AM,20,0,20
04/22/2016 03:00:00 AM,3,0,3
04/10/2016 01:00:00 PM,14,7,7
04/26/2016 10:00:00 PM,3,3,0
04/14/2016 04:00:00 AM,0,0,0
04/10/2016 06:00:00 AM,5,0,5
04/29/2016 05:00:00 AM,2,1,1
04/26/2016 02:00:00 AM,0,0,0
04/22/2016 05:00:00 AM,0,0,0
04/27/2016 01:00:00 PM,17,13,4
04/27/2016 06:00:00 AM,13,1,12
04/22/2016 11:00:00 AM,13,2,11
04/02/2016 08:00:00 AM,5,0,5
04/17/2016 11:00:00 AM,23,8,15
04/18/2016 07:00:00 PM,27,22,5
04/11/2016 05:00:00 AM,0,0,0
04/01/2016 09:00:00 PM,3,3,0
04/30/2016 03:00:00 AM,0,0,0
04/24/2016 08:00:00 PM,6,3,3
04/08/2016 07:00:00 PM,16,10,6
04/14/2016 07:00:00 AM,17,1,16
04/27/2016 10:00:00 PM,2,2,0
04/24/2016 04:00:00 AM,0,0,0
04/18/2016 11:00:00 PM,2,2,0
04/27/2016 05:00:00 AM,3,0,3
04/10/2016 12:00:00 PM,12,2,10
04/11/2016 11:00:00 AM,10,4,6
04/12/2016 09:00:00 AM,16,2,14
04/12/2016 08:00:00 AM,22,3,19
04/12/2016 04:00:00 AM,0,0,0
04/11/2016 07:00:00 AM,19,0,19
04/10/2016 12:00:00 AM,1,1,0
04/22/2016 06:00:00 AM,14,1,13
04/22/2016 01:00:00 AM,0,0,0
04/27/2016 12:00:00 PM,11,3,8
04/03/2016 04:00:00 PM,25,14,11
04/08/2016 01:00:00 AM,0,0,0
04/18/2016 07:00:00 AM,41,1,40
04/19/2016 10:00:00 AM,12,1,11
04/28/2016 06:00:00 AM,14,0,14
04/02/2016 02:00:00 PM,21,14,7
04/10/2016 10:00:00 PM,5,0,5
04/29/2016 02:00:00 AM,0,0,0
04/24/2016 12:00:00 PM,4,3,1
04/04/2016 01:00:00 AM,0,0,0
04/29/2016 12:00:00 PM,11,3,8
04/21/2016 04:00:00 PM,24,22,2
04/15/2016 06:00:00 PM,17,16,1
04/23/2016 01:00:00 PM,22,11,11
04/18/2016 12:00:00 PM,15,5,10
04/13/2016 01:00:00 AM,1,1,0
04/24/2016 08:00:00 AM,6,3,3
04/27/2016 04:00:00 AM,0,0,0
04/04/2016 04:00:00 PM,30,17,13
04/26/2016 09:00:00 PM,7,5,2
04/19/2016 12:00:00 AM,0,0,0
04/10/2016 03:00:00 AM,0,0,0
04/20/2016 05:00:00 PM,59,45,14
04/16/2016 08:00:00 AM,14,7,7
04/14/2016 01:00:00 PM,10,4,6
04/04/2016 04:00:00 AM,0,0,0
04/05/2016 06:00:00 AM,17,1,16
04/18/2016 09:00:00 AM,23,0,23
04/04/2016 09:00:00 AM,16,3,13
04/04/2016 09:00:00 PM,3,2,1
04/28/2016 10:00:00 AM,16,2,14
04/03/2016 10:00:00 AM,25,16,9
04/09/2016 02:00:00 AM,0,0,0
04/03/2016 06:00:00 AM,4,0,4
04/28/2016 07:00:00 PM,24,16,8
04/03/2016 10:00:00 PM,0,0,0
04/11/2016 08:00:00 PM,7,7,0
04/14/2016 10:00:00 AM,12,7,5
04/03/2016 11:00:00 PM,0,0,0
04/05/2016 01:00:00 PM,9,1,8
04/02/2016 06:00:00 PM,20,10,10
04/02/2016 01:00:00 PM,19,7,12
04/07/2016 05:00:00 PM,57,46,11
04/20/2016 11:00:00 AM,10,5,5
04/26/2016 05:00:00 AM,3,0,3
04/23/2016 11:00:00 AM,20,10,10
04/18/2016 05:00:00 AM,2,0,2
04/28/2016 05:00:00 PM,47,37,10
04/19/2016 04:00:00 PM,29,18,11
04/04/2016 11:00:00 PM,0,0,0
04/13/2016 08:00:00 PM,4,3,1
04/08/2016 10:00:00 PM,5,5,0
04/11/2016 07:00:00 PM,13,12,1
04/09/2016 12:00:00 PM,28,18,10
04/09/2016 01:00:00 PM,30,11,19
04/16/2016 12:00:00 AM,0,0,0
04/07/2016 11:00:00 AM,15,4,11
04/11/2016 03:00:00 PM,11,8,3
04/11/2016 09:00:00 PM,3,1,2
04/27/2016 08:00:00 PM,13,10,3
04/17/2016 08:00:00 AM,12,4,8
04/22/2016 12:00:00 AM,1,1,0
04/01/2016 10:00:00 PM,7,3,4
04/12/2016 06:00:00 PM,26,23,3
04/26/2016 07:00:00 AM,39,5,34
04/22/2016 04:00:00 AM,0,0,0
04/02/2016 03:00:00 PM,24,12,12
04/10/2016 04:00:00 PM,19,13,6
04/30/2016 11:00:00 PM,2,2,0
04/16/2016 10:00:00 AM,11,5,6
04/25/2016 12:00:00 AM,2,1,1
04/06/2016 02:00:00 AM,0,0,0
04/23/2016 01:00:00 AM,2,2,0
04/13/2016 11:00:00 AM,9,5,4
04/22/2016 05:00:00 PM,38,30,8
04/01/2016 10:00:00 AM,15,3,12
04/01/2016 06:00:00 PM,26,20,6
04/07/2016 09:00:00 AM,26,8,18
04/03/2016 07:00:00 AM,38,2,36
04/12/2016 03:00:00 AM,0,0,0
04/22/2016 09:00:00 AM,22,5,17
04/05/2016 11:00:00 PM,0,0,0
04/24/2016 05:00:00 PM,7,2,5
04/12/2016 08:00:00 PM,10,7,3
04/06/2016 01:00:00 AM,0,0,0
04/29/2016 03:00:00 AM,0,0,0
04/28/2016 02:00:00 AM,0,0,0
04/26/2016 06:00:00 PM,33,29,4
04/05/2016 02:00:00 AM,0,0,0
04/04/2016 03:00:00 PM,11,10,1
04/09/2016 11:00:00 PM,1,1,0
04/18/2016 01:00:00 AM,0,0,0
04/28/2016 01:00:00 AM,0,0,0
04/13/2016 09:00:00 AM,13,4,9
04/17/2016 11:00:00 PM,0,0,0
04/11/2016 05:00:00 PM,25,25,0
04/06/2016 02:00:00 PM,22,6,16
04/27/2016 03:00:00 PM,16,8,8
04/02/2016 06:00:00 AM,5,1,4
04/17/2016 09:00:00 PM,2,0,2
04/10/2016 05:00:00 PM,10,7,3
04/08/2016 08:00:00 AM,35,4,31
04/29/2016 01:00:00 PM,10,5,5
04/22/2016 04:00:00 PM,15,11,4
04/01/2016 12:00:00 AM,5,0,5
04/03/2016 04:00:00 AM,0,0,0
04/13/2016 03:00:00 PM,10,5,5
04/20/2016 06:00:00 AM,18,2,16
04/20/2016 03:00:00 PM,21,14,7
04/17/2016 12:00:00 AM,0,0,0
04/05/2016 04:00:00 AM,0,0,0
04/12/2016 07:00:00 PM,14,12,2
04/19/2016 05:00:00 AM,8,1,7
04/05/2016 08:00:00 AM,38,4,34
04/08/2016 10:00:00 AM,18,4,14
04/19/2016 06:00:00 PM,56,40,16
04/13/2016 02:00:00 AM,0,0,0
04/02/2016 07:00:00 PM,13,5,8
04/01/2016 06:00:00 AM,16,0,16
04/05/2016 04:00:00 PM,20,14,6
04/01/2016 07:00:00 PM,17,12,5
04/04/2016 02:00:00 PM,5,3,2
04/27/2016 05:00:00 PM,37,33,4
04/18/2016 01:00:00 PM,9,4,5
04/27/2016 09:00:00 AM,27,7,20
04/02/2016 05:00:00 PM,21,12,9
04/24/2016 02:00:00 AM,2,0,2
04/24/2016 06:00:00 AM,2,2,0
04/15/2016 02:00:00 AM,0,0,0
04/06/2016 08:00:00 AM,51,2,49
04/06/2016 10:00:00 PM,3,3,0
04/20/2016 05:00:00 AM,3,0,3
04/17/2016 04:00:00 PM,15,4,11
04/23/2016 05:00:00 AM,0,0,0
04/28/2016 04:00:00 PM,41,23,18
04/07/2016 12:00:00 AM,1,1,0
04/17/2016 09:00:00 AM,15,5,10
04/29/2016 05:00:00 PM,53,37,16
04/11/2016 10:00:00 AM,7,3,4
04/15/2016 08:00:00 AM,27,1,26
04/22/2016 10:00:00 AM,10,2,8
04/04/2016 05:00:00 PM,34,28,6
04/01/2016 01:00:00 AM,0,0,0
04/25/2016 04:00:00 AM,0,0,0
04/23/2016 12:00:00 AM,0,0,0
04/03/2016 01:00:00 AM,0,0,0
04/05/2016 09:00:00 PM,7,5,2
04/30/2016 06:00:00 AM,3,0,3
04/20/2016 07:00:00 AM,46,4,42
04/30/2016 04:00:00 AM,0,0,0
04/11/2016 08:00:00 AM,26,1,25
04/11/2016 01:00:00 PM,9,4,5
04/12/2016 02:00:00 AM,0,0,0
04/23/2016 05:00:00 PM,14,7,7
04/19/2016 08:00:00 AM,42,5,37
04/06/2016 09:00:00 AM,32,4,28
04/04/2016 06:00:00 AM,19,3,16
04/12/2016 12:00:00 PM,12,3,9
04/17/2016 02:00:00 AM,0,0,0
04/25/2016 06:00:00 AM,15,1,14
04/20/2016 12:00:00 AM,0,0,0
04/03/2016 01:00:00 PM,19,15,4
04/09/2016 09:00:00 PM,5,5,0
04/02/2016 10:00:00 PM,6,2,4
04/05/2016 07:00:00 AM,30,5,25
04/19/2016 12:00:00 PM,10,2,8
04/19/2016 01:00:00 PM,8,5,3
04/15/2016 02:00:00 PM,11,5,6
04/04/2016 10:00:00 PM,1,1,0
04/06/2016 06:00:00 AM,13,0,13
04/23/2016 10:00:00 PM,2,2,0
04/21/2016 11:00:00 AM,7,3,4
04/14/2016 12:00:00 AM,1,1,0
04/01/2016 03:00:00 AM,0,0,0
04/08/2016 04:00:00 AM,0,0,0
04/07/2016 09:00:00 PM,5,4,1
04/24/2016 05:00:00 AM,0,0,0
04/07/2016 10:00:00 AM,20,4,16
04/16/2016 04:00:00 AM,0,0,0
04/25/2016 01:00:00 AM,0,0,0
04/13/2016 04:00:00 AM,0,0,0
04/14/2016 08:00:00 PM,12,11,1
04/29/2016 09:00:00 AM,27,9,18
04/10/2016 07:00:00 PM,10,8,2
04/19/2016 04:00:00 AM,0,0,0
04/11/2016 02:00:00 AM,0,0,0
04/19/2016 03:00:00 AM,0,0,0
04/02/2016 04:00:00 PM,35,25,10
04/10/2016 03:00:00 PM,25,8,17
04/28/2016 09:00:00 AM,26,4,22
04/03/2016 05:00:00 PM,18,14,4
04/04/2016 11:00:00 AM,9,0,9
04/19/2016 08:00:00 PM,11,6,5
04/16/2016 07:00:00 AM,5,1,4
04/08/2016 08:00:00 PM,11,7,4
04/06/2016 04:00:00 PM,27,17,10
04/02/2016 07:00:00 AM,3,2,1
04/13/2016 07:00:00 AM,29,2,27
04/21/2016 07:00:00 AM,48,4,44
04/27/2016 09:00:00 PM,8,2,6
04/17/2016 10:00:00 AM,26,15,11
04/30/2016 02:00:00 PM,18,9,9
04/16/2016 05:00:00 AM,1,0,1
04/13/2016 08:00:00 AM,25,2,23
04/01/2016 04:00:00 AM,0,0,0
04/27/2016 02:00:00 AM,0,0,0
04/01/2016 09:00:00 AM,21,4,17
04/04/2016 08:00:00 AM,29,6,23
04/06/2016 10:00:00 AM,12,3,9
04/26/2016 07:00:00 PM,23,17,6
04/07/2016 04:00:00 PM,26,18,8
04/28/2016 11:00:00 PM,4,2,2
04/21/2016 11:00:00 PM,2,2,0
04/09/2016 07:00:00 AM,3,2,1
04/10/2016 09:00:00 AM,11,6,5
04/25/2016 03:00:00 PM,17,7,10
04/03/2016 08:00:00 PM,12,0,12
04/02/2016 09:00:00 AM,21,9,12
04/30/2016 09:00:00 PM,1,1,0
04/13/2016 02:00:00 PM,9,6,3
04/30/2016 05:00:00 PM,7,3,4
04/18/2016 06:00:00 AM,17,0,17
04/03/2016 03:00:00 AM,1,1,0
04/12/2016 11:00:00 AM,10,4,6
04/12/2016 02:00:00 PM,4,3,1
04/01/2016 05:00:00 PM,48,37,11
04/13/2016 05:00:00 AM,0,0,0
04/07/2016 05:00:00 AM,0,0,0
04/13/2016 10:00:00 AM,17,3,14
04/06/2016 03:00:00 AM,0,0,0
04/20/2016 04:00:00 AM,0,0,0
04/16/2016 02:00:00 AM,2,0,2
04/16/2016 09:00:00 AM,16,5,11
04/02/2016 12:00:00 AM,0,0,0
04/24/2016 09:00:00 PM,0,0,0
04/27/2016 10:00:00 AM,15,4,11
04/05/2016 01:00:00 AM,0,0,0
04/06/2016 05:00:00 PM,68,50,18
04/10/2016 09:00:00 PM,2,0,2
04/29/2016 10:00:00 PM,6,1,5
04/14/2016 03:00:00 AM,0,0,0
04/10/2016 02:00:00 PM,15,7,8
04/02/2016 11:00:00 AM,20,8,12
04/15/2016 04:00:00 AM,0,0,0
04/05/2016 06:00:00 PM,44,32,12
04/30/2016 09:00:00 AM,9,1,8
04/06/2016 05:00:00 AM,0,0,0
04/21/2016 09:00:00 PM,15,9,6
04/20/2016 09:00:00 AM,24,7,17
04/23/2016 08:00:00 PM,8,5,3
04/05/2016 02:00:00 PM,11,4,7
04/28/2016 03:00:00 PM,16,13,3
04/07/2016 06:00:00 PM,46,34,12
04/28/2016 11:00:00 AM,16,1,15
04/13/2016 10:00:00 PM,2,0,2
04/18/2016 03:00:00 PM,15,9,6
04/28/2016 10:00:00 PM,2,0,2
04/19/2016 02:00:00 AM,0,0,0
04/27/2016 06:00:00 PM,32,26,6
04/17/2016 06:00:00 AM,1,1,0
04/12/2016 03:00:00 PM,6,6,0
04/16/2016 06:00:00 PM,12,7,5
04/19/2016 03:00:00 PM,15,12,3
04/21/2016 06:00:00 AM,21,2,19
04/04/2016 02:00:00 AM,0,0,0
04/11/2016 02:00:00 PM,10,4,6
04/28/2016 08:00:00 PM,10,5,5
04/30/2016 08:00:00 AM,18,6,12
04/06/2016 03:00:00 PM,18,7,11
04/17/2016 04:00:00 AM,0,0,0
04/26/2016 06:00:00 AM,21,1,20
04/22/2016 08:00:00 AM,40,8,32
04/08/2016 11:00:00 AM,10,2,8
04/16/2016 08:00:00 PM,8,4,4
04/24/2016 03:00:00 AM,0,0,0
04/11/2016 03:00:00 AM,0,0,0
04/19/2016 06:00:00 AM,17,1,16
04/09/2016 04:00:00 AM,0,0,0
04/14/2016 01:00:00 AM,0,0,0
04/13/2016 09:00:00 PM,8,4,4
04/12/2016 12:00:00 AM,0,0,0
04/14/2016 09:00:00 PM,5,5,0
04/23/2016 02:00:00 AM,0,0,0
04/06/2016 12:00:00 PM,11,5,6
04/09/2016 05:00:00 AM,0,0,0
04/05/2016 12:00:00 AM,1,1,0
04/12/2016 10:00:00 AM,16,5,11
04/17/2016 02:00:00 PM,24,10,14
04/03/2016 09:00:00 AM,17,9,8
04/27/2016 07:00:00 AM,36,2,34
04/14/2016 05:00:00 PM,27,19,8
04/09/2016 02:00:00 PM,19,11,8
04/14/2016 05:00:00 AM,1,0,1
04/08/2016 12:00:00 AM,2,0,2
04/29/2016 08:00:00 PM,10,4,6
04/30/2016 10:00:00 AM,15,6,9
04/04/2016 12:00:00 AM,0,0,0
04/29/2016 06:00:00 AM,14,0,14
04/10/2016 08:00:00 AM,9,4,5
04/29/2016 06:00:00 PM,41,27,14
04/06/2016 01:00:00 PM,11,7,4
04/23/2016 07:00:00 PM,5,1,4
04/24/2016 07:00:00 PM,2,0,2
05/11/2016 07:00:00 PM,28,18,10
05/15/2016 06:00:00 AM,6,0,6
05/14/2016 08:00:00 AM,5,3,2
05/23/2016 06:00:00 AM,15,2,13
05/28/2016 01:00:00 PM,11,8,3
05/30/2016 02:00:00 AM,0,0,0
05/27/2016 08:00:00 PM,4,4,0
05/26/2016 08:00:00 PM,8,5,3
05/10/2016 11:00:00 PM,2,2,0
05/09/2016 12:00:00 PM,18,7,11
05/26/2016 10:00:00 AM,9,1,8
05/07/2016 01:00:00 AM,0,0,0
05/19/2016 11:00:00 AM,7,4,3
05/28/2016 06:00:00 AM,2,0,2
05/24/2016 10:00:00 AM,20,3,17
05/11/2016 02:00:00 AM,0,0,0
05/11/2016 07:00:00 AM,60,9,51
05/22/2016 11:00:00 PM,0,0,0
05/29/2016 06:00:00 PM,2,2,0
05/30/2016 02:00:00 PM,37,23,14
05/11/2016 04:00:00 AM,0,0,0
05/26/2016 02:00:00 AM,0,0,0
05/25/2016 10:00:00 AM,9,1,8
05/10/2016 01:00:00 AM,1,1,0
05/13/2016 08:00:00 PM,10,6,4
05/05/2016 11:00:00 PM,1,1,0
05/26/2016 04:00:00 PM,25,21,4
05/17/2016 10:00:00 AM,20,5,15
05/09/2016 10:00:00 PM,1,1,0
05/24/2016 07:00:00 PM,18,13,5
05/20/2016 05:00:00 AM,0,0,0
05/29/2016 02:00:00 AM,0,0,0
05/25/2016 01:00:00 AM,1,1,0
05/11/2016 04:00:00 PM,36,26,10
05/27/2016 02:00:00 PM,15,11,4
05/23/2016 12:00:00 PM,7,3,4
05/31/2016 01:00:00 AM,1,1,0
05/27/2016 12:00:00 AM,0,0,0
05/10/2016 04:00:00 PM,35,20,15
05/09/2016 07:00:00 PM,32,19,13
05/29/2016 12:00:00 PM,6,3,3
05/22/2016 02:00:00 AM,0,0,0
05/22/2016 04:00:00 PM,29,12,17
05/11/2016 03:00:00 PM,9,7,2
05/07/2016 02:00:00 PM,18,14,4
05/09/2016 04:00:00 PM,15,11,4
05/30/2016 01:00:00 AM,0,0,0
05/18/2016 05:00:00 AM,1,0,1
05/03/2016 11:00:00 AM,13,5,8
05/27/2016 05:00:00 PM,24,21,3
05/23/2016 08:00:00 PM,9,6,3
05/01/2016 11:00:00 PM,3,3,0
05/27/2016 05:00:00 AM,0,0,0
05/01/2016 02:00:00 PM,18,14,4
05/14/2016 11:00:00 AM,14,5,9
05/12/2016 10:00:00 AM,19,2,17
05/22/2016 05:00:00 PM,13,8,5
05/03/2016 07:00:00 PM,21,16,5
05/14/2016 10:00:00 AM,23,6,17
05/14/2016 07:00:00 PM,9,2,7
05/30/2016 03:00:00 AM,0,0,0
05/01/2016 05:00:00 AM,1,0,1
05/01/2016 09:00:00 AM,24,10,14
05/14/2016 12:00:00 AM,0,0,0
05/03/2016 06:00:00 AM,17,1,16
05/01/2016 01:00:00 PM,15,11,4
05/29/2016 02:00:00 PM,8,2,6
05/18/2016 06:00:00 PM,49,35,14
05/08/2016 03:00:00 AM,0,0,0
05/02/2016 04:00:00 AM,0,0,0
05/10/2016 11:00:00 AM,7,2,5
05/30/2016 07:00:00 PM,16,8,8
05/02/2016 09:00:00 AM,26,1,25
05/05/2016 04:00:00 PM,33,25,8
05/24/2016 04:00:00 AM,0,0,0
05/14/2016 06:00:00 PM,15,9,6
05/29/2016 01:00:00 PM,4,0,4
05/03/2016 02:00:00 AM,0,0,0
05/10/2016 06:00:00 AM,23,4,19
05/15/2016 10:00:00 PM,2,0,2
05/11/2016 10:00:00 AM,15,7,8
05/17/2016 03:00:00 PM,25,12,13
05/17/2016 05:00:00 AM,1,0,1
05/04/2016 08:00:00 AM,37,6,31
05/01/2016 04:00:00 AM,2,0,2
05/21/2016 01:00:00 PM,4,3,1
05/04/2016 03:00:00 AM,0,0,0
05/15/2016 12:00:00 AM,5,5,0
05/07/2016 11:00:00 PM,2,2,0
05/07/2016 08:00:00 PM,6,3,3
05/30/2016 10:00:00 PM,4,4,0
05/16/2016 11:00:00 AM,14,0,14
05/26/2016 03:00:00 PM,7,4,3
05/23/2016 04:00:00 AM,0,0,0
05/03/2016 09:00:00 PM,3,3,0
05/02/2016 01:00:00 AM,1,1,0
05/05/2016 12:00:00 PM,18,7,11
05/14/2016 06:00:00 AM,7,0,7
05/22/2016 06:00:00 AM,3,0,3
05/09/2016 08:00:00 AM,57,4,53
05/31/2016 05:00:00 AM,2,0,2
05/16/2016 09:00:00 PM,4,4,0
05/10/2016 02:00:00 PM,22,14,8
05/25/2016 07:00:00 PM,23,16,7
05/25/2016 09:00:00 AM,20,3,17
05/19/2016 01:00:00 AM,0,0,0
05/05/2016 05:00:00 AM,4,1,3
05/18/2016 08:00:00 AM,33,3,30
05/20/2016 09:00:00 AM,29,9,20
05/11/2016 05:00:00 PM,47,41,6
05/31/2016 01:00:00 PM,8,6,2
05/13/2016 09:00:00 PM,5,2,3
05/08/2016 04:00:00 PM,21,12,9
05/26/2016 05:00:00 PM,42,34,8
05/16/2016 02:00:00 AM,3,0,3
05/17/2016 08:00:00 AM,42,1,41
05/02/2016 06:00:00 PM,47,42,5
05/10/2016 01:00:00 PM,9,2,7
05/31/2016 04:00:00 PM,34,22,12
05/02/2016 01:00:00 PM,16,11,5
05/16/2016 12:00:00 PM,11,7,4
05/05/2016 07:00:00 PM,21,17,4
05/27/2016 07:00:00 PM,16,13,3
05/24/2016 09:00:00 AM,25,3,22
05/31/2016 11:00:00 PM,4,2,2
05/25/2016 10:00:00 PM,0,0,0
05/08/2016 11:00:00 AM,12,3,9
05/20/2016 07:00:00 PM,13,11,2
05/21/2016 05:00:00 AM,0,0,0
05/30/2016 08:00:00 AM,3,2,1
05/04/2016 09:00:00 AM,38,17,21
05/01/2016 03:00:00 AM,0,0,0
05/04/2016 02:00:00 AM,0,0,0
05/15/2016 11:00:00 AM,13,7,6
05/15/2016 07:00:00 AM,8,0,8
05/03/2016 12:00:00 PM,12,5,7
05/30/2016 10:00:00 AM,23,8,15
05/18/2016 07:00:00 AM,33,3,30
05/22/2016 05:00:00 AM,3,2,1
05/19/2016 06:00:00 AM,11,0,11
05/22/2016 12:00:00 AM,1,1,0
05/16/2016 03:00:00 PM,18,13,5
05/15/2016 02:00:00 PM,16,9,7
05/19/2016 12:00:00 PM,9,2,7
05/03/2016 04:00:00 PM,20,18,2
05/25/2016 01:00:00 PM,11,4,7
05/24/2016 12:00:00 AM,1,1,0
05/30/2016 04:00:00 PM,23,14,9
05/29/2016 06:00:00 AM,3,0,3
05/12/2016 08:00:00 AM,40,1,39
05/18/2016 02:00:00 PM,7,4,3
05/16/2016 01:00:00 PM,9,3,6
05/14/2016 02:00:00 AM,0,0,0
05/13/2016 09:00:00 AM,24,4,20
05/26/2016 09:00:00 AM,32,2,30
05/10/2016 10:00:00 AM,11,2,9
05/22/2016 12:00:00 PM,32,7,25
05/14/2016 04:00:00 AM,0,0,0
05/29/2016 05:00:00 AM,2,0,2
05/09/2016 02:00:00 AM,0,0,0
05/11/2016 09:00:00 PM,9,5,4
05/20/2016 04:00:00 AM,0,0,0
05/11/2016 02:00:00 PM,9,4,5
05/26/2016 06:00:00 AM,20,2,18
05/25/2016 04:00:00 PM,32,23,9
05/26/2016 12:00:00 AM,1,1,0
05/05/2016 03:00:00 AM,0,0,0
05/04/2016 09:00:00 PM,5,4,1
05/20/2016 08:00:00 PM,8,7,1
05/24/2016 08:00:00 PM,15,8,7
05/16/2016 09:00:00 AM,26,4,22
05/20/2016 08:00:00 AM,42,5,37
05/07/2016 08:00:00 AM,12,1,11
05/17/2016 09:00:00 AM,24,4,20
05/28/2016 07:00:00 AM,0,0,0
05/09/2016 01:00:00 PM,19,9,10
05/13/2016 10:00:00 PM,3,0,3
05/11/2016 06:00:00 PM,44,29,15
05/10/2016 03:00:00 AM,0,0,0
05/18/2016 01:00:00 PM,9,6,3
05/25/2016 02:00:00 PM,8,2,6
05/23/2016 01:00:00 PM,8,6,2
05/29/2016 09:00:00 AM,5,2,3
05/08/2016 07:00:00 AM,2,2,0
05/21/2016 02:00:00 AM,0,0,0
05/26/2016 12:00:00 PM,5,3,2
05/29/2016 12:00:00 AM,0,0,0
05/12/2016 12:00:00 PM,13,7,6
05/24/2016 01:00:00 AM,0,0,0
05/23/2016 06:00:00 PM,41,31,10
05/01/2016 01:00:00 AM,2,2,0
05/05/2016 06:00:00 AM,19,1,18
05/03/2016 08:00:00 AM,37,2,35
05/09/2016 11:00:00 AM,7,3,4
05/04/2016 06:00:00 AM,21,1,20
05/18/2016 10:00:00 AM,15,0,15
05/12/2016 09:00:00 AM,40,6,34
05/19/2016 08:00:00 PM,17,9,8
05/26/2016 01:00:00 PM,6,3,3
05/28/2016 12:00:00 AM,0,0,0
05/30/2016 04:00:00 AM,0,0,0
05/24/2016 10:00:00 PM,2,2,0
05/28/2016 09:00:00 AM,8,4,4
05/24/2016 06:00:00 PM,47,38,9
05/22/2016 03:00:00 AM,0,0,0
05/25/2016 04:00:00 AM,0,0,0
05/13/2016 08:00:00 AM,49,6,43
05/03/2016 01:00:00 AM,2,2,0
05/25/2016 08:00:00 AM,39,4,35
05/06/2016 12:00:00 AM,1,1,0
05/20/2016 10:00:00 AM,20,7,13
05/20/2016 12:00:00 PM,10,5,5
05/13/2016 05:00:00 AM,1,0,1
05/07/2016 12:00:00 AM,1,1,0
05/20/2016 06:00:00 AM,20,4,16
05/30/2016 06:00:00 PM,20,14,6
05/31/2016 12:00:00 PM,9,3,6
05/06/2016 03:00:00 AM,0,0,0
05/22/2016 10:00:00 PM,0,0,0
05/04/2016 02:00:00 PM,6,5,1
05/09/2016 07:00:00 AM,26,0,26
05/13/2016 07:00:00 AM,42,6,36
05/15/2016 10:00:00 AM,18,10,8
05/13/2016 02:00:00 PM,15,10,5
05/27/2016 03:00:00 PM,27,16,11
05/16/2016 11:00:00 PM,0,0,0
05/21/2016 09:00:00 AM,6,1,5
05/26/2016 08:00:00 AM,29,2,27
05/21/2016 04:00:00 AM,0,0,0
05/05/2016 10:00:00 AM,24,5,19
05/21/2016 04:00:00 PM,7,5,2
05/29/2016 08:00:00 PM,4,2,2
05/12/2016 02:00:00 PM,16,10,6
05/28/2016 07:00:00 PM,6,4,2
05/02/2016 08:00:00 PM,12,9,3
05/14/2016 05:00:00 PM,3,3,0
05/09/2016 01:00:00 AM,0,0,0
05/20/2016 02:00:00 PM,10,6,4
05/19/2016 04:00:00 PM,19,14,5
05/15/2016 05:00:00 PM,12,7,5
05/29/2016 03:00:00 PM,21,7,14
05/06/2016 03:00:00 PM,28,19,9
05/16/2016 02:00:00 PM,15,4,11
05/10/2016 12:00:00 AM,0,0,0
05/04/2016 10:00:00 AM,13,5,8
05/09/2016 05:00:00 AM,0,0,0
05/24/2016 02:00:00 PM,14,11,3
05/17/2016 12:00:00 PM,6,4,2
05/24/2016 03:00:00 AM,0,0,0
05/27/2016 12:00:00 PM,4,1,3
05/25/2016 06:00:00 AM,12,0,12
05/26/2016 09:00:00 PM,5,5,0
05/22/2016 07:00:00 AM,2,0,2
05/15/2016 05:00:00 AM,0,0,0
05/01/2016 12:00:00 AM,1,1,0
05/10/2016 07:00:00 AM,47,1,46
05/09/2016 05:00:00 PM,67,55,12
05/16/2016 10:00:00 AM,9,1,8
05/27/2016 09:00:00 AM,21,2,19
05/13/2016 02:00:00 AM,0,0,0
05/07/2016 11:00:00 AM,27,11,16
05/15/2016 02:00:00 AM,0,0,0
05/06/2016 10:00:00 AM,24,3,21
05/02/2016 10:00:00 AM,22,9,13
05/08/2016 05:00:00 AM,1,0,1
05/05/2016 08:00:00 PM,10,1,9
05/02/2016 12:00:00 PM,14,8,6
05/08/2016 02:00:00 AM,0,0,0
05/18/2016 12:00:00 AM,1,1,0
05/19/2016 02:00:00 PM,1,1,0
05/08/2016 01:00:00 PM,10,9,1
05/27/2016 10:00:00 PM,0,0,0
05/26/2016 03:00:00 AM,0,0,0
05/27/2016 04:00:00 AM,0,0,0
05/16/2016 01:00:00 AM,0,0,0
05/27/2016 02:00:00 AM,0,0,0
05/13/2016 06:00:00 PM,35,30,5
05/13/2016 03:00:00 PM,18,10,8
05/13/2016 01:00:00 AM,0,0,0
05/31/2016 12:00:00 AM,0,0,0
05/07/2016 02:00:00 AM,2,2,0
05/22/2016 10:00:00 AM,14,7,7
05/14/2016 03:00:00 PM,11,6,5
05/29/2016 01:00:00 AM,1,1,0
05/24/2016 05:00:00 PM,52,40,12
05/07/2016 01:00:00 PM,20,11,9
05/12/2016 07:00:00 AM,34,4,30
05/23/2016 01:00:00 AM,0,0,0
05/27/2016 11:00:00 AM,17,3,14
05/23/2016 03:00:00 PM,15,12,3
05/06/2016 08:00:00 AM,41,3,38
05/08/2016 12:00:00 AM,0,0,0
05/11/2016 01:00:00 AM,0,0,0
05/03/2016 09:00:00 AM,19,2,17
05/23/2016 08:00:00 AM,34,4,30
05/12/2016 03:00:00 AM,0,0,0
05/05/2016 01:00:00 AM,0,0,0
05/05/2016 08:00:00 AM,53,6,47
05/18/2016 08:00:00 PM,7,7,0
05/04/2016 03:00:00 PM,22,8,14
05/02/2016 06:00:00 AM,21,4,17
05/01/2016 07:00:00 AM,5,5,0
05/05/2016 12:00:00 AM,1,1,0
05/14/2016 11:00:00 PM,0,0,0
05/23/2016 05:00:00 PM,40,29,11
05/06/2016 11:00:00 AM,16,7,9
05/21/2016 11:00:00 PM,1,0,1
05/29/2016 09:00:00 PM,3,2,1
05/01/2016 04:00:00 PM,22,13,9
05/28/2016 11:00:00 PM,0,0,0
05/25/2016 12:00:00 AM,0,0,0
05/15/2016 08:00:00 AM,7,5,2
05/09/2016 06:00:00 PM,52,47,5
05/03/2016 10:00:00 PM,2,0,2
05/01/2016 08:00:00 PM,9,4,5
05/27/2016 01:00:00 AM,0,0,0
05/15/2016 03:00:00 PM,9,6,3
05/06/2016 05:00:00 AM,3,0,3
05/28/2016 03:00:00 AM,0,0,0
05/12/2016 02:00:00 AM,0,0,0
05/26/2016 04:00:00 AM,0,0,0
05/25/2016 06:00:00 PM,41,33,8
05/20/2016 03:00:00 PM,23,15,8
05/23/2016 07:00:00 PM,22,20,2
05/25/2016 11:00:00 AM,9,3,6
05/27/2016 03:00:00 AM,0,0,0
05/06/2016 11:00:00 PM,2,2,0
05/30/2016 12:00:00 PM,19,8,11
05/08/2016 05:00:00 PM,14,8,6
05/13/2016 03:00:00 AM,0,0,0
05/19/2016 03:00:00 AM,0,0,0
05/14/2016 03:00:00 AM,0,0,0
05/31/2016 11:00:00 AM,9,5,4
05/08/2016 10:00:00 AM,10,2,8
05/29/2016 08:00:00 AM,9,2,7
05/16/2016 05:00:00 PM,36,27,9
05/25/2016 11:00:00 PM,2,2,0
05/01/2016 02:00:00 AM,0,0,0
05/03/2016 10:00:00 AM,21,4,17
05/02/2016 11:00:00 AM,21,8,13
05/31/2016 08:00:00 AM,38,6,32
05/20/2016 11:00:00 AM,12,4,8
05/26/2016 11:00:00 AM,12,5,7
05/15/2016 06:00:00 PM,6,2,4
05/13/2016 07:00:00 PM,18,13,5
05/12/2016 05:00:00 PM,49,37,12
05/07/2016 09:00:00 AM,29,6,23
05/02/2016 10:00:00 PM,0,0,0
05/17/2016 09:00:00 PM,7,7,0
05/20/2016 02:00:00 AM,0,0,0
05/19/2016 05:00:00 AM,2,0,2
05/10/2016 02:00:00 AM,0,0,0
05/14/2016 02:00:00 PM,12,5,7
05/24/2016 07:00:00 AM,48,6,42
05/10/2016 09:00:00 PM,1,1,0
05/07/2016 10:00:00 PM,2,2,0
05/14/2016 09:00:00 AM,23,3,20
05/04/2016 01:00:00 PM,8,3,5
05/18/2016 01:00:00 AM,0,0,0
05/28/2016 10:00:00 PM,2,0,2
05/21/2016 08:00:00 AM,2,0,2
05/08/2016 08:00:00 PM,1,1,0
05/13/2016 11:00:00 AM,7,4,3
05/23/2016 12:00:00 AM,0,0,0
05/14/2016 04:00:00 PM,12,1,11
05/05/2016 10:00:00 PM,7,2,5
05/13/2016 04:00:00 PM,40,29,11
05/11/2016 12:00:00 PM,8,3,5
05/08/2016 10:00:00 PM,0,0,0
05/04/2016 05:00:00 AM,1,0,1
05/15/2016 08:00:00 PM,3,0,3
05/05/2016 09:00:00 PM,7,4,3
05/14/2016 12:00:00 PM,13,7,6
05/28/2016 05:00:00 AM,0,0,0
05/30/2016 05:00:00 PM,16,11,5
05/24/2016 09:00:00 PM,15,8,7
05/07/2016 04:00:00 AM,0,0,0
05/09/2016 12:00:00 AM,2,0,2
05/21/2016 06:00:00 AM,7,0,7
05/05/2016 02:00:00 AM,0,0,0
05/28/2016 09:00:00 PM,1,0,1
05/19/2016 09:00:00 AM,14,2,12
05/17/2016 05:00:00 PM,47,38,9
05/07/2016 06:00:00 AM,8,0,8
05/06/2016 01:00:00 PM,8,5,3
05/29/2016 05:00:00 PM,18,16,2
05/21/2016 05:00:00 PM,14,12,2
05/12/2016 11:00:00 PM,3,3,0
05/19/2016 02:00:00 AM,0,0,0
05/07/2016 03:00:00 PM,28,16,12
05/20/2016 05:00:00 PM,40,29,11
05/31/2016 03:00:00 AM,0,0,0
05/02/2016 07:00:00 PM,31,24,7
05/13/2016 01:00:00 PM,16,7,9
05/15/2016 09:00:00 AM,6,3,3
05/24/2016 03:00:00 PM,24,17,7
05/12/2016 06:00:00 PM,42,34,8
05/26/2016 07:00:00 AM,39,6,33
05/01/2016 11:00:00 AM,18,13,5
05/08/2016 09:00:00 AM,9,4,5
05/28/2016 05:00:00 PM,10,5,5
05/04/2016 05:00:00 PM,44,33,11
05/04/2016 04:00:00 AM,0,0,0
05/28/2016 08:00:00 PM,0,0,0
05/10/2016 05:00:00 PM,56,54,2
05/11/2016 05:00:00 AM,1,0,1
05/03/2016 11:00:00 PM,2,2,0
05/07/2016 07:00:00 AM,6,3,3
05/30/2016 08:00:00 PM,4,3,1
05/20/2016 04:00:00 PM,19,14,5
05/27/2016 04:00:00 PM,28,17,11
05/16/2016 08:00:00 AM,36,0,36
05/21/2016 07:00:00 AM,10,3,7
05/16/2016 06:00:00 AM,17,1,16
05/04/2016 12:00:00 AM,1,1,0
05/14/2016 10:00:00 PM,2,0,2
05/11/2016 10:00:00 PM,5,3,2
05/08/2016 07:00:00 PM,12,10,2
05/14/2016 01:00:00 PM,14,8,6
05/21/2016 07:00:00 PM,7,6,1
05/28/2016 03:00:00 PM,10,7,3
05/26/2016 07:00:00 PM,20,15,5
05/29/2016 07:00:00 PM,6,6,0
05/08/2016 02:00:00 PM,13,3,10
05/29/2016 10:00:00 AM,7,4,3
05/18/2016 07:00:00 PM,18,13,5
05/29/2016 07:00:00 AM,4,3,1
05/01/2016 03:00:00 PM,21,14,7
05/25/2016 09:00:00 PM,10,4,6
05/30/2016 05:00:00 AM,0,0,0
05/31/2016 06:00:00 AM,15,1,14
05/08/2016 06:00:00 PM,11,4,7
05/24/2016 04:00:00 PM,31,17,14
05/18/2016 02:00:00 AM,0,0,0
05/14/2016 01:00:00 AM,0,0,0
05/27/2016 07:00:00 AM,25,6,19
05/02/2016 03:00:00 AM,0,0,0
05/22/2016 02:00:00 PM,28,16,12
05/31/2016 10:00:00 AM,16,3,13
05/07/2016 09:00:00 PM,6,2,4
05/12/2016 11:00:00 AM,9,4,5
05/30/2016 11:00:00 AM,21,4,17
05/19/2016 10:00:00 PM,3,1,2
05/07/2016 12:00:00 PM,34,15,19
05/18/2016 04:00:00 PM,22,14,8
05/09/2016 04:00:00 AM,0,0,0
05/31/2016 07:00:00 PM,23,20,3
05/02/2016 07:00:00 AM,46,6,40
05/17/2016 08:00:00 PM,18,14,4
05/25/2016 05:00:00 PM,44,38,6
05/22/2016 08:00:00 AM,5,0,5
05/18/2016 09:00:00 PM,3,3,0
05/29/2016 04:00:00 AM,0,0,0
05/15/2016 04:00:00 PM,15,9,6
05/18/2016 04:00:00 AM,0,0,0
05/03/2016 12:00:00 AM,0,0,0
05/29/2016 11:00:00 AM,7,4,3
05/17/2016 07:00:00 PM,23,21,2
05/24/2016 06:00:00 AM,22,3,19
05/06/2016 02:00:00 AM,0,0,0
05/11/2016 12:00:00 AM,1,1,0
05/02/2016 02:00:00 AM,0,0,0
05/06/2016 04:00:00 AM,0,0,0
05/06/2016 09:00:00 AM,31,9,22
05/13/2016 11:00:00 PM,4,2,2
05/03/2016 03:00:00 PM,15,9,6
05/30/2016 12:00:00 AM,1,1,0
05/25/2016 03:00:00 AM,0,0,0
05/21/2016 10:00:00 PM,3,1,2
05/26/2016 02:00:00 PM,9,6,3
05/12/2016 12:00:00 AM,1,1,0
05/10/2016 10:00:00 PM,4,2,2
05/22/2016 11:00:00 AM,10,4,6
05/28/2016 12:00:00 PM,7,2,5
05/11/2016 09:00:00 AM,28,10,18
05/20/2016 11:00:00 PM,3,2,1
05/02/2016 02:00:00 PM,21,16,5
05/17/2016 11:00:00 AM,17,5,12
05/31/2016 05:00:00 PM,48,35,13
05/05/2016 04:00:00 AM,3,0,3
05/24/2016 01:00:00 PM,6,6,0
05/16/2016 04:00:00 PM,37,27,10
05/15/2016 04:00:00 AM,0,0,0
05/19/2016 09:00:00 PM,4,2,2
05/06/2016 12:00:00 PM,10,5,5
05/09/2016 09:00:00 PM,4,4,0
05/29/2016 10:00:00 PM,4,0,4
05/20/2016 01:00:00 PM,13,4,9
05/27/2016 06:00:00 PM,21,13,8
05/30/2016 07:00:00 AM,1,0,1
05/25/2016 12:00:00 PM,7,4,3
05/19/2016 03:00:00 PM,11,8,3
05/23/2016 11:00:00 PM,3,3,0
05/02/2016 09:00:00 PM,4,4,0
05/16/2016 07:00:00 PM,12,10,2
05/31/2016 08:00:00 PM,10,5,5
05/01/2016 07:00:00 PM,6,6,0
05/18/2016 11:00:00 AM,11,5,6
05/22/2016 06:00:00 PM,14,8,6
05/31/2016 09:00:00 AM,27,7,20
05/17/2016 03:00:00 AM,0,0,0
05/19/2016 07:00:00 AM,30,3,27
05/03/2016 08:00:00 PM,15,12,3
05/03/2016 03:00:00 AM,0,0,0
05/09/2016 11:00:00 PM,0,0,0
05/14/2016 07:00:00 AM,8,4,4
05/12/2016 07:00:00 PM,28,15,13
05/16/2016 06:00:00 PM,44,34,10
05/30/2016 06:00:00 AM,7,0,7
05/27/2016 08:00:00 AM,26,2,24
05/17/2016 11:00:00 PM,2,0,2
05/12/2016 04:00:00 PM,26,24,2
05/12/2016 10:00:00 PM,5,1,4
05/08/2016 04:00:00 AM,0,0,0
05/19/2016 05:00:00 PM,39,35,4
05/20/2016 03:00:00 AM,0,0,0
05/10/2016 05:00:00 AM,3,0,3
05/30/2016 01:00:00 PM,30,17,13
05/23/2016 10:00:00 PM,3,3,0
05/06/2016 01:00:00 AM,0,0,0
05/26/2016 05:00:00 AM,0,0,0
05/18/2016 09:00:00 AM,19,3,16
05/09/2016 09:00:00 AM,22,0,22
05/11/2016 08:00:00 PM,17,10,7
05/29/2016 11:00:00 PM,3,3,0
05/25/2016 03:00:00 PM,20,10,10
05/17/2016 02:00:00 PM,12,10,2
05/08/2016 09:00:00 PM,5,5,0
05/28/2016 04:00:00 PM,13,8,5
05/12/2016 06:00:00 AM,18,1,17
05/16/2016 08:00:00 PM,12,7,5
05/21/2016 11:00:00 AM,13,2,11
05/01/2016 05:00:00 PM,36,16,20
05/04/2016 07:00:00 PM,15,14,1
05/17/2016 04:00:00 PM,25,17,8
05/29/2016 03:00:00 AM,0,0,0
05/17/2016 12:00:00 AM,1,1,0
05/26/2016 10:00:00 PM,4,2,2
05/03/2016 01:00:00 PM,20,9,11
05/13/2016 06:00:00 AM,12,1,11
05/04/2016 12:00:00 PM,18,5,13
05/10/2016 03:00:00 PM,17,12,5
05/22/2016 04:00:00 AM,0,0,0
05/12/2016 01:00:00 AM,0,0,0
05/24/2016 02:00:00 AM,0,0,0
05/27/2016 09:00:00 PM,3,1,2
05/06/2016 02:00:00 PM,17,10,7
05/12/2016 03:00:00 PM,34,19,15
05/21/2016 03:00:00 PM,13,2,11
05/18/2016 12:00:00 PM,10,6,4
05/31/2016 02:00:00 PM,16,11,5
05/01/2016 06:00:00 AM,4,0,4
05/06/2016 07:00:00 AM,33,5,28
05/17/2016 07:00:00 AM,51,5,46
05/10/2016 06:00:00 PM,50,42,8
05/05/2016 07:00:00 AM,46,4,42
05/05/2016 01:00:00 PM,2,0,2
05/07/2016 10:00:00 AM,30,12,18
05/01/2016 06:00:00 PM,16,13,3
05/09/2016 03:00:00 AM,0,0,0
05/23/2016 02:00:00 AM,0,0,0
05/21/2016 12:00:00 PM,2,1,1
05/11/2016 03:00:00 AM,0,0,0
05/18/2016 10:00:00 PM,7,7,0
05/03/2016 06:00:00 PM,36,32,4
05/12/2016 05:00:00 AM,4,1,3
05/12/2016 08:00:00 PM,6,4,2
05/15/2016 11:00:00 PM,1,1,0
05/19/2016 10:00:00 AM,11,2,9
05/09/2016 10:00:00 AM,15,8,7
05/08/2016 03:00:00 PM,10,1,9
05/21/2016 10:00:00 AM,3,2,1
05/09/2016 06:00:00 AM,20,2,18
05/02/2016 12:00:00 AM,0,0,0
05/28/2016 01:00:00 AM,0,0,0
05/23/2016 07:00:00 AM,37,3,34
05/26/2016 11:00:00 PM,0,0,0
05/27/2016 06:00:00 AM,12,3,9
05/15/2016 09:00:00 PM,2,0,2
05/09/2016 08:00:00 PM,6,6,0
05/05/2016 05:00:00 PM,47,39,8
05/25/2016 08:00:00 PM,13,8,5
05/19/2016 11:00:00 PM,0,0,0
05/08/2016 08:00:00 AM,2,0,2
05/15/2016 01:00:00 AM,0,0,0
05/20/2016 06:00:00 PM,41,29,12
05/11/2016 08:00:00 AM,38,2,36
05/18/2016 03:00:00 PM,17,13,4
05/08/2016 11:00:00 PM,0,0,0
05/26/2016 06:00:00 PM,43,41,2
05/06/2016 10:00:00 PM,1,1,0
05/24/2016 12:00:00 PM,10,4,6
05/08/2016 01:00:00 AM,0,0,0
05/05/2016 03:00:00 PM,13,10,3
05/17/2016 06:00:00 AM,19,3,16
05/20/2016 09:00:00 PM,9,3,6
05/04/2016 04:00:00 PM,32,17,15
05/20/2016 12:00:00 AM,0,0,0
05/28/2016 02:00:00 AM,0,0,0
05/06/2016 05:00:00 PM,51,36,15
05/01/2016 12:00:00 PM,32,17,15
05/27/2016 11:00:00 PM,0,0,0
05/06/2016 09:00:00 PM,7,4,3
05/24/2016 08:00:00 AM,46,3,43
05/13/2016 12:00:00 AM,3,3,0
05/11/2016 11:00:00 AM,15,4,11
05/09/2016 02:00:00 PM,14,6,8
05/19/2016 07:00:00 PM,15,13,2
05/31/2016 02:00:00 AM,0,0,0
05/30/2016 09:00:00 AM,26,6,20
05/12/2016 04:00:00 AM,0,0,0
05/11/2016 11:00:00 PM,1,1,0
05/21/2016 02:00:00 PM,4,1,3
05/18/2016 11:00:00 PM,1,1,0
05/09/2016 03:00:00 PM,19,12,7
05/10/2016 08:00:00 AM,47,5,42
05/19/2016 12:00:00 AM,1,1,0
05/03/2016 04:00:00 AM,0,0,0
05/03/2016 02:00:00 PM,13,10,3
05/18/2016 03:00:00 AM,0,0,0
05/23/2016 02:00:00 PM,17,3,14
05/22/2016 03:00:00 PM,26,21,5
05/16/2016 03:00:00 AM,0,0,0
05/07/2016 07:00:00 PM,6,4,2
05/12/2016 09:00:00 PM,10,6,4
05/01/2016 10:00:00 PM,0,0,0
05/25/2016 05:00:00 AM,3,0,3
05/05/2016 09:00:00 AM,25,3,22
05/31/2016 09:00:00 PM,2,2,0
05/05/2016 02:00:00 PM,17,10,7
05/31/2016 10:00:00 PM,5,1,4
05/28/2016 04:00:00 AM,0,0,0
05/20/2016 01:00:00 AM,0,0,0
05/08/2016 06:00:00 AM,2,0,2
05/03/2016 05:00:00 AM,2,0,2
05/21/2016 08:00:00 PM,1,1,0
05/24/2016 11:00:00 PM,3,3,0
05/05/2016 11:00:00 AM,6,3,3
05/15/2016 01:00:00 PM,5,3,2
05/16/2016 07:00:00 AM,25,4,21
05/13/2016 04:00:00 AM,0,0,0
05/25/2016 07:00:00 AM,56,5,51
05/04/2016 08:00:00 PM,11,7,4
05/13/2016 12:00:00 PM,12,8,4
05/17/2016 04:00:00 AM,0,0,0
05/07/2016 05:00:00 PM,28,18,10
05/04/2016 11:00:00 AM,4,1,3
05/10/2016 09:00:00 AM,29,2,27
05/02/2016 08:00:00 AM,47,7,40
05/23/2016 09:00:00 PM,9,6,3
05/11/2016 06:00:00 AM,19,1,18
05/19/2016 08:00:00 AM,40,1,39
05/29/2016 04:00:00 PM,9,3,6
05/02/2016 05:00:00 PM,66,60,6
05/31/2016 04:00:00 AM,0,0,0
05/02/2016 03:00:00 PM,20,11,9
05/06/2016 08:00:00 PM,11,6,5
05/26/2016 01:00:00 AM,0,0,0
05/31/2016 03:00:00 PM,20,12,8
05/20/2016 07:00:00 AM,25,4,21
05/12/2016 01:00:00 PM,14,5,9
05/18/2016 05:00:00 PM,48,40,8
05/07/2016 06:00:00 PM,10,4,6
05/24/2016 05:00:00 AM,3,0,3
05/06/2016 06:00:00 AM,15,1,14
05/20/2016 10:00:00 PM,14,7,7
05/30/2016 11:00:00 PM,1,1,0
05/15/2016 12:00:00 PM,10,5,5
05/04/2016 07:00:00 AM,31,4,27
05/28/2016 02:00:00 PM,3,1,2
05/01/2016 09:00:00 PM,7,7,0
05/28/2016 10:00:00 AM,11,3,8
05/03/2016 07:00:00 AM,37,1,36
05/11/2016 01:00:00 PM,14,10,4
05/19/2016 01:00:00 PM,4,3,1
05/01/2016 10:00:00 AM,17,6,11
05/10/2016 08:00:00 PM,18,11,7
05/07/2016 03:00:00 AM,0,0,0
05/23/2016 03:00:00 AM,0,0,0
05/19/2016 06:00:00 PM,37,32,5
05/02/2016 04:00:00 PM,32,16,16
05/08/2016 12:00:00 PM,8,1,7
05/28/2016 08:00:00 AM,8,2,6
05/27/2016 10:00:00 AM,19,9,10
05/07/2016 05:00:00 AM,0,0,0
05/17/2016 10:00:00 PM,6,2,4
05/02/2016 11:00:00 PM,2,2,0
05/04/2016 11:00:00 PM,1,1,0
05/30/2016 03:00:00 PM,24,13,11
05/10/2016 07:00:00 PM,26,21,5
05/04/2016 10:00:00 PM,1,1,0
05/22/2016 08:00:00 PM,6,1,5
05/14/2016 09:00:00 PM,1,0,1
05/23/2016 10:00:00 AM,16,3,13
05/17/2016 01:00:00 AM,0,0,0
05/17/2016 06:00:00 PM,35,30,5
05/21/2016 06:00:00 PM,13,7,6
05/04/2016 06:00:00 PM,38,32,6
05/04/2016 01:00:00 AM,0,0,0
05/25/2016 02:00:00 AM,0,0,0
05/23/2016 09:00:00 AM,21,1,20
05/03/2016 05:00:00 PM,54,48,6
05/14/2016 05:00:00 AM,0,0,0
05/05/2016 06:00:00 PM,31,27,4
05/06/2016 04:00:00 PM,33,27,6
05/22/2016 09:00:00 PM,2,0,2
05/23/2016 05:00:00 AM,2,1,1
05/21/2016 01:00:00 AM,0,0,0
05/31/2016 06:00:00 PM,48,39,9
05/28/2016 11:00:00 AM,3,0,3
05/22/2016 09:00:00 AM,18,5,13
05/07/2016 04:00:00 PM,24,11,13
05/17/2016 01:00:00 PM,10,5,5
05/16/2016 05:00:00 AM,1,0,1
05/02/2016 05:00:00 AM,4,1,3
05/01/2016 08:00:00 AM,13,3,10
05/24/2016 11:00:00 AM,13,6,7
05/15/2016 07:00:00 PM,6,4,2
05/16/2016 12:00:00 AM,1,1,0
05/10/2016 04:00:00 AM,1,0,1
05/10/2016 12:00:00 PM,7,2,5
05/13/2016 10:00:00 AM,19,5,14
05/14/2016 08:00:00 PM,2,1,1
05/27/2016 01:00:00 PM,8,5,3
05/21/2016 09:00:00 PM,3,0,3
05/22/2016 07:00:00 PM,11,5,6
05/22/2016 01:00:00 PM,20,7,13
05/17/2016 02:00:00 AM,0,0,0
05/21/2016 03:00:00 AM,0,0,0
05/06/2016 07:00:00 PM,12,7,5
05/23/2016 11:00:00 AM,17,3,14
05/13/2016 05:00:00 PM,43,32,11
05/18/2016 06:00:00 AM,21,2,19
05/15/2016 03:00:00 AM,0,0,0
05/16/2016 04:00:00 AM,0,0,0
05/23/2016 04:00:00 PM,17,11,6
05/19/2016 04:00:00 AM,0,0,0
05/06/2016 06:00:00 PM,34,29,5
05/22/2016 01:00:00 AM,0,0,0
05/31/2016 07:00:00 AM,40,2,38
05/30/2016 09:00:00 PM,5,5,0
05/21/2016 12:00:00 AM,4,0,4
05/28/2016 06:00:00 PM,6,2,4
05/16/2016 10:00:00 PM,1,1,0
06/10/2016 06:00:00 AM,15,3,12
06/08/2016 01:00:00 AM,1,1,0
06/12/2016 05:00:00 AM,0,0,0
06/05/2016 11:00:00 AM,21,6,15
06/16/2016 09:00:00 AM,25,4,21
06/12/2016 02:00:00 AM,0,0,0
06/14/2016 06:00:00 AM,11,1,10
06/20/2016 05:00:00 AM,2,0,2
06/02/2016 07:00:00 PM,19,14,5
06/12/2016 12:00:00 PM,13,8,5
06/11/2016 07:00:00 AM,5,1,4
06/07/2016 12:00:00 AM,0,0,0
06/08/2016 01:00:00 PM,19,11,8
06/06/2016 01:00:00 PM,13,8,5
06/15/2016 04:00:00 AM,0,0,0
06/30/2016 04:00:00 PM,18,15,3
06/20/2016 12:00:00 PM,7,2,5
06/19/2016 04:00:00 PM,31,16,15
06/23/2016 08:00:00 PM,6,5,1
06/27/2016 10:00:00 PM,3,3,0
06/13/2016 07:00:00 AM,30,5,25
06/10/2016 02:00:00 PM,12,8,4
06/01/2016 08:00:00 PM,20,9,11
06/24/2016 10:00:00 AM,5,1,4
06/19/2016 08:00:00 PM,9,5,4
06/14/2016 02:00:00 AM,0,0,0
06/30/2016 04:00:00 AM,0,0,0
06/10/2016 02:00:00 AM,0,0,0
06/18/2016 04:00:00 PM,14,9,5
06/12/2016 06:00:00 AM,3,0,3
06/01/2016 05:00:00 PM,46,41,5
06/14/2016 08:00:00 PM,7,4,3
06/03/2016 07:00:00 PM,14,14,0
06/04/2016 05:00:00 PM,19,11,8
06/30/2016 11:00:00 AM,13,6,7
06/03/2016 11:00:00 PM,0,0,0
06/16/2016 08:00:00 PM,7,7,0
06/20/2016 11:00:00 AM,12,2,10
06/05/2016 09:00:00 PM,5,5,0
06/09/2016 09:00:00 PM,12,6,6
06/12/2016 09:00:00 AM,10,5,5
06/16/2016 08:00:00 AM,37,1,36
06/09/2016 08:00:00 PM,10,9,1
06/23/2016 10:00:00 AM,3,1,2
06/27/2016 11:00:00 PM,4,1,3
06/24/2016 01:00:00 PM,8,5,3
06/03/2016 03:00:00 PM,18,12,6
06/14/2016 02:00:00 PM,16,4,12
06/15/2016 04:00:00 PM,33,22,11
06/12/2016 10:00:00 PM,0,0,0
06/05/2016 04:00:00 PM,20,9,11
06/06/2016 10:00:00 PM,3,0,3
06/22/2016 10:00:00 AM,19,4,15
06/25/2016 09:00:00 PM,8,7,1
06/21/2016 01:00:00 AM,1,1,0
06/01/2016 10:00:00 AM,21,5,16
06/05/2016 05:00:00 AM,0,0,0
06/16/2016 12:00:00 PM,13,4,9
06/08/2016 11:00:00 AM,4,0,4
06/21/2016 11:00:00 AM,10,1,9
06/14/2016 09:00:00 PM,6,0,6
06/17/2016 10:00:00 AM,8,2,6
06/23/2016 12:00:00 PM,8,2,6
06/11/2016 09:00:00 AM,11,6,5
06/08/2016 11:00:00 PM,1,1,0
06/13/2016 02:00:00 PM,9,4,5
06/15/2016 12:00:00 AM,1,1,0
06/17/2016 12:00:00 AM,1,1,0
06/28/2016 07:00:00 PM,30,22,8
06/06/2016 12:00:00 AM,2,1,1
06/22/2016 11:00:00 AM,12,7,5
06/19/2016 07:00:00 AM,3,0,3
06/10/2016 06:00:00 PM,33,23,10
06/02/2016 05:00:00 PM,32,25,7
06/07/2016 12:00:00 PM,13,6,7
06/05/2016 01:00:00 PM,10,7,3
06/18/2016 04:00:00 AM,2,0,2
06/02/2016 04:00:00 PM,38,23,15
06/04/2016 04:00:00 PM,14,9,5
06/02/2016 02:00:00 PM,7,5,2
06/29/2016 04:00:00 PM,23,13,10
06/07/2016 08:00:00 AM,39,4,35
06/19/2016 01:00:00 AM,1,1,0
06/26/2016 10:00:00 PM,1,1,0
06/12/2016 11:00:00 AM,15,3,12
06/07/2016 01:00:00 PM,14,9,5
06/27/2016 05:00:00 AM,4,0,4
06/15/2016 03:00:00 AM,0,0,0
06/29/2016 05:00:00 PM,27,23,4
06/03/2016 10:00:00 AM,9,2,7
06/14/2016 04:00:00 AM,0,0,0
06/01/2016 12:00:00 AM,1,1,0
06/02/2016 11:00:00 PM,0,0,0
06/16/2016 05:00:00 PM,47,39,8
06/19/2016 05:00:00 AM,2,2,0
06/11/2016 05:00:00 PM,15,10,5
06/21/2016 11:00:00 PM,2,2,0
06/03/2016 04:00:00 PM,16,14,2
06/11/2016 09:00:00 PM,4,4,0
06/02/2016 05:00:00 AM,5,1,4
06/27/2016 12:00:00 AM,0,0,0
06/08/2016 03:00:00 PM,12,7,5
06/19/2016 02:00:00 AM,0,0,0
06/24/2016 08:00:00 PM,10,10,0
06/18/2016 05:00:00 AM,0,0,0
06/23/2016 12:00:00 AM,0,0,0
06/30/2016 10:00:00 AM,26,7,19
06/03/2016 02:00:00 PM,11,5,6
06/29/2016 11:00:00 PM,2,2,0
06/04/2016 09:00:00 AM,11,7,4
06/12/2016 11:00:00 PM,0,0,0
06/16/2016 03:00:00 PM,17,10,7
06/09/2016 09:00:00 AM,22,3,19
06/26/2016 01:00:00 AM,2,2,0
06/15/2016 03:00:00 PM,18,7,11
06/29/2016 06:00:00 AM,10,0,10
06/27/2016 02:00:00 AM,0,0,0
06/14/2016 10:00:00 PM,2,2,0
06/19/2016 02:00:00 PM,14,11,3
06/07/2016 02:00:00 PM,22,12,10
06/02/2016 01:00:00 AM,1,1,0
06/10/2016 04:00:00 PM,35,22,13
06/07/2016 06:00:00 PM,36,29,7
06/22/2016 07:00:00 PM,26,22,4
06/17/2016 02:00:00 PM,8,6,2
06/12/2016 07:00:00 PM,11,3,8
06/26/2016 09:00:00 AM,13,1,12
06/29/2016 01:00:00 AM,1,1,0
06/12/2016 07:00:00 AM,3,2,1
06/21/2016 08:00:00 AM,27,1,26
06/20/2016 02:00:00 AM,0,0,0
06/25/2016 11:00:00 PM,0,0,0
06/01/2016 03:00:00 PM,23,14,9
06/08/2016 12:00:00 PM,11,6,5
06/26/2016 09:00:00 PM,2,1,1
06/25/2016 04:00:00 PM,19,10,9
06/18/2016 03:00:00 AM,0,0,0
06/14/2016 03:00:00 PM,13,9,4
06/10/2016 03:00:00 AM,0,0,0
06/17/2016 02:00:00 AM,0,0,0
06/06/2016 07:00:00 PM,26,20,6
06/07/2016 01:00:00 AM,2,2,0
06/28/2016 07:00:00 AM,38,3,35
06/06/2016 09:00:00 PM,6,4,2
06/06/2016 03:00:00 AM,0,0,0
06/04/2016 03:00:00 AM,0,0,0
06/30/2016 05:00:00 PM,32,25,7
06/30/2016 06:00:00 PM,29,25,4
06/29/2016 03:00:00 AM,0,0,0
06/14/2016 01:00:00 PM,14,3,11
06/26/2016 03:00:00 AM,0,0,0
06/24/2016 04:00:00 AM,0,0,0
06/06/2016 08:00:00 PM,9,8,1
06/20/2016 03:00:00 PM,18,11,7
06/28/2016 10:00:00 PM,6,4,2
06/16/2016 04:00:00 PM,31,16,15
06/21/2016 10:00:00 AM,8,4,4
06/12/2016 01:00:00 PM,29,14,15
06/23/2016 06:00:00 AM,9,4,5
06/18/2016 10:00:00 PM,5,3,2
06/27/2016 06:00:00 AM,19,0,19
06/19/2016 10:00:00 AM,14,7,7
06/05/2016 10:00:00 AM,27,5,22
06/08/2016 09:00:00 PM,7,4,3
06/15/2016 01:00:00 AM,1,1,0
06/26/2016 02:00:00 AM,0,0,0
06/30/2016 09:00:00 PM,4,4,0
06/22/2016 06:00:00 PM,37,33,4
06/21/2016 06:00:00 PM,32,27,5
06/25/2016 10:00:00 AM,16,4,12
06/27/2016 12:00:00 PM,6,4,2
06/29/2016 03:00:00 PM,18,13,5
06/09/2016 06:00:00 PM,41,33,8
06/28/2016 11:00:00 AM,17,4,13
06/21/2016 02:00:00 PM,16,7,9
06/04/2016 05:00:00 AM,1,0,1
06/02/2016 10:00:00 PM,2,0,2
06/20/2016 11:00:00 PM,2,2,0
06/20/2016 03:00:00 AM,0,0,0
06/20/2016 09:00:00 AM,16,1,15
06/24/2016 12:00:00 AM,0,0,0
06/10/2016 05:00:00 AM,1,0,1
06/13/2016 11:00:00 PM,0,0,0
06/13/2016 12:00:00 AM,0,0,0
06/15/2016 06:00:00 AM,14,1,13
06/21/2016 07:00:00 PM,17,9,8
06/27/2016 06:00:00 PM,32,22,10
06/29/2016 11:00:00 AM,22,5,17
06/09/2016 04:00:00 PM,23,16,7
06/13/2016 03:00:00 AM,0,0,0
06/24/2016 06:00:00 PM,13,11,2
06/09/2016 11:00:00 PM,1,1,0
06/04/2016 10:00:00 AM,22,3,19
06/29/2016 07:00:00 AM,30,0,30
06/07/2016 09:00:00 AM,23,3,20
06/11/2016 04:00:00 PM,12,8,4
06/06/2016 04:00:00 PM,29,16,13
06/16/2016 12:00:00 AM,1,1,0
06/21/2016 03:00:00 AM,0,0,0
06/21/2016 09:00:00 PM,5,3,2
06/01/2016 03:00:00 AM,0,0,0
06/19/2016 06:00:00 AM,2,1,1
06/02/2016 12:00:00 PM,15,4,11
06/28/2016 02:00:00 PM,16,8,8
06/26/2016 07:00:00 AM,3,2,1
06/06/2016 12:00:00 PM,12,8,4
06/11/2016 02:00:00 AM,0,0,0
06/23/2016 04:00:00 AM,0,0,0
06/26/2016 08:00:00 AM,8,2,6
06/17/2016 03:00:00 AM,0,0,0
06/15/2016 10:00:00 PM,3,3,0
06/25/2016 04:00:00 AM,0,0,0
06/30/2016 06:00:00 AM,13,1,12
06/09/2016 12:00:00 AM,1,1,0
06/17/2016 08:00:00 AM,29,2,27
06/13/2016 05:00:00 PM,41,30,11
06/23/2016 02:00:00 PM,9,1,8
06/08/2016 08:00:00 PM,12,10,2
06/29/2016 08:00:00 AM,34,4,30
06/11/2016 04:00:00 AM,0,0,0
06/04/2016 01:00:00 AM,0,0,0
06/10/2016 01:00:00 AM,0,0,0
06/17/2016 04:00:00 AM,0,0,0
06/24/2016 06:00:00 AM,9,0,9
06/03/2016 04:00:00 AM,0,0,0
06/18/2016 05:00:00 PM,16,9,7
06/16/2016 01:00:00 PM,9,6,3
06/08/2016 08:00:00 AM,36,3,33
06/11/2016 03:00:00 PM,7,2,5
06/14/2016 04:00:00 PM,24,14,10
06/23/2016 06:00:00 PM,27,15,12
06/18/2016 01:00:00 PM,8,3,5
06/06/2016 08:00:00 AM,34,5,29
06/26/2016 01:00:00 PM,12,3,9
06/27/2016 08:00:00 PM,12,10,2
06/10/2016 12:00:00 AM,0,0,0
06/04/2016 11:00:00 PM,2,2,0
06/30/2016 07:00:00 PM,28,18,10
06/12/2016 03:00:00 PM,18,14,4
06/08/2016 07:00:00 PM,21,14,7
06/25/2016 11:00:00 AM,13,7,6
06/14/2016 07:00:00 AM,31,9,22
06/04/2016 03:00:00 PM,11,4,7
06/05/2016 06:00:00 AM,8,0,8
06/24/2016 05:00:00 AM,1,0,1
06/11/2016 11:00:00 PM,13,6,7
06/26/2016 06:00:00 PM,13,11,2
06/19/2016 09:00:00 PM,5,5,0
06/27/2016 01:00:00 AM,0,0,0
06/26/2016 02:00:00 PM,10,6,4
06/01/2016 07:00:00 PM,21,17,4
06/28/2016 05:00:00 AM,2,0,2
06/02/2016 06:00:00 PM,43,29,14
06/13/2016 05:00:00 AM,5,0,5
06/15/2016 05:00:00 PM,34,29,5
06/15/2016 07:00:00 PM,14,11,3
06/07/2016 09:00:00 PM,5,4,1
06/04/2016 06:00:00 PM,14,6,8
06/11/2016 03:00:00 AM,0,0,0
06/25/2016 09:00:00 AM,17,7,10
06/12/2016 03:00:00 AM,0,0,0
06/07/2016 07:00:00 PM,21,18,3
06/23/2016 03:00:00 PM,21,8,13
06/30/2016 09:00:00 AM,17,4,13
06/03/2016 12:00:00 AM,2,2,0
06/29/2016 09:00:00 AM,23,6,17
06/26/2016 12:00:00 AM,2,2,0
06/06/2016 06:00:00 AM,13,0,13
06/05/2016 02:00:00 PM,27,19,8
06/03/2016 09:00:00 AM,18,7,11
06/29/2016 01:00:00 PM,5,2,3
06/11/2016 02:00:00 PM,29,8,21
06/09/2016 10:00:00 PM,8,1,7
06/06/2016 07:00:00 AM,37,4,33
06/21/2016 07:00:00 AM,47,4,43
06/07/2016 04:00:00 PM,27,21,6
06/05/2016 11:00:00 PM,5,0,5
06/03/2016 06:00:00 AM,10,1,9
06/17/2016 05:00:00 PM,32,23,9
06/19/2016 03:00:00 AM,9,2,7
06/25/2016 02:00:00 PM,14,7,7
06/25/2016 07:00:00 PM,4,4,0
06/05/2016 04:00:00 AM,0,0,0
06/30/2016 02:00:00 PM,8,1,7
06/26/2016 12:00:00 PM,12,10,2
06/04/2016 06:00:00 AM,6,1,5
06/11/2016 01:00:00 PM,10,5,5
06/12/2016 04:00:00 PM,24,13,11
06/13/2016 03:00:00 PM,18,6,12
06/09/2016 02:00:00 AM,0,0,0
06/21/2016 09:00:00 AM,30,6,24
06/08/2016 05:00:00 PM,38,34,4
06/27/2016 04:00:00 AM,0,0,0
06/26/2016 07:00:00 PM,9,3,6
06/13/2016 06:00:00 AM,13,0,13
06/21/2016 05:00:00 AM,2,0,2
06/03/2016 11:00:00 AM,14,6,8
06/03/2016 02:00:00 AM,0,0,0
06/22/2016 03:00:00 PM,28,12,16
06/05/2016 03:00:00 AM,1,1,0
06/09/2016 04:00:00 AM,0,0,0
06/08/2016 04:00:00 PM,15,11,4
06/15/2016 01:00:00 PM,10,5,5
06/01/2016 04:00:00 PM,25,20,5
06/20/2016 02:00:00 PM,12,4,8
06/02/2016 09:00:00 PM,5,1,4
06/03/2016 03:00:00 AM,0,0,0
06/21/2016 05:00:00 PM,46,36,10
06/30/2016 08:00:00 AM,25,2,23
06/25/2016 12:00:00 AM,0,0,0
06/25/2016 05:00:00 AM,0,0,0
06/17/2016 11:00:00 PM,1,1,0
06/29/2016 08:00:00 PM,13,13,0
06/29/2016 05:00:00 AM,4,0,4
06/10/2016 11:00:00 PM,3,0,3
06/22/2016 09:00:00 AM,26,10,16
06/26/2016 08:00:00 PM,2,2,0
06/07/2016 02:00:00 AM,0,0,0
06/10/2016 03:00:00 PM,14,6,8
06/03/2016 06:00:00 PM,37,26,11
06/11/2016 08:00:00 AM,11,5,6
06/20/2016 08:00:00 AM,34,4,30
06/21/2016 03:00:00 PM,28,17,11
06/23/2016 11:00:00 AM,7,5,2
06/25/2016 06:00:00 PM,7,4,3
06/25/2016 08:00:00 PM,3,2,1
06/24/2016 07:00:00 AM,10,2,8
06/28/2016 01:00:00 PM,11,7,4
06/19/2016 05:00:00 PM,9,3,6
06/17/2016 12:00:00 PM,9,2,7
06/18/2016 01:00:00 AM,0,0,0
06/05/2016 08:00:00 AM,10,7,3
06/17/2016 08:00:00 PM,3,1,2
06/03/2016 08:00:00 AM,30,2,28
06/27/2016 03:00:00 AM,0,0,0
06/16/2016 06:00:00 PM,39,28,11
06/04/2016 12:00:00 PM,16,11,5
06/01/2016 04:00:00 AM,0,0,0
06/06/2016 05:00:00 AM,3,0,3
06/26/2016 04:00:00 AM,0,0,0
06/13/2016 06:00:00 PM,38,32,6
06/04/2016 02:00:00 PM,27,13,14
06/11/2016 10:00:00 AM,4,3,1
06/25/2016 07:00:00 AM,4,0,4
06/09/2016 11:00:00 AM,8,3,5
06/20/2016 06:00:00 AM,12,0,12
06/02/2016 08:00:00 AM,44,7,37
06/08/2016 12:00:00 AM,0,0,0
06/13/2016 07:00:00 PM,20,12,8
06/20/2016 06:00:00 PM,35,26,9
06/30/2016 11:00:00 PM,1,1,0
06/14/2016 09:00:00 AM,21,5,16
06/06/2016 02:00:00 AM,2,0,2
06/08/2016 02:00:00 PM,21,9,12
06/23/2016 09:00:00 PM,0,0,0
06/11/2016 08:00:00 PM,2,2,0
06/12/2016 05:00:00 PM,12,11,1
06/16/2016 05:00:00 AM,3,0,3
06/10/2016 04:00:00 AM,2,2,0
06/08/2016 03:00:00 AM,0,0,0
06/11/2016 06:00:00 AM,4,0,4
06/09/2016 03:00:00 PM,12,5,7
06/13/2016 09:00:00 PM,9,4,5
06/13/2016 11:00:00 AM,5,2,3
06/27/2016 09:00:00 AM,24,5,19
06/11/2016 06:00:00 PM,11,7,4
06/20/2016 08:00:00 PM,9,6,3
06/25/2016 01:00:00 AM,0,0,0
06/25/2016 12:00:00 PM,12,3,9
06/28/2016 04:00:00 AM,0,0,0
06/13/2016 10:00:00 PM,4,2,2
06/02/2016 07:00:00 AM,27,5,22
06/20/2016 05:00:00 PM,46,42,4
06/06/2016 01:00:00 AM,0,0,0
06/04/2016 11:00:00 AM,6,4,2
06/02/2016 09:00:00 AM,19,1,18
06/17/2016 10:00:00 PM,0,0,0
06/24/2016 08:00:00 AM,19,4,15
06/05/2016 07:00:00 AM,2,1,1
06/25/2016 03:00:00 AM,0,0,0
06/08/2016 10:00:00 AM,16,8,8
06/30/2016 05:00:00 AM,2,0,2
06/22/2016 10:00:00 PM,1,1,0
06/28/2016 08:00:00 PM,5,5,0
06/03/2016 05:00:00 PM,50,41,9
06/16/2016 02:00:00 PM,11,4,7
06/15/2016 11:00:00 AM,12,6,6
06/02/2016 11:00:00 AM,15,2,13
06/11/2016 07:00:00 PM,16,5,11
06/14/2016 01:00:00 AM,0,0,0
06/12/2016 02:00:00 PM,40,18,22
06/06/2016 06:00:00 PM,41,31,10
06/22/2016 01:00:00 AM,0,0,0
06/23/2016 01:00:00 PM,7,7,0
06/08/2016 06:00:00 PM,46,36,10
06/28/2016 05:00:00 PM,28,20,8
06/08/2016 02:00:00 AM,0,0,0
06/26/2016 11:00:00 AM,15,3,12
06/15/2016 02:00:00 AM,0,0,0
06/15/2016 09:00:00 AM,25,4,21
06/28/2016 11:00:00 PM,1,1,0
06/19/2016 07:00:00 PM,8,3,5
06/26/2016 05:00:00 AM,1,0,1
06/05/2016 12:00:00 PM,16,8,8
06/30/2016 08:00:00 PM,15,12,3
06/14/2016 06:00:00 PM,26,21,5
06/28/2016 09:00:00 PM,7,3,4
06/19/2016 09:00:00 AM,16,9,7
06/29/2016 10:00:00 AM,21,7,14
06/05/2016 12:00:00 AM,1,1,0
06/06/2016 11:00:00 AM,7,3,4
06/10/2016 08:00:00 PM,13,8,5
06/09/2016 08:00:00 AM,35,4,31
06/27/2016 09:00:00 PM,4,4,0
06/05/2016 07:00:00 PM,4,3,1
06/17/2016 07:00:00 PM,11,6,5
06/24/2016 05:00:00 PM,19,13,6
06/23/2016 09:00:00 AM,19,3,16
06/04/2016 09:00:00 PM,11,6,5
06/28/2016 03:00:00 AM,0,0,0
06/10/2016 10:00:00 PM,0,0,0
06/04/2016 01:00:00 PM,21,9,12
06/02/2016 08:00:00 PM,16,14,2
06/11/2016 05:00:00 AM,1,0,1
06/01/2016 10:00:00 PM,5,2,3
06/13/2016 08:00:00 PM,6,3,3
06/26/2016 05:00:00 PM,18,9,9
06/12/2016 10:00:00 AM,13,2,11
06/29/2016 12:00:00 PM,5,4,1
06/09/2016 06:00:00 AM,21,1,20
06/20/2016 07:00:00 AM,34,0,34
06/30/2016 02:00:00 AM,0,0,0
06/22/2016 11:00:00 PM,3,0,3
06/20/2016 10:00:00 PM,5,4,1
06/27/2016 07:00:00 PM,23,19,4
06/12/2016 06:00:00 PM,7,2,5
06/03/2016 09:00:00 PM,4,4,0
06/25/2016 06:00:00 AM,3,0,3
06/02/2016 06:00:00 AM,18,3,15
06/10/2016 09:00:00 PM,9,2,7
06/09/2016 07:00:00 PM,18,13,5
06/03/2016 05:00:00 AM,4,2,2
06/13/2016 01:00:00 AM,0,0,0
06/15/2016 08:00:00 PM,4,3,1
06/18/2016 02:00:00 PM,14,5,9
06/01/2016 02:00:00 AM,0,0,0
06/07/2016 10:00:00 PM,12,5,7
06/23/2016 03:00:00 AM,0,0,0
06/05/2016 08:00:00 PM,9,2,7
06/09/2016 01:00:00 AM,1,1,0
06/30/2016 01:00:00 PM,8,2,6
06/02/2016 10:00:00 AM,11,1,10
06/29/2016 04:00:00 AM,0,0,0
06/28/2016 03:00:00 PM,17,11,6
06/29/2016 12:00:00 AM,0,0,0
06/04/2016 12:00:00 AM,0,0,0
06/06/2016 04:00:00 AM,0,0,0
06/15/2016 02:00:00 PM,11,7,4
06/12/2016 12:00:00 AM,5,2,3
06/27/2016 11:00:00 AM,11,4,7
06/18/2016 06:00:00 PM,3,2,1
06/28/2016 08:00:00 AM,35,4,31
06/09/2016 12:00:00 PM,8,5,3
06/26/2016 03:00:00 PM,27,12,15
06/22/2016 05:00:00 AM,6,0,6
06/10/2016 12:00:00 PM,8,6,2
06/24/2016 09:00:00 PM,0,0,0
06/04/2016 02:00:00 AM,0,0,0
06/09/2016 05:00:00 PM,34,29,5
06/16/2016 07:00:00 PM,11,11,0
06/17/2016 01:00:00 PM,11,11,0
06/29/2016 09:00:00 PM,8,1,7
06/20/2016 09:00:00 PM,4,3,1
06/14/2016 07:00:00 PM,15,8,7
06/18/2016 11:00:00 AM,5,3,2
06/17/2016 09:00:00 PM,8,2,6
06/22/2016 01:00:00 PM,11,2,9
06/18/2016 07:00:00 AM,2,0,2
06/28/2016 09:00:00 AM,20,4,16
06/30/2016 03:00:00 PM,13,8,5
06/14/2016 12:00:00 AM,2,2,0
06/11/2016 01:00:00 AM,1,1,0
06/16/2016 09:00:00 PM,7,2,5
06/23/2016 01:00:00 AM,0,0,0
06/10/2016 08:00:00 AM,21,4,17
06/09/2016 07:00:00 AM,42,6,36
06/18/2016 08:00:00 PM,12,9,3
06/08/2016 04:00:00 AM,0,0,0
06/01/2016 07:00:00 AM,50,2,48
06/18/2016 07:00:00 PM,7,3,4
06/17/2016 05:00:00 AM,2,0,2
06/03/2016 01:00:00 PM,14,8,6
06/17/2016 09:00:00 AM,16,3,13
06/20/2016 12:00:00 AM,0,0,0
06/26/2016 11:00:00 PM,0,0,0
06/17/2016 03:00:00 PM,24,16,8
06/14/2016 03:00:00 AM,0,0,0
06/15/2016 10:00:00 AM,18,5,13
06/22/2016 09:00:00 PM,4,3,1
06/13/2016 04:00:00 PM,25,16,9
06/17/2016 07:00:00 AM,38,4,34
06/21/2016 12:00:00 PM,8,1,7
06/20/2016 07:00:00 PM,12,9,3
06/07/2016 11:00:00 AM,11,3,8
06/10/2016 11:00:00 AM,18,3,15
06/21/2016 08:00:00 PM,13,13,0
06/20/2016 01:00:00 AM,1,1,0
06/04/2016 08:00:00 PM,6,4,2
06/06/2016 03:00:00 PM,16,9,7
06/03/2016 10:00:00 PM,3,3,0
06/09/2016 05:00:00 AM,2,0,2
06/24/2016 02:00:00 PM,16,10,6
06/23/2016 10:00:00 PM,3,2,1
06/17/2016 06:00:00 AM,11,0,11
06/18/2016 12:00:00 AM,0,0,0
06/01/2016 01:00:00 PM,13,6,7
06/14/2016 08:00:00 AM,25,5,20
06/29/2016 02:00:00 PM,12,5,7
06/25/2016 10:00:00 PM,2,2,0
06/10/2016 07:00:00 PM,14,10,4
06/22/2016 07:00:00 AM,32,2,30
06/05/2016 03:00:00 PM,10,9,1
06/24/2016 04:00:00 PM,28,23,5
06/19/2016 06:00:00 PM,10,7,3
06/30/2016 03:00:00 AM,2,0,2
06/11/2016 12:00:00 AM,1,1,0
06/21/2016 04:00:00 PM,21,18,3
06/11/2016 10:00:00 PM,7,1,6
06/20/2016 04:00:00 AM,0,0,0
06/01/2016 05:00:00 AM,4,1,3
06/13/2016 10:00:00 AM,17,4,13
06/15/2016 07:00:00 AM,31,5,26
06/18/2016 11:00:00 PM,4,4,0
06/01/2016 02:00:00 PM,28,14,14
06/03/2016 07:00:00 AM,39,6,33
06/19/2016 04:00:00 AM,0,0,0
06/23/2016 05:00:00 PM,13,10,3
06/01/2016 11:00:00 AM,11,3,8
06/18/2016 09:00:00 PM,3,1,2
06/30/2016 12:00:00 PM,15,5,10
06/02/2016 12:00:00 AM,0,0,0
06/16/2016 10:00:00 AM,13,2,11
06/12/2016 08:00:00 PM,9,3,6
06/18/2016 09:00:00 AM,8,2,6
06/07/2016 07:00:00 AM,30,4,26
06/26/2016 06:00:00 AM,3,2,1
06/12/2016 09:00:00 PM,7,2,5
06/18/2016 12:00:00 PM,15,3,12
06/28/2016 02:00:00 AM,0,0,0
06/19/2016 12:00:00 PM,23,10,13
06/27/2016 10:00:00 AM,8,2,6
06/15/2016 09:00:00 PM,5,3,2
06/04/2016 07:00:00 PM,8,7,1
06/17/2016 04:00:00 PM,12,10,2
06/06/2016 09:00:00 AM,26,5,21
06/25/2016 05:00:00 PM,9,5,4
06/14/2016 05:00:00 PM,34,19,15
06/21/2016 04:00:00 AM,0,0,0
06/18/2016 02:00:00 AM,0,0,0
06/21/2016 06:00:00 AM,13,2,11
06/19/2016 11:00:00 AM,25,7,18
06/05/2016 06:00:00 PM,8,3,5
06/08/2016 10:00:00 PM,8,2,6
06/05/2016 02:00:00 AM,0,0,0
06/10/2016 05:00:00 PM,29,23,6
06/23/2016 07:00:00 PM,12,8,4
06/14/2016 12:00:00 PM,19,8,11
06/04/2016 10:00:00 PM,4,4,0
06/15/2016 06:00:00 PM,38,25,13
06/29/2016 02:00:00 AM,0,0,0
06/05/2016 09:00:00 AM,25,11,14
06/22/2016 02:00:00 PM,12,6,6
06/27/2016 04:00:00 PM,35,24,11
06/05/2016 01:00:00 AM,0,0,0
06/24/2016 11:00:00 AM,10,0,10
06/07/2016 06:00:00 AM,23,3,20
06/29/2016 10:00:00 PM,7,3,4
06/18/2016 08:00:00 AM,6,3,3
06/01/2016 08:00:00 AM,35,3,32
06/25/2016 02:00:00 AM,4,2,2
06/07/2016 04:00:00 AM,0,0,0
06/19/2016 01:00:00 PM,39,17,22
06/29/2016 07:00:00 PM,15,12,3
06/13/2016 08:00:00 AM,35,8,27
06/12/2016 08:00:00 AM,3,1,2
06/28/2016 04:00:00 PM,21,14,7
06/23/2016 05:00:00 AM,3,0,3
06/15/2016 12:00:00 PM,9,3,6
06/09/2016 10:00:00 AM,18,2,16
06/14/2016 05:00:00 AM,5,0,5
06/16/2016 06:00:00 AM,20,3,17
06/17/2016 06:00:00 PM,36,28,8
06/23/2016 08:00:00 AM,20,2,18
06/01/2016 12:00:00 PM,8,3,5
06/30/2016 12:00:00 AM,3,2,1
06/27/2016 01:00:00 PM,14,4,10
06/02/2016 02:00:00 AM,0,0,0
06/08/2016 06:00:00 AM,18,3,15
06/19/2016 03:00:00 PM,28,17,11
06/16/2016 04:00:00 AM,0,0,0
06/22/2016 08:00:00 PM,20,13,7
06/16/2016 03:00:00 AM,0,0,0
06/19/2016 11:00:00 PM,0,0,0
06/21/2016 10:00:00 PM,3,1,2
06/14/2016 10:00:00 AM,10,0,10
06/26/2016 04:00:00 PM,19,6,13
06/24/2016 07:00:00 PM,16,12,4
06/23/2016 11:00:00 PM,2,2,0
06/16/2016 10:00:00 PM,7,5,2
06/17/2016 01:00:00 AM,0,0,0
06/14/2016 11:00:00 AM,5,1,4
06/24/2016 11:00:00 PM,3,1,2
06/05/2016 05:00:00 PM,9,8,1
06/09/2016 03:00:00 AM,0,0,0
06/10/2016 07:00:00 AM,29,6,23
06/28/2016 06:00:00 AM,22,2,20
06/13/2016 01:00:00 PM,15,11,4
06/18/2016 06:00:00 AM,4,1,3
06/04/2016 08:00:00 AM,13,3,10
06/27/2016 02:00:00 PM,13,6,7
06/21/2016 01:00:00 PM,8,2,6
06/16/2016 07:00:00 AM,26,5,21
06/19/2016 12:00:00 AM,2,0,2
06/19/2016 08:00:00 AM,3,0,3
06/24/2016 10:00:00 PM,7,2,5
06/07/2016 08:00:00 PM,8,7,1
06/25/2016 03:00:00 PM,14,7,7
06/03/2016 12:00:00 PM,11,2,9
06/13/2016 04:00:00 AM,0,0,0
06/27/2016 05:00:00 PM,43,37,6
06/22/2016 04:00:00 PM,30,24,6
06/06/2016 05:00:00 PM,46,38,8
06/03/2016 01:00:00 AM,0,0,0
06/14/2016 11:00:00 PM,0,0,0
06/16/2016 11:00:00 PM,4,0,4
06/15/2016 05:00:00 AM,1,1,0
06/15/2016 08:00:00 AM,30,4,26
06/24/2016 02:00:00 AM,0,0,0
06/21/2016 12:00:00 AM,0,0,0
06/24/2016 03:00:00 AM,0,0,0
06/23/2016 07:00:00 AM,15,1,14
06/05/2016 10:00:00 PM,1,0,1
06/09/2016 01:00:00 PM,10,9,1
06/12/2016 01:00:00 AM,1,1,0
06/16/2016 11:00:00 AM,9,4,5
06/02/2016 03:00:00 AM,0,0,0
06/16/2016 01:00:00 AM,0,0,0
06/22/2016 12:00:00 AM,0,0,0
06/23/2016 04:00:00 PM,13,8,5
06/11/2016 11:00:00 AM,14,10,4
06/28/2016 12:00:00 PM,10,3,7
06/08/2016 09:00:00 AM,30,6,24
06/04/2016 07:00:00 AM,3,2,1
06/19/2016 10:00:00 PM,0,0,0
06/06/2016 02:00:00 PM,6,3,3
06/07/2016 03:00:00 PM,26,18,8
06/12/2016 04:00:00 AM,0,0,0
06/07/2016 05:00:00 PM,48,40,8
06/18/2016 10:00:00 AM,13,6,7
06/22/2016 06:00:00 AM,19,4,15
06/11/2016 12:00:00 PM,13,2,11
06/10/2016 10:00:00 AM,10,2,8
06/15/2016 11:00:00 PM,3,3,0
06/22/2016 04:00:00 AM,0,0,0
06/23/2016 02:00:00 AM,0,0,0
06/20/2016 04:00:00 PM,19,11,8
06/24/2016 01:00:00 AM,0,0,0
06/06/2016 11:00:00 PM,1,1,0
06/20/2016 01:00:00 PM,17,7,10
06/22/2016 08:00:00 AM,38,7,31
06/17/2016 11:00:00 AM,23,13,10
06/29/2016 06:00:00 PM,33,27,6
06/30/2016 10:00:00 PM,4,2,2
06/22/2016 05:00:00 PM,45,34,11
06/06/2016 10:00:00 AM,14,7,7
06/02/2016 03:00:00 PM,14,6,8
06/26/2016 10:00:00 AM,11,7,4
06/24/2016 03:00:00 PM,9,7,2
06/10/2016 09:00:00 AM,31,4,27
06/09/2016 02:00:00 PM,13,6,7
06/25/2016 01:00:00 PM,11,5,6
06/07/2016 03:00:00 AM,0,0,0
06/22/2016 12:00:00 PM,9,5,4
06/01/2016 09:00:00 AM,22,3,19
06/01/2016 01:00:00 AM,0,0,0
06/18/2016 03:00:00 PM,6,3,3
06/27/2016 03:00:00 PM,12,8,4
06/08/2016 07:00:00 AM,30,4,26
06/27/2016 08:00:00 AM,44,6,38
06/22/2016 02:00:00 AM,0,0,0
06/01/2016 06:00:00 AM,18,3,15
06/30/2016 07:00:00 AM,35,3,32
06/28/2016 01:00:00 AM,0,0,0
06/07/2016 11:00:00 PM,2,2,0
06/24/2016 12:00:00 PM,9,1,8
06/10/2016 01:00:00 PM,15,3,12
06/01/2016 09:00:00 PM,1,1,0
06/22/2016 03:00:00 AM,0,0,0
06/01/2016 11:00:00 PM,2,2,0
06/13/2016 12:00:00 PM,11,3,8
06/24/2016 09:00:00 AM,20,2,18
06/02/2016 01:00:00 PM,3,2,1
06/07/2016 05:00:00 AM,5,1,4
06/13/2016 02:00:00 AM,0,0,0
06/04/2016 04:00:00 AM,0,0,0
06/21/2016 02:00:00 AM,0,0,0
06/08/2016 05:00:00 AM,5,0,5
06/01/2016 06:00:00 PM,48,37,11
06/20/2016 10:00:00 AM,12,6,6
06/13/2016 09:00:00 AM,25,3,22
06/28/2016 10:00:00 AM,8,1,7
06/27/2016 07:00:00 AM,29,5,24
06/28/2016 12:00:00 AM,0,0,0
06/07/2016 10:00:00 AM,23,4,19
06/28/2016 06:00:00 PM,40,28,12
06/02/2016 04:00:00 AM,0,0,0
06/30/2016 01:00:00 AM,1,1,0
06/03/2016 08:00:00 PM,8,4,4
06/25/2016 08:00:00 AM,6,3,3
06/16/2016 02:00:00 AM,0,0,0
07/15/2016 08:00:00 AM,27,4,23
07/03/2016 06:00:00 PM,4,4,0
07/22/2016 04:00:00 AM,0,0,0
07/19/2016 10:00:00 AM,14,2,12
07/09/2016 04:00:00 AM,0,0,0
07/25/2016 01:00:00 AM,0,0,0
07/31/2016 03:00:00 PM,26,16,10
07/28/2016 04:00:00 AM,0,0,0
07/21/2016 12:00:00 AM,1,1,0
07/10/2016 03:00:00 AM,2,0,2
07/20/2016 11:00:00 AM,15,2,13
07/05/2016 07:00:00 AM,13,1,12
07/26/2016 04:00:00 AM,0,0,0
07/15/2016 03:00:00 PM,11,5,6
07/16/2016 02:00:00 AM,1,1,0
07/19/2016 06:00:00 PM,33,27,6
07/11/2016 06:00:00 PM,35,26,9
07/11/2016 05:00:00 PM,54,36,18
07/22/2016 08:00:00 AM,16,3,13
07/05/2016 05:00:00 PM,30,26,4
07/10/2016 12:00:00 AM,0,0,0
07/27/2016 12:00:00 AM,0,0,0
07/15/2016 10:00:00 AM,12,6,6
07/07/2016 01:00:00 PM,15,4,11
07/20/2016 10:00:00 AM,9,2,7
07/11/2016 07:00:00 PM,19,15,4
07/19/2016 08:00:00 PM,13,9,4
07/06/2016 11:00:00 PM,0,0,0
07/03/2016 04:00:00 PM,25,16,9
07/13/2016 08:00:00 AM,21,3,18
07/03/2016 10:00:00 AM,4,2,2
07/04/2016 05:00:00 PM,11,10,1
07/10/2016 05:00:00 AM,0,0,0
07/24/2016 03:00:00 PM,19,8,11
07/26/2016 01:00:00 AM,1,1,0
07/26/2016 11:00:00 AM,14,2,12
07/07/2016 04:00:00 AM,0,0,0
07/15/2016 10:00:00 PM,3,2,1
07/16/2016 01:00:00 AM,0,0,0
07/27/2016 09:00:00 AM,21,5,16
07/15/2016 11:00:00 PM,1,1,0
07/13/2016 12:00:00 AM,0,0,0
07/30/2016 08:00:00 AM,6,1,5
07/28/2016 12:00:00 AM,1,1,0
07/05/2016 10:00:00 AM,13,3,10
07/24/2016 06:00:00 PM,19,12,7
07/14/2016 01:00:00 PM,16,7,9
07/11/2016 12:00:00 PM,11,9,2
07/08/2016 05:00:00 PM,23,16,7
07/27/2016 02:00:00 AM,0,0,0
07/06/2016 05:00:00 AM,4,0,4
07/19/2016 03:00:00 AM,0,0,0
07/02/2016 04:00:00 PM,13,12,1
07/07/2016 08:00:00 AM,29,10,19
07/03/2016 03:00:00 AM,1,1,0
07/09/2016 01:00:00 PM,13,7,6
07/10/2016 11:00:00 PM,3,3,0
07/24/2016 09:00:00 PM,3,3,0
07/29/2016 12:00:00 AM,2,0,2
07/11/2016 01:00:00 PM,8,6,2
07/29/2016 10:00:00 PM,5,1,4
07/10/2016 08:00:00 PM,8,4,4
07/14/2016 06:00:00 PM,36,22,14
07/04/2016 10:00:00 PM,3,1,2
07/19/2016 09:00:00 AM,26,8,18
07/08/2016 11:00:00 PM,6,4,2
07/18/2016 02:00:00 PM,20,6,14
07/07/2016 09:00:00 PM,4,1,3
07/01/2016 04:00:00 PM,25,19,6
07/11/2016 11:00:00 AM,14,3,11
07/22/2016 06:00:00 PM,17,14,3
07/06/2016 03:00:00 AM,0,0,0
07/09/2016 09:00:00 AM,23,8,15
07/20/2016 03:00:00 AM,0,0,0
07/02/2016 12:00:00 AM,1,1,0
07/16/2016 04:00:00 PM,15,5,10
07/24/2016 12:00:00 AM,1,1,0
07/31/2016 01:00:00 PM,12,7,5
07/26/2016 06:00:00 AM,17,3,14
07/28/2016 07:00:00 PM,20,11,9
07/15/2016 03:00:00 AM,0,0,0
07/17/2016 07:00:00 AM,1,0,1
07/29/2016 03:00:00 AM,0,0,0
07/06/2016 01:00:00 PM,17,6,11
07/27/2016 11:00:00 PM,1,0,1
07/24/2016 07:00:00 AM,1,0,1
07/22/2016 01:00:00 AM,1,1,0
07/10/2016 04:00:00 AM,1,1,0
07/24/2016 11:00:00 PM,3,3,0
07/28/2016 06:00:00 AM,16,0,16
07/27/2016 07:00:00 AM,32,3,29
07/13/2016 06:00:00 AM,15,1,14
07/13/2016 01:00:00 PM,15,9,6
07/20/2016 06:00:00 PM,31,22,9
07/17/2016 09:00:00 AM,11,0,11
07/12/2016 10:00:00 AM,21,6,15
07/22/2016 05:00:00 AM,6,2,4
07/19/2016 01:00:00 PM,14,5,9
07/28/2016 01:00:00 PM,33,26,7
07/23/2016 10:00:00 PM,0,0,0
07/04/2016 04:00:00 PM,16,5,11
07/12/2016 02:00:00 AM,0,0,0
07/08/2016 09:00:00 AM,19,4,15
07/02/2016 01:00:00 PM,9,4,5
07/23/2016 09:00:00 PM,4,3,1
07/31/2016 02:00:00 AM,0,0,0
07/25/2016 08:00:00 AM,32,4,28
07/24/2016 04:00:00 AM,0,0,0
07/21/2016 02:00:00 AM,0,0,0
07/16/2016 11:00:00 PM,0,0,0
07/12/2016 11:00:00 AM,19,4,15
07/16/2016 03:00:00 AM,0,0,0
07/26/2016 02:00:00 AM,0,0,0
07/16/2016 05:00:00 PM,14,10,4
07/17/2016 01:00:00 PM,16,6,10
07/27/2016 06:00:00 AM,11,0,11
07/20/2016 05:00:00 AM,4,0,4
07/15/2016 11:00:00 AM,12,5,7
07/18/2016 07:00:00 PM,24,15,9
07/21/2016 07:00:00 PM,26,17,9
07/19/2016 12:00:00 PM,12,8,4
07/08/2016 04:00:00 PM,21,11,10
07/09/2016 07:00:00 PM,6,6,0
07/31/2016 09:00:00 PM,4,3,1
07/22/2016 02:00:00 AM,0,0,0
07/13/2016 08:00:00 PM,28,21,7
07/29/2016 11:00:00 PM,4,4,0
07/18/2016 10:00:00 AM,12,3,9
07/21/2016 05:00:00 AM,3,0,3
07/05/2016 02:00:00 AM,0,0,0
07/27/2016 10:00:00 AM,15,5,10
07/15/2016 02:00:00 PM,14,6,8
07/17/2016 11:00:00 AM,33,22,11
07/24/2016 07:00:00 PM,13,5,8
07/17/2016 12:00:00 AM,0,0,0
07/25/2016 04:00:00 PM,24,15,9
07/23/2016 04:00:00 PM,24,15,9
07/19/2016 04:00:00 AM,0,0,0
07/05/2016 04:00:00 AM,0,0,0
07/20/2016 07:00:00 AM,28,2,26
07/28/2016 02:00:00 AM,0,0,0
07/13/2016 11:00:00 PM,1,1,0
07/13/2016 02:00:00 AM,3,3,0
07/04/2016 06:00:00 AM,5,1,4
07/03/2016 11:00:00 PM,2,2,0
07/28/2016 09:00:00 AM,33,7,26
07/16/2016 04:00:00 AM,5,0,5
07/24/2016 06:00:00 AM,4,0,4
07/03/2016 09:00:00 AM,7,3,4
07/05/2016 01:00:00 PM,14,4,10
07/11/2016 09:00:00 PM,10,10,0
07/14/2016 05:00:00 AM,1,0,1
07/02/2016 12:00:00 PM,8,2,6
07/08/2016 02:00:00 AM,0,0,0
07/24/2016 04:00:00 PM,24,13,11
07/30/2016 09:00:00 AM,4,2,2
07/21/2016 01:00:00 PM,10,4,6
07/26/2016 01:00:00 PM,20,6,14
07/25/2016 09:00:00 AM,22,2,20
07/25/2016 01:00:00 PM,19,8,11
07/27/2016 01:00:00 AM,0,0,0
07/10/2016 04:00:00 PM,14,11,3
07/15/2016 05:00:00 PM,35,27,8
07/08/2016 01:00:00 PM,10,4,6
07/03/2016 09:00:00 PM,2,1,1
07/22/2016 03:00:00 AM,1,1,0
07/25/2016 06:00:00 AM,18,4,14
07/04/2016 01:00:00 PM,16,8,8
07/04/2016 08:00:00 AM,7,3,4
07/24/2016 10:00:00 AM,12,7,5
07/29/2016 01:00:00 PM,4,3,1
07/22/2016 02:00:00 PM,19,4,15
07/30/2016 09:00:00 PM,8,4,4
07/25/2016 06:00:00 PM,34,27,7
07/18/2016 08:00:00 PM,16,7,9
07/21/2016 03:00:00 AM,0,0,0
07/04/2016 07:00:00 PM,10,7,3
07/24/2016 11:00:00 AM,27,10,17
07/19/2016 08:00:00 AM,32,7,25
07/01/2016 10:00:00 PM,4,4,0
07/16/2016 03:00:00 PM,29,18,11
07/30/2016 05:00:00 AM,0,0,0
07/10/2016 06:00:00 PM,22,14,8
07/27/2016 01:00:00 PM,20,11,9
07/08/2016 06:00:00 PM,27,24,3
07/06/2016 05:00:00 PM,52,40,12
07/05/2016 04:00:00 PM,25,15,10
07/18/2016 09:00:00 AM,16,2,14
07/14/2016 06:00:00 AM,19,1,18
07/10/2016 06:00:00 AM,3,0,3
07/01/2016 03:00:00 AM,0,0,0
07/09/2016 02:00:00 AM,0,0,0
07/28/2016 08:00:00 AM,26,1,25
07/03/2016 02:00:00 AM,2,2,0
07/01/2016 05:00:00 AM,0,0,0
07/13/2016 03:00:00 PM,20,8,12
07/13/2016 12:00:00 PM,15,7,8
07/28/2016 11:00:00 PM,0,0,0
07/24/2016 09:00:00 AM,12,5,7
07/31/2016 07:00:00 AM,1,1,0
07/06/2016 08:00:00 AM,44,7,37
07/29/2016 08:00:00 PM,9,6,3
07/26/2016 08:00:00 AM,31,4,27
07/22/2016 05:00:00 PM,26,18,8
07/22/2016 04:00:00 PM,11,11,0
07/06/2016 02:00:00 AM,0,0,0
07/17/2016 11:00:00 PM,1,1,0
07/25/2016 12:00:00 PM,24,11,13
07/06/2016 09:00:00 PM,9,9,0
07/18/2016 04:00:00 AM,0,0,0
07/10/2016 07:00:00 PM,10,7,3
07/07/2016 12:00:00 PM,7,3,4
07/21/2016 04:00:00 AM,0,0,0
07/06/2016 07:00:00 AM,37,6,31
07/04/2016 08:00:00 PM,3,2,1
07/25/2016 03:00:00 AM,0,0,0
07/04/2016 02:00:00 PM,24,16,8
07/13/2016 07:00:00 PM,23,14,9
07/12/2016 04:00:00 PM,32,20,12
07/03/2016 08:00:00 PM,9,6,3
07/01/2016 11:00:00 PM,0,0,0
07/04/2016 02:00:00 AM,0,0,0
07/12/2016 02:00:00 PM,11,3,8
07/27/2016 09:00:00 PM,11,8,3
07/29/2016 02:00:00 PM,21,9,12
07/18/2016 11:00:00 PM,3,1,2
07/20/2016 01:00:00 PM,8,2,6
07/31/2016 03:00:00 AM,0,0,0
07/17/2016 02:00:00 PM,17,8,9
07/26/2016 04:00:00 PM,26,19,7
07/08/2016 03:00:00 PM,14,8,6
07/07/2016 02:00:00 AM,0,0,0
07/22/2016 12:00:00 PM,8,4,4
07/05/2016 09:00:00 AM,31,12,19
07/05/2016 06:00:00 PM,37,26,11
07/02/2016 10:00:00 AM,8,3,5
07/09/2016 12:00:00 PM,19,13,6
07/25/2016 07:00:00 PM,28,18,10
07/30/2016 07:00:00 PM,16,8,8
07/03/2016 07:00:00 PM,8,4,4
07/06/2016 06:00:00 AM,14,2,12
07/17/2016 01:00:00 AM,2,2,0
07/22/2016 08:00:00 PM,8,3,5
07/02/2016 09:00:00 AM,14,4,10
07/19/2016 05:00:00 AM,4,0,4
07/25/2016 07:00:00 AM,22,4,18
07/20/2016 11:00:00 PM,3,1,2
07/11/2016 08:00:00 PM,8,3,5
07/02/2016 02:00:00 PM,10,3,7
07/12/2016 07:00:00 PM,24,16,8
07/06/2016 04:00:00 AM,0,0,0
07/28/2016 02:00:00 PM,15,12,3
07/04/2016 05:00:00 AM,0,0,0
07/04/2016 03:00:00 AM,0,0,0
07/12/2016 03:00:00 AM,0,0,0
07/18/2016 10:00:00 PM,3,3,0
07/17/2016 10:00:00 AM,15,5,10
07/15/2016 06:00:00 PM,22,12,10
07/02/2016 05:00:00 PM,6,4,2
07/14/2016 08:00:00 AM,31,4,27
07/17/2016 12:00:00 PM,16,12,4
07/14/2016 01:00:00 AM,0,0,0
07/26/2016 11:00:00 PM,0,0,0
07/18/2016 05:00:00 AM,1,0,1
07/14/2016 04:00:00 AM,0,0,0
07/05/2016 10:00:00 PM,4,4,0
07/25/2016 04:00:00 AM,0,0,0
07/21/2016 05:00:00 PM,40,32,8
07/08/2016 10:00:00 AM,11,5,6
07/28/2016 09:00:00 PM,9,4,5
07/18/2016 03:00:00 PM,14,13,1
07/07/2016 11:00:00 AM,13,2,11
07/21/2016 06:00:00 AM,15,2,13
07/18/2016 03:00:00 AM,0,0,0
07/31/2016 06:00:00 AM,8,3,5
07/11/2016 09:00:00 AM,26,4,22
07/31/2016 06:00:00 PM,14,9,5
07/30/2016 12:00:00 AM,2,2,0
07/12/2016 04:00:00 AM,2,0,2
07/20/2016 01:00:00 AM,0,0,0
07/30/2016 06:00:00 PM,12,6,6
07/26/2016 09:00:00 AM,29,8,21
07/17/2016 05:00:00 PM,20,9,11
07/06/2016 02:00:00 PM,19,13,6
07/21/2016 12:00:00 PM,13,6,7
07/25/2016 12:00:00 AM,1,1,0
07/26/2016 12:00:00 PM,9,4,5
07/15/2016 02:00:00 AM,0,0,0
07/26/2016 12:00:00 AM,1,1,0
07/19/2016 01:00:00 AM,0,0,0
07/23/2016 06:00:00 PM,5,3,2
07/02/2016 01:00:00 AM,1,1,0
07/01/2016 08:00:00 PM,5,3,2
07/28/2016 07:00:00 AM,25,7,18
07/02/2016 02:00:00 AM,0,0,0
07/29/2016 05:00:00 PM,40,32,8
07/08/2016 07:00:00 AM,15,0,15
07/13/2016 05:00:00 AM,1,0,1
07/31/2016 05:00:00 AM,0,0,0
07/01/2016 02:00:00 PM,15,8,7
07/29/2016 04:00:00 PM,27,12,15
07/02/2016 06:00:00 PM,8,4,4
07/03/2016 10:00:00 PM,2,0,2
07/09/2016 01:00:00 AM,0,0,0
07/13/2016 09:00:00 AM,32,11,21
07/15/2016 09:00:00 PM,5,1,4
07/12/2016 12:00:00 PM,10,5,5
07/03/2016 06:00:00 AM,3,0,3
07/13/2016 01:00:00 AM,1,1,0
07/29/2016 07:00:00 AM,28,5,23
07/05/2016 03:00:00 PM,9,8,1
07/14/2016 09:00:00 AM,27,8,19
07/09/2016 08:00:00 AM,6,4,2
07/01/2016 02:00:00 AM,0,0,0
07/28/2016 05:00:00 PM,42,34,8
07/25/2016 02:00:00 PM,11,6,5
07/11/2016 04:00:00 AM,0,0,0
07/14/2016 07:00:00 PM,19,12,7
07/26/2016 03:00:00 AM,0,0,0
07/22/2016 09:00:00 PM,3,3,0
07/11/2016 03:00:00 AM,0,0,0
07/20/2016 10:00:00 PM,3,3,0
07/06/2016 07:00:00 PM,27,21,6
07/04/2016 03:00:00 PM,16,10,6
07/09/2016 03:00:00 PM,21,12,9
07/26/2016 05:00:00 PM,56,43,13
07/27/2016 12:00:00 PM,15,9,6
07/21/2016 10:00:00 AM,14,2,12
07/06/2016 01:00:00 AM,0,0,0
07/19/2016 09:00:00 PM,11,8,3
07/27/2016 07:00:00 PM,18,14,4
07/06/2016 11:00:00 AM,5,1,4
07/05/2016 02:00:00 PM,13,6,7
07/26/2016 05:00:00 AM,2,0,2
07/28/2016 03:00:00 AM,0,0,0
07/07/2016 03:00:00 PM,15,12,3
07/03/2016 05:00:00 AM,0,0,0
07/20/2016 02:00:00 PM,18,7,11
07/22/2016 01:00:00 PM,18,5,13
07/28/2016 03:00:00 PM,9,7,2
07/28/2016 08:00:00 PM,22,10,12
07/20/2016 09:00:00 PM,17,8,9
07/20/2016 08:00:00 PM,17,9,8
07/19/2016 12:00:00 AM,2,2,0
07/09/2016 10:00:00 AM,10,5,5
07/03/2016 03:00:00 PM,11,10,1
07/31/2016 11:00:00 PM,1,1,0
07/05/2016 03:00:00 AM,0,0,0
07/28/2016 06:00:00 PM,36,27,9
07/22/2016 06:00:00 AM,5,1,4
07/28/2016 05:00:00 AM,4,2,2
07/29/2016 01:00:00 AM,1,1,0
07/09/2016 03:00:00 AM,0,0,0
07/15/2016 04:00:00 PM,37,31,6
07/11/2016 02:00:00 AM,0,0,0
07/18/2016 01:00:00 PM,14,3,11
07/01/2016 07:00:00 PM,9,9,0
07/30/2016 07:00:00 AM,6,1,5
07/20/2016 08:00:00 AM,50,10,40
07/08/2016 01:00:00 AM,0,0,0
07/27/2016 05:00:00 AM,2,0,2
07/25/2016 09:00:00 PM,10,4,6
07/23/2016 01:00:00 AM,0,0,0
07/25/2016 10:00:00 PM,2,1,1
07/30/2016 10:00:00 PM,5,3,2
07/16/2016 10:00:00 AM,13,5,8
07/31/2016 08:00:00 PM,5,2,3
07/02/2016 05:00:00 AM,0,0,0
07/23/2016 09:00:00 AM,10,0,10
07/31/2016 04:00:00 AM,0,0,0
07/26/2016 10:00:00 AM,8,0,8
07/01/2016 12:00:00 AM,1,1,0
07/21/2016 01:00:00 AM,0,0,0
07/10/2016 02:00:00 AM,0,0,0
07/07/2016 07:00:00 AM,19,2,17
07/08/2016 12:00:00 PM,12,4,8
07/10/2016 08:00:00 AM,5,1,4
07/13/2016 10:00:00 AM,39,10,29
07/29/2016 09:00:00 PM,8,7,1
07/06/2016 03:00:00 PM,11,9,2
07/11/2016 10:00:00 AM,13,3,10
07/29/2016 11:00:00 AM,5,2,3
07/16/2016 09:00:00 AM,15,7,8
07/02/2016 03:00:00 AM,0,0,0
07/21/2016 08:00:00 PM,15,12,3
07/24/2016 02:00:00 AM,0,0,0
07/17/2016 09:00:00 PM,9,6,3
07/23/2016 08:00:00 PM,7,6,1
07/08/2016 11:00:00 AM,8,2,6
07/11/2016 04:00:00 PM,26,18,8
07/11/2016 02:00:00 PM,4,2,2
07/19/2016 07:00:00 PM,18,9,9
07/25/2016 10:00:00 AM,16,5,11
07/28/2016 10:00:00 PM,14,5,9
07/30/2016 01:00:00 AM,0,0,0
07/04/2016 12:00:00 PM,26,10,16
07/22/2016 12:00:00 AM,0,0,0
07/25/2016 11:00:00 AM,23,2,21
07/27/2016 08:00:00 PM,14,12,2
07/19/2016 10:00:00 PM,7,1,6
07/01/2016 11:00:00 AM,17,5,12
07/10/2016 12:00:00 PM,14,5,9
07/18/2016 11:00:00 AM,16,6,10
07/12/2016 05:00:00 AM,1,0,1
07/15/2016 09:00:00 AM,20,3,17
07/24/2016 08:00:00 PM,5,2,3
07/27/2016 05:00:00 PM,32,25,7
07/21/2016 10:00:00 PM,3,1,2
07/14/2016 05:00:00 PM,41,34,7
07/24/2016 02:00:00 PM,21,14,7
07/11/2016 11:00:00 PM,0,0,0
07/25/2016 05:00:00 AM,2,0,2
07/10/2016 01:00:00 PM,7,3,4
07/09/2016 11:00:00 PM,1,1,0
07/29/2016 05:00:00 AM,3,0,3
07/13/2016 02:00:00 PM,23,10,13
07/20/2016 04:00:00 PM,34,21,13
07/09/2016 05:00:00 PM,15,9,6
07/23/2016 07:00:00 PM,17,8,9
07/23/2016 02:00:00 AM,0,0,0
07/16/2016 10:00:00 PM,2,0,2
07/05/2016 08:00:00 PM,8,6,2
07/27/2016 11:00:00 AM,26,9,17
07/01/2016 04:00:00 AM,0,0,0
07/03/2016 12:00:00 PM,12,4,8
07/30/2016 04:00:00 PM,20,11,9
07/08/2016 08:00:00 PM,10,7,3
07/29/2016 03:00:00 PM,13,6,7
07/23/2016 04:00:00 AM,0,0,0
07/23/2016 08:00:00 AM,7,4,3
07/16/2016 08:00:00 AM,8,3,5
07/01/2016 07:00:00 AM,25,2,23
07/28/2016 10:00:00 AM,19,10,9
07/12/2016 07:00:00 AM,33,6,27
07/05/2016 01:00:00 AM,2,0,2
07/02/2016 10:00:00 PM,0,0,0
07/30/2016 02:00:00 PM,23,12,11
07/08/2016 08:00:00 AM,31,6,25
07/31/2016 01:00:00 AM,3,0,3
07/20/2016 12:00:00 AM,2,2,0
07/27/2016 04:00:00 AM,0,0,0
07/12/2016 03:00:00 PM,16,10,6
07/01/2016 09:00:00 AM,20,3,17
07/23/2016 01:00:00 PM,10,3,7
07/24/2016 01:00:00 AM,0,0,0
07/17/2016 05:00:00 AM,0,0,0
07/07/2016 05:00:00 PM,23,17,6
07/29/2016 12:00:00 PM,13,3,10
07/12/2016 05:00:00 PM,54,44,10
07/30/2016 04:00:00 AM,0,0,0
07/10/2016 02:00:00 PM,27,11,16
07/04/2016 12:00:00 AM,1,1,0
07/13/2016 03:00:00 AM,0,0,0
07/24/2016 05:00:00 PM,21,10,11
07/13/2016 04:00:00 PM,26,23,3
07/06/2016 09:00:00 AM,29,3,26
07/10/2016 10:00:00 PM,6,1,5
07/21/2016 09:00:00 AM,26,11,15
07/10/2016 10:00:00 AM,21,8,13
07/10/2016 05:00:00 PM,9,6,3
07/03/2016 08:00:00 AM,2,0,2
07/13/2016 06:00:00 PM,43,31,12
07/03/2016 05:00:00 PM,12,5,7
07/04/2016 09:00:00 AM,11,5,6
07/24/2016 12:00:00 PM,26,9,17
07/10/2016 01:00:00 AM,0,0,0
07/11/2016 03:00:00 PM,9,8,1
07/18/2016 06:00:00 PM,32,22,10
07/23/2016 03:00:00 AM,0,0,0
07/16/2016 11:00:00 AM,17,3,14
07/18/2016 08:00:00 AM,30,4,26
07/12/2016 08:00:00 PM,14,13,1
07/16/2016 01:00:00 PM,16,7,9
07/21/2016 09:00:00 PM,3,3,0
07/14/2016 10:00:00 AM,13,7,6
07/23/2016 02:00:00 PM,16,8,8
07/27/2016 03:00:00 PM,9,3,6
07/15/2016 12:00:00 AM,0,0,0
07/05/2016 12:00:00 AM,6,3,3
07/18/2016 12:00:00 AM,0,0,0
07/06/2016 08:00:00 PM,9,5,4
07/20/2016 03:00:00 PM,20,11,9
07/12/2016 09:00:00 PM,3,2,1
07/24/2016 03:00:00 AM,0,0,0
07/15/2016 01:00:00 PM,5,4,1
07/23/2016 05:00:00 PM,7,6,1
07/24/2016 10:00:00 PM,4,3,1
07/14/2016 12:00:00 AM,1,1,0
07/04/2016 07:00:00 AM,1,1,0
07/14/2016 11:00:00 AM,16,3,13
07/31/2016 02:00:00 PM,19,10,9
07/29/2016 04:00:00 AM,0,0,0
07/24/2016 05:00:00 AM,0,0,0
07/26/2016 06:00:00 PM,27,21,6
07/13/2016 04:00:00 AM,0,0,0
07/07/2016 06:00:00 PM,39,31,8
07/10/2016 09:00:00 PM,1,0,1
07/15/2016 06:00:00 AM,18,1,17
07/21/2016 11:00:00 PM,3,3,0
07/12/2016 08:00:00 AM,41,5,36
07/09/2016 05:00:00 AM,0,0,0
07/17/2016 08:00:00 AM,7,3,4
07/02/2016 09:00:00 PM,4,1,3
07/08/2016 10:00:00 PM,3,1,2
07/21/2016 04:00:00 PM,39,25,14
07/01/2016 01:00:00 AM,0,0,0
07/05/2016 05:00:00 AM,2,0,2
07/07/2016 02:00:00 PM,8,4,4
07/15/2016 12:00:00 PM,10,4,6
07/12/2016 01:00:00 PM,27,10,17
07/12/2016 12:00:00 AM,0,0,0
07/24/2016 08:00:00 AM,7,2,5
07/03/2016 01:00:00 PM,33,8,25
07/20/2016 02:00:00 AM,2,0,2
07/11/2016 10:00:00 PM,4,4,0
07/09/2016 09:00:00 PM,3,0,3
07/06/2016 06:00:00 PM,39,33,6
07/20/2016 07:00:00 PM,21,16,5
07/09/2016 08:00:00 PM,13,12,1
07/07/2016 03:00:00 AM,0,0,0
07/05/2016 08:00:00 AM,33,6,27
07/18/2016 12:00:00 PM,13,1,12
07/03/2016 01:00:00 AM,1,1,0
07/22/2016 11:00:00 AM,12,5,7
07/27/2016 06:00:00 PM,40,31,9
07/30/2016 11:00:00 PM,2,0,2
07/01/2016 06:00:00 PM,34,28,6
07/04/2016 06:00:00 PM,8,3,5
07/26/2016 09:00:00 PM,6,1,5
07/31/2016 11:00:00 AM,23,8,15
07/14/2016 07:00:00 AM,28,3,25
07/08/2016 02:00:00 PM,18,10,8
07/26/2016 08:00:00 PM,15,15,0
07/05/2016 12:00:00 PM,12,8,4
07/10/2016 07:00:00 AM,3,1,2
07/09/2016 11:00:00 AM,14,8,6
07/08/2016 05:00:00 AM,0,0,0
07/22/2016 10:00:00 AM,10,2,8
07/21/2016 03:00:00 PM,23,18,5
07/29/2016 10:00:00 AM,16,8,8
07/07/2016 07:00:00 PM,16,9,7
07/30/2016 03:00:00 PM,8,6,2
07/23/2016 12:00:00 AM,0,0,0
07/19/2016 04:00:00 PM,29,22,7
07/30/2016 01:00:00 PM,25,9,16
07/15/2016 07:00:00 PM,12,8,4
07/11/2016 12:00:00 AM,2,1,1
07/16/2016 08:00:00 PM,12,12,0
07/09/2016 02:00:00 PM,25,16,9
07/16/2016 07:00:00 PM,4,3,1
07/07/2016 09:00:00 AM,11,0,11
07/09/2016 06:00:00 PM,14,6,8
07/12/2016 06:00:00 AM,22,3,19
07/28/2016 11:00:00 AM,13,0,13
07/16/2016 07:00:00 AM,3,1,2
07/10/2016 11:00:00 AM,10,4,6
07/13/2016 10:00:00 PM,4,2,2
07/22/2016 11:00:00 PM,2,0,2
07/01/2016 06:00:00 AM,13,3,10
07/01/2016 12:00:00 PM,14,8,6
07/30/2016 08:00:00 PM,9,4,5
07/14/2016 09:00:00 PM,9,8,1
07/23/2016 06:00:00 AM,4,1,3
07/02/2016 08:00:00 PM,11,10,1
07/06/2016 12:00:00 PM,18,4,14
07/08/2016 09:00:00 PM,30,19,11
07/22/2016 07:00:00 AM,11,0,11
07/31/2016 10:00:00 AM,10,4,6
07/15/2016 08:00:00 PM,11,6,5
07/05/2016 11:00:00 AM,14,1,13
07/04/2016 01:00:00 AM,0,0,0
07/20/2016 05:00:00 PM,39,33,6
07/19/2016 02:00:00 PM,20,9,11
07/14/2016 08:00:00 PM,6,3,3
07/03/2016 11:00:00 AM,13,2,11
07/31/2016 12:00:00 AM,3,1,2
07/14/2016 02:00:00 AM,1,1,0
07/29/2016 07:00:00 PM,18,13,5
07/09/2016 07:00:00 AM,7,2,5
07/01/2016 09:00:00 PM,7,4,3
07/28/2016 01:00:00 AM,2,2,0
07/10/2016 09:00:00 AM,5,1,4
07/25/2016 11:00:00 PM,2,2,0
07/02/2016 06:00:00 AM,5,1,4
07/14/2016 03:00:00 AM,0,0,0
07/17/2016 08:00:00 PM,3,3,0
07/27/2016 08:00:00 AM,36,4,32
07/16/2016 06:00:00 AM,5,0,5
07/31/2016 12:00:00 PM,30,16,14
07/16/2016 06:00:00 PM,13,7,6
07/11/2016 07:00:00 AM,23,1,22
07/07/2016 05:00:00 AM,0,0,0
07/30/2016 02:00:00 AM,0,0,0
07/11/2016 08:00:00 AM,22,4,18
07/30/2016 10:00:00 AM,20,7,13
07/18/2016 02:00:00 AM,0,0,0
07/03/2016 04:00:00 AM,0,0,0
07/14/2016 12:00:00 PM,6,2,4
07/04/2016 11:00:00 AM,17,8,9
07/22/2016 09:00:00 AM,12,1,11
07/17/2016 07:00:00 PM,13,5,8
07/17/2016 10:00:00 PM,5,5,0
07/13/2016 11:00:00 AM,18,7,11
07/26/2016 10:00:00 PM,2,2,0
07/06/2016 10:00:00 PM,1,1,0
07/21/2016 06:00:00 PM,26,19,7
07/07/2016 11:00:00 PM,0,0,0
07/29/2016 02:00:00 AM,0,0,0
07/30/2016 06:00:00 AM,4,2,2
07/23/2016 11:00:00 PM,7,3,4
07/12/2016 06:00:00 PM,38,29,9
07/25/2016 03:00:00 PM,17,10,7
07/07/2016 04:00:00 PM,18,9,9
07/07/2016 01:00:00 AM,0,0,0
07/04/2016 11:00:00 PM,9,5,4
07/02/2016 11:00:00 PM,0,0,0
07/05/2016 06:00:00 AM,14,0,14
07/08/2016 04:00:00 AM,0,0,0
07/05/2016 07:00:00 PM,15,9,6
07/24/2016 01:00:00 PM,23,12,11
07/14/2016 04:00:00 PM,29,20,9
07/22/2016 03:00:00 PM,18,7,11
07/28/2016 04:00:00 PM,18,15,3
07/08/2016 12:00:00 AM,0,0,0
07/23/2016 07:00:00 AM,2,0,2
07/07/2016 08:00:00 PM,7,7,0
07/11/2016 01:00:00 AM,0,0,0
07/08/2016 07:00:00 PM,17,10,7
07/20/2016 09:00:00 AM,22,4,18
07/11/2016 05:00:00 AM,1,0,1
07/03/2016 07:00:00 AM,3,1,2
07/22/2016 10:00:00 PM,2,0,2
07/31/2016 05:00:00 PM,20,13,7
07/30/2016 03:00:00 AM,0,0,0
07/25/2016 05:00:00 PM,39,35,4
07/06/2016 10:00:00 AM,12,2,10
07/20/2016 06:00:00 AM,10,1,9
07/29/2016 06:00:00 AM,13,1,12
07/04/2016 10:00:00 AM,15,7,8
07/19/2016 11:00:00 AM,17,5,12
07/19/2016 07:00:00 AM,21,3,18
07/30/2016 12:00:00 PM,15,5,10
07/31/2016 09:00:00 AM,8,1,7
07/30/2016 05:00:00 PM,8,3,5
07/13/2016 07:00:00 AM,28,5,23
07/01/2016 03:00:00 PM,15,8,7
07/07/2016 10:00:00 AM,15,2,13
07/04/2016 09:00:00 PM,3,1,2
07/02/2016 07:00:00 AM,10,2,8
07/23/2016 12:00:00 PM,4,3,1
07/31/2016 08:00:00 AM,4,2,2
07/23/2016 10:00:00 AM,15,10,5
07/18/2016 06:00:00 AM,12,0,12
07/17/2016 03:00:00 PM,19,8,11
07/27/2016 02:00:00 PM,14,7,7
07/13/2016 09:00:00 PM,2,2,0
07/25/2016 08:00:00 PM,18,10,8
07/07/2016 06:00:00 AM,15,1,14
07/01/2016 05:00:00 PM,18,16,2
07/26/2016 07:00:00 AM,24,5,19
07/23/2016 03:00:00 PM,17,6,11
07/03/2016 12:00:00 AM,6,3,3
07/19/2016 02:00:00 AM,0,0,0
07/27/2016 10:00:00 PM,0,0,0
07/19/2016 03:00:00 PM,12,10,2
07/16/2016 12:00:00 PM,10,5,5
07/17/2016 03:00:00 AM,2,2,0
07/07/2016 12:00:00 AM,0,0,0
07/15/2016 04:00:00 AM,0,0,0
07/18/2016 09:00:00 PM,2,2,0
07/16/2016 05:00:00 AM,7,0,7
07/18/2016 07:00:00 AM,24,4,20
07/16/2016 02:00:00 PM,31,14,17
07/21/2016 08:00:00 AM,47,8,39
07/09/2016 04:00:00 PM,11,7,4
07/18/2016 01:00:00 AM,1,1,0
07/09/2016 12:00:00 AM,0,0,0
07/02/2016 04:00:00 AM,1,0,1
07/02/2016 11:00:00 AM,12,10,2
07/25/2016 02:00:00 AM,0,0,0
07/12/2016 10:00:00 PM,3,1,2
07/08/2016 03:00:00 AM,0,0,0
07/27/2016 04:00:00 PM,27,21,6
07/19/2016 11:00:00 PM,5,2,3
07/17/2016 02:00:00 AM,0,0,0
07/20/2016 12:00:00 PM,8,5,3
07/15/2016 05:00:00 AM,0,0,0
07/06/2016 04:00:00 PM,17,15,2
07/10/2016 03:00:00 PM,35,17,18
07/09/2016 06:00:00 AM,5,0,5
07/14/2016 11:00:00 PM,1,1,0
07/19/2016 05:00:00 PM,51,37,14
07/20/2016 04:00:00 AM,0,0,0
07/09/2016 10:00:00 PM,2,2,0
07/08/2016 06:00:00 AM,12,0,12
07/05/2016 09:00:00 PM,10,5,5
07/04/2016 04:00:00 AM,0,0,0
07/13/2016 05:00:00 PM,45,37,8
07/01/2016 08:00:00 AM,36,2,34
07/14/2016 03:00:00 PM,19,13,6
07/01/2016 01:00:00 PM,15,8,7
07/27/2016 03:00:00 AM,0,0,0
07/17/2016 06:00:00 AM,2,0,2
07/03/2016 02:00:00 PM,12,6,6
07/29/2016 06:00:00 PM,24,23,1
07/02/2016 07:00:00 PM,4,2,2
07/23/2016 05:00:00 AM,3,0,3
07/11/2016 06:00:00 AM,17,0,17
07/31/2016 10:00:00 PM,0,0,0
07/21/2016 02:00:00 PM,16,4,12
07/31/2016 07:00:00 PM,7,6,1
07/01/2016 10:00:00 AM,20,3,17
07/16/2016 09:00:00 PM,3,3,0
07/15/2016 01:00:00 AM,0,0,0
07/05/2016 11:00:00 PM,3,3,0
07/02/2016 08:00:00 AM,4,2,2
07/06/2016 12:00:00 AM,1,1,0
07/29/2016 09:00:00 AM,24,4,20
07/16/2016 12:00:00 AM,0,0,0
07/07/2016 10:00:00 PM,8,5,3
07/02/2016 03:00:00 PM,20,12,8
07/18/2016 05:00:00 PM,29,26,3
07/14/2016 02:00:00 PM,6,3,3
07/26/2016 03:00:00 PM,22,17,5
07/18/2016 04:00:00 PM,37,31,6
07/17/2016 06:00:00 PM,17,8,9
07/19/2016 06:00:00 AM,16,2,14
07/12/2016 11:00:00 PM,2,2,0
07/12/2016 09:00:00 AM,25,9,16
07/29/2016 08:00:00 AM,33,2,31
07/22/2016 07:00:00 PM,11,4,7
07/17/2016 04:00:00 AM,0,0,0
07/12/2016 01:00:00 AM,1,1,0
07/26/2016 02:00:00 PM,20,7,13
07/26/2016 07:00:00 PM,22,12,10
07/31/2016 04:00:00 PM,24,15,9
07/17/2016 04:00:00 PM,29,19,10
07/30/2016 11:00:00 AM,18,7,11
07/23/2016 11:00:00 AM,12,6,6
07/28/2016 12:00:00 PM,16,2,14
07/14/2016 10:00:00 PM,2,2,0
07/21/2016 11:00:00 AM,10,4,6
07/15/2016 07:00:00 AM,23,4,19
07/21/2016 07:00:00 AM,29,4,25
08/26/2016 06:00:00 AM,9,0,9
08/11/2016 10:00:00 PM,2,1,1
08/21/2016 03:00:00 AM,0,0,0
08/28/2016 05:00:00 AM,0,0,0
08/20/2016 12:00:00 PM,18,5,13
08/19/2016 02:00:00 PM,6,5,1
08/15/2016 08:00:00 PM,8,5,3
08/30/2016 06:00:00 AM,19,1,18
08/08/2016 01:00:00 PM,8,2,6
08/11/2016 08:00:00 AM,36,4,32
08/01/2016 02:00:00 PM,7,2,5
08/03/2016 10:00:00 AM,24,13,11
08/24/2016 06:00:00 AM,12,2,10
08/26/2016 08:00:00 PM,2,2,0
08/10/2016 09:00:00 AM,27,2,25
08/19/2016 07:00:00 AM,24,6,18
08/14/2016 02:00:00 PM,31,17,14
08/19/2016 06:00:00 AM,5,0,5
08/18/2016 01:00:00 AM,0,0,0
08/28/2016 02:00:00 PM,19,14,5
08/08/2016 09:00:00 AM,19,0,19
08/10/2016 03:00:00 PM,14,10,4
08/29/2016 02:00:00 PM,15,9,6
08/07/2016 10:00:00 PM,7,3,4
08/01/2016 03:00:00 PM,17,8,9
08/09/2016 04:00:00 AM,0,0,0
08/24/2016 08:00:00 PM,13,11,2
08/22/2016 08:00:00 PM,8,6,2
08/25/2016 01:00:00 AM,0,0,0
08/04/2016 11:00:00 AM,13,8,5
08/13/2016 12:00:00 AM,0,0,0
08/07/2016 04:00:00 PM,17,7,10
08/11/2016 05:00:00 AM,4,0,4
08/30/2016 12:00:00 PM,9,6,3
08/05/2016 08:00:00 AM,29,3,26
08/24/2016 06:00:00 PM,38,32,6
08/19/2016 04:00:00 AM,0,0,0
08/05/2016 01:00:00 PM,1,0,1
08/17/2016 08:00:00 PM,15,9,6
08/05/2016 10:00:00 AM,9,5,4
08/31/2016 12:00:00 AM,0,0,0
08/06/2016 09:00:00 AM,16,6,10
08/01/2016 12:00:00 AM,0,0,0
08/25/2016 11:00:00 AM,16,11,5
08/30/2016 07:00:00 PM,26,20,6
08/15/2016 05:00:00 AM,7,0,7
08/22/2016 02:00:00 PM,12,5,7
08/03/2016 07:00:00 PM,21,15,6
08/02/2016 07:00:00 PM,12,7,5
08/06/2016 09:00:00 PM,2,2,0
08/12/2016 02:00:00 PM,17,12,5
08/27/2016 01:00:00 AM,2,1,1
08/15/2016 01:00:00 AM,0,0,0
08/15/2016 04:00:00 PM,23,18,5
08/05/2016 11:00:00 AM,5,1,4
08/20/2016 08:00:00 AM,5,1,4
08/21/2016 09:00:00 PM,6,3,3
08/20/2016 07:00:00 PM,4,0,4
08/13/2016 03:00:00 PM,7,7,0
08/10/2016 11:00:00 PM,0,0,0
08/22/2016 07:00:00 PM,22,17,5
08/10/2016 07:00:00 PM,20,16,4
08/07/2016 12:00:00 PM,15,3,12
08/16/2016 06:00:00 AM,14,3,11
08/13/2016 08:00:00 PM,11,7,4
08/09/2016 07:00:00 AM,32,3,29
08/13/2016 05:00:00 AM,2,0,2
08/22/2016 03:00:00 AM,10,5,5
08/03/2016 12:00:00 PM,12,4,8
08/22/2016 01:00:00 AM,0,0,0
08/26/2016 12:00:00 AM,0,0,0
08/16/2016 02:00:00 AM,0,0,0
08/18/2016 07:00:00 PM,14,10,4
08/04/2016 02:00:00 AM,0,0,0
08/15/2016 02:00:00 PM,11,4,7
08/04/2016 05:00:00 PM,46,35,11
08/10/2016 05:00:00 PM,43,33,10
08/05/2016 07:00:00 AM,19,2,17
08/11/2016 08:00:00 PM,10,8,2
08/14/2016 12:00:00 AM,4,1,3
08/13/2016 09:00:00 AM,6,1,5
08/09/2016 05:00:00 PM,36,27,9
08/22/2016 09:00:00 AM,21,1,20
08/08/2016 07:00:00 PM,18,17,1
08/05/2016 12:00:00 PM,12,2,10
08/27/2016 08:00:00 AM,7,0,7
08/24/2016 09:00:00 PM,12,12,0
08/11/2016 07:00:00 PM,16,15,1
08/27/2016 10:00:00 AM,15,4,11
08/01/2016 06:00:00 AM,12,0,12
08/12/2016 03:00:00 PM,10,8,2
08/24/2016 05:00:00 AM,4,0,4
08/26/2016 05:00:00 AM,1,0,1
08/22/2016 11:00:00 PM,0,0,0
08/17/2016 01:00:00 PM,10,7,3
08/06/2016 03:00:00 PM,19,12,7
08/28/2016 05:00:00 PM,7,6,1
08/10/2016 11:00:00 AM,7,3,4
08/06/2016 08:00:00 PM,3,3,0
08/09/2016 02:00:00 AM,0,0,0
08/20/2016 06:00:00 AM,8,1,7
08/06/2016 03:00:00 AM,0,0,0
08/13/2016 01:00:00 AM,0,0,0
08/17/2016 03:00:00 PM,15,8,7
08/14/2016 01:00:00 PM,15,4,11
08/07/2016 06:00:00 PM,13,5,8
08/26/2016 05:00:00 PM,49,34,15
08/29/2016 09:00:00 PM,7,5,2
08/25/2016 05:00:00 PM,28,23,5
08/22/2016 12:00:00 AM,0,0,0
08/21/2016 09:00:00 AM,12,7,5
08/23/2016 05:00:00 PM,56,48,8
08/30/2016 10:00:00 PM,3,2,1
08/30/2016 02:00:00 AM,0,0,0
08/05/2016 07:00:00 PM,17,10,7
08/27/2016 04:00:00 PM,17,7,10
08/20/2016 10:00:00 PM,5,1,4
08/30/2016 09:00:00 AM,20,3,17
08/23/2016 05:00:00 AM,2,1,1
08/22/2016 04:00:00 AM,0,0,0
08/06/2016 05:00:00 PM,7,7,0
08/26/2016 01:00:00 PM,10,6,4
08/11/2016 10:00:00 AM,18,1,17
08/21/2016 04:00:00 AM,0,0,0
08/05/2016 04:00:00 AM,0,0,0
08/19/2016 03:00:00 AM,0,0,0
08/12/2016 11:00:00 PM,2,2,0
08/03/2016 06:00:00 AM,12,0,12
08/09/2016 06:00:00 AM,18,2,16
08/12/2016 10:00:00 PM,7,5,2
08/20/2016 01:00:00 AM,2,0,2
08/30/2016 11:00:00 PM,1,1,0
08/13/2016 11:00:00 PM,0,0,0
08/05/2016 09:00:00 PM,2,0,2
08/17/2016 04:00:00 AM,0,0,0
08/15/2016 09:00:00 PM,5,2,3
08/16/2016 10:00:00 PM,1,1,0
08/03/2016 06:00:00 PM,41,30,11
08/14/2016 07:00:00 PM,16,13,3
08/23/2016 04:00:00 PM,25,16,9
08/15/2016 02:00:00 AM,0,0,0
08/02/2016 06:00:00 PM,22,20,2
08/14/2016 03:00:00 AM,0,0,0
08/07/2016 09:00:00 AM,4,2,2
08/28/2016 11:00:00 PM,4,2,2
08/07/2016 08:00:00 AM,3,2,1
08/29/2016 03:00:00 AM,0,0,0
08/18/2016 08:00:00 AM,27,3,24
08/14/2016 08:00:00 AM,9,2,7
08/25/2016 06:00:00 AM,13,0,13
08/06/2016 06:00:00 PM,5,3,2
08/10/2016 12:00:00 AM,3,2,1
08/08/2016 08:00:00 PM,15,7,8
08/23/2016 08:00:00 AM,36,2,34
08/26/2016 09:00:00 PM,10,6,4
08/07/2016 03:00:00 AM,0,0,0
08/17/2016 04:00:00 PM,24,22,2
08/22/2016 06:00:00 AM,17,1,16
08/24/2016 02:00:00 AM,0,0,0
08/22/2016 05:00:00 PM,52,43,9
08/02/2016 08:00:00 AM,22,2,20
08/31/2016 07:00:00 PM,18,12,6
08/04/2016 11:00:00 PM,2,2,0
08/02/2016 01:00:00 AM,0,0,0
08/28/2016 12:00:00 AM,1,1,0
08/02/2016 10:00:00 AM,19,2,17
08/12/2016 09:00:00 AM,31,10,21
08/04/2016 09:00:00 AM,22,3,19
08/06/2016 11:00:00 PM,2,0,2
08/23/2016 07:00:00 PM,15,12,3
08/04/2016 06:00:00 PM,41,33,8
08/20/2016 09:00:00 AM,9,1,8
08/16/2016 05:00:00 AM,5,1,4
08/28/2016 10:00:00 AM,24,11,13
08/25/2016 03:00:00 PM,18,11,7
08/26/2016 09:00:00 AM,14,4,10
08/23/2016 11:00:00 PM,1,1,0
08/27/2016 01:00:00 PM,16,9,7
08/07/2016 08:00:00 PM,3,3,0
08/22/2016 06:00:00 PM,27,19,8
08/13/2016 04:00:00 AM,0,0,0
08/24/2016 03:00:00 PM,12,8,4
08/03/2016 01:00:00 AM,0,0,0
08/23/2016 08:00:00 PM,7,6,1
08/30/2016 05:00:00 PM,47,40,7
08/30/2016 04:00:00 AM,0,0,0
08/24/2016 01:00:00 PM,7,6,1
08/15/2016 11:00:00 AM,11,3,8
08/31/2016 10:00:00 PM,2,0,2
08/11/2016 04:00:00 PM,24,20,4
08/18/2016 08:00:00 PM,9,7,2
08/15/2016 01:00:00 PM,12,5,7
08/08/2016 03:00:00 AM,0,0,0
08/06/2016 05:00:00 AM,1,0,1
08/03/2016 12:00:00 AM,1,1,0
08/24/2016 03:00:00 AM,0,0,0
08/11/2016 02:00:00 AM,0,0,0
08/29/2016 12:00:00 AM,0,0,0
08/18/2016 11:00:00 PM,0,0,0
08/22/2016 05:00:00 AM,1,0,1
08/05/2016 12:00:00 AM,1,1,0
08/09/2016 04:00:00 PM,24,17,7
08/01/2016 02:00:00 AM,0,0,0
08/06/2016 12:00:00 AM,2,0,2
08/08/2016 01:00:00 AM,1,1,0
08/15/2016 06:00:00 AM,12,1,11
08/27/2016 10:00:00 PM,3,2,1
08/30/2016 06:00:00 PM,38,27,11
08/09/2016 11:00:00 PM,2,1,1
08/29/2016 01:00:00 AM,1,1,0
08/31/2016 09:00:00 PM,7,7,0
08/10/2016 05:00:00 AM,5,0,5
08/15/2016 04:00:00 AM,0,0,0
08/28/2016 03:00:00 PM,32,18,14
08/14/2016 06:00:00 AM,2,0,2
08/05/2016 03:00:00 AM,2,2,0
08/27/2016 07:00:00 AM,5,1,4
08/26/2016 07:00:00 AM,15,0,15
08/11/2016 11:00:00 PM,0,0,0
08/04/2016 07:00:00 AM,32,5,27
08/31/2016 08:00:00 AM,43,4,39
08/30/2016 12:00:00 AM,2,2,0
08/31/2016 07:00:00 AM,35,5,30
08/02/2016 02:00:00 AM,0,0,0
08/25/2016 09:00:00 AM,32,11,21
08/03/2016 04:00:00 PM,17,14,3
08/23/2016 12:00:00 PM,18,10,8
08/29/2016 01:00:00 PM,8,3,5
08/18/2016 01:00:00 PM,14,7,7
08/13/2016 02:00:00 AM,2,1,1
08/26/2016 08:00:00 AM,30,1,29
08/29/2016 08:00:00 PM,15,3,12
08/23/2016 07:00:00 AM,45,2,43
08/27/2016 12:00:00 PM,10,1,9
08/13/2016 06:00:00 PM,6,2,4
08/23/2016 06:00:00 PM,26,22,4
08/20/2016 03:00:00 AM,0,0,0
08/02/2016 09:00:00 PM,4,4,0
08/02/2016 03:00:00 PM,13,9,4
08/29/2016 06:00:00 PM,42,38,4
08/18/2016 10:00:00 AM,17,3,14
08/02/2016 05:00:00 AM,0,0,0
08/09/2016 09:00:00 PM,8,6,2
08/21/2016 08:00:00 AM,8,3,5
08/02/2016 03:00:00 AM,0,0,0
08/16/2016 03:00:00 AM,1,1,0
08/01/2016 05:00:00 AM,4,0,4
08/27/2016 02:00:00 PM,15,10,5
08/10/2016 10:00:00 AM,26,6,20
08/06/2016 08:00:00 AM,4,2,2
08/31/2016 06:00:00 AM,20,0,20
08/28/2016 03:00:00 AM,0,0,0
08/01/2016 04:00:00 AM,0,0,0
08/31/2016 01:00:00 PM,11,5,6
08/23/2016 09:00:00 AM,23,2,21
08/25/2016 09:00:00 PM,8,2,6
08/04/2016 04:00:00 AM,0,0,0
08/26/2016 01:00:00 AM,0,0,0
08/23/2016 10:00:00 AM,22,4,18
08/16/2016 11:00:00 AM,8,4,4
08/16/2016 12:00:00 AM,1,1,0
08/02/2016 11:00:00 PM,1,1,0
08/07/2016 11:00:00 AM,15,7,8
08/18/2016 03:00:00 AM,0,0,0
08/15/2016 12:00:00 PM,18,9,9
08/03/2016 03:00:00 PM,28,17,11
08/03/2016 02:00:00 AM,0,0,0
08/26/2016 04:00:00 PM,27,13,14
08/20/2016 01:00:00 PM,18,10,8
08/16/2016 03:00:00 PM,15,13,2
08/05/2016 01:00:00 AM,2,2,0
08/13/2016 09:00:00 PM,5,1,4
08/27/2016 04:00:00 AM,0,0,0
08/31/2016 09:00:00 AM,20,3,17
08/07/2016 07:00:00 PM,0,0,0
08/02/2016 10:00:00 PM,5,3,2
08/20/2016 09:00:00 PM,5,5,0
08/12/2016 12:00:00 AM,1,1,0
08/07/2016 01:00:00 AM,0,0,0
08/12/2016 11:00:00 AM,12,1,11
08/03/2016 04:00:00 AM,0,0,0
08/14/2016 05:00:00 AM,0,0,0
08/28/2016 07:00:00 PM,0,0,0
08/01/2016 10:00:00 AM,9,3,6
08/23/2016 02:00:00 PM,19,19,0
08/30/2016 09:00:00 PM,8,5,3
08/09/2016 01:00:00 PM,13,7,6
08/19/2016 08:00:00 AM,20,4,16
08/27/2016 05:00:00 AM,0,0,0
08/18/2016 04:00:00 PM,20,14,6
08/20/2016 06:00:00 PM,7,7,0
08/29/2016 10:00:00 PM,0,0,0
08/26/2016 11:00:00 AM,11,5,6
08/08/2016 09:00:00 PM,1,1,0
08/25/2016 11:00:00 PM,4,2,2
08/12/2016 06:00:00 PM,24,23,1
08/27/2016 05:00:00 PM,9,8,1
08/30/2016 07:00:00 AM,43,3,40
08/15/2016 09:00:00 AM,29,7,22
08/09/2016 03:00:00 AM,0,0,0
08/18/2016 03:00:00 PM,8,8,0
08/04/2016 10:00:00 AM,24,5,19
08/28/2016 08:00:00 AM,10,2,8
08/09/2016 01:00:00 AM,0,0,0
08/22/2016 10:00:00 AM,15,2,13
08/05/2016 04:00:00 PM,27,21,6
08/21/2016 12:00:00 AM,0,0,0
08/02/2016 07:00:00 AM,17,2,15
08/13/2016 04:00:00 PM,5,3,2
08/12/2016 02:00:00 AM,0,0,0
08/16/2016 02:00:00 PM,15,12,3
08/06/2016 10:00:00 PM,3,3,0
08/05/2016 10:00:00 PM,7,3,4
08/15/2016 07:00:00 AM,29,6,23
08/29/2016 12:00:00 PM,17,5,12
08/25/2016 06:00:00 PM,42,30,12
08/25/2016 04:00:00 AM,0,0,0
08/30/2016 03:00:00 AM,0,0,0
08/31/2016 05:00:00 AM,1,0,1
08/28/2016 09:00:00 AM,6,2,4
08/04/2016 03:00:00 PM,23,13,10
08/08/2016 05:00:00 PM,36,29,7
08/31/2016 04:00:00 PM,25,8,17
08/16/2016 09:00:00 AM,24,6,18
08/13/2016 11:00:00 AM,20,3,17
08/24/2016 08:00:00 AM,38,8,30
08/10/2016 02:00:00 PM,16,9,7
08/26/2016 12:00:00 PM,30,6,24
08/01/2016 11:00:00 AM,10,1,9
08/21/2016 10:00:00 PM,0,0,0
08/09/2016 12:00:00 AM,4,3,1
08/17/2016 05:00:00 AM,0,0,0
08/12/2016 10:00:00 AM,8,3,5
08/07/2016 11:00:00 PM,0,0,0
08/25/2016 10:00:00 PM,2,2,0
08/19/2016 11:00:00 AM,12,5,7
08/12/2016 03:00:00 AM,0,0,0
08/11/2016 01:00:00 PM,12,7,5
08/28/2016 06:00:00 PM,10,5,5
08/12/2016 05:00:00 AM,0,0,0
08/10/2016 04:00:00 AM,0,0,0
08/19/2016 02:00:00 AM,1,1,0
08/25/2016 07:00:00 AM,25,4,21
08/23/2016 01:00:00 AM,1,1,0
08/08/2016 11:00:00 AM,12,5,7
08/01/2016 11:00:00 PM,1,1,0
08/26/2016 10:00:00 PM,3,2,1
08/05/2016 03:00:00 PM,14,8,6
08/15/2016 07:00:00 PM,31,21,10
08/10/2016 08:00:00 AM,32,3,29
08/17/2016 01:00:00 AM,0,0,0
08/14/2016 11:00:00 PM,0,0,0
08/28/2016 09:00:00 PM,5,5,0
08/03/2016 11:00:00 PM,6,1,5
08/08/2016 06:00:00 PM,28,25,3
08/14/2016 07:00:00 AM,6,1,5
08/02/2016 08:00:00 PM,5,4,1
08/09/2016 03:00:00 PM,16,11,5
08/06/2016 01:00:00 AM,4,2,2
08/09/2016 08:00:00 AM,28,6,22
08/09/2016 08:00:00 PM,19,14,5
08/28/2016 11:00:00 AM,13,4,9
08/30/2016 11:00:00 AM,14,1,13
08/28/2016 01:00:00 AM,0,0,0
08/16/2016 04:00:00 PM,28,19,9
08/12/2016 09:00:00 PM,3,2,1
08/04/2016 03:00:00 AM,0,0,0
08/29/2016 05:00:00 PM,41,35,6
08/27/2016 11:00:00 AM,10,2,8
08/27/2016 06:00:00 AM,7,0,7
08/21/2016 06:00:00 AM,3,0,3
08/13/2016 12:00:00 PM,15,6,9
08/31/2016 11:00:00 PM,2,2,0
08/20/2016 05:00:00 AM,1,0,1
08/27/2016 03:00:00 PM,14,9,5
08/20/2016 04:00:00 PM,7,3,4
08/11/2016 02:00:00 PM,16,10,6
08/06/2016 10:00:00 AM,14,4,10
08/23/2016 12:00:00 AM,0,0,0
08/08/2016 08:00:00 AM,23,0,23
08/17/2016 05:00:00 PM,44,26,18
08/28/2016 06:00:00 AM,3,0,3
08/30/2016 05:00:00 AM,5,0,5
08/08/2016 07:00:00 AM,19,1,18
08/01/2016 09:00:00 AM,26,1,25
08/01/2016 10:00:00 PM,2,1,1
08/17/2016 08:00:00 AM,36,5,31
08/21/2016 12:00:00 PM,8,2,6
08/23/2016 10:00:00 PM,2,1,1
08/19/2016 10:00:00 PM,1,1,0
08/21/2016 05:00:00 AM,0,0,0
08/20/2016 02:00:00 PM,6,5,1
08/28/2016 04:00:00 AM,3,0,3
08/12/2016 08:00:00 PM,7,4,3
08/17/2016 02:00:00 PM,8,3,5
08/11/2016 03:00:00 AM,0,0,0
08/27/2016 06:00:00 PM,9,2,7
08/20/2016 12:00:00 AM,0,0,0
08/07/2016 02:00:00 AM,1,1,0
08/21/2016 11:00:00 PM,0,0,0
08/09/2016 02:00:00 PM,9,6,3
08/10/2016 02:00:00 AM,0,0,0
08/30/2016 08:00:00 PM,14,11,3
08/01/2016 07:00:00 PM,19,15,4
08/17/2016 09:00:00 AM,17,7,10
08/08/2016 10:00:00 PM,3,1,2
08/05/2016 05:00:00 AM,1,0,1
08/06/2016 07:00:00 AM,5,1,4
08/31/2016 11:00:00 AM,24,9,15
08/21/2016 02:00:00 PM,22,15,7
08/22/2016 01:00:00 PM,10,7,3
08/29/2016 07:00:00 AM,24,1,23
08/08/2016 12:00:00 PM,7,6,1
08/20/2016 03:00:00 PM,19,7,12
08/19/2016 03:00:00 PM,13,9,4
08/06/2016 02:00:00 AM,0,0,0
08/26/2016 11:00:00 PM,3,0,3
08/31/2016 02:00:00 AM,0,0,0
08/08/2016 02:00:00 PM,11,3,8
08/16/2016 12:00:00 PM,16,6,10
08/18/2016 02:00:00 PM,9,6,3
08/26/2016 03:00:00 AM,0,0,0
08/13/2016 10:00:00 PM,0,0,0
08/24/2016 04:00:00 AM,0,0,0
08/11/2016 11:00:00 AM,13,6,7
08/05/2016 06:00:00 AM,10,3,7
08/10/2016 08:00:00 PM,13,8,5
08/15/2016 12:00:00 AM,1,1,0
08/24/2016 12:00:00 AM,1,1,0
08/10/2016 06:00:00 AM,13,0,13
08/26/2016 02:00:00 AM,0,0,0
08/04/2016 04:00:00 PM,25,20,5
08/25/2016 10:00:00 AM,16,4,12
08/06/2016 04:00:00 PM,12,10,2
08/14/2016 10:00:00 AM,17,8,9
08/02/2016 01:00:00 PM,8,5,3
08/30/2016 01:00:00 PM,5,3,2
08/06/2016 07:00:00 PM,15,6,9
08/12/2016 07:00:00 AM,19,3,16
08/23/2016 11:00:00 AM,11,5,6
08/22/2016 09:00:00 PM,3,3,0
08/30/2016 08:00:00 AM,31,6,25
08/22/2016 12:00:00 PM,16,6,10
08/04/2016 12:00:00 PM,16,4,12
08/31/2016 02:00:00 PM,8,5,3
08/24/2016 11:00:00 AM,16,5,11
08/03/2016 08:00:00 PM,12,9,3
08/01/2016 01:00:00 PM,18,11,7
08/01/2016 05:00:00 PM,36,32,4
08/28/2016 07:00:00 AM,2,0,2
08/23/2016 03:00:00 AM,2,2,0
08/17/2016 10:00:00 AM,3,1,2
08/12/2016 04:00:00 PM,20,16,4
08/07/2016 12:00:00 AM,4,4,0
08/01/2016 08:00:00 AM,31,4,27
08/18/2016 09:00:00 PM,8,5,3
08/04/2016 01:00:00 PM,13,7,6
08/22/2016 08:00:00 AM,29,3,26
08/25/2016 08:00:00 PM,9,4,5
08/04/2016 01:00:00 AM,0,0,0
08/29/2016 02:00:00 AM,0,0,0
08/21/2016 04:00:00 PM,18,13,5
08/25/2016 05:00:00 AM,5,0,5
08/19/2016 05:00:00 AM,2,2,0
08/04/2016 07:00:00 PM,26,21,5
08/31/2016 03:00:00 PM,9,5,4
08/26/2016 02:00:00 PM,7,6,1
08/09/2016 06:00:00 PM,33,30,3
08/18/2016 12:00:00 PM,13,10,3
08/20/2016 07:00:00 AM,6,3,3
08/24/2016 10:00:00 PM,6,4,2
08/09/2016 09:00:00 AM,21,5,16
08/13/2016 02:00:00 PM,8,5,3
08/26/2016 03:00:00 PM,13,10,3
08/02/2016 12:00:00 PM,12,7,5
08/21/2016 02:00:00 AM,0,0,0
08/01/2016 07:00:00 AM,22,1,21
08/05/2016 09:00:00 AM,22,2,20
08/25/2016 12:00:00 PM,10,5,5
08/07/2016 09:00:00 PM,7,5,2
08/16/2016 08:00:00 PM,16,8,8
08/12/2016 04:00:00 AM,0,0,0
08/05/2016 06:00:00 PM,18,12,6
08/01/2016 06:00:00 PM,29,29,0
08/24/2016 09:00:00 AM,20,4,16
08/03/2016 01:00:00 PM,23,10,13
08/18/2016 07:00:00 AM,38,8,30
08/07/2016 07:00:00 AM,1,0,1
08/02/2016 05:00:00 PM,35,25,10
08/31/2016 01:00:00 AM,0,0,0
08/03/2016 07:00:00 AM,29,3,26
08/20/2016 11:00:00 PM,5,2,3
08/29/2016 11:00:00 AM,9,3,6
08/14/2016 09:00:00 PM,5,3,2
08/13/2016 06:00:00 AM,1,0,1
08/31/2016 06:00:00 PM,47,31,16
08/07/2016 03:00:00 PM,29,22,7
08/11/2016 05:00:00 PM,49,42,7
08/19/2016 01:00:00 AM,0,0,0
08/26/2016 06:00:00 PM,33,28,5
08/30/2016 03:00:00 PM,16,9,7
08/21/2016 01:00:00 AM,0,0,0
08/16/2016 07:00:00 AM,30,5,25
08/28/2016 01:00:00 PM,23,11,12
08/04/2016 05:00:00 AM,2,0,2
08/13/2016 01:00:00 PM,21,17,4
08/11/2016 09:00:00 AM,18,3,15
08/29/2016 06:00:00 AM,19,0,19
08/21/2016 08:00:00 PM,5,3,2
08/14/2016 01:00:00 AM,0,0,0
08/06/2016 01:00:00 PM,17,3,14
08/17/2016 12:00:00 PM,15,8,7
08/27/2016 09:00:00 AM,15,9,6
08/29/2016 03:00:00 PM,17,10,7
08/23/2016 09:00:00 PM,8,4,4
08/15/2016 08:00:00 AM,20,4,16
08/26/2016 04:00:00 AM,0,0,0
08/29/2016 04:00:00 PM,27,19,8
08/25/2016 12:00:00 AM,4,1,3
08/16/2016 05:00:00 PM,60,44,16
08/19/2016 12:00:00 AM,1,1,0
08/27/2016 11:00:00 PM,0,0,0
08/24/2016 01:00:00 AM,0,0,0
08/19/2016 01:00:00 PM,12,7,5
08/14/2016 06:00:00 PM,14,4,10
08/30/2016 01:00:00 AM,2,2,0
08/03/2016 11:00:00 AM,8,2,6
08/17/2016 03:00:00 AM,0,0,0
08/19/2016 09:00:00 PM,6,3,3
08/25/2016 02:00:00 PM,19,14,5
08/23/2016 01:00:00 PM,9,4,5
08/03/2016 02:00:00 PM,13,6,7
08/29/2016 08:00:00 AM,36,2,34
08/06/2016 04:00:00 AM,0,0,0
08/31/2016 04:00:00 AM,0,0,0
08/21/2016 07:00:00 AM,3,0,3
08/04/2016 08:00:00 AM,31,3,28
08/27/2016 08:00:00 PM,5,2,3
08/27/2016 12:00:00 AM,1,1,0
08/04/2016 09:00:00 PM,14,7,7
08/28/2016 02:00:00 AM,0,0,0
08/08/2016 02:00:00 AM,0,0,0
08/25/2016 08:00:00 AM,51,7,44
08/23/2016 04:00:00 AM,0,0,0
08/15/2016 10:00:00 AM,8,4,4
08/24/2016 10:00:00 AM,16,7,9
08/19/2016 06:00:00 PM,16,12,4
08/09/2016 10:00:00 PM,5,2,3
08/04/2016 08:00:00 PM,7,5,2
08/25/2016 04:00:00 PM,23,18,5
08/06/2016 06:00:00 AM,3,2,1
08/11/2016 07:00:00 AM,24,5,19
08/02/2016 11:00:00 AM,15,10,5
08/17/2016 06:00:00 PM,45,34,11
08/13/2016 05:00:00 PM,9,4,5
08/22/2016 10:00:00 PM,2,2,0
08/18/2016 02:00:00 AM,0,0,0
08/05/2016 02:00:00 PM,11,7,4
08/09/2016 05:00:00 AM,0,0,0
08/31/2016 10:00:00 AM,9,3,6
08/08/2016 10:00:00 AM,10,3,7
08/08/2016 11:00:00 PM,3,3,0
08/19/2016 07:00:00 PM,8,4,4
08/13/2016 10:00:00 AM,10,3,7
08/13/2016 07:00:00 AM,9,1,8
08/23/2016 03:00:00 PM,11,8,3
08/31/2016 05:00:00 PM,58,43,15
08/02/2016 06:00:00 AM,14,3,11
08/18/2016 06:00:00 PM,35,30,5
08/19/2016 04:00:00 PM,14,12,2
08/29/2016 04:00:00 AM,0,0,0
08/25/2016 03:00:00 AM,0,0,0
08/10/2016 07:00:00 AM,28,2,26
08/22/2016 04:00:00 PM,33,25,8
08/17/2016 11:00:00 AM,9,3,6
08/14/2016 04:00:00 AM,0,0,0
08/12/2016 01:00:00 AM,0,0,0
08/05/2016 08:00:00 PM,3,3,0
08/04/2016 02:00:00 PM,15,2,13
08/18/2016 10:00:00 PM,1,1,0
08/10/2016 06:00:00 PM,42,29,13
08/02/2016 04:00:00 AM,0,0,0
08/16/2016 06:00:00 PM,33,30,3
08/22/2016 03:00:00 PM,17,8,9
08/11/2016 09:00:00 PM,9,4,5
08/17/2016 12:00:00 AM,1,1,0
08/06/2016 02:00:00 PM,12,4,8
08/13/2016 08:00:00 AM,7,0,7
08/19/2016 12:00:00 PM,15,7,8
08/19/2016 08:00:00 PM,9,7,2
08/29/2016 05:00:00 AM,2,1,1
08/25/2016 07:00:00 PM,19,13,6
08/06/2016 12:00:00 PM,34,14,20
08/05/2016 11:00:00 PM,6,2,4
08/20/2016 04:00:00 AM,0,0,0
08/08/2016 04:00:00 AM,0,0,0
08/03/2016 10:00:00 PM,9,5,4
08/17/2016 02:00:00 AM,0,0,0
08/17/2016 06:00:00 AM,5,0,5
08/16/2016 09:00:00 PM,7,7,0
08/24/2016 11:00:00 PM,1,0,1
08/17/2016 07:00:00 AM,26,0,26
08/16/2016 04:00:00 AM,2,0,2
08/16/2016 07:00:00 PM,25,14,11
08/25/2016 02:00:00 AM,0,0,0
08/31/2016 12:00:00 PM,3,1,2
08/15/2016 10:00:00 PM,2,2,0
08/21/2016 11:00:00 AM,16,7,9
08/24/2016 07:00:00 AM,42,7,35
08/11/2016 03:00:00 PM,2,2,0
08/30/2016 10:00:00 AM,15,4,11
08/12/2016 12:00:00 PM,15,5,10
08/29/2016 10:00:00 AM,15,3,12
08/15/2016 11:00:00 PM,1,1,0
08/12/2016 07:00:00 PM,10,6,4
08/08/2016 03:00:00 PM,15,14,1
08/16/2016 10:00:00 AM,33,7,26
08/20/2016 05:00:00 PM,3,2,1
08/16/2016 11:00:00 PM,0,0,0
08/21/2016 05:00:00 PM,10,9,1
08/19/2016 09:00:00 AM,13,4,9
08/03/2016 08:00:00 AM,41,5,36
08/24/2016 04:00:00 PM,35,23,12
08/15/2016 03:00:00 PM,6,5,1
08/10/2016 09:00:00 PM,12,6,6
08/20/2016 11:00:00 AM,10,7,3
08/09/2016 12:00:00 PM,23,5,18
08/19/2016 05:00:00 PM,29,18,11
08/14/2016 04:00:00 PM,16,6,10
08/11/2016 12:00:00 PM,15,5,10
08/04/2016 06:00:00 AM,17,1,16
08/29/2016 11:00:00 PM,8,3,5
08/11/2016 06:00:00 AM,19,2,17
08/21/2016 03:00:00 PM,21,10,11
08/18/2016 06:00:00 AM,14,4,10
08/10/2016 01:00:00 PM,18,4,14
08/28/2016 08:00:00 PM,1,1,0
08/03/2016 09:00:00 AM,19,4,15
08/17/2016 11:00:00 PM,3,1,2
08/10/2016 12:00:00 PM,5,1,4
08/13/2016 07:00:00 PM,7,7,0
08/05/2016 02:00:00 AM,0,0,0
08/12/2016 01:00:00 PM,17,10,7
08/20/2016 02:00:00 AM,0,0,0
08/28/2016 12:00:00 PM,23,12,11
08/10/2016 03:00:00 AM,0,0,0
08/01/2016 12:00:00 PM,7,5,2
08/25/2016 01:00:00 PM,14,4,10
08/14/2016 02:00:00 AM,3,0,3
08/07/2016 02:00:00 PM,12,10,2
08/29/2016 09:00:00 AM,26,3,23
08/24/2016 05:00:00 PM,42,33,9
08/27/2016 02:00:00 AM,0,0,0
08/21/2016 06:00:00 PM,12,5,7
08/20/2016 08:00:00 PM,7,3,4
08/08/2016 04:00:00 PM,16,10,6
08/01/2016 08:00:00 PM,8,4,4
08/27/2016 07:00:00 PM,2,2,0
08/14/2016 12:00:00 PM,16,12,4
08/11/2016 04:00:00 AM,0,0,0
08/16/2016 08:00:00 AM,25,4,21
08/03/2016 05:00:00 AM,3,0,3
08/01/2016 01:00:00 AM,0,0,0
08/01/2016 03:00:00 AM,0,0,0
08/09/2016 10:00:00 AM,18,4,14
08/28/2016 04:00:00 PM,18,11,7
08/07/2016 01:00:00 PM,8,3,5
08/07/2016 10:00:00 AM,9,2,7
08/07/2016 04:00:00 AM,0,0,0
08/03/2016 05:00:00 PM,51,47,4
08/07/2016 06:00:00 AM,2,0,2
08/20/2016 10:00:00 AM,15,6,9
08/09/2016 07:00:00 PM,6,5,1
08/07/2016 05:00:00 AM,0,0,0
08/03/2016 09:00:00 PM,7,5,2
08/31/2016 08:00:00 PM,4,4,0
08/10/2016 10:00:00 PM,1,1,0
08/04/2016 10:00:00 PM,3,1,2
08/30/2016 04:00:00 PM,35,24,11
08/24/2016 07:00:00 PM,43,23,20
08/17/2016 07:00:00 PM,19,15,4
08/02/2016 09:00:00 AM,12,1,11
08/02/2016 02:00:00 PM,12,8,4
08/18/2016 12:00:00 AM,0,0,0
08/15/2016 03:00:00 AM,0,0,0
08/21/2016 07:00:00 PM,15,9,6
08/26/2016 07:00:00 PM,15,12,3
08/11/2016 01:00:00 AM,0,0,0
08/18/2016 04:00:00 AM,0,0,0
08/12/2016 08:00:00 AM,33,4,29
08/16/2016 01:00:00 AM,0,0,0
08/10/2016 01:00:00 AM,1,1,0
08/01/2016 04:00:00 PM,25,22,3
08/14/2016 03:00:00 PM,19,15,4
08/19/2016 10:00:00 AM,10,4,6
08/12/2016 05:00:00 PM,39,32,7
08/03/2016 03:00:00 AM,0,0,0
08/22/2016 07:00:00 AM,22,3,19
08/18/2016 05:00:00 AM,4,0,4
08/23/2016 02:00:00 AM,0,0,0
08/14/2016 10:00:00 PM,2,0,2
08/14/2016 09:00:00 AM,4,4,0
08/18/2016 11:00:00 AM,8,4,4
08/16/2016 01:00:00 PM,11,7,4
08/14/2016 05:00:00 PM,6,2,4
08/07/2016 05:00:00 PM,16,9,7
08/10/2016 04:00:00 PM,28,21,7
08/12/2016 06:00:00 AM,11,1,10
08/18/2016 05:00:00 PM,37,32,5
08/18/2016 09:00:00 AM,26,8,18
08/05/2016 05:00:00 PM,31,29,2
08/27/2016 09:00:00 PM,3,2,1
08/21/2016 10:00:00 AM,23,6,17
08/06/2016 11:00:00 AM,27,13,14
08/26/2016 10:00:00 AM,9,2,7
08/08/2016 12:00:00 AM,1,1,0
08/24/2016 02:00:00 PM,9,7,2
08/11/2016 12:00:00 AM,1,1,0
08/31/2016 03:00:00 AM,2,0,2
08/19/2016 11:00:00 PM,2,2,0
08/15/2016 06:00:00 PM,32,30,2
08/29/2016 07:00:00 PM,34,20,14
08/21/2016 01:00:00 PM,16,6,10
08/08/2016 06:00:00 AM,18,2,16
08/24/2016 12:00:00 PM,6,1,5
08/27/2016 03:00:00 AM,0,0,0
08/08/2016 05:00:00 AM,4,0,4
08/28/2016 10:00:00 PM,0,0,0
08/30/2016 02:00:00 PM,10,4,6
08/17/2016 09:00:00 PM,9,5,4
08/11/2016 06:00:00 PM,23,18,5
08/17/2016 10:00:00 PM,2,0,2
08/23/2016 06:00:00 AM,22,6,16
08/14/2016 08:00:00 PM,17,11,6
08/01/2016 09:00:00 PM,8,6,2
08/02/2016 12:00:00 AM,1,1,0
08/02/2016 04:00:00 PM,21,19,2
08/04/2016 12:00:00 AM,2,2,0
08/22/2016 11:00:00 AM,16,6,10
08/15/2016 05:00:00 PM,55,46,9
08/22/2016 02:00:00 AM,0,0,0
08/09/2016 11:00:00 AM,20,2,18
08/14/2016 11:00:00 AM,21,10,11
08/13/2016 03:00:00 AM,0,0,0
09/06/2016 02:00:00 PM,17,6,11
09/13/2016 09:00:00 AM,25,7,18
09/23/2016 06:00:00 AM,8,0,8
09/24/2016 09:00:00 AM,21,8,13
09/20/2016 06:00:00 PM,33,32,1
09/02/2016 02:00:00 PM,10,7,3
09/13/2016 05:00:00 AM,1,0,1
09/09/2016 01:00:00 PM,21,10,11
09/26/2016 03:00:00 PM,9,7,2
09/27/2016 08:00:00 PM,9,7,2
09/13/2016 07:00:00 PM,17,9,8
09/13/2016 06:00:00 AM,13,2,11
09/07/2016 04:00:00 AM,0,0,0
09/20/2016 08:00:00 AM,72,13,59
09/26/2016 10:00:00 AM,15,4,11
09/27/2016 10:00:00 AM,19,5,14
09/27/2016 02:00:00 PM,17,4,13
09/11/2016 03:00:00 PM,18,11,7
09/21/2016 09:00:00 AM,23,4,19
09/08/2016 10:00:00 AM,19,9,10
09/14/2016 03:00:00 PM,30,17,13
09/13/2016 08:00:00 PM,6,4,2
09/20/2016 01:00:00 AM,2,2,0
09/12/2016 08:00:00 PM,4,4,0
09/15/2016 07:00:00 AM,29,4,25
09/07/2016 10:00:00 AM,14,2,12
09/29/2016 02:00:00 PM,9,5,4
09/02/2016 01:00:00 AM,0,0,0
09/04/2016 01:00:00 AM,1,1,0
09/03/2016 12:00:00 PM,12,3,9
09/16/2016 11:00:00 PM,5,2,3
09/15/2016 10:00:00 PM,7,6,1
09/14/2016 12:00:00 AM,1,1,0
09/11/2016 08:00:00 AM,2,1,1
09/25/2016 06:00:00 PM,20,12,8
09/21/2016 07:00:00 AM,38,8,30
09/17/2016 10:00:00 AM,11,3,8
09/24/2016 12:00:00 AM,0,0,0
09/11/2016 05:00:00 PM,14,7,7
09/25/2016 01:00:00 PM,15,6,9
09/03/2016 04:00:00 AM,0,0,0
09/26/2016 09:00:00 AM,35,8,27
09/27/2016 06:00:00 PM,37,29,8
09/06/2016 01:00:00 AM,0,0,0
09/28/2016 01:00:00 PM,13,4,9
09/15/2016 05:00:00 PM,50,44,6
09/24/2016 02:00:00 PM,13,12,1
09/10/2016 02:00:00 PM,22,8,14
09/21/2016 10:00:00 PM,3,3,0
09/18/2016 11:00:00 AM,21,7,14
09/15/2016 04:00:00 AM,2,0,2
09/17/2016 02:00:00 PM,10,1,9
09/07/2016 05:00:00 PM,26,23,3
09/05/2016 03:00:00 AM,0,0,0
09/25/2016 07:00:00 AM,2,2,0
09/05/2016 10:00:00 AM,10,3,7
09/15/2016 06:00:00 PM,54,41,13
09/19/2016 08:00:00 PM,4,4,0
09/06/2016 03:00:00 PM,17,11,6
09/16/2016 12:00:00 AM,2,2,0
09/17/2016 04:00:00 AM,0,0,0
09/08/2016 08:00:00 AM,34,2,32
09/27/2016 04:00:00 PM,34,27,7
09/27/2016 11:00:00 AM,17,8,9
09/11/2016 12:00:00 PM,13,6,7
09/14/2016 04:00:00 PM,23,21,2
09/01/2016 07:00:00 PM,14,11,3
09/23/2016 05:00:00 PM,39,28,11
09/30/2016 09:00:00 AM,21,4,17
09/30/2016 03:00:00 AM,0,0,0
09/13/2016 11:00:00 PM,0,0,0
09/09/2016 08:00:00 PM,12,8,4
09/12/2016 05:00:00 PM,45,38,7
09/30/2016 08:00:00 PM,9,8,1
09/23/2016 08:00:00 AM,46,7,39
09/01/2016 04:00:00 AM,0,0,0
09/28/2016 05:00:00 PM,61,49,12
09/26/2016 04:00:00 PM,35,28,7
09/01/2016 06:00:00 AM,11,2,9
09/20/2016 01:00:00 PM,10,4,6
09/28/2016 04:00:00 AM,3,0,3
09/06/2016 04:00:00 AM,0,0,0
09/14/2016 04:00:00 AM,0,0,0
09/03/2016 05:00:00 AM,0,0,0
09/22/2016 02:00:00 PM,16,10,6
09/24/2016 06:00:00 PM,11,5,6
09/14/2016 08:00:00 PM,25,16,9
09/06/2016 07:00:00 AM,25,2,23
09/25/2016 02:00:00 AM,0,0,0
09/24/2016 03:00:00 PM,16,4,12
09/03/2016 10:00:00 AM,12,3,9
09/17/2016 08:00:00 AM,2,2,0
09/11/2016 08:00:00 PM,3,2,1
09/26/2016 10:00:00 PM,2,1,1
09/08/2016 06:00:00 PM,53,34,19
09/17/2016 10:00:00 PM,1,1,0
09/07/2016 11:00:00 PM,2,0,2
09/19/2016 05:00:00 PM,48,34,14
09/04/2016 02:00:00 AM,4,2,2
09/10/2016 05:00:00 AM,1,0,1
09/24/2016 12:00:00 PM,12,10,2
09/09/2016 09:00:00 PM,8,3,5
09/07/2016 08:00:00 PM,6,6,0
09/01/2016 10:00:00 AM,16,8,8
09/19/2016 07:00:00 PM,16,12,4
09/24/2016 05:00:00 AM,0,0,0
09/29/2016 06:00:00 PM,29,23,6
09/04/2016 12:00:00 AM,2,0,2
09/13/2016 08:00:00 AM,46,5,41
09/21/2016 05:00:00 PM,46,39,7
09/10/2016 01:00:00 AM,0,0,0
09/23/2016 04:00:00 PM,20,17,3
09/23/2016 09:00:00 PM,5,5,0
09/17/2016 08:00:00 PM,6,2,4
09/08/2016 07:00:00 PM,17,14,3
09/25/2016 12:00:00 PM,17,11,6
09/28/2016 05:00:00 AM,1,0,1
09/22/2016 08:00:00 PM,10,5,5
09/04/2016 11:00:00 PM,1,0,1
09/03/2016 10:00:00 PM,0,0,0
09/08/2016 11:00:00 PM,0,0,0
09/12/2016 01:00:00 PM,17,10,7
09/28/2016 02:00:00 PM,15,6,9
09/30/2016 12:00:00 AM,0,0,0
09/14/2016 10:00:00 AM,20,5,15
09/19/2016 04:00:00 AM,0,0,0
09/16/2016 02:00:00 PM,19,10,9
09/02/2016 01:00:00 PM,9,3,6
09/11/2016 04:00:00 PM,23,4,19
09/08/2016 01:00:00 AM,0,0,0
09/01/2016 07:00:00 AM,26,2,24
09/08/2016 02:00:00 PM,13,4,9
09/29/2016 06:00:00 AM,21,7,14
09/08/2016 05:00:00 PM,36,35,1
09/19/2016 09:00:00 AM,12,2,10
09/23/2016 11:00:00 AM,8,1,7
09/18/2016 09:00:00 PM,5,2,3
09/06/2016 08:00:00 PM,16,12,4
09/18/2016 08:00:00 AM,6,0,6
09/01/2016 02:00:00 AM,0,0,0
09/11/2016 09:00:00 AM,16,7,9
09/15/2016 03:00:00 AM,0,0,0
09/23/2016 09:00:00 AM,19,3,16
09/17/2016 06:00:00 AM,2,0,2
09/29/2016 01:00:00 AM,0,0,0
09/11/2016 07:00:00 AM,4,2,2
09/20/2016 06:00:00 AM,15,1,14
09/30/2016 04:00:00 PM,32,24,8
09/09/2016 04:00:00 PM,30,20,10
09/09/2016 12:00:00 AM,0,0,0
09/19/2016 01:00:00 PM,14,8,6
09/15/2016 09:00:00 PM,6,2,4
09/05/2016 09:00:00 PM,3,0,3
09/09/2016 05:00:00 AM,2,0,2
09/23/2016 05:00:00 AM,1,0,1
09/28/2016 10:00:00 PM,1,1,0
09/13/2016 04:00:00 PM,29,22,7
09/10/2016 03:00:00 PM,21,7,14
09/21/2016 10:00:00 AM,9,2,7
09/01/2016 10:00:00 PM,0,0,0
09/05/2016 04:00:00 PM,20,10,10
09/22/2016 05:00:00 PM,53,48,5
09/21/2016 06:00:00 PM,38,26,12
09/10/2016 02:00:00 AM,0,0,0
09/04/2016 05:00:00 AM,0,0,0
09/22/2016 11:00:00 AM,5,3,2
09/08/2016 03:00:00 AM,0,0,0
09/08/2016 12:00:00 AM,1,1,0
09/11/2016 10:00:00 PM,0,0,0
09/15/2016 03:00:00 PM,25,11,14
09/24/2016 04:00:00 PM,9,6,3
09/17/2016 12:00:00 PM,1,1,0
09/30/2016 08:00:00 AM,40,4,36
09/03/2016 09:00:00 PM,6,3,3
09/26/2016 02:00:00 PM,17,9,8
09/27/2016 07:00:00 PM,19,16,3
09/01/2016 11:00:00 AM,5,2,3
09/03/2016 01:00:00 AM,0,0,0
09/13/2016 01:00:00 AM,0,0,0
09/19/2016 06:00:00 AM,12,1,11
09/29/2016 04:00:00 PM,37,28,9
09/20/2016 08:00:00 PM,12,8,4
09/28/2016 07:00:00 PM,18,15,3
09/06/2016 12:00:00 AM,1,1,0
09/09/2016 11:00:00 AM,15,7,8
09/11/2016 06:00:00 PM,4,2,2
09/09/2016 05:00:00 PM,45,34,11
09/04/2016 11:00:00 AM,25,14,11
09/23/2016 10:00:00 AM,10,3,7
09/18/2016 02:00:00 PM,18,11,7
09/10/2016 08:00:00 PM,3,2,1
09/07/2016 06:00:00 PM,33,26,7
09/02/2016 11:00:00 AM,9,4,5
09/29/2016 11:00:00 AM,6,2,4
09/17/2016 11:00:00 AM,5,1,4
09/15/2016 01:00:00 AM,1,1,0
09/01/2016 03:00:00 PM,12,7,5
09/29/2016 08:00:00 PM,5,1,4
09/12/2016 12:00:00 PM,15,3,12
09/12/2016 06:00:00 PM,38,28,10
09/26/2016 01:00:00 AM,0,0,0
09/04/2016 06:00:00 AM,3,0,3
09/01/2016 12:00:00 AM,0,0,0
09/08/2016 05:00:00 AM,4,0,4
09/22/2016 07:00:00 AM,38,2,36
09/17/2016 05:00:00 PM,9,0,9
09/01/2016 03:00:00 AM,0,0,0
09/09/2016 08:00:00 AM,35,6,29
09/13/2016 12:00:00 AM,1,1,0
09/26/2016 07:00:00 AM,33,2,31
09/27/2016 12:00:00 PM,4,1,3
09/03/2016 04:00:00 PM,23,11,12
09/13/2016 07:00:00 AM,39,6,33
09/04/2016 10:00:00 PM,2,2,0
09/08/2016 08:00:00 PM,6,4,2
09/19/2016 10:00:00 AM,13,1,12
09/13/2016 06:00:00 PM,42,31,11
09/05/2016 07:00:00 AM,6,2,4
09/24/2016 04:00:00 AM,0,0,0
09/28/2016 06:00:00 AM,11,2,9
09/03/2016 11:00:00 PM,2,0,2
09/18/2016 05:00:00 AM,1,1,0
09/28/2016 11:00:00 PM,2,2,0
09/19/2016 06:00:00 PM,39,33,6
09/03/2016 03:00:00 AM,0,0,0
09/11/2016 05:00:00 AM,0,0,0
09/16/2016 01:00:00 PM,25,17,8
09/15/2016 02:00:00 AM,0,0,0
09/07/2016 11:00:00 AM,3,1,2
09/25/2016 04:00:00 AM,0,0,0
09/01/2016 01:00:00 AM,1,1,0
09/13/2016 03:00:00 PM,21,14,7
09/16/2016 03:00:00 PM,14,11,3
09/29/2016 01:00:00 PM,15,8,7
09/16/2016 06:00:00 AM,12,0,12
09/22/2016 01:00:00 PM,22,8,14
09/30/2016 07:00:00 AM,22,2,20
09/12/2016 05:00:00 AM,4,0,4
09/02/2016 04:00:00 PM,20,9,11
09/05/2016 10:00:00 PM,0,0,0
09/03/2016 03:00:00 PM,19,10,9
09/05/2016 06:00:00 PM,7,5,2
09/24/2016 08:00:00 AM,14,7,7
09/14/2016 11:00:00 AM,11,3,8
09/04/2016 02:00:00 PM,31,14,17
09/27/2016 02:00:00 AM,0,0,0
09/14/2016 02:00:00 AM,2,0,2
09/12/2016 07:00:00 AM,27,4,23
09/19/2016 10:00:00 PM,6,6,0
09/26/2016 04:00:00 AM,0,0,0
09/16/2016 01:00:00 AM,1,1,0
09/09/2016 07:00:00 PM,25,21,4
09/25/2016 07:00:00 PM,9,5,4
09/24/2016 02:00:00 AM,0,0,0
09/15/2016 11:00:00 AM,10,3,7
09/05/2016 03:00:00 PM,15,11,4
09/27/2016 03:00:00 PM,14,9,5
09/27/2016 01:00:00 PM,7,2,5
09/21/2016 01:00:00 AM,0,0,0
09/02/2016 04:00:00 AM,0,0,0
09/29/2016 12:00:00 PM,12,4,8
09/04/2016 07:00:00 PM,5,5,0
09/01/2016 11:00:00 PM,5,3,2
09/03/2016 08:00:00 PM,4,2,2
09/01/2016 04:00:00 PM,23,18,5
09/29/2016 03:00:00 AM,0,0,0
09/06/2016 10:00:00 PM,0,0,0
09/05/2016 02:00:00 PM,17,10,7
09/03/2016 11:00:00 AM,3,3,0
09/29/2016 12:00:00 AM,2,2,0
09/26/2016 12:00:00 AM,0,0,0
09/14/2016 09:00:00 AM,31,7,24
09/23/2016 08:00:00 PM,14,8,6
09/27/2016 05:00:00 AM,5,0,5
09/12/2016 07:00:00 PM,24,15,9
09/03/2016 02:00:00 AM,0,0,0
09/22/2016 08:00:00 AM,47,3,44
09/22/2016 09:00:00 AM,20,7,13
09/01/2016 01:00:00 PM,19,7,12
09/07/2016 09:00:00 PM,4,3,1
09/23/2016 01:00:00 PM,7,1,6
09/02/2016 08:00:00 AM,25,4,21
09/10/2016 09:00:00 PM,6,4,2
09/02/2016 10:00:00 AM,2,1,1
09/09/2016 06:00:00 AM,10,1,9
09/26/2016 06:00:00 AM,18,3,15
09/07/2016 07:00:00 AM,27,1,26
09/29/2016 09:00:00 AM,27,1,26
09/24/2016 08:00:00 PM,4,3,1
09/22/2016 10:00:00 AM,34,9,25
09/15/2016 08:00:00 AM,54,4,50
09/18/2016 10:00:00 AM,13,10,3
09/15/2016 10:00:00 AM,10,6,4
09/05/2016 04:00:00 AM,0,0,0
09/08/2016 10:00:00 PM,4,4,0
09/29/2016 10:00:00 PM,6,4,2
09/17/2016 09:00:00 AM,9,1,8
09/16/2016 08:00:00 AM,36,2,34
09/23/2016 11:00:00 PM,2,0,2
09/14/2016 07:00:00 PM,13,10,3
09/10/2016 07:00:00 PM,11,10,1
09/11/2016 09:00:00 PM,6,3,3
09/28/2016 08:00:00 AM,38,2,36
09/17/2016 04:00:00 PM,16,10,6
09/12/2016 03:00:00 AM,0,0,0
09/19/2016 08:00:00 AM,49,11,38
09/12/2016 04:00:00 PM,29,22,7
09/28/2016 04:00:00 PM,34,22,12
09/25/2016 05:00:00 PM,23,10,13
09/06/2016 10:00:00 AM,5,0,5
09/06/2016 02:00:00 AM,0,0,0
09/05/2016 12:00:00 AM,1,1,0
09/21/2016 11:00:00 AM,11,3,8
09/28/2016 09:00:00 AM,21,3,18
09/26/2016 03:00:00 AM,2,0,2
09/27/2016 09:00:00 AM,36,8,28
09/29/2016 03:00:00 PM,25,19,6
09/29/2016 02:00:00 AM,0,0,0
09/22/2016 06:00:00 AM,13,2,11
09/06/2016 04:00:00 PM,22,18,4
09/29/2016 11:00:00 PM,0,0,0
09/30/2016 05:00:00 PM,41,27,14
09/22/2016 03:00:00 PM,15,8,7
09/21/2016 03:00:00 PM,13,8,5
09/07/2016 12:00:00 AM,3,3,0
09/11/2016 01:00:00 PM,14,8,6
09/30/2016 02:00:00 PM,16,13,3
09/11/2016 11:00:00 PM,2,0,2
09/05/2016 05:00:00 PM,7,4,3
09/25/2016 10:00:00 AM,10,1,9
09/20/2016 12:00:00 AM,1,1,0
09/23/2016 03:00:00 PM,11,7,4
09/25/2016 03:00:00 PM,10,3,7
09/30/2016 01:00:00 PM,14,4,10
09/16/2016 11:00:00 AM,4,1,3
09/18/2016 01:00:00 AM,0,0,0
09/13/2016 03:00:00 AM,0,0,0
09/22/2016 12:00:00 PM,12,6,6
09/20/2016 12:00:00 PM,11,5,6
09/26/2016 08:00:00 AM,44,4,40
09/25/2016 04:00:00 PM,21,9,12
09/24/2016 01:00:00 PM,15,8,7
09/15/2016 07:00:00 PM,18,11,7
09/14/2016 09:00:00 PM,4,2,2
09/02/2016 03:00:00 AM,0,0,0
09/05/2016 05:00:00 AM,0,0,0
09/24/2016 07:00:00 AM,9,6,3
09/14/2016 02:00:00 PM,18,6,12
09/17/2016 12:00:00 AM,2,2,0
09/10/2016 09:00:00 AM,12,6,6
09/05/2016 06:00:00 AM,1,0,1
09/18/2016 03:00:00 AM,0,0,0
09/09/2016 06:00:00 PM,39,24,15
09/04/2016 03:00:00 PM,28,15,13
09/20/2016 02:00:00 AM,0,0,0
09/20/2016 07:00:00 PM,19,14,5
09/25/2016 05:00:00 AM,0,0,0
09/19/2016 03:00:00 PM,21,12,9
09/05/2016 12:00:00 PM,14,4,10
09/19/2016 11:00:00 PM,6,4,2
09/19/2016 12:00:00 AM,0,0,0
09/07/2016 05:00:00 AM,3,0,3
09/22/2016 04:00:00 PM,34,29,5
09/21/2016 01:00:00 PM,12,6,6
09/27/2016 08:00:00 AM,43,3,40
09/28/2016 08:00:00 PM,4,4,0
09/10/2016 03:00:00 AM,0,0,0
09/14/2016 08:00:00 AM,54,5,49
09/11/2016 02:00:00 AM,0,0,0
09/28/2016 12:00:00 PM,7,3,4
09/12/2016 10:00:00 AM,13,8,5
09/29/2016 05:00:00 PM,52,43,9
09/16/2016 07:00:00 AM,28,8,20
09/15/2016 06:00:00 AM,11,0,11
09/25/2016 03:00:00 AM,0,0,0
09/16/2016 12:00:00 PM,6,5,1
09/05/2016 02:00:00 AM,0,0,0
09/16/2016 04:00:00 PM,26,21,5
09/03/2016 01:00:00 PM,14,8,6
09/15/2016 05:00:00 AM,1,0,1
09/15/2016 01:00:00 PM,23,10,13
09/19/2016 09:00:00 PM,5,2,3
09/11/2016 12:00:00 AM,3,1,2
09/10/2016 06:00:00 PM,23,16,7
09/04/2016 06:00:00 PM,16,10,6
09/21/2016 03:00:00 AM,0,0,0
09/04/2016 05:00:00 PM,15,6,9
09/16/2016 02:00:00 AM,1,1,0
09/09/2016 09:00:00 AM,16,6,10
09/14/2016 01:00:00 AM,0,0,0
09/27/2016 05:00:00 PM,58,50,8
09/09/2016 11:00:00 PM,4,2,2
09/28/2016 12:00:00 AM,2,2,0
09/18/2016 07:00:00 AM,1,1,0
09/06/2016 09:00:00 AM,35,9,26
09/03/2016 09:00:00 AM,2,0,2
09/28/2016 10:00:00 AM,15,7,8
09/23/2016 12:00:00 AM,0,0,0
09/04/2016 03:00:00 AM,0,0,0
09/20/2016 10:00:00 PM,2,2,0
09/07/2016 03:00:00 AM,0,0,0
09/12/2016 02:00:00 PM,8,5,3
09/12/2016 08:00:00 AM,49,2,47
09/22/2016 07:00:00 PM,17,12,5
09/03/2016 12:00:00 AM,0,0,0
09/19/2016 04:00:00 PM,15,8,7
09/16/2016 09:00:00 AM,18,1,17
09/02/2016 08:00:00 PM,11,5,6
09/25/2016 08:00:00 AM,9,4,5
09/21/2016 06:00:00 AM,12,1,11
09/12/2016 06:00:00 AM,7,1,6
09/02/2016 07:00:00 AM,23,2,21
09/30/2016 10:00:00 PM,9,8,1
09/28/2016 02:00:00 AM,0,0,0
09/25/2016 02:00:00 PM,14,6,8
09/26/2016 07:00:00 PM,10,8,2
09/13/2016 10:00:00 PM,5,5,0
09/10/2016 01:00:00 PM,45,8,37
09/02/2016 12:00:00 PM,8,2,6
09/08/2016 11:00:00 AM,12,1,11
09/19/2016 02:00:00 AM,0,0,0
09/16/2016 08:00:00 PM,7,7,0
09/02/2016 05:00:00 PM,35,32,3
09/21/2016 05:00:00 AM,5,2,3
09/16/2016 05:00:00 PM,38,28,10
09/07/2016 06:00:00 AM,16,2,14
09/22/2016 05:00:00 AM,1,0,1
09/21/2016 04:00:00 PM,22,14,8
09/10/2016 05:00:00 PM,24,16,8
09/10/2016 04:00:00 PM,22,9,13
09/05/2016 11:00:00 PM,2,0,2
09/19/2016 11:00:00 AM,3,1,2
09/21/2016 04:00:00 AM,0,0,0
09/20/2016 03:00:00 PM,11,8,3
09/22/2016 04:00:00 AM,0,0,0
09/02/2016 07:00:00 PM,6,4,2
09/02/2016 03:00:00 PM,14,7,7
09/20/2016 04:00:00 PM,36,28,8
09/29/2016 10:00:00 AM,12,1,11
09/10/2016 10:00:00 AM,24,11,13
09/24/2016 03:00:00 AM,0,0,0
09/18/2016 10:00:00 PM,2,2,0
09/27/2016 12:00:00 AM,1,1,0
09/07/2016 02:00:00 PM,14,9,5
09/20/2016 02:00:00 PM,3,2,1
09/05/2016 09:00:00 AM,11,4,7
09/08/2016 07:00:00 AM,31,4,27
09/26/2016 01:00:00 PM,7,2,5
09/15/2016 08:00:00 PM,4,4,0
09/18/2016 03:00:00 PM,16,10,6
09/18/2016 12:00:00 AM,0,0,0
09/08/2016 03:00:00 PM,16,8,8
09/02/2016 10:00:00 PM,6,4,2
09/18/2016 06:00:00 AM,2,0,2
09/23/2016 07:00:00 PM,14,9,5
09/25/2016 10:00:00 PM,0,0,0
09/16/2016 10:00:00 AM,5,1,4
09/24/2016 11:00:00 AM,16,2,14
09/04/2016 08:00:00 PM,8,4,4
09/17/2016 03:00:00 AM,0,0,0
09/27/2016 10:00:00 PM,5,1,4
09/14/2016 06:00:00 PM,49,37,12
09/01/2016 09:00:00 AM,19,1,18
09/18/2016 05:00:00 PM,29,7,22
09/14/2016 11:00:00 PM,7,3,4
09/26/2016 05:00:00 PM,65,56,9
09/24/2016 10:00:00 PM,0,0,0
09/24/2016 09:00:00 PM,3,2,1
09/08/2016 04:00:00 PM,39,28,11
09/01/2016 05:00:00 AM,4,0,4
09/03/2016 06:00:00 PM,12,4,8
09/28/2016 01:00:00 AM,0,0,0
09/26/2016 12:00:00 PM,10,1,9
09/12/2016 02:00:00 AM,0,0,0
09/03/2016 07:00:00 PM,13,6,7
09/12/2016 03:00:00 PM,14,9,5
09/14/2016 03:00:00 AM,0,0,0
09/30/2016 11:00:00 AM,10,4,6
09/12/2016 09:00:00 PM,3,1,2
09/06/2016 09:00:00 PM,3,3,0
09/28/2016 07:00:00 AM,39,3,36
09/18/2016 04:00:00 PM,16,11,5
09/07/2016 08:00:00 AM,39,0,39
09/20/2016 09:00:00 PM,7,3,4
09/17/2016 05:00:00 AM,0,0,0
09/03/2016 08:00:00 AM,6,3,3
09/15/2016 02:00:00 PM,13,10,3
09/06/2016 07:00:00 PM,12,6,6
09/06/2016 08:00:00 AM,18,2,16
09/05/2016 11:00:00 AM,20,6,14
09/29/2016 08:00:00 AM,40,3,37
09/21/2016 02:00:00 PM,12,10,2
09/12/2016 11:00:00 PM,2,2,0
09/21/2016 11:00:00 PM,0,0,0
09/27/2016 11:00:00 PM,1,1,0
09/08/2016 02:00:00 AM,0,0,0
09/21/2016 08:00:00 AM,41,7,34
09/10/2016 06:00:00 AM,4,1,3
09/21/2016 07:00:00 PM,15,13,2
09/08/2016 09:00:00 AM,13,3,10
09/06/2016 03:00:00 AM,0,0,0
09/05/2016 01:00:00 PM,23,11,12
09/14/2016 01:00:00 PM,8,6,2
09/21/2016 09:00:00 PM,6,6,0
09/18/2016 02:00:00 AM,1,0,1
09/11/2016 10:00:00 AM,4,4,0
09/16/2016 04:00:00 AM,0,0,0
09/02/2016 12:00:00 AM,0,0,0
09/27/2016 06:00:00 AM,14,1,13
09/27/2016 07:00:00 AM,47,3,44
09/09/2016 02:00:00 AM,0,0,0
09/16/2016 07:00:00 PM,7,5,2
09/10/2016 07:00:00 AM,6,2,4
09/11/2016 03:00:00 AM,0,0,0
09/08/2016 01:00:00 PM,16,11,5
09/27/2016 03:00:00 AM,0,0,0
09/01/2016 06:00:00 PM,34,28,6
09/12/2016 04:00:00 AM,0,0,0
09/10/2016 10:00:00 PM,4,2,2
09/10/2016 04:00:00 AM,0,0,0
09/18/2016 12:00:00 PM,13,8,5
09/09/2016 04:00:00 AM,2,0,2
09/06/2016 11:00:00 AM,18,7,11
09/25/2016 11:00:00 PM,4,4,0
09/06/2016 06:00:00 PM,22,16,6
09/30/2016 03:00:00 PM,21,11,10
09/22/2016 10:00:00 PM,6,4,2
09/26/2016 11:00:00 PM,2,2,0
09/18/2016 11:00:00 PM,0,0,0
09/07/2016 07:00:00 PM,17,13,4
09/20/2016 04:00:00 AM,0,0,0
09/04/2016 04:00:00 AM,0,0,0
09/27/2016 09:00:00 PM,7,4,3
09/22/2016 03:00:00 AM,0,0,0
09/25/2016 06:00:00 AM,5,0,5
09/01/2016 02:00:00 PM,16,8,8
09/26/2016 08:00:00 PM,9,6,3
09/13/2016 05:00:00 PM,45,39,6
09/19/2016 05:00:00 AM,1,0,1
09/29/2016 05:00:00 AM,1,0,1
09/28/2016 03:00:00 AM,0,0,0
09/10/2016 12:00:00 AM,0,0,0
09/22/2016 12:00:00 AM,0,0,0
09/21/2016 08:00:00 PM,5,5,0
09/18/2016 08:00:00 PM,2,1,1
09/07/2016 02:00:00 AM,0,0,0
09/11/2016 02:00:00 PM,14,7,7
09/01/2016 05:00:00 PM,40,33,7
09/14/2016 10:00:00 PM,4,4,0
09/25/2016 12:00:00 AM,0,0,0
09/25/2016 01:00:00 AM,0,0,0
09/13/2016 09:00:00 PM,0,0,0
09/17/2016 11:00:00 PM,1,1,0
09/25/2016 09:00:00 AM,6,0,6
09/06/2016 05:00:00 AM,0,0,0
09/17/2016 07:00:00 AM,0,0,0
09/28/2016 06:00:00 PM,33,26,7
09/21/2016 02:00:00 AM,0,0,0
09/22/2016 06:00:00 PM,40,29,11
09/28/2016 11:00:00 AM,22,6,16
09/09/2016 10:00:00 PM,2,2,0
09/02/2016 06:00:00 PM,13,11,2
09/20/2016 10:00:00 AM,11,3,8
09/11/2016 06:00:00 AM,3,0,3
09/10/2016 12:00:00 PM,17,9,8
09/18/2016 04:00:00 AM,0,0,0
09/07/2016 10:00:00 PM,3,1,2
09/22/2016 02:00:00 AM,0,0,0
09/27/2016 04:00:00 AM,0,0,0
09/17/2016 06:00:00 PM,5,3,2
09/28/2016 09:00:00 PM,4,3,1
09/02/2016 09:00:00 PM,6,2,4
09/25/2016 11:00:00 AM,15,9,6
09/26/2016 11:00:00 AM,8,3,5
09/03/2016 05:00:00 PM,15,5,10
09/23/2016 02:00:00 AM,0,0,0
09/01/2016 08:00:00 PM,11,9,2
09/09/2016 12:00:00 PM,7,3,4
09/19/2016 02:00:00 PM,9,5,4
09/12/2016 12:00:00 AM,0,0,0
09/06/2016 05:00:00 PM,39,32,7
09/04/2016 08:00:00 AM,6,3,3
09/24/2016 06:00:00 AM,2,0,2
09/03/2016 06:00:00 AM,2,0,2
09/28/2016 03:00:00 PM,9,6,3
09/07/2016 09:00:00 AM,23,4,19
09/09/2016 07:00:00 AM,24,0,24
09/15/2016 11:00:00 PM,0,0,0
09/11/2016 01:00:00 AM,0,0,0
09/13/2016 02:00:00 PM,15,7,8
09/15/2016 04:00:00 PM,22,17,5
09/18/2016 06:00:00 PM,17,7,10
09/04/2016 10:00:00 AM,13,0,13
09/14/2016 07:00:00 AM,40,1,39
09/30/2016 04:00:00 AM,0,0,0
09/30/2016 06:00:00 AM,14,2,12
09/26/2016 09:00:00 PM,4,4,0
09/01/2016 12:00:00 PM,10,2,8
09/18/2016 07:00:00 PM,11,7,4
09/24/2016 01:00:00 AM,2,2,0
09/14/2016 12:00:00 PM,10,6,4
09/08/2016 12:00:00 PM,16,4,12
09/19/2016 03:00:00 AM,0,0,0
09/09/2016 03:00:00 AM,0,0,0
09/03/2016 02:00:00 PM,21,8,13
09/04/2016 04:00:00 PM,18,10,8
09/22/2016 09:00:00 PM,9,5,4
09/08/2016 09:00:00 PM,11,7,4
09/07/2016 12:00:00 PM,4,2,2
09/18/2016 09:00:00 AM,6,1,5
09/29/2016 09:00:00 PM,7,4,3
09/17/2016 09:00:00 PM,1,1,0
09/10/2016 11:00:00 AM,12,5,7
09/09/2016 02:00:00 PM,13,8,5
09/24/2016 05:00:00 PM,18,6,12
09/24/2016 11:00:00 PM,3,1,2
09/29/2016 07:00:00 AM,42,3,39
09/12/2016 09:00:00 AM,29,2,27
09/21/2016 12:00:00 PM,9,4,5
09/07/2016 01:00:00 PM,3,2,1
09/25/2016 09:00:00 PM,4,1,3
09/08/2016 06:00:00 AM,15,0,15
09/20/2016 05:00:00 PM,52,40,12
09/26/2016 05:00:00 AM,0,0,0
09/17/2016 03:00:00 PM,9,3,6
09/26/2016 06:00:00 PM,54,42,12
09/06/2016 11:00:00 PM,2,0,2
09/23/2016 10:00:00 PM,2,2,0
09/05/2016 08:00:00 AM,11,2,9
09/30/2016 07:00:00 PM,21,13,8
09/30/2016 02:00:00 AM,3,0,3
09/22/2016 01:00:00 AM,0,0,0
09/13/2016 02:00:00 AM,0,0,0
09/04/2016 07:00:00 AM,2,1,1
09/23/2016 04:00:00 AM,0,0,0
09/16/2016 05:00:00 AM,3,1,2
09/10/2016 08:00:00 AM,4,1,3
09/08/2016 04:00:00 AM,0,0,0
09/12/2016 10:00:00 PM,1,0,1
09/02/2016 11:00:00 PM,1,1,0
09/02/2016 05:00:00 AM,2,0,2
09/30/2016 05:00:00 AM,6,0,6
09/15/2016 09:00:00 AM,23,2,21
09/17/2016 07:00:00 PM,5,3,2
09/06/2016 06:00:00 AM,8,1,7
09/19/2016 12:00:00 PM,5,1,4
09/13/2016 10:00:00 AM,10,4,6
09/06/2016 01:00:00 PM,15,3,12
09/23/2016 02:00:00 PM,14,8,6
09/20/2016 11:00:00 AM,12,6,6
09/22/2016 11:00:00 PM,0,0,0
09/02/2016 09:00:00 AM,10,1,9
09/30/2016 01:00:00 AM,0,0,0
09/30/2016 06:00:00 PM,29,20,9
09/29/2016 07:00:00 PM,19,17,2
09/07/2016 01:00:00 AM,0,0,0
09/05/2016 01:00:00 AM,0,0,0
09/03/2016 07:00:00 AM,5,0,5
09/23/2016 01:00:00 AM,0,0,0
09/13/2016 01:00:00 PM,9,8,1
09/16/2016 06:00:00 PM,23,20,3
09/04/2016 12:00:00 PM,8,1,7
09/07/2016 03:00:00 PM,13,9,4
09/12/2016 11:00:00 AM,9,2,7
09/04/2016 01:00:00 PM,19,10,9
09/24/2016 07:00:00 PM,13,10,3
09/09/2016 01:00:00 AM,0,0,0
09/15/2016 12:00:00 AM,1,1,0
09/20/2016 05:00:00 AM,3,0,3
09/14/2016 05:00:00 PM,52,39,13
09/14/2016 06:00:00 AM,11,0,11
09/11/2016 11:00:00 AM,10,2,8
09/24/2016 10:00:00 AM,9,7,2
09/18/2016 01:00:00 PM,16,7,9
09/15/2016 12:00:00 PM,6,3,3
09/11/2016 07:00:00 PM,3,1,2
09/16/2016 09:00:00 PM,1,1,0
09/19/2016 01:00:00 AM,0,0,0
09/17/2016 01:00:00 AM,0,0,0
09/09/2016 10:00:00 AM,13,4,9
09/23/2016 12:00:00 PM,16,8,8
09/04/2016 09:00:00 AM,5,4,1
09/11/2016 04:00:00 AM,0,0,0
09/20/2016 03:00:00 AM,0,0,0
09/23/2016 06:00:00 PM,31,23,8
09/27/2016 01:00:00 AM,0,0,0
09/10/2016 11:00:00 PM,4,1,3
09/13/2016 12:00:00 PM,14,7,7
09/20/2016 07:00:00 AM,32,3,29
09/23/2016 07:00:00 AM,24,1,23
09/21/2016 12:00:00 AM,1,1,0
09/16/2016 03:00:00 AM,3,0,3
09/14/2016 05:00:00 AM,2,0,2
09/09/2016 03:00:00 PM,27,17,10
09/04/2016 09:00:00 PM,2,1,1
09/01/2016 08:00:00 AM,30,6,24
09/17/2016 02:00:00 AM,0,0,0
09/30/2016 10:00:00 AM,20,3,17
09/20/2016 11:00:00 PM,3,3,0
09/12/2016 01:00:00 AM,0,0,0
09/07/2016 04:00:00 PM,29,20,9
09/16/2016 10:00:00 PM,6,6,0
09/17/2016 01:00:00 PM,9,3,6
09/30/2016 11:00:00 PM,3,3,0
09/19/2016 07:00:00 AM,28,3,25
09/13/2016 11:00:00 AM,6,2,4
09/20/2016 09:00:00 AM,20,1,19
09/02/2016 02:00:00 AM,0,0,0
09/25/2016 08:00:00 PM,8,0,8
09/30/2016 12:00:00 PM,14,7,7
09/23/2016 03:00:00 AM,0,0,0
09/06/2016 12:00:00 PM,18,7,11
09/26/2016 02:00:00 AM,0,0,0
09/05/2016 07:00:00 PM,6,4,2
09/13/2016 04:00:00 AM,0,0,0
09/30/2016 09:00:00 PM,8,8,0
09/29/2016 04:00:00 AM,0,0,0
09/05/2016 08:00:00 PM,11,3,8
09/01/2016 09:00:00 PM,5,0,5
09/02/2016 06:00:00 AM,7,0,7
10/08/2016 10:00:00 PM,1,1,0
10/22/2016 01:00:00 PM,4,2,2
10/01/2016 01:00:00 AM,0,0,0
10/28/2016 10:00:00 AM,4,2,2
10/18/2016 06:00:00 PM,17,17,0
10/22/2016 11:00:00 PM,1,1,0
10/12/2016 08:00:00 AM,20,0,20
10/26/2016 09:00:00 PM,2,2,0
10/27/2016 05:00:00 AM,3,0,3
10/08/2016 06:00:00 AM,1,0,1
10/21/2016 10:00:00 PM,1,1,0
10/07/2016 01:00:00 AM,0,0,0
10/06/2016 04:00:00 PM,14,13,1
10/31/2016 03:00:00 AM,0,0,0
10/29/2016 05:00:00 PM,7,5,2
10/02/2016 07:00:00 PM,7,3,4
10/16/2016 08:00:00 PM,0,0,0
10/02/2016 08:00:00 AM,7,4,3
10/10/2016 12:00:00 AM,2,1,1
10/18/2016 04:00:00 AM,0,0,0
10/12/2016 12:00:00 AM,1,1,0
10/03/2016 07:00:00 AM,42,4,38
10/19/2016 05:00:00 AM,2,0,2
10/03/2016 06:00:00 AM,10,0,10
10/08/2016 02:00:00 PM,2,1,1
10/14/2016 01:00:00 PM,5,4,1
10/21/2016 10:00:00 AM,9,2,7
10/08/2016 09:00:00 AM,3,1,2
10/18/2016 04:00:00 PM,19,18,1
10/13/2016 01:00:00 AM,0,0,0
10/12/2016 03:00:00 PM,5,2,3
10/09/2016 07:00:00 AM,1,0,1
10/28/2016 05:00:00 AM,1,0,1
10/21/2016 01:00:00 AM,0,0,0
10/03/2016 05:00:00 AM,0,0,0
10/08/2016 10:00:00 AM,3,2,1
10/14/2016 11:00:00 PM,0,0,0
10/19/2016 12:00:00 AM,1,1,0
10/03/2016 09:00:00 PM,2,2,0
10/03/2016 11:00:00 AM,3,0,3
10/04/2016 02:00:00 AM,0,0,0
10/24/2016 02:00:00 AM,0,0,0
10/19/2016 10:00:00 PM,0,0,0
10/02/2016 07:00:00 AM,6,3,3
10/17/2016 07:00:00 PM,7,5,2
10/27/2016 02:00:00 AM,0,0,0
10/12/2016 04:00:00 PM,17,17,0
10/09/2016 05:00:00 PM,3,1,2
10/06/2016 08:00:00 PM,4,4,0
10/25/2016 07:00:00 PM,6,6,0
10/13/2016 09:00:00 PM,1,1,0
10/09/2016 09:00:00 AM,6,2,4
10/29/2016 08:00:00 AM,1,1,0
10/21/2016 11:00:00 AM,4,2,2
10/04/2016 07:00:00 PM,9,9,0
10/13/2016 03:00:00 PM,3,2,1
10/31/2016 08:00:00 PM,4,3,1
10/27/2016 04:00:00 AM,0,0,0
10/21/2016 12:00:00 PM,7,2,5
10/30/2016 06:00:00 PM,1,1,0
10/24/2016 01:00:00 AM,0,0,0
10/31/2016 07:00:00 AM,11,0,11
10/05/2016 07:00:00 AM,18,0,18
10/29/2016 12:00:00 PM,1,1,0
10/13/2016 02:00:00 AM,0,0,0
10/11/2016 02:00:00 AM,0,0,0
10/10/2016 05:00:00 AM,0,0,0
10/31/2016 12:00:00 AM,1,1,0
10/16/2016 12:00:00 AM,1,1,0
10/10/2016 08:00:00 AM,26,1,25
10/31/2016 05:00:00 AM,1,0,1
10/22/2016 10:00:00 PM,1,1,0
10/28/2016 12:00:00 PM,5,2,3
10/05/2016 02:00:00 PM,6,4,2
10/19/2016 02:00:00 PM,6,5,1
10/12/2016 10:00:00 AM,5,0,5
10/21/2016 02:00:00 PM,7,5,2
10/23/2016 08:00:00 AM,1,0,1
10/03/2016 11:00:00 PM,1,1,0
10/31/2016 11:00:00 AM,1,0,1
10/29/2016 03:00:00 PM,4,2,2
10/15/2016 08:00:00 PM,1,1,0
10/02/2016 05:00:00 AM,0,0,0
10/03/2016 08:00:00 PM,4,4,0
10/06/2016 05:00:00 AM,1,0,1
10/20/2016 12:00:00 PM,1,0,1
10/13/2016 07:00:00 AM,9,0,9
10/30/2016 04:00:00 AM,0,0,0
10/15/2016 02:00:00 PM,0,0,0
10/20/2016 04:00:00 AM,0,0,0
10/29/2016 02:00:00 PM,5,3,2
10/24/2016 06:00:00 PM,15,15,0
10/23/2016 05:00:00 PM,1,0,1
10/26/2016 10:00:00 AM,4,0,4
10/24/2016 06:00:00 AM,13,0,13
10/02/2016 06:00:00 PM,17,8,9
10/16/2016 03:00:00 AM,0,0,0
10/06/2016 11:00:00 PM,0,0,0
10/22/2016 03:00:00 PM,8,6,2
10/12/2016 02:00:00 PM,10,10,0
10/17/2016 08:00:00 PM,1,1,0
10/28/2016 11:00:00 PM,1,0,1
10/20/2016 11:00:00 PM,0,0,0
10/24/2016 10:00:00 PM,2,2,0
10/06/2016 04:00:00 AM,0,0,0
10/17/2016 10:00:00 PM,7,6,1
10/08/2016 09:00:00 PM,1,1,0
10/08/2016 02:00:00 AM,0,0,0
10/23/2016 03:00:00 PM,9,8,1
10/11/2016 04:00:00 AM,0,0,0
10/30/2016 04:00:00 PM,2,1,1
10/05/2016 06:00:00 AM,10,1,9
10/30/2016 09:00:00 AM,1,0,1
10/13/2016 03:00:00 AM,0,0,0
10/02/2016 11:00:00 AM,24,4,20
10/27/2016 10:00:00 AM,4,1,3
10/04/2016 06:00:00 PM,18,17,1
10/19/2016 09:00:00 PM,2,2,0
10/18/2016 07:00:00 PM,8,8,0
10/26/2016 04:00:00 PM,7,7,0
10/11/2016 08:00:00 PM,3,3,0
10/28/2016 08:00:00 PM,3,3,0
10/23/2016 06:00:00 PM,3,3,0
10/31/2016 11:00:00 PM,0,0,0
10/22/2016 09:00:00 PM,0,0,0
10/23/2016 05:00:00 AM,0,0,0
10/07/2016 12:00:00 AM,0,0,0
10/16/2016 01:00:00 AM,0,0,0
10/10/2016 04:00:00 AM,0,0,0
10/22/2016 08:00:00 AM,2,2,0
10/25/2016 12:00:00 PM,4,0,4
10/26/2016 03:00:00 AM,0,0,0
10/25/2016 02:00:00 AM,0,0,0
10/24/2016 02:00:00 PM,7,5,2
10/29/2016 07:00:00 AM,3,1,2
10/11/2016 05:00:00 PM,41,40,1
10/13/2016 04:00:00 PM,7,7,0
10/08/2016 08:00:00 AM,3,0,3
10/22/2016 02:00:00 PM,8,4,4
10/31/2016 07:00:00 PM,5,5,0
10/24/2016 04:00:00 PM,12,12,0
10/14/2016 07:00:00 PM,4,1,3
10/25/2016 08:00:00 AM,16,0,16
10/17/2016 12:00:00 PM,5,2,3
10/12/2016 04:00:00 AM,0,0,0
10/08/2016 05:00:00 AM,1,0,1
10/03/2016 09:00:00 AM,34,7,27
10/02/2016 03:00:00 AM,0,0,0
10/31/2016 10:00:00 PM,1,1,0
10/29/2016 01:00:00 AM,0,0,0
10/22/2016 02:00:00 AM,0,0,0
10/28/2016 09:00:00 AM,9,1,8
10/14/2016 05:00:00 PM,6,6,0
10/09/2016 10:00:00 PM,1,1,0
10/07/2016 11:00:00 PM,2,2,0
10/01/2016 03:00:00 PM,8,5,3
10/16/2016 09:00:00 AM,0,0,0
10/11/2016 03:00:00 AM,0,0,0
10/24/2016 07:00:00 PM,9,9,0
10/30/2016 03:00:00 AM,0,0,0
10/25/2016 09:00:00 PM,1,1,0
10/11/2016 02:00:00 PM,10,5,5
10/06/2016 09:00:00 AM,10,0,10
10/02/2016 11:00:00 PM,1,1,0
10/28/2016 11:00:00 AM,4,0,4
10/04/2016 07:00:00 AM,17,0,17
10/07/2016 05:00:00 AM,0,0,0
10/30/2016 06:00:00 AM,0,0,0
10/01/2016 11:00:00 PM,2,2,0
10/21/2016 04:00:00 AM,0,0,0
10/11/2016 06:00:00 AM,14,0,14
10/11/2016 07:00:00 PM,16,15,1
10/15/2016 12:00:00 PM,1,1,0
10/28/2016 01:00:00 PM,8,6,2
10/31/2016 01:00:00 AM,0,0,0
10/25/2016 05:00:00 AM,2,0,2
10/29/2016 09:00:00 PM,0,0,0
10/24/2016 11:00:00 AM,2,1,1
10/10/2016 03:00:00 PM,6,4,2
10/23/2016 10:00:00 AM,5,1,4
10/06/2016 12:00:00 PM,4,2,2
10/05/2016 06:00:00 PM,20,18,2
10/26/2016 08:00:00 PM,4,3,1
10/30/2016 01:00:00 AM,0,0,0
10/10/2016 04:00:00 PM,17,14,3
10/28/2016 06:00:00 PM,14,14,0
10/30/2016 03:00:00 PM,2,1,1
10/17/2016 09:00:00 PM,1,1,0
10/18/2016 10:00:00 AM,7,2,5
10/06/2016 10:00:00 AM,7,1,6
10/03/2016 08:00:00 AM,37,2,35
10/01/2016 10:00:00 AM,12,7,5
10/14/2016 12:00:00 AM,0,0,0
10/23/2016 09:00:00 PM,3,3,0
10/12/2016 07:00:00 AM,15,0,15
10/20/2016 06:00:00 PM,19,17,2
10/31/2016 01:00:00 PM,7,4,3
10/26/2016 07:00:00 AM,7,0,7
10/19/2016 06:00:00 AM,12,0,12
10/19/2016 08:00:00 AM,26,1,25
10/04/2016 02:00:00 PM,3,3,0
10/25/2016 10:00:00 PM,0,0,0
10/09/2016 03:00:00 AM,0,0,0
10/13/2016 05:00:00 AM,0,0,0
10/29/2016 04:00:00 PM,6,4,2
10/29/2016 11:00:00 AM,3,2,1
10/26/2016 06:00:00 AM,5,0,5
10/02/2016 02:00:00 PM,29,15,14
10/04/2016 03:00:00 AM,0,0,0
10/26/2016 06:00:00 PM,15,14,1
10/09/2016 08:00:00 PM,1,1,0
10/15/2016 04:00:00 AM,0,0,0
10/25/2016 07:00:00 AM,18,0,18
10/05/2016 03:00:00 PM,7,4,3
10/26/2016 04:00:00 AM,0,0,0
10/09/2016 01:00:00 PM,8,5,3
10/27/2016 07:00:00 PM,8,8,0
10/13/2016 08:00:00 AM,15,0,15
10/15/2016 06:00:00 PM,1,1,0
10/10/2016 07:00:00 AM,10,1,9
10/26/2016 02:00:00 AM,0,0,0
10/12/2016 09:00:00 AM,19,0,19
10/24/2016 08:00:00 PM,4,3,1
10/07/2016 10:00:00 AM,5,1,4
10/05/2016 03:00:00 AM,0,0,0
10/03/2016 02:00:00 AM,0,0,0
10/16/2016 05:00:00 AM,0,0,0
10/13/2016 01:00:00 PM,1,0,1
10/14/2016 10:00:00 PM,1,1,0
10/06/2016 02:00:00 PM,3,2,1
10/06/2016 02:00:00 AM,0,0,0
10/20/2016 08:00:00 AM,14,0,14
10/01/2016 06:00:00 AM,0,0,0
10/05/2016 10:00:00 AM,5,0,5
10/13/2016 06:00:00 AM,5,0,5
10/22/2016 06:00:00 PM,4,4,0
10/17/2016 02:00:00 PM,4,2,2
10/19/2016 09:00:00 AM,13,2,11
10/21/2016 09:00:00 PM,0,0,0
10/02/2016 08:00:00 PM,0,0,0
10/02/2016 04:00:00 PM,22,10,12
10/08/2016 12:00:00 PM,2,1,1
10/02/2016 02:00:00 AM,0,0,0
10/21/2016 07:00:00 PM,6,6,0
10/04/2016 03:00:00 PM,5,5,0
10/19/2016 05:00:00 PM,40,39,1
10/19/2016 07:00:00 PM,5,4,1
10/18/2016 01:00:00 AM,0,0,0
10/17/2016 04:00:00 PM,13,10,3
10/30/2016 01:00:00 PM,7,3,4
10/02/2016 09:00:00 AM,13,4,9
10/27/2016 04:00:00 PM,12,11,1
10/04/2016 11:00:00 PM,0,0,0
10/25/2016 11:00:00 PM,0,0,0
10/31/2016 03:00:00 PM,9,8,1
10/13/2016 12:00:00 PM,2,0,2
10/16/2016 10:00:00 AM,1,1,0
10/05/2016 09:00:00 AM,18,0,18
10/22/2016 12:00:00 AM,0,0,0
10/10/2016 06:00:00 PM,23,23,0
10/31/2016 05:00:00 PM,25,23,2
10/15/2016 09:00:00 PM,0,0,0
10/17/2016 02:00:00 AM,0,0,0
10/31/2016 06:00:00 AM,8,0,8
10/11/2016 07:00:00 AM,20,1,19
10/03/2016 01:00:00 PM,4,3,1
10/28/2016 07:00:00 AM,10,0,10
10/17/2016 12:00:00 AM,1,1,0
10/16/2016 09:00:00 PM,0,0,0
10/14/2016 02:00:00 PM,2,1,1
10/11/2016 11:00:00 AM,1,0,1
10/05/2016 01:00:00 AM,1,1,0
10/20/2016 07:00:00 PM,6,6,0
10/15/2016 12:00:00 AM,0,0,0
10/02/2016 12:00:00 AM,0,0,0
10/10/2016 01:00:00 PM,9,5,4
10/01/2016 12:00:00 PM,18,10,8
10/12/2016 11:00:00 AM,9,3,6
10/22/2016 07:00:00 AM,1,0,1
10/20/2016 05:00:00 PM,20,17,3
10/09/2016 02:00:00 PM,7,4,3
10/01/2016 08:00:00 PM,5,1,4
10/16/2016 11:00:00 AM,2,0,2
10/07/2016 02:00:00 PM,5,1,4
10/14/2016 06:00:00 AM,2,0,2
10/07/2016 02:00:00 AM,0,0,0
10/28/2016 06:00:00 AM,6,0,6
10/29/2016 10:00:00 AM,2,0,2
10/06/2016 12:00:00 AM,1,1,0
10/17/2016 06:00:00 PM,18,18,0
10/16/2016 02:00:00 AM,0,0,0
10/19/2016 03:00:00 AM,0,0,0
10/11/2016 10:00:00 AM,8,0,8
10/10/2016 02:00:00 AM,0,0,0
10/16/2016 11:00:00 PM,0,0,0
10/19/2016 03:00:00 PM,11,11,0
10/09/2016 04:00:00 PM,8,6,2
10/19/2016 04:00:00 AM,0,0,0
10/07/2016 08:00:00 AM,11,1,10
10/26/2016 05:00:00 AM,3,0,3
10/24/2016 09:00:00 PM,4,4,0
10/16/2016 04:00:00 AM,0,0,0
10/01/2016 07:00:00 AM,2,2,0
10/17/2016 05:00:00 PM,19,18,1
10/26/2016 10:00:00 PM,2,2,0
10/02/2016 06:00:00 AM,1,0,1
10/09/2016 03:00:00 PM,5,4,1
10/11/2016 01:00:00 PM,7,4,3
10/06/2016 01:00:00 PM,6,4,2
10/22/2016 11:00:00 AM,5,2,3
10/06/2016 10:00:00 PM,1,1,0
10/04/2016 12:00:00 AM,1,1,0
10/21/2016 06:00:00 PM,15,14,1
10/23/2016 06:00:00 AM,2,0,2
10/07/2016 08:00:00 PM,3,3,0
10/23/2016 04:00:00 PM,4,4,0
10/30/2016 09:00:00 PM,0,0,0
10/31/2016 09:00:00 AM,6,1,5
10/22/2016 03:00:00 AM,0,0,0
10/28/2016 04:00:00 PM,9,9,0
10/12/2016 07:00:00 PM,7,6,1
10/29/2016 10:00:00 PM,0,0,0
10/01/2016 08:00:00 AM,7,3,4
10/28/2016 10:00:00 PM,0,0,0
10/02/2016 09:00:00 PM,4,0,4
10/08/2016 12:00:00 AM,0,0,0
10/15/2016 02:00:00 AM,0,0,0
10/20/2016 01:00:00 PM,4,1,3
10/12/2016 06:00:00 PM,20,19,1
10/31/2016 06:00:00 PM,13,13,0
10/10/2016 10:00:00 PM,6,5,1
10/02/2016 01:00:00 PM,11,5,6
10/21/2016 06:00:00 AM,9,0,9
10/02/2016 10:00:00 AM,18,6,12
10/27/2016 12:00:00 AM,0,0,0
10/15/2016 06:00:00 AM,2,0,2
10/13/2016 04:00:00 AM,0,0,0
10/13/2016 11:00:00 PM,0,0,0
10/16/2016 02:00:00 PM,0,0,0
10/31/2016 04:00:00 AM,0,0,0
10/01/2016 04:00:00 PM,18,4,14
10/30/2016 08:00:00 AM,1,0,1
10/22/2016 09:00:00 AM,4,2,2
10/24/2016 12:00:00 AM,0,0,0
10/07/2016 05:00:00 PM,32,30,2
10/17/2016 04:00:00 AM,0,0,0
10/18/2016 02:00:00 PM,7,4,3
10/20/2016 03:00:00 PM,4,4,0
10/09/2016 11:00:00 PM,0,0,0
10/04/2016 10:00:00 AM,6,2,4
10/25/2016 12:00:00 AM,2,2,0
10/01/2016 06:00:00 PM,11,10,1
10/25/2016 11:00:00 AM,3,0,3
10/11/2016 10:00:00 PM,2,2,0
10/05/2016 12:00:00 PM,3,1,2
10/26/2016 01:00:00 AM,0,0,0
10/13/2016 12:00:00 AM,1,1,0
10/09/2016 11:00:00 AM,5,4,1
10/24/2016 05:00:00 AM,1,0,1
10/22/2016 05:00:00 PM,6,5,1
10/30/2016 11:00:00 AM,1,1,0
10/07/2016 07:00:00 AM,12,0,12
10/19/2016 01:00:00 AM,0,0,0
10/21/2016 08:00:00 PM,5,5,0
10/29/2016 09:00:00 AM,1,0,1
10/28/2016 05:00:00 PM,19,17,2
10/28/2016 02:00:00 AM,0,0,0
10/20/2016 07:00:00 AM,13,1,12
10/10/2016 03:00:00 AM,0,0,0
10/10/2016 05:00:00 PM,37,34,3
10/24/2016 10:00:00 AM,7,2,5
10/08/2016 08:00:00 PM,0,0,0
10/13/2016 07:00:00 PM,1,1,0
10/23/2016 01:00:00 PM,3,1,2
10/18/2016 09:00:00 AM,12,2,10
10/20/2016 09:00:00 PM,1,1,0
10/22/2016 01:00:00 AM,0,0,0
10/03/2016 03:00:00 AM,0,0,0
10/21/2016 03:00:00 AM,0,0,0
10/19/2016 12:00:00 PM,10,4,6
10/04/2016 08:00:00 PM,6,5,1
10/14/2016 03:00:00 PM,4,4,0
10/24/2016 03:00:00 AM,0,0,0
10/04/2016 11:00:00 AM,5,2,3
10/05/2016 09:00:00 PM,1,1,0
10/09/2016 02:00:00 AM,0,0,0
10/22/2016 08:00:00 PM,3,3,0
10/14/2016 07:00:00 AM,2,0,2
10/20/2016 02:00:00 AM,0,0,0
10/30/2016 05:00:00 AM,0,0,0
10/13/2016 10:00:00 AM,1,0,1
10/04/2016 05:00:00 PM,36,32,4
10/14/2016 08:00:00 PM,1,1,0
10/18/2016 10:00:00 PM,1,1,0
10/06/2016 11:00:00 AM,2,0,2
10/18/2016 07:00:00 AM,19,0,19
10/12/2016 02:00:00 AM,0,0,0
10/25/2016 04:00:00 PM,16,15,1
10/20/2016 02:00:00 PM,2,2,0
10/30/2016 02:00:00 PM,1,1,0
10/18/2016 05:00:00 PM,26,25,1
10/12/2016 06:00:00 AM,7,0,7
10/08/2016 11:00:00 PM,2,1,1
10/04/2016 01:00:00 PM,2,2,0
10/20/2016 10:00:00 AM,4,1,3
10/16/2016 06:00:00 AM,2,0,2
10/27/2016 05:00:00 PM,20,20,0
10/24/2016 12:00:00 PM,4,3,1
10/10/2016 12:00:00 PM,5,2,3
10/20/2016 12:00:00 AM,1,1,0
10/23/2016 09:00:00 AM,2,1,1
10/31/2016 12:00:00 PM,1,0,1
10/02/2016 03:00:00 PM,19,10,9
10/23/2016 03:00:00 AM,0,0,0
10/13/2016 06:00:00 PM,6,6,0
10/09/2016 05:00:00 AM,0,0,0
10/07/2016 04:00:00 PM,12,10,2
10/27/2016 11:00:00 AM,3,0,3
10/17/2016 11:00:00 AM,4,2,2
10/07/2016 06:00:00 AM,8,0,8
10/08/2016 11:00:00 AM,5,2,3
10/03/2016 12:00:00 PM,4,3,1
10/01/2016 02:00:00 PM,6,2,4
10/01/2016 10:00:00 PM,2,2,0
10/08/2016 01:00:00 PM,7,4,3
10/04/2016 09:00:00 AM,23,2,21
10/28/2016 02:00:00 PM,11,9,2
10/30/2016 05:00:00 PM,3,2,1
10/22/2016 07:00:00 PM,4,4,0
10/22/2016 04:00:00 AM,0,0,0
10/15/2016 03:00:00 PM,1,1,0
10/15/2016 07:00:00 PM,0,0,0
10/05/2016 04:00:00 AM,0,0,0
10/17/2016 11:00:00 PM,0,0,0
10/08/2016 07:00:00 AM,1,0,1
10/16/2016 05:00:00 PM,4,4,0
10/23/2016 12:00:00 PM,10,3,7
10/23/2016 12:00:00 AM,0,0,0
10/27/2016 07:00:00 AM,11,0,11
10/24/2016 07:00:00 AM,10,0,10
10/28/2016 08:00:00 AM,12,0,12
10/11/2016 12:00:00 AM,1,1,0
10/21/2016 02:00:00 AM,0,0,0
10/25/2016 04:00:00 AM,0,0,0
10/15/2016 08:00:00 AM,0,0,0
10/15/2016 05:00:00 PM,0,0,0
10/18/2016 02:00:00 AM,0,0,0
10/14/2016 09:00:00 AM,3,0,3
10/05/2016 12:00:00 AM,0,0,0
10/15/2016 05:00:00 AM,0,0,0
10/28/2016 03:00:00 AM,0,0,0
10/04/2016 01:00:00 AM,0,0,0
10/21/2016 09:00:00 AM,8,1,7
10/05/2016 02:00:00 AM,0,0,0
10/04/2016 04:00:00 PM,9,8,1
10/05/2016 07:00:00 PM,10,8,2
10/03/2016 10:00:00 PM,3,3,0
10/20/2016 03:00:00 AM,0,0,0
10/04/2016 10:00:00 PM,1,1,0
10/19/2016 07:00:00 AM,16,0,16
10/07/2016 09:00:00 PM,1,1,0
10/25/2016 01:00:00 PM,4,2,2
10/23/2016 10:00:00 PM,0,0,0
10/30/2016 12:00:00 AM,1,1,0
10/23/2016 08:00:00 PM,0,0,0
10/18/2016 03:00:00 AM,0,0,0
10/08/2016 06:00:00 PM,4,4,0
10/14/2016 02:00:00 AM,0,0,0
10/27/2016 08:00:00 AM,13,0,13
10/26/2016 12:00:00 PM,3,1,2
10/25/2016 06:00:00 PM,26,26,0
10/10/2016 09:00:00 PM,2,2,0
10/15/2016 11:00:00 AM,4,3,1
10/02/2016 05:00:00 PM,13,7,6
10/10/2016 02:00:00 PM,7,5,2
10/12/2016 05:00:00 PM,43,40,3
10/08/2016 03:00:00 PM,4,4,0
10/27/2016 06:00:00 PM,24,23,1
10/26/2016 07:00:00 PM,7,7,0
10/05/2016 08:00:00 AM,13,1,12
10/16/2016 04:00:00 PM,3,3,0
10/20/2016 11:00:00 AM,0,0,0
10/07/2016 12:00:00 PM,2,1,1
10/06/2016 06:00:00 AM,9,0,9
10/03/2016 04:00:00 AM,0,0,0
10/12/2016 11:00:00 PM,2,1,1
10/27/2016 01:00:00 AM,1,1,0
10/19/2016 11:00:00 PM,0,0,0
10/20/2016 06:00:00 AM,6,0,6
10/19/2016 01:00:00 PM,6,2,4
10/23/2016 07:00:00 PM,1,1,0
10/04/2016 08:00:00 AM,17,1,16
10/01/2016 01:00:00 PM,14,1,13
10/09/2016 08:00:00 AM,5,0,5
10/01/2016 07:00:00 PM,5,2,3
10/16/2016 03:00:00 PM,4,3,1
10/30/2016 10:00:00 AM,2,0,2
10/20/2016 08:00:00 PM,3,3,0
10/30/2016 12:00:00 PM,14,8,6
10/11/2016 08:00:00 AM,23,1,22
10/29/2016 07:00:00 PM,1,0,1
10/12/2016 01:00:00 PM,9,8,1
10/12/2016 12:00:00 PM,7,3,4
10/27/2016 11:00:00 PM,0,0,0
10/01/2016 09:00:00 PM,0,0,0
10/01/2016 03:00:00 AM,0,0,0
10/09/2016 06:00:00 AM,0,0,0
10/04/2016 12:00:00 PM,5,1,4
10/15/2016 01:00:00 PM,0,0,0
10/01/2016 02:00:00 AM,0,0,0
10/23/2016 11:00:00 PM,1,1,0
10/09/2016 06:00:00 PM,0,0,0
10/11/2016 04:00:00 PM,20,16,4
10/11/2016 09:00:00 AM,8,1,7
10/10/2016 11:00:00 AM,5,3,2
10/18/2016 08:00:00 AM,23,0,23
10/08/2016 01:00:00 AM,0,0,0
10/17/2016 01:00:00 PM,5,4,1
10/09/2016 07:00:00 PM,0,0,0
10/15/2016 11:00:00 PM,0,0,0
10/18/2016 11:00:00 AM,7,2,5
10/09/2016 10:00:00 AM,1,0,1
10/28/2016 04:00:00 AM,0,0,0
10/15/2016 04:00:00 PM,3,2,1
10/11/2016 01:00:00 AM,0,0,0
10/11/2016 03:00:00 PM,14,11,3
10/07/2016 09:00:00 AM,11,3,8
10/28/2016 12:00:00 AM,0,0,0
10/14/2016 05:00:00 AM,2,0,2
10/12/2016 10:00:00 PM,2,2,0
10/20/2016 01:00:00 AM,1,1,0
10/03/2016 04:00:00 PM,18,16,2
10/10/2016 08:00:00 PM,2,2,0
10/07/2016 07:00:00 PM,6,6,0
10/02/2016 10:00:00 PM,0,0,0
10/18/2016 08:00:00 PM,4,4,0
10/17/2016 10:00:00 AM,5,1,4
10/07/2016 10:00:00 PM,4,3,1
10/17/2016 09:00:00 AM,12,2,10
10/06/2016 07:00:00 PM,10,10,0
10/23/2016 04:00:00 AM,0,0,0
10/12/2016 09:00:00 PM,3,3,0
10/26/2016 11:00:00 PM,0,0,0
10/28/2016 03:00:00 PM,11,10,1
10/17/2016 05:00:00 AM,0,0,0
10/23/2016 01:00:00 AM,0,0,0
10/03/2016 01:00:00 AM,0,0,0
10/06/2016 05:00:00 PM,31,30,1
10/15/2016 01:00:00 AM,0,0,0
10/24/2016 03:00:00 PM,6,5,1
10/02/2016 01:00:00 AM,0,0,0
10/04/2016 06:00:00 AM,9,0,9
10/30/2016 07:00:00 PM,1,1,0
10/18/2016 01:00:00 PM,3,2,1
10/14/2016 08:00:00 AM,5,0,5
10/18/2016 06:00:00 AM,10,0,10
10/18/2016 09:00:00 PM,3,3,0
10/27/2016 03:00:00 AM,0,0,0
10/25/2016 02:00:00 PM,14,10,4
10/03/2016 12:00:00 AM,0,0,0
10/21/2016 07:00:00 AM,15,0,15
10/29/2016 08:00:00 PM,3,3,0
10/12/2016 05:00:00 AM,0,0,0
10/24/2016 05:00:00 PM,36,36,0
10/04/2016 09:00:00 PM,3,3,0
10/25/2016 10:00:00 AM,7,2,5
10/13/2016 02:00:00 PM,1,1,0
10/17/2016 01:00:00 AM,0,0,0
10/06/2016 06:00:00 PM,16,15,1
10/25/2016 05:00:00 PM,36,33,3
10/11/2016 09:00:00 PM,2,2,0
10/14/2016 01:00:00 AM,0,0,0
10/27/2016 10:00:00 PM,1,1,0
10/26/2016 09:00:00 AM,7,0,7
10/25/2016 09:00:00 AM,14,3,11
10/12/2016 01:00:00 AM,0,0,0
10/26/2016 01:00:00 PM,1,1,0
10/22/2016 06:00:00 AM,1,0,1
10/03/2016 03:00:00 PM,9,7,2
10/15/2016 07:00:00 AM,0,0,0
10/03/2016 07:00:00 PM,15,14,1
10/15/2016 03:00:00 AM,0,0,0
10/18/2016 05:00:00 AM,3,0,3
10/19/2016 02:00:00 AM,0,0,0
10/05/2016 11:00:00 PM,0,0,0
10/19/2016 04:00:00 PM,13,12,1
10/27/2016 02:00:00 PM,5,3,2
10/14/2016 03:00:00 AM,0,0,0
10/14/2016 04:00:00 PM,9,5,4
10/29/2016 12:00:00 AM,0,0,0
10/21/2016 08:00:00 AM,23,0,23
10/11/2016 05:00:00 AM,4,0,4
10/18/2016 11:00:00 PM,0,0,0
10/01/2016 12:00:00 AM,0,0,0
10/31/2016 02:00:00 AM,0,0,0
10/31/2016 08:00:00 AM,21,0,21
10/01/2016 04:00:00 AM,0,0,0
10/19/2016 08:00:00 PM,2,2,0
10/02/2016 04:00:00 AM,1,1,0
10/10/2016 09:00:00 AM,11,1,10
10/09/2016 09:00:00 PM,1,1,0
10/18/2016 12:00:00 AM,1,1,0
10/27/2016 06:00:00 AM,9,0,9
10/22/2016 10:00:00 AM,5,2,3
10/17/2016 03:00:00 PM,8,7,1
10/29/2016 06:00:00 PM,2,0,2
10/17/2016 08:00:00 AM,19,1,18
10/14/2016 06:00:00 PM,6,6,0
10/19/2016 11:00:00 AM,9,3,6
10/12/2016 03:00:00 AM,0,0,0
10/31/2016 09:00:00 PM,1,1,0
10/28/2016 01:00:00 AM,0,0,0
10/19/2016 06:00:00 PM,15,14,1
10/06/2016 07:00:00 AM,12,0,12
10/29/2016 04:00:00 AM,0,0,0
10/01/2016 05:00:00 AM,0,0,0
10/14/2016 09:00:00 PM,1,0,1
10/13/2016 08:00:00 PM,3,3,0
10/05/2016 08:00:00 PM,2,2,0
10/31/2016 04:00:00 PM,15,13,2
10/05/2016 11:00:00 AM,6,2,4
10/09/2016 04:00:00 AM,0,0,0
10/10/2016 10:00:00 AM,8,1,7
10/01/2016 11:00:00 AM,12,4,8
10/13/2016 05:00:00 PM,14,13,1
10/14/2016 10:00:00 AM,2,0,2
10/06/2016 01:00:00 AM,0,0,0
10/26/2016 05:00:00 PM,24,23,1
10/30/2016 02:00:00 AM,0,0,0
10/15/2016 09:00:00 AM,0,0,0
10/20/2016 05:00:00 AM,1,0,1
10/21/2016 11:00:00 PM,0,0,0
10/25/2016 06:00:00 AM,8,0,8
10/07/2016 01:00:00 PM,3,3,0
10/30/2016 08:00:00 PM,0,0,0
10/03/2016 05:00:00 PM,26,26,0
10/06/2016 03:00:00 PM,6,4,2
10/31/2016 02:00:00 PM,2,2,0
10/01/2016 09:00:00 AM,6,2,4
10/29/2016 11:00:00 PM,0,0,0
10/23/2016 07:00:00 AM,0,0,0
10/18/2016 12:00:00 PM,4,1,3
10/07/2016 03:00:00 AM,0,0,0
10/05/2016 05:00:00 PM,36,36,0
10/16/2016 12:00:00 PM,4,1,3
10/08/2016 04:00:00 AM,0,0,0
10/14/2016 04:00:00 AM,0,0,0
10/23/2016 02:00:00 PM,2,2,0
10/04/2016 04:00:00 AM,0,0,0
10/16/2016 07:00:00 AM,0,0,0
10/07/2016 03:00:00 PM,4,4,0
10/01/2016 05:00:00 PM,11,5,6
10/03/2016 02:00:00 PM,5,3,2
10/10/2016 06:00:00 AM,9,0,9
10/27/2016 09:00:00 PM,1,1,0
10/21/2016 04:00:00 PM,14,12,2
10/16/2016 10:00:00 PM,0,0,0
10/20/2016 04:00:00 PM,7,5,2
10/29/2016 05:00:00 AM,0,0,0
10/27/2016 12:00:00 PM,1,1,0
10/20/2016 10:00:00 PM,2,2,0
10/05/2016 05:00:00 AM,2,0,2
10/26/2016 02:00:00 PM,2,2,0
10/13/2016 11:00:00 AM,0,0,0
10/09/2016 12:00:00 PM,7,2,5
10/28/2016 07:00:00 PM,5,5,0
10/22/2016 05:00:00 AM,0,0,0
10/25/2016 03:00:00 PM,6,5,1
10/23/2016 02:00:00 AM,0,0,0
10/15/2016 10:00:00 PM,0,0,0
10/10/2016 01:00:00 AM,0,0,0
10/03/2016 06:00:00 PM,33,31,2
10/05/2016 04:00:00 PM,18,14,4
10/30/2016 07:00:00 AM,0,0,0
10/26/2016 11:00:00 AM,3,1,2
10/27/2016 08:00:00 PM,2,2,0
10/06/2016 09:00:00 PM,5,4,1
10/30/2016 10:00:00 PM,1,1,0
10/07/2016 04:00:00 AM,0,0,0
10/14/2016 12:00:00 PM,1,0,1
10/26/2016 12:00:00 AM,1,1,0
10/05/2016 01:00:00 PM,3,2,1
10/04/2016 05:00:00 AM,3,0,3
10/29/2016 03:00:00 AM,0,0,0
10/16/2016 08:00:00 AM,1,0,1
10/06/2016 08:00:00 AM,24,2,22
10/25/2016 01:00:00 AM,0,0,0
10/22/2016 12:00:00 PM,8,2,6
10/24/2016 09:00:00 AM,19,0,19
10/18/2016 03:00:00 PM,11,9,2
10/25/2016 03:00:00 AM,0,0,0
10/10/2016 11:00:00 PM,1,1,0
10/27/2016 09:00:00 AM,7,0,7
10/30/2016 11:00:00 PM,0,0,0
10/25/2016 08:00:00 PM,8,8,0
10/26/2016 03:00:00 PM,9,6,3
10/02/2016 12:00:00 PM,11,5,6
10/16/2016 01:00:00 PM,6,5,1
10/07/2016 06:00:00 PM,17,16,1
10/17/2016 07:00:00 AM,13,0,13
10/26/2016 08:00:00 AM,13,0,13
10/09/2016 01:00:00 AM,0,0,0
10/08/2016 03:00:00 AM,0,0,0
10/27/2016 03:00:00 PM,10,8,2
10/20/2016 09:00:00 AM,6,0,6
10/21/2016 12:00:00 AM,1,1,0
10/06/2016 03:00:00 AM,0,0,0
10/15/2016 10:00:00 AM,0,0,0
10/14/2016 11:00:00 AM,0,0,0
10/17/2016 03:00:00 AM,0,0,0
10/21/2016 03:00:00 PM,14,9,5
10/27/2016 01:00:00 PM,1,1,0
10/29/2016 06:00:00 AM,1,0,1
10/29/2016 02:00:00 AM,0,0,0
10/11/2016 06:00:00 PM,22,21,1
10/21/2016 01:00:00 PM,6,5,1
10/12/2016 08:00:00 PM,4,3,1
10/09/2016 12:00:00 AM,1,1,0
10/24/2016 04:00:00 AM,1,0,1
10/13/2016 09:00:00 AM,5,1,4
10/11/2016 12:00:00 PM,6,1,5
10/19/2016 10:00:00 AM,7,0,7
10/24/2016 11:00:00 PM,0,0,0
10/05/2016 10:00:00 PM,4,4,0
10/08/2016 07:00:00 PM,0,0,0
10/21/2016 05:00:00 AM,1,0,1
10/22/2016 04:00:00 PM,5,4,1
10/07/2016 11:00:00 AM,1,0,1
10/24/2016 08:00:00 AM,25,1,24
10/08/2016 05:00:00 PM,1,0,1
10/08/2016 04:00:00 PM,0,0,0
10/28/2016 09:00:00 PM,0,0,0
10/13/2016 10:00:00 PM,0,0,0
10/16/2016 06:00:00 PM,1,1,0
10/03/2016 10:00:00 AM,3,0,3
10/23/2016 11:00:00 AM,2,1,1
10/11/2016 11:00:00 PM,1,1,0
10/24/2016 01:00:00 PM,1,1,0
10/21/2016 05:00:00 PM,23,21,2
10/10/2016 07:00:00 PM,11,9,2
10/29/2016 01:00:00 PM,3,2,1
10/16/2016 07:00:00 PM,2,2,0
10/31/2016 10:00:00 AM,6,2,4
10/17/2016 06:00:00 AM,8,0,8
11/06/2016 07:00:00 PM,1,1,0
11/26/2016 03:00:00 AM,0,0,0
11/15/2016 02:00:00 PM,3,3,0
11/01/2016 03:00:00 AM,0,0,0
11/01/2016 10:00:00 AM,4,0,4
11/06/2016 07:00:00 AM,0,0,0
11/15/2016 05:00:00 PM,26,24,2
11/25/2016 06:00:00 PM,0,0,0
11/25/2016 10:00:00 PM,0,0,0
11/26/2016 01:00:00 PM,2,1,1
11/23/2016 02:00:00 PM,8,8,0
11/11/2016 12:00:00 PM,5,1,4
11/09/2016 02:00:00 PM,5,4,1
11/09/2016 05:00:00 AM,2,0,2
11/23/2016 05:00:00 AM,0,0,0
11/26/2016 05:00:00 PM,0,0,0
11/15/2016 11:00:00 PM,0,0,0
11/02/2016 10:00:00 AM,5,1,4
11/11/2016 11:00:00 AM,3,2,1
11/03/2016 12:00:00 AM,0,0,0
11/17/2016 07:00:00 PM,8,8,0
11/27/2016 04:00:00 PM,1,1,0
11/03/2016 08:00:00 PM,0,0,0
11/26/2016 09:00:00 PM,0,0,0
11/09/2016 10:00:00 PM,1,1,0
11/15/2016 05:00:00 AM,1,0,1
11/24/2016 09:00:00 AM,1,1,0
11/04/2016 03:00:00 AM,0,0,0
11/23/2016 11:00:00 AM,3,2,1
11/07/2016 11:00:00 AM,6,2,4
11/22/2016 04:00:00 PM,16,15,1
11/22/2016 12:00:00 PM,3,2,1
11/17/2016 09:00:00 PM,1,1,0
11/27/2016 12:00:00 AM,1,1,0
11/14/2016 02:00:00 PM,7,7,0
11/05/2016 04:00:00 AM,0,0,0
11/20/2016 06:00:00 AM,0,0,0
11/22/2016 10:00:00 PM,1,1,0
11/01/2016 04:00:00 AM,0,0,0
11/08/2016 11:00:00 AM,3,1,2
11/10/2016 09:00:00 AM,9,2,7
11/13/2016 01:00:00 AM,1,1,0
11/16/2016 09:00:00 PM,3,3,0
11/10/2016 07:00:00 AM,12,0,12
11/02/2016 04:00:00 PM,11,10,1
11/01/2016 07:00:00 PM,6,6,0
11/25/2016 12:00:00 PM,8,6,2
11/30/2016 10:00:00 AM,2,0,2
11/12/2016 10:00:00 AM,3,1,2
11/01/2016 04:00:00 PM,17,15,2
11/17/2016 05:00:00 PM,22,22,0
11/14/2016 08:00:00 AM,8,1,7
11/29/2016 04:00:00 AM,0,0,0
11/21/2016 12:00:00 PM,7,2,5
11/06/2016 06:00:00 PM,1,1,0
11/03/2016 07:00:00 PM,8,8,0
11/06/2016 08:00:00 AM,2,0,2
11/12/2016 06:00:00 PM,0,0,0
11/01/2016 12:00:00 AM,1,1,0
11/18/2016 01:00:00 PM,7,5,2
11/27/2016 07:00:00 PM,0,0,0
11/09/2016 04:00:00 AM,0,0,0
11/20/2016 12:00:00 PM,4,3,1
11/08/2016 11:00:00 PM,1,1,0
11/30/2016 11:00:00 PM,0,0,0
11/11/2016 09:00:00 AM,2,1,1
11/17/2016 12:00:00 AM,1,1,0
11/10/2016 05:00:00 AM,3,1,2
11/12/2016 04:00:00 AM,0,0,0
11/05/2016 11:00:00 PM,0,0,0
11/20/2016 06:00:00 PM,0,0,0
11/24/2016 07:00:00 AM,0,0,0
11/29/2016 06:00:00 AM,1,0,1
11/27/2016 06:00:00 AM,0,0,0
11/05/2016 03:00:00 PM,0,0,0
11/02/2016 07:00:00 PM,10,8,2
11/04/2016 03:00:00 PM,9,8,1
11/28/2016 12:00:00 AM,0,0,0
11/17/2016 11:00:00 AM,3,2,1
11/09/2016 12:00:00 AM,0,0,0
11/13/2016 10:00:00 AM,2,2,0
11/27/2016 12:00:00 PM,4,2,2
11/05/2016 02:00:00 AM,0,0,0
11/30/2016 09:00:00 PM,3,3,0
11/12/2016 11:00:00 AM,2,1,1
11/22/2016 07:00:00 AM,9,0,9
11/30/2016 06:00:00 AM,2,0,2
11/15/2016 02:00:00 AM,0,0,0
11/22/2016 09:00:00 AM,11,2,9
11/28/2016 05:00:00 AM,1,0,1
11/10/2016 12:00:00 AM,1,1,0
11/28/2016 07:00:00 AM,6,0,6
11/04/2016 07:00:00 AM,11,0,11
11/29/2016 02:00:00 AM,0,0,0
11/03/2016 04:00:00 PM,11,11,0
11/07/2016 04:00:00 PM,22,20,2
11/17/2016 08:00:00 PM,4,3,1
11/09/2016 02:00:00 AM,0,0,0
11/10/2016 04:00:00 PM,21,20,1
11/19/2016 03:00:00 AM,0,0,0
11/01/2016 02:00:00 AM,0,0,0
11/10/2016 05:00:00 PM,30,29,1
11/21/2016 10:00:00 PM,1,1,0
11/04/2016 05:00:00 AM,2,0,2
11/23/2016 11:00:00 PM,1,1,0
11/06/2016 11:00:00 PM,0,0,0
11/19/2016 08:00:00 PM,0,0,0
11/13/2016 07:00:00 PM,1,1,0
11/19/2016 05:00:00 PM,0,0,0
11/08/2016 10:00:00 AM,12,3,9
11/26/2016 12:00:00 AM,0,0,0
11/09/2016 08:00:00 PM,2,1,1
11/15/2016 09:00:00 AM,7,2,5
11/28/2016 05:00:00 PM,23,23,0
11/11/2016 02:00:00 PM,8,6,2
11/13/2016 02:00:00 AM,0,0,0
11/29/2016 10:00:00 PM,2,2,0
11/23/2016 06:00:00 PM,4,3,1
11/26/2016 04:00:00 AM,0,0,0
11/24/2016 02:00:00 PM,1,1,0
11/03/2016 02:00:00 PM,5,3,2
11/02/2016 03:00:00 PM,6,6,0
11/04/2016 11:00:00 AM,4,2,2
11/28/2016 08:00:00 AM,10,2,8
11/22/2016 06:00:00 AM,6,0,6
11/18/2016 01:00:00 AM,0,0,0
11/25/2016 07:00:00 PM,1,1,0
11/24/2016 02:00:00 AM,0,0,0
11/19/2016 06:00:00 AM,1,1,0
11/13/2016 03:00:00 AM,0,0,0
11/29/2016 11:00:00 AM,4,2,2
11/04/2016 06:00:00 AM,6,0,6
11/19/2016 12:00:00 AM,0,0,0
11/05/2016 08:00:00 AM,0,0,0
11/29/2016 09:00:00 AM,6,0,6
11/21/2016 02:00:00 PM,6,5,1
11/30/2016 07:00:00 AM,6,0,6
11/24/2016 09:00:00 PM,0,0,0
11/12/2016 01:00:00 AM,0,0,0
11/07/2016 08:00:00 AM,18,1,17
11/29/2016 11:00:00 PM,2,2,0
11/19/2016 04:00:00 PM,2,1,1
11/26/2016 01:00:00 AM,0,0,0
11/01/2016 08:00:00 AM,17,1,16
11/18/2016 08:00:00 PM,1,1,0
11/11/2016 12:00:00 AM,1,1,0
11/21/2016 03:00:00 PM,11,7,4
11/23/2016 12:00:00 AM,0,0,0
11/27/2016 09:00:00 PM,0,0,0
11/27/2016 10:00:00 AM,4,3,1
11/23/2016 05:00:00 PM,10,10,0
11/30/2016 04:00:00 AM,0,0,0
11/08/2016 05:00:00 PM,35,33,2
11/10/2016 02:00:00 AM,0,0,0
11/24/2016 05:00:00 PM,0,0,0
11/04/2016 07:00:00 PM,1,1,0
11/06/2016 05:00:00 AM,0,0,0
11/05/2016 05:00:00 AM,1,0,1
11/16/2016 12:00:00 AM,1,1,0
11/07/2016 07:00:00 PM,6,6,0
11/15/2016 08:00:00 PM,4,4,0
11/18/2016 08:00:00 AM,9,0,9
11/14/2016 05:00:00 AM,1,0,1
11/14/2016 06:00:00 PM,25,25,0
11/13/2016 09:00:00 AM,2,1,1
11/07/2016 09:00:00 PM,3,3,0
11/15/2016 11:00:00 AM,2,1,1
11/26/2016 11:00:00 PM,0,0,0
11/22/2016 12:00:00 AM,1,1,0
11/01/2016 11:00:00 AM,6,0,6
11/19/2016 06:00:00 PM,0,0,0
11/24/2016 10:00:00 AM,0,0,0
11/16/2016 04:00:00 PM,12,11,1
11/21/2016 01:00:00 PM,5,3,2
11/15/2016 07:00:00 AM,5,0,5
11/13/2016 09:00:00 PM,0,0,0
11/17/2016 09:00:00 AM,9,1,8
11/08/2016 12:00:00 PM,9,5,4
11/15/2016 06:00:00 PM,13,12,1
11/05/2016 01:00:00 PM,2,2,0
11/09/2016 12:00:00 PM,7,4,3
11/22/2016 10:00:00 AM,1,1,0
11/28/2016 06:00:00 AM,2,0,2
11/11/2016 07:00:00 PM,4,4,0
11/09/2016 10:00:00 AM,4,1,3
11/27/2016 06:00:00 PM,0,0,0
11/25/2016 11:00:00 AM,4,1,3
11/06/2016 10:00:00 AM,7,3,4
11/29/2016 01:00:00 AM,0,0,0
11/24/2016 11:00:00 AM,1,1,0
11/09/2016 05:00:00 PM,25,25,0
11/23/2016 10:00:00 PM,0,0,0
11/25/2016 01:00:00 AM,0,0,0
11/24/2016 08:00:00 AM,2,1,1
11/11/2016 06:00:00 PM,12,12,0
11/08/2016 03:00:00 AM,0,0,0
11/19/2016 11:00:00 PM,1,0,1
11/16/2016 12:00:00 PM,3,3,0
11/15/2016 08:00:00 AM,6,0,6
11/29/2016 06:00:00 PM,21,21,0
11/06/2016 10:00:00 PM,0,0,0
11/19/2016 07:00:00 AM,0,0,0
11/02/2016 01:00:00 PM,1,1,0
11/12/2016 05:00:00 PM,2,2,0
11/03/2016 08:00:00 AM,13,0,13
11/10/2016 11:00:00 PM,2,2,0
11/11/2016 04:00:00 AM,0,0,0
11/29/2016 07:00:00 AM,5,0,5
11/04/2016 02:00:00 PM,9,7,2
11/02/2016 05:00:00 AM,0,0,0
11/17/2016 02:00:00 AM,0,0,0
11/12/2016 12:00:00 PM,2,1,1
11/17/2016 05:00:00 AM,2,0,2
11/14/2016 12:00:00 PM,4,2,2
11/13/2016 02:00:00 PM,1,0,1
11/29/2016 07:00:00 PM,4,4,0
11/07/2016 11:00:00 PM,1,1,0
11/22/2016 06:00:00 PM,19,19,0
11/08/2016 10:00:00 PM,1,1,0
11/02/2016 12:00:00 PM,2,0,2
11/18/2016 10:00:00 PM,0,0,0
11/17/2016 06:00:00 PM,14,14,0
11/10/2016 08:00:00 AM,11,0,11
11/11/2016 05:00:00 PM,10,9,1
11/24/2016 11:00:00 PM,0,0,0
11/17/2016 03:00:00 AM,0,0,0
11/14/2016 06:00:00 AM,4,0,4
11/30/2016 09:00:00 AM,8,1,7
11/20/2016 11:00:00 AM,1,1,0
11/08/2016 04:00:00 AM,0,0,0
11/06/2016 04:00:00 AM,0,0,0
11/23/2016 04:00:00 AM,0,0,0
11/23/2016 02:00:00 AM,0,0,0
11/30/2016 06:00:00 PM,20,19,1
11/09/2016 03:00:00 AM,0,0,0
11/20/2016 02:00:00 AM,0,0,0
11/26/2016 06:00:00 AM,1,0,1
11/22/2016 03:00:00 PM,3,3,0
11/22/2016 08:00:00 AM,9,1,8
11/01/2016 07:00:00 AM,16,0,16
11/08/2016 02:00:00 PM,17,9,8
11/20/2016 05:00:00 AM,0,0,0
11/30/2016 08:00:00 AM,9,1,8
11/13/2016 06:00:00 AM,0,0,0
11/16/2016 09:00:00 AM,10,2,8
11/03/2016 06:00:00 AM,8,0,8
11/15/2016 03:00:00 PM,7,4,3
11/08/2016 06:00:00 PM,14,13,1
11/12/2016 06:00:00 AM,0,0,0
11/24/2016 03:00:00 PM,0,0,0
11/02/2016 09:00:00 PM,1,1,0
11/25/2016 10:00:00 AM,1,0,1
11/19/2016 03:00:00 PM,4,3,1
11/10/2016 06:00:00 AM,4,0,4
11/22/2016 02:00:00 PM,3,2,1
11/01/2016 05:00:00 PM,25,25,0
11/28/2016 09:00:00 PM,2,2,0
11/03/2016 03:00:00 AM,0,0,0
11/13/2016 04:00:00 PM,5,4,1
11/24/2016 06:00:00 PM,1,1,0
11/20/2016 09:00:00 PM,0,0,0
11/15/2016 01:00:00 PM,5,3,2
11/01/2016 01:00:00 AM,0,0,0
11/11/2016 07:00:00 AM,3,1,2
11/08/2016 08:00:00 AM,11,0,11
11/17/2016 08:00:00 AM,15,1,14
11/19/2016 08:00:00 AM,1,1,0
11/16/2016 11:00:00 PM,1,1,0
11/03/2016 10:00:00 PM,5,5,0
11/19/2016 09:00:00 AM,4,0,4
11/14/2016 10:00:00 AM,5,1,4
11/14/2016 11:00:00 PM,0,0,0
11/25/2016 09:00:00 AM,1,1,0
11/14/2016 07:00:00 PM,7,7,0
11/30/2016 10:00:00 PM,0,0,0
11/30/2016 05:00:00 AM,0,0,0
11/19/2016 11:00:00 AM,3,2,1
11/07/2016 06:00:00 PM,17,17,0
11/12/2016 02:00:00 PM,3,2,1
11/20/2016 10:00:00 PM,0,0,0
11/30/2016 03:00:00 PM,5,4,1
11/06/2016 12:00:00 PM,5,3,2
11/30/2016 11:00:00 AM,4,2,2
11/29/2016 05:00:00 PM,30,30,0
11/04/2016 08:00:00 AM,18,2,16
11/05/2016 09:00:00 AM,2,0,2
11/10/2016 06:00:00 PM,15,15,0
11/28/2016 04:00:00 AM,0,0,0
11/15/2016 10:00:00 PM,1,1,0
11/05/2016 01:00:00 AM,0,0,0
11/04/2016 10:00:00 PM,2,2,0
11/28/2016 04:00:00 PM,14,12,2
11/05/2016 05:00:00 PM,2,2,0
11/20/2016 08:00:00 AM,3,1,2
11/07/2016 12:00:00 PM,4,3,1
11/08/2016 08:00:00 PM,5,5,0
11/15/2016 07:00:00 PM,5,5,0
11/07/2016 05:00:00 AM,1,0,1
11/24/2016 10:00:00 PM,0,0,0
11/02/2016 06:00:00 PM,16,16,0
11/24/2016 07:00:00 PM,0,0,0
11/25/2016 08:00:00 PM,0,0,0
11/10/2016 08:00:00 PM,6,6,0
11/18/2016 04:00:00 AM,0,0,0
11/27/2016 11:00:00 PM,0,0,0
11/09/2016 09:00:00 AM,9,1,8
11/01/2016 09:00:00 PM,1,1,0
11/23/2016 01:00:00 AM,1,1,0
11/08/2016 06:00:00 AM,11,1,10
11/23/2016 09:00:00 AM,11,1,10
11/04/2016 04:00:00 PM,16,15,1
11/23/2016 12:00:00 PM,5,4,1
11/05/2016 07:00:00 AM,1,0,1
11/01/2016 06:00:00 AM,13,0,13
11/19/2016 04:00:00 AM,0,0,0
11/02/2016 05:00:00 PM,21,18,3
11/07/2016 10:00:00 PM,1,1,0
11/01/2016 01:00:00 PM,4,3,1
11/04/2016 01:00:00 AM,0,0,0
11/07/2016 05:00:00 PM,30,26,4
11/21/2016 06:00:00 AM,7,1,6
11/01/2016 10:00:00 PM,3,3,0
11/03/2016 07:00:00 AM,12,0,12
11/02/2016 11:00:00 PM,0,0,0
11/03/2016 01:00:00 PM,5,3,2
11/13/2016 12:00:00 PM,4,1,3
11/14/2016 02:00:00 AM,0,0,0
11/04/2016 09:00:00 AM,14,0,14
11/06/2016 01:00:00 AM,1,1,0
11/01/2016 03:00:00 PM,6,4,2
11/02/2016 02:00:00 PM,2,2,0
11/16/2016 01:00:00 AM,0,0,0
11/30/2016 01:00:00 PM,1,1,0
11/03/2016 05:00:00 AM,0,0,0
11/27/2016 09:00:00 AM,1,0,1
11/12/2016 03:00:00 PM,3,2,1
11/16/2016 07:00:00 PM,9,8,1
11/14/2016 10:00:00 PM,2,2,0
11/17/2016 06:00:00 AM,3,0,3
11/29/2016 03:00:00 AM,0,0,0
11/28/2016 01:00:00 AM,1,1,0
11/18/2016 12:00:00 PM,0,0,0
11/27/2016 02:00:00 AM,0,0,0
11/22/2016 01:00:00 PM,2,1,1
11/06/2016 02:00:00 AM,0,0,0
11/05/2016 10:00:00 PM,0,0,0
11/09/2016 01:00:00 AM,0,0,0
11/21/2016 09:00:00 AM,14,0,14
11/01/2016 06:00:00 PM,20,20,0
11/03/2016 10:00:00 AM,7,2,5
11/28/2016 11:00:00 AM,5,3,2
11/10/2016 07:00:00 PM,8,8,0
11/28/2016 07:00:00 PM,7,7,0
11/28/2016 11:00:00 PM,0,0,0
11/13/2016 12:00:00 AM,1,1,0
11/18/2016 10:00:00 AM,4,0,4
11/16/2016 02:00:00 PM,7,7,0
11/23/2016 04:00:00 PM,21,18,3
11/25/2016 03:00:00 PM,0,0,0
11/26/2016 02:00:00 PM,4,3,1
11/03/2016 11:00:00 PM,1,1,0
11/11/2016 02:00:00 AM,0,0,0
11/02/2016 06:00:00 AM,7,0,7
11/08/2016 01:00:00 AM,1,1,0
11/09/2016 06:00:00 AM,8,0,8
11/18/2016 11:00:00 PM,1,0,1
11/11/2016 03:00:00 PM,8,7,1
11/21/2016 01:00:00 AM,0,0,0
11/27/2016 08:00:00 PM,0,0,0
11/13/2016 08:00:00 AM,2,1,1
11/07/2016 01:00:00 AM,1,1,0
11/21/2016 08:00:00 PM,4,4,0
11/27/2016 07:00:00 AM,1,1,0
11/05/2016 04:00:00 PM,0,0,0
11/27/2016 08:00:00 AM,4,3,1
11/14/2016 12:00:00 AM,1,1,0
11/10/2016 11:00:00 AM,8,2,6
11/04/2016 12:00:00 AM,1,0,1
11/19/2016 05:00:00 AM,0,0,0
11/20/2016 02:00:00 PM,1,0,1
11/26/2016 10:00:00 AM,0,0,0
11/25/2016 03:00:00 AM,0,0,0
11/01/2016 05:00:00 AM,2,0,2
11/24/2016 12:00:00 AM,0,0,0
11/14/2016 01:00:00 PM,7,5,2
11/04/2016 04:00:00 AM,0,0,0
11/13/2016 10:00:00 PM,0,0,0
11/18/2016 03:00:00 AM,0,0,0
11/09/2016 06:00:00 PM,25,23,2
11/18/2016 06:00:00 PM,12,12,0
11/25/2016 02:00:00 AM,0,0,0
11/02/2016 01:00:00 AM,0,0,0
11/13/2016 07:00:00 AM,1,1,0
11/03/2016 05:00:00 PM,33,32,1
11/25/2016 05:00:00 PM,2,2,0
11/29/2016 05:00:00 AM,0,0,0
11/28/2016 01:00:00 PM,2,1,1
11/21/2016 07:00:00 AM,12,0,12
11/23/2016 06:00:00 AM,5,0,5
11/27/2016 05:00:00 PM,1,1,0
11/26/2016 10:00:00 PM,0,0,0
11/06/2016 08:00:00 PM,1,1,0
11/03/2016 03:00:00 PM,7,4,3
11/24/2016 06:00:00 AM,0,0,0
11/20/2016 11:00:00 PM,0,0,0
11/17/2016 10:00:00 PM,1,1,0
11/21/2016 08:00:00 AM,10,0,10
11/16/2016 06:00:00 PM,24,23,1
11/15/2016 12:00:00 AM,1,1,0
11/03/2016 04:00:00 AM,0,0,0
11/22/2016 05:00:00 PM,14,13,1
11/16/2016 06:00:00 AM,6,0,6
11/16/2016 02:00:00 AM,0,0,0
11/14/2016 11:00:00 AM,2,0,2
11/16/2016 03:00:00 AM,0,0,0
11/06/2016 04:00:00 PM,3,2,1
11/09/2016 07:00:00 AM,7,1,6
11/16/2016 08:00:00 PM,4,3,1
11/18/2016 05:00:00 PM,21,21,0
11/04/2016 02:00:00 AM,0,0,0
11/22/2016 02:00:00 AM,0,0,0
11/17/2016 04:00:00 PM,19,18,1
11/27/2016 05:00:00 AM,0,0,0
11/08/2016 09:00:00 AM,13,0,13
11/24/2016 04:00:00 PM,0,0,0
11/29/2016 08:00:00 AM,6,2,4
11/11/2016 10:00:00 AM,4,1,3
11/23/2016 07:00:00 PM,3,3,0
11/21/2016 05:00:00 AM,2,0,2
11/28/2016 10:00:00 PM,1,1,0
11/22/2016 11:00:00 PM,0,0,0
11/14/2016 09:00:00 AM,13,0,13
11/21/2016 07:00:00 PM,7,7,0
11/09/2016 01:00:00 PM,1,1,0
11/14/2016 07:00:00 AM,3,0,3
11/19/2016 02:00:00 AM,0,0,0
11/29/2016 01:00:00 PM,7,3,4
11/07/2016 03:00:00 AM,0,0,0
11/12/2016 09:00:00 PM,0,0,0
11/21/2016 03:00:00 AM,0,0,0
11/10/2016 03:00:00 AM,0,0,0
11/07/2016 10:00:00 AM,4,2,2
11/23/2016 10:00:00 AM,8,3,5
11/27/2016 01:00:00 AM,0,0,0
11/17/2016 07:00:00 AM,9,1,8
11/14/2016 05:00:00 PM,23,22,1
11/20/2016 04:00:00 AM,0,0,0
11/10/2016 09:00:00 PM,2,2,0
11/28/2016 03:00:00 PM,6,5,1
11/15/2016 09:00:00 PM,1,1,0
11/06/2016 12:00:00 AM,0,0,0
11/12/2016 07:00:00 AM,1,0,1
11/10/2016 01:00:00 AM,0,0,0
11/18/2016 04:00:00 PM,10,8,2
11/25/2016 04:00:00 PM,2,2,0
11/15/2016 10:00:00 AM,5,2,3
11/19/2016 09:00:00 PM,0,0,0
11/18/2016 06:00:00 AM,3,0,3
11/20/2016 05:00:00 PM,1,1,0
11/27/2016 02:00:00 PM,2,1,1
11/05/2016 02:00:00 PM,2,1,1
11/29/2016 02:00:00 PM,3,2,1
11/09/2016 07:00:00 PM,5,4,1
11/29/2016 08:00:00 PM,6,6,0
11/12/2016 11:00:00 PM,0,0,0
11/19/2016 07:00:00 PM,1,1,0
11/05/2016 06:00:00 PM,2,2,0
11/15/2016 06:00:00 AM,5,0,5
11/05/2016 06:00:00 AM,0,0,0
11/02/2016 07:00:00 AM,12,0,12
11/02/2016 02:00:00 AM,0,0,0
11/26/2016 07:00:00 AM,1,1,0
11/07/2016 02:00:00 PM,8,4,4
11/19/2016 10:00:00 PM,0,0,0
11/22/2016 07:00:00 PM,6,4,2
11/12/2016 08:00:00 AM,1,0,1
11/20/2016 01:00:00 PM,3,2,1
11/30/2016 12:00:00 PM,4,3,1
11/07/2016 01:00:00 PM,1,1,0
11/05/2016 09:00:00 PM,0,0,0
11/11/2016 05:00:00 AM,1,0,1
11/26/2016 08:00:00 AM,0,0,0
11/21/2016 11:00:00 PM,2,2,0
11/14/2016 04:00:00 AM,0,0,0
11/11/2016 04:00:00 PM,11,11,0
11/05/2016 10:00:00 AM,1,0,1
11/25/2016 11:00:00 PM,0,0,0
11/27/2016 03:00:00 AM,0,0,0
11/30/2016 04:00:00 PM,11,10,1
11/22/2016 01:00:00 AM,0,0,0
11/29/2016 12:00:00 PM,6,4,2
11/10/2016 10:00:00 PM,0,0,0
11/23/2016 08:00:00 AM,9,1,8
11/20/2016 03:00:00 AM,0,0,0
11/08/2016 01:00:00 PM,3,1,2
11/02/2016 08:00:00 AM,17,1,16
11/02/2016 03:00:00 AM,0,0,0
11/02/2016 11:00:00 AM,1,0,1
11/13/2016 01:00:00 PM,6,1,5
11/25/2016 07:00:00 AM,2,0,2
11/17/2016 04:00:00 AM,0,0,0
11/09/2016 03:00:00 PM,4,4,0
11/29/2016 12:00:00 AM,1,1,0
11/16/2016 10:00:00 PM,0,0,0
11/21/2016 04:00:00 AM,0,0,0
11/07/2016 06:00:00 AM,10,0,10
11/18/2016 05:00:00 AM,0,0,0
11/18/2016 09:00:00 AM,2,0,2
11/20/2016 03:00:00 PM,3,3,0
11/25/2016 08:00:00 AM,1,1,0
11/05/2016 03:00:00 AM,0,0,0
11/15/2016 04:00:00 AM,0,0,0
11/22/2016 08:00:00 PM,2,2,0
11/06/2016 01:00:00 PM,2,1,1
11/07/2016 12:00:00 AM,0,0,0
11/07/2016 07:00:00 AM,19,0,19
11/11/2016 06:00:00 AM,2,1,1
11/23/2016 08:00:00 PM,2,2,0
11/18/2016 11:00:00 AM,6,4,2
11/08/2016 07:00:00 AM,17,1,16
11/28/2016 02:00:00 PM,6,6,0
11/13/2016 08:00:00 PM,0,0,0
11/09/2016 09:00:00 PM,1,1,0
11/16/2016 08:00:00 AM,9,1,8
11/08/2016 07:00:00 PM,5,5,0
11/07/2016 02:00:00 AM,0,0,0
11/11/2016 08:00:00 AM,3,0,3
11/18/2016 12:00:00 AM,0,0,0
11/30/2016 02:00:00 PM,4,3,1
11/16/2016 11:00:00 AM,2,1,1
11/12/2016 02:00:00 AM,0,0,0
11/29/2016 04:00:00 PM,20,18,2
11/23/2016 01:00:00 PM,7,6,1
11/19/2016 10:00:00 AM,1,1,0
11/14/2016 03:00:00 PM,8,8,0
11/14/2016 04:00:00 PM,17,15,2
11/16/2016 05:00:00 PM,24,23,1
11/27/2016 04:00:00 AM,0,0,0
11/17/2016 10:00:00 AM,5,2,3
11/05/2016 08:00:00 PM,0,0,0
11/23/2016 09:00:00 PM,1,1,0
11/16/2016 07:00:00 AM,6,0,6
11/26/2016 03:00:00 PM,2,2,0
11/08/2016 03:00:00 PM,20,16,4
11/16/2016 01:00:00 PM,5,3,2
11/12/2016 05:00:00 AM,0,0,0
11/23/2016 07:00:00 AM,7,0,7
11/20/2016 04:00:00 PM,5,3,2
11/24/2016 01:00:00 AM,0,0,0
11/18/2016 09:00:00 PM,0,0,0
11/30/2016 12:00:00 AM,0,0,0
11/18/2016 07:00:00 PM,8,8,0
11/28/2016 03:00:00 AM,0,0,0
11/28/2016 09:00:00 AM,6,1,5
11/30/2016 03:00:00 AM,0,0,0
11/24/2016 01:00:00 PM,0,0,0
11/21/2016 06:00:00 PM,19,19,0
11/13/2016 06:00:00 PM,1,1,0
11/18/2016 02:00:00 PM,3,1,2
11/26/2016 05:00:00 AM,0,0,0
11/13/2016 11:00:00 PM,0,0,0
11/24/2016 12:00:00 PM,0,0,0
11/03/2016 02:00:00 AM,0,0,0
11/12/2016 10:00:00 PM,0,0,0
11/07/2016 04:00:00 AM,0,0,0
11/24/2016 08:00:00 PM,0,0,0
11/25/2016 06:00:00 AM,1,0,1
11/10/2016 04:00:00 AM,0,0,0
11/24/2016 03:00:00 AM,0,0,0
11/16/2016 04:00:00 AM,0,0,0
11/26/2016 02:00:00 AM,0,0,0
11/03/2016 09:00:00 AM,9,1,8
11/28/2016 08:00:00 PM,2,2,0
11/06/2016 05:00:00 PM,4,4,0
11/10/2016 01:00:00 PM,4,4,0
11/25/2016 12:00:00 AM,0,0,0
11/08/2016 04:00:00 PM,23,20,3
11/21/2016 09:00:00 PM,1,1,0
11/25/2016 05:00:00 AM,0,0,0
11/05/2016 12:00:00 PM,2,1,1
11/26/2016 12:00:00 PM,0,0,0
11/04/2016 12:00:00 PM,3,1,2
11/10/2016 12:00:00 PM,6,2,4
11/29/2016 03:00:00 PM,13,10,3
11/17/2016 01:00:00 PM,7,2,5
11/12/2016 08:00:00 PM,0,0,0
11/29/2016 09:00:00 PM,0,0,0
11/07/2016 09:00:00 AM,12,1,11
11/06/2016 02:00:00 PM,8,2,6
11/08/2016 05:00:00 AM,1,0,1
11/11/2016 01:00:00 AM,0,0,0
11/22/2016 11:00:00 AM,3,1,2
11/03/2016 11:00:00 AM,6,1,5
11/23/2016 03:00:00 PM,9,7,2
11/13/2016 03:00:00 PM,1,1,0
11/04/2016 11:00:00 PM,1,1,0
11/16/2016 03:00:00 PM,3,1,2
11/14/2016 03:00:00 AM,0,0,0
11/20/2016 07:00:00 AM,0,0,0
11/25/2016 09:00:00 PM,0,0,0
11/26/2016 09:00:00 AM,0,0,0
11/09/2016 08:00:00 AM,12,0,12
11/21/2016 10:00:00 AM,5,0,5
11/15/2016 04:00:00 PM,13,13,0
11/12/2016 07:00:00 PM,1,1,0
11/13/2016 05:00:00 PM,1,1,0
11/26/2016 08:00:00 PM,0,0,0
11/17/2016 12:00:00 PM,4,3,1
11/19/2016 01:00:00 PM,2,2,0
11/17/2016 03:00:00 PM,5,4,1
11/08/2016 12:00:00 AM,0,0,0
11/12/2016 01:00:00 PM,5,5,0
11/28/2016 06:00:00 PM,23,22,1
11/09/2016 11:00:00 AM,4,1,3
11/10/2016 03:00:00 PM,9,7,2
11/11/2016 11:00:00 PM,0,0,0
11/19/2016 02:00:00 PM,3,2,1
11/20/2016 07:00:00 PM,0,0,0
11/25/2016 02:00:00 PM,7,6,1
11/17/2016 01:00:00 AM,0,0,0
11/19/2016 01:00:00 AM,0,0,0
11/04/2016 01:00:00 PM,5,5,0
11/05/2016 07:00:00 PM,0,0,0
11/16/2016 05:00:00 AM,1,0,1
11/28/2016 12:00:00 PM,4,3,1
11/10/2016 02:00:00 PM,4,4,0
11/05/2016 11:00:00 AM,0,0,0
11/16/2016 10:00:00 AM,3,1,2
11/15/2016 01:00:00 AM,0,0,0
11/11/2016 09:00:00 PM,1,1,0
11/06/2016 11:00:00 AM,7,6,1
11/01/2016 08:00:00 PM,1,1,0
11/09/2016 11:00:00 PM,0,0,0
11/21/2016 12:00:00 AM,1,1,0
11/14/2016 01:00:00 AM,0,0,0
11/30/2016 01:00:00 AM,1,1,0
11/12/2016 03:00:00 AM,0,0,0
11/20/2016 12:00:00 AM,1,1,0
11/20/2016 01:00:00 AM,0,0,0
11/14/2016 08:00:00 PM,6,6,0
11/11/2016 08:00:00 PM,0,0,0
11/02/2016 12:00:00 AM,2,2,0
11/03/2016 01:00:00 AM,1,1,0
11/05/2016 12:00:00 AM,0,0,0
11/18/2016 03:00:00 PM,13,11,2
11/27/2016 10:00:00 PM,0,0,0
11/14/2016 09:00:00 PM,2,2,0
11/06/2016 09:00:00 AM,6,2,4
11/02/2016 09:00:00 AM,8,1,7
11/04/2016 06:00:00 PM,21,21,0
11/21/2016 04:00:00 PM,17,17,0
11/18/2016 07:00:00 AM,3,0,3
11/04/2016 05:00:00 PM,26,26,0
11/06/2016 03:00:00 PM,2,1,1
11/09/2016 04:00:00 PM,13,12,1
11/03/2016 12:00:00 PM,5,2,3
11/20/2016 08:00:00 PM,0,0,0
11/02/2016 04:00:00 AM,0,0,0
11/19/2016 12:00:00 PM,5,5,0
11/26/2016 04:00:00 PM,1,1,0
11/17/2016 11:00:00 PM,0,0,0
11/24/2016 05:00:00 AM,0,0,0
11/22/2016 04:00:00 AM,0,0,0
11/11/2016 01:00:00 PM,5,5,0
11/12/2016 09:00:00 AM,2,1,1
11/26/2016 07:00:00 PM,0,0,0
11/26/2016 11:00:00 AM,2,2,0
11/02/2016 08:00:00 PM,3,3,0
11/08/2016 02:00:00 AM,0,0,0
11/22/2016 05:00:00 AM,2,0,2
11/20/2016 09:00:00 AM,1,0,1
11/13/2016 04:00:00 AM,0,0,0
11/10/2016 10:00:00 AM,2,0,2
11/28/2016 10:00:00 AM,5,1,4
11/06/2016 03:00:00 AM,0,0,0
11/15/2016 03:00:00 AM,0,0,0
11/24/2016 04:00:00 AM,0,0,0
11/07/2016 08:00:00 PM,5,5,0
11/30/2016 05:00:00 PM,20,20,0
11/21/2016 05:00:00 PM,24,23,1
11/03/2016 09:00:00 PM,5,3,2
11/17/2016 02:00:00 PM,5,5,0
11/03/2016 06:00:00 PM,15,15,0
11/15/2016 12:00:00 PM,3,1,2
11/22/2016 03:00:00 AM,0,0,0
11/22/2016 09:00:00 PM,2,2,0
11/13/2016 11:00:00 AM,2,1,1
11/29/2016 10:00:00 AM,6,0,6
11/11/2016 03:00:00 AM,0,0,0
11/26/2016 06:00:00 PM,0,0,0
11/06/2016 09:00:00 PM,0,0,0
11/11/2016 10:00:00 PM,1,1,0
11/01/2016 11:00:00 PM,0,0,0
11/01/2016 02:00:00 PM,5,5,0
11/07/2016 03:00:00 PM,7,5,2
11/12/2016 04:00:00 PM,7,3,4
11/08/2016 09:00:00 PM,1,1,0
11/18/2016 02:00:00 AM,0,0,0
11/30/2016 08:00:00 PM,0,0,0
11/30/2016 07:00:00 PM,10,10,0
11/01/2016 09:00:00 AM,12,0,12
11/04/2016 08:00:00 PM,5,5,0
11/25/2016 01:00:00 PM,4,3,1
11/21/2016 02:00:00 AM,0,0,0
11/27/2016 01:00:00 PM,0,0,0
11/20/2016 10:00:00 AM,4,3,1
11/30/2016 02:00:00 AM,0,0,0
11/01/2016 12:00:00 PM,6,1,5
11/06/2016 06:00:00 AM,1,0,1
11/23/2016 03:00:00 AM,0,0,0
11/27/2016 11:00:00 AM,4,3,1
11/04/2016 09:00:00 PM,0,0,0
11/02/2016 10:00:00 PM,1,1,0
11/25/2016 04:00:00 AM,0,0,0
11/21/2016 11:00:00 AM,5,1,4
11/12/2016 12:00:00 AM,1,1,0
11/27/2016 03:00:00 PM,1,1,0
11/28/2016 02:00:00 AM,0,0,0
11/13/2016 05:00:00 AM,0,0,0
11/04/2016 10:00:00 AM,9,1,8
12/12/2016 01:00:00 AM,0,0,0
12/09/2016 02:00:00 PM,1,0,1
12/15/2016 10:00:00 PM,0,0,0
12/02/2016 11:00:00 AM,2,2,0
12/31/2016 05:00:00 AM,0,0,0
12/13/2016 06:00:00 PM,11,10,1
12/11/2016 05:00:00 AM,0,0,0
12/22/2016 08:00:00 AM,4,1,3
12/26/2016 08:00:00 AM,1,1,0
12/21/2016 07:00:00 PM,4,4,0
12/24/2016 02:00:00 AM,0,0,0
12/21/2016 05:00:00 AM,0,0,0
12/10/2016 09:00:00 AM,1,1,0
12/11/2016 06:00:00 PM,2,1,1
12/12/2016 08:00:00 AM,7,1,6
12/01/2016 09:00:00 AM,5,0,5
12/05/2016 01:00:00 AM,0,0,0
12/31/2016 03:00:00 AM,0,0,0
12/02/2016 12:00:00 PM,1,1,0
12/24/2016 07:00:00 AM,0,0,0
12/28/2016 11:00:00 AM,1,0,1
12/23/2016 02:00:00 PM,2,2,0
12/22/2016 07:00:00 PM,0,0,0
12/18/2016 06:00:00 AM,1,0,1
12/15/2016 01:00:00 PM,1,1,0
12/15/2016 07:00:00 PM,4,4,0
12/25/2016 06:00:00 PM,0,0,0
12/09/2016 01:00:00 AM,0,0,0
12/12/2016 07:00:00 PM,5,5,0
12/09/2016 10:00:00 AM,0,0,0
12/06/2016 03:00:00 AM,0,0,0
12/30/2016 05:00:00 AM,0,0,0
12/27/2016 10:00:00 PM,0,0,0
12/03/2016 04:00:00 AM,0,0,0
12/09/2016 05:00:00 PM,1,1,0
12/10/2016 01:00:00 PM,4,1,3
12/01/2016 07:00:00 PM,5,5,0
12/09/2016 04:00:00 AM,0,0,0
12/04/2016 12:00:00 AM,1,1,0
12/16/2016 09:00:00 PM,0,0,0
12/14/2016 10:00:00 AM,0,0,0
12/13/2016 03:00:00 PM,5,5,0
12/15/2016 08:00:00 AM,6,0,6
12/26/2016 10:00:00 PM,0,0,0
12/18/2016 09:00:00 PM,0,0,0
12/27/2016 03:00:00 AM,0,0,0
12/27/2016 01:00:00 AM,1,1,0
12/21/2016 10:00:00 PM,1,1,0
12/23/2016 06:00:00 AM,1,0,1
12/18/2016 02:00:00 PM,0,0,0
12/27/2016 07:00:00 PM,0,0,0
12/22/2016 05:00:00 AM,0,0,0
12/22/2016 02:00:00 AM,0,0,0
12/18/2016 01:00:00 PM,3,1,2
12/27/2016 04:00:00 PM,2,2,0
12/06/2016 09:00:00 AM,3,1,2
12/25/2016 07:00:00 AM,1,1,0
12/08/2016 03:00:00 AM,0,0,0
12/16/2016 08:00:00 PM,0,0,0
12/23/2016 07:00:00 PM,0,0,0
12/30/2016 04:00:00 PM,11,9,2
12/14/2016 12:00:00 AM,0,0,0
12/22/2016 04:00:00 PM,7,7,0
12/29/2016 01:00:00 PM,4,3,1
12/09/2016 09:00:00 PM,0,0,0
12/20/2016 05:00:00 PM,15,15,0
12/06/2016 08:00:00 PM,1,1,0
12/04/2016 08:00:00 PM,1,1,0
12/20/2016 06:00:00 AM,1,0,1
12/28/2016 08:00:00 PM,0,0,0
12/07/2016 04:00:00 PM,9,7,2
12/07/2016 08:00:00 AM,2,0,2
12/29/2016 10:00:00 AM,4,2,2
12/27/2016 06:00:00 PM,5,5,0
12/17/2016 09:00:00 PM,0,0,0
12/01/2016 12:00:00 AM,0,0,0
12/13/2016 12:00:00 AM,0,0,0
12/17/2016 08:00:00 AM,0,0,0
12/21/2016 01:00:00 AM,1,1,0
12/11/2016 01:00:00 AM,0,0,0
12/27/2016 08:00:00 AM,7,1,6
12/08/2016 11:00:00 AM,0,0,0
12/02/2016 01:00:00 AM,0,0,0
12/21/2016 03:00:00 AM,0,0,0
12/07/2016 03:00:00 AM,0,0,0
12/13/2016 02:00:00 AM,0,0,0
12/29/2016 03:00:00 PM,9,7,2
12/16/2016 11:00:00 AM,1,1,0
12/26/2016 09:00:00 AM,1,0,1
12/15/2016 03:00:00 PM,4,4,0
12/17/2016 02:00:00 AM,0,0,0
12/25/2016 12:00:00 PM,4,1,3
12/30/2016 09:00:00 AM,1,0,1
12/04/2016 03:00:00 AM,0,0,0
12/17/2016 11:00:00 PM,0,0,0
12/25/2016 02:00:00 AM,0,0,0
12/28/2016 12:00:00 AM,0,0,0
12/19/2016 01:00:00 PM,3,1,2
12/12/2016 11:00:00 PM,1,1,0
12/27/2016 06:00:00 AM,2,0,2
12/14/2016 07:00:00 AM,4,2,2
12/04/2016 01:00:00 PM,3,2,1
12/09/2016 01:00:00 PM,1,1,0
12/02/2016 06:00:00 PM,9,7,2
12/07/2016 12:00:00 PM,3,0,3
12/09/2016 07:00:00 AM,2,1,1
12/07/2016 08:00:00 PM,3,3,0
12/20/2016 02:00:00 AM,0,0,0
12/25/2016 06:00:00 AM,0,0,0
12/27/2016 12:00:00 AM,0,0,0
12/14/2016 08:00:00 AM,4,1,3
12/13/2016 04:00:00 AM,0,0,0
12/22/2016 03:00:00 AM,0,0,0
12/17/2016 12:00:00 PM,1,1,0
12/11/2016 02:00:00 PM,3,1,2
12/25/2016 03:00:00 AM,0,0,0
12/07/2016 09:00:00 AM,3,1,2
12/16/2016 06:00:00 PM,3,3,0
12/18/2016 04:00:00 PM,2,1,1
12/14/2016 02:00:00 AM,0,0,0
12/31/2016 11:00:00 AM,5,2,3
12/24/2016 10:00:00 PM,1,1,0
12/17/2016 12:00:00 AM,0,0,0
12/18/2016 08:00:00 PM,0,0,0
12/03/2016 04:00:00 PM,3,2,1
12/31/2016 10:00:00 AM,0,0,0
12/29/2016 01:00:00 AM,0,0,0
12/13/2016 07:00:00 PM,4,4,0
12/10/2016 09:00:00 PM,0,0,0
12/07/2016 06:00:00 PM,7,6,1
12/28/2016 10:00:00 AM,3,1,2
12/17/2016 06:00:00 PM,1,1,0
12/24/2016 09:00:00 PM,0,0,0
12/07/2016 07:00:00 PM,5,5,0
12/03/2016 01:00:00 PM,3,1,2
12/08/2016 08:00:00 PM,3,3,0
12/04/2016 11:00:00 PM,1,1,0
12/08/2016 07:00:00 AM,3,2,1
12/22/2016 09:00:00 PM,1,1,0
12/21/2016 10:00:00 AM,2,2,0
12/21/2016 11:00:00 AM,1,0,1
12/30/2016 01:00:00 AM,0,0,0
12/22/2016 06:00:00 AM,2,0,2
12/26/2016 04:00:00 PM,3,2,1
12/19/2016 11:00:00 PM,1,1,0
12/14/2016 09:00:00 PM,1,1,0
12/21/2016 08:00:00 AM,4,2,2
12/06/2016 07:00:00 AM,6,0,6
12/12/2016 09:00:00 AM,2,1,1
12/21/2016 04:00:00 AM,0,0,0
12/05/2016 05:00:00 AM,0,0,0
12/01/2016 03:00:00 PM,7,7,0
12/19/2016 07:00:00 PM,2,2,0
12/20/2016 09:00:00 PM,1,1,0
12/14/2016 09:00:00 AM,6,1,5
12/18/2016 07:00:00 AM,0,0,0
12/26/2016 07:00:00 PM,0,0,0
12/26/2016 01:00:00 AM,0,0,0
12/02/2016 01:00:00 PM,2,1,1
12/28/2016 03:00:00 PM,4,3,1
12/01/2016 06:00:00 PM,19,19,0
12/03/2016 10:00:00 AM,0,0,0
12/02/2016 10:00:00 PM,1,1,0
12/28/2016 11:00:00 PM,0,0,0
12/31/2016 01:00:00 AM,0,0,0
12/20/2016 11:00:00 AM,1,0,1
12/07/2016 04:00:00 AM,0,0,0
12/26/2016 07:00:00 AM,1,1,0
12/28/2016 12:00:00 PM,4,2,2
12/28/2016 02:00:00 PM,5,5,0
12/10/2016 06:00:00 AM,0,0,0
12/31/2016 07:00:00 PM,0,0,0
12/14/2016 02:00:00 PM,4,3,1
12/25/2016 11:00:00 PM,0,0,0
12/30/2016 05:00:00 PM,8,8,0
12/29/2016 09:00:00 PM,0,0,0
12/27/2016 08:00:00 PM,0,0,0
12/18/2016 08:00:00 AM,0,0,0
12/09/2016 12:00:00 AM,0,0,0
12/20/2016 11:00:00 PM,0,0,0
12/14/2016 08:00:00 PM,0,0,0
12/27/2016 09:00:00 PM,0,0,0
12/19/2016 08:00:00 PM,0,0,0
12/28/2016 02:00:00 AM,0,0,0
12/09/2016 10:00:00 PM,0,0,0
12/27/2016 01:00:00 PM,5,2,3
12/05/2016 02:00:00 PM,4,2,2
12/20/2016 05:00:00 AM,0,0,0
12/10/2016 08:00:00 PM,0,0,0
12/21/2016 11:00:00 PM,0,0,0
12/23/2016 09:00:00 PM,1,1,0
12/31/2016 10:00:00 PM,0,0,0
12/27/2016 10:00:00 AM,2,1,1
12/17/2016 11:00:00 AM,3,3,0
12/23/2016 07:00:00 AM,4,2,2
12/01/2016 08:00:00 AM,5,0,5
12/06/2016 08:00:00 AM,6,1,5
12/08/2016 07:00:00 PM,5,4,1
12/04/2016 01:00:00 AM,0,0,0
12/10/2016 10:00:00 PM,0,0,0
12/02/2016 05:00:00 PM,18,18,0
12/17/2016 10:00:00 PM,0,0,0
12/05/2016 03:00:00 AM,0,0,0
12/20/2016 03:00:00 AM,0,0,0
12/06/2016 06:00:00 AM,2,0,2
12/15/2016 10:00:00 AM,1,0,1
12/15/2016 04:00:00 AM,0,0,0
12/13/2016 08:00:00 AM,6,2,4
12/05/2016 08:00:00 AM,10,1,9
12/16/2016 04:00:00 PM,10,9,1
12/26/2016 05:00:00 PM,0,0,0
12/02/2016 10:00:00 AM,4,1,3
12/11/2016 12:00:00 AM,0,0,0
12/13/2016 10:00:00 PM,1,1,0
12/08/2016 05:00:00 PM,15,15,0
12/04/2016 05:00:00 AM,0,0,0
12/03/2016 07:00:00 AM,0,0,0
12/29/2016 07:00:00 PM,0,0,0
12/29/2016 12:00:00 AM,2,1,1
12/01/2016 11:00:00 AM,2,0,2
12/29/2016 03:00:00 AM,0,0,0
12/22/2016 09:00:00 AM,0,0,0
12/07/2016 12:00:00 AM,1,1,0
12/31/2016 03:00:00 PM,4,4,0
12/02/2016 11:00:00 PM,0,0,0
12/10/2016 06:00:00 PM,0,0,0
12/28/2016 08:00:00 AM,2,1,1
12/01/2016 12:00:00 PM,4,1,3
12/08/2016 12:00:00 AM,0,0,0
12/23/2016 04:00:00 PM,7,7,0
12/22/2016 07:00:00 AM,3,1,2
12/23/2016 10:00:00 AM,1,1,0
12/17/2016 08:00:00 PM,0,0,0
12/25/2016 05:00:00 AM,1,0,1
12/19/2016 12:00:00 AM,0,0,0
12/12/2016 04:00:00 PM,7,6,1
12/19/2016 07:00:00 AM,2,0,2
12/22/2016 05:00:00 PM,9,9,0
12/16/2016 05:00:00 PM,6,6,0
12/26/2016 12:00:00 PM,5,3,2
12/26/2016 08:00:00 PM,0,0,0
12/23/2016 05:00:00 PM,2,2,0
12/04/2016 07:00:00 PM,0,0,0
12/21/2016 07:00:00 AM,1,1,0
12/19/2016 09:00:00 AM,1,0,1
12/31/2016 12:00:00 AM,0,0,0
12/20/2016 10:00:00 AM,2,1,1
12/16/2016 02:00:00 PM,2,2,0
12/18/2016 11:00:00 PM,0,0,0
12/03/2016 07:00:00 PM,0,0,0
12/18/2016 09:00:00 AM,2,2,0
12/05/2016 06:00:00 AM,2,0,2
12/22/2016 08:00:00 PM,0,0,0
12/28/2016 03:00:00 AM,0,0,0
12/02/2016 04:00:00 AM,0,0,0
12/29/2016 07:00:00 AM,5,1,4
12/07/2016 09:00:00 PM,1,1,0
12/28/2016 09:00:00 AM,2,1,1
12/29/2016 05:00:00 PM,10,9,1
12/16/2016 06:00:00 AM,1,1,0
12/10/2016 03:00:00 AM,0,0,0
12/29/2016 08:00:00 PM,0,0,0
12/11/2016 03:00:00 PM,0,0,0
12/09/2016 08:00:00 PM,0,0,0
12/24/2016 08:00:00 AM,7,4,3
12/13/2016 12:00:00 PM,2,2,0
12/04/2016 06:00:00 PM,1,1,0
12/14/2016 03:00:00 AM,0,0,0
12/20/2016 08:00:00 PM,0,0,0
12/30/2016 02:00:00 PM,7,6,1
12/09/2016 07:00:00 PM,2,2,0
12/19/2016 10:00:00 AM,0,0,0
12/09/2016 09:00:00 AM,1,0,1
12/02/2016 07:00:00 AM,8,1,7
12/05/2016 05:00:00 PM,17,17,0
12/01/2016 04:00:00 AM,0,0,0
12/23/2016 11:00:00 AM,1,1,0
12/20/2016 04:00:00 AM,0,0,0
12/01/2016 05:00:00 PM,30,30,0
12/15/2016 11:00:00 AM,0,0,0
12/28/2016 04:00:00 AM,0,0,0
12/10/2016 04:00:00 PM,0,0,0
12/21/2016 06:00:00 AM,1,0,1
12/14/2016 05:00:00 PM,19,18,1
12/15/2016 12:00:00 PM,2,0,2
12/27/2016 02:00:00 AM,0,0,0
12/29/2016 08:00:00 AM,3,1,2
12/10/2016 07:00:00 AM,0,0,0
12/29/2016 04:00:00 AM,0,0,0
12/30/2016 11:00:00 PM,0,0,0
12/12/2016 05:00:00 AM,1,0,1
12/18/2016 07:00:00 PM,1,1,0
12/18/2016 05:00:00 PM,0,0,0
12/17/2016 03:00:00 AM,0,0,0
12/14/2016 10:00:00 PM,0,0,0
12/11/2016 10:00:00 PM,0,0,0
12/30/2016 08:00:00 PM,0,0,0
12/22/2016 12:00:00 PM,0,0,0
12/21/2016 04:00:00 PM,8,7,1
12/21/2016 12:00:00 AM,0,0,0
12/28/2016 07:00:00 AM,8,2,6
12/31/2016 04:00:00 AM,0,0,0
12/02/2016 02:00:00 PM,0,0,0
12/29/2016 06:00:00 AM,1,0,1
12/30/2016 12:00:00 PM,5,3,2
12/28/2016 05:00:00 AM,1,0,1
12/24/2016 02:00:00 PM,0,0,0
12/23/2016 03:00:00 PM,3,3,0
12/01/2016 01:00:00 AM,1,1,0
12/12/2016 10:00:00 AM,0,0,0
12/12/2016 03:00:00 AM,0,0,0
12/06/2016 02:00:00 PM,6,4,2
12/05/2016 07:00:00 PM,4,4,0
12/18/2016 05:00:00 AM,0,0,0
12/01/2016 10:00:00 PM,0,0,0
12/06/2016 10:00:00 AM,5,2,3
12/22/2016 10:00:00 AM,5,5,0
12/05/2016 06:00:00 PM,14,14,0
12/03/2016 03:00:00 AM,0,0,0
12/28/2016 10:00:00 PM,0,0,0
12/10/2016 01:00:00 AM,0,0,0
12/07/2016 06:00:00 AM,1,0,1
12/07/2016 01:00:00 AM,0,0,0
12/31/2016 11:00:00 PM,0,0,0
12/13/2016 09:00:00 PM,0,0,0
12/10/2016 05:00:00 AM,0,0,0
12/14/2016 07:00:00 PM,5,4,1
12/29/2016 04:00:00 PM,23,14,9
12/24/2016 06:00:00 PM,0,0,0
12/18/2016 03:00:00 AM,0,0,0
12/26/2016 11:00:00 PM,0,0,0
12/21/2016 08:00:00 PM,0,0,0
12/25/2016 12:00:00 AM,0,0,0
12/29/2016 06:00:00 PM,2,2,0
12/25/2016 10:00:00 AM,0,0,0
12/24/2016 12:00:00 AM,0,0,0
12/16/2016 08:00:00 AM,5,0,5
12/13/2016 03:00:00 AM,0,0,0
12/30/2016 06:00:00 AM,1,0,1
12/15/2016 09:00:00 AM,4,1,3
12/26/2016 09:00:00 PM,0,0,0
12/04/2016 03:00:00 PM,7,7,0
12/07/2016 05:00:00 AM,0,0,0
12/04/2016 06:00:00 AM,0,0,0
12/19/2016 12:00:00 PM,3,3,0
12/24/2016 05:00:00 AM,0,0,0
12/28/2016 06:00:00 AM,1,0,1
12/17/2016 01:00:00 PM,1,1,0
12/25/2016 05:00:00 PM,0,0,0
12/09/2016 06:00:00 PM,1,1,0
12/16/2016 12:00:00 AM,1,1,0
12/05/2016 07:00:00 AM,6,0,6
12/20/2016 12:00:00 PM,5,4,1
12/09/2016 11:00:00 AM,0,0,0
12/28/2016 01:00:00 PM,7,5,2
12/21/2016 09:00:00 AM,1,0,1
12/11/2016 06:00:00 AM,0,0,0
12/22/2016 10:00:00 PM,0,0,0
12/12/2016 08:00:00 PM,0,0,0
12/17/2016 04:00:00 PM,3,3,0
12/02/2016 03:00:00 AM,0,0,0
12/01/2016 01:00:00 PM,7,4,3
12/05/2016 09:00:00 AM,2,0,2
12/13/2016 11:00:00 PM,0,0,0
12/18/2016 01:00:00 AM,0,0,0
12/28/2016 09:00:00 PM,0,0,0
12/03/2016 02:00:00 AM,1,1,0
12/24/2016 12:00:00 PM,6,3,3
12/31/2016 08:00:00 PM,1,0,1
12/11/2016 12:00:00 PM,3,3,0
12/07/2016 11:00:00 PM,0,0,0
12/23/2016 10:00:00 PM,0,0,0
12/11/2016 03:00:00 AM,0,0,0
12/05/2016 04:00:00 AM,0,0,0
12/25/2016 02:00:00 PM,5,3,2
12/24/2016 07:00:00 PM,0,0,0
12/20/2016 07:00:00 PM,1,1,0
12/12/2016 12:00:00 PM,0,0,0
12/02/2016 07:00:00 PM,3,3,0
12/20/2016 03:00:00 PM,5,3,2
12/06/2016 04:00:00 AM,0,0,0
12/22/2016 11:00:00 AM,3,1,2
12/09/2016 08:00:00 AM,2,1,1
12/17/2016 03:00:00 PM,3,3,0
12/09/2016 03:00:00 AM,1,1,0
12/11/2016 11:00:00 PM,1,1,0
12/14/2016 11:00:00 PM,0,0,0
12/03/2016 03:00:00 PM,5,5,0
12/01/2016 09:00:00 PM,1,1,0
12/19/2016 01:00:00 AM,1,1,0
12/17/2016 09:00:00 AM,1,1,0
12/06/2016 04:00:00 PM,9,9,0
12/01/2016 05:00:00 AM,0,0,0
12/14/2016 01:00:00 PM,0,0,0
12/08/2016 03:00:00 PM,8,5,3
12/20/2016 08:00:00 AM,1,1,0
12/06/2016 05:00:00 AM,1,0,1
12/25/2016 04:00:00 PM,3,2,1
12/06/2016 12:00:00 AM,1,1,0
12/02/2016 06:00:00 AM,1,0,1
12/26/2016 05:00:00 AM,0,0,0
12/10/2016 03:00:00 PM,3,3,0
12/24/2016 03:00:00 PM,1,1,0
12/13/2016 02:00:00 PM,2,1,1
12/09/2016 05:00:00 AM,0,0,0
12/23/2016 03:00:00 AM,0,0,0
12/08/2016 01:00:00 AM,1,1,0
12/11/2016 04:00:00 PM,2,2,0
12/16/2016 07:00:00 AM,7,3,4
12/25/2016 01:00:00 PM,3,3,0
12/15/2016 05:00:00 AM,0,0,0
12/30/2016 01:00:00 PM,6,4,2
12/01/2016 07:00:00 AM,5,0,5
12/25/2016 09:00:00 PM,0,0,0
12/26/2016 03:00:00 PM,1,1,0
12/11/2016 08:00:00 PM,1,0,1
12/23/2016 12:00:00 PM,0,0,0
12/03/2016 09:00:00 AM,1,0,1
12/30/2016 06:00:00 PM,4,4,0
12/16/2016 09:00:00 AM,3,3,0
12/30/2016 04:00:00 AM,0,0,0
12/07/2016 05:00:00 PM,17,17,0
12/01/2016 11:00:00 PM,0,0,0
12/22/2016 01:00:00 AM,1,1,0
12/24/2016 05:00:00 PM,0,0,0
12/05/2016 10:00:00 AM,1,0,1
12/19/2016 04:00:00 AM,0,0,0
12/13/2016 01:00:00 AM,1,1,0
12/04/2016 02:00:00 PM,3,3,0
12/14/2016 01:00:00 AM,0,0,0
12/01/2016 03:00:00 AM,1,1,0
12/22/2016 12:00:00 AM,0,0,0
12/23/2016 05:00:00 AM,0,0,0
12/11/2016 07:00:00 AM,1,0,1
12/06/2016 11:00:00 PM,0,0,0
12/01/2016 10:00:00 AM,3,1,2
12/23/2016 11:00:00 PM,0,0,0
12/16/2016 05:00:00 AM,0,0,0
12/13/2016 08:00:00 PM,1,1,0
12/01/2016 02:00:00 AM,0,0,0
12/22/2016 04:00:00 AM,0,0,0
12/21/2016 06:00:00 PM,4,4,0
12/12/2016 07:00:00 AM,2,0,2
12/03/2016 06:00:00 PM,0,0,0
12/13/2016 11:00:00 AM,1,0,1
12/18/2016 03:00:00 PM,2,2,0
12/31/2016 02:00:00 AM,0,0,0
12/24/2016 01:00:00 AM,0,0,0
12/14/2016 03:00:00 PM,4,4,0
12/25/2016 01:00:00 AM,0,0,0
12/09/2016 11:00:00 PM,0,0,0
12/09/2016 04:00:00 PM,3,3,0
12/15/2016 02:00:00 AM,0,0,0
12/02/2016 09:00:00 AM,3,1,2
12/31/2016 06:00:00 AM,1,0,1
12/17/2016 01:00:00 AM,0,0,0
12/16/2016 01:00:00 AM,0,0,0
12/12/2016 01:00:00 PM,4,4,0
12/26/2016 12:00:00 AM,1,1,0
12/11/2016 09:00:00 AM,2,2,0
12/21/2016 02:00:00 PM,4,3,1
12/11/2016 09:00:00 PM,0,0,0
12/26/2016 06:00:00 PM,0,0,0
12/23/2016 01:00:00 PM,2,2,0
12/26/2016 10:00:00 AM,1,1,0
12/26/2016 04:00:00 AM,0,0,0
12/20/2016 07:00:00 AM,4,0,4
12/05/2016 12:00:00 AM,2,2,0
12/05/2016 01:00:00 PM,1,1,0
12/24/2016 04:00:00 AM,0,0,0
12/11/2016 11:00:00 AM,0,0,0
12/08/2016 08:00:00 AM,4,1,3
12/20/2016 01:00:00 PM,3,2,1
12/24/2016 11:00:00 PM,0,0,0
12/30/2016 11:00:00 AM,6,2,4
12/30/2016 09:00:00 PM,0,0,0
12/05/2016 11:00:00 AM,2,2,0
12/22/2016 01:00:00 PM,4,3,1
12/31/2016 12:00:00 PM,3,2,1
12/19/2016 02:00:00 AM,0,0,0
12/03/2016 05:00:00 PM,2,1,1
12/14/2016 06:00:00 PM,8,7,1
12/17/2016 07:00:00 PM,0,0,0
12/06/2016 06:00:00 PM,11,11,0
12/02/2016 08:00:00 PM,1,1,0
12/06/2016 12:00:00 PM,3,1,2
12/14/2016 04:00:00 AM,0,0,0
12/14/2016 05:00:00 AM,0,0,0
12/02/2016 12:00:00 AM,1,1,0
12/12/2016 12:00:00 AM,1,1,0
12/28/2016 01:00:00 AM,1,1,0
12/15/2016 06:00:00 AM,2,0,2
12/07/2016 02:00:00 AM,0,0,0
12/06/2016 03:00:00 PM,4,4,0
12/10/2016 12:00:00 AM,0,0,0
12/18/2016 11:00:00 AM,3,3,0
12/08/2016 04:00:00 AM,0,0,0
12/11/2016 07:00:00 PM,0,0,0
12/03/2016 02:00:00 PM,1,1,0
12/14/2016 06:00:00 AM,1,0,1
12/29/2016 02:00:00 PM,5,3,2
12/31/2016 09:00:00 PM,0,0,0
12/19/2016 08:00:00 AM,5,1,4
12/21/2016 09:00:00 PM,1,1,0
12/17/2016 10:00:00 AM,1,1,0
12/31/2016 04:00:00 PM,3,2,1
12/19/2016 03:00:00 AM,0,0,0
12/11/2016 04:00:00 AM,0,0,0
12/08/2016 02:00:00 PM,6,5,1
12/18/2016 12:00:00 PM,2,1,1
12/13/2016 06:00:00 AM,4,0,4
12/03/2016 12:00:00 PM,7,7,0
12/29/2016 11:00:00 PM,0,0,0
12/31/2016 05:00:00 PM,0,0,0
12/10/2016 05:00:00 PM,1,1,0
12/08/2016 09:00:00 PM,1,1,0
12/16/2016 04:00:00 AM,0,0,0
12/08/2016 11:00:00 PM,0,0,0
12/04/2016 04:00:00 PM,6,3,3
12/26/2016 03:00:00 AM,0,0,0
12/27/2016 12:00:00 PM,3,1,2
12/30/2016 07:00:00 PM,2,2,0
12/06/2016 11:00:00 AM,0,0,0
12/19/2016 11:00:00 AM,1,1,0
12/10/2016 04:00:00 AM,0,0,0
12/22/2016 03:00:00 PM,5,4,1
12/25/2016 11:00:00 AM,0,0,0
12/06/2016 01:00:00 PM,3,1,2
12/27/2016 04:00:00 AM,0,0,0
12/29/2016 02:00:00 AM,0,0,0
12/25/2016 09:00:00 AM,1,0,1
12/20/2016 01:00:00 AM,1,1,0
12/23/2016 06:00:00 PM,3,3,0
12/23/2016 01:00:00 AM,0,0,0
12/04/2016 05:00:00 PM,2,2,0
12/11/2016 10:00:00 AM,0,0,0
12/01/2016 06:00:00 AM,2,0,2
12/23/2016 08:00:00 AM,2,0,2
12/05/2016 03:00:00 PM,6,5,1
12/30/2016 10:00:00 PM,0,0,0
12/19/2016 05:00:00 AM,0,0,0
12/06/2016 09:00:00 PM,1,1,0
12/10/2016 02:00:00 PM,1,0,1
12/06/2016 07:00:00 PM,3,3,0
12/14/2016 11:00:00 AM,1,1,0
12/12/2016 09:00:00 PM,0,0,0
12/25/2016 04:00:00 AM,0,0,0
12/08/2016 10:00:00 PM,2,2,0
12/27/2016 03:00:00 PM,11,10,1
12/20/2016 10:00:00 PM,0,0,0
12/10/2016 10:00:00 AM,0,0,0
12/22/2016 06:00:00 PM,3,3,0
12/13/2016 10:00:00 AM,0,0,0
12/30/2016 03:00:00 PM,4,3,1
12/15/2016 06:00:00 PM,5,5,0
12/03/2016 11:00:00 AM,1,1,0
12/15/2016 02:00:00 PM,4,4,0
12/04/2016 04:00:00 AM,0,0,0
12/24/2016 10:00:00 AM,0,0,0
12/16/2016 02:00:00 AM,0,0,0
12/09/2016 02:00:00 AM,0,0,0
12/15/2016 11:00:00 PM,0,0,0
12/13/2016 05:00:00 AM,0,0,0
12/04/2016 02:00:00 AM,0,0,0
12/19/2016 05:00:00 PM,10,10,0
12/05/2016 02:00:00 AM,0,0,0
12/03/2016 05:00:00 AM,0,0,0
12/19/2016 10:00:00 PM,0,0,0
12/08/2016 09:00:00 AM,1,0,1
12/10/2016 12:00:00 PM,2,1,1
12/17/2016 06:00:00 AM,1,0,1
12/04/2016 10:00:00 PM,0,0,0
12/30/2016 07:00:00 AM,4,1,3
12/26/2016 01:00:00 PM,3,2,1
12/13/2016 01:00:00 PM,4,4,0
12/18/2016 10:00:00 AM,0,0,0
12/25/2016 10:00:00 PM,0,0,0
12/26/2016 02:00:00 AM,0,0,0
12/22/2016 11:00:00 PM,0,0,0
12/08/2016 06:00:00 AM,0,0,0
12/03/2016 08:00:00 AM,2,1,1
12/27/2016 02:00:00 PM,6,5,1
12/08/2016 01:00:00 PM,1,1,0
12/19/2016 06:00:00 PM,8,8,0
12/14/2016 04:00:00 PM,9,9,0
12/19/2016 03:00:00 PM,7,6,1
12/12/2016 06:00:00 PM,11,11,0
12/13/2016 05:00:00 PM,17,17,0
12/07/2016 07:00:00 AM,3,1,2
12/13/2016 09:00:00 AM,2,0,2
12/12/2016 04:00:00 AM,0,0,0
12/15/2016 05:00:00 PM,13,12,1
12/02/2016 05:00:00 AM,0,0,0
12/06/2016 01:00:00 AM,0,0,0
12/18/2016 04:00:00 AM,0,0,0
12/19/2016 04:00:00 PM,5,5,0
12/28/2016 04:00:00 PM,7,7,0
12/08/2016 04:00:00 PM,7,7,0
12/07/2016 03:00:00 PM,7,6,1
12/31/2016 01:00:00 PM,2,2,0
12/12/2016 02:00:00 AM,0,0,0
12/28/2016 06:00:00 PM,2,2,0
12/17/2016 02:00:00 PM,3,0,3
12/20/2016 12:00:00 AM,0,0,0
12/15/2016 04:00:00 PM,9,9,0
12/10/2016 02:00:00 AM,0,0,0
12/12/2016 11:00:00 AM,1,0,1
12/16/2016 11:00:00 PM,1,1,0
12/19/2016 06:00:00 AM,0,0,0
12/31/2016 06:00:00 PM,0,0,0
12/10/2016 11:00:00 PM,1,1,0
12/30/2016 10:00:00 AM,3,0,3
12/02/2016 02:00:00 AM,0,0,0
12/29/2016 09:00:00 AM,5,2,3
12/04/2016 08:00:00 AM,1,1,0
12/26/2016 02:00:00 PM,6,4,2
12/20/2016 09:00:00 AM,5,1,4
12/07/2016 11:00:00 AM,3,1,2
12/04/2016 10:00:00 AM,2,1,1
12/04/2016 09:00:00 AM,0,0,0
12/29/2016 12:00:00 PM,0,0,0
12/24/2016 11:00:00 AM,2,1,1
12/03/2016 06:00:00 AM,0,0,0
12/21/2016 03:00:00 PM,4,4,0
12/28/2016 07:00:00 PM,1,1,0
12/18/2016 02:00:00 AM,0,0,0
12/27/2016 05:00:00 PM,7,6,1
12/31/2016 02:00:00 PM,5,3,2
12/10/2016 07:00:00 PM,0,0,0
12/15/2016 08:00:00 PM,4,4,0
12/16/2016 03:00:00 PM,2,2,0
12/23/2016 04:00:00 AM,0,0,0
12/17/2016 05:00:00 AM,0,0,0
12/29/2016 05:00:00 AM,0,0,0
12/10/2016 08:00:00 AM,3,2,1
12/23/2016 08:00:00 PM,1,0,1
12/08/2016 05:00:00 AM,1,0,1
12/25/2016 08:00:00 AM,0,0,0
12/27/2016 09:00:00 AM,3,2,1
12/17/2016 04:00:00 AM,0,0,0
12/07/2016 02:00:00 PM,4,3,1
12/04/2016 11:00:00 AM,5,2,3
12/18/2016 10:00:00 PM,0,0,0
12/03/2016 11:00:00 PM,0,0,0
12/30/2016 03:00:00 AM,0,0,0
12/27/2016 07:00:00 AM,4,1,3
12/21/2016 05:00:00 PM,17,16,1
12/12/2016 06:00:00 AM,2,0,2
12/09/2016 03:00:00 PM,1,1,0
12/16/2016 01:00:00 PM,5,3,2
12/21/2016 02:00:00 AM,0,0,0
12/24/2016 03:00:00 AM,0,0,0
12/16/2016 03:00:00 AM,0,0,0
12/24/2016 09:00:00 AM,1,1,0
12/04/2016 09:00:00 PM,0,0,0
12/15/2016 03:00:00 AM,0,0,0
12/20/2016 06:00:00 PM,10,10,0
12/07/2016 01:00:00 PM,2,1,1
12/15/2016 01:00:00 AM,0,0,0
12/01/2016 08:00:00 PM,0,0,0
12/29/2016 10:00:00 PM,1,1,0
12/12/2016 03:00:00 PM,6,5,1
12/20/2016 04:00:00 PM,6,6,0
12/08/2016 12:00:00 PM,2,0,2
12/16/2016 10:00:00 AM,0,0,0
12/27/2016 11:00:00 AM,1,0,1
12/20/2016 02:00:00 PM,4,4,0
12/27/2016 05:00:00 AM,0,0,0
12/04/2016 07:00:00 AM,1,1,0
12/01/2016 02:00:00 PM,4,3,1
12/17/2016 07:00:00 AM,0,0,0
12/14/2016 12:00:00 PM,1,1,0
12/24/2016 06:00:00 AM,0,0,0
12/18/2016 12:00:00 AM,1,1,0
12/11/2016 08:00:00 AM,1,0,1
12/15/2016 09:00:00 PM,0,0,0
12/26/2016 11:00:00 AM,2,0,2
12/30/2016 12:00:00 AM,0,0,0
12/19/2016 02:00:00 PM,2,1,1
12/09/2016 12:00:00 PM,1,0,1
12/24/2016 04:00:00 PM,3,3,0
12/30/2016 08:00:00 AM,2,0,2
12/12/2016 05:00:00 PM,19,19,0
12/13/2016 07:00:00 AM,3,1,2
12/13/2016 04:00:00 PM,9,9,0
12/02/2016 03:00:00 PM,3,3,0
12/06/2016 02:00:00 AM,0,0,0
12/03/2016 09:00:00 PM,1,1,0
12/11/2016 02:00:00 AM,0,0,0
12/30/2016 02:00:00 AM,0,0,0
12/03/2016 10:00:00 PM,0,0,0
12/06/2016 05:00:00 PM,18,17,1
12/31/2016 07:00:00 AM,1,0,1
12/09/2016 06:00:00 AM,2,0,2
12/05/2016 12:00:00 PM,3,2,1
12/25/2016 08:00:00 PM,0,0,0
12/11/2016 05:00:00 PM,0,0,0
12/03/2016 01:00:00 AM,1,1,0
12/03/2016 12:00:00 AM,1,1,0
12/12/2016 10:00:00 PM,0,0,0
12/15/2016 07:00:00 AM,3,2,1
12/07/2016 10:00:00 PM,0,0,0
12/27/2016 11:00:00 PM,0,0,0
12/07/2016 10:00:00 AM,0,0,0
12/16/2016 07:00:00 PM,2,1,1
12/12/2016 02:00:00 PM,1,0,1
12/05/2016 11:00:00 PM,0,0,0
12/28/2016 05:00:00 PM,8,7,1
12/23/2016 12:00:00 AM,1,1,0
12/21/2016 01:00:00 PM,3,3,0
12/04/2016 12:00:00 PM,7,7,0
12/25/2016 07:00:00 PM,0,0,0
12/05/2016 10:00:00 PM,2,2,0
12/31/2016 08:00:00 AM,2,1,1
12/16/2016 10:00:00 PM,0,0,0
12/15/2016 12:00:00 AM,1,1,0
12/18/2016 06:00:00 PM,0,0,0
12/02/2016 09:00:00 PM,3,3,0
12/11/2016 01:00:00 PM,0,0,0
12/08/2016 06:00:00 PM,7,7,0
12/25/2016 03:00:00 PM,1,1,0
12/24/2016 08:00:00 PM,1,1,0
12/05/2016 09:00:00 PM,1,1,0
12/10/2016 11:00:00 AM,4,3,1
12/26/2016 06:00:00 AM,0,0,0
12/05/2016 08:00:00 PM,1,1,0
12/02/2016 04:00:00 PM,7,7,0
12/08/2016 02:00:00 AM,0,0,0
12/29/2016 11:00:00 AM,0,0,0
12/23/2016 09:00:00 AM,1,0,1
12/24/2016 01:00:00 PM,3,1,2
12/08/2016 10:00:00 AM,2,0,2
12/03/2016 08:00:00 PM,0,0,0
12/05/2016 04:00:00 PM,8,8,0
12/17/2016 05:00:00 PM,2,1,1
12/21/2016 12:00:00 PM,4,2,2
12/19/2016 09:00:00 PM,0,0,0
12/22/2016 02:00:00 PM,5,3,2
12/06/2016 10:00:00 PM,0,0,0
12/31/2016 09:00:00 AM,1,1,0
12/02/2016 08:00:00 AM,7,1,6
12/16/2016 12:00:00 PM,1,0,1
12/01/2016 04:00:00 PM,11,11,0
12/23/2016 02:00:00 AM,0,0,0
01/01/2017 05:00:00 AM,0,0,0
01/31/2017 05:00:00 AM,2,0,2
01/07/2017 09:00:00 AM,2,1,1
01/07/2017 10:00:00 AM,2,1,1
01/08/2017 05:00:00 AM,0,0,0
01/06/2017 05:00:00 AM,0,0,0
01/08/2017 11:00:00 PM,2,2,0
01/13/2017 02:00:00 PM,7,4,3
01/11/2017 02:00:00 PM,2,0,2
01/05/2017 10:00:00 PM,0,0,0
01/28/2017 06:00:00 PM,1,1,0
01/10/2017 12:00:00 PM,4,3,1
01/13/2017 11:00:00 PM,0,0,0
01/30/2017 06:00:00 AM,9,0,9
01/21/2017 12:00:00 AM,0,0,0
01/08/2017 11:00:00 AM,1,1,0
01/11/2017 04:00:00 PM,10,9,1
01/11/2017 02:00:00 AM,0,0,0
01/23/2017 06:00:00 AM,6,0,6
01/16/2017 05:00:00 PM,4,2,2
01/02/2017 09:00:00 AM,2,1,1
01/11/2017 11:00:00 AM,5,1,4
01/06/2017 02:00:00 AM,0,0,0
01/14/2017 01:00:00 AM,0,0,0
01/24/2017 02:00:00 AM,0,0,0
01/23/2017 10:00:00 PM,0,0,0
01/25/2017 02:00:00 PM,5,5,0
01/05/2017 06:00:00 PM,14,14,0
01/20/2017 10:00:00 PM,0,0,0
01/16/2017 07:00:00 AM,3,1,2
01/20/2017 06:00:00 AM,7,0,7
01/09/2017 02:00:00 PM,2,2,0
01/17/2017 07:00:00 PM,6,6,0
01/06/2017 09:00:00 PM,0,0,0
01/23/2017 02:00:00 PM,5,2,3
01/19/2017 08:00:00 AM,8,0,8
01/29/2017 01:00:00 PM,4,2,2
01/20/2017 05:00:00 PM,19,19,0
01/21/2017 04:00:00 PM,6,4,2
01/23/2017 02:00:00 AM,0,0,0
01/20/2017 09:00:00 PM,0,0,0
01/22/2017 02:00:00 PM,0,0,0
01/12/2017 09:00:00 AM,3,1,2
01/28/2017 12:00:00 AM,0,0,0
01/16/2017 09:00:00 AM,5,0,5
01/28/2017 05:00:00 AM,0,0,0
01/21/2017 10:00:00 PM,0,0,0
01/08/2017 09:00:00 AM,2,2,0
01/18/2017 03:00:00 AM,0,0,0
01/28/2017 10:00:00 AM,8,3,5
01/12/2017 11:00:00 AM,5,1,4
01/23/2017 07:00:00 PM,6,5,1
01/18/2017 12:00:00 AM,1,1,0
01/18/2017 09:00:00 AM,6,0,6
01/31/2017 02:00:00 AM,0,0,0
01/05/2017 11:00:00 AM,1,0,1
01/07/2017 04:00:00 PM,1,0,1
01/15/2017 04:00:00 AM,1,1,0
01/27/2017 03:00:00 PM,6,5,1
01/14/2017 03:00:00 AM,0,0,0
01/22/2017 01:00:00 PM,1,0,1
01/07/2017 01:00:00 PM,4,3,1
01/26/2017 07:00:00 PM,3,3,0
01/01/2017 01:00:00 PM,2,1,1
01/29/2017 10:00:00 AM,0,0,0
01/27/2017 05:00:00 AM,1,0,1
01/06/2017 01:00:00 AM,0,0,0
01/14/2017 12:00:00 PM,7,6,1
01/06/2017 04:00:00 PM,9,8,1
01/24/2017 05:00:00 AM,2,0,2
01/02/2017 07:00:00 PM,2,2,0
01/05/2017 05:00:00 AM,1,0,1
01/09/2017 07:00:00 AM,12,3,9
01/21/2017 05:00:00 AM,0,0,0
01/27/2017 04:00:00 AM,0,0,0
01/08/2017 04:00:00 AM,0,0,0
01/01/2017 08:00:00 AM,0,0,0
01/19/2017 10:00:00 PM,1,1,0
01/23/2017 07:00:00 AM,17,0,17
01/15/2017 08:00:00 PM,0,0,0
01/20/2017 08:00:00 AM,7,0,7
01/15/2017 04:00:00 PM,4,3,1
01/26/2017 11:00:00 AM,3,0,3
01/14/2017 09:00:00 PM,0,0,0
01/03/2017 09:00:00 AM,5,1,4
01/26/2017 12:00:00 AM,0,0,0
01/28/2017 03:00:00 AM,0,0,0
01/20/2017 12:00:00 PM,6,4,2
01/17/2017 04:00:00 PM,8,6,2
01/19/2017 12:00:00 AM,1,1,0
01/21/2017 11:00:00 AM,1,0,1
01/07/2017 04:00:00 AM,0,0,0
01/12/2017 01:00:00 AM,0,0,0
01/28/2017 10:00:00 PM,1,0,1
01/03/2017 12:00:00 PM,7,3,4
01/30/2017 09:00:00 PM,3,3,0
01/31/2017 03:00:00 AM,0,0,0
01/21/2017 10:00:00 AM,5,1,4
01/10/2017 02:00:00 PM,6,4,2
01/10/2017 08:00:00 AM,14,1,13
01/20/2017 01:00:00 AM,0,0,0
01/13/2017 08:00:00 AM,13,0,13
01/25/2017 01:00:00 AM,0,0,0
01/20/2017 07:00:00 PM,3,3,0
01/10/2017 12:00:00 AM,0,0,0
01/02/2017 11:00:00 AM,1,0,1
01/12/2017 04:00:00 PM,8,7,1
01/31/2017 07:00:00 AM,19,1,18
01/13/2017 10:00:00 AM,2,1,1
01/30/2017 08:00:00 PM,2,2,0
01/08/2017 07:00:00 AM,0,0,0
01/17/2017 10:00:00 AM,5,1,4
01/25/2017 11:00:00 AM,4,3,1
01/17/2017 02:00:00 AM,0,0,0
01/25/2017 03:00:00 AM,0,0,0
01/26/2017 08:00:00 AM,10,0,10
01/02/2017 06:00:00 PM,2,2,0
01/11/2017 04:00:00 AM,0,0,0
01/07/2017 11:00:00 AM,1,1,0
01/27/2017 09:00:00 PM,1,1,0
01/05/2017 07:00:00 AM,7,0,7
01/14/2017 08:00:00 AM,1,1,0
01/10/2017 09:00:00 AM,5,1,4
01/11/2017 12:00:00 AM,0,0,0
01/01/2017 01:00:00 AM,0,0,0
01/05/2017 02:00:00 PM,4,2,2
01/10/2017 07:00:00 PM,3,3,0
01/05/2017 03:00:00 AM,0,0,0
01/25/2017 04:00:00 PM,10,9,1
01/31/2017 04:00:00 PM,14,13,1
01/10/2017 10:00:00 PM,0,0,0
01/18/2017 07:00:00 AM,11,1,10
01/18/2017 05:00:00 AM,1,0,1
01/06/2017 04:00:00 AM,0,0,0
01/09/2017 05:00:00 AM,1,0,1
01/26/2017 10:00:00 AM,0,0,0
01/13/2017 06:00:00 PM,10,9,1
01/09/2017 08:00:00 AM,7,0,7
01/30/2017 01:00:00 AM,0,0,0
01/25/2017 10:00:00 AM,5,1,4
01/25/2017 01:00:00 PM,1,1,0
01/05/2017 11:00:00 PM,0,0,0
01/09/2017 02:00:00 AM,0,0,0
01/14/2017 04:00:00 AM,0,0,0
01/13/2017 09:00:00 PM,0,0,0
01/08/2017 03:00:00 PM,1,1,0
01/07/2017 12:00:00 AM,0,0,0
01/30/2017 07:00:00 PM,6,6,0
01/02/2017 02:00:00 AM,0,0,0
01/29/2017 12:00:00 PM,5,3,2
01/16/2017 01:00:00 PM,8,7,1
01/04/2017 06:00:00 AM,4,0,4
01/11/2017 01:00:00 AM,1,1,0
01/07/2017 10:00:00 PM,0,0,0
01/31/2017 11:00:00 AM,4,1,3
01/28/2017 11:00:00 AM,11,2,9
01/30/2017 10:00:00 AM,4,0,4
01/05/2017 09:00:00 AM,5,0,5
01/13/2017 05:00:00 PM,13,13,0
01/13/2017 07:00:00 PM,3,3,0
01/15/2017 02:00:00 AM,0,0,0
01/26/2017 05:00:00 PM,19,18,1
01/03/2017 10:00:00 PM,0,0,0
01/16/2017 03:00:00 AM,0,0,0
01/22/2017 06:00:00 AM,1,0,1
01/22/2017 06:00:00 PM,0,0,0
01/13/2017 11:00:00 AM,1,0,1
01/03/2017 01:00:00 PM,8,6,2
01/16/2017 04:00:00 PM,6,4,2
01/02/2017 01:00:00 AM,1,1,0
01/07/2017 06:00:00 AM,2,0,2
01/05/2017 12:00:00 AM,1,1,0
01/15/2017 09:00:00 PM,0,0,0
01/10/2017 06:00:00 PM,16,15,1
01/06/2017 08:00:00 PM,1,1,0
01/07/2017 05:00:00 AM,0,0,0
01/15/2017 08:00:00 AM,1,0,1
01/10/2017 11:00:00 PM,0,0,0
01/19/2017 05:00:00 PM,15,15,0
01/04/2017 09:00:00 AM,8,2,6
01/13/2017 12:00:00 AM,0,0,0
01/21/2017 06:00:00 AM,2,1,1
01/24/2017 12:00:00 AM,0,0,0
01/12/2017 05:00:00 PM,12,12,0
01/01/2017 08:00:00 PM,0,0,0
01/08/2017 02:00:00 PM,1,0,1
01/11/2017 01:00:00 PM,4,1,3
01/31/2017 09:00:00 AM,6,1,5
01/17/2017 03:00:00 PM,4,3,1
01/31/2017 11:00:00 PM,0,0,0
01/19/2017 09:00:00 AM,11,2,9
01/29/2017 05:00:00 AM,0,0,0
01/07/2017 08:00:00 AM,0,0,0
01/27/2017 11:00:00 AM,6,4,2
01/03/2017 04:00:00 PM,9,8,1
01/02/2017 04:00:00 PM,5,4,1
01/15/2017 10:00:00 AM,3,1,2
01/21/2017 12:00:00 PM,11,5,6
01/01/2017 11:00:00 PM,0,0,0
01/01/2017 10:00:00 AM,0,0,0
01/21/2017 07:00:00 AM,0,0,0
01/17/2017 11:00:00 AM,6,2,4
01/02/2017 10:00:00 AM,3,1,2
01/05/2017 07:00:00 PM,2,2,0
01/25/2017 11:00:00 PM,0,0,0
01/16/2017 08:00:00 AM,1,0,1
01/14/2017 05:00:00 PM,3,3,0
01/07/2017 05:00:00 PM,0,0,0
01/25/2017 12:00:00 PM,2,2,0
01/13/2017 05:00:00 AM,0,0,0
01/25/2017 05:00:00 AM,1,0,1
01/11/2017 11:00:00 PM,0,0,0
01/21/2017 07:00:00 PM,0,0,0
01/28/2017 11:00:00 PM,1,1,0
01/14/2017 02:00:00 AM,0,0,0
01/19/2017 03:00:00 AM,0,0,0
01/31/2017 08:00:00 PM,2,2,0
01/23/2017 11:00:00 AM,10,1,9
01/12/2017 12:00:00 PM,1,0,1
01/13/2017 02:00:00 AM,0,0,0
01/27/2017 10:00:00 AM,5,0,5
01/15/2017 11:00:00 AM,3,2,1
01/03/2017 03:00:00 AM,0,0,0
01/30/2017 07:00:00 AM,16,1,15
01/18/2017 06:00:00 PM,13,12,1
01/08/2017 03:00:00 AM,0,0,0
01/30/2017 12:00:00 AM,1,1,0
01/07/2017 01:00:00 AM,0,0,0
01/04/2017 12:00:00 PM,3,2,1
01/28/2017 04:00:00 PM,4,3,1
01/23/2017 10:00:00 AM,3,0,3
01/21/2017 02:00:00 AM,0,0,0
01/24/2017 10:00:00 PM,2,2,0
01/10/2017 01:00:00 PM,3,1,2
01/20/2017 03:00:00 PM,8,8,0
01/19/2017 11:00:00 AM,3,0,3
01/24/2017 01:00:00 AM,0,0,0
01/07/2017 08:00:00 PM,0,0,0
01/22/2017 10:00:00 PM,0,0,0
01/30/2017 11:00:00 PM,2,2,0
01/03/2017 08:00:00 AM,12,0,12
01/03/2017 07:00:00 PM,8,7,1
01/01/2017 12:00:00 PM,2,1,1
01/02/2017 04:00:00 AM,0,0,0
01/13/2017 01:00:00 AM,0,0,0
01/12/2017 09:00:00 PM,1,1,0
01/20/2017 11:00:00 AM,5,2,3
01/12/2017 07:00:00 PM,8,7,1
01/17/2017 01:00:00 PM,3,2,1
01/05/2017 04:00:00 PM,7,7,0
01/16/2017 06:00:00 AM,1,0,1
01/04/2017 07:00:00 AM,9,0,9
01/01/2017 09:00:00 AM,1,1,0
01/17/2017 06:00:00 AM,8,0,8
01/23/2017 01:00:00 AM,0,0,0
01/06/2017 03:00:00 AM,0,0,0
01/06/2017 11:00:00 PM,0,0,0
01/08/2017 06:00:00 AM,1,0,1
01/24/2017 11:00:00 AM,3,0,3
01/10/2017 01:00:00 AM,1,1,0
01/03/2017 02:00:00 PM,3,3,0
01/08/2017 04:00:00 PM,1,1,0
01/11/2017 08:00:00 PM,3,2,1
01/10/2017 02:00:00 AM,0,0,0
01/09/2017 11:00:00 PM,0,0,0
01/15/2017 12:00:00 PM,4,1,3
01/23/2017 08:00:00 PM,3,3,0
01/18/2017 08:00:00 PM,0,0,0
01/19/2017 01:00:00 AM,0,0,0
01/31/2017 06:00:00 AM,6,0,6
01/25/2017 04:00:00 AM,0,0,0
01/18/2017 09:00:00 PM,2,2,0
01/30/2017 12:00:00 PM,5,3,2
01/23/2017 09:00:00 PM,1,1,0
01/06/2017 10:00:00 PM,0,0,0
01/21/2017 11:00:00 PM,1,0,1
01/15/2017 09:00:00 AM,0,0,0
01/24/2017 06:00:00 PM,21,19,2
01/10/2017 10:00:00 AM,6,0,6
01/26/2017 04:00:00 PM,9,8,1
01/30/2017 04:00:00 PM,13,11,2
01/29/2017 06:00:00 AM,0,0,0
01/17/2017 03:00:00 AM,0,0,0
01/29/2017 03:00:00 PM,3,1,2
01/24/2017 08:00:00 PM,3,3,0
01/28/2017 02:00:00 PM,9,6,3
01/11/2017 12:00:00 PM,1,1,0
01/24/2017 09:00:00 AM,7,0,7
01/01/2017 11:00:00 AM,1,0,1
01/23/2017 03:00:00 AM,0,0,0
01/26/2017 01:00:00 PM,4,3,1
01/03/2017 03:00:00 PM,6,5,1
01/20/2017 03:00:00 AM,0,0,0
01/25/2017 07:00:00 AM,7,1,6
01/29/2017 06:00:00 PM,2,1,1
01/22/2017 09:00:00 PM,0,0,0
01/17/2017 01:00:00 AM,0,0,0
01/14/2017 11:00:00 AM,0,0,0
01/08/2017 10:00:00 AM,1,0,1
01/05/2017 09:00:00 PM,1,1,0
01/15/2017 11:00:00 PM,0,0,0
01/09/2017 04:00:00 PM,9,9,0
01/09/2017 06:00:00 AM,4,0,4
01/29/2017 03:00:00 AM,0,0,0
01/16/2017 01:00:00 AM,0,0,0
01/28/2017 09:00:00 PM,0,0,0
01/24/2017 02:00:00 PM,4,3,1
01/01/2017 02:00:00 AM,0,0,0
01/06/2017 05:00:00 PM,15,14,1
01/27/2017 06:00:00 AM,3,0,3
01/25/2017 08:00:00 AM,9,0,9
01/28/2017 07:00:00 PM,1,0,1
01/09/2017 07:00:00 PM,3,3,0
01/01/2017 03:00:00 AM,0,0,0
01/23/2017 05:00:00 AM,0,0,0
01/08/2017 01:00:00 AM,0,0,0
01/28/2017 03:00:00 PM,3,3,0
01/30/2017 06:00:00 PM,15,15,0
01/21/2017 09:00:00 AM,3,0,3
01/25/2017 05:00:00 PM,16,16,0
01/25/2017 02:00:00 AM,0,0,0
01/09/2017 01:00:00 PM,5,4,1
01/27/2017 12:00:00 AM,0,0,0
01/27/2017 11:00:00 PM,0,0,0
01/17/2017 04:00:00 AM,0,0,0
01/12/2017 04:00:00 AM,0,0,0
01/03/2017 12:00:00 AM,1,1,0
01/26/2017 09:00:00 PM,1,1,0
01/28/2017 01:00:00 PM,8,4,4
01/14/2017 08:00:00 PM,0,0,0
01/19/2017 11:00:00 PM,0,0,0
01/03/2017 11:00:00 AM,3,1,2
01/06/2017 06:00:00 AM,7,0,7
01/31/2017 03:00:00 PM,4,3,1
01/04/2017 05:00:00 AM,0,0,0
01/12/2017 11:00:00 PM,0,0,0
01/16/2017 12:00:00 AM,1,1,0
01/11/2017 07:00:00 PM,2,2,0
01/17/2017 12:00:00 AM,1,1,0
01/13/2017 03:00:00 PM,8,7,1
01/01/2017 02:00:00 PM,2,2,0
01/06/2017 10:00:00 AM,2,0,2
01/15/2017 02:00:00 PM,4,1,3
01/21/2017 02:00:00 PM,13,8,5
01/30/2017 01:00:00 PM,4,3,1
01/01/2017 05:00:00 PM,0,0,0
01/19/2017 02:00:00 AM,0,0,0
01/21/2017 01:00:00 AM,0,0,0
01/27/2017 01:00:00 PM,9,4,5
01/24/2017 12:00:00 PM,0,0,0
01/27/2017 07:00:00 AM,9,2,7
01/26/2017 12:00:00 PM,4,2,2
01/29/2017 02:00:00 PM,3,2,1
01/15/2017 01:00:00 PM,8,8,0
01/02/2017 07:00:00 AM,1,0,1
01/03/2017 09:00:00 PM,0,0,0
01/23/2017 08:00:00 AM,11,0,11
01/04/2017 12:00:00 AM,1,1,0
01/09/2017 09:00:00 PM,2,2,0
01/10/2017 06:00:00 AM,4,0,4
01/05/2017 04:00:00 AM,0,0,0
01/22/2017 08:00:00 AM,1,1,0
01/14/2017 09:00:00 AM,1,0,1
01/16/2017 11:00:00 AM,5,0,5
01/27/2017 08:00:00 AM,4,0,4
01/22/2017 02:00:00 AM,0,0,0
01/15/2017 05:00:00 AM,0,0,0
01/16/2017 02:00:00 AM,0,0,0
01/17/2017 05:00:00 PM,18,17,1
01/18/2017 04:00:00 PM,5,5,0
01/18/2017 03:00:00 PM,9,7,2
01/20/2017 11:00:00 PM,0,0,0
01/27/2017 02:00:00 PM,14,10,4
01/12/2017 08:00:00 PM,2,1,1
01/28/2017 12:00:00 PM,0,0,0
01/06/2017 07:00:00 PM,4,4,0
01/15/2017 12:00:00 AM,0,0,0
01/20/2017 10:00:00 AM,4,1,3
01/10/2017 04:00:00 PM,9,7,2
01/04/2017 06:00:00 PM,12,12,0
01/12/2017 07:00:00 AM,10,2,8
01/11/2017 08:00:00 AM,9,1,8
01/10/2017 04:00:00 AM,0,0,0
01/02/2017 09:00:00 PM,0,0,0
01/11/2017 05:00:00 PM,20,19,1
01/04/2017 04:00:00 PM,9,8,1
01/02/2017 03:00:00 AM,0,0,0
01/15/2017 03:00:00 AM,0,0,0
01/30/2017 02:00:00 AM,0,0,0
01/14/2017 01:00:00 PM,7,5,2
01/18/2017 11:00:00 PM,0,0,0
01/10/2017 03:00:00 AM,0,0,0
01/04/2017 10:00:00 AM,2,0,2
01/16/2017 10:00:00 AM,3,1,2
01/07/2017 02:00:00 PM,4,3,1
01/07/2017 03:00:00 AM,0,0,0
01/19/2017 12:00:00 PM,3,1,2
01/13/2017 07:00:00 AM,6,0,6
01/04/2017 11:00:00 AM,3,1,2
01/27/2017 08:00:00 PM,1,0,1
01/26/2017 06:00:00 PM,17,16,1
01/19/2017 10:00:00 AM,7,1,6
01/11/2017 03:00:00 PM,5,5,0
01/08/2017 05:00:00 PM,0,0,0
01/29/2017 09:00:00 AM,2,1,1
01/26/2017 07:00:00 AM,10,2,8
01/01/2017 07:00:00 PM,0,0,0
01/19/2017 08:00:00 PM,0,0,0
01/10/2017 11:00:00 AM,4,1,3
01/04/2017 07:00:00 PM,4,4,0
01/03/2017 10:00:00 AM,5,1,4
01/18/2017 01:00:00 PM,1,1,0
01/18/2017 08:00:00 AM,4,0,4
01/24/2017 07:00:00 AM,17,3,14
01/02/2017 06:00:00 AM,4,0,4
01/15/2017 10:00:00 PM,0,0,0
01/31/2017 08:00:00 AM,11,1,10
01/02/2017 12:00:00 PM,3,2,1
01/28/2017 09:00:00 AM,3,2,1
01/23/2017 11:00:00 PM,1,1,0
01/18/2017 02:00:00 PM,2,0,2
01/03/2017 11:00:00 PM,0,0,0
01/19/2017 01:00:00 PM,3,2,1
01/05/2017 01:00:00 AM,0,0,0
01/19/2017 09:00:00 PM,0,0,0
01/12/2017 01:00:00 PM,6,4,2
01/15/2017 07:00:00 AM,0,0,0
01/19/2017 03:00:00 PM,2,2,0
01/26/2017 02:00:00 AM,0,0,0
01/25/2017 06:00:00 PM,15,15,0
01/20/2017 06:00:00 PM,10,10,0
01/30/2017 05:00:00 PM,25,22,3
01/30/2017 02:00:00 PM,5,5,0
01/07/2017 09:00:00 PM,0,0,0
01/24/2017 03:00:00 PM,2,2,0
01/08/2017 08:00:00 PM,0,0,0
01/31/2017 02:00:00 PM,7,7,0
01/11/2017 03:00:00 AM,0,0,0
01/11/2017 09:00:00 PM,1,1,0
01/09/2017 03:00:00 PM,2,2,0
01/06/2017 01:00:00 PM,9,5,4
01/18/2017 07:00:00 PM,5,4,1
01/24/2017 05:00:00 PM,19,19,0
01/30/2017 11:00:00 AM,5,1,4
01/13/2017 10:00:00 PM,0,0,0
01/18/2017 02:00:00 AM,0,0,0
01/24/2017 08:00:00 AM,13,0,13
01/13/2017 04:00:00 AM,0,0,0
01/22/2017 03:00:00 AM,0,0,0
01/09/2017 12:00:00 PM,5,3,2
01/04/2017 10:00:00 PM,2,2,0
01/17/2017 08:00:00 AM,7,0,7
01/24/2017 01:00:00 PM,9,8,1
01/08/2017 06:00:00 PM,0,0,0
01/20/2017 07:00:00 AM,14,1,13
01/14/2017 05:00:00 AM,0,0,0
01/06/2017 09:00:00 AM,8,1,7
01/23/2017 03:00:00 PM,9,8,1
01/15/2017 07:00:00 PM,4,3,1
01/15/2017 06:00:00 PM,0,0,0
01/17/2017 02:00:00 PM,1,1,0
01/23/2017 09:00:00 AM,16,1,15
01/21/2017 03:00:00 AM,0,0,0
01/04/2017 05:00:00 PM,15,14,1
01/08/2017 02:00:00 AM,0,0,0
01/30/2017 05:00:00 AM,0,0,0
01/01/2017 04:00:00 PM,0,0,0
01/27/2017 09:00:00 AM,9,1,8
01/17/2017 08:00:00 PM,3,3,0
01/30/2017 08:00:00 AM,12,1,11
01/25/2017 09:00:00 PM,2,2,0
01/05/2017 08:00:00 PM,2,2,0
01/19/2017 07:00:00 AM,7,1,6
01/16/2017 06:00:00 PM,2,2,0
01/24/2017 04:00:00 AM,0,0,0
01/09/2017 10:00:00 PM,0,0,0
01/31/2017 01:00:00 AM,0,0,0
01/08/2017 07:00:00 PM,1,1,0
01/26/2017 03:00:00 PM,7,6,1
01/11/2017 10:00:00 AM,1,0,1
01/02/2017 01:00:00 PM,6,2,4
01/22/2017 09:00:00 AM,2,1,1
01/01/2017 07:00:00 AM,0,0,0
01/07/2017 07:00:00 AM,0,0,0
01/12/2017 12:00:00 AM,1,1,0
01/09/2017 12:00:00 AM,0,0,0
01/24/2017 03:00:00 AM,0,0,0
01/10/2017 03:00:00 PM,5,4,1
01/17/2017 10:00:00 PM,0,0,0
01/22/2017 12:00:00 PM,5,4,1
01/11/2017 10:00:00 PM,0,0,0
01/22/2017 08:00:00 PM,2,0,2
01/17/2017 09:00:00 PM,0,0,0
01/18/2017 11:00:00 AM,2,2,0
01/31/2017 12:00:00 PM,5,1,4
01/28/2017 08:00:00 PM,1,0,1
01/13/2017 03:00:00 AM,0,0,0
01/05/2017 03:00:00 PM,3,2,1
01/02/2017 10:00:00 PM,0,0,0
01/19/2017 05:00:00 AM,0,0,0
01/26/2017 10:00:00 PM,3,3,0
01/26/2017 08:00:00 PM,0,0,0
01/26/2017 11:00:00 PM,0,0,0
01/25/2017 12:00:00 AM,1,1,0
01/29/2017 07:00:00 AM,0,0,0
01/20/2017 05:00:00 AM,0,0,0
01/21/2017 08:00:00 AM,2,1,1
01/30/2017 10:00:00 PM,0,0,0
01/04/2017 01:00:00 AM,0,0,0
01/15/2017 01:00:00 AM,0,0,0
01/29/2017 08:00:00 AM,1,0,1
01/14/2017 06:00:00 AM,1,0,1
01/10/2017 09:00:00 PM,2,2,0
01/20/2017 02:00:00 PM,5,4,1
01/18/2017 10:00:00 PM,0,0,0
01/04/2017 02:00:00 PM,3,2,1
01/02/2017 02:00:00 PM,5,4,1
01/26/2017 03:00:00 AM,0,0,0
01/18/2017 10:00:00 AM,3,0,3
01/27/2017 07:00:00 PM,5,5,0
01/17/2017 11:00:00 PM,0,0,0
01/04/2017 08:00:00 PM,2,1,1
01/01/2017 09:00:00 PM,0,0,0
01/26/2017 06:00:00 AM,4,0,4
01/29/2017 11:00:00 AM,2,0,2
01/04/2017 01:00:00 PM,6,2,4
01/27/2017 10:00:00 PM,0,0,0
01/23/2017 06:00:00 PM,18,18,0
01/24/2017 07:00:00 PM,4,4,0
01/29/2017 05:00:00 PM,1,1,0
01/06/2017 08:00:00 AM,6,0,6
01/17/2017 09:00:00 AM,12,1,11
01/13/2017 12:00:00 PM,5,3,2
01/19/2017 06:00:00 PM,17,17,0
01/24/2017 04:00:00 PM,8,6,2
01/10/2017 05:00:00 PM,16,15,1
01/19/2017 07:00:00 PM,4,4,0
01/18/2017 04:00:00 AM,0,0,0
01/23/2017 04:00:00 PM,15,13,2
01/28/2017 05:00:00 PM,3,3,0
01/22/2017 10:00:00 AM,0,0,0
01/04/2017 11:00:00 PM,0,0,0
01/12/2017 03:00:00 PM,5,5,0
01/01/2017 04:00:00 AM,0,0,0
01/30/2017 04:00:00 AM,0,0,0
01/22/2017 07:00:00 AM,2,0,2
01/29/2017 09:00:00 PM,0,0,0
01/08/2017 08:00:00 AM,1,1,0
01/27/2017 12:00:00 PM,5,3,2
01/03/2017 06:00:00 PM,14,13,1
01/29/2017 12:00:00 AM,0,0,0
01/21/2017 08:00:00 PM,2,2,0
01/17/2017 12:00:00 PM,2,0,2
01/24/2017 11:00:00 PM,1,1,0
01/08/2017 09:00:00 PM,0,0,0
01/06/2017 06:00:00 PM,10,10,0
01/11/2017 06:00:00 AM,3,1,2
01/03/2017 07:00:00 AM,8,0,8
01/20/2017 01:00:00 PM,7,5,2
01/17/2017 06:00:00 PM,16,16,0
01/04/2017 04:00:00 AM,0,0,0
01/03/2017 02:00:00 AM,0,0,0
01/12/2017 02:00:00 AM,1,0,1
01/13/2017 09:00:00 AM,7,1,6
01/01/2017 06:00:00 AM,1,0,1
01/15/2017 03:00:00 PM,3,1,2
01/31/2017 05:00:00 PM,28,26,2
01/03/2017 01:00:00 AM,0,0,0
01/24/2017 10:00:00 AM,4,1,3
01/29/2017 07:00:00 PM,2,2,0
01/26/2017 01:00:00 AM,1,1,0
01/11/2017 09:00:00 AM,7,1,6
01/12/2017 03:00:00 AM,0,0,0
01/25/2017 07:00:00 PM,6,6,0
01/16/2017 05:00:00 AM,0,0,0
01/23/2017 04:00:00 AM,0,0,0
01/04/2017 03:00:00 AM,0,0,0
01/22/2017 11:00:00 AM,2,1,1
01/02/2017 05:00:00 PM,1,1,0
01/21/2017 04:00:00 AM,0,0,0
01/29/2017 08:00:00 PM,2,1,1
01/13/2017 08:00:00 PM,1,1,0
01/22/2017 04:00:00 AM,0,0,0
01/10/2017 08:00:00 PM,2,2,0
01/14/2017 03:00:00 PM,5,3,2
01/25/2017 03:00:00 PM,3,3,0
01/17/2017 05:00:00 AM,2,0,2
01/11/2017 05:00:00 AM,2,0,2
01/07/2017 11:00:00 PM,2,2,0
01/26/2017 05:00:00 AM,0,0,0
01/04/2017 09:00:00 PM,2,2,0
01/01/2017 03:00:00 PM,3,1,2
01/06/2017 12:00:00 AM,0,0,0
01/22/2017 05:00:00 PM,6,5,1
01/09/2017 06:00:00 PM,19,18,1
01/20/2017 04:00:00 PM,9,9,0
01/23/2017 12:00:00 AM,1,1,0
01/16/2017 09:00:00 PM,0,0,0
01/26/2017 04:00:00 AM,0,0,0
01/12/2017 02:00:00 PM,5,4,1
01/27/2017 06:00:00 PM,8,8,0
01/01/2017 12:00:00 AM,1,1,0
01/06/2017 07:00:00 AM,12,0,12
01/15/2017 05:00:00 PM,1,1,0
01/28/2017 08:00:00 AM,1,1,0
01/22/2017 01:00:00 AM,0,0,0
01/28/2017 06:00:00 AM,0,0,0
01/25/2017 10:00:00 PM,0,0,0
01/03/2017 05:00:00 PM,18,18,0
01/19/2017 06:00:00 AM,4,0,4
01/02/2017 03:00:00 PM,6,5,1
01/11/2017 07:00:00 AM,11,2,9
01/07/2017 07:00:00 PM,0,0,0
01/22/2017 05:00:00 AM,0,0,0
01/21/2017 09:00:00 PM,0,0,0
01/20/2017 08:00:00 PM,0,0,0
01/24/2017 06:00:00 AM,5,0,5
01/26/2017 02:00:00 PM,7,4,3
01/21/2017 03:00:00 PM,4,3,1
01/12/2017 06:00:00 PM,12,11,1
01/31/2017 12:00:00 AM,1,1,0
01/16/2017 11:00:00 PM,0,0,0
01/22/2017 03:00:00 PM,3,2,1
01/30/2017 03:00:00 AM,0,0,0
01/27/2017 03:00:00 AM,0,0,0
01/06/2017 03:00:00 PM,4,3,1
01/14/2017 12:00:00 AM,0,0,0
01/29/2017 10:00:00 PM,0,0,0
01/08/2017 12:00:00 PM,6,3,3
01/27/2017 01:00:00 AM,0,0,0
01/27/2017 04:00:00 PM,12,11,1
01/31/2017 06:00:00 PM,21,21,0
01/16/2017 10:00:00 PM,0,0,0
01/03/2017 04:00:00 AM,0,0,0
01/09/2017 08:00:00 PM,1,1,0
01/12/2017 06:00:00 AM,4,0,4
01/28/2017 07:00:00 AM,1,0,1
01/05/2017 05:00:00 PM,11,11,0
01/11/2017 06:00:00 PM,11,11,0
01/05/2017 08:00:00 AM,19,1,18
01/16/2017 03:00:00 PM,6,4,2
01/16/2017 04:00:00 AM,0,0,0
01/05/2017 01:00:00 PM,5,2,3
01/20/2017 04:00:00 AM,0,0,0
01/18/2017 12:00:00 PM,1,0,1
01/20/2017 02:00:00 AM,0,0,0
01/03/2017 05:00:00 AM,0,0,0
01/07/2017 02:00:00 AM,0,0,0
01/25/2017 06:00:00 AM,4,0,4
01/06/2017 12:00:00 PM,3,1,2
01/22/2017 04:00:00 PM,4,3,1
01/05/2017 12:00:00 PM,3,1,2
01/07/2017 12:00:00 PM,7,5,2
01/21/2017 05:00:00 PM,3,3,0
01/01/2017 10:00:00 PM,0,0,0
01/10/2017 07:00:00 AM,7,2,5
01/08/2017 01:00:00 PM,6,5,1
01/30/2017 09:00:00 AM,10,0,10
01/31/2017 10:00:00 AM,6,1,5
01/17/2017 07:00:00 AM,12,2,10
01/04/2017 03:00:00 PM,5,3,2
01/31/2017 01:00:00 PM,7,2,5
01/09/2017 11:00:00 AM,3,1,2
01/21/2017 01:00:00 PM,4,4,0
01/27/2017 05:00:00 PM,18,18,0
01/18/2017 05:00:00 PM,11,11,0
01/31/2017 04:00:00 AM,0,0,0
01/14/2017 04:00:00 PM,3,2,1
01/14/2017 10:00:00 AM,4,1,3
01/14/2017 11:00:00 PM,0,0,0
01/02/2017 12:00:00 AM,0,0,0
01/10/2017 05:00:00 AM,1,0,1
01/14/2017 06:00:00 PM,1,0,1
01/29/2017 01:00:00 AM,0,0,0
01/02/2017 05:00:00 AM,0,0,0
01/21/2017 06:00:00 PM,0,0,0
01/19/2017 04:00:00 AM,0,0,0
01/28/2017 02:00:00 AM,0,0,0
01/29/2017 02:00:00 AM,1,1,0
01/31/2017 10:00:00 PM,0,0,0
01/08/2017 10:00:00 PM,0,0,0
01/01/2017 06:00:00 PM,0,0,0
01/16/2017 02:00:00 PM,10,4,6
01/18/2017 06:00:00 AM,0,0,0
01/13/2017 06:00:00 AM,3,0,3
01/19/2017 04:00:00 PM,10,10,0
01/27/2017 02:00:00 AM,0,0,0
01/28/2017 04:00:00 AM,0,0,0
01/09/2017 01:00:00 AM,0,0,0
01/14/2017 10:00:00 PM,0,0,0
01/15/2017 06:00:00 AM,1,0,1
01/28/2017 01:00:00 AM,0,0,0
01/03/2017 06:00:00 AM,10,0,10
01/12/2017 05:00:00 AM,0,0,0
01/07/2017 06:00:00 PM,1,1,0
01/22/2017 11:00:00 PM,1,1,0
01/22/2017 12:00:00 AM,0,0,0
01/29/2017 11:00:00 PM,1,1,0
01/14/2017 07:00:00 AM,2,1,1
01/09/2017 04:00:00 AM,0,0,0
01/25/2017 09:00:00 AM,5,0,5
01/20/2017 12:00:00 AM,0,0,0
01/04/2017 08:00:00 AM,9,0,9
01/14/2017 02:00:00 PM,4,4,0
01/05/2017 02:00:00 AM,0,0,0
01/20/2017 09:00:00 AM,8,0,8
01/29/2017 04:00:00 PM,5,1,4
01/09/2017 09:00:00 AM,13,2,11
01/16/2017 07:00:00 PM,2,2,0
01/07/2017 03:00:00 PM,4,3,1
01/23/2017 01:00:00 PM,6,4,2
01/31/2017 07:00:00 PM,10,10,0
01/16/2017 08:00:00 PM,0,0,0
01/12/2017 08:00:00 AM,8,0,8
01/12/2017 10:00:00 AM,3,1,2
01/22/2017 07:00:00 PM,0,0,0
01/30/2017 03:00:00 PM,5,4,1
01/24/2017 09:00:00 PM,1,1,0
01/25/2017 08:00:00 PM,2,2,0
01/05/2017 06:00:00 AM,3,0,3
01/06/2017 11:00:00 AM,4,1,3
01/09/2017 10:00:00 AM,5,2,3
01/13/2017 04:00:00 PM,2,2,0
01/31/2017 09:00:00 PM,0,0,0
01/09/2017 03:00:00 AM,0,0,0
01/04/2017 02:00:00 AM,0,0,0
01/23/2017 12:00:00 PM,5,5,0
01/09/2017 05:00:00 PM,21,17,4
01/26/2017 09:00:00 AM,7,1,6
01/18/2017 01:00:00 AM,0,0,0
01/03/2017 08:00:00 PM,1,1,0
01/14/2017 07:00:00 PM,1,1,0
01/13/2017 01:00:00 PM,1,1,0
01/05/2017 10:00:00 AM,4,2,2
01/23/2017 05:00:00 PM,15,15,0
01/02/2017 11:00:00 PM,0,0,0
01/06/2017 02:00:00 PM,8,7,1
01/16/2017 12:00:00 PM,5,2,3
01/29/2017 04:00:00 AM,0,0,0
01/19/2017 02:00:00 PM,3,3,0
01/02/2017 08:00:00 PM,1,1,0
01/12/2017 10:00:00 PM,1,1,0
01/02/2017 08:00:00 AM,1,1,0
01/08/2017 12:00:00 AM,0,0,0
02/17/2017 06:00:00 AM,5,0,5
02/13/2017 08:00:00 AM,12,1,11
02/25/2017 08:00:00 AM,3,0,3
02/05/2017 05:00:00 AM,0,0,0
02/01/2017 01:00:00 AM,1,1,0
02/20/2017 07:00:00 PM,2,2,0
02/15/2017 03:00:00 PM,8,6,2
02/18/2017 01:00:00 AM,0,0,0
02/01/2017 03:00:00 AM,0,0,0
02/19/2017 07:00:00 PM,0,0,0
02/27/2017 01:00:00 PM,1,1,0
02/05/2017 11:00:00 PM,0,0,0
02/11/2017 11:00:00 PM,0,0,0
02/06/2017 06:00:00 AM,3,0,3
02/19/2017 12:00:00 PM,5,4,1
02/13/2017 06:00:00 PM,23,23,0
02/15/2017 05:00:00 PM,19,18,1
02/08/2017 06:00:00 AM,2,0,2
02/28/2017 08:00:00 AM,16,0,16
02/14/2017 05:00:00 PM,35,34,1
02/10/2017 02:00:00 AM,0,0,0
02/09/2017 01:00:00 AM,1,1,0
02/19/2017 05:00:00 PM,6,3,3
02/25/2017 11:00:00 AM,3,0,3
02/20/2017 11:00:00 AM,1,0,1
02/15/2017 08:00:00 AM,11,1,10
02/26/2017 11:00:00 AM,4,1,3
02/16/2017 08:00:00 AM,18,3,15
02/24/2017 07:00:00 PM,6,5,1
02/24/2017 10:00:00 PM,0,0,0
02/15/2017 03:00:00 AM,0,0,0
02/06/2017 07:00:00 PM,0,0,0
02/09/2017 10:00:00 AM,5,1,4
02/25/2017 04:00:00 AM,0,0,0
02/02/2017 08:00:00 PM,2,2,0
02/11/2017 06:00:00 PM,3,3,0
02/13/2017 09:00:00 PM,3,3,0
02/10/2017 12:00:00 PM,3,2,1
02/07/2017 02:00:00 PM,2,0,2
02/26/2017 07:00:00 AM,1,0,1
02/20/2017 08:00:00 PM,0,0,0
02/09/2017 12:00:00 AM,0,0,0
02/22/2017 08:00:00 AM,7,0,7
02/04/2017 11:00:00 PM,0,0,0
02/19/2017 12:00:00 AM,0,0,0
02/14/2017 06:00:00 PM,19,19,0
02/10/2017 11:00:00 PM,1,1,0
02/12/2017 03:00:00 PM,6,5,1
02/24/2017 06:00:00 AM,7,1,6
02/28/2017 03:00:00 PM,11,6,5
02/23/2017 09:00:00 AM,7,0,7
02/21/2017 09:00:00 AM,8,0,8
02/15/2017 07:00:00 PM,1,1,0
02/04/2017 11:00:00 AM,1,1,0
02/19/2017 03:00:00 PM,1,1,0
02/14/2017 11:00:00 PM,0,0,0
02/07/2017 12:00:00 AM,0,0,0
02/08/2017 02:00:00 AM,0,0,0
02/10/2017 07:00:00 PM,2,2,0
02/09/2017 07:00:00 AM,8,0,8
02/06/2017 01:00:00 AM,0,0,0
02/07/2017 02:00:00 AM,0,0,0
02/26/2017 01:00:00 PM,2,2,0
02/24/2017 04:00:00 PM,9,8,1
02/13/2017 10:00:00 AM,5,1,4
02/13/2017 12:00:00 PM,7,2,5
02/21/2017 06:00:00 PM,15,15,0
02/20/2017 03:00:00 PM,1,0,1
02/21/2017 08:00:00 PM,2,2,0
02/13/2017 03:00:00 AM,0,0,0
02/26/2017 12:00:00 AM,0,0,0
02/09/2017 06:00:00 PM,7,7,0
02/26/2017 03:00:00 PM,3,2,1
02/17/2017 07:00:00 PM,6,6,0
02/17/2017 03:00:00 PM,7,4,3
02/12/2017 05:00:00 PM,3,3,0
02/08/2017 01:00:00 PM,4,4,0
02/06/2017 11:00:00 AM,0,0,0
02/19/2017 10:00:00 AM,3,1,2
02/15/2017 07:00:00 AM,13,1,12
02/21/2017 11:00:00 PM,0,0,0
02/01/2017 05:00:00 AM,1,0,1
02/01/2017 06:00:00 AM,3,0,3
02/03/2017 10:00:00 AM,2,0,2
02/18/2017 10:00:00 AM,3,1,2
02/13/2017 04:00:00 PM,12,10,2
02/21/2017 12:00:00 AM,0,0,0
02/06/2017 09:00:00 PM,0,0,0
02/15/2017 12:00:00 AM,0,0,0
02/01/2017 12:00:00 AM,0,0,0
02/04/2017 03:00:00 PM,2,1,1
02/05/2017 10:00:00 AM,4,2,2
02/10/2017 08:00:00 PM,3,2,1
02/17/2017 12:00:00 PM,8,6,2
02/19/2017 08:00:00 PM,0,0,0
02/11/2017 07:00:00 PM,0,0,0
02/15/2017 10:00:00 AM,4,0,4
02/04/2017 02:00:00 PM,2,1,1
02/15/2017 06:00:00 PM,11,11,0
02/04/2017 12:00:00 PM,3,3,0
02/02/2017 07:00:00 PM,7,7,0
02/07/2017 11:00:00 PM,0,0,0
02/07/2017 04:00:00 AM,0,0,0
02/06/2017 01:00:00 PM,0,0,0
02/21/2017 09:00:00 PM,0,0,0
02/14/2017 04:00:00 PM,13,11,2
02/15/2017 02:00:00 AM,0,0,0
02/03/2017 11:00:00 PM,0,0,0
02/28/2017 07:00:00 PM,1,1,0
02/07/2017 03:00:00 AM,0,0,0
02/03/2017 03:00:00 PM,2,2,0
02/06/2017 02:00:00 AM,0,0,0
02/15/2017 02:00:00 PM,4,3,1
02/12/2017 09:00:00 AM,2,0,2
02/10/2017 03:00:00 PM,5,4,1
02/20/2017 07:00:00 AM,2,0,2
02/14/2017 07:00:00 AM,16,1,15
02/11/2017 08:00:00 PM,1,1,0
02/04/2017 12:00:00 AM,0,0,0
02/07/2017 06:00:00 PM,5,5,0
02/08/2017 03:00:00 PM,5,3,2
02/10/2017 04:00:00 AM,0,0,0
02/02/2017 12:00:00 AM,0,0,0
02/15/2017 11:00:00 PM,0,0,0
02/22/2017 12:00:00 AM,0,0,0
02/06/2017 12:00:00 AM,0,0,0
02/08/2017 10:00:00 AM,4,1,3
02/24/2017 01:00:00 AM,0,0,0
02/22/2017 10:00:00 PM,0,0,0
02/12/2017 10:00:00 PM,0,0,0
02/28/2017 04:00:00 AM,0,0,0
02/14/2017 03:00:00 AM,0,0,0
02/05/2017 02:00:00 AM,0,0,0
02/04/2017 06:00:00 AM,2,0,2
02/13/2017 02:00:00 AM,0,0,0
02/16/2017 07:00:00 AM,16,0,16
02/21/2017 11:00:00 AM,2,0,2
02/09/2017 11:00:00 PM,0,0,0
02/09/2017 12:00:00 PM,2,1,1
02/03/2017 02:00:00 PM,1,1,0
02/26/2017 01:00:00 AM,1,1,0
02/13/2017 10:00:00 PM,1,1,0
02/27/2017 09:00:00 AM,4,1,3
02/05/2017 06:00:00 AM,2,0,2
02/13/2017 09:00:00 AM,13,0,13
02/02/2017 09:00:00 PM,0,0,0
02/11/2017 03:00:00 AM,0,0,0
02/28/2017 04:00:00 PM,7,5,2
02/06/2017 08:00:00 PM,0,0,0
02/07/2017 05:00:00 AM,0,0,0
02/17/2017 09:00:00 PM,1,1,0
02/05/2017 03:00:00 AM,0,0,0
02/03/2017 09:00:00 AM,6,2,4
02/01/2017 01:00:00 PM,4,3,1
02/16/2017 07:00:00 PM,4,4,0
02/28/2017 03:00:00 AM,0,0,0
02/13/2017 08:00:00 PM,2,2,0
02/17/2017 08:00:00 AM,11,1,10
02/21/2017 01:00:00 AM,1,1,0
02/25/2017 09:00:00 AM,3,0,3
02/15/2017 05:00:00 AM,2,0,2
02/23/2017 04:00:00 AM,0,0,0
02/10/2017 09:00:00 AM,9,1,8
02/12/2017 06:00:00 AM,0,0,0
02/23/2017 06:00:00 PM,17,17,0
02/07/2017 05:00:00 PM,7,7,0
02/02/2017 05:00:00 AM,2,0,2
02/14/2017 07:00:00 PM,3,3,0
02/11/2017 02:00:00 PM,7,2,5
02/19/2017 04:00:00 PM,2,1,1
02/14/2017 05:00:00 AM,2,0,2
02/06/2017 04:00:00 PM,1,1,0
02/10/2017 06:00:00 AM,6,0,6
02/03/2017 12:00:00 AM,0,0,0
02/28/2017 09:00:00 AM,9,2,7
02/22/2017 10:00:00 AM,8,1,7
02/23/2017 07:00:00 PM,4,4,0
02/19/2017 11:00:00 AM,2,1,1
02/24/2017 08:00:00 PM,0,0,0
02/16/2017 02:00:00 PM,4,4,0
02/17/2017 03:00:00 AM,0,0,0
02/23/2017 06:00:00 AM,7,1,6
02/10/2017 05:00:00 AM,0,0,0
02/07/2017 08:00:00 PM,2,2,0
02/16/2017 11:00:00 AM,6,1,5
02/26/2017 05:00:00 AM,0,0,0
02/15/2017 08:00:00 PM,1,1,0
02/27/2017 01:00:00 AM,0,0,0
02/27/2017 03:00:00 AM,0,0,0
02/23/2017 05:00:00 PM,16,15,1
02/21/2017 10:00:00 PM,0,0,0
02/13/2017 06:00:00 AM,6,0,6
02/01/2017 11:00:00 AM,3,1,2
02/14/2017 12:00:00 AM,0,0,0
02/16/2017 01:00:00 AM,0,0,0
02/04/2017 04:00:00 AM,0,0,0
02/16/2017 10:00:00 AM,3,0,3
02/06/2017 11:00:00 PM,0,0,0
02/06/2017 08:00:00 AM,1,0,1
02/25/2017 06:00:00 PM,4,3,1
02/27/2017 09:00:00 PM,0,0,0
02/10/2017 04:00:00 PM,15,14,1
02/03/2017 05:00:00 PM,8,8,0
02/23/2017 03:00:00 AM,0,0,0
02/06/2017 03:00:00 AM,0,0,0
02/01/2017 07:00:00 PM,8,8,0
02/21/2017 04:00:00 AM,0,0,0
02/23/2017 11:00:00 PM,0,0,0
02/23/2017 12:00:00 PM,4,2,2
02/23/2017 01:00:00 AM,1,1,0
02/26/2017 03:00:00 AM,0,0,0
02/22/2017 09:00:00 AM,18,2,16
02/05/2017 07:00:00 AM,0,0,0
02/10/2017 05:00:00 PM,16,16,0
02/19/2017 05:00:00 AM,0,0,0
02/24/2017 08:00:00 AM,13,2,11
02/18/2017 10:00:00 PM,1,1,0
02/13/2017 07:00:00 AM,19,1,18
02/18/2017 05:00:00 AM,0,0,0
02/02/2017 04:00:00 AM,0,0,0
02/20/2017 11:00:00 PM,0,0,0
02/13/2017 01:00:00 AM,1,1,0
02/21/2017 03:00:00 AM,0,0,0
02/13/2017 07:00:00 PM,6,6,0
02/25/2017 03:00:00 PM,7,5,2
02/20/2017 08:00:00 AM,2,1,1
02/09/2017 08:00:00 PM,1,1,0
02/15/2017 01:00:00 AM,1,1,0
02/24/2017 03:00:00 AM,0,0,0
02/25/2017 01:00:00 AM,0,0,0
02/09/2017 02:00:00 AM,0,0,0
02/07/2017 09:00:00 AM,3,0,3
02/08/2017 04:00:00 AM,0,0,0
02/20/2017 04:00:00 AM,0,0,0
02/26/2017 02:00:00 AM,0,0,0
02/17/2017 10:00:00 PM,0,0,0
02/06/2017 06:00:00 PM,3,2,1
02/01/2017 12:00:00 PM,6,1,5
02/13/2017 05:00:00 PM,26,26,0
02/24/2017 05:00:00 AM,2,0,2
02/06/2017 09:00:00 AM,1,1,0
02/05/2017 02:00:00 PM,3,1,2
02/09/2017 05:00:00 PM,18,17,1
02/27/2017 08:00:00 PM,1,1,0
02/04/2017 09:00:00 PM,0,0,0
02/22/2017 01:00:00 AM,1,1,0
02/22/2017 04:00:00 AM,0,0,0
02/03/2017 01:00:00 PM,4,3,1
02/11/2017 06:00:00 AM,0,0,0
02/26/2017 07:00:00 PM,1,1,0
02/11/2017 12:00:00 AM,0,0,0
02/06/2017 02:00:00 PM,1,1,0
02/25/2017 07:00:00 PM,0,0,0
02/20/2017 06:00:00 AM,2,0,2
02/28/2017 12:00:00 PM,6,3,3
02/16/2017 12:00:00 PM,8,3,5
02/14/2017 03:00:00 PM,10,8,2
02/21/2017 10:00:00 AM,5,0,5
02/07/2017 03:00:00 PM,4,3,1
02/08/2017 08:00:00 PM,0,0,0
02/08/2017 07:00:00 AM,6,0,6
02/25/2017 02:00:00 PM,7,3,4
02/19/2017 11:00:00 PM,1,1,0
02/12/2017 12:00:00 AM,0,0,0
02/03/2017 12:00:00 PM,1,1,0
02/10/2017 01:00:00 AM,0,0,0
02/10/2017 02:00:00 PM,7,6,1
02/24/2017 01:00:00 PM,3,2,1
02/09/2017 10:00:00 PM,0,0,0
02/14/2017 02:00:00 PM,4,2,2
02/05/2017 04:00:00 AM,0,0,0
02/24/2017 04:00:00 AM,0,0,0
02/21/2017 06:00:00 AM,10,0,10
02/11/2017 10:00:00 AM,3,1,2
02/05/2017 12:00:00 AM,1,1,0
02/21/2017 01:00:00 PM,4,2,2
02/16/2017 03:00:00 PM,6,2,4
02/17/2017 05:00:00 AM,1,0,1
02/19/2017 09:00:00 AM,2,0,2
02/24/2017 09:00:00 AM,9,1,8
02/07/2017 12:00:00 PM,4,1,3
02/09/2017 03:00:00 PM,0,0,0
02/14/2017 06:00:00 AM,7,0,7
02/03/2017 07:00:00 PM,1,1,0
02/18/2017 02:00:00 AM,0,0,0
02/06/2017 10:00:00 AM,1,0,1
02/20/2017 02:00:00 AM,0,0,0
02/16/2017 08:00:00 PM,4,4,0
02/03/2017 06:00:00 PM,8,8,0
02/09/2017 04:00:00 PM,6,5,1
02/10/2017 08:00:00 AM,15,0,15
02/14/2017 12:00:00 PM,5,2,3
02/02/2017 12:00:00 PM,1,0,1
02/24/2017 11:00:00 PM,1,1,0
02/18/2017 12:00:00 AM,0,0,0
02/14/2017 08:00:00 AM,22,0,22
02/04/2017 04:00:00 PM,2,2,0
02/04/2017 10:00:00 PM,0,0,0
02/08/2017 01:00:00 AM,0,0,0
02/18/2017 11:00:00 AM,2,1,1
02/26/2017 02:00:00 PM,2,0,2
02/25/2017 10:00:00 AM,31,31,0
02/16/2017 02:00:00 AM,0,0,0
02/23/2017 03:00:00 PM,1,1,0
02/25/2017 09:00:00 PM,0,0,0
02/25/2017 08:00:00 PM,0,0,0
02/11/2017 02:00:00 AM,0,0,0
02/28/2017 07:00:00 AM,10,1,9
02/01/2017 02:00:00 PM,8,6,2
02/15/2017 06:00:00 AM,3,0,3
02/18/2017 07:00:00 AM,2,0,2
02/05/2017 06:00:00 PM,0,0,0
02/02/2017 05:00:00 PM,21,20,1
02/18/2017 08:00:00 PM,1,0,1
02/26/2017 06:00:00 AM,3,0,3
02/17/2017 05:00:00 PM,23,23,0
02/20/2017 01:00:00 AM,0,0,0
02/08/2017 03:00:00 AM,0,0,0
02/25/2017 10:00:00 PM,0,0,0
02/03/2017 01:00:00 AM,0,0,0
02/28/2017 01:00:00 PM,9,6,3
02/20/2017 06:00:00 PM,4,4,0
02/04/2017 07:00:00 PM,0,0,0
02/04/2017 09:00:00 AM,1,0,1
02/20/2017 12:00:00 AM,0,0,0
02/08/2017 12:00:00 AM,1,1,0
02/19/2017 06:00:00 AM,1,0,1
02/17/2017 10:00:00 AM,10,0,10
02/01/2017 03:00:00 PM,2,1,1
02/11/2017 05:00:00 AM,0,0,0
02/14/2017 08:00:00 PM,1,1,0
02/25/2017 12:00:00 PM,12,8,4
02/05/2017 03:00:00 PM,3,2,1
02/05/2017 09:00:00 PM,0,0,0
02/23/2017 10:00:00 AM,4,1,3
02/14/2017 09:00:00 PM,0,0,0
02/05/2017 07:00:00 PM,0,0,0
02/17/2017 11:00:00 PM,0,0,0
02/20/2017 04:00:00 PM,4,4,0
02/13/2017 11:00:00 AM,6,2,4
02/09/2017 05:00:00 AM,3,0,3
02/01/2017 07:00:00 AM,9,0,9
02/25/2017 07:00:00 AM,0,0,0
02/12/2017 01:00:00 AM,1,1,0
02/26/2017 04:00:00 PM,4,1,3
02/01/2017 08:00:00 AM,12,1,11
02/12/2017 08:00:00 PM,0,0,0
02/26/2017 09:00:00 AM,1,0,1
02/12/2017 07:00:00 PM,1,1,0
02/02/2017 11:00:00 AM,6,0,6
02/19/2017 09:00:00 PM,0,0,0
02/20/2017 10:00:00 PM,0,0,0
02/19/2017 01:00:00 PM,4,2,2
02/16/2017 06:00:00 PM,15,15,0
02/21/2017 04:00:00 PM,18,16,2
02/17/2017 06:00:00 PM,12,11,1
02/16/2017 04:00:00 PM,13,9,4
02/27/2017 05:00:00 AM,1,0,1
02/28/2017 11:00:00 AM,3,0,3
02/24/2017 12:00:00 PM,3,2,1
02/07/2017 09:00:00 PM,0,0,0
02/12/2017 02:00:00 AM,0,0,0
02/09/2017 09:00:00 PM,0,0,0
02/02/2017 04:00:00 PM,15,15,0
02/09/2017 11:00:00 AM,6,1,5
02/04/2017 07:00:00 AM,1,0,1
02/02/2017 06:00:00 AM,5,0,5
02/18/2017 03:00:00 AM,0,0,0
02/04/2017 10:00:00 AM,1,1,0
02/15/2017 09:00:00 AM,6,0,6
02/08/2017 04:00:00 PM,4,3,1
02/16/2017 11:00:00 PM,0,0,0
02/03/2017 05:00:00 AM,0,0,0
02/18/2017 12:00:00 PM,4,3,1
02/16/2017 09:00:00 AM,10,0,10
02/26/2017 11:00:00 PM,0,0,0
02/24/2017 07:00:00 AM,10,0,10
02/23/2017 02:00:00 PM,3,2,1
02/10/2017 07:00:00 AM,13,0,13
02/17/2017 11:00:00 AM,4,1,3
02/27/2017 11:00:00 AM,1,0,1
02/01/2017 06:00:00 PM,16,16,0
02/14/2017 10:00:00 AM,7,0,7
02/04/2017 05:00:00 PM,3,1,2
02/17/2017 04:00:00 PM,16,14,2
02/04/2017 05:00:00 AM,0,0,0
02/19/2017 02:00:00 PM,1,1,0
02/22/2017 12:00:00 PM,3,2,1
02/10/2017 10:00:00 AM,2,0,2
02/09/2017 01:00:00 PM,6,2,4
02/28/2017 11:00:00 PM,0,0,0
02/08/2017 02:00:00 PM,0,0,0
02/08/2017 08:00:00 AM,9,0,9
02/13/2017 01:00:00 PM,6,3,3
02/05/2017 09:00:00 AM,2,1,1
02/07/2017 10:00:00 AM,4,0,4
02/14/2017 01:00:00 AM,1,1,0
02/01/2017 09:00:00 PM,2,2,0
02/18/2017 03:00:00 PM,4,4,0
02/13/2017 11:00:00 PM,0,0,0
02/07/2017 04:00:00 PM,3,3,0
02/16/2017 05:00:00 AM,2,0,2
02/15/2017 04:00:00 PM,0,0,0
02/13/2017 03:00:00 PM,9,5,4
02/27/2017 03:00:00 PM,3,3,0
02/14/2017 04:00:00 AM,0,0,0
02/24/2017 03:00:00 PM,8,6,2
02/05/2017 01:00:00 PM,3,1,2
02/08/2017 05:00:00 AM,0,0,0
02/17/2017 04:00:00 AM,0,0,0
02/03/2017 07:00:00 AM,8,0,8
02/27/2017 07:00:00 PM,2,2,0
02/06/2017 05:00:00 AM,0,0,0
02/08/2017 07:00:00 PM,5,5,0
02/23/2017 11:00:00 AM,0,0,0
02/07/2017 10:00:00 PM,0,0,0
02/11/2017 05:00:00 PM,5,4,1
02/24/2017 02:00:00 AM,0,0,0
02/24/2017 11:00:00 AM,6,2,4
02/22/2017 01:00:00 PM,2,2,0
02/26/2017 12:00:00 PM,2,2,0
02/01/2017 05:00:00 PM,18,17,1
02/05/2017 04:00:00 PM,3,2,1
02/09/2017 07:00:00 PM,1,1,0
02/28/2017 09:00:00 PM,0,0,0
02/22/2017 02:00:00 PM,4,2,2
02/02/2017 01:00:00 PM,6,3,3
02/04/2017 06:00:00 PM,1,1,0
02/15/2017 01:00:00 PM,2,2,0
02/19/2017 03:00:00 AM,0,0,0
02/27/2017 05:00:00 PM,8,7,1
02/27/2017 10:00:00 AM,1,0,1
02/11/2017 04:00:00 AM,0,0,0
02/12/2017 11:00:00 AM,3,1,2
02/23/2017 05:00:00 AM,2,0,2
02/23/2017 04:00:00 PM,11,10,1
02/26/2017 09:00:00 PM,1,1,0
02/04/2017 01:00:00 AM,0,0,0
02/23/2017 09:00:00 PM,3,3,0
02/11/2017 09:00:00 AM,5,1,4
02/27/2017 04:00:00 PM,4,3,1
02/20/2017 09:00:00 AM,4,0,4
02/20/2017 05:00:00 AM,1,0,1
02/05/2017 01:00:00 AM,0,0,0
02/02/2017 10:00:00 AM,5,1,4
02/08/2017 06:00:00 PM,6,6,0
02/28/2017 02:00:00 AM,0,0,0
02/19/2017 04:00:00 AM,0,0,0
02/02/2017 03:00:00 AM,0,0,0
02/02/2017 01:00:00 AM,1,1,0
02/19/2017 08:00:00 AM,1,0,1
02/26/2017 05:00:00 PM,5,3,2
02/25/2017 02:00:00 AM,0,0,0
02/15/2017 10:00:00 PM,0,0,0
02/12/2017 07:00:00 AM,0,0,0
02/05/2017 08:00:00 AM,3,1,2
02/23/2017 12:00:00 AM,0,0,0
02/04/2017 03:00:00 AM,0,0,0
02/08/2017 09:00:00 PM,1,1,0
02/02/2017 06:00:00 PM,11,11,0
02/26/2017 04:00:00 AM,0,0,0
02/01/2017 09:00:00 AM,10,0,10
02/23/2017 01:00:00 PM,3,2,1
02/10/2017 06:00:00 PM,14,14,0
02/18/2017 09:00:00 PM,0,0,0
02/17/2017 01:00:00 AM,1,1,0
02/06/2017 03:00:00 PM,2,2,0
02/18/2017 06:00:00 AM,0,0,0
02/12/2017 11:00:00 PM,0,0,0
02/01/2017 11:00:00 PM,0,0,0
02/21/2017 02:00:00 AM,0,0,0
02/26/2017 10:00:00 AM,0,0,0
02/28/2017 08:00:00 PM,1,1,0
02/21/2017 08:00:00 AM,7,1,6
02/06/2017 05:00:00 PM,6,6,0
02/25/2017 05:00:00 AM,0,0,0
02/24/2017 10:00:00 AM,3,2,1
02/12/2017 01:00:00 PM,4,3,1
02/28/2017 12:00:00 AM,0,0,0
02/12/2017 03:00:00 AM,0,0,0
02/07/2017 01:00:00 PM,4,2,2
02/06/2017 04:00:00 AM,0,0,0
02/01/2017 04:00:00 PM,16,13,3
02/07/2017 01:00:00 AM,0,0,0
02/08/2017 10:00:00 PM,0,0,0
02/25/2017 05:00:00 PM,1,1,0
02/03/2017 10:00:00 PM,1,1,0
02/10/2017 09:00:00 PM,0,0,0
02/19/2017 01:00:00 AM,1,1,0
02/14/2017 10:00:00 PM,0,0,0
02/08/2017 12:00:00 PM,4,3,1
02/20/2017 03:00:00 AM,0,0,0
02/09/2017 03:00:00 AM,0,0,0
02/08/2017 05:00:00 PM,14,13,1
02/25/2017 11:00:00 PM,0,0,0
02/11/2017 10:00:00 PM,0,0,0
02/21/2017 03:00:00 PM,4,4,0
02/02/2017 03:00:00 PM,6,5,1
02/18/2017 04:00:00 PM,1,0,1
02/15/2017 12:00:00 PM,3,1,2
02/12/2017 04:00:00 AM,0,0,0
02/12/2017 09:00:00 PM,0,0,0
02/20/2017 05:00:00 PM,3,3,0
02/15/2017 04:00:00 AM,0,0,0
02/01/2017 08:00:00 PM,2,2,0
02/09/2017 08:00:00 AM,9,1,8
02/22/2017 11:00:00 PM,0,0,0
02/22/2017 02:00:00 AM,0,0,0
02/05/2017 08:00:00 PM,0,0,0
02/21/2017 07:00:00 AM,15,0,15
02/28/2017 05:00:00 PM,21,21,0
02/22/2017 06:00:00 PM,13,13,0
02/22/2017 05:00:00 PM,20,18,2
02/28/2017 02:00:00 PM,8,6,2
02/12/2017 06:00:00 PM,0,0,0
02/18/2017 01:00:00 PM,4,3,1
02/24/2017 05:00:00 PM,19,19,0
02/10/2017 01:00:00 PM,5,2,3
02/16/2017 01:00:00 PM,5,3,2
02/13/2017 04:00:00 AM,0,0,0
02/13/2017 05:00:00 AM,0,0,0
02/06/2017 12:00:00 PM,1,1,0
02/09/2017 06:00:00 AM,6,0,6
02/18/2017 09:00:00 AM,4,2,2
02/16/2017 04:00:00 AM,0,0,0
02/02/2017 08:00:00 AM,15,2,13
02/05/2017 10:00:00 PM,0,0,0
02/16/2017 05:00:00 PM,25,24,1
02/15/2017 09:00:00 PM,1,1,0
02/24/2017 06:00:00 PM,9,9,0
02/20/2017 01:00:00 PM,1,1,0
02/14/2017 09:00:00 AM,8,0,8
02/27/2017 04:00:00 AM,0,0,0
02/22/2017 08:00:00 PM,2,2,0
02/23/2017 02:00:00 AM,0,0,0
02/10/2017 10:00:00 PM,0,0,0
02/26/2017 08:00:00 PM,0,0,0
02/21/2017 05:00:00 PM,17,17,0
02/27/2017 06:00:00 PM,8,8,0
02/21/2017 05:00:00 AM,0,0,0
02/11/2017 08:00:00 AM,1,0,1
02/12/2017 12:00:00 PM,8,4,4
02/03/2017 09:00:00 PM,0,0,0
02/27/2017 02:00:00 AM,0,0,0
02/19/2017 06:00:00 PM,0,0,0
02/05/2017 11:00:00 AM,6,5,1
02/20/2017 02:00:00 PM,1,0,1
02/20/2017 12:00:00 PM,1,1,0
02/14/2017 02:00:00 AM,0,0,0
02/02/2017 07:00:00 AM,10,1,9
02/19/2017 07:00:00 AM,2,1,1
02/23/2017 10:00:00 PM,1,1,0
02/02/2017 02:00:00 AM,0,0,0
02/17/2017 07:00:00 AM,11,1,10
02/17/2017 09:00:00 AM,12,3,9
02/24/2017 02:00:00 PM,6,5,1
02/27/2017 12:00:00 PM,1,1,0
02/22/2017 06:00:00 AM,8,0,8
02/14/2017 11:00:00 AM,8,4,4
02/13/2017 12:00:00 AM,0,0,0
02/01/2017 04:00:00 AM,0,0,0
02/27/2017 07:00:00 AM,1,0,1
02/03/2017 08:00:00 PM,1,1,0
02/05/2017 05:00:00 PM,1,1,0
02/18/2017 11:00:00 PM,2,1,1
02/01/2017 10:00:00 PM,1,1,0
02/11/2017 11:00:00 AM,4,3,1
02/16/2017 03:00:00 AM,0,0,0
02/02/2017 10:00:00 PM,0,0,0
02/23/2017 07:00:00 AM,19,1,18
02/16/2017 10:00:00 PM,1,1,0
02/22/2017 05:00:00 AM,0,0,0
02/12/2017 08:00:00 AM,1,0,1
02/03/2017 02:00:00 AM,0,0,0
02/21/2017 02:00:00 PM,4,2,2
02/03/2017 08:00:00 AM,11,1,10
02/03/2017 03:00:00 AM,0,0,0
02/13/2017 02:00:00 PM,9,7,2
02/20/2017 09:00:00 PM,0,0,0
02/11/2017 09:00:00 PM,2,1,1
02/22/2017 11:00:00 AM,4,1,3
02/03/2017 06:00:00 AM,2,0,2
02/05/2017 12:00:00 PM,3,2,1
02/25/2017 03:00:00 AM,0,0,0
02/22/2017 07:00:00 AM,9,0,9
02/04/2017 01:00:00 PM,1,1,0
02/27/2017 12:00:00 AM,0,0,0
02/21/2017 07:00:00 PM,5,5,0
02/09/2017 09:00:00 AM,3,0,3
02/07/2017 11:00:00 AM,4,1,3
02/18/2017 06:00:00 PM,0,0,0
02/09/2017 02:00:00 PM,4,4,0
02/25/2017 06:00:00 AM,1,0,1
02/10/2017 11:00:00 AM,3,0,3
02/15/2017 11:00:00 AM,3,1,2
02/02/2017 02:00:00 PM,2,2,0
02/25/2017 04:00:00 PM,3,3,0
02/24/2017 12:00:00 AM,0,0,0
02/28/2017 05:00:00 AM,1,0,1
02/26/2017 06:00:00 PM,0,0,0
02/11/2017 01:00:00 AM,0,0,0
02/16/2017 09:00:00 PM,0,0,0
02/02/2017 09:00:00 AM,5,1,4
02/17/2017 02:00:00 PM,7,3,4
02/07/2017 07:00:00 AM,3,1,2
02/07/2017 06:00:00 AM,1,0,1
02/03/2017 04:00:00 AM,0,0,0
02/11/2017 03:00:00 PM,5,3,2
02/17/2017 01:00:00 PM,8,4,4
02/22/2017 04:00:00 PM,11,9,2
02/11/2017 01:00:00 PM,5,4,1
02/14/2017 01:00:00 PM,8,4,4
02/28/2017 06:00:00 AM,5,0,5
02/11/2017 07:00:00 AM,2,1,1
02/12/2017 04:00:00 PM,14,6,8
02/02/2017 11:00:00 PM,0,0,0
02/10/2017 03:00:00 AM,0,0,0
02/08/2017 11:00:00 PM,0,0,0
02/23/2017 08:00:00 PM,1,1,0
02/09/2017 04:00:00 AM,0,0,0
02/18/2017 08:00:00 AM,1,1,0
02/07/2017 08:00:00 AM,2,0,2
02/06/2017 10:00:00 PM,0,0,0
02/03/2017 11:00:00 AM,1,1,0
02/19/2017 02:00:00 AM,0,0,0
02/27/2017 08:00:00 AM,5,1,4
02/07/2017 07:00:00 PM,1,1,0
02/18/2017 04:00:00 AM,0,0,0
02/01/2017 02:00:00 AM,0,0,0
02/17/2017 08:00:00 PM,2,2,0
02/28/2017 10:00:00 AM,6,1,5
02/12/2017 02:00:00 PM,22,14,8
02/27/2017 06:00:00 AM,7,0,7
02/17/2017 12:00:00 AM,0,0,0
02/16/2017 12:00:00 AM,1,1,0
02/22/2017 03:00:00 PM,9,7,2
02/22/2017 07:00:00 PM,6,6,0
02/11/2017 04:00:00 PM,7,4,3
02/04/2017 08:00:00 AM,0,0,0
02/27/2017 02:00:00 PM,2,1,1
02/19/2017 10:00:00 PM,0,0,0
02/06/2017 07:00:00 AM,3,0,3
02/03/2017 04:00:00 PM,3,3,0
02/18/2017 02:00:00 PM,5,3,2
02/01/2017 10:00:00 AM,3,1,2
02/08/2017 09:00:00 AM,6,0,6
02/16/2017 06:00:00 AM,6,0,6
02/25/2017 01:00:00 PM,6,2,4
02/26/2017 08:00:00 AM,2,0,2
02/22/2017 09:00:00 PM,2,2,0
02/27/2017 10:00:00 PM,0,0,0
02/28/2017 10:00:00 PM,1,0,1
02/28/2017 06:00:00 PM,10,9,1
02/08/2017 11:00:00 AM,2,0,2
02/20/2017 10:00:00 AM,3,2,1
02/04/2017 08:00:00 PM,0,0,0
02/12/2017 10:00:00 AM,1,1,0
02/27/2017 11:00:00 PM,0,0,0
02/24/2017 09:00:00 PM,1,1,0
02/17/2017 02:00:00 AM,0,0,0
02/10/2017 12:00:00 AM,0,0,0
02/12/2017 05:00:00 AM,0,0,0
02/25/2017 12:00:00 AM,0,0,0
02/18/2017 07:00:00 PM,1,0,1
02/04/2017 02:00:00 AM,0,0,0
02/23/2017 08:00:00 AM,17,2,15
02/11/2017 12:00:00 PM,3,0,3
02/28/2017 01:00:00 AM,0,0,0
02/22/2017 03:00:00 AM,0,0,0
02/18/2017 05:00:00 PM,1,1,0
02/26/2017 10:00:00 PM,0,0,0
02/21/2017 12:00:00 PM,1,1,0
03/09/2017 05:00:00 AM,2,0,2
03/11/2017 07:00:00 AM,1,0,1
03/09/2017 12:00:00 PM,4,2,2
03/05/2017 09:00:00 AM,5,2,3
03/01/2017 09:00:00 AM,10,1,9
03/21/2017 05:00:00 PM,22,21,1
03/20/2017 03:00:00 PM,6,3,3
03/28/2017 12:00:00 PM,2,1,1
03/20/2017 10:00:00 PM,0,0,0
03/19/2017 06:00:00 PM,5,4,1
03/17/2017 12:00:00 PM,3,2,1
03/26/2017 06:00:00 PM,1,1,0
03/15/2017 02:00:00 AM,0,0,0
03/29/2017 09:00:00 AM,5,0,5
03/14/2017 10:00:00 AM,11,2,9
03/10/2017 07:00:00 PM,6,6,0
03/08/2017 10:00:00 AM,5,1,4
03/15/2017 06:00:00 PM,12,12,0
03/04/2017 06:00:00 AM,2,0,2
03/11/2017 08:00:00 AM,7,2,5
03/21/2017 02:00:00 AM,0,0,0
03/24/2017 06:00:00 PM,11,11,0
03/17/2017 04:00:00 AM,0,0,0
03/05/2017 10:00:00 PM,0,0,0
03/26/2017 05:00:00 PM,2,2,0
03/13/2017 01:00:00 AM,0,0,0
03/29/2017 06:00:00 AM,1,0,1
03/28/2017 10:00:00 PM,0,0,0
03/21/2017 03:00:00 PM,3,1,2
03/03/2017 05:00:00 AM,3,0,3
03/03/2017 12:00:00 AM,0,0,0
03/10/2017 12:00:00 PM,4,3,1
03/02/2017 12:00:00 PM,5,2,3
03/04/2017 03:00:00 PM,6,3,3
03/27/2017 11:00:00 AM,4,0,4
03/14/2017 12:00:00 PM,1,0,1
03/27/2017 04:00:00 PM,13,12,1
03/26/2017 05:00:00 AM,0,0,0
03/15/2017 08:00:00 PM,0,0,0
03/01/2017 06:00:00 AM,10,0,10
03/28/2017 01:00:00 AM,0,0,0
03/06/2017 02:00:00 AM,0,0,0
03/22/2017 09:00:00 AM,7,1,6
03/04/2017 05:00:00 AM,0,0,0
03/19/2017 11:00:00 AM,8,2,6
03/15/2017 07:00:00 AM,9,2,7
03/26/2017 10:00:00 PM,0,0,0
03/10/2017 05:00:00 AM,1,0,1
03/03/2017 07:00:00 PM,3,3,0
03/17/2017 02:00:00 AM,1,1,0
03/08/2017 02:00:00 PM,0,0,0
03/17/2017 06:00:00 AM,5,0,5
03/23/2017 05:00:00 PM,28,26,2
03/28/2017 04:00:00 AM,1,0,1
03/09/2017 11:00:00 PM,1,1,0
03/03/2017 01:00:00 AM,0,0,0
03/15/2017 09:00:00 PM,3,2,1
03/06/2017 12:00:00 AM,1,1,0
03/24/2017 08:00:00 PM,0,0,0
03/31/2017 04:00:00 PM,15,15,0
03/18/2017 04:00:00 AM,0,0,0
03/20/2017 04:00:00 AM,0,0,0
03/04/2017 07:00:00 PM,0,0,0
03/09/2017 07:00:00 PM,7,7,0
03/24/2017 07:00:00 PM,4,4,0
03/02/2017 03:00:00 AM,0,0,0
03/08/2017 07:00:00 AM,9,0,9
03/15/2017 11:00:00 AM,2,0,2
03/06/2017 08:00:00 AM,22,1,21
03/16/2017 01:00:00 PM,7,2,5
03/19/2017 05:00:00 PM,4,3,1
03/15/2017 12:00:00 AM,0,0,0
03/25/2017 05:00:00 AM,0,0,0
03/01/2017 11:00:00 AM,4,0,4
03/09/2017 04:00:00 PM,11,10,1
03/05/2017 08:00:00 AM,3,0,3
03/28/2017 05:00:00 AM,4,0,4
03/26/2017 01:00:00 PM,6,1,5
03/19/2017 02:00:00 AM,0,0,0
03/12/2017 04:00:00 AM,0,0,0
03/10/2017 01:00:00 PM,6,5,1
03/13/2017 06:00:00 PM,19,18,1
03/08/2017 05:00:00 AM,1,0,1
03/13/2017 02:00:00 PM,3,1,2
03/05/2017 04:00:00 AM,0,0,0
03/28/2017 10:00:00 AM,7,1,6
03/14/2017 07:00:00 PM,13,13,0
03/28/2017 09:00:00 PM,1,0,1
03/17/2017 09:00:00 PM,1,1,0
03/23/2017 08:00:00 PM,1,1,0
03/24/2017 09:00:00 PM,1,1,0
03/30/2017 09:00:00 PM,1,0,1
03/10/2017 06:00:00 AM,5,0,5
03/20/2017 05:00:00 AM,0,0,0
03/09/2017 07:00:00 AM,17,2,15
03/07/2017 08:00:00 PM,4,4,0
03/03/2017 10:00:00 AM,0,0,0
03/28/2017 02:00:00 PM,2,0,2
03/04/2017 11:00:00 PM,0,0,0
03/18/2017 10:00:00 PM,0,0,0
03/15/2017 08:00:00 AM,12,0,12
03/04/2017 08:00:00 AM,3,0,3
03/14/2017 06:00:00 AM,6,0,6
03/29/2017 07:00:00 AM,12,1,11
03/05/2017 03:00:00 AM,0,0,0
03/08/2017 04:00:00 AM,0,0,0
03/22/2017 01:00:00 PM,1,1,0
03/25/2017 12:00:00 PM,6,5,1
03/08/2017 10:00:00 PM,1,1,0
03/16/2017 02:00:00 PM,3,3,0
03/11/2017 12:00:00 AM,0,0,0
03/23/2017 05:00:00 AM,2,0,2
03/05/2017 02:00:00 AM,0,0,0
03/24/2017 05:00:00 AM,1,0,1
03/28/2017 05:00:00 PM,23,21,2
03/09/2017 03:00:00 PM,2,2,0
03/15/2017 07:00:00 PM,7,7,0
03/11/2017 09:00:00 AM,3,1,2
03/05/2017 11:00:00 PM,0,0,0
03/25/2017 01:00:00 PM,11,9,2
03/01/2017 05:00:00 PM,30,28,2
03/02/2017 11:00:00 PM,0,0,0
03/02/2017 06:00:00 AM,3,0,3
03/13/2017 02:00:00 AM,0,0,0
03/02/2017 12:00:00 AM,0,0,0
03/21/2017 04:00:00 AM,0,0,0
03/16/2017 10:00:00 PM,1,1,0
03/30/2017 12:00:00 PM,5,2,3
03/07/2017 06:00:00 PM,8,7,1
03/23/2017 12:00:00 PM,7,5,2
03/29/2017 11:00:00 AM,3,0,3
03/20/2017 08:00:00 AM,16,1,15
03/07/2017 03:00:00 PM,4,3,1
03/19/2017 09:00:00 AM,0,0,0
03/03/2017 10:00:00 PM,1,1,0
03/28/2017 08:00:00 PM,3,2,1
03/17/2017 04:00:00 PM,9,9,0
03/22/2017 07:00:00 AM,14,2,12
03/31/2017 08:00:00 AM,20,1,19
03/21/2017 11:00:00 AM,5,0,5
03/29/2017 03:00:00 PM,4,3,1
03/02/2017 10:00:00 AM,2,0,2
03/13/2017 03:00:00 PM,4,3,1
03/22/2017 08:00:00 PM,0,0,0
03/27/2017 03:00:00 PM,10,8,2
03/07/2017 11:00:00 AM,5,1,4
03/29/2017 04:00:00 PM,4,4,0
03/26/2017 12:00:00 PM,0,0,0
03/17/2017 05:00:00 PM,16,16,0
03/31/2017 11:00:00 AM,4,3,1
03/08/2017 09:00:00 AM,13,0,13
03/01/2017 02:00:00 AM,0,0,0
03/05/2017 11:00:00 AM,3,2,1
03/18/2017 09:00:00 PM,0,0,0
03/06/2017 04:00:00 PM,10,8,2
03/19/2017 11:00:00 PM,0,0,0
03/20/2017 07:00:00 PM,9,8,1
03/07/2017 04:00:00 PM,4,4,0
03/13/2017 06:00:00 AM,9,0,9
03/25/2017 12:00:00 AM,0,0,0
03/05/2017 06:00:00 AM,1,0,1
03/19/2017 03:00:00 AM,0,0,0
03/17/2017 10:00:00 AM,4,0,4
03/09/2017 06:00:00 AM,6,0,6
03/17/2017 01:00:00 AM,0,0,0
03/07/2017 02:00:00 AM,0,0,0
03/19/2017 08:00:00 PM,0,0,0
03/28/2017 01:00:00 PM,5,3,2
03/18/2017 11:00:00 AM,2,1,1
03/18/2017 01:00:00 PM,6,2,4
03/16/2017 07:00:00 AM,14,0,14
03/18/2017 03:00:00 PM,5,2,3
03/07/2017 08:00:00 AM,15,0,15
03/18/2017 08:00:00 PM,0,0,0
03/16/2017 06:00:00 PM,21,21,0
03/05/2017 07:00:00 AM,0,0,0
03/17/2017 07:00:00 AM,9,0,9
03/04/2017 12:00:00 AM,0,0,0
03/31/2017 12:00:00 PM,8,2,6
03/11/2017 04:00:00 AM,0,0,0
03/22/2017 08:00:00 AM,19,0,19
03/28/2017 06:00:00 AM,4,0,4
03/01/2017 09:00:00 PM,2,2,0
03/30/2017 04:00:00 AM,0,0,0
03/30/2017 05:00:00 AM,2,0,2
03/01/2017 12:00:00 AM,1,1,0
03/26/2017 01:00:00 AM,1,1,0
03/09/2017 02:00:00 AM,0,0,0
03/20/2017 12:00:00 PM,6,3,3
03/29/2017 12:00:00 PM,3,1,2
03/12/2017 09:00:00 PM,0,0,0
03/03/2017 04:00:00 AM,1,0,1
03/16/2017 03:00:00 PM,5,5,0
03/29/2017 02:00:00 PM,0,0,0
03/25/2017 09:00:00 PM,0,0,0
03/13/2017 10:00:00 PM,1,1,0
03/23/2017 06:00:00 AM,4,0,4
03/10/2017 02:00:00 PM,6,6,0
03/06/2017 02:00:00 PM,10,6,4
03/04/2017 12:00:00 PM,8,5,3
03/13/2017 08:00:00 PM,3,3,0
03/22/2017 11:00:00 AM,4,1,3
03/11/2017 09:00:00 PM,1,0,1
03/15/2017 09:00:00 AM,2,0,2
03/29/2017 11:00:00 PM,1,1,0
03/16/2017 09:00:00 AM,11,2,9
03/07/2017 12:00:00 PM,2,1,1
03/07/2017 01:00:00 PM,4,2,2
03/15/2017 01:00:00 AM,0,0,0
03/25/2017 01:00:00 AM,0,0,0
03/25/2017 11:00:00 AM,5,4,1
03/24/2017 05:00:00 PM,13,13,0
03/14/2017 05:00:00 AM,2,0,2
03/03/2017 01:00:00 PM,5,4,1
03/24/2017 02:00:00 PM,3,3,0
03/26/2017 08:00:00 AM,2,0,2
03/12/2017 07:00:00 AM,2,2,0
03/26/2017 04:00:00 AM,0,0,0
03/15/2017 04:00:00 AM,0,0,0
03/20/2017 08:00:00 PM,2,2,0
03/12/2017 04:00:00 PM,7,4,3
03/21/2017 07:00:00 AM,10,1,9
03/08/2017 11:00:00 AM,6,3,3
03/14/2017 03:00:00 PM,8,5,3
03/30/2017 02:00:00 PM,3,1,2
03/04/2017 01:00:00 AM,1,1,0
03/30/2017 06:00:00 PM,16,16,0
03/14/2017 05:00:00 PM,24,23,1
03/03/2017 11:00:00 PM,0,0,0
03/21/2017 03:00:00 AM,0,0,0
03/13/2017 01:00:00 PM,3,1,2
03/08/2017 04:00:00 PM,9,8,1
03/14/2017 01:00:00 PM,2,2,0
03/22/2017 04:00:00 PM,8,8,0
03/14/2017 11:00:00 PM,0,0,0
03/05/2017 12:00:00 AM,0,0,0
03/01/2017 10:00:00 AM,5,0,5
03/06/2017 11:00:00 PM,1,1,0
03/26/2017 02:00:00 PM,9,6,3
03/25/2017 05:00:00 PM,2,0,2
03/31/2017 03:00:00 AM,0,0,0
03/18/2017 05:00:00 AM,0,0,0
03/30/2017 08:00:00 AM,21,0,21
03/28/2017 08:00:00 AM,18,2,16
03/30/2017 02:00:00 AM,0,0,0
03/27/2017 05:00:00 AM,1,0,1
03/02/2017 03:00:00 PM,6,6,0
03/28/2017 07:00:00 PM,4,4,0
03/12/2017 10:00:00 AM,4,2,2
03/23/2017 10:00:00 PM,1,1,0
03/21/2017 06:00:00 PM,21,18,3
03/25/2017 03:00:00 PM,5,3,2
03/31/2017 01:00:00 PM,9,8,1
03/20/2017 01:00:00 PM,7,7,0
03/22/2017 07:00:00 PM,7,6,1
03/05/2017 01:00:00 AM,1,1,0
03/19/2017 06:00:00 AM,1,0,1
03/02/2017 04:00:00 AM,0,0,0
03/07/2017 09:00:00 AM,4,0,4
03/06/2017 04:00:00 AM,0,0,0
03/12/2017 06:00:00 AM,1,0,1
03/04/2017 06:00:00 PM,4,3,1
03/23/2017 09:00:00 PM,0,0,0
03/06/2017 08:00:00 PM,3,3,0
03/11/2017 02:00:00 PM,2,1,1
03/14/2017 04:00:00 AM,0,0,0
03/18/2017 05:00:00 PM,1,1,0
03/09/2017 11:00:00 AM,2,0,2
03/29/2017 10:00:00 PM,1,1,0
03/26/2017 04:00:00 PM,4,4,0
03/04/2017 02:00:00 PM,6,4,2
03/04/2017 10:00:00 AM,3,1,2
03/04/2017 09:00:00 PM,0,0,0
03/09/2017 04:00:00 AM,0,0,0
03/11/2017 06:00:00 AM,1,0,1
03/25/2017 03:00:00 AM,0,0,0
03/14/2017 02:00:00 PM,2,2,0
03/02/2017 02:00:00 PM,4,3,1
03/29/2017 01:00:00 AM,1,1,0
03/25/2017 11:00:00 PM,1,0,1
03/20/2017 11:00:00 PM,1,1,0
03/18/2017 06:00:00 PM,1,1,0
03/25/2017 08:00:00 PM,1,1,0
03/17/2017 07:00:00 PM,6,6,0
03/23/2017 07:00:00 PM,6,5,1
03/29/2017 08:00:00 PM,2,1,1
03/08/2017 06:00:00 PM,13,13,0
03/14/2017 04:00:00 PM,10,10,0
03/06/2017 09:00:00 PM,5,5,0
03/04/2017 11:00:00 AM,1,0,1
03/06/2017 01:00:00 PM,5,1,4
03/09/2017 10:00:00 AM,0,0,0
03/14/2017 06:00:00 PM,19,19,0
03/02/2017 05:00:00 PM,20,19,1
03/15/2017 12:00:00 PM,1,0,1
03/27/2017 10:00:00 PM,2,2,0
03/31/2017 02:00:00 AM,0,0,0
03/31/2017 02:00:00 PM,5,3,2
03/21/2017 12:00:00 PM,2,1,1
03/04/2017 04:00:00 PM,2,2,0
03/19/2017 05:00:00 AM,0,0,0
03/31/2017 04:00:00 AM,0,0,0
03/16/2017 05:00:00 PM,23,21,2
03/25/2017 04:00:00 AM,0,0,0
03/02/2017 09:00:00 AM,6,0,6
03/21/2017 04:00:00 PM,8,7,1
03/07/2017 04:00:00 AM,0,0,0
03/07/2017 05:00:00 PM,17,16,1
03/08/2017 01:00:00 AM,0,0,0
03/01/2017 02:00:00 PM,5,3,2
03/10/2017 04:00:00 AM,0,0,0
03/25/2017 07:00:00 AM,0,0,0
03/13/2017 11:00:00 AM,3,0,3
03/23/2017 08:00:00 AM,12,0,12
03/01/2017 12:00:00 PM,8,5,3
03/08/2017 03:00:00 AM,0,0,0
03/24/2017 04:00:00 PM,7,6,1
03/27/2017 08:00:00 PM,1,1,0
03/20/2017 09:00:00 PM,1,1,0
03/25/2017 06:00:00 AM,0,0,0
03/10/2017 12:00:00 AM,0,0,0
03/06/2017 07:00:00 AM,11,1,10
03/14/2017 03:00:00 AM,0,0,0
03/31/2017 03:00:00 PM,9,7,2
03/22/2017 05:00:00 AM,2,0,2
03/01/2017 04:00:00 PM,6,5,1
03/10/2017 03:00:00 AM,0,0,0
03/26/2017 03:00:00 AM,0,0,0
03/29/2017 10:00:00 AM,3,0,3
03/01/2017 08:00:00 AM,18,1,17
03/17/2017 12:00:00 AM,0,0,0
03/29/2017 07:00:00 PM,5,5,0
03/06/2017 01:00:00 AM,0,0,0
03/31/2017 10:00:00 AM,5,3,2
03/28/2017 09:00:00 AM,15,0,15
03/25/2017 10:00:00 PM,0,0,0
03/10/2017 11:00:00 AM,4,1,3
03/18/2017 04:00:00 PM,5,3,2
03/20/2017 02:00:00 PM,6,2,4
03/01/2017 06:00:00 PM,19,19,0
03/21/2017 08:00:00 AM,18,2,16
03/13/2017 05:00:00 AM,0,0,0
03/09/2017 01:00:00 PM,3,2,1
03/30/2017 03:00:00 AM,0,0,0
03/08/2017 12:00:00 PM,1,1,0
03/06/2017 10:00:00 AM,4,1,3
03/27/2017 12:00:00 AM,0,0,0
03/08/2017 08:00:00 AM,19,1,18
03/31/2017 09:00:00 AM,14,4,10
03/02/2017 06:00:00 PM,14,14,0
03/24/2017 06:00:00 AM,3,0,3
03/02/2017 01:00:00 AM,1,1,0
03/08/2017 05:00:00 PM,31,31,0
03/16/2017 11:00:00 AM,4,0,4
03/09/2017 03:00:00 AM,0,0,0
03/18/2017 08:00:00 AM,1,0,1
03/14/2017 08:00:00 AM,17,0,17
03/20/2017 06:00:00 PM,19,18,1
03/04/2017 08:00:00 PM,2,0,2
03/06/2017 03:00:00 PM,3,2,1
03/24/2017 12:00:00 PM,3,1,2
03/15/2017 10:00:00 PM,1,1,0
03/30/2017 12:00:00 AM,0,0,0
03/16/2017 11:00:00 PM,0,0,0
03/05/2017 01:00:00 PM,4,2,2
03/24/2017 01:00:00 PM,6,4,2
03/13/2017 09:00:00 PM,2,1,1
03/19/2017 08:00:00 AM,1,0,1
03/14/2017 10:00:00 PM,1,1,0
03/20/2017 09:00:00 AM,13,0,13
03/31/2017 11:00:00 PM,1,1,0
03/20/2017 12:00:00 AM,0,0,0
03/24/2017 10:00:00 AM,3,1,2
03/22/2017 10:00:00 AM,3,1,2
03/11/2017 10:00:00 AM,1,1,0
03/31/2017 01:00:00 AM,0,0,0
03/07/2017 07:00:00 PM,7,7,0
03/13/2017 04:00:00 PM,9,9,0
03/02/2017 05:00:00 AM,1,0,1
03/12/2017 01:00:00 PM,14,10,4
03/23/2017 02:00:00 PM,3,3,0
03/09/2017 01:00:00 AM,0,0,0
03/12/2017 12:00:00 AM,0,0,0
03/23/2017 11:00:00 AM,6,1,5
03/10/2017 10:00:00 AM,5,1,4
03/23/2017 07:00:00 AM,22,1,21
03/09/2017 09:00:00 AM,8,0,8
03/29/2017 05:00:00 PM,23,21,2
03/10/2017 11:00:00 PM,0,0,0
03/10/2017 07:00:00 AM,10,0,10
03/08/2017 07:00:00 PM,7,7,0
03/22/2017 05:00:00 PM,18,17,1
03/02/2017 07:00:00 AM,16,2,14
03/18/2017 02:00:00 AM,0,0,0
03/20/2017 01:00:00 AM,0,0,0
03/17/2017 09:00:00 AM,8,1,7
03/01/2017 03:00:00 PM,7,6,1
03/16/2017 06:00:00 AM,7,1,6
03/02/2017 08:00:00 AM,19,1,18
03/18/2017 07:00:00 PM,4,2,2
03/24/2017 08:00:00 AM,14,1,13
03/10/2017 06:00:00 PM,10,9,1
03/03/2017 08:00:00 AM,15,0,15
03/12/2017 05:00:00 PM,2,2,0
03/16/2017 09:00:00 PM,1,1,0
03/07/2017 06:00:00 AM,8,0,8
03/22/2017 11:00:00 PM,0,0,0
03/24/2017 09:00:00 AM,4,1,3
03/19/2017 12:00:00 PM,13,8,5
03/27/2017 12:00:00 PM,5,3,2
03/10/2017 08:00:00 PM,3,2,1
03/27/2017 02:00:00 PM,8,7,1
03/19/2017 01:00:00 AM,0,0,0
03/12/2017 11:00:00 AM,6,1,5
03/15/2017 05:00:00 PM,11,11,0
03/01/2017 01:00:00 PM,2,2,0
03/24/2017 03:00:00 AM,0,0,0
03/28/2017 02:00:00 AM,0,0,0
03/06/2017 06:00:00 AM,7,0,7
03/25/2017 08:00:00 AM,5,1,4
03/12/2017 09:00:00 AM,2,1,1
03/02/2017 02:00:00 AM,1,1,0
03/16/2017 08:00:00 PM,1,1,0
03/10/2017 08:00:00 AM,16,1,15
03/21/2017 09:00:00 PM,2,2,0
03/29/2017 12:00:00 AM,0,0,0
03/03/2017 12:00:00 PM,1,1,0
03/05/2017 12:00:00 PM,2,1,1
03/03/2017 09:00:00 AM,8,2,6
03/22/2017 04:00:00 AM,0,0,0
03/22/2017 06:00:00 AM,3,0,3
03/11/2017 10:00:00 PM,0,0,0
03/30/2017 10:00:00 PM,0,0,0
03/18/2017 10:00:00 AM,0,0,0
03/26/2017 02:00:00 AM,0,0,0
03/03/2017 03:00:00 PM,4,4,0
03/09/2017 02:00:00 PM,2,2,0
03/24/2017 11:00:00 PM,0,0,0
03/07/2017 07:00:00 AM,13,1,12
03/20/2017 06:00:00 AM,7,0,7
03/31/2017 09:00:00 PM,4,4,0
03/03/2017 11:00:00 AM,4,1,3
03/26/2017 12:00:00 AM,1,1,0
03/08/2017 08:00:00 PM,2,1,1
03/27/2017 06:00:00 AM,6,0,6
03/03/2017 08:00:00 PM,0,0,0
03/11/2017 04:00:00 PM,6,3,3
03/08/2017 06:00:00 AM,6,0,6
03/09/2017 08:00:00 PM,2,1,1
03/16/2017 05:00:00 AM,2,0,2
03/01/2017 07:00:00 PM,2,2,0
03/26/2017 07:00:00 PM,0,0,0
03/19/2017 10:00:00 PM,0,0,0
03/08/2017 03:00:00 PM,5,3,2
03/12/2017 12:00:00 PM,6,0,6
03/17/2017 11:00:00 PM,0,0,0
03/08/2017 12:00:00 AM,0,0,0
03/28/2017 04:00:00 PM,11,8,3
03/10/2017 09:00:00 AM,10,2,8
03/23/2017 06:00:00 PM,14,13,1
03/24/2017 11:00:00 AM,2,1,1
03/21/2017 10:00:00 PM,0,0,0
03/11/2017 11:00:00 AM,4,2,2
03/23/2017 09:00:00 AM,7,0,7
03/01/2017 08:00:00 PM,2,2,0
03/14/2017 02:00:00 AM,0,0,0
03/02/2017 11:00:00 AM,3,1,2
03/30/2017 07:00:00 AM,16,1,15
03/04/2017 10:00:00 PM,0,0,0
03/31/2017 12:00:00 AM,1,1,0
03/24/2017 01:00:00 AM,0,0,0
03/18/2017 06:00:00 AM,0,0,0
03/26/2017 08:00:00 PM,0,0,0
03/20/2017 05:00:00 PM,32,31,1
03/03/2017 06:00:00 PM,8,8,0
03/15/2017 01:00:00 PM,2,1,1
03/12/2017 08:00:00 AM,3,1,2
03/15/2017 04:00:00 PM,6,5,1
03/23/2017 01:00:00 PM,5,4,1
03/23/2017 03:00:00 AM,0,0,0
03/27/2017 02:00:00 AM,0,0,0
03/23/2017 04:00:00 AM,0,0,0
03/11/2017 01:00:00 AM,0,0,0
03/19/2017 03:00:00 PM,9,6,3
03/15/2017 11:00:00 PM,0,0,0
03/23/2017 01:00:00 AM,0,0,0
03/13/2017 03:00:00 AM,0,0,0
03/18/2017 12:00:00 AM,0,0,0
03/23/2017 12:00:00 AM,0,0,0
03/27/2017 06:00:00 PM,19,19,0
03/25/2017 06:00:00 PM,3,1,2
03/30/2017 09:00:00 AM,11,1,10
03/30/2017 05:00:00 PM,37,32,5
03/31/2017 07:00:00 AM,16,2,14
03/16/2017 03:00:00 AM,0,0,0
03/28/2017 12:00:00 AM,2,2,0
03/05/2017 06:00:00 PM,0,0,0
03/30/2017 11:00:00 PM,0,0,0
03/27/2017 01:00:00 PM,2,2,0
03/26/2017 10:00:00 AM,3,0,3
03/18/2017 02:00:00 PM,7,3,4
03/11/2017 05:00:00 AM,0,0,0
03/10/2017 05:00:00 PM,17,17,0
03/21/2017 12:00:00 AM,0,0,0
03/03/2017 04:00:00 PM,8,8,0
03/21/2017 01:00:00 PM,1,1,0
03/24/2017 02:00:00 AM,1,0,1
03/27/2017 08:00:00 AM,21,1,20
03/03/2017 02:00:00 PM,5,5,0
03/05/2017 02:00:00 PM,3,1,2
03/16/2017 12:00:00 PM,3,1,2
03/20/2017 02:00:00 AM,0,0,0
03/11/2017 03:00:00 PM,6,1,5
03/26/2017 07:00:00 AM,1,0,1
03/29/2017 06:00:00 PM,23,22,1
03/15/2017 05:00:00 AM,4,0,4
03/18/2017 12:00:00 PM,4,1,3
03/29/2017 04:00:00 AM,0,0,0
03/31/2017 06:00:00 AM,8,0,8
03/19/2017 07:00:00 AM,0,0,0
03/16/2017 04:00:00 PM,14,11,3
03/27/2017 01:00:00 AM,0,0,0
03/10/2017 04:00:00 PM,9,6,3
03/06/2017 03:00:00 AM,0,0,0
03/02/2017 10:00:00 PM,0,0,0
03/12/2017 10:00:00 PM,0,0,0
03/10/2017 03:00:00 PM,11,9,2
03/05/2017 03:00:00 PM,4,4,0
03/25/2017 09:00:00 AM,3,0,3
03/14/2017 09:00:00 PM,1,0,1
03/03/2017 07:00:00 AM,17,1,16
03/29/2017 03:00:00 AM,0,0,0
03/15/2017 10:00:00 AM,5,0,5
03/23/2017 10:00:00 AM,6,0,6
03/04/2017 09:00:00 AM,1,0,1
03/21/2017 10:00:00 AM,4,0,4
03/22/2017 09:00:00 PM,3,2,1
03/05/2017 05:00:00 PM,0,0,0
03/05/2017 10:00:00 AM,2,1,1
03/15/2017 06:00:00 AM,5,0,5
03/27/2017 09:00:00 PM,3,2,1
03/12/2017 03:00:00 PM,2,2,0
03/29/2017 08:00:00 AM,18,0,18
03/01/2017 07:00:00 AM,15,2,13
03/19/2017 04:00:00 PM,18,10,8
03/27/2017 07:00:00 PM,8,7,1
03/09/2017 06:00:00 PM,17,17,0
03/17/2017 08:00:00 AM,17,2,15
03/25/2017 07:00:00 PM,2,2,0
03/13/2017 04:00:00 AM,0,0,0
03/20/2017 11:00:00 AM,5,3,2
03/12/2017 02:00:00 AM,0,0,0
03/09/2017 10:00:00 PM,0,0,0
03/15/2017 02:00:00 PM,2,2,0
03/05/2017 08:00:00 PM,1,1,0
03/19/2017 07:00:00 PM,2,2,0
03/16/2017 10:00:00 AM,9,1,8
03/20/2017 07:00:00 AM,22,1,21
03/12/2017 05:00:00 AM,0,0,0
03/06/2017 05:00:00 PM,21,21,0
03/07/2017 03:00:00 AM,0,0,0
03/21/2017 08:00:00 PM,2,2,0
03/06/2017 09:00:00 AM,15,0,15
03/30/2017 04:00:00 PM,16,14,2
03/30/2017 01:00:00 PM,9,6,3
03/12/2017 08:00:00 PM,2,0,2
03/24/2017 07:00:00 AM,14,1,13
03/04/2017 05:00:00 PM,4,4,0
03/11/2017 07:00:00 PM,1,1,0
03/16/2017 12:00:00 AM,0,0,0
03/30/2017 06:00:00 AM,8,0,8
03/05/2017 07:00:00 PM,1,1,0
03/17/2017 05:00:00 AM,1,0,1
03/08/2017 11:00:00 PM,0,0,0
03/30/2017 08:00:00 PM,5,4,1
03/11/2017 02:00:00 AM,0,0,0
03/12/2017 07:00:00 PM,2,2,0
03/03/2017 05:00:00 PM,15,14,1
03/22/2017 02:00:00 AM,0,0,0
03/26/2017 09:00:00 PM,0,0,0
03/20/2017 04:00:00 PM,21,19,2
03/07/2017 01:00:00 AM,0,0,0
03/17/2017 03:00:00 AM,0,0,0
03/31/2017 10:00:00 PM,0,0,0
03/22/2017 03:00:00 PM,5,2,3
03/13/2017 07:00:00 AM,10,1,9
03/31/2017 08:00:00 PM,1,1,0
03/29/2017 02:00:00 AM,0,0,0
03/23/2017 04:00:00 PM,14,12,2
03/28/2017 11:00:00 PM,1,1,0
03/18/2017 01:00:00 AM,0,0,0
03/28/2017 06:00:00 PM,30,29,1
03/26/2017 06:00:00 AM,1,0,1
03/16/2017 01:00:00 AM,0,0,0
03/19/2017 09:00:00 PM,0,0,0
03/19/2017 10:00:00 AM,2,1,1
03/27/2017 05:00:00 PM,35,33,2
03/12/2017 03:00:00 AM,0,0,0
03/30/2017 01:00:00 AM,0,0,0
03/16/2017 04:00:00 AM,0,0,0
03/02/2017 09:00:00 PM,0,0,0
03/01/2017 11:00:00 PM,0,0,0
03/17/2017 10:00:00 PM,0,0,0
03/22/2017 03:00:00 AM,0,0,0
03/22/2017 02:00:00 PM,2,1,1
03/22/2017 12:00:00 AM,0,0,0
03/27/2017 03:00:00 AM,0,0,0
03/02/2017 07:00:00 PM,7,7,0
03/01/2017 01:00:00 AM,1,1,0
03/24/2017 12:00:00 AM,0,0,0
03/14/2017 12:00:00 AM,0,0,0
03/07/2017 12:00:00 AM,0,0,0
03/30/2017 11:00:00 AM,7,2,5
03/27/2017 10:00:00 AM,8,1,7
03/27/2017 11:00:00 PM,0,0,0
03/07/2017 02:00:00 PM,3,2,1
03/06/2017 06:00:00 PM,17,15,2
03/06/2017 12:00:00 PM,2,2,0
03/05/2017 05:00:00 AM,0,0,0
03/23/2017 03:00:00 PM,8,5,3
03/17/2017 06:00:00 PM,10,10,0
03/08/2017 01:00:00 PM,0,0,0
03/22/2017 10:00:00 PM,2,2,0
03/29/2017 01:00:00 PM,8,5,3
03/04/2017 07:00:00 AM,1,0,1
03/03/2017 09:00:00 PM,0,0,0
03/01/2017 04:00:00 AM,0,0,0
03/19/2017 04:00:00 AM,0,0,0
03/31/2017 05:00:00 AM,3,0,3
03/25/2017 02:00:00 PM,12,7,5
03/21/2017 05:00:00 AM,2,0,2
03/19/2017 01:00:00 PM,14,8,6
03/12/2017 01:00:00 AM,0,0,0
03/22/2017 01:00:00 AM,0,0,0
03/28/2017 03:00:00 AM,0,0,0
03/01/2017 05:00:00 AM,1,0,1
03/12/2017 06:00:00 PM,0,0,0
03/17/2017 02:00:00 PM,3,3,0
03/15/2017 03:00:00 AM,0,0,0
03/30/2017 07:00:00 PM,14,13,1
03/16/2017 08:00:00 AM,17,1,16
03/11/2017 01:00:00 PM,2,1,1
03/03/2017 03:00:00 AM,0,0,0
03/04/2017 01:00:00 PM,9,9,0
03/27/2017 07:00:00 AM,24,1,23
03/09/2017 08:00:00 AM,12,2,10
03/16/2017 02:00:00 AM,0,0,0
03/19/2017 12:00:00 AM,1,1,0
03/04/2017 03:00:00 AM,0,0,0
03/23/2017 02:00:00 AM,0,0,0
03/30/2017 03:00:00 PM,6,6,0
03/07/2017 09:00:00 PM,1,1,0
03/11/2017 08:00:00 PM,0,0,0
03/21/2017 01:00:00 AM,0,0,0
03/23/2017 11:00:00 PM,0,0,0
03/12/2017 11:00:00 PM,0,0,0
03/06/2017 10:00:00 PM,1,1,0
03/06/2017 07:00:00 PM,6,6,0
03/09/2017 12:00:00 AM,0,0,0
03/13/2017 08:00:00 AM,12,0,12
03/13/2017 12:00:00 AM,1,1,0
03/18/2017 03:00:00 AM,0,0,0
03/21/2017 02:00:00 PM,0,0,0
03/13/2017 11:00:00 PM,0,0,0
03/20/2017 03:00:00 AM,0,0,0
03/27/2017 09:00:00 AM,14,0,14
03/31/2017 05:00:00 PM,33,32,1
03/26/2017 09:00:00 AM,3,2,1
03/04/2017 04:00:00 AM,0,0,0
03/11/2017 05:00:00 PM,12,9,3
03/04/2017 02:00:00 AM,0,0,0
03/13/2017 07:00:00 PM,5,5,0
03/09/2017 09:00:00 PM,1,0,1
03/01/2017 10:00:00 PM,0,0,0
03/18/2017 07:00:00 AM,1,0,1
03/02/2017 08:00:00 PM,1,1,0
03/19/2017 02:00:00 PM,10,4,6
03/11/2017 03:00:00 AM,0,0,0
03/16/2017 07:00:00 PM,6,6,0
03/05/2017 09:00:00 PM,0,0,0
03/09/2017 05:00:00 PM,14,14,0
03/12/2017 02:00:00 PM,7,4,3
03/06/2017 11:00:00 AM,2,0,2
03/14/2017 01:00:00 AM,0,0,0
03/26/2017 03:00:00 PM,2,1,1
03/14/2017 09:00:00 AM,10,0,10
03/05/2017 04:00:00 PM,0,0,0
03/14/2017 08:00:00 PM,0,0,0
03/27/2017 04:00:00 AM,0,0,0
03/08/2017 02:00:00 AM,0,0,0
03/17/2017 08:00:00 PM,0,0,0
03/24/2017 04:00:00 AM,0,0,0
03/15/2017 03:00:00 PM,1,1,0
03/13/2017 09:00:00 AM,6,2,4
03/14/2017 11:00:00 AM,5,3,2
03/07/2017 05:00:00 AM,2,0,2
03/13/2017 12:00:00 PM,2,1,1
03/17/2017 03:00:00 PM,4,4,0
03/17/2017 01:00:00 PM,2,2,0
03/14/2017 07:00:00 AM,12,0,12
03/22/2017 06:00:00 PM,19,19,0
03/03/2017 06:00:00 AM,7,0,7
03/10/2017 02:00:00 AM,0,0,0
03/26/2017 11:00:00 PM,0,0,0
03/03/2017 02:00:00 AM,0,0,0
03/25/2017 02:00:00 AM,0,0,0
03/29/2017 05:00:00 AM,0,0,0
03/30/2017 10:00:00 AM,5,1,4
03/21/2017 11:00:00 PM,1,1,0
03/25/2017 04:00:00 PM,2,1,1
03/13/2017 05:00:00 PM,21,21,0
03/06/2017 05:00:00 AM,1,0,1
03/11/2017 06:00:00 PM,3,3,0
03/18/2017 09:00:00 AM,2,0,2
03/01/2017 03:00:00 AM,0,0,0
03/28/2017 03:00:00 PM,13,12,1
03/11/2017 12:00:00 PM,1,1,0
03/07/2017 10:00:00 AM,2,1,1
03/17/2017 11:00:00 AM,8,2,6
03/26/2017 11:00:00 AM,2,1,1
03/28/2017 11:00:00 AM,1,1,0
03/24/2017 10:00:00 PM,0,0,0
03/08/2017 09:00:00 PM,1,0,1
03/21/2017 06:00:00 AM,6,1,5
03/11/2017 11:00:00 PM,0,0,0
03/18/2017 11:00:00 PM,0,0,0
03/13/2017 10:00:00 AM,2,0,2
03/31/2017 07:00:00 PM,6,3,3
03/25/2017 10:00:00 AM,9,2,7
03/10/2017 10:00:00 PM,1,1,0
03/02/2017 01:00:00 PM,2,2,0
03/21/2017 07:00:00 PM,7,7,0
03/22/2017 12:00:00 PM,2,1,1
03/10/2017 01:00:00 AM,0,0,0
03/21/2017 09:00:00 AM,15,2,13
03/29/2017 09:00:00 PM,0,0,0
03/10/2017 09:00:00 PM,1,0,1
03/02/2017 04:00:00 PM,7,7,0
03/07/2017 10:00:00 PM,1,1,0
03/07/2017 11:00:00 PM,2,2,0
03/28/2017 07:00:00 AM,19,0,19
03/31/2017 06:00:00 PM,17,13,4
03/24/2017 03:00:00 PM,3,2,1
03/20/2017 10:00:00 AM,11,1,10
04/02/2017 06:00:00 AM,0,0,0
04/03/2017 12:00:00 AM,0,0,0
04/09/2017 06:00:00 PM,4,4,0
04/24/2017 11:00:00 PM,0,0,0
04/20/2017 07:00:00 PM,10,9,1
04/15/2017 01:00:00 AM,5,3,2
04/29/2017 05:00:00 AM,0,0,0
04/29/2017 11:00:00 PM,1,1,0
04/30/2017 04:00:00 PM,14,8,6
04/05/2017 03:00:00 PM,4,4,0
04/26/2017 08:00:00 AM,23,2,21
04/17/2017 03:00:00 AM,0,0,0
04/08/2017 11:00:00 AM,4,4,0
04/19/2017 05:00:00 AM,3,0,3
04/22/2017 04:00:00 AM,0,0,0
04/21/2017 07:00:00 AM,26,2,24
04/23/2017 05:00:00 PM,5,4,1
04/03/2017 05:00:00 PM,31,31,0
04/12/2017 11:00:00 AM,2,0,2
04/10/2017 03:00:00 AM,0,0,0
04/28/2017 11:00:00 PM,0,0,0
04/02/2017 05:00:00 PM,7,6,1
04/20/2017 08:00:00 PM,1,1,0
04/27/2017 12:00:00 PM,2,2,0
04/05/2017 07:00:00 AM,16,0,16
04/01/2017 02:00:00 PM,6,5,1
04/08/2017 11:00:00 PM,1,1,0
04/30/2017 04:00:00 AM,0,0,0
04/21/2017 06:00:00 PM,33,27,6
04/20/2017 06:00:00 PM,19,18,1
04/16/2017 10:00:00 PM,2,2,0
04/28/2017 08:00:00 AM,25,3,22
04/03/2017 01:00:00 PM,3,1,2
04/26/2017 11:00:00 PM,1,1,0
04/16/2017 01:00:00 PM,14,9,5
04/17/2017 02:00:00 PM,5,5,0
04/18/2017 02:00:00 PM,3,3,0
04/09/2017 05:00:00 PM,8,8,0
04/07/2017 01:00:00 AM,0,0,0
04/08/2017 05:00:00 PM,2,1,1
04/25/2017 12:00:00 AM,1,1,0
04/02/2017 11:00:00 AM,4,3,1
04/10/2017 07:00:00 AM,15,0,15
04/03/2017 11:00:00 AM,5,1,4
04/04/2017 08:00:00 AM,20,1,19
04/03/2017 05:00:00 AM,1,0,1
04/17/2017 01:00:00 PM,7,3,4
04/24/2017 09:00:00 AM,13,2,11
04/26/2017 06:00:00 PM,16,16,0
04/22/2017 09:00:00 PM,0,0,0
04/26/2017 06:00:00 AM,12,1,11
04/08/2017 07:00:00 PM,1,1,0
04/12/2017 06:00:00 AM,5,0,5
04/22/2017 01:00:00 PM,1,1,0
04/28/2017 06:00:00 PM,16,14,2
04/11/2017 03:00:00 PM,10,10,0
04/26/2017 07:00:00 AM,18,1,17
04/29/2017 07:00:00 AM,0,0,0
04/21/2017 06:00:00 AM,10,0,10
04/15/2017 02:00:00 PM,7,3,4
04/10/2017 03:00:00 PM,2,1,1
04/19/2017 02:00:00 AM,0,0,0
04/19/2017 01:00:00 AM,0,0,0
04/14/2017 08:00:00 PM,0,0,0
04/21/2017 02:00:00 PM,8,4,4
04/08/2017 06:00:00 AM,0,0,0
04/20/2017 08:00:00 AM,25,1,24
04/25/2017 07:00:00 AM,21,1,20
04/28/2017 10:00:00 AM,6,1,5
04/29/2017 11:00:00 AM,3,2,1
04/16/2017 05:00:00 PM,6,5,1
04/10/2017 10:00:00 AM,6,2,4
04/27/2017 08:00:00 AM,19,1,18
04/13/2017 12:00:00 PM,3,0,3
04/29/2017 09:00:00 PM,0,0,0
04/15/2017 05:00:00 AM,0,0,0
04/09/2017 01:00:00 PM,11,9,2
04/04/2017 03:00:00 PM,11,9,2
04/01/2017 06:00:00 PM,4,4,0
04/17/2017 07:00:00 PM,6,6,0
04/08/2017 03:00:00 PM,2,0,2
04/08/2017 05:00:00 AM,0,0,0
04/17/2017 03:00:00 PM,2,2,0
04/14/2017 11:00:00 AM,8,1,7
04/19/2017 12:00:00 PM,5,4,1
04/23/2017 05:00:00 AM,0,0,0
04/25/2017 10:00:00 AM,14,3,11
04/01/2017 08:00:00 PM,0,0,0
04/06/2017 07:00:00 PM,11,11,0
04/07/2017 09:00:00 PM,1,1,0
04/20/2017 10:00:00 AM,3,0,3
04/29/2017 03:00:00 AM,0,0,0
04/22/2017 02:00:00 AM,0,0,0
04/27/2017 04:00:00 AM,0,0,0
04/05/2017 11:00:00 PM,0,0,0
04/21/2017 08:00:00 AM,27,2,25
04/22/2017 01:00:00 AM,1,1,0
04/30/2017 02:00:00 PM,12,8,4
04/10/2017 01:00:00 PM,2,2,0
04/19/2017 11:00:00 AM,3,0,3
04/23/2017 08:00:00 PM,1,1,0
04/14/2017 03:00:00 AM,0,0,0
04/02/2017 02:00:00 PM,4,2,2
04/18/2017 05:00:00 PM,28,25,3
04/30/2017 07:00:00 AM,0,0,0
04/08/2017 03:00:00 AM,0,0,0
04/12/2017 04:00:00 PM,7,7,0
04/01/2017 07:00:00 PM,3,2,1
04/18/2017 04:00:00 AM,0,0,0
04/01/2017 11:00:00 AM,0,0,0
04/01/2017 05:00:00 AM,0,0,0
04/04/2017 10:00:00 PM,1,1,0
04/07/2017 08:00:00 AM,13,1,12
04/19/2017 01:00:00 PM,1,1,0
04/26/2017 04:00:00 AM,0,0,0
04/05/2017 10:00:00 PM,0,0,0
04/25/2017 01:00:00 AM,0,0,0
04/24/2017 06:00:00 PM,26,24,2
04/16/2017 02:00:00 PM,9,7,2
04/24/2017 05:00:00 AM,0,0,0
04/21/2017 09:00:00 AM,9,0,9
04/25/2017 06:00:00 PM,28,25,3
04/12/2017 10:00:00 AM,5,0,5
04/08/2017 08:00:00 PM,0,0,0
04/07/2017 08:00:00 PM,2,2,0
04/23/2017 07:00:00 PM,2,1,1
04/24/2017 12:00:00 AM,0,0,0
04/27/2017 06:00:00 AM,8,0,8
04/24/2017 02:00:00 PM,5,2,3
04/08/2017 01:00:00 AM,0,0,0
04/06/2017 08:00:00 PM,3,3,0
04/05/2017 07:00:00 PM,7,7,0
04/27/2017 11:00:00 AM,2,0,2
04/27/2017 05:00:00 PM,29,27,2
04/14/2017 07:00:00 AM,10,1,9
04/01/2017 05:00:00 PM,5,3,2
04/29/2017 01:00:00 AM,0,0,0
04/28/2017 05:00:00 AM,1,0,1
04/24/2017 03:00:00 AM,0,0,0
04/06/2017 01:00:00 PM,2,1,1
04/13/2017 04:00:00 AM,0,0,0
04/05/2017 02:00:00 PM,4,1,3
04/05/2017 05:00:00 AM,1,0,1
04/15/2017 06:00:00 PM,4,2,2
04/05/2017 04:00:00 AM,0,0,0
04/11/2017 04:00:00 AM,0,0,0
04/24/2017 11:00:00 AM,4,3,1
04/09/2017 12:00:00 PM,10,3,7
04/30/2017 11:00:00 PM,3,3,0
04/23/2017 03:00:00 PM,9,3,6
04/03/2017 08:00:00 PM,4,4,0
04/03/2017 02:00:00 AM,0,0,0
04/08/2017 09:00:00 AM,5,1,4
04/04/2017 04:00:00 PM,16,15,1
04/11/2017 02:00:00 PM,3,3,0
04/03/2017 08:00:00 AM,22,1,21
04/14/2017 02:00:00 AM,0,0,0
04/01/2017 10:00:00 AM,2,2,0
04/18/2017 06:00:00 PM,24,22,2
04/10/2017 11:00:00 AM,4,2,2
04/16/2017 04:00:00 PM,8,3,5
04/18/2017 01:00:00 PM,2,0,2
04/07/2017 07:00:00 AM,8,0,8
04/17/2017 12:00:00 AM,0,0,0
04/25/2017 12:00:00 PM,6,3,3
04/24/2017 02:00:00 AM,0,0,0
04/27/2017 05:00:00 AM,1,0,1
04/13/2017 11:00:00 AM,3,1,2
04/17/2017 07:00:00 AM,15,1,14
04/25/2017 03:00:00 PM,9,6,3
04/29/2017 09:00:00 AM,8,2,6
04/13/2017 07:00:00 PM,4,4,0
04/09/2017 04:00:00 PM,11,6,5
04/07/2017 04:00:00 PM,12,12,0
04/23/2017 01:00:00 PM,6,3,3
04/23/2017 12:00:00 AM,0,0,0
04/02/2017 10:00:00 AM,3,1,2
04/24/2017 10:00:00 AM,7,1,6
04/23/2017 10:00:00 PM,1,1,0
04/19/2017 08:00:00 AM,22,2,20
04/10/2017 07:00:00 PM,4,4,0
04/26/2017 09:00:00 AM,14,1,13
04/07/2017 12:00:00 PM,3,3,0
04/04/2017 12:00:00 AM,1,1,0
04/01/2017 08:00:00 AM,4,1,3
04/28/2017 07:00:00 AM,25,2,23
04/25/2017 05:00:00 AM,2,0,2
04/20/2017 10:00:00 PM,1,1,0
04/30/2017 06:00:00 AM,0,0,0
04/22/2017 08:00:00 AM,7,0,7
04/09/2017 09:00:00 PM,0,0,0
04/25/2017 02:00:00 AM,0,0,0
04/01/2017 02:00:00 AM,0,0,0
04/08/2017 07:00:00 AM,4,1,3
04/09/2017 04:00:00 AM,0,0,0
04/09/2017 02:00:00 PM,24,12,12
04/22/2017 07:00:00 PM,6,5,1
04/07/2017 12:00:00 AM,0,0,0
04/29/2017 04:00:00 AM,0,0,0
04/18/2017 12:00:00 AM,0,0,0
04/25/2017 02:00:00 PM,6,5,1
04/24/2017 03:00:00 PM,1,1,0
04/20/2017 12:00:00 AM,0,0,0
04/26/2017 07:00:00 PM,9,9,0
04/11/2017 12:00:00 PM,11,1,10
04/12/2017 12:00:00 PM,1,1,0
04/27/2017 03:00:00 AM,0,0,0
04/29/2017 02:00:00 AM,0,0,0
04/01/2017 11:00:00 PM,0,0,0
04/29/2017 10:00:00 PM,0,0,0
04/03/2017 09:00:00 AM,14,0,14
04/06/2017 10:00:00 PM,1,1,0
04/17/2017 05:00:00 PM,26,26,0
04/11/2017 07:00:00 PM,11,10,1
04/06/2017 02:00:00 PM,4,2,2
04/10/2017 12:00:00 AM,0,0,0
04/11/2017 06:00:00 PM,21,21,0
04/18/2017 03:00:00 AM,0,0,0
04/05/2017 04:00:00 PM,7,7,0
04/10/2017 02:00:00 AM,0,0,0
04/02/2017 06:00:00 PM,4,3,1
04/06/2017 04:00:00 AM,0,0,0
04/17/2017 08:00:00 PM,3,2,1
04/14/2017 03:00:00 PM,8,7,1
04/14/2017 06:00:00 AM,10,0,10
04/11/2017 01:00:00 PM,9,6,3
04/11/2017 07:00:00 AM,14,1,13
04/06/2017 08:00:00 AM,11,0,11
04/18/2017 09:00:00 PM,2,2,0
04/20/2017 11:00:00 AM,2,1,1
04/10/2017 11:00:00 PM,0,0,0
04/17/2017 01:00:00 AM,0,0,0
04/08/2017 04:00:00 PM,4,4,0
04/27/2017 02:00:00 PM,4,3,1
04/09/2017 08:00:00 AM,4,1,3
04/08/2017 08:00:00 AM,5,4,1
04/06/2017 09:00:00 AM,8,1,7
04/26/2017 11:00:00 AM,2,1,1
04/12/2017 09:00:00 PM,1,1,0
04/08/2017 01:00:00 PM,4,2,2
04/27/2017 03:00:00 PM,10,10,0
04/24/2017 04:00:00 AM,0,0,0
04/28/2017 03:00:00 AM,0,0,0
04/18/2017 10:00:00 PM,4,3,1
04/02/2017 07:00:00 AM,1,0,1
04/27/2017 01:00:00 PM,3,1,2
04/15/2017 11:00:00 PM,1,1,0
04/17/2017 11:00:00 AM,3,1,2
04/20/2017 05:00:00 AM,3,0,3
04/26/2017 08:00:00 PM,4,4,0
04/14/2017 09:00:00 AM,9,0,9
04/27/2017 07:00:00 PM,13,13,0
04/14/2017 01:00:00 AM,1,1,0
04/15/2017 11:00:00 AM,8,7,1
04/22/2017 05:00:00 AM,0,0,0
04/22/2017 07:00:00 AM,3,2,1
04/28/2017 08:00:00 PM,5,3,2
04/04/2017 02:00:00 AM,0,0,0
04/18/2017 05:00:00 AM,1,0,1
04/26/2017 03:00:00 PM,3,3,0
04/24/2017 12:00:00 PM,6,5,1
04/25/2017 05:00:00 PM,36,36,0
04/26/2017 02:00:00 AM,0,0,0
04/01/2017 06:00:00 AM,0,0,0
04/23/2017 06:00:00 AM,1,0,1
04/13/2017 01:00:00 AM,1,1,0
04/22/2017 12:00:00 PM,2,2,0
04/10/2017 09:00:00 PM,1,1,0
04/11/2017 09:00:00 PM,2,1,1
04/03/2017 09:00:00 PM,2,2,0
04/27/2017 06:00:00 PM,16,15,1
04/26/2017 05:00:00 AM,1,0,1
04/10/2017 02:00:00 PM,2,2,0
04/02/2017 04:00:00 AM,0,0,0
04/04/2017 09:00:00 PM,1,1,0
04/16/2017 07:00:00 PM,1,0,1
04/03/2017 11:00:00 PM,0,0,0
04/14/2017 01:00:00 PM,2,1,1
04/14/2017 04:00:00 PM,17,15,2
04/15/2017 09:00:00 PM,1,0,1
04/28/2017 04:00:00 AM,0,0,0
04/14/2017 12:00:00 AM,0,0,0
04/18/2017 07:00:00 AM,19,1,18
04/04/2017 03:00:00 AM,0,0,0
04/01/2017 01:00:00 AM,0,0,0
04/15/2017 12:00:00 AM,2,1,1
04/07/2017 11:00:00 PM,0,0,0
04/13/2017 04:00:00 PM,6,6,0
04/30/2017 07:00:00 PM,2,1,1
04/22/2017 12:00:00 AM,0,0,0
04/19/2017 10:00:00 AM,10,3,7
04/16/2017 08:00:00 AM,2,0,2
04/16/2017 11:00:00 AM,11,7,4
04/09/2017 09:00:00 AM,10,1,9
04/10/2017 06:00:00 PM,12,12,0
04/19/2017 06:00:00 PM,15,15,0
04/27/2017 09:00:00 PM,1,1,0
04/06/2017 03:00:00 AM,0,0,0
04/13/2017 08:00:00 PM,2,2,0
04/30/2017 02:00:00 AM,0,0,0
04/21/2017 01:00:00 PM,10,9,1
04/22/2017 08:00:00 PM,0,0,0
04/18/2017 01:00:00 AM,0,0,0
04/10/2017 04:00:00 PM,11,11,0
04/17/2017 05:00:00 AM,1,0,1
04/05/2017 03:00:00 AM,0,0,0
04/30/2017 12:00:00 PM,6,1,5
04/13/2017 05:00:00 PM,22,20,2
04/10/2017 10:00:00 PM,2,2,0
04/29/2017 06:00:00 AM,3,0,3
04/12/2017 02:00:00 PM,4,2,2
04/22/2017 05:00:00 PM,2,1,1
04/11/2017 08:00:00 PM,2,1,1
04/08/2017 04:00:00 AM,0,0,0
04/09/2017 07:00:00 AM,4,1,3
04/26/2017 05:00:00 PM,27,27,0
04/07/2017 07:00:00 PM,1,1,0
04/15/2017 06:00:00 AM,0,0,0
04/23/2017 06:00:00 PM,3,2,1
04/07/2017 02:00:00 PM,4,1,3
04/13/2017 11:00:00 PM,5,3,2
04/20/2017 11:00:00 PM,2,1,1
04/15/2017 01:00:00 PM,6,1,5
04/12/2017 03:00:00 AM,0,0,0
04/19/2017 07:00:00 AM,17,1,16
04/09/2017 06:00:00 AM,2,1,1
04/14/2017 05:00:00 AM,2,0,2
04/21/2017 07:00:00 PM,14,11,3
04/26/2017 12:00:00 PM,8,6,2
04/19/2017 10:00:00 PM,0,0,0
04/02/2017 03:00:00 PM,9,4,5
04/08/2017 09:00:00 PM,0,0,0
04/02/2017 02:00:00 AM,0,0,0
04/14/2017 05:00:00 PM,22,19,3
04/24/2017 01:00:00 PM,7,5,2
04/02/2017 05:00:00 AM,0,0,0
04/26/2017 01:00:00 PM,4,3,1
04/21/2017 04:00:00 AM,0,0,0
04/23/2017 04:00:00 PM,2,2,0
04/09/2017 10:00:00 PM,0,0,0
04/30/2017 05:00:00 PM,11,7,4
04/01/2017 04:00:00 AM,0,0,0
04/02/2017 08:00:00 PM,0,0,0
04/06/2017 12:00:00 AM,1,1,0
04/18/2017 03:00:00 PM,13,11,2
04/27/2017 04:00:00 PM,10,9,1
04/11/2017 06:00:00 AM,8,0,8
04/08/2017 12:00:00 AM,1,1,0
04/14/2017 06:00:00 PM,15,14,1
04/04/2017 06:00:00 AM,7,0,7
04/09/2017 02:00:00 AM,1,1,0
04/30/2017 01:00:00 AM,0,0,0
04/05/2017 08:00:00 PM,1,1,0
04/29/2017 01:00:00 PM,6,3,3
04/12/2017 12:00:00 AM,0,0,0
04/09/2017 11:00:00 PM,0,0,0
04/22/2017 11:00:00 PM,1,1,0
04/13/2017 03:00:00 AM,0,0,0
04/18/2017 09:00:00 AM,7,0,7
04/17/2017 09:00:00 AM,16,1,15
04/08/2017 02:00:00 PM,4,0,4
04/20/2017 05:00:00 PM,28,28,0
04/15/2017 10:00:00 PM,1,0,1
04/07/2017 06:00:00 AM,8,2,6
04/13/2017 10:00:00 PM,1,1,0
04/13/2017 07:00:00 AM,14,0,14
04/02/2017 09:00:00 AM,5,2,3
04/12/2017 06:00:00 PM,12,10,2
04/13/2017 08:00:00 AM,12,3,9
04/19/2017 12:00:00 AM,0,0,0
04/28/2017 02:00:00 PM,4,1,3
04/01/2017 10:00:00 PM,0,0,0
04/24/2017 06:00:00 AM,10,1,9
04/23/2017 02:00:00 AM,0,0,0
04/20/2017 09:00:00 PM,2,1,1
04/02/2017 09:00:00 PM,0,0,0
04/04/2017 08:00:00 PM,4,3,1
04/13/2017 02:00:00 PM,4,2,2
04/02/2017 11:00:00 PM,0,0,0
04/01/2017 12:00:00 AM,1,1,0
04/11/2017 10:00:00 AM,11,2,9
04/19/2017 04:00:00 PM,9,9,0
04/17/2017 11:00:00 PM,0,0,0
04/08/2017 06:00:00 PM,6,5,1
04/18/2017 10:00:00 AM,4,0,4
04/06/2017 06:00:00 AM,9,0,9
04/13/2017 01:00:00 PM,5,3,2
04/06/2017 04:00:00 PM,17,13,4
04/22/2017 09:00:00 AM,4,3,1
04/07/2017 05:00:00 PM,16,15,1
04/12/2017 01:00:00 PM,4,2,2
04/03/2017 04:00:00 AM,0,0,0
04/16/2017 04:00:00 AM,0,0,0
04/18/2017 11:00:00 AM,3,3,0
04/16/2017 03:00:00 PM,13,7,6
04/16/2017 01:00:00 AM,0,0,0
04/19/2017 05:00:00 PM,34,32,2
04/17/2017 04:00:00 PM,8,8,0
04/04/2017 11:00:00 AM,6,2,4
04/09/2017 11:00:00 AM,19,7,12
04/01/2017 09:00:00 PM,0,0,0
04/06/2017 10:00:00 AM,4,1,3
04/30/2017 06:00:00 PM,8,6,2
04/23/2017 11:00:00 AM,9,5,4
04/10/2017 09:00:00 AM,13,1,12
04/22/2017 10:00:00 AM,7,2,5
04/27/2017 09:00:00 AM,9,1,8
04/06/2017 07:00:00 AM,9,0,9
04/02/2017 04:00:00 PM,6,4,2
04/02/2017 10:00:00 PM,1,1,0
04/23/2017 09:00:00 AM,2,0,2
04/01/2017 03:00:00 AM,0,0,0
04/16/2017 02:00:00 AM,1,1,0
04/29/2017 05:00:00 PM,3,2,1
04/09/2017 05:00:00 AM,0,0,0
04/14/2017 04:00:00 AM,0,0,0
04/03/2017 06:00:00 AM,6,0,6
04/21/2017 03:00:00 AM,0,0,0
04/11/2017 11:00:00 PM,0,0,0
04/21/2017 10:00:00 PM,4,4,0
04/28/2017 12:00:00 AM,0,0,0
04/29/2017 12:00:00 PM,10,5,5
04/18/2017 06:00:00 AM,5,0,5
04/28/2017 09:00:00 AM,15,1,14
04/05/2017 01:00:00 AM,0,0,0
04/20/2017 03:00:00 PM,9,8,1
04/17/2017 10:00:00 PM,1,1,0
04/04/2017 10:00:00 AM,7,1,6
04/01/2017 07:00:00 AM,1,0,1
04/30/2017 09:00:00 AM,6,0,6
04/28/2017 01:00:00 AM,0,0,0
04/06/2017 11:00:00 AM,6,1,5
04/15/2017 10:00:00 AM,5,1,4
04/15/2017 03:00:00 AM,1,1,0
04/02/2017 03:00:00 AM,0,0,0
04/25/2017 07:00:00 PM,5,5,0
04/03/2017 03:00:00 AM,0,0,0
04/15/2017 12:00:00 PM,17,12,5
04/14/2017 10:00:00 AM,5,0,5
04/29/2017 04:00:00 PM,10,9,1
04/04/2017 01:00:00 AM,1,1,0
04/19/2017 04:00:00 AM,0,0,0
04/25/2017 11:00:00 PM,0,0,0
04/16/2017 08:00:00 PM,0,0,0
04/20/2017 04:00:00 AM,0,0,0
04/20/2017 12:00:00 PM,6,3,3
04/14/2017 07:00:00 PM,3,3,0
04/29/2017 10:00:00 AM,1,0,1
04/14/2017 11:00:00 PM,0,0,0
04/20/2017 07:00:00 AM,19,3,16
04/27/2017 12:00:00 AM,0,0,0
04/05/2017 05:00:00 PM,21,20,1
04/29/2017 08:00:00 PM,0,0,0
04/26/2017 12:00:00 AM,0,0,0
04/15/2017 07:00:00 PM,6,6,0
04/20/2017 01:00:00 PM,3,2,1
04/30/2017 10:00:00 AM,9,5,4
04/25/2017 06:00:00 AM,7,0,7
04/05/2017 02:00:00 AM,0,0,0
04/17/2017 04:00:00 AM,0,0,0
04/12/2017 09:00:00 AM,8,1,7
04/29/2017 12:00:00 AM,0,0,0
04/17/2017 08:00:00 AM,23,1,22
04/28/2017 02:00:00 AM,0,0,0
04/20/2017 01:00:00 AM,0,0,0
04/28/2017 04:00:00 PM,17,15,2
04/02/2017 12:00:00 AM,1,1,0
04/12/2017 04:00:00 AM,0,0,0
04/19/2017 02:00:00 PM,3,3,0
04/13/2017 06:00:00 AM,5,0,5
04/26/2017 04:00:00 PM,11,10,1
04/28/2017 09:00:00 PM,1,1,0
04/21/2017 05:00:00 PM,30,28,2
04/20/2017 02:00:00 AM,0,0,0
04/12/2017 05:00:00 AM,1,0,1
04/07/2017 01:00:00 PM,2,2,0
04/06/2017 01:00:00 AM,0,0,0
04/12/2017 10:00:00 PM,0,0,0
04/25/2017 04:00:00 PM,12,12,0
04/11/2017 10:00:00 PM,1,0,1
04/21/2017 01:00:00 AM,0,0,0
04/06/2017 02:00:00 AM,0,0,0
04/10/2017 08:00:00 PM,3,3,0
04/03/2017 02:00:00 PM,6,4,2
04/25/2017 09:00:00 AM,20,0,20
04/13/2017 03:00:00 PM,11,10,1
04/21/2017 09:00:00 PM,2,0,2
04/21/2017 08:00:00 PM,3,3,0
04/04/2017 02:00:00 PM,3,2,1
04/19/2017 09:00:00 AM,18,3,15
04/13/2017 12:00:00 AM,0,0,0
04/03/2017 01:00:00 AM,1,1,0
04/15/2017 03:00:00 PM,10,5,5
04/30/2017 12:00:00 AM,0,0,0
04/14/2017 10:00:00 PM,0,0,0
04/10/2017 08:00:00 AM,24,1,23
04/18/2017 08:00:00 PM,3,3,0
04/21/2017 03:00:00 PM,15,13,2
04/07/2017 09:00:00 AM,3,1,2
04/11/2017 05:00:00 PM,42,40,2
04/16/2017 03:00:00 AM,0,0,0
04/07/2017 05:00:00 AM,4,0,4
04/09/2017 08:00:00 PM,4,3,1
04/02/2017 01:00:00 PM,6,5,1
04/07/2017 02:00:00 AM,0,0,0
04/18/2017 08:00:00 AM,27,2,25
04/01/2017 04:00:00 PM,3,3,0
04/05/2017 09:00:00 AM,4,0,4
04/29/2017 07:00:00 PM,3,1,2
04/23/2017 08:00:00 AM,2,2,0
04/12/2017 11:00:00 PM,0,0,0
04/03/2017 06:00:00 PM,24,18,6
04/10/2017 04:00:00 AM,0,0,0
04/28/2017 06:00:00 AM,8,1,7
04/04/2017 05:00:00 AM,1,0,1
04/02/2017 08:00:00 AM,3,1,2
04/05/2017 08:00:00 AM,13,0,13
04/10/2017 12:00:00 PM,3,1,2
04/03/2017 10:00:00 PM,2,2,0
04/10/2017 01:00:00 AM,1,1,0
04/03/2017 07:00:00 AM,19,1,18
04/15/2017 07:00:00 AM,0,0,0
04/01/2017 03:00:00 PM,8,4,4
04/08/2017 10:00:00 PM,1,0,1
04/30/2017 10:00:00 PM,0,0,0
04/04/2017 07:00:00 AM,14,2,12
04/16/2017 06:00:00 PM,1,1,0
04/29/2017 06:00:00 PM,5,3,2
04/12/2017 03:00:00 PM,4,3,1
04/23/2017 10:00:00 AM,14,9,5
04/16/2017 10:00:00 AM,7,0,7
04/11/2017 03:00:00 AM,0,0,0
04/24/2017 07:00:00 AM,17,2,15
04/25/2017 10:00:00 PM,1,1,0
04/07/2017 03:00:00 AM,0,0,0
04/11/2017 05:00:00 AM,0,0,0
04/22/2017 10:00:00 PM,2,1,1
04/17/2017 02:00:00 AM,0,0,0
04/07/2017 04:00:00 AM,0,0,0
04/09/2017 12:00:00 AM,0,0,0
04/07/2017 10:00:00 AM,2,0,2
04/01/2017 12:00:00 PM,3,0,3
04/30/2017 01:00:00 PM,9,5,4
04/03/2017 07:00:00 PM,5,5,0
04/03/2017 03:00:00 PM,14,11,3
04/20/2017 03:00:00 AM,0,0,0
04/29/2017 02:00:00 PM,16,12,4
04/22/2017 06:00:00 PM,5,3,2
04/07/2017 03:00:00 PM,8,8,0
04/30/2017 05:00:00 AM,0,0,0
04/20/2017 02:00:00 PM,7,5,2
04/13/2017 10:00:00 AM,10,1,9
04/16/2017 07:00:00 AM,0,0,0
04/23/2017 09:00:00 PM,1,0,1
04/21/2017 11:00:00 PM,0,0,0
04/11/2017 11:00:00 AM,5,2,3
04/06/2017 09:00:00 PM,3,2,1
04/25/2017 01:00:00 PM,2,1,1
04/15/2017 08:00:00 PM,1,1,0
04/05/2017 11:00:00 AM,3,2,1
04/24/2017 01:00:00 AM,1,1,0
04/30/2017 08:00:00 PM,2,2,0
04/09/2017 10:00:00 AM,7,5,2
04/06/2017 12:00:00 PM,6,2,4
04/01/2017 01:00:00 PM,11,6,5
04/19/2017 06:00:00 AM,7,1,6
04/04/2017 07:00:00 PM,13,11,2
04/25/2017 03:00:00 AM,1,1,0
04/03/2017 12:00:00 PM,4,1,3
04/26/2017 10:00:00 PM,0,0,0
04/14/2017 08:00:00 AM,20,0,20
04/12/2017 02:00:00 AM,0,0,0
04/05/2017 10:00:00 AM,4,0,4
04/05/2017 06:00:00 PM,16,16,0
04/26/2017 02:00:00 PM,3,2,1
04/17/2017 06:00:00 AM,9,1,8
04/23/2017 03:00:00 AM,0,0,0
04/24/2017 08:00:00 PM,7,7,0
04/11/2017 01:00:00 AM,0,0,0
04/27/2017 07:00:00 AM,16,2,14
04/13/2017 06:00:00 PM,19,18,1
04/27/2017 01:00:00 AM,0,0,0
04/05/2017 06:00:00 AM,6,0,6
04/14/2017 02:00:00 PM,4,3,1
04/20/2017 04:00:00 PM,16,14,2
04/27/2017 11:00:00 PM,1,1,0
04/13/2017 09:00:00 PM,1,0,1
04/28/2017 01:00:00 PM,13,11,2
04/06/2017 05:00:00 AM,1,0,1
04/28/2017 07:00:00 PM,11,8,3
04/22/2017 03:00:00 AM,0,0,0
04/13/2017 05:00:00 AM,1,0,1
04/04/2017 04:00:00 AM,0,0,0
04/03/2017 04:00:00 PM,29,23,6
04/23/2017 04:00:00 AM,0,0,0
04/02/2017 01:00:00 AM,1,1,0
04/09/2017 03:00:00 AM,0,0,0
04/02/2017 07:00:00 PM,2,1,1
04/28/2017 10:00:00 PM,2,2,0
04/09/2017 01:00:00 AM,1,1,0
04/21/2017 12:00:00 PM,10,6,4
04/12/2017 01:00:00 AM,1,1,0
04/06/2017 05:00:00 PM,34,29,5
04/17/2017 12:00:00 PM,3,1,2
04/10/2017 05:00:00 AM,2,0,2
04/12/2017 08:00:00 PM,1,1,0
04/19/2017 11:00:00 PM,0,0,0
04/24/2017 04:00:00 PM,8,7,1
04/29/2017 03:00:00 PM,10,9,1
04/04/2017 11:00:00 PM,0,0,0
04/02/2017 12:00:00 PM,11,7,4
04/04/2017 06:00:00 PM,29,27,2
04/18/2017 11:00:00 PM,0,0,0
04/27/2017 10:00:00 AM,5,0,5
04/22/2017 11:00:00 AM,9,7,2
04/15/2017 05:00:00 PM,5,4,1
04/17/2017 10:00:00 AM,12,1,11
04/15/2017 02:00:00 AM,0,0,0
04/07/2017 10:00:00 PM,0,0,0
04/16/2017 12:00:00 PM,12,10,2
04/04/2017 12:00:00 PM,7,2,5
04/08/2017 10:00:00 AM,5,4,1
04/28/2017 03:00:00 PM,12,10,2
04/15/2017 08:00:00 AM,7,2,5
04/25/2017 08:00:00 PM,6,5,1
04/21/2017 02:00:00 AM,0,0,0
04/23/2017 11:00:00 PM,0,0,0
04/09/2017 07:00:00 PM,1,1,0
04/12/2017 07:00:00 PM,4,4,0
04/30/2017 03:00:00 PM,5,4,1
04/01/2017 09:00:00 AM,3,1,2
04/05/2017 12:00:00 AM,2,2,0
04/17/2017 06:00:00 PM,21,21,0
04/24/2017 08:00:00 AM,31,1,30
04/20/2017 09:00:00 AM,13,0,13
04/19/2017 03:00:00 AM,0,0,0
04/13/2017 09:00:00 AM,10,0,10
04/07/2017 06:00:00 PM,3,3,0
04/19/2017 08:00:00 PM,0,0,0
04/11/2017 12:00:00 AM,1,1,0
04/12/2017 08:00:00 AM,16,0,16
04/16/2017 09:00:00 PM,0,0,0
04/04/2017 09:00:00 AM,17,1,16
04/15/2017 09:00:00 AM,6,4,2
04/07/2017 11:00:00 AM,4,2,2
04/04/2017 05:00:00 PM,34,31,3
04/18/2017 02:00:00 AM,0,0,0
04/18/2017 12:00:00 PM,5,2,3
04/21/2017 05:00:00 AM,3,0,3
04/08/2017 02:00:00 AM,0,0,0
04/30/2017 03:00:00 AM,0,0,0
04/19/2017 03:00:00 PM,2,2,0
04/28/2017 11:00:00 AM,10,2,8
04/14/2017 12:00:00 PM,3,2,1
04/14/2017 09:00:00 PM,1,1,0
04/18/2017 07:00:00 PM,5,5,0
04/16/2017 11:00:00 PM,1,0,1
04/26/2017 10:00:00 AM,7,1,6
04/05/2017 12:00:00 PM,1,1,0
04/11/2017 09:00:00 AM,14,2,12
04/28/2017 12:00:00 PM,6,4,2
04/08/2017 12:00:00 PM,4,1,3
04/16/2017 06:00:00 AM,2,1,1
04/22/2017 06:00:00 AM,3,0,3
04/15/2017 04:00:00 AM,0,0,0
04/27/2017 02:00:00 AM,0,0,0
04/25/2017 09:00:00 PM,2,1,1
04/12/2017 07:00:00 AM,6,1,5
04/25/2017 08:00:00 AM,22,1,21
04/16/2017 05:00:00 AM,0,0,0
04/30/2017 11:00:00 AM,1,1,0
04/21/2017 04:00:00 PM,20,16,4
04/30/2017 09:00:00 PM,1,1,0
04/21/2017 11:00:00 AM,10,2,8
04/11/2017 04:00:00 PM,24,19,5
04/23/2017 07:00:00 AM,1,0,1
04/19/2017 09:00:00 PM,2,2,0
04/22/2017 03:00:00 PM,3,2,1
04/24/2017 09:00:00 PM,4,3,1
04/26/2017 03:00:00 AM,0,0,0
04/24/2017 05:00:00 PM,35,32,3
04/23/2017 02:00:00 PM,1,1,0
04/21/2017 12:00:00 AM,1,1,0
04/19/2017 07:00:00 PM,12,11,1
04/09/2017 03:00:00 PM,6,2,4
04/05/2017 09:00:00 PM,1,1,0
04/05/2017 01:00:00 PM,0,0,0
04/18/2017 04:00:00 PM,12,10,2
04/22/2017 02:00:00 PM,7,6,1
04/23/2017 12:00:00 PM,2,1,1
04/27/2017 10:00:00 PM,1,1,0
04/24/2017 07:00:00 PM,14,13,1
04/06/2017 03:00:00 PM,9,5,4
04/06/2017 11:00:00 PM,0,0,0
04/11/2017 02:00:00 AM,0,0,0
04/20/2017 06:00:00 AM,7,0,7
04/21/2017 10:00:00 AM,6,4,2
04/12/2017 05:00:00 PM,17,15,2
04/25/2017 11:00:00 AM,7,4,3
04/27/2017 08:00:00 PM,3,3,0
04/25/2017 04:00:00 AM,0,0,0
04/30/2017 08:00:00 AM,0,0,0
04/28/2017 05:00:00 PM,26,25,1
04/11/2017 08:00:00 AM,17,0,17
04/17/2017 09:00:00 PM,2,2,0
04/04/2017 01:00:00 PM,4,4,0
04/22/2017 04:00:00 PM,5,2,3
04/13/2017 02:00:00 AM,0,0,0
04/10/2017 06:00:00 AM,7,0,7
04/29/2017 08:00:00 AM,3,1,2
04/26/2017 01:00:00 AM,0,0,0
04/24/2017 10:00:00 PM,3,3,0
04/23/2017 01:00:00 AM,0,0,0
04/16/2017 12:00:00 AM,0,0,0
04/06/2017 06:00:00 PM,19,17,2
04/16/2017 09:00:00 AM,5,1,4
04/03/2017 10:00:00 AM,7,1,6
04/10/2017 05:00:00 PM,25,24,1
04/26/2017 09:00:00 PM,1,1,0
04/15/2017 04:00:00 PM,7,5,2
05/15/2017 08:00:00 AM,42,5,37
05/22/2017 07:00:00 PM,16,15,1
05/03/2017 06:00:00 AM,11,0,11
05/24/2017 09:00:00 AM,21,1,20
05/17/2017 12:00:00 AM,1,1,0
05/12/2017 02:00:00 AM,0,0,0
05/27/2017 02:00:00 PM,16,9,7
05/14/2017 03:00:00 PM,23,12,11
05/21/2017 12:00:00 AM,0,0,0
05/01/2017 10:00:00 PM,3,2,1
05/28/2017 10:00:00 AM,17,14,3
05/09/2017 08:00:00 AM,36,1,35
05/14/2017 01:00:00 PM,8,6,2
05/24/2017 10:00:00 PM,2,2,0
05/03/2017 11:00:00 PM,0,0,0
05/02/2017 05:00:00 AM,2,0,2
05/13/2017 09:00:00 AM,8,3,5
05/21/2017 10:00:00 PM,0,0,0
05/05/2017 06:00:00 PM,18,15,3
05/29/2017 03:00:00 PM,25,13,12
05/04/2017 07:00:00 AM,34,2,32
05/23/2017 03:00:00 AM,0,0,0
05/16/2017 02:00:00 PM,3,2,1
05/19/2017 04:00:00 PM,25,21,4
05/11/2017 08:00:00 AM,24,0,24
05/27/2017 03:00:00 AM,0,0,0
05/09/2017 05:00:00 PM,42,36,6
05/21/2017 05:00:00 PM,7,2,5
05/30/2017 10:00:00 AM,12,1,11
05/21/2017 04:00:00 PM,13,6,7
05/16/2017 02:00:00 AM,0,0,0
05/30/2017 01:00:00 PM,5,0,5
05/08/2017 10:00:00 PM,4,3,1
05/13/2017 07:00:00 AM,0,0,0
05/04/2017 03:00:00 PM,7,6,1
05/05/2017 03:00:00 PM,9,6,3
05/13/2017 05:00:00 PM,11,6,5
05/15/2017 03:00:00 PM,3,2,1
05/17/2017 05:00:00 AM,2,0,2
05/13/2017 02:00:00 AM,0,0,0
05/26/2017 03:00:00 AM,0,0,0
05/29/2017 11:00:00 AM,16,8,8
05/27/2017 10:00:00 AM,10,6,4
05/08/2017 01:00:00 PM,7,5,2
05/21/2017 08:00:00 AM,4,0,4
05/17/2017 08:00:00 AM,34,4,30
05/01/2017 07:00:00 AM,23,0,23
05/11/2017 03:00:00 PM,3,3,0
05/22/2017 08:00:00 PM,13,11,2
05/19/2017 05:00:00 AM,4,0,4
05/02/2017 02:00:00 PM,11,8,3
05/24/2017 05:00:00 AM,4,0,4
05/17/2017 10:00:00 AM,8,1,7
05/22/2017 03:00:00 PM,14,12,2
05/04/2017 01:00:00 AM,0,0,0
05/16/2017 03:00:00 PM,7,5,2
05/06/2017 05:00:00 AM,0,0,0
05/24/2017 07:00:00 PM,15,15,0
05/04/2017 05:00:00 PM,28,27,1
05/18/2017 12:00:00 AM,1,1,0
05/01/2017 03:00:00 PM,8,5,3
05/05/2017 07:00:00 PM,8,7,1
05/10/2017 03:00:00 AM,0,0,0
05/26/2017 06:00:00 PM,21,21,0
05/10/2017 11:00:00 PM,1,1,0
05/26/2017 07:00:00 AM,39,5,34
05/15/2017 04:00:00 PM,16,15,1
05/30/2017 03:00:00 AM,0,0,0
05/25/2017 10:00:00 AM,10,4,6
05/28/2017 09:00:00 AM,9,7,2
05/12/2017 09:00:00 AM,17,2,15
05/14/2017 11:00:00 PM,1,0,1
05/27/2017 04:00:00 PM,8,3,5
05/11/2017 02:00:00 PM,9,8,1
05/17/2017 07:00:00 AM,27,3,24
05/03/2017 10:00:00 PM,1,1,0
05/14/2017 02:00:00 AM,0,0,0
05/03/2017 02:00:00 PM,11,10,1
05/20/2017 09:00:00 PM,6,5,1
05/13/2017 09:00:00 PM,1,1,0
05/06/2017 04:00:00 PM,14,8,6
05/29/2017 06:00:00 PM,7,4,3
05/31/2017 05:00:00 AM,2,0,2
05/11/2017 11:00:00 PM,0,0,0
05/03/2017 11:00:00 AM,6,4,2
05/12/2017 03:00:00 PM,13,10,3
05/08/2017 03:00:00 AM,0,0,0
05/03/2017 01:00:00 AM,1,1,0
05/11/2017 05:00:00 PM,27,24,3
05/30/2017 11:00:00 PM,1,1,0
05/02/2017 10:00:00 PM,2,2,0
05/31/2017 12:00:00 AM,2,2,0
05/04/2017 01:00:00 PM,8,5,3
05/09/2017 07:00:00 PM,13,13,0
05/11/2017 01:00:00 AM,0,0,0
05/25/2017 12:00:00 AM,0,0,0
05/27/2017 07:00:00 PM,7,6,1
05/14/2017 04:00:00 PM,8,4,4
05/29/2017 11:00:00 PM,1,1,0
05/17/2017 06:00:00 AM,16,1,15
05/05/2017 09:00:00 PM,1,1,0
05/14/2017 11:00:00 AM,2,0,2
05/17/2017 01:00:00 AM,0,0,0
05/08/2017 04:00:00 AM,1,0,1
05/19/2017 10:00:00 PM,1,1,0
05/11/2017 03:00:00 AM,0,0,0
05/11/2017 12:00:00 AM,1,1,0
05/19/2017 02:00:00 PM,13,11,2
05/11/2017 11:00:00 AM,7,2,5
05/03/2017 12:00:00 PM,10,5,5
05/02/2017 11:00:00 AM,6,1,5
05/22/2017 01:00:00 AM,0,0,0
05/09/2017 12:00:00 AM,2,1,1
05/26/2017 04:00:00 PM,30,23,7
05/09/2017 07:00:00 AM,41,1,40
05/23/2017 03:00:00 PM,18,17,1
05/19/2017 03:00:00 PM,20,16,4
05/25/2017 03:00:00 AM,0,0,0
05/25/2017 07:00:00 PM,16,13,3
05/23/2017 06:00:00 PM,43,41,2
05/11/2017 07:00:00 AM,20,1,19
05/02/2017 04:00:00 PM,24,20,4
05/20/2017 09:00:00 AM,14,6,8
05/03/2017 05:00:00 PM,45,39,6
05/28/2017 10:00:00 PM,2,1,1
05/20/2017 02:00:00 AM,0,0,0
05/17/2017 03:00:00 AM,0,0,0
05/05/2017 12:00:00 AM,0,0,0
05/17/2017 12:00:00 PM,4,3,1
05/20/2017 10:00:00 AM,8,3,5
05/15/2017 11:00:00 AM,3,2,1
05/16/2017 04:00:00 PM,10,10,0
05/19/2017 09:00:00 PM,3,2,1
05/03/2017 07:00:00 PM,20,18,2
05/03/2017 07:00:00 AM,26,1,25
05/18/2017 08:00:00 AM,37,2,35
05/19/2017 02:00:00 AM,0,0,0
05/23/2017 11:00:00 PM,2,2,0
05/19/2017 11:00:00 AM,10,2,8
05/12/2017 10:00:00 AM,8,0,8
05/31/2017 09:00:00 AM,24,1,23
05/06/2017 08:00:00 PM,1,1,0
05/10/2017 09:00:00 AM,16,1,15
05/27/2017 09:00:00 AM,19,5,14
05/08/2017 06:00:00 PM,41,37,4
05/15/2017 05:00:00 PM,31,31,0
05/22/2017 10:00:00 PM,3,3,0
05/15/2017 07:00:00 PM,7,7,0
05/27/2017 12:00:00 AM,1,1,0
05/25/2017 08:00:00 PM,8,7,1
05/31/2017 10:00:00 PM,3,3,0
05/02/2017 03:00:00 PM,11,8,3
05/25/2017 04:00:00 PM,21,20,1
05/24/2017 06:00:00 PM,38,32,6
05/21/2017 06:00:00 AM,3,0,3
05/25/2017 11:00:00 PM,0,0,0
05/09/2017 08:00:00 PM,11,11,0
05/11/2017 12:00:00 PM,3,2,1
05/01/2017 09:00:00 PM,2,2,0
05/06/2017 06:00:00 PM,6,2,4
05/15/2017 09:00:00 PM,3,3,0
05/09/2017 10:00:00 AM,16,6,10
05/04/2017 12:00:00 PM,13,8,5
05/12/2017 03:00:00 AM,0,0,0
05/13/2017 04:00:00 PM,10,3,7
05/26/2017 12:00:00 PM,8,5,3
05/18/2017 07:00:00 PM,18,16,2
05/11/2017 07:00:00 PM,12,12,0
05/29/2017 09:00:00 AM,12,4,8
05/12/2017 01:00:00 PM,1,1,0
05/30/2017 08:00:00 PM,4,4,0
05/20/2017 08:00:00 AM,11,6,5
05/06/2017 07:00:00 AM,3,1,2
05/28/2017 06:00:00 AM,5,0,5
05/22/2017 02:00:00 AM,0,0,0
05/04/2017 10:00:00 AM,4,1,3
05/07/2017 12:00:00 PM,12,6,6
05/25/2017 05:00:00 PM,32,26,6
05/14/2017 08:00:00 PM,3,2,1
05/16/2017 04:00:00 AM,0,0,0
05/11/2017 10:00:00 AM,5,2,3
05/13/2017 12:00:00 PM,12,7,5
05/10/2017 06:00:00 PM,40,34,6
05/03/2017 04:00:00 AM,0,0,0
05/17/2017 04:00:00 AM,0,0,0
05/08/2017 08:00:00 PM,5,5,0
05/05/2017 11:00:00 AM,4,2,2
05/01/2017 11:00:00 PM,0,0,0
05/29/2017 03:00:00 AM,0,0,0
05/30/2017 09:00:00 PM,3,3,0
05/15/2017 12:00:00 AM,0,0,0
05/07/2017 09:00:00 PM,0,0,0
05/24/2017 03:00:00 AM,0,0,0
05/28/2017 11:00:00 PM,1,1,0
05/17/2017 08:00:00 PM,4,4,0
05/21/2017 01:00:00 PM,20,10,10
05/29/2017 04:00:00 PM,9,7,2
05/19/2017 03:00:00 AM,0,0,0
05/04/2017 03:00:00 AM,0,0,0
05/28/2017 09:00:00 PM,3,1,2
05/31/2017 09:00:00 PM,3,2,1
05/21/2017 08:00:00 PM,5,3,2
05/12/2017 06:00:00 AM,8,1,7
05/05/2017 01:00:00 PM,9,5,4
05/28/2017 08:00:00 PM,5,5,0
05/28/2017 11:00:00 AM,9,4,5
05/29/2017 10:00:00 AM,5,3,2
05/14/2017 02:00:00 PM,8,3,5
05/28/2017 05:00:00 AM,4,0,4
05/10/2017 07:00:00 AM,43,7,36
05/09/2017 05:00:00 AM,3,0,3
05/15/2017 04:00:00 AM,0,0,0
05/28/2017 04:00:00 AM,0,0,0
05/21/2017 06:00:00 PM,3,2,1
05/05/2017 10:00:00 PM,0,0,0
05/10/2017 05:00:00 AM,4,0,4
05/02/2017 10:00:00 AM,9,2,7
05/16/2017 08:00:00 AM,10,1,9
05/20/2017 05:00:00 AM,2,0,2
05/23/2017 09:00:00 AM,21,1,20
05/30/2017 07:00:00 AM,20,0,20
05/02/2017 09:00:00 PM,5,5,0
05/20/2017 05:00:00 PM,13,6,7
05/23/2017 09:00:00 PM,5,5,0
05/31/2017 02:00:00 PM,9,7,2
05/31/2017 04:00:00 AM,1,0,1
05/07/2017 11:00:00 AM,17,8,9
05/05/2017 04:00:00 AM,0,0,0
05/18/2017 06:00:00 AM,14,1,13
05/26/2017 11:00:00 PM,3,3,0
05/24/2017 08:00:00 AM,37,1,36
05/05/2017 02:00:00 AM,0,0,0
05/18/2017 09:00:00 AM,16,0,16
05/18/2017 05:00:00 AM,2,0,2
05/27/2017 09:00:00 PM,1,1,0
05/18/2017 02:00:00 PM,7,5,2
05/13/2017 10:00:00 AM,9,3,6
05/17/2017 02:00:00 PM,9,4,5
05/02/2017 08:00:00 PM,2,2,0
05/29/2017 10:00:00 PM,0,0,0
05/01/2017 05:00:00 AM,0,0,0
05/16/2017 05:00:00 PM,19,18,1
05/10/2017 03:00:00 PM,17,10,7
05/11/2017 06:00:00 PM,22,21,1
05/25/2017 08:00:00 AM,44,1,43
05/06/2017 06:00:00 AM,2,0,2
05/28/2017 02:00:00 AM,0,0,0
05/31/2017 04:00:00 PM,36,20,16
05/06/2017 11:00:00 AM,13,7,6
05/06/2017 12:00:00 PM,12,7,5
05/18/2017 08:00:00 PM,6,6,0
05/16/2017 08:00:00 PM,4,4,0
05/26/2017 12:00:00 AM,1,0,1
05/02/2017 11:00:00 PM,0,0,0
05/25/2017 01:00:00 PM,9,5,4
05/04/2017 11:00:00 PM,0,0,0
05/29/2017 12:00:00 PM,9,6,3
05/09/2017 09:00:00 PM,2,1,1
05/08/2017 10:00:00 AM,9,1,8
05/31/2017 06:00:00 PM,28,27,1
05/23/2017 11:00:00 AM,4,3,1
05/26/2017 03:00:00 PM,18,17,1
05/14/2017 01:00:00 AM,0,0,0
05/23/2017 08:00:00 AM,52,2,50
05/15/2017 01:00:00 PM,4,2,2
05/07/2017 07:00:00 AM,7,3,4
05/04/2017 04:00:00 AM,0,0,0
05/23/2017 05:00:00 PM,52,47,5
05/07/2017 08:00:00 PM,1,1,0
05/27/2017 12:00:00 PM,9,3,6
05/27/2017 06:00:00 AM,2,0,2
05/04/2017 02:00:00 PM,12,9,3
05/27/2017 04:00:00 AM,0,0,0
05/29/2017 02:00:00 PM,11,6,5
05/31/2017 03:00:00 AM,0,0,0
05/12/2017 07:00:00 AM,26,1,25
05/09/2017 03:00:00 AM,0,0,0
05/26/2017 05:00:00 PM,46,41,5
05/02/2017 07:00:00 AM,24,2,22
05/08/2017 12:00:00 AM,1,1,0
05/22/2017 09:00:00 AM,20,1,19
05/19/2017 07:00:00 PM,10,10,0
05/21/2017 11:00:00 PM,1,1,0
05/02/2017 12:00:00 AM,1,1,0
05/19/2017 08:00:00 AM,49,5,44
05/30/2017 10:00:00 PM,2,1,1
05/20/2017 04:00:00 PM,8,7,1
05/04/2017 06:00:00 AM,11,1,10
05/08/2017 12:00:00 PM,5,3,2
05/01/2017 06:00:00 PM,40,40,0
05/29/2017 05:00:00 PM,17,14,3
05/30/2017 11:00:00 AM,10,3,7
05/03/2017 12:00:00 AM,0,0,0
05/26/2017 07:00:00 PM,11,9,2
05/03/2017 10:00:00 AM,7,2,5
05/30/2017 05:00:00 AM,1,0,1
05/01/2017 09:00:00 AM,23,3,20
05/10/2017 06:00:00 AM,15,2,13
05/15/2017 02:00:00 PM,2,1,1
05/07/2017 01:00:00 AM,0,0,0
05/01/2017 06:00:00 AM,7,0,7
05/25/2017 06:00:00 PM,30,28,2
05/22/2017 05:00:00 AM,1,0,1
05/22/2017 06:00:00 PM,43,36,7
05/13/2017 10:00:00 PM,1,1,0
05/04/2017 02:00:00 AM,0,0,0
05/17/2017 02:00:00 AM,0,0,0
05/22/2017 11:00:00 AM,10,5,5
05/27/2017 11:00:00 PM,1,1,0
05/13/2017 04:00:00 AM,0,0,0
05/07/2017 02:00:00 AM,1,1,0
05/20/2017 07:00:00 PM,10,8,2
05/10/2017 04:00:00 AM,0,0,0
05/31/2017 03:00:00 PM,16,14,2
05/05/2017 05:00:00 PM,29,26,3
05/10/2017 09:00:00 PM,3,2,1
05/26/2017 06:00:00 AM,12,0,12
05/03/2017 08:00:00 AM,22,0,22
05/30/2017 04:00:00 PM,15,14,1
05/18/2017 11:00:00 PM,0,0,0
05/22/2017 03:00:00 AM,0,0,0
05/31/2017 10:00:00 AM,11,4,7
05/09/2017 10:00:00 PM,3,3,0
05/22/2017 04:00:00 PM,22,19,3
05/21/2017 02:00:00 AM,0,0,0
05/10/2017 10:00:00 PM,2,2,0
05/24/2017 10:00:00 AM,11,2,9
05/25/2017 12:00:00 PM,12,5,7
05/24/2017 08:00:00 PM,8,8,0
05/07/2017 05:00:00 PM,6,2,4
05/04/2017 06:00:00 PM,17,16,1
05/30/2017 02:00:00 PM,4,4,0
05/24/2017 05:00:00 PM,45,41,4
05/19/2017 09:00:00 AM,23,4,19
05/26/2017 02:00:00 AM,0,0,0
05/01/2017 02:00:00 PM,4,2,2
05/19/2017 07:00:00 AM,29,1,28
05/21/2017 02:00:00 PM,13,11,2
05/31/2017 05:00:00 PM,50,45,5
05/06/2017 03:00:00 AM,0,0,0
05/02/2017 08:00:00 AM,21,2,19
05/11/2017 05:00:00 AM,1,0,1
05/17/2017 03:00:00 PM,11,9,2
05/16/2017 09:00:00 AM,10,1,9
05/17/2017 09:00:00 AM,20,1,19
05/01/2017 02:00:00 AM,0,0,0
05/14/2017 12:00:00 PM,7,4,3
05/20/2017 08:00:00 PM,5,2,3
05/19/2017 06:00:00 PM,27,25,2
05/10/2017 02:00:00 PM,6,3,3
05/12/2017 12:00:00 AM,0,0,0
05/08/2017 11:00:00 PM,3,3,0
05/21/2017 04:00:00 AM,0,0,0
05/16/2017 06:00:00 AM,9,1,8
05/27/2017 08:00:00 PM,9,8,1
05/06/2017 10:00:00 PM,0,0,0
05/07/2017 09:00:00 AM,16,5,11
05/02/2017 07:00:00 PM,6,5,1
05/22/2017 01:00:00 PM,10,6,4
05/03/2017 05:00:00 AM,2,0,2
05/24/2017 11:00:00 PM,1,1,0
05/05/2017 06:00:00 AM,7,0,7
05/12/2017 08:00:00 AM,25,2,23
05/08/2017 09:00:00 PM,1,1,0
05/20/2017 01:00:00 AM,0,0,0
05/13/2017 08:00:00 PM,0,0,0
05/14/2017 08:00:00 AM,4,3,1
05/24/2017 01:00:00 AM,1,1,0
05/12/2017 11:00:00 PM,1,1,0
05/17/2017 11:00:00 AM,2,0,2
05/28/2017 07:00:00 PM,7,3,4
05/25/2017 05:00:00 AM,5,0,5
05/28/2017 01:00:00 PM,19,10,9
05/29/2017 12:00:00 AM,1,1,0
05/10/2017 05:00:00 PM,42,40,2
05/19/2017 01:00:00 PM,18,12,6
05/27/2017 05:00:00 PM,17,7,10
05/13/2017 03:00:00 AM,0,0,0
05/07/2017 05:00:00 AM,0,0,0
05/05/2017 09:00:00 AM,11,1,10
05/28/2017 01:00:00 AM,0,0,0
05/31/2017 08:00:00 PM,5,4,1
05/12/2017 12:00:00 PM,5,3,2
05/09/2017 02:00:00 AM,0,0,0
05/12/2017 05:00:00 AM,3,0,3
05/22/2017 05:00:00 PM,43,40,3
05/27/2017 11:00:00 AM,6,3,3
05/17/2017 07:00:00 PM,13,11,2
05/15/2017 08:00:00 PM,4,4,0
05/02/2017 12:00:00 PM,6,2,4
05/19/2017 06:00:00 AM,21,2,19
05/27/2017 02:00:00 AM,0,0,0
05/05/2017 05:00:00 AM,1,0,1
05/31/2017 11:00:00 AM,6,2,4
05/22/2017 04:00:00 AM,1,0,1
05/20/2017 06:00:00 AM,4,0,4
05/02/2017 04:00:00 AM,0,0,0
05/11/2017 02:00:00 AM,0,0,0
05/21/2017 11:00:00 AM,16,10,6
05/01/2017 07:00:00 PM,11,8,3
05/10/2017 01:00:00 AM,1,1,0
05/15/2017 11:00:00 PM,1,1,0
05/05/2017 03:00:00 AM,0,0,0
05/18/2017 07:00:00 AM,28,2,26
05/01/2017 04:00:00 AM,0,0,0
05/03/2017 08:00:00 PM,5,5,0
05/16/2017 07:00:00 AM,18,0,18
05/28/2017 06:00:00 PM,2,1,1
05/14/2017 10:00:00 PM,1,1,0
05/03/2017 01:00:00 PM,5,4,1
05/19/2017 10:00:00 AM,17,7,10
05/28/2017 02:00:00 PM,4,1,3
05/14/2017 06:00:00 AM,2,1,1
05/08/2017 03:00:00 PM,8,4,4
05/12/2017 11:00:00 AM,4,2,2
05/16/2017 01:00:00 AM,0,0,0
05/30/2017 05:00:00 PM,33,32,1
05/16/2017 07:00:00 PM,8,8,0
05/15/2017 03:00:00 AM,0,0,0
05/13/2017 01:00:00 AM,0,0,0
05/03/2017 09:00:00 AM,9,0,9
05/29/2017 09:00:00 PM,1,1,0
05/25/2017 09:00:00 AM,16,0,16
05/03/2017 09:00:00 PM,2,2,0
05/02/2017 09:00:00 AM,15,0,15
05/08/2017 09:00:00 AM,24,1,23
05/12/2017 01:00:00 AM,0,0,0
05/18/2017 09:00:00 PM,1,1,0
05/24/2017 07:00:00 AM,33,3,30
05/04/2017 07:00:00 PM,8,8,0
05/14/2017 05:00:00 PM,5,2,3
05/03/2017 04:00:00 PM,23,18,5
05/01/2017 01:00:00 PM,12,8,4
05/28/2017 07:00:00 AM,3,0,3
05/16/2017 12:00:00 AM,1,1,0
05/07/2017 12:00:00 AM,2,2,0
05/15/2017 06:00:00 PM,34,32,2
05/23/2017 06:00:00 AM,18,1,17
05/20/2017 11:00:00 PM,1,1,0
05/11/2017 01:00:00 PM,2,1,1
05/26/2017 10:00:00 PM,1,1,0
05/20/2017 06:00:00 PM,13,7,6
05/21/2017 09:00:00 PM,5,4,1
05/07/2017 02:00:00 PM,12,7,5
05/30/2017 08:00:00 AM,30,1,29
05/19/2017 04:00:00 AM,0,0,0
05/01/2017 04:00:00 PM,13,13,0
05/10/2017 11:00:00 AM,9,3,6
05/09/2017 03:00:00 PM,14,12,2
05/27/2017 08:00:00 AM,3,0,3
05/08/2017 01:00:00 AM,0,0,0
05/11/2017 04:00:00 AM,0,0,0
05/19/2017 08:00:00 PM,0,0,0
05/25/2017 06:00:00 AM,9,0,9
05/09/2017 11:00:00 PM,1,1,0
05/09/2017 04:00:00 PM,29,26,3
05/21/2017 07:00:00 AM,1,0,1
05/29/2017 01:00:00 PM,12,1,11
05/31/2017 07:00:00 AM,31,5,26
05/13/2017 11:00:00 AM,10,5,5
05/16/2017 12:00:00 PM,5,1,4
05/16/2017 11:00:00 PM,0,0,0
05/25/2017 03:00:00 PM,18,14,4
05/06/2017 02:00:00 PM,8,6,2
05/07/2017 10:00:00 AM,6,4,2
05/13/2017 01:00:00 PM,3,3,0
05/30/2017 03:00:00 PM,7,5,2
05/04/2017 04:00:00 PM,17,16,1
05/08/2017 02:00:00 PM,7,3,4
05/06/2017 08:00:00 AM,4,1,3
05/12/2017 06:00:00 PM,14,14,0
05/10/2017 08:00:00 AM,41,2,39
05/09/2017 06:00:00 PM,40,35,5
05/18/2017 06:00:00 PM,35,33,2
05/26/2017 08:00:00 AM,39,4,35
05/16/2017 10:00:00 PM,2,2,0
05/15/2017 02:00:00 AM,0,0,0
05/22/2017 08:00:00 AM,38,2,36
05/14/2017 07:00:00 PM,2,2,0
05/18/2017 12:00:00 PM,8,4,4
05/07/2017 01:00:00 PM,7,5,2
05/31/2017 01:00:00 AM,0,0,0
05/19/2017 01:00:00 AM,0,0,0
05/05/2017 02:00:00 PM,5,5,0
05/07/2017 10:00:00 PM,3,2,1
05/24/2017 12:00:00 PM,8,6,2
05/25/2017 09:00:00 PM,3,2,1
05/28/2017 12:00:00 PM,16,10,6
05/29/2017 07:00:00 AM,6,2,4
05/10/2017 12:00:00 AM,0,0,0
05/31/2017 11:00:00 PM,1,1,0
05/10/2017 10:00:00 AM,11,2,9
05/06/2017 12:00:00 AM,0,0,0
05/17/2017 10:00:00 PM,3,3,0
05/05/2017 01:00:00 AM,1,1,0
05/05/2017 12:00:00 PM,7,3,4
05/03/2017 03:00:00 AM,0,0,0
05/20/2017 03:00:00 PM,11,7,4
05/30/2017 02:00:00 AM,0,0,0
05/13/2017 08:00:00 AM,7,3,4
05/15/2017 07:00:00 AM,26,1,25
05/27/2017 06:00:00 PM,9,8,1
05/21/2017 12:00:00 PM,18,11,7
05/03/2017 03:00:00 PM,17,11,6
05/08/2017 04:00:00 PM,25,19,6
05/28/2017 03:00:00 AM,1,1,0
05/26/2017 09:00:00 AM,15,1,14
05/16/2017 11:00:00 AM,2,0,2
05/12/2017 04:00:00 PM,18,17,1
05/01/2017 08:00:00 PM,3,3,0
05/18/2017 04:00:00 AM,0,0,0
05/07/2017 06:00:00 PM,4,3,1
05/01/2017 12:00:00 PM,5,2,3
05/18/2017 01:00:00 AM,0,0,0
05/29/2017 05:00:00 AM,2,0,2
05/08/2017 07:00:00 AM,29,2,27
05/12/2017 10:00:00 PM,1,1,0
05/05/2017 10:00:00 AM,8,1,7
05/20/2017 01:00:00 PM,18,11,7
05/16/2017 01:00:00 PM,8,4,4
05/15/2017 10:00:00 AM,10,3,7
05/30/2017 01:00:00 AM,1,1,0
05/20/2017 02:00:00 PM,15,8,7
05/04/2017 09:00:00 PM,1,1,0
05/24/2017 11:00:00 AM,1,0,1
05/09/2017 06:00:00 AM,11,0,11
05/28/2017 05:00:00 PM,10,8,2
05/06/2017 07:00:00 PM,6,5,1
05/24/2017 04:00:00 AM,1,0,1
05/17/2017 04:00:00 PM,26,23,3
05/29/2017 04:00:00 AM,0,0,0
05/01/2017 05:00:00 PM,45,40,5
05/22/2017 06:00:00 AM,17,0,17
05/07/2017 11:00:00 PM,1,1,0
05/12/2017 05:00:00 PM,37,35,2
05/21/2017 09:00:00 AM,9,2,7
05/03/2017 02:00:00 AM,0,0,0
05/01/2017 10:00:00 AM,8,1,7
05/18/2017 04:00:00 PM,18,15,3
05/20/2017 11:00:00 AM,6,4,2
05/23/2017 05:00:00 AM,6,0,6
05/18/2017 10:00:00 PM,4,3,1
05/12/2017 02:00:00 PM,5,3,2
05/31/2017 07:00:00 PM,10,9,1
05/31/2017 08:00:00 AM,32,1,31
05/06/2017 09:00:00 PM,1,1,0
05/22/2017 02:00:00 PM,7,4,3
05/18/2017 03:00:00 PM,7,6,1
05/13/2017 02:00:00 PM,8,4,4
05/21/2017 07:00:00 PM,12,7,5
05/13/2017 05:00:00 AM,0,0,0
05/18/2017 01:00:00 PM,4,3,1
05/25/2017 10:00:00 PM,3,3,0
05/23/2017 04:00:00 AM,1,0,1
05/22/2017 11:00:00 PM,4,3,1
05/09/2017 11:00:00 AM,7,5,2
05/14/2017 03:00:00 AM,0,0,0
05/19/2017 05:00:00 PM,39,36,3
05/15/2017 10:00:00 PM,1,1,0
05/21/2017 10:00:00 AM,17,7,10
05/18/2017 11:00:00 AM,5,0,5
05/19/2017 12:00:00 AM,0,0,0
05/22/2017 12:00:00 PM,12,8,4
05/28/2017 04:00:00 PM,8,7,1
05/08/2017 05:00:00 PM,51,46,5
05/24/2017 06:00:00 AM,12,0,12
05/12/2017 09:00:00 PM,3,2,1
05/16/2017 03:00:00 AM,0,0,0
05/07/2017 04:00:00 PM,13,7,6
05/27/2017 07:00:00 AM,4,1,3
05/16/2017 10:00:00 AM,4,1,3
05/24/2017 12:00:00 AM,0,0,0
05/29/2017 08:00:00 AM,10,2,8
05/26/2017 10:00:00 AM,6,0,6
05/23/2017 01:00:00 PM,8,4,4
05/14/2017 07:00:00 AM,3,0,3
05/04/2017 11:00:00 AM,8,4,4
05/11/2017 08:00:00 PM,1,1,0
05/30/2017 04:00:00 AM,1,0,1
05/24/2017 03:00:00 PM,5,5,0
05/22/2017 10:00:00 AM,10,2,8
05/11/2017 09:00:00 PM,0,0,0
05/06/2017 10:00:00 AM,9,3,6
05/16/2017 06:00:00 PM,17,17,0
05/20/2017 03:00:00 AM,0,0,0
05/17/2017 09:00:00 PM,1,1,0
05/17/2017 05:00:00 PM,46,44,2
05/29/2017 08:00:00 PM,6,5,1
05/21/2017 05:00:00 AM,1,0,1
05/14/2017 05:00:00 AM,0,0,0
05/13/2017 06:00:00 AM,1,0,1
05/02/2017 01:00:00 PM,1,0,1
05/19/2017 12:00:00 PM,12,7,5
05/23/2017 12:00:00 AM,1,1,0
05/26/2017 02:00:00 PM,16,10,6
05/21/2017 03:00:00 PM,12,8,4
05/09/2017 01:00:00 AM,0,0,0
05/24/2017 02:00:00 PM,10,8,2
05/25/2017 01:00:00 AM,1,1,0
05/25/2017 11:00:00 AM,8,5,3
05/18/2017 02:00:00 AM,0,0,0
05/08/2017 02:00:00 AM,0,0,0
05/07/2017 04:00:00 AM,0,0,0
05/11/2017 04:00:00 PM,10,10,0
05/05/2017 11:00:00 PM,0,0,0
05/10/2017 04:00:00 PM,25,23,2
05/05/2017 04:00:00 PM,11,11,0
05/09/2017 09:00:00 AM,17,1,16
05/30/2017 12:00:00 PM,6,2,4
05/26/2017 11:00:00 AM,13,7,6
05/06/2017 11:00:00 PM,0,0,0
05/15/2017 09:00:00 AM,12,1,11
05/08/2017 07:00:00 PM,21,17,4
05/31/2017 01:00:00 PM,7,4,3
05/13/2017 07:00:00 PM,4,3,1
05/14/2017 04:00:00 AM,0,0,0
05/24/2017 02:00:00 AM,0,0,0
05/17/2017 11:00:00 PM,0,0,0
05/23/2017 04:00:00 PM,27,20,7
05/30/2017 12:00:00 AM,0,0,0
05/06/2017 09:00:00 AM,7,0,7
05/15/2017 01:00:00 AM,1,1,0
05/11/2017 06:00:00 AM,8,0,8
05/02/2017 06:00:00 AM,8,0,8
05/06/2017 03:00:00 PM,8,5,3
05/02/2017 02:00:00 AM,0,0,0
05/09/2017 12:00:00 PM,9,5,4
05/09/2017 01:00:00 PM,11,10,1
05/15/2017 05:00:00 AM,1,0,1
05/27/2017 01:00:00 PM,8,1,7
05/14/2017 10:00:00 AM,4,2,2
05/04/2017 08:00:00 PM,2,2,0
05/23/2017 10:00:00 PM,1,1,0
05/18/2017 10:00:00 AM,9,2,7
05/01/2017 03:00:00 AM,0,0,0
05/14/2017 12:00:00 AM,2,2,0
05/11/2017 09:00:00 AM,11,1,10
05/01/2017 11:00:00 AM,2,2,0
05/22/2017 12:00:00 AM,1,1,0
05/26/2017 01:00:00 AM,0,0,0
05/05/2017 08:00:00 AM,23,2,21
05/22/2017 07:00:00 AM,38,2,36
05/16/2017 09:00:00 PM,0,0,0
05/23/2017 08:00:00 PM,9,8,1
05/10/2017 02:00:00 AM,0,0,0
05/08/2017 11:00:00 AM,7,5,2
05/22/2017 09:00:00 PM,7,7,0
05/20/2017 12:00:00 PM,10,4,6
05/23/2017 02:00:00 AM,0,0,0
05/30/2017 09:00:00 AM,14,0,14
05/07/2017 03:00:00 PM,17,13,4
05/10/2017 08:00:00 PM,10,10,0
05/26/2017 04:00:00 AM,1,0,1
05/28/2017 03:00:00 PM,17,6,11
05/19/2017 11:00:00 PM,1,1,0
05/18/2017 03:00:00 AM,0,0,0
05/06/2017 02:00:00 AM,0,0,0
05/02/2017 06:00:00 PM,33,27,6
05/30/2017 06:00:00 AM,7,1,6
05/06/2017 01:00:00 PM,13,8,5
05/04/2017 12:00:00 AM,1,1,0
05/04/2017 09:00:00 AM,12,0,12
05/06/2017 01:00:00 AM,0,0,0
05/26/2017 05:00:00 AM,0,0,0
05/12/2017 07:00:00 PM,8,7,1
05/27/2017 10:00:00 PM,3,3,0
05/31/2017 02:00:00 AM,0,0,0
05/14/2017 06:00:00 PM,5,3,2
05/29/2017 01:00:00 AM,1,1,0
05/26/2017 09:00:00 PM,3,3,0
05/06/2017 05:00:00 PM,10,7,3
05/06/2017 04:00:00 AM,0,0,0
05/23/2017 07:00:00 AM,42,5,37
05/11/2017 10:00:00 PM,2,1,1
05/14/2017 09:00:00 PM,0,0,0
05/24/2017 04:00:00 PM,18,17,1
05/24/2017 01:00:00 PM,6,2,4
05/27/2017 01:00:00 AM,1,1,0
05/10/2017 12:00:00 PM,8,5,3
05/15/2017 06:00:00 AM,12,0,12
05/20/2017 12:00:00 AM,0,0,0
05/23/2017 02:00:00 PM,13,8,5
05/02/2017 05:00:00 PM,53,50,3
05/31/2017 12:00:00 PM,7,3,4
05/21/2017 03:00:00 AM,0,0,0
05/23/2017 10:00:00 AM,12,5,7
05/30/2017 07:00:00 PM,13,13,0
05/03/2017 06:00:00 PM,39,29,10
05/05/2017 08:00:00 PM,2,2,0
05/12/2017 04:00:00 AM,0,0,0
05/04/2017 10:00:00 PM,0,0,0
05/20/2017 07:00:00 AM,3,1,2
05/08/2017 06:00:00 AM,16,0,16
05/30/2017 06:00:00 PM,36,34,2
05/27/2017 03:00:00 PM,15,11,4
05/26/2017 01:00:00 PM,12,8,4
05/14/2017 09:00:00 AM,6,5,1
05/07/2017 03:00:00 AM,0,0,0
05/25/2017 02:00:00 AM,0,0,0
05/02/2017 03:00:00 AM,0,0,0
05/25/2017 02:00:00 PM,8,6,2
05/07/2017 08:00:00 AM,7,2,5
05/27/2017 05:00:00 AM,1,1,0
05/07/2017 07:00:00 PM,3,3,0
05/28/2017 08:00:00 AM,4,1,3
05/09/2017 04:00:00 AM,0,0,0
05/12/2017 08:00:00 PM,6,5,1
05/09/2017 02:00:00 PM,5,4,1
05/31/2017 06:00:00 AM,9,0,9
05/05/2017 07:00:00 AM,25,1,24
05/29/2017 02:00:00 AM,0,0,0
05/25/2017 07:00:00 AM,31,4,27
05/01/2017 12:00:00 AM,1,1,0
05/04/2017 08:00:00 AM,32,1,31
05/08/2017 05:00:00 AM,1,0,1
05/23/2017 12:00:00 PM,13,5,8
05/23/2017 01:00:00 AM,0,0,0
05/28/2017 12:00:00 AM,2,2,0
05/16/2017 05:00:00 AM,2,0,2
05/18/2017 05:00:00 PM,42,38,4
05/21/2017 01:00:00 AM,1,1,0
05/07/2017 06:00:00 AM,5,1,4
05/13/2017 12:00:00 AM,0,0,0
05/01/2017 01:00:00 AM,0,0,0
05/13/2017 11:00:00 PM,1,1,0
05/20/2017 10:00:00 PM,0,0,0
05/10/2017 07:00:00 PM,25,20,5
05/26/2017 08:00:00 PM,11,9,2
05/17/2017 01:00:00 PM,9,3,6
05/23/2017 07:00:00 PM,22,21,1
05/01/2017 08:00:00 AM,29,1,28
05/13/2017 03:00:00 PM,5,2,3
05/10/2017 01:00:00 PM,11,5,6
05/08/2017 08:00:00 AM,34,1,33
05/25/2017 04:00:00 AM,1,0,1
05/29/2017 06:00:00 AM,3,0,3
05/20/2017 04:00:00 AM,0,0,0
05/17/2017 06:00:00 PM,29,27,2
05/15/2017 12:00:00 PM,3,2,1
05/02/2017 01:00:00 AM,1,1,0
05/29/2017 07:00:00 PM,6,5,1
05/24/2017 09:00:00 PM,5,5,0
05/04/2017 05:00:00 AM,4,0,4
05/13/2017 06:00:00 PM,4,4,0
06/26/2017 02:00:00 PM,9,6,3
06/18/2017 03:00:00 PM,13,9,4
06/28/2017 01:00:00 PM,6,5,1
06/02/2017 06:00:00 PM,26,21,5
06/25/2017 05:00:00 AM,2,0,2
06/09/2017 06:00:00 PM,19,15,4
06/24/2017 03:00:00 AM,0,0,0
06/30/2017 07:00:00 AM,18,2,16
06/22/2017 08:00:00 PM,5,4,1
06/12/2017 03:00:00 AM,0,0,0
06/12/2017 06:00:00 PM,25,23,2
06/12/2017 01:00:00 PM,5,5,0
06/21/2017 01:00:00 PM,3,3,0
06/21/2017 06:00:00 AM,10,0,10
06/01/2017 09:00:00 PM,1,1,0
06/12/2017 02:00:00 PM,4,2,2
06/29/2017 05:00:00 AM,6,1,5
06/15/2017 12:00:00 AM,0,0,0
06/09/2017 12:00:00 PM,7,4,3
06/15/2017 01:00:00 PM,2,1,1
06/28/2017 01:00:00 AM,0,0,0
06/07/2017 01:00:00 AM,0,0,0
06/22/2017 05:00:00 PM,37,35,2
06/25/2017 06:00:00 PM,4,3,1
06/16/2017 11:00:00 AM,5,3,2
06/21/2017 04:00:00 PM,25,24,1
06/01/2017 04:00:00 PM,15,15,0
06/08/2017 03:00:00 AM,0,0,0
06/27/2017 12:00:00 PM,3,3,0
06/19/2017 07:00:00 AM,36,1,35
06/16/2017 12:00:00 AM,0,0,0
06/12/2017 03:00:00 PM,9,6,3
06/04/2017 07:00:00 AM,2,0,2
06/04/2017 07:00:00 PM,3,2,1
06/10/2017 12:00:00 AM,0,0,0
06/24/2017 02:00:00 PM,14,5,9
06/24/2017 12:00:00 AM,0,0,0
06/11/2017 02:00:00 PM,22,15,7
06/28/2017 11:00:00 AM,7,3,4
06/02/2017 02:00:00 AM,0,0,0
06/07/2017 03:00:00 PM,14,11,3
06/17/2017 09:00:00 PM,0,0,0
06/09/2017 08:00:00 AM,24,2,22
06/06/2017 02:00:00 PM,9,7,2
06/19/2017 08:00:00 AM,27,3,24
06/30/2017 10:00:00 AM,8,2,6
06/15/2017 02:00:00 AM,0,0,0
06/30/2017 12:00:00 PM,5,3,2
06/08/2017 05:00:00 PM,28,24,4
06/13/2017 06:00:00 PM,19,19,0
06/10/2017 08:00:00 AM,6,1,5
06/28/2017 06:00:00 PM,27,23,4
06/11/2017 08:00:00 AM,3,1,2
06/16/2017 05:00:00 PM,39,33,6
06/14/2017 06:00:00 PM,45,44,1
06/20/2017 05:00:00 PM,28,21,7
06/06/2017 09:00:00 PM,1,1,0
06/04/2017 09:00:00 AM,11,6,5
06/23/2017 01:00:00 PM,12,8,4
06/03/2017 11:00:00 PM,2,1,1
06/21/2017 02:00:00 PM,7,5,2
06/13/2017 04:00:00 AM,1,0,1
06/14/2017 03:00:00 AM,0,0,0
06/21/2017 03:00:00 AM,0,0,0
06/29/2017 10:00:00 AM,7,3,4
06/14/2017 03:00:00 PM,10,4,6
06/26/2017 05:00:00 PM,39,35,4
06/20/2017 08:00:00 PM,3,3,0
06/22/2017 01:00:00 PM,5,2,3
06/06/2017 04:00:00 AM,1,0,1
06/11/2017 05:00:00 AM,0,0,0
06/08/2017 06:00:00 PM,16,16,0
06/02/2017 06:00:00 AM,7,0,7
06/28/2017 02:00:00 AM,0,0,0
06/27/2017 06:00:00 AM,6,0,6
06/19/2017 05:00:00 PM,48,45,3
06/27/2017 09:00:00 AM,16,0,16
06/12/2017 09:00:00 AM,18,1,17
06/02/2017 10:00:00 AM,7,0,7
06/29/2017 01:00:00 PM,9,5,4
06/18/2017 08:00:00 PM,2,2,0
06/05/2017 05:00:00 AM,3,1,2
06/21/2017 05:00:00 AM,3,1,2
06/07/2017 02:00:00 AM,0,0,0
06/10/2017 05:00:00 AM,0,0,0
06/30/2017 11:00:00 AM,3,1,2
06/07/2017 06:00:00 PM,39,35,4
06/28/2017 09:00:00 AM,18,3,15
06/23/2017 06:00:00 PM,25,21,4
06/23/2017 05:00:00 PM,27,25,2
06/18/2017 05:00:00 PM,8,7,1
06/17/2017 01:00:00 AM,0,0,0
06/05/2017 12:00:00 PM,10,4,6
06/18/2017 07:00:00 AM,3,0,3
06/29/2017 08:00:00 PM,6,4,2
06/11/2017 01:00:00 AM,0,0,0
06/20/2017 09:00:00 AM,17,0,17
06/17/2017 12:00:00 PM,9,3,6
06/05/2017 07:00:00 AM,32,2,30
06/15/2017 10:00:00 PM,0,0,0
06/11/2017 12:00:00 AM,1,1,0
06/26/2017 10:00:00 AM,13,3,10
06/12/2017 07:00:00 AM,30,2,28
06/10/2017 12:00:00 PM,11,6,5
06/25/2017 09:00:00 AM,8,3,5
06/01/2017 03:00:00 PM,9,8,1
06/07/2017 12:00:00 PM,4,1,3
06/07/2017 11:00:00 PM,0,0,0
06/11/2017 03:00:00 PM,13,9,4
06/08/2017 02:00:00 AM,0,0,0
06/03/2017 04:00:00 PM,7,6,1
06/01/2017 01:00:00 AM,0,0,0
06/23/2017 02:00:00 AM,0,0,0
06/18/2017 06:00:00 PM,6,3,3
06/21/2017 05:00:00 PM,34,27,7
06/22/2017 05:00:00 AM,5,0,5
06/08/2017 12:00:00 AM,1,1,0
06/14/2017 07:00:00 AM,30,2,28
06/25/2017 04:00:00 AM,0,0,0
06/02/2017 08:00:00 AM,33,3,30
06/26/2017 10:00:00 PM,1,1,0
06/03/2017 02:00:00 AM,0,0,0
06/21/2017 08:00:00 PM,9,8,1
06/16/2017 03:00:00 PM,11,8,3
06/15/2017 04:00:00 AM,0,0,0
06/07/2017 03:00:00 AM,0,0,0
06/22/2017 08:00:00 AM,28,1,27
06/04/2017 10:00:00 PM,2,2,0
06/20/2017 05:00:00 AM,4,0,4
06/22/2017 04:00:00 PM,27,21,6
06/04/2017 03:00:00 PM,13,9,4
06/15/2017 08:00:00 PM,2,2,0
06/23/2017 01:00:00 AM,0,0,0
06/01/2017 04:00:00 AM,0,0,0
06/06/2017 03:00:00 PM,9,6,3
06/03/2017 06:00:00 AM,1,0,1
06/17/2017 08:00:00 AM,5,2,3
06/20/2017 03:00:00 AM,0,0,0
06/29/2017 02:00:00 AM,0,0,0
06/13/2017 11:00:00 PM,0,0,0
06/05/2017 09:00:00 AM,14,3,11
06/18/2017 11:00:00 AM,7,4,3
06/27/2017 01:00:00 AM,0,0,0
06/04/2017 05:00:00 AM,1,0,1
06/29/2017 11:00:00 PM,0,0,0
06/20/2017 06:00:00 PM,34,32,2
06/25/2017 07:00:00 AM,4,1,3
06/12/2017 06:00:00 AM,11,0,11
06/27/2017 01:00:00 PM,7,3,4
06/03/2017 04:00:00 AM,0,0,0
06/13/2017 02:00:00 PM,8,5,3
06/26/2017 04:00:00 AM,0,0,0
06/27/2017 04:00:00 PM,17,10,7
06/02/2017 05:00:00 PM,43,37,6
06/19/2017 03:00:00 PM,10,7,3
06/13/2017 08:00:00 PM,1,1,0
06/29/2017 01:00:00 AM,0,0,0
06/28/2017 04:00:00 AM,1,0,1
06/01/2017 02:00:00 PM,9,8,1
06/18/2017 07:00:00 PM,6,2,4
06/16/2017 04:00:00 AM,0,0,0
06/07/2017 08:00:00 PM,7,7,0
06/11/2017 06:00:00 PM,7,5,2
06/01/2017 05:00:00 AM,4,0,4
06/24/2017 05:00:00 AM,0,0,0
06/06/2017 10:00:00 AM,15,6,9
06/27/2017 03:00:00 PM,21,15,6
06/24/2017 03:00:00 PM,7,6,1
06/25/2017 06:00:00 AM,2,0,2
06/05/2017 04:00:00 AM,1,0,1
06/03/2017 03:00:00 PM,11,11,0
06/19/2017 10:00:00 PM,3,3,0
06/10/2017 07:00:00 PM,1,1,0
06/02/2017 03:00:00 PM,16,12,4
06/06/2017 06:00:00 AM,15,1,14
06/26/2017 11:00:00 AM,10,5,5
06/13/2017 05:00:00 AM,0,0,0
06/15/2017 08:00:00 AM,17,0,17
06/25/2017 01:00:00 AM,0,0,0
06/17/2017 08:00:00 PM,2,1,1
06/02/2017 12:00:00 PM,5,4,1
06/02/2017 08:00:00 PM,8,8,0
06/30/2017 03:00:00 PM,14,11,3
06/23/2017 06:00:00 AM,10,0,10
06/25/2017 07:00:00 PM,8,3,5
06/27/2017 12:00:00 AM,0,0,0
06/22/2017 01:00:00 AM,0,0,0
06/08/2017 10:00:00 PM,1,1,0
06/14/2017 12:00:00 PM,7,5,2
06/18/2017 12:00:00 AM,1,0,1
06/28/2017 08:00:00 AM,16,1,15
06/25/2017 10:00:00 PM,1,1,0
06/01/2017 09:00:00 AM,10,1,9
06/16/2017 06:00:00 AM,10,0,10
06/27/2017 11:00:00 AM,12,7,5
06/16/2017 09:00:00 AM,13,3,10
06/28/2017 03:00:00 AM,0,0,0
06/08/2017 12:00:00 PM,5,1,4
06/21/2017 10:00:00 PM,1,1,0
06/06/2017 01:00:00 PM,7,3,4
06/12/2017 04:00:00 AM,1,0,1
06/02/2017 11:00:00 AM,9,4,5
06/06/2017 10:00:00 PM,4,3,1
06/17/2017 05:00:00 AM,0,0,0
06/14/2017 07:00:00 PM,13,13,0
06/29/2017 04:00:00 AM,1,0,1
06/20/2017 11:00:00 PM,1,1,0
06/07/2017 04:00:00 AM,1,0,1
06/21/2017 09:00:00 AM,13,3,10
06/05/2017 08:00:00 PM,5,5,0
06/21/2017 12:00:00 AM,0,0,0
06/25/2017 02:00:00 PM,8,5,3
06/16/2017 01:00:00 AM,0,0,0
06/20/2017 03:00:00 PM,16,13,3
06/19/2017 03:00:00 AM,0,0,0
06/10/2017 04:00:00 PM,12,8,4
06/04/2017 01:00:00 PM,6,1,5
06/19/2017 12:00:00 PM,5,2,3
06/21/2017 07:00:00 AM,28,1,27
06/04/2017 11:00:00 PM,1,1,0
06/25/2017 09:00:00 PM,1,1,0
06/19/2017 04:00:00 PM,19,14,5
06/27/2017 05:00:00 PM,37,35,2
06/14/2017 05:00:00 AM,4,1,3
06/30/2017 08:00:00 PM,3,2,1
06/08/2017 08:00:00 PM,5,5,0
06/23/2017 11:00:00 PM,1,1,0
06/27/2017 05:00:00 AM,4,0,4
06/25/2017 05:00:00 PM,7,4,3
06/07/2017 02:00:00 PM,11,7,4
06/26/2017 01:00:00 AM,0,0,0
06/22/2017 06:00:00 PM,27,23,4
06/07/2017 05:00:00 PM,41,39,2
06/20/2017 04:00:00 PM,17,15,2
06/26/2017 06:00:00 PM,28,27,1
06/19/2017 08:00:00 PM,2,2,0
06/04/2017 12:00:00 AM,3,2,1
06/24/2017 06:00:00 AM,0,0,0
06/13/2017 09:00:00 PM,3,2,1
06/09/2017 04:00:00 AM,0,0,0
06/07/2017 07:00:00 PM,20,13,7
06/20/2017 12:00:00 AM,0,0,0
06/16/2017 12:00:00 PM,4,2,2
06/08/2017 03:00:00 PM,6,5,1
06/24/2017 09:00:00 AM,8,2,6
06/07/2017 08:00:00 AM,44,1,43
06/15/2017 06:00:00 AM,8,0,8
06/02/2017 10:00:00 PM,1,1,0
06/05/2017 12:00:00 AM,1,1,0
06/10/2017 11:00:00 AM,14,6,8
06/22/2017 03:00:00 PM,9,7,2
06/23/2017 08:00:00 AM,22,1,21
06/22/2017 06:00:00 AM,8,1,7
06/24/2017 10:00:00 AM,9,7,2
06/16/2017 05:00:00 AM,3,0,3
06/09/2017 07:00:00 PM,12,12,0
06/06/2017 05:00:00 PM,36,32,4
06/20/2017 10:00:00 AM,10,3,7
06/06/2017 09:00:00 AM,24,1,23
06/11/2017 06:00:00 AM,1,0,1
06/12/2017 05:00:00 PM,42,39,3
06/20/2017 06:00:00 AM,3,0,3
06/04/2017 12:00:00 PM,8,3,5
06/17/2017 03:00:00 AM,0,0,0
06/30/2017 05:00:00 AM,4,0,4
06/12/2017 05:00:00 AM,2,0,2
06/29/2017 04:00:00 PM,23,18,5
06/03/2017 08:00:00 PM,8,3,5
06/29/2017 11:00:00 AM,7,4,3
06/22/2017 10:00:00 AM,9,0,9
06/04/2017 08:00:00 AM,8,3,5
06/08/2017 08:00:00 AM,20,0,20
06/11/2017 02:00:00 AM,0,0,0
06/26/2017 01:00:00 PM,9,6,3
06/29/2017 08:00:00 AM,21,0,21
06/09/2017 03:00:00 AM,0,0,0
06/22/2017 09:00:00 PM,7,6,1
06/27/2017 04:00:00 AM,0,0,0
06/05/2017 01:00:00 AM,1,1,0
06/24/2017 07:00:00 PM,2,1,1
06/16/2017 09:00:00 PM,1,0,1
06/11/2017 11:00:00 PM,0,0,0
06/15/2017 07:00:00 PM,4,4,0
06/18/2017 03:00:00 AM,0,0,0
06/08/2017 01:00:00 PM,1,0,1
06/26/2017 12:00:00 PM,9,4,5
06/10/2017 02:00:00 AM,0,0,0
06/10/2017 05:00:00 PM,6,5,1
06/22/2017 09:00:00 AM,17,6,11
06/18/2017 06:00:00 AM,2,2,0
06/03/2017 01:00:00 AM,0,0,0
06/26/2017 04:00:00 PM,31,25,6
06/10/2017 10:00:00 AM,9,5,4
06/02/2017 07:00:00 PM,16,12,4
06/18/2017 09:00:00 PM,1,0,1
06/09/2017 02:00:00 AM,0,0,0
06/04/2017 09:00:00 PM,0,0,0
06/15/2017 05:00:00 AM,1,0,1
06/09/2017 05:00:00 AM,5,0,5
06/22/2017 07:00:00 AM,27,1,26
06/14/2017 12:00:00 AM,0,0,0
06/08/2017 04:00:00 AM,1,0,1
06/23/2017 09:00:00 AM,14,5,9
06/18/2017 01:00:00 AM,0,0,0
06/09/2017 06:00:00 AM,13,4,9
06/19/2017 09:00:00 AM,12,3,9
06/10/2017 03:00:00 PM,24,13,11
06/28/2017 10:00:00 PM,2,2,0
06/19/2017 11:00:00 AM,7,1,6
06/24/2017 04:00:00 AM,0,0,0
06/01/2017 05:00:00 PM,34,31,3
06/14/2017 11:00:00 AM,7,0,7
06/13/2017 03:00:00 PM,10,7,3
06/04/2017 04:00:00 PM,12,8,4
06/11/2017 09:00:00 PM,2,2,0
06/08/2017 06:00:00 AM,9,0,9
06/16/2017 01:00:00 PM,7,4,3
06/26/2017 08:00:00 AM,33,2,31
06/06/2017 08:00:00 AM,31,2,29
06/13/2017 11:00:00 AM,3,0,3
06/09/2017 12:00:00 AM,0,0,0
06/12/2017 11:00:00 AM,5,3,2
06/29/2017 05:00:00 PM,34,32,2
06/11/2017 04:00:00 AM,0,0,0
06/21/2017 12:00:00 PM,7,3,4
06/01/2017 07:00:00 AM,24,1,23
06/17/2017 04:00:00 PM,15,14,1
06/30/2017 09:00:00 PM,1,1,0
06/28/2017 08:00:00 PM,8,5,3
06/04/2017 10:00:00 AM,8,3,5
06/23/2017 10:00:00 AM,17,6,11
06/16/2017 07:00:00 AM,19,2,17
06/26/2017 07:00:00 AM,28,1,27
06/08/2017 10:00:00 AM,5,0,5
06/15/2017 04:00:00 PM,8,8,0
06/21/2017 01:00:00 AM,0,0,0
06/01/2017 06:00:00 PM,29,28,1
06/04/2017 08:00:00 PM,3,2,1
06/03/2017 03:00:00 AM,0,0,0
06/16/2017 08:00:00 AM,23,0,23
06/03/2017 02:00:00 PM,10,4,6
06/11/2017 07:00:00 AM,2,1,1
06/18/2017 04:00:00 PM,12,3,9
06/09/2017 10:00:00 AM,12,2,10
06/27/2017 08:00:00 AM,26,2,24
06/24/2017 11:00:00 PM,1,1,0
06/01/2017 12:00:00 PM,7,2,5
06/18/2017 08:00:00 AM,3,1,2
06/27/2017 02:00:00 AM,0,0,0
06/26/2017 08:00:00 PM,4,4,0
06/04/2017 03:00:00 AM,0,0,0
06/03/2017 06:00:00 PM,4,3,1
06/01/2017 02:00:00 AM,0,0,0
06/14/2017 06:00:00 AM,8,1,7
06/23/2017 05:00:00 AM,2,0,2
06/17/2017 10:00:00 AM,7,2,5
06/05/2017 07:00:00 PM,19,18,1
06/03/2017 09:00:00 AM,9,5,4
06/03/2017 08:00:00 AM,3,1,2
06/10/2017 07:00:00 AM,5,1,4
06/11/2017 03:00:00 AM,0,0,0
06/19/2017 02:00:00 AM,0,0,0
06/23/2017 10:00:00 PM,1,1,0
06/19/2017 11:00:00 PM,0,0,0
06/01/2017 07:00:00 PM,14,14,0
06/06/2017 06:00:00 PM,39,38,1
06/01/2017 10:00:00 AM,9,2,7
06/01/2017 08:00:00 PM,8,6,2
06/15/2017 11:00:00 AM,4,1,3
06/17/2017 09:00:00 AM,5,3,2
06/15/2017 11:00:00 PM,0,0,0
06/10/2017 09:00:00 PM,3,3,0
06/02/2017 09:00:00 AM,16,0,16
06/06/2017 12:00:00 PM,15,11,4
06/14/2017 08:00:00 AM,40,2,38
06/10/2017 06:00:00 PM,4,1,3
06/16/2017 10:00:00 AM,12,3,9
06/21/2017 04:00:00 AM,0,0,0
06/09/2017 09:00:00 AM,10,1,9
06/01/2017 10:00:00 PM,3,2,1
06/23/2017 02:00:00 PM,11,8,3
06/22/2017 12:00:00 PM,7,5,2
06/17/2017 02:00:00 PM,12,6,6
06/17/2017 07:00:00 PM,0,0,0
06/25/2017 03:00:00 PM,8,5,3
06/06/2017 08:00:00 PM,10,9,1
06/11/2017 09:00:00 AM,5,0,5
06/21/2017 11:00:00 PM,0,0,0
06/19/2017 06:00:00 PM,31,31,0
06/05/2017 05:00:00 PM,37,33,4
06/13/2017 07:00:00 AM,16,1,15
06/02/2017 04:00:00 PM,20,15,5
06/28/2017 09:00:00 PM,4,4,0
06/13/2017 06:00:00 AM,6,0,6
06/20/2017 08:00:00 AM,30,5,25
06/30/2017 05:00:00 PM,25,24,1
06/07/2017 06:00:00 AM,10,1,9
06/17/2017 12:00:00 AM,0,0,0
06/27/2017 06:00:00 PM,33,30,3
06/25/2017 02:00:00 AM,0,0,0
06/17/2017 01:00:00 PM,13,5,8
06/30/2017 04:00:00 AM,0,0,0
06/22/2017 04:00:00 AM,1,0,1
06/30/2017 07:00:00 PM,6,5,1
06/06/2017 05:00:00 AM,3,0,3
06/21/2017 09:00:00 PM,2,2,0
06/09/2017 01:00:00 PM,2,1,1
06/06/2017 12:00:00 AM,0,0,0
06/13/2017 03:00:00 AM,0,0,0
06/19/2017 10:00:00 AM,7,0,7
06/08/2017 04:00:00 PM,11,10,1
06/25/2017 01:00:00 PM,13,9,4
06/20/2017 07:00:00 AM,28,3,25
06/23/2017 12:00:00 PM,10,7,3
06/08/2017 02:00:00 PM,4,1,3
06/11/2017 08:00:00 PM,5,2,3
06/16/2017 06:00:00 PM,20,19,1
06/25/2017 04:00:00 PM,8,7,1
06/23/2017 04:00:00 PM,21,18,3
06/30/2017 04:00:00 PM,12,8,4
06/08/2017 09:00:00 AM,9,2,7
06/14/2017 04:00:00 PM,26,23,3
06/05/2017 11:00:00 PM,0,0,0
06/05/2017 08:00:00 AM,32,3,29
06/16/2017 08:00:00 PM,0,0,0
06/09/2017 04:00:00 PM,19,18,1
06/06/2017 02:00:00 AM,0,0,0
06/04/2017 02:00:00 AM,0,0,0
06/15/2017 02:00:00 PM,3,2,1
06/13/2017 12:00:00 AM,0,0,0
06/10/2017 02:00:00 PM,20,12,8
06/18/2017 09:00:00 AM,11,1,10
06/13/2017 01:00:00 AM,0,0,0
06/27/2017 11:00:00 PM,1,1,0
06/03/2017 10:00:00 PM,1,1,0
06/25/2017 11:00:00 AM,7,3,4
06/27/2017 07:00:00 PM,19,16,3
06/26/2017 07:00:00 PM,16,15,1
06/05/2017 04:00:00 PM,27,25,2
06/06/2017 07:00:00 PM,19,16,3
06/20/2017 11:00:00 AM,6,2,4
06/20/2017 12:00:00 PM,6,3,3
06/16/2017 02:00:00 AM,0,0,0
06/07/2017 04:00:00 PM,26,22,4
06/26/2017 03:00:00 PM,11,9,2
06/28/2017 07:00:00 AM,23,1,22
06/15/2017 01:00:00 AM,0,0,0
06/02/2017 04:00:00 AM,1,0,1
06/26/2017 09:00:00 PM,4,4,0
06/13/2017 02:00:00 AM,0,0,0
06/02/2017 05:00:00 AM,4,1,3
06/14/2017 11:00:00 PM,0,0,0
06/24/2017 10:00:00 PM,2,2,0
06/19/2017 04:00:00 AM,0,0,0
06/20/2017 02:00:00 PM,10,6,4
06/27/2017 10:00:00 AM,8,2,6
06/28/2017 05:00:00 AM,6,0,6
06/22/2017 11:00:00 AM,5,2,3
06/11/2017 07:00:00 PM,5,4,1
06/07/2017 01:00:00 PM,12,8,4
06/29/2017 02:00:00 PM,8,6,2
06/21/2017 10:00:00 AM,7,3,4
06/05/2017 01:00:00 PM,9,3,6
06/07/2017 09:00:00 PM,9,5,4
06/30/2017 01:00:00 AM,0,0,0
06/24/2017 12:00:00 PM,11,5,6
06/28/2017 11:00:00 PM,0,0,0
06/16/2017 03:00:00 AM,0,0,0
06/26/2017 05:00:00 AM,3,0,3
06/30/2017 06:00:00 PM,25,22,3
06/28/2017 12:00:00 AM,0,0,0
06/11/2017 04:00:00 PM,13,9,4
06/23/2017 09:00:00 PM,2,2,0
06/07/2017 11:00:00 AM,7,4,3
06/09/2017 05:00:00 PM,30,27,3
06/06/2017 07:00:00 AM,25,1,24
06/18/2017 12:00:00 PM,15,6,9
06/26/2017 06:00:00 AM,10,0,10
06/08/2017 05:00:00 AM,2,0,2
06/13/2017 10:00:00 PM,1,1,0
06/28/2017 12:00:00 PM,3,1,2
06/17/2017 06:00:00 AM,0,0,0
06/07/2017 10:00:00 PM,1,1,0
06/09/2017 09:00:00 PM,1,1,0
06/16/2017 07:00:00 PM,7,6,1
06/02/2017 01:00:00 PM,6,4,2
06/28/2017 06:00:00 AM,11,1,10
06/14/2017 02:00:00 AM,0,0,0
06/16/2017 04:00:00 PM,20,17,3
06/01/2017 12:00:00 AM,1,1,0
06/09/2017 08:00:00 PM,4,4,0
06/11/2017 12:00:00 PM,13,7,6
06/29/2017 03:00:00 AM,0,0,0
06/08/2017 11:00:00 PM,0,0,0
06/22/2017 03:00:00 AM,0,0,0
06/04/2017 11:00:00 AM,14,7,7
06/24/2017 01:00:00 AM,0,0,0
06/13/2017 08:00:00 AM,24,1,23
06/02/2017 09:00:00 PM,3,2,1
06/16/2017 10:00:00 PM,4,4,0
06/30/2017 06:00:00 AM,6,0,6
06/10/2017 08:00:00 PM,2,2,0
06/20/2017 09:00:00 PM,1,1,0
06/08/2017 07:00:00 AM,11,0,11
06/03/2017 05:00:00 AM,0,0,0
06/12/2017 09:00:00 PM,3,3,0
06/06/2017 03:00:00 AM,0,0,0
06/29/2017 10:00:00 PM,0,0,0
06/03/2017 05:00:00 PM,11,5,6
06/28/2017 02:00:00 PM,10,7,3
06/22/2017 12:00:00 AM,0,0,0
06/05/2017 03:00:00 PM,8,6,2
06/05/2017 11:00:00 AM,14,7,7
06/05/2017 03:00:00 AM,0,0,0
06/09/2017 07:00:00 AM,25,2,23
06/04/2017 05:00:00 PM,6,4,2
06/05/2017 10:00:00 AM,14,0,14
06/27/2017 02:00:00 PM,13,7,6
06/05/2017 06:00:00 PM,35,32,3
06/19/2017 07:00:00 PM,14,13,1
06/10/2017 03:00:00 AM,0,0,0
06/01/2017 01:00:00 PM,5,2,3
06/19/2017 06:00:00 AM,2,1,1
06/01/2017 11:00:00 PM,0,0,0
06/30/2017 12:00:00 AM,0,0,0
06/13/2017 12:00:00 PM,4,2,2
06/11/2017 01:00:00 PM,21,8,13
06/30/2017 10:00:00 PM,2,2,0
06/21/2017 06:00:00 PM,17,14,3
06/24/2017 07:00:00 AM,3,0,3
06/13/2017 05:00:00 PM,27,25,2
06/13/2017 09:00:00 AM,16,0,16
06/24/2017 09:00:00 PM,0,0,0
06/06/2017 04:00:00 PM,32,28,4
06/29/2017 07:00:00 PM,19,16,3
06/30/2017 09:00:00 AM,9,1,8
06/12/2017 08:00:00 AM,32,2,30
06/10/2017 06:00:00 AM,3,1,2
06/09/2017 02:00:00 PM,8,7,1
06/23/2017 08:00:00 PM,4,2,2
06/14/2017 10:00:00 AM,9,1,8
06/14/2017 10:00:00 PM,0,0,0
06/12/2017 12:00:00 AM,0,0,0
06/18/2017 02:00:00 AM,0,0,0
06/19/2017 01:00:00 PM,9,8,1
06/13/2017 04:00:00 PM,16,16,0
06/20/2017 10:00:00 PM,0,0,0
06/01/2017 03:00:00 AM,0,0,0
06/14/2017 02:00:00 PM,9,6,3
06/17/2017 07:00:00 AM,9,2,7
06/17/2017 02:00:00 AM,0,0,0
06/30/2017 08:00:00 AM,22,1,21
06/05/2017 10:00:00 PM,4,4,0
06/12/2017 12:00:00 PM,8,0,8
06/24/2017 02:00:00 AM,0,0,0
06/15/2017 06:00:00 PM,14,14,0
06/28/2017 05:00:00 PM,29,23,6
06/03/2017 12:00:00 PM,12,3,9
06/02/2017 12:00:00 AM,0,0,0
06/15/2017 03:00:00 PM,5,4,1
06/08/2017 07:00:00 PM,10,9,1
06/27/2017 10:00:00 PM,2,2,0
06/02/2017 03:00:00 AM,0,0,0
06/03/2017 07:00:00 PM,7,5,2
06/21/2017 02:00:00 AM,0,0,0
06/25/2017 12:00:00 AM,1,1,0
06/07/2017 12:00:00 AM,0,0,0
06/22/2017 11:00:00 PM,0,0,0
06/23/2017 07:00:00 PM,8,5,3
06/09/2017 11:00:00 PM,2,2,0
06/03/2017 01:00:00 PM,4,2,2
06/11/2017 11:00:00 AM,25,10,15
06/18/2017 10:00:00 AM,3,3,0
06/12/2017 07:00:00 PM,13,10,3
06/07/2017 09:00:00 AM,22,2,20
06/19/2017 01:00:00 AM,0,0,0
06/24/2017 08:00:00 AM,4,0,4
06/12/2017 01:00:00 AM,0,0,0
06/27/2017 08:00:00 PM,6,5,1
06/02/2017 07:00:00 AM,25,2,23
06/08/2017 09:00:00 PM,4,3,1
06/21/2017 11:00:00 AM,8,2,6
06/22/2017 10:00:00 PM,2,2,0
06/05/2017 02:00:00 PM,11,9,2
06/21/2017 07:00:00 PM,10,8,2
06/08/2017 01:00:00 AM,1,1,0
06/12/2017 11:00:00 PM,1,1,0
06/06/2017 11:00:00 AM,10,2,8
06/09/2017 10:00:00 PM,1,1,0
06/29/2017 06:00:00 AM,12,0,12
06/01/2017 08:00:00 AM,24,0,24
06/21/2017 08:00:00 AM,26,2,24
06/30/2017 01:00:00 PM,3,1,2
06/25/2017 03:00:00 AM,0,0,0
06/28/2017 04:00:00 PM,13,12,1
06/17/2017 11:00:00 PM,0,0,0
06/04/2017 04:00:00 AM,0,0,0
06/25/2017 10:00:00 AM,12,9,3
06/17/2017 03:00:00 PM,15,10,5
06/29/2017 07:00:00 AM,26,2,24
06/01/2017 06:00:00 AM,10,1,9
06/22/2017 02:00:00 AM,0,0,0
06/29/2017 12:00:00 AM,0,0,0
06/28/2017 03:00:00 PM,17,13,4
06/22/2017 07:00:00 PM,20,19,1
06/01/2017 11:00:00 AM,3,0,3
06/08/2017 11:00:00 AM,4,2,2
06/23/2017 03:00:00 PM,18,12,6
06/07/2017 05:00:00 AM,4,0,4
06/17/2017 04:00:00 AM,0,0,0
06/05/2017 09:00:00 PM,4,4,0
06/03/2017 07:00:00 AM,2,1,1
06/25/2017 08:00:00 PM,3,1,2
06/12/2017 08:00:00 PM,4,4,0
06/24/2017 04:00:00 PM,12,5,7
06/12/2017 10:00:00 PM,1,1,0
06/27/2017 09:00:00 PM,3,3,0
06/12/2017 02:00:00 AM,0,0,0
06/28/2017 07:00:00 PM,21,19,2
06/24/2017 05:00:00 PM,14,10,4
06/24/2017 01:00:00 PM,12,4,8
06/14/2017 09:00:00 AM,14,0,14
06/20/2017 07:00:00 PM,8,7,1
06/18/2017 02:00:00 PM,7,4,3
06/26/2017 12:00:00 AM,1,1,0
06/23/2017 11:00:00 AM,13,5,8
06/29/2017 09:00:00 AM,18,0,18
06/14/2017 05:00:00 PM,44,41,3
06/14/2017 09:00:00 PM,3,2,1
06/05/2017 06:00:00 AM,17,2,15
06/18/2017 05:00:00 AM,0,0,0
06/25/2017 08:00:00 AM,10,3,7
06/04/2017 01:00:00 AM,1,1,0
06/15/2017 03:00:00 AM,0,0,0
06/23/2017 03:00:00 AM,0,0,0
06/22/2017 02:00:00 PM,6,5,1
06/13/2017 01:00:00 PM,9,4,5
06/03/2017 10:00:00 AM,12,6,6
06/06/2017 01:00:00 AM,1,1,0
06/27/2017 07:00:00 AM,24,1,23
06/15/2017 09:00:00 AM,10,1,9
06/16/2017 02:00:00 PM,5,4,1
06/19/2017 05:00:00 AM,5,1,4
06/30/2017 03:00:00 AM,0,0,0
06/17/2017 10:00:00 PM,0,0,0
06/04/2017 02:00:00 PM,17,10,7
06/14/2017 08:00:00 PM,9,8,1
06/26/2017 03:00:00 AM,0,0,0
06/03/2017 11:00:00 AM,6,3,3
06/18/2017 04:00:00 AM,0,0,0
06/29/2017 06:00:00 PM,32,29,3
06/12/2017 04:00:00 PM,25,21,4
06/29/2017 12:00:00 PM,8,4,4
06/20/2017 01:00:00 PM,7,5,2
06/19/2017 09:00:00 PM,6,3,3
06/09/2017 01:00:00 AM,0,0,0
06/10/2017 11:00:00 PM,0,0,0
06/12/2017 10:00:00 AM,8,3,5
06/10/2017 01:00:00 AM,0,0,0
06/30/2017 02:00:00 AM,0,0,0
06/15/2017 12:00:00 PM,1,1,0
06/15/2017 07:00:00 AM,13,1,12
06/27/2017 03:00:00 AM,0,0,0
06/11/2017 05:00:00 PM,12,11,1
06/24/2017 11:00:00 AM,8,5,3
06/16/2017 11:00:00 PM,0,0,0
06/18/2017 10:00:00 PM,1,0,1
06/19/2017 02:00:00 PM,13,8,5
06/11/2017 10:00:00 AM,7,1,6
06/28/2017 10:00:00 AM,13,3,10
06/14/2017 04:00:00 AM,0,0,0
06/30/2017 02:00:00 PM,10,8,2
06/23/2017 07:00:00 AM,32,4,28
06/17/2017 05:00:00 PM,5,5,0
06/26/2017 09:00:00 AM,17,1,16
06/26/2017 02:00:00 AM,0,0,0
06/29/2017 09:00:00 PM,3,3,0
06/24/2017 08:00:00 PM,1,1,0
06/11/2017 10:00:00 PM,0,0,0
06/20/2017 01:00:00 AM,1,1,0
06/25/2017 12:00:00 PM,6,2,4
06/03/2017 12:00:00 AM,2,2,0
06/10/2017 01:00:00 PM,13,6,7
06/30/2017 11:00:00 PM,1,1,0
06/21/2017 03:00:00 PM,8,4,4
06/18/2017 11:00:00 PM,0,0,0
06/23/2017 12:00:00 AM,0,0,0
06/23/2017 04:00:00 AM,0,0,0
06/14/2017 01:00:00 PM,10,7,3
06/09/2017 03:00:00 PM,5,4,1
06/20/2017 04:00:00 AM,0,0,0
06/03/2017 09:00:00 PM,2,2,0
06/19/2017 12:00:00 AM,0,0,0
06/04/2017 06:00:00 AM,0,0,0
06/02/2017 11:00:00 PM,1,1,0
06/17/2017 06:00:00 PM,3,2,1
06/07/2017 10:00:00 AM,13,2,11
06/10/2017 10:00:00 PM,0,0,0
06/29/2017 03:00:00 PM,19,13,6
06/13/2017 07:00:00 PM,13,13,0
06/04/2017 06:00:00 PM,5,3,2
06/24/2017 06:00:00 PM,6,4,2
06/15/2017 05:00:00 PM,22,21,1
06/17/2017 11:00:00 AM,10,5,5
06/10/2017 09:00:00 AM,8,4,4
06/13/2017 10:00:00 AM,9,2,7
06/18/2017 01:00:00 PM,5,2,3
06/15/2017 09:00:00 PM,0,0,0
06/06/2017 11:00:00 PM,2,1,1
06/14/2017 01:00:00 AM,0,0,0
06/07/2017 07:00:00 AM,24,1,23
06/02/2017 01:00:00 AM,0,0,0
06/05/2017 02:00:00 AM,0,0,0
06/02/2017 02:00:00 PM,8,6,2
06/26/2017 11:00:00 PM,0,0,0
06/20/2017 02:00:00 AM,0,0,0
06/09/2017 11:00:00 AM,6,2,4
06/25/2017 11:00:00 PM,0,0,0
06/15/2017 10:00:00 AM,2,0,2
06/10/2017 04:00:00 AM,0,0,0
07/09/2017 12:00:00 PM,20,10,10
07/30/2017 01:00:00 AM,0,0,0
07/20/2017 02:00:00 PM,11,7,4
07/10/2017 08:00:00 AM,26,2,24
07/06/2017 02:00:00 AM,0,0,0
07/02/2017 01:00:00 PM,13,3,10
07/04/2017 01:00:00 AM,0,0,0
07/16/2017 07:00:00 PM,1,1,0
07/25/2017 02:00:00 PM,6,4,2
07/20/2017 10:00:00 AM,14,5,9
07/19/2017 11:00:00 AM,12,7,5
07/07/2017 09:00:00 PM,5,5,0
07/29/2017 05:00:00 AM,0,0,0
07/08/2017 05:00:00 PM,11,2,9
07/17/2017 06:00:00 PM,39,34,5
07/21/2017 10:00:00 AM,8,3,5
07/12/2017 11:00:00 PM,0,0,0
07/08/2017 07:00:00 AM,1,0,1
07/24/2017 09:00:00 AM,18,1,17
07/29/2017 08:00:00 AM,6,2,4
07/15/2017 09:00:00 AM,7,2,5
07/17/2017 01:00:00 AM,0,0,0
07/26/2017 01:00:00 PM,10,4,6
07/16/2017 03:00:00 PM,11,6,5
07/27/2017 07:00:00 PM,19,14,5
07/29/2017 03:00:00 AM,0,0,0
07/05/2017 12:00:00 AM,2,2,0
07/16/2017 04:00:00 AM,0,0,0
07/21/2017 08:00:00 AM,20,0,20
07/16/2017 12:00:00 PM,5,4,1
07/10/2017 08:00:00 PM,3,2,1
07/12/2017 06:00:00 AM,12,0,12
07/22/2017 10:00:00 AM,4,4,0
07/17/2017 11:00:00 PM,0,0,0
07/02/2017 02:00:00 PM,15,7,8
07/22/2017 10:00:00 PM,2,2,0
07/21/2017 12:00:00 PM,5,3,2
07/16/2017 05:00:00 PM,14,11,3
07/15/2017 06:00:00 PM,9,4,5
07/09/2017 12:00:00 AM,0,0,0
07/04/2017 02:00:00 PM,23,16,7
07/10/2017 03:00:00 AM,0,0,0
07/30/2017 09:00:00 PM,4,3,1
07/04/2017 11:00:00 AM,14,6,8
07/07/2017 02:00:00 AM,0,0,0
07/07/2017 08:00:00 AM,24,2,22
07/29/2017 03:00:00 PM,7,4,3
07/04/2017 10:00:00 AM,6,4,2
07/05/2017 03:00:00 PM,5,3,2
07/28/2017 12:00:00 AM,1,0,1
07/02/2017 05:00:00 PM,4,4,0
07/06/2017 03:00:00 AM,0,0,0
07/06/2017 09:00:00 AM,11,2,9
07/30/2017 07:00:00 PM,2,2,0
07/24/2017 10:00:00 AM,10,3,7
07/07/2017 10:00:00 PM,2,2,0
07/06/2017 04:00:00 PM,23,21,2
07/04/2017 09:00:00 AM,19,6,13
07/29/2017 06:00:00 PM,4,2,2
07/26/2017 10:00:00 AM,9,4,5
07/15/2017 10:00:00 AM,14,2,12
07/27/2017 08:00:00 AM,18,1,17
07/02/2017 10:00:00 PM,0,0,0
07/18/2017 12:00:00 PM,12,7,5
07/14/2017 11:00:00 AM,5,1,4
07/17/2017 09:00:00 AM,16,3,13
07/06/2017 07:00:00 AM,28,3,25
07/14/2017 09:00:00 PM,4,4,0
07/31/2017 11:00:00 PM,0,0,0
07/03/2017 12:00:00 PM,8,3,5
07/11/2017 02:00:00 PM,11,8,3
07/21/2017 07:00:00 PM,13,9,4
07/26/2017 03:00:00 AM,0,0,0
07/04/2017 12:00:00 PM,15,5,10
07/01/2017 09:00:00 AM,9,6,3
07/07/2017 06:00:00 PM,26,22,4
07/07/2017 01:00:00 PM,13,11,2
07/25/2017 11:00:00 AM,9,2,7
07/25/2017 01:00:00 PM,7,5,2
07/02/2017 07:00:00 PM,7,6,1
07/27/2017 01:00:00 PM,7,1,6
07/13/2017 04:00:00 AM,1,0,1
07/10/2017 06:00:00 PM,26,24,2
07/03/2017 05:00:00 PM,25,18,7
07/17/2017 08:00:00 AM,30,1,29
07/30/2017 11:00:00 PM,3,2,1
07/29/2017 12:00:00 AM,0,0,0
07/15/2017 12:00:00 AM,0,0,0
07/10/2017 10:00:00 AM,9,3,6
07/18/2017 08:00:00 PM,11,9,2
07/19/2017 02:00:00 PM,17,8,9
07/13/2017 12:00:00 AM,1,1,0
07/07/2017 07:00:00 PM,14,11,3
07/03/2017 04:00:00 AM,0,0,0
07/08/2017 06:00:00 AM,2,0,2
07/03/2017 07:00:00 AM,20,3,17
07/20/2017 05:00:00 PM,34,33,1
07/02/2017 11:00:00 AM,11,1,10
07/02/2017 12:00:00 AM,0,0,0
07/15/2017 05:00:00 PM,9,4,5
07/21/2017 11:00:00 PM,0,0,0
07/09/2017 04:00:00 AM,0,0,0
07/28/2017 08:00:00 AM,23,1,22
07/26/2017 08:00:00 PM,9,8,1
07/12/2017 11:00:00 AM,6,3,3
07/30/2017 02:00:00 AM,0,0,0
07/24/2017 11:00:00 AM,9,4,5
07/13/2017 08:00:00 PM,11,7,4
07/05/2017 11:00:00 PM,0,0,0
07/13/2017 07:00:00 PM,21,17,4
07/01/2017 06:00:00 PM,7,0,7
07/27/2017 04:00:00 PM,14,12,2
07/17/2017 02:00:00 PM,3,2,1
07/05/2017 01:00:00 AM,1,0,1
07/10/2017 01:00:00 PM,13,7,6
07/14/2017 05:00:00 PM,34,32,2
07/18/2017 07:00:00 PM,18,18,0
07/18/2017 11:00:00 PM,1,0,1
07/19/2017 11:00:00 PM,0,0,0
07/06/2017 11:00:00 AM,11,3,8
07/28/2017 06:00:00 PM,23,20,3
07/13/2017 08:00:00 AM,34,1,33
07/15/2017 09:00:00 PM,3,1,2
07/13/2017 01:00:00 PM,8,4,4
07/31/2017 01:00:00 PM,6,3,3
07/22/2017 06:00:00 AM,3,1,2
07/11/2017 02:00:00 AM,0,0,0
07/02/2017 08:00:00 AM,5,0,5
07/22/2017 02:00:00 PM,10,4,6
07/18/2017 10:00:00 PM,0,0,0
07/27/2017 03:00:00 PM,6,5,1
07/26/2017 09:00:00 AM,12,0,12
07/11/2017 03:00:00 AM,0,0,0
07/21/2017 11:00:00 AM,3,2,1
07/08/2017 11:00:00 PM,3,3,0
07/10/2017 11:00:00 AM,10,2,8
07/24/2017 10:00:00 PM,1,1,0
07/10/2017 04:00:00 PM,18,17,1
07/09/2017 09:00:00 AM,13,4,9
07/17/2017 07:00:00 PM,13,12,1
07/08/2017 11:00:00 AM,10,5,5
07/06/2017 09:00:00 PM,6,5,1
07/10/2017 03:00:00 PM,14,11,3
07/20/2017 09:00:00 PM,2,2,0
07/04/2017 01:00:00 PM,16,13,3
07/22/2017 05:00:00 PM,6,3,3
07/05/2017 06:00:00 PM,30,25,5
07/23/2017 09:00:00 AM,3,1,2
07/04/2017 08:00:00 AM,8,2,6
07/28/2017 10:00:00 PM,0,0,0
07/22/2017 05:00:00 AM,1,0,1
07/20/2017 12:00:00 PM,6,2,4
07/24/2017 07:00:00 AM,24,1,23
07/14/2017 07:00:00 PM,10,8,2
07/08/2017 02:00:00 AM,0,0,0
07/09/2017 06:00:00 AM,1,0,1
07/18/2017 06:00:00 PM,38,34,4
07/06/2017 11:00:00 PM,0,0,0
07/21/2017 02:00:00 AM,0,0,0
07/23/2017 01:00:00 PM,13,10,3
07/24/2017 08:00:00 AM,27,1,26
07/03/2017 12:00:00 AM,1,1,0
07/03/2017 07:00:00 PM,14,12,2
07/17/2017 10:00:00 AM,11,2,9
07/20/2017 02:00:00 AM,0,0,0
07/07/2017 09:00:00 AM,22,3,19
07/15/2017 04:00:00 PM,7,6,1
07/10/2017 09:00:00 AM,23,2,21
07/30/2017 06:00:00 PM,9,8,1
07/30/2017 03:00:00 AM,0,0,0
07/25/2017 06:00:00 AM,15,2,13
07/25/2017 03:00:00 PM,10,9,1
07/08/2017 12:00:00 PM,10,7,3
07/21/2017 06:00:00 AM,11,1,10
07/27/2017 02:00:00 AM,0,0,0
07/18/2017 04:00:00 PM,28,25,3
07/31/2017 05:00:00 AM,1,0,1
07/11/2017 08:00:00 PM,8,5,3
07/12/2017 12:00:00 AM,1,1,0
07/26/2017 04:00:00 AM,0,0,0
07/08/2017 10:00:00 PM,0,0,0
07/24/2017 04:00:00 AM,0,0,0
07/26/2017 06:00:00 PM,28,27,1
07/08/2017 03:00:00 AM,0,0,0
07/01/2017 09:00:00 PM,3,3,0
07/25/2017 02:00:00 AM,0,0,0
07/29/2017 08:00:00 PM,3,2,1
07/16/2017 03:00:00 AM,0,0,0
07/14/2017 12:00:00 PM,8,4,4
07/30/2017 08:00:00 PM,6,5,1
07/25/2017 09:00:00 PM,5,5,0
07/21/2017 06:00:00 PM,24,22,2
07/07/2017 04:00:00 PM,28,22,6
07/14/2017 12:00:00 AM,1,1,0
07/17/2017 04:00:00 AM,1,0,1
07/05/2017 08:00:00 PM,7,5,2
07/23/2017 04:00:00 AM,0,0,0
07/28/2017 03:00:00 AM,1,1,0
07/26/2017 01:00:00 AM,0,0,0
07/22/2017 07:00:00 PM,3,2,1
07/29/2017 09:00:00 AM,14,3,11
07/30/2017 10:00:00 AM,12,4,8
07/06/2017 08:00:00 AM,38,4,34
07/29/2017 02:00:00 AM,0,0,0
07/13/2017 04:00:00 PM,19,17,2
07/29/2017 05:00:00 PM,4,4,0
07/02/2017 10:00:00 AM,9,6,3
07/10/2017 07:00:00 AM,27,1,26
07/27/2017 05:00:00 PM,27,24,3
07/08/2017 04:00:00 PM,10,10,0
07/05/2017 09:00:00 PM,2,2,0
07/28/2017 05:00:00 PM,27,26,1
07/24/2017 05:00:00 PM,43,36,7
07/25/2017 10:00:00 AM,12,1,11
07/18/2017 08:00:00 AM,31,1,30
07/29/2017 12:00:00 PM,8,4,4
07/12/2017 12:00:00 PM,7,3,4
07/20/2017 05:00:00 AM,2,0,2
07/15/2017 08:00:00 AM,6,1,5
07/02/2017 03:00:00 PM,21,14,7
07/05/2017 10:00:00 PM,0,0,0
07/20/2017 08:00:00 AM,34,3,31
07/08/2017 09:00:00 PM,3,3,0
07/05/2017 09:00:00 AM,9,0,9
07/05/2017 02:00:00 AM,0,0,0
07/09/2017 08:00:00 AM,5,3,2
07/23/2017 10:00:00 AM,10,3,7
07/04/2017 12:00:00 AM,1,1,0
07/07/2017 04:00:00 AM,1,0,1
07/03/2017 10:00:00 AM,8,3,5
07/04/2017 03:00:00 AM,0,0,0
07/23/2017 07:00:00 AM,2,0,2
07/31/2017 06:00:00 AM,19,1,18
07/31/2017 04:00:00 AM,0,0,0
07/10/2017 12:00:00 AM,0,0,0
07/11/2017 04:00:00 PM,21,21,0
07/28/2017 11:00:00 AM,3,0,3
07/05/2017 06:00:00 AM,9,1,8
07/06/2017 07:00:00 PM,13,13,0
07/14/2017 08:00:00 PM,5,5,0
07/23/2017 10:00:00 PM,1,1,0
07/16/2017 08:00:00 AM,4,0,4
07/26/2017 06:00:00 AM,12,0,12
07/20/2017 01:00:00 PM,4,1,3
07/18/2017 01:00:00 PM,9,6,3
07/03/2017 01:00:00 PM,7,5,2
07/01/2017 02:00:00 PM,7,5,2
07/05/2017 10:00:00 AM,12,0,12
07/09/2017 07:00:00 PM,7,4,3
07/01/2017 11:00:00 AM,12,6,6
07/31/2017 12:00:00 AM,0,0,0
07/07/2017 07:00:00 AM,28,2,26
07/15/2017 02:00:00 AM,0,0,0
07/06/2017 08:00:00 PM,5,3,2
07/17/2017 06:00:00 AM,10,1,9
07/13/2017 09:00:00 AM,14,0,14
07/07/2017 05:00:00 PM,30,29,1
07/04/2017 11:00:00 PM,5,5,0
07/07/2017 02:00:00 PM,7,2,5
07/16/2017 04:00:00 PM,10,8,2
07/08/2017 02:00:00 PM,20,11,9
07/05/2017 12:00:00 PM,7,4,3
07/03/2017 03:00:00 PM,19,13,6
07/07/2017 08:00:00 PM,6,4,2
07/11/2017 03:00:00 PM,24,13,11
07/27/2017 05:00:00 AM,6,0,6
07/05/2017 07:00:00 PM,12,11,1
07/13/2017 03:00:00 AM,0,0,0
07/17/2017 08:00:00 PM,7,4,3
07/21/2017 09:00:00 AM,22,6,16
07/19/2017 04:00:00 PM,16,12,4
07/01/2017 04:00:00 AM,0,0,0
07/11/2017 11:00:00 AM,11,5,6
07/21/2017 04:00:00 PM,19,15,4
07/18/2017 03:00:00 PM,12,7,5
07/31/2017 07:00:00 AM,33,2,31
07/25/2017 05:00:00 PM,36,34,2
07/22/2017 03:00:00 AM,0,0,0
07/20/2017 12:00:00 AM,0,0,0
07/21/2017 01:00:00 PM,8,6,2
07/11/2017 07:00:00 PM,23,21,2
07/14/2017 10:00:00 AM,12,6,6
07/09/2017 08:00:00 PM,1,1,0
07/20/2017 01:00:00 AM,0,0,0
07/30/2017 03:00:00 PM,21,11,10
07/10/2017 02:00:00 AM,0,0,0
07/28/2017 10:00:00 AM,9,1,8
07/01/2017 12:00:00 AM,1,1,0
07/27/2017 11:00:00 PM,0,0,0
07/18/2017 10:00:00 AM,17,4,13
07/12/2017 07:00:00 AM,33,4,29
07/22/2017 09:00:00 PM,6,6,0
07/24/2017 02:00:00 AM,0,0,0
07/22/2017 06:00:00 PM,12,4,8
07/21/2017 08:00:00 PM,1,1,0
07/15/2017 07:00:00 AM,6,2,4
07/28/2017 03:00:00 PM,20,13,7
07/22/2017 12:00:00 AM,0,0,0
07/09/2017 02:00:00 AM,0,0,0
07/27/2017 10:00:00 PM,0,0,0
07/14/2017 05:00:00 AM,4,0,4
07/11/2017 12:00:00 AM,2,2,0
07/20/2017 04:00:00 PM,17,17,0
07/13/2017 06:00:00 PM,47,40,7
07/31/2017 09:00:00 PM,2,2,0
07/26/2017 11:00:00 AM,9,3,6
07/02/2017 07:00:00 AM,2,1,1
07/27/2017 02:00:00 PM,10,6,4
07/30/2017 12:00:00 AM,1,1,0
07/23/2017 01:00:00 AM,1,1,0
07/19/2017 07:00:00 PM,21,19,2
07/18/2017 01:00:00 AM,0,0,0
07/11/2017 09:00:00 PM,11,10,1
07/22/2017 04:00:00 PM,8,7,1
07/15/2017 03:00:00 AM,0,0,0
07/24/2017 11:00:00 PM,0,0,0
07/18/2017 03:00:00 AM,0,0,0
07/06/2017 02:00:00 PM,11,8,3
07/27/2017 09:00:00 PM,8,7,1
07/20/2017 03:00:00 AM,0,0,0
07/02/2017 03:00:00 AM,0,0,0
07/20/2017 03:00:00 PM,15,12,3
07/11/2017 10:00:00 PM,2,1,1
07/29/2017 07:00:00 PM,4,4,0
07/25/2017 08:00:00 PM,4,4,0
07/29/2017 01:00:00 PM,11,4,7
07/23/2017 05:00:00 PM,7,3,4
07/11/2017 07:00:00 AM,25,0,25
07/27/2017 04:00:00 AM,0,0,0
07/09/2017 06:00:00 PM,7,6,1
07/31/2017 12:00:00 PM,8,4,4
07/14/2017 06:00:00 AM,11,2,9
07/11/2017 06:00:00 AM,13,1,12
07/19/2017 04:00:00 AM,1,0,1
07/03/2017 09:00:00 PM,3,2,1
07/21/2017 05:00:00 PM,23,22,1
07/20/2017 11:00:00 PM,2,2,0
07/26/2017 02:00:00 PM,5,4,1
07/19/2017 03:00:00 PM,10,9,1
07/08/2017 01:00:00 PM,6,3,3
07/02/2017 04:00:00 PM,18,8,10
07/16/2017 10:00:00 AM,13,7,6
07/02/2017 04:00:00 AM,0,0,0
07/12/2017 09:00:00 PM,1,1,0
07/12/2017 08:00:00 AM,33,3,30
07/02/2017 06:00:00 AM,2,0,2
07/18/2017 06:00:00 AM,22,1,21
07/09/2017 05:00:00 AM,0,0,0
07/31/2017 08:00:00 AM,30,3,27
07/06/2017 06:00:00 AM,15,0,15
07/05/2017 11:00:00 AM,6,3,3
07/24/2017 12:00:00 PM,5,4,1
07/26/2017 09:00:00 PM,2,1,1
07/05/2017 02:00:00 PM,10,9,1
07/01/2017 01:00:00 AM,0,0,0
07/24/2017 03:00:00 AM,0,0,0
07/26/2017 07:00:00 PM,16,10,6
07/17/2017 05:00:00 PM,40,35,5
07/30/2017 07:00:00 AM,2,0,2
07/16/2017 11:00:00 PM,1,1,0
07/09/2017 01:00:00 PM,14,6,8
07/03/2017 11:00:00 AM,7,2,5
07/01/2017 08:00:00 AM,3,0,3
07/14/2017 09:00:00 AM,9,1,8
07/08/2017 07:00:00 PM,3,2,1
07/03/2017 01:00:00 AM,0,0,0
07/16/2017 12:00:00 AM,2,2,0
07/13/2017 06:00:00 AM,15,2,13
07/05/2017 01:00:00 PM,7,4,3
07/04/2017 05:00:00 PM,10,4,6
07/01/2017 07:00:00 AM,4,0,4
07/12/2017 02:00:00 PM,9,6,3
07/06/2017 10:00:00 AM,10,3,7
07/29/2017 01:00:00 AM,1,1,0
07/15/2017 02:00:00 PM,12,6,6
07/18/2017 07:00:00 AM,26,1,25
07/09/2017 02:00:00 PM,15,11,4
07/01/2017 10:00:00 PM,1,1,0
07/01/2017 12:00:00 PM,5,2,3
07/28/2017 09:00:00 AM,22,4,18
07/17/2017 10:00:00 PM,2,2,0
07/22/2017 03:00:00 PM,18,7,11
07/13/2017 02:00:00 AM,0,0,0
07/03/2017 02:00:00 PM,14,10,4
07/23/2017 03:00:00 PM,9,7,2
07/11/2017 01:00:00 PM,7,3,4
07/05/2017 07:00:00 AM,20,3,17
07/14/2017 03:00:00 AM,0,0,0
07/05/2017 08:00:00 AM,27,1,26
07/15/2017 12:00:00 PM,11,5,6
07/02/2017 02:00:00 AM,0,0,0
07/13/2017 10:00:00 AM,4,0,4
07/26/2017 05:00:00 PM,37,32,5
07/10/2017 12:00:00 PM,5,4,1
07/28/2017 07:00:00 AM,12,1,11
07/04/2017 03:00:00 PM,14,9,5
07/12/2017 03:00:00 AM,0,0,0
07/23/2017 06:00:00 PM,10,5,5
07/02/2017 05:00:00 AM,0,0,0
07/14/2017 01:00:00 PM,7,2,5
07/09/2017 10:00:00 AM,9,3,6
07/24/2017 05:00:00 AM,1,0,1
07/19/2017 06:00:00 PM,31,30,1
07/29/2017 10:00:00 AM,11,1,10
07/02/2017 08:00:00 PM,3,3,0
07/25/2017 07:00:00 AM,22,0,22
07/06/2017 12:00:00 PM,11,7,4
07/01/2017 04:00:00 PM,8,7,1
07/07/2017 12:00:00 AM,1,1,0
07/11/2017 04:00:00 AM,1,0,1
07/27/2017 12:00:00 AM,1,1,0
07/25/2017 05:00:00 AM,2,0,2
07/09/2017 03:00:00 AM,0,0,0
07/08/2017 08:00:00 PM,4,4,0
07/21/2017 01:00:00 AM,0,0,0
07/16/2017 01:00:00 AM,0,0,0
07/30/2017 08:00:00 AM,5,2,3
07/28/2017 07:00:00 PM,7,6,1
07/23/2017 08:00:00 AM,4,0,4
07/02/2017 09:00:00 AM,5,2,3
07/01/2017 08:00:00 PM,2,2,0
07/18/2017 09:00:00 AM,21,2,19
07/24/2017 03:00:00 PM,9,7,2
07/10/2017 06:00:00 AM,11,0,11
07/06/2017 05:00:00 PM,38,37,1
07/20/2017 08:00:00 PM,9,9,0
07/28/2017 09:00:00 PM,4,3,1
07/27/2017 01:00:00 AM,0,0,0
07/19/2017 10:00:00 AM,8,0,8
07/19/2017 08:00:00 AM,34,2,32
07/12/2017 01:00:00 PM,9,5,4
07/16/2017 05:00:00 AM,1,0,1
07/25/2017 10:00:00 PM,1,1,0
07/19/2017 12:00:00 AM,0,0,0
07/24/2017 06:00:00 PM,34,30,4
07/28/2017 12:00:00 PM,6,3,3
07/06/2017 12:00:00 AM,2,2,0
07/19/2017 09:00:00 PM,2,1,1
07/01/2017 03:00:00 AM,0,0,0
07/12/2017 05:00:00 PM,47,43,4
07/26/2017 12:00:00 AM,0,0,0
07/23/2017 11:00:00 PM,1,0,1
07/05/2017 05:00:00 PM,38,34,4
07/03/2017 04:00:00 PM,24,18,6
07/04/2017 06:00:00 AM,4,0,4
07/09/2017 11:00:00 AM,10,4,6
07/26/2017 08:00:00 AM,26,1,25
07/07/2017 11:00:00 PM,1,1,0
07/11/2017 09:00:00 AM,16,2,14
07/27/2017 03:00:00 AM,0,0,0
07/28/2017 01:00:00 PM,9,4,5
07/11/2017 08:00:00 AM,33,1,32
07/18/2017 02:00:00 AM,0,0,0
07/26/2017 03:00:00 PM,7,6,1
07/11/2017 11:00:00 PM,0,0,0
07/18/2017 09:00:00 PM,4,2,2
07/23/2017 05:00:00 AM,0,0,0
07/28/2017 11:00:00 PM,1,1,0
07/12/2017 03:00:00 PM,12,10,2
07/23/2017 06:00:00 AM,1,0,1
07/23/2017 02:00:00 PM,14,9,5
07/27/2017 06:00:00 PM,29,25,4
07/04/2017 08:00:00 PM,9,3,6
07/08/2017 03:00:00 PM,12,9,3
07/26/2017 07:00:00 AM,25,0,25
07/09/2017 11:00:00 PM,0,0,0
07/30/2017 05:00:00 AM,0,0,0
07/13/2017 05:00:00 PM,37,35,2
07/13/2017 02:00:00 PM,12,10,2
07/23/2017 09:00:00 PM,2,2,0
07/08/2017 06:00:00 PM,16,6,10
07/28/2017 04:00:00 AM,0,0,0
07/28/2017 04:00:00 PM,27,22,5
07/23/2017 12:00:00 AM,0,0,0
07/17/2017 01:00:00 PM,4,2,2
07/30/2017 12:00:00 PM,17,13,4
07/19/2017 02:00:00 AM,0,0,0
07/09/2017 07:00:00 AM,3,0,3
07/27/2017 09:00:00 AM,6,0,6
07/09/2017 04:00:00 PM,15,9,6
07/31/2017 04:00:00 PM,25,23,2
07/30/2017 11:00:00 AM,4,0,4
07/14/2017 02:00:00 PM,9,8,1
07/09/2017 09:00:00 PM,4,3,1
07/20/2017 11:00:00 AM,4,1,3
07/03/2017 08:00:00 PM,4,1,3
07/31/2017 11:00:00 AM,7,2,5
07/28/2017 05:00:00 AM,3,0,3
07/25/2017 06:00:00 PM,32,28,4
07/05/2017 04:00:00 AM,1,0,1
07/25/2017 12:00:00 PM,8,6,2
07/12/2017 02:00:00 AM,0,0,0
07/20/2017 06:00:00 AM,10,0,10
07/21/2017 05:00:00 AM,1,0,1
07/12/2017 04:00:00 PM,16,13,3
07/19/2017 05:00:00 AM,2,0,2
07/18/2017 04:00:00 AM,1,0,1
07/31/2017 06:00:00 PM,36,33,3
07/15/2017 08:00:00 PM,2,2,0
07/25/2017 01:00:00 AM,0,0,0
07/08/2017 04:00:00 AM,0,0,0
07/22/2017 08:00:00 PM,1,1,0
07/30/2017 06:00:00 AM,1,0,1
07/16/2017 10:00:00 PM,0,0,0
07/10/2017 02:00:00 PM,8,5,3
07/30/2017 04:00:00 AM,0,0,0
07/10/2017 09:00:00 PM,4,4,0
07/21/2017 03:00:00 PM,18,14,4
07/17/2017 12:00:00 AM,0,0,0
07/04/2017 05:00:00 AM,0,0,0
07/10/2017 05:00:00 AM,2,0,2
07/11/2017 10:00:00 AM,13,1,12
07/29/2017 10:00:00 PM,2,2,0
07/01/2017 11:00:00 PM,3,3,0
07/04/2017 06:00:00 PM,12,9,3
07/28/2017 06:00:00 AM,9,1,8
07/17/2017 03:00:00 PM,15,10,5
07/23/2017 03:00:00 AM,0,0,0
07/15/2017 01:00:00 AM,0,0,0
07/03/2017 06:00:00 PM,25,21,4
07/24/2017 01:00:00 PM,11,6,5
07/14/2017 02:00:00 AM,0,0,0
07/22/2017 04:00:00 AM,0,0,0
07/10/2017 04:00:00 AM,0,0,0
07/19/2017 05:00:00 PM,31,28,3
07/18/2017 12:00:00 AM,0,0,0
07/13/2017 11:00:00 AM,6,2,4
07/20/2017 07:00:00 PM,13,10,3
07/03/2017 03:00:00 AM,0,0,0
07/22/2017 01:00:00 PM,13,6,7
07/17/2017 03:00:00 AM,0,0,0
07/31/2017 02:00:00 AM,0,0,0
07/29/2017 04:00:00 AM,0,0,0
07/28/2017 01:00:00 AM,0,0,0
07/27/2017 07:00:00 AM,18,1,17
07/26/2017 04:00:00 PM,25,22,3
07/16/2017 11:00:00 AM,11,9,2
07/01/2017 03:00:00 PM,3,3,0
07/03/2017 06:00:00 AM,8,0,8
07/31/2017 10:00:00 PM,1,1,0
07/23/2017 11:00:00 AM,8,4,4
07/29/2017 09:00:00 PM,3,1,2
07/05/2017 05:00:00 AM,5,0,5
07/31/2017 07:00:00 PM,24,22,2
07/13/2017 09:00:00 PM,3,1,2
07/23/2017 12:00:00 PM,17,3,14
07/13/2017 12:00:00 PM,4,0,4
07/29/2017 11:00:00 AM,20,9,11
07/10/2017 10:00:00 PM,1,1,0
07/30/2017 09:00:00 AM,8,3,5
07/13/2017 10:00:00 PM,2,2,0
07/14/2017 07:00:00 AM,28,3,25
07/07/2017 10:00:00 AM,5,1,4
07/15/2017 11:00:00 AM,7,3,4
07/23/2017 08:00:00 PM,3,3,0
07/22/2017 08:00:00 AM,5,0,5
07/06/2017 06:00:00 PM,41,37,4
07/29/2017 06:00:00 AM,1,0,1
07/22/2017 02:00:00 AM,0,0,0
07/20/2017 10:00:00 PM,0,0,0
07/16/2017 02:00:00 PM,10,9,1
07/22/2017 11:00:00 PM,3,3,0
07/06/2017 04:00:00 AM,1,0,1
07/06/2017 01:00:00 PM,6,1,5
07/17/2017 04:00:00 PM,19,17,2
07/01/2017 01:00:00 PM,10,6,4
07/24/2017 02:00:00 PM,16,13,3
07/19/2017 09:00:00 AM,21,1,20
07/10/2017 07:00:00 PM,14,10,4
07/24/2017 07:00:00 PM,20,16,4
07/31/2017 05:00:00 PM,41,36,5
07/31/2017 02:00:00 PM,5,3,2
07/25/2017 04:00:00 AM,1,0,1
07/18/2017 05:00:00 AM,1,0,1
07/23/2017 07:00:00 PM,2,1,1
07/02/2017 12:00:00 PM,5,3,2
07/04/2017 10:00:00 PM,1,1,0
07/31/2017 03:00:00 AM,0,0,0
07/29/2017 11:00:00 PM,0,0,0
07/15/2017 05:00:00 AM,5,0,5
07/07/2017 11:00:00 AM,9,4,5
07/19/2017 01:00:00 PM,10,5,5
07/08/2017 01:00:00 AM,0,0,0
07/04/2017 04:00:00 AM,0,0,0
07/09/2017 10:00:00 PM,2,1,1
07/13/2017 03:00:00 PM,13,7,6
07/19/2017 01:00:00 AM,1,1,0
07/04/2017 07:00:00 PM,10,4,6
07/14/2017 08:00:00 AM,27,4,23
07/24/2017 09:00:00 PM,11,9,2
07/12/2017 08:00:00 PM,10,7,3
07/11/2017 05:00:00 AM,6,0,6
07/29/2017 02:00:00 PM,23,17,6
07/08/2017 05:00:00 AM,0,0,0
07/25/2017 03:00:00 AM,0,0,0
07/12/2017 06:00:00 PM,21,19,2
07/16/2017 06:00:00 PM,8,5,3
07/20/2017 06:00:00 PM,32,29,3
07/30/2017 01:00:00 PM,12,7,5
07/18/2017 11:00:00 AM,8,3,5
07/28/2017 02:00:00 AM,0,0,0
07/12/2017 01:00:00 AM,0,0,0
07/08/2017 12:00:00 AM,1,0,1
07/19/2017 03:00:00 AM,0,0,0
07/26/2017 11:00:00 PM,0,0,0
07/13/2017 11:00:00 PM,2,1,1
07/14/2017 11:00:00 PM,0,0,0
07/27/2017 10:00:00 AM,3,1,2
07/20/2017 04:00:00 AM,0,0,0
07/26/2017 05:00:00 AM,1,0,1
07/31/2017 01:00:00 AM,1,1,0
07/30/2017 04:00:00 PM,17,10,7
07/13/2017 07:00:00 AM,36,0,36
07/15/2017 01:00:00 PM,6,3,3
07/25/2017 12:00:00 AM,1,1,0
07/02/2017 11:00:00 PM,1,1,0
07/28/2017 08:00:00 PM,5,5,0
07/16/2017 09:00:00 AM,9,2,7
07/24/2017 01:00:00 AM,0,0,0
07/14/2017 04:00:00 PM,19,15,4
07/22/2017 07:00:00 AM,3,0,3
07/24/2017 12:00:00 AM,2,2,0
07/22/2017 09:00:00 AM,6,1,5
07/16/2017 09:00:00 PM,10,7,3
07/21/2017 02:00:00 PM,6,3,3
07/14/2017 03:00:00 PM,15,14,1
07/19/2017 10:00:00 PM,4,4,0
07/03/2017 09:00:00 AM,4,1,3
07/15/2017 04:00:00 AM,2,0,2
07/31/2017 08:00:00 PM,6,5,1
07/01/2017 02:00:00 AM,0,0,0
07/06/2017 01:00:00 AM,0,0,0
07/12/2017 05:00:00 AM,6,0,6
07/12/2017 04:00:00 AM,1,0,1
07/04/2017 04:00:00 PM,9,6,3
07/31/2017 10:00:00 AM,10,1,9
07/26/2017 02:00:00 AM,0,0,0
07/29/2017 07:00:00 AM,2,2,0
07/20/2017 07:00:00 AM,28,2,26
07/25/2017 07:00:00 PM,15,14,1
07/16/2017 08:00:00 PM,0,0,0
07/22/2017 11:00:00 AM,18,6,12
07/01/2017 06:00:00 AM,1,0,1
07/30/2017 10:00:00 PM,5,5,0
07/04/2017 02:00:00 AM,1,1,0
07/18/2017 02:00:00 PM,14,12,2
07/31/2017 09:00:00 AM,22,1,21
07/14/2017 01:00:00 AM,0,0,0
07/14/2017 10:00:00 PM,2,2,0
07/03/2017 11:00:00 PM,0,0,0
07/06/2017 03:00:00 PM,9,8,1
07/07/2017 03:00:00 PM,18,12,6
07/17/2017 09:00:00 PM,6,6,0
07/17/2017 05:00:00 AM,1,0,1
07/12/2017 09:00:00 AM,18,1,17
07/03/2017 02:00:00 AM,0,0,0
07/27/2017 12:00:00 PM,4,2,2
07/03/2017 08:00:00 AM,20,1,19
07/21/2017 12:00:00 AM,0,0,0
07/12/2017 10:00:00 PM,2,2,0
07/11/2017 01:00:00 AM,0,0,0
07/14/2017 04:00:00 AM,1,0,1
07/21/2017 09:00:00 PM,8,7,1
07/19/2017 12:00:00 PM,5,2,3
07/01/2017 05:00:00 AM,0,0,0
07/25/2017 04:00:00 PM,18,17,1
07/26/2017 10:00:00 PM,3,3,0
07/17/2017 02:00:00 AM,0,0,0
07/07/2017 03:00:00 AM,0,0,0
07/16/2017 02:00:00 AM,0,0,0
07/10/2017 05:00:00 PM,51,46,5
07/24/2017 08:00:00 PM,7,7,0
07/18/2017 05:00:00 PM,36,33,3
07/25/2017 09:00:00 AM,25,4,21
07/23/2017 02:00:00 AM,1,1,0
07/19/2017 07:00:00 AM,18,1,17
07/04/2017 07:00:00 AM,3,1,2
07/04/2017 09:00:00 PM,2,2,0
07/16/2017 06:00:00 AM,0,0,0
07/15/2017 06:00:00 AM,11,2,9
07/07/2017 06:00:00 AM,11,2,9
07/09/2017 01:00:00 AM,0,0,0
07/27/2017 06:00:00 AM,11,0,11
07/09/2017 03:00:00 PM,19,11,8
07/17/2017 12:00:00 PM,3,0,3
07/10/2017 11:00:00 PM,0,0,0
07/15/2017 11:00:00 PM,0,0,0
07/22/2017 12:00:00 PM,17,15,2
07/05/2017 04:00:00 PM,19,18,1
07/30/2017 02:00:00 PM,7,5,2
07/19/2017 08:00:00 PM,18,15,3
07/01/2017 05:00:00 PM,2,2,0
07/28/2017 02:00:00 PM,6,5,1
07/05/2017 03:00:00 AM,0,0,0
07/11/2017 05:00:00 PM,41,37,4
07/14/2017 06:00:00 PM,23,21,2
07/27/2017 11:00:00 AM,5,0,5
07/13/2017 01:00:00 AM,0,0,0
07/10/2017 01:00:00 AM,0,0,0
07/25/2017 08:00:00 AM,34,0,34
07/16/2017 07:00:00 AM,2,0,2
07/21/2017 03:00:00 AM,0,0,0
07/06/2017 10:00:00 PM,1,1,0
07/12/2017 10:00:00 AM,9,3,6
07/25/2017 11:00:00 PM,1,1,0
07/21/2017 04:00:00 AM,0,0,0
07/16/2017 01:00:00 PM,12,4,8
07/15/2017 10:00:00 PM,1,1,0
07/07/2017 01:00:00 AM,0,0,0
07/26/2017 12:00:00 PM,7,3,4
07/08/2017 09:00:00 AM,9,2,7
07/08/2017 08:00:00 AM,3,1,2
07/12/2017 07:00:00 PM,19,16,3
07/29/2017 04:00:00 PM,17,14,3
07/22/2017 01:00:00 AM,1,1,0
07/03/2017 05:00:00 AM,1,0,1
07/08/2017 10:00:00 AM,12,5,7
07/23/2017 04:00:00 PM,7,4,3
07/15/2017 03:00:00 PM,10,6,4
07/07/2017 12:00:00 PM,5,3,2
07/09/2017 05:00:00 PM,4,4,0
07/15/2017 07:00:00 PM,6,3,3
07/27/2017 08:00:00 PM,1,1,0
07/31/2017 03:00:00 PM,8,7,1
07/17/2017 07:00:00 AM,30,0,30
07/01/2017 10:00:00 AM,3,1,2
07/19/2017 06:00:00 AM,18,0,18
07/21/2017 07:00:00 AM,24,3,21
07/06/2017 05:00:00 AM,5,0,5
07/20/2017 09:00:00 AM,21,3,18
07/02/2017 01:00:00 AM,0,0,0
07/02/2017 06:00:00 PM,14,8,6
07/24/2017 06:00:00 AM,16,0,16
07/11/2017 06:00:00 PM,33,29,4
07/07/2017 05:00:00 AM,5,0,5
07/11/2017 12:00:00 PM,11,3,8
07/03/2017 10:00:00 PM,0,0,0
07/01/2017 07:00:00 PM,5,4,1
07/21/2017 10:00:00 PM,1,0,1
07/17/2017 11:00:00 AM,6,1,5
07/02/2017 09:00:00 PM,0,0,0
07/30/2017 05:00:00 PM,5,2,3
07/13/2017 05:00:00 AM,6,0,6
07/24/2017 04:00:00 PM,29,23,6
08/03/2017 10:00:00 AM,5,2,3
08/24/2017 04:00:00 AM,1,0,1
08/08/2017 07:00:00 AM,19,1,18
08/26/2017 06:00:00 PM,13,5,8
08/09/2017 04:00:00 PM,18,15,3
08/10/2017 01:00:00 PM,7,4,3
08/19/2017 05:00:00 AM,0,0,0
08/16/2017 11:00:00 AM,15,2,13
08/14/2017 05:00:00 PM,38,36,2
08/20/2017 09:00:00 AM,5,1,4
08/26/2017 10:00:00 PM,0,0,0
08/31/2017 05:00:00 AM,4,0,4
08/04/2017 12:00:00 PM,6,4,2
08/04/2017 07:00:00 PM,9,7,2
08/11/2017 02:00:00 PM,10,9,1
08/27/2017 09:00:00 PM,1,1,0
08/30/2017 06:00:00 AM,12,1,11
08/18/2017 06:00:00 AM,11,0,11
08/25/2017 08:00:00 PM,4,4,0
08/28/2017 12:00:00 AM,0,0,0
08/31/2017 06:00:00 PM,33,31,2
08/11/2017 07:00:00 PM,14,10,4
08/26/2017 08:00:00 PM,3,0,3
08/12/2017 12:00:00 AM,0,0,0
08/07/2017 04:00:00 AM,1,0,1
08/19/2017 12:00:00 AM,0,0,0
08/29/2017 11:00:00 AM,5,1,4
08/18/2017 07:00:00 AM,27,1,26
08/02/2017 02:00:00 AM,0,0,0
08/15/2017 12:00:00 PM,11,6,5
08/04/2017 03:00:00 PM,10,7,3
08/18/2017 10:00:00 AM,6,2,4
08/19/2017 07:00:00 AM,3,0,3
08/06/2017 09:00:00 AM,6,0,6
08/06/2017 02:00:00 PM,17,12,5
08/17/2017 12:00:00 AM,2,2,0
08/01/2017 08:00:00 AM,32,3,29
08/10/2017 12:00:00 PM,9,4,5
08/15/2017 11:00:00 PM,0,0,0
08/08/2017 03:00:00 AM,0,0,0
08/16/2017 07:00:00 AM,25,2,23
08/31/2017 12:00:00 PM,3,1,2
08/09/2017 01:00:00 PM,6,4,2
08/13/2017 05:00:00 AM,0,0,0
08/03/2017 03:00:00 PM,9,7,2
08/15/2017 01:00:00 AM,1,1,0
08/31/2017 08:00:00 PM,7,5,2
08/26/2017 01:00:00 PM,11,6,5
08/22/2017 07:00:00 AM,17,0,17
08/20/2017 12:00:00 AM,1,1,0
08/11/2017 05:00:00 PM,24,20,4
08/26/2017 09:00:00 AM,9,4,5
08/09/2017 07:00:00 AM,19,1,18
08/23/2017 05:00:00 PM,31,28,3
08/04/2017 05:00:00 PM,28,27,1
08/14/2017 07:00:00 PM,16,15,1
08/01/2017 07:00:00 PM,8,7,1
08/26/2017 07:00:00 AM,4,1,3
08/17/2017 08:00:00 PM,8,7,1
08/11/2017 12:00:00 AM,1,1,0
08/31/2017 10:00:00 PM,1,1,0
08/14/2017 09:00:00 AM,17,0,17
08/22/2017 11:00:00 AM,8,5,3
08/22/2017 10:00:00 AM,11,1,10
08/25/2017 07:00:00 AM,18,0,18
08/14/2017 08:00:00 AM,37,4,33
08/06/2017 04:00:00 AM,0,0,0
08/25/2017 10:00:00 PM,2,2,0
08/09/2017 12:00:00 AM,0,0,0
08/12/2017 03:00:00 PM,5,4,1
08/24/2017 02:00:00 PM,7,3,4
08/18/2017 04:00:00 PM,20,19,1
08/30/2017 12:00:00 PM,4,1,3
08/14/2017 11:00:00 AM,13,7,6
08/29/2017 10:00:00 AM,10,3,7
08/17/2017 01:00:00 PM,13,7,6
08/04/2017 06:00:00 PM,19,18,1
08/14/2017 04:00:00 PM,21,19,2
08/28/2017 07:00:00 AM,32,1,31
08/17/2017 10:00:00 PM,1,1,0
08/18/2017 11:00:00 PM,1,1,0
08/25/2017 06:00:00 PM,25,23,2
08/11/2017 07:00:00 AM,18,1,17
08/11/2017 12:00:00 PM,10,7,3
08/04/2017 01:00:00 PM,6,2,4
08/02/2017 02:00:00 PM,7,4,3
08/15/2017 01:00:00 PM,7,4,3
08/26/2017 04:00:00 PM,7,6,1
08/11/2017 02:00:00 AM,0,0,0
08/03/2017 03:00:00 AM,0,0,0
08/24/2017 04:00:00 PM,11,9,2
08/19/2017 06:00:00 PM,6,3,3
08/12/2017 08:00:00 PM,0,0,0
08/11/2017 04:00:00 AM,0,0,0
08/05/2017 07:00:00 AM,4,1,3
08/18/2017 05:00:00 PM,26,23,3
08/05/2017 05:00:00 AM,0,0,0
08/29/2017 12:00:00 PM,6,2,4
08/03/2017 12:00:00 AM,0,0,0
08/14/2017 04:00:00 AM,0,0,0
08/31/2017 04:00:00 AM,1,0,1
08/02/2017 09:00:00 PM,1,1,0
08/21/2017 09:00:00 AM,10,1,9
08/27/2017 08:00:00 PM,4,3,1
08/31/2017 06:00:00 AM,16,1,15
08/23/2017 06:00:00 PM,41,34,7
08/13/2017 04:00:00 PM,12,10,2
08/02/2017 07:00:00 PM,9,6,3
08/28/2017 09:00:00 PM,5,5,0
08/12/2017 11:00:00 PM,1,1,0
08/20/2017 12:00:00 PM,7,3,4
08/28/2017 07:00:00 PM,11,11,0
08/15/2017 02:00:00 AM,0,0,0
08/07/2017 10:00:00 AM,4,1,3
08/13/2017 07:00:00 AM,2,0,2
08/01/2017 12:00:00 AM,1,1,0
08/02/2017 03:00:00 PM,9,8,1
08/30/2017 03:00:00 PM,19,12,7
08/13/2017 02:00:00 PM,10,6,4
08/25/2017 07:00:00 PM,14,12,2
08/10/2017 04:00:00 PM,13,13,0
08/16/2017 10:00:00 PM,1,1,0
08/09/2017 05:00:00 AM,3,0,3
08/14/2017 01:00:00 AM,1,1,0
08/13/2017 03:00:00 PM,17,14,3
08/29/2017 10:00:00 PM,3,2,1
08/12/2017 11:00:00 AM,6,3,3
08/25/2017 03:00:00 AM,0,0,0
08/26/2017 01:00:00 AM,1,1,0
08/16/2017 09:00:00 AM,19,1,18
08/16/2017 10:00:00 AM,3,1,2
08/08/2017 11:00:00 AM,6,3,3
08/29/2017 09:00:00 PM,1,1,0
08/23/2017 10:00:00 PM,2,2,0
08/11/2017 09:00:00 AM,22,1,21
08/16/2017 04:00:00 PM,22,16,6
08/20/2017 11:00:00 AM,9,2,7
08/15/2017 03:00:00 PM,13,9,4
08/31/2017 11:00:00 AM,2,1,1
08/21/2017 10:00:00 PM,2,2,0
08/05/2017 11:00:00 PM,0,0,0
08/12/2017 02:00:00 PM,4,3,1
08/19/2017 12:00:00 PM,7,7,0
08/22/2017 12:00:00 PM,8,4,4
08/31/2017 07:00:00 PM,19,18,1
08/22/2017 09:00:00 PM,0,0,0
08/02/2017 01:00:00 AM,1,1,0
08/09/2017 12:00:00 PM,10,5,5
08/17/2017 09:00:00 PM,4,4,0
08/23/2017 06:00:00 AM,6,0,6
08/07/2017 07:00:00 AM,25,0,25
08/05/2017 02:00:00 PM,7,7,0
08/12/2017 08:00:00 AM,3,0,3
08/11/2017 04:00:00 PM,31,24,7
08/18/2017 06:00:00 PM,19,18,1
08/26/2017 09:00:00 PM,1,1,0
08/12/2017 07:00:00 AM,1,0,1
08/09/2017 04:00:00 AM,0,0,0
08/17/2017 07:00:00 AM,20,2,18
08/03/2017 06:00:00 AM,14,3,11
08/23/2017 05:00:00 AM,4,0,4
08/18/2017 05:00:00 AM,2,1,1
08/31/2017 12:00:00 AM,0,0,0
08/27/2017 11:00:00 PM,0,0,0
08/01/2017 01:00:00 PM,6,2,4
08/10/2017 02:00:00 AM,0,0,0
08/17/2017 09:00:00 AM,15,0,15
08/03/2017 04:00:00 PM,16,14,2
08/26/2017 05:00:00 AM,0,0,0
08/14/2017 12:00:00 PM,9,6,3
08/08/2017 06:00:00 AM,12,1,11
08/15/2017 11:00:00 AM,11,3,8
08/06/2017 05:00:00 AM,0,0,0
08/20/2017 07:00:00 PM,8,6,2
08/23/2017 01:00:00 PM,4,0,4
08/03/2017 01:00:00 PM,4,3,1
08/16/2017 12:00:00 AM,0,0,0
08/18/2017 12:00:00 AM,0,0,0
08/14/2017 12:00:00 AM,0,0,0
08/16/2017 05:00:00 PM,31,29,2
08/10/2017 11:00:00 PM,0,0,0
08/30/2017 12:00:00 AM,1,1,0
08/24/2017 11:00:00 PM,0,0,0
08/13/2017 01:00:00 AM,0,0,0
08/06/2017 01:00:00 AM,2,2,0
08/13/2017 05:00:00 PM,6,4,2
08/31/2017 02:00:00 AM,0,0,0
08/11/2017 01:00:00 PM,5,2,3
08/17/2017 02:00:00 AM,0,0,0
08/28/2017 04:00:00 AM,1,0,1
08/13/2017 08:00:00 PM,1,1,0
08/27/2017 02:00:00 AM,0,0,0
08/23/2017 12:00:00 PM,10,2,8
08/13/2017 03:00:00 AM,0,0,0
08/20/2017 09:00:00 PM,0,0,0
08/23/2017 03:00:00 PM,10,10,0
08/17/2017 05:00:00 AM,6,0,6
08/26/2017 03:00:00 PM,4,3,1
08/22/2017 02:00:00 AM,0,0,0
08/21/2017 07:00:00 AM,19,0,19
08/15/2017 12:00:00 AM,1,1,0
08/09/2017 02:00:00 AM,0,0,0
08/27/2017 02:00:00 PM,15,7,8
08/17/2017 05:00:00 PM,28,24,4
08/17/2017 11:00:00 AM,14,6,8
08/25/2017 11:00:00 PM,0,0,0
08/01/2017 07:00:00 AM,27,0,27
08/29/2017 08:00:00 AM,21,1,20
08/13/2017 12:00:00 AM,1,1,0
08/28/2017 11:00:00 PM,0,0,0
08/25/2017 02:00:00 PM,7,2,5
08/30/2017 09:00:00 AM,15,1,14
08/30/2017 09:00:00 PM,3,3,0
08/24/2017 06:00:00 AM,9,1,8
08/26/2017 12:00:00 AM,1,1,0
08/29/2017 01:00:00 PM,8,3,5
08/07/2017 07:00:00 PM,16,16,0
08/14/2017 03:00:00 PM,16,14,2
08/23/2017 02:00:00 PM,9,4,5
08/23/2017 07:00:00 PM,14,9,5
08/31/2017 04:00:00 PM,30,26,4
08/23/2017 11:00:00 AM,7,3,4
08/30/2017 07:00:00 PM,12,10,2
08/24/2017 07:00:00 AM,23,0,23
08/19/2017 01:00:00 AM,0,0,0
08/05/2017 06:00:00 PM,7,0,7
08/27/2017 01:00:00 PM,16,8,8
08/10/2017 05:00:00 PM,26,23,3
08/01/2017 09:00:00 PM,3,3,0
08/11/2017 11:00:00 PM,0,0,0
08/29/2017 08:00:00 PM,9,6,3
08/24/2017 09:00:00 PM,3,3,0
08/17/2017 04:00:00 AM,1,0,1
08/27/2017 07:00:00 AM,2,1,1
08/07/2017 02:00:00 AM,0,0,0
08/18/2017 12:00:00 PM,9,6,3
08/05/2017 03:00:00 AM,0,0,0
08/11/2017 09:00:00 PM,3,2,1
08/01/2017 11:00:00 AM,12,3,9
08/27/2017 06:00:00 AM,2,1,1
08/14/2017 03:00:00 AM,0,0,0
08/12/2017 10:00:00 AM,1,0,1
08/25/2017 10:00:00 AM,11,3,8
08/03/2017 05:00:00 PM,28,26,2
08/10/2017 03:00:00 AM,0,0,0
08/21/2017 08:00:00 PM,5,2,3
08/10/2017 10:00:00 AM,9,3,6
08/03/2017 06:00:00 PM,22,19,3
08/31/2017 01:00:00 PM,4,1,3
08/08/2017 11:00:00 PM,0,0,0
08/08/2017 08:00:00 PM,8,7,1
08/13/2017 11:00:00 AM,5,2,3
08/01/2017 06:00:00 PM,29,27,2
08/05/2017 06:00:00 AM,0,0,0
08/31/2017 11:00:00 PM,0,0,0
08/09/2017 07:00:00 PM,14,12,2
08/04/2017 05:00:00 AM,1,0,1
08/14/2017 02:00:00 PM,9,6,3
08/09/2017 10:00:00 AM,9,2,7
08/16/2017 05:00:00 AM,4,0,4
08/23/2017 03:00:00 AM,0,0,0
08/26/2017 11:00:00 PM,0,0,0
08/12/2017 12:00:00 PM,7,6,1
08/06/2017 08:00:00 AM,5,2,3
08/08/2017 02:00:00 PM,6,3,3
08/02/2017 12:00:00 AM,0,0,0
08/14/2017 08:00:00 PM,6,6,0
08/07/2017 06:00:00 PM,22,21,1
08/10/2017 06:00:00 PM,27,27,0
08/02/2017 01:00:00 PM,4,3,1
08/20/2017 02:00:00 PM,5,4,1
08/15/2017 06:00:00 AM,9,0,9
08/06/2017 12:00:00 PM,14,9,5
08/28/2017 03:00:00 PM,9,7,2
08/03/2017 02:00:00 PM,9,7,2
08/14/2017 10:00:00 AM,8,1,7
08/08/2017 01:00:00 AM,0,0,0
08/04/2017 06:00:00 AM,8,0,8
08/29/2017 05:00:00 PM,25,24,1
08/27/2017 03:00:00 AM,0,0,0
08/18/2017 08:00:00 AM,25,2,23
08/10/2017 05:00:00 AM,7,0,7
08/30/2017 03:00:00 AM,0,0,0
08/24/2017 05:00:00 PM,38,31,7
08/03/2017 12:00:00 PM,5,3,2
08/17/2017 06:00:00 AM,7,0,7
08/23/2017 04:00:00 PM,15,12,3
08/11/2017 05:00:00 AM,2,0,2
08/03/2017 10:00:00 PM,0,0,0
08/28/2017 10:00:00 AM,6,2,4
08/11/2017 03:00:00 PM,6,5,1
08/12/2017 06:00:00 AM,1,1,0
08/15/2017 09:00:00 AM,15,1,14
08/25/2017 08:00:00 AM,18,1,17
08/27/2017 12:00:00 AM,0,0,0
08/16/2017 02:00:00 PM,13,6,7
08/23/2017 09:00:00 AM,14,2,12
08/28/2017 01:00:00 PM,12,7,5
08/06/2017 12:00:00 AM,0,0,0
08/22/2017 12:00:00 AM,1,1,0
08/19/2017 03:00:00 PM,5,4,1
08/16/2017 09:00:00 PM,4,4,0
08/07/2017 02:00:00 PM,10,2,8
08/15/2017 09:00:00 PM,4,4,0
08/15/2017 08:00:00 PM,7,6,1
08/13/2017 12:00:00 PM,5,4,1
08/08/2017 03:00:00 PM,20,14,6
08/02/2017 11:00:00 AM,4,1,3
08/04/2017 08:00:00 PM,7,5,2
08/24/2017 10:00:00 PM,0,0,0
08/17/2017 10:00:00 AM,7,2,5
08/04/2017 02:00:00 AM,0,0,0
08/29/2017 03:00:00 PM,14,10,4
08/15/2017 07:00:00 AM,22,1,21
08/23/2017 12:00:00 AM,0,0,0
08/13/2017 07:00:00 PM,3,2,1
08/02/2017 05:00:00 PM,34,31,3
08/07/2017 11:00:00 AM,8,2,6
08/30/2017 02:00:00 PM,5,2,3
08/24/2017 12:00:00 AM,1,1,0
08/15/2017 05:00:00 AM,3,0,3
08/06/2017 06:00:00 PM,8,4,4
08/20/2017 07:00:00 AM,5,1,4
08/19/2017 10:00:00 PM,0,0,0
08/13/2017 06:00:00 AM,0,0,0
08/08/2017 10:00:00 AM,11,1,10
08/31/2017 02:00:00 PM,10,4,6
08/24/2017 08:00:00 PM,7,7,0
08/05/2017 09:00:00 PM,1,1,0
08/14/2017 07:00:00 AM,25,0,25
08/28/2017 04:00:00 PM,17,16,1
08/13/2017 08:00:00 AM,5,0,5
08/10/2017 01:00:00 AM,0,0,0
08/22/2017 09:00:00 AM,18,2,16
08/29/2017 09:00:00 AM,15,3,12
08/01/2017 10:00:00 AM,12,4,8
08/31/2017 09:00:00 AM,6,0,6
08/03/2017 07:00:00 AM,21,0,21
08/25/2017 02:00:00 AM,0,0,0
08/09/2017 11:00:00 PM,0,0,0
08/09/2017 06:00:00 PM,30,28,2
08/24/2017 01:00:00 PM,8,5,3
08/21/2017 11:00:00 AM,9,1,8
08/15/2017 10:00:00 PM,1,1,0
08/15/2017 04:00:00 PM,21,19,2
08/31/2017 10:00:00 AM,5,0,5
08/14/2017 10:00:00 PM,0,0,0
08/11/2017 06:00:00 PM,27,23,4
08/05/2017 12:00:00 AM,1,0,1
08/04/2017 04:00:00 AM,1,0,1
08/17/2017 01:00:00 AM,0,0,0
08/28/2017 05:00:00 PM,31,31,0
08/05/2017 09:00:00 AM,13,6,7
08/20/2017 06:00:00 PM,5,3,2
08/28/2017 09:00:00 AM,20,2,18
08/13/2017 10:00:00 AM,7,3,4
08/31/2017 08:00:00 AM,20,0,20
08/18/2017 02:00:00 AM,0,0,0
08/21/2017 01:00:00 PM,7,3,4
08/14/2017 11:00:00 PM,0,0,0
08/29/2017 01:00:00 AM,1,1,0
08/17/2017 12:00:00 PM,7,4,3
08/11/2017 03:00:00 AM,0,0,0
08/04/2017 02:00:00 PM,7,5,2
08/02/2017 04:00:00 AM,0,0,0
08/12/2017 04:00:00 PM,6,3,3
08/12/2017 02:00:00 AM,0,0,0
08/30/2017 01:00:00 PM,8,5,3
08/06/2017 06:00:00 AM,1,0,1
08/01/2017 04:00:00 AM,1,0,1
08/10/2017 03:00:00 PM,10,8,2
08/03/2017 02:00:00 AM,0,0,0
08/29/2017 07:00:00 AM,28,0,28
08/26/2017 10:00:00 AM,5,1,4
08/01/2017 03:00:00 PM,8,6,2
08/22/2017 08:00:00 AM,30,1,29
08/25/2017 03:00:00 PM,11,10,1
08/07/2017 09:00:00 PM,1,1,0
08/04/2017 09:00:00 AM,14,2,12
08/11/2017 10:00:00 AM,8,4,4
08/03/2017 01:00:00 AM,1,1,0
08/29/2017 02:00:00 AM,0,0,0
08/25/2017 12:00:00 AM,0,0,0
08/10/2017 04:00:00 AM,1,0,1
08/19/2017 11:00:00 AM,7,1,6
08/05/2017 10:00:00 PM,0,0,0
08/12/2017 10:00:00 PM,0,0,0
08/27/2017 07:00:00 PM,3,2,1
08/08/2017 09:00:00 PM,3,3,0
08/30/2017 01:00:00 AM,0,0,0
08/21/2017 11:00:00 PM,0,0,0
08/02/2017 06:00:00 PM,23,21,2
08/13/2017 10:00:00 PM,0,0,0
08/02/2017 12:00:00 PM,5,2,3
08/31/2017 05:00:00 PM,25,24,1
08/23/2017 04:00:00 AM,0,0,0
08/22/2017 11:00:00 PM,1,1,0
08/18/2017 03:00:00 AM,0,0,0
08/25/2017 11:00:00 AM,6,1,5
08/29/2017 07:00:00 PM,15,13,2
08/04/2017 11:00:00 AM,8,2,6
08/06/2017 10:00:00 PM,0,0,0
08/27/2017 09:00:00 AM,9,3,6
08/30/2017 10:00:00 AM,6,2,4
08/26/2017 06:00:00 AM,6,0,6
08/12/2017 05:00:00 PM,7,2,5
08/22/2017 10:00:00 PM,3,3,0
08/04/2017 04:00:00 PM,20,19,1
08/25/2017 05:00:00 AM,4,0,4
08/18/2017 04:00:00 AM,0,0,0
08/07/2017 10:00:00 PM,2,2,0
08/19/2017 11:00:00 PM,2,2,0
08/21/2017 04:00:00 PM,11,9,2
08/24/2017 11:00:00 AM,9,4,5
08/06/2017 10:00:00 AM,6,1,5
08/09/2017 01:00:00 AM,1,1,0
08/11/2017 11:00:00 AM,5,2,3
08/19/2017 09:00:00 AM,9,5,4
08/08/2017 04:00:00 PM,19,17,2
08/26/2017 12:00:00 PM,10,5,5
08/05/2017 01:00:00 PM,8,3,5
08/16/2017 04:00:00 AM,1,0,1
08/09/2017 05:00:00 PM,22,21,1
08/15/2017 04:00:00 AM,1,0,1
08/01/2017 01:00:00 AM,0,0,0
08/03/2017 11:00:00 PM,0,0,0
08/19/2017 01:00:00 PM,12,6,6
08/27/2017 11:00:00 AM,16,6,10
08/16/2017 03:00:00 PM,12,8,4
08/21/2017 06:00:00 PM,21,20,1
08/30/2017 06:00:00 PM,26,26,0
08/21/2017 02:00:00 AM,1,1,0
08/21/2017 05:00:00 PM,18,18,0
08/21/2017 09:00:00 PM,0,0,0
08/10/2017 07:00:00 AM,17,0,17
08/23/2017 02:00:00 AM,0,0,0
08/27/2017 04:00:00 AM,0,0,0
08/05/2017 07:00:00 PM,3,3,0
08/08/2017 06:00:00 PM,31,28,3
08/02/2017 08:00:00 PM,7,7,0
08/27/2017 10:00:00 AM,16,6,10
08/20/2017 05:00:00 AM,0,0,0
08/04/2017 03:00:00 AM,0,0,0
08/09/2017 11:00:00 AM,10,0,10
08/22/2017 04:00:00 PM,12,11,1
08/16/2017 12:00:00 PM,4,1,3
08/10/2017 09:00:00 PM,4,4,0
08/28/2017 01:00:00 AM,0,0,0
08/26/2017 02:00:00 AM,0,0,0
08/16/2017 01:00:00 AM,1,1,0
08/09/2017 08:00:00 PM,3,2,1
08/08/2017 08:00:00 AM,34,5,29
08/20/2017 04:00:00 AM,0,0,0
08/29/2017 12:00:00 AM,0,0,0
08/09/2017 06:00:00 AM,9,1,8
08/07/2017 05:00:00 AM,1,0,1
08/29/2017 04:00:00 AM,1,0,1
08/28/2017 06:00:00 AM,9,0,9
08/25/2017 09:00:00 PM,1,0,1
08/07/2017 06:00:00 AM,13,3,10
08/01/2017 02:00:00 AM,0,0,0
08/24/2017 03:00:00 PM,6,5,1
08/06/2017 09:00:00 PM,1,1,0
08/22/2017 06:00:00 AM,8,0,8
08/15/2017 06:00:00 PM,29,27,2
08/22/2017 05:00:00 AM,1,0,1
08/26/2017 11:00:00 AM,14,5,9
08/04/2017 10:00:00 PM,0,0,0
08/20/2017 10:00:00 AM,12,3,9
08/05/2017 04:00:00 PM,3,2,1
08/18/2017 08:00:00 PM,4,3,1
08/10/2017 11:00:00 AM,3,1,2
08/28/2017 08:00:00 PM,9,6,3
08/17/2017 07:00:00 PM,16,15,1
08/01/2017 05:00:00 AM,2,0,2
08/21/2017 12:00:00 AM,1,0,1
08/16/2017 01:00:00 PM,2,0,2
08/11/2017 08:00:00 PM,4,3,1
08/10/2017 08:00:00 PM,7,7,0
08/02/2017 09:00:00 AM,18,1,17
08/21/2017 12:00:00 PM,5,2,3
08/26/2017 08:00:00 AM,5,3,2
08/03/2017 11:00:00 AM,5,2,3
08/07/2017 12:00:00 PM,8,4,4
08/10/2017 02:00:00 PM,6,4,2
08/30/2017 07:00:00 AM,28,0,28
08/11/2017 01:00:00 AM,0,0,0
08/21/2017 07:00:00 PM,11,10,1
08/28/2017 03:00:00 AM,0,0,0
08/17/2017 11:00:00 PM,1,1,0
08/20/2017 05:00:00 PM,3,3,0
08/23/2017 01:00:00 AM,1,1,0
08/31/2017 01:00:00 AM,1,1,0
08/22/2017 07:00:00 PM,18,15,3
08/12/2017 09:00:00 AM,7,2,5
08/21/2017 03:00:00 PM,5,5,0
08/22/2017 01:00:00 PM,5,3,2
08/11/2017 08:00:00 AM,20,2,18
08/19/2017 08:00:00 AM,4,3,1
08/05/2017 11:00:00 AM,9,5,4
08/01/2017 04:00:00 PM,15,11,4
08/07/2017 01:00:00 PM,6,4,2
08/01/2017 09:00:00 AM,14,1,13
08/12/2017 01:00:00 PM,9,2,7
08/20/2017 04:00:00 PM,12,6,6
08/23/2017 10:00:00 AM,7,1,6
08/21/2017 05:00:00 AM,2,0,2
08/03/2017 07:00:00 PM,12,10,2
08/15/2017 02:00:00 PM,9,7,2
08/18/2017 07:00:00 PM,7,6,1
08/27/2017 10:00:00 PM,0,0,0
08/06/2017 02:00:00 AM,0,0,0
08/20/2017 11:00:00 PM,0,0,0
08/18/2017 02:00:00 PM,15,8,7
08/07/2017 01:00:00 AM,0,0,0
08/26/2017 07:00:00 PM,5,4,1
08/25/2017 06:00:00 AM,8,0,8
08/19/2017 04:00:00 PM,11,4,7
08/16/2017 02:00:00 AM,0,0,0
08/04/2017 09:00:00 PM,7,5,2
08/05/2017 03:00:00 PM,9,5,4
08/22/2017 04:00:00 AM,1,0,1
08/09/2017 08:00:00 AM,19,0,19
08/16/2017 07:00:00 PM,16,14,2
08/04/2017 12:00:00 AM,0,0,0
08/22/2017 06:00:00 PM,26,22,4
08/31/2017 03:00:00 PM,7,5,2
08/04/2017 07:00:00 AM,20,5,15
08/13/2017 04:00:00 AM,0,0,0
08/21/2017 02:00:00 PM,11,7,4
08/14/2017 06:00:00 AM,9,0,9
08/23/2017 11:00:00 PM,0,0,0
08/12/2017 03:00:00 AM,0,0,0
08/02/2017 04:00:00 PM,21,19,2
08/30/2017 08:00:00 PM,2,2,0
08/02/2017 07:00:00 AM,16,0,16
08/14/2017 02:00:00 AM,0,0,0
08/16/2017 03:00:00 AM,0,0,0
08/13/2017 02:00:00 AM,0,0,0
08/30/2017 05:00:00 AM,3,0,3
08/19/2017 05:00:00 PM,4,3,1
08/20/2017 02:00:00 AM,0,0,0
08/19/2017 10:00:00 AM,5,3,2
08/28/2017 10:00:00 PM,2,1,1
08/09/2017 03:00:00 AM,0,0,0
08/01/2017 10:00:00 PM,1,1,0
08/17/2017 08:00:00 AM,33,0,33
08/10/2017 06:00:00 AM,12,0,12
08/09/2017 09:00:00 AM,15,1,14
08/10/2017 07:00:00 PM,10,10,0
08/20/2017 10:00:00 PM,0,0,0
08/18/2017 01:00:00 PM,5,2,3
08/02/2017 11:00:00 PM,0,0,0
08/28/2017 02:00:00 PM,8,5,3
08/09/2017 10:00:00 PM,3,2,1
08/12/2017 01:00:00 AM,0,0,0
08/20/2017 01:00:00 AM,1,1,0
08/01/2017 03:00:00 AM,0,0,0
08/22/2017 01:00:00 AM,0,0,0
08/07/2017 08:00:00 AM,25,1,24
08/30/2017 11:00:00 PM,1,1,0
08/04/2017 10:00:00 AM,7,0,7
08/19/2017 02:00:00 AM,0,0,0
08/19/2017 08:00:00 PM,4,4,0
08/06/2017 11:00:00 PM,1,1,0
08/08/2017 05:00:00 PM,36,32,4
08/27/2017 04:00:00 PM,5,4,1
08/21/2017 06:00:00 AM,5,0,5
08/14/2017 05:00:00 AM,1,0,1
08/29/2017 06:00:00 PM,30,25,5
08/05/2017 08:00:00 AM,6,3,3
08/17/2017 06:00:00 PM,28,26,2
08/08/2017 12:00:00 PM,10,7,3
08/19/2017 09:00:00 PM,1,0,1
08/07/2017 04:00:00 PM,16,15,1
08/10/2017 10:00:00 PM,3,1,2
08/01/2017 05:00:00 PM,30,27,3
08/18/2017 09:00:00 AM,19,1,18
08/12/2017 06:00:00 PM,7,4,3
08/27/2017 01:00:00 AM,1,1,0
08/06/2017 07:00:00 PM,2,2,0
08/05/2017 10:00:00 AM,8,4,4
08/06/2017 05:00:00 PM,10,6,4
08/26/2017 03:00:00 AM,0,0,0
08/07/2017 03:00:00 AM,0,0,0
08/28/2017 08:00:00 AM,20,0,20
08/06/2017 03:00:00 AM,0,0,0
08/12/2017 07:00:00 PM,4,3,1
08/11/2017 10:00:00 PM,1,1,0
08/24/2017 06:00:00 PM,27,25,2
08/24/2017 07:00:00 PM,12,11,1
08/22/2017 03:00:00 PM,7,6,1
08/17/2017 03:00:00 PM,11,7,4
08/02/2017 05:00:00 AM,2,0,2
08/29/2017 11:00:00 PM,2,2,0
08/15/2017 10:00:00 AM,15,5,10
08/14/2017 06:00:00 PM,26,23,3
08/08/2017 12:00:00 AM,1,1,0
08/02/2017 10:00:00 PM,1,1,0
08/25/2017 12:00:00 PM,8,3,5
08/22/2017 02:00:00 PM,16,10,6
08/08/2017 10:00:00 PM,1,1,0
08/30/2017 08:00:00 AM,29,4,25
08/08/2017 05:00:00 AM,4,0,4
08/30/2017 04:00:00 AM,0,0,0
08/31/2017 03:00:00 AM,0,0,0
08/16/2017 08:00:00 PM,9,9,0
08/09/2017 02:00:00 PM,11,7,4
08/13/2017 11:00:00 PM,0,0,0
08/27/2017 06:00:00 PM,5,3,2
08/07/2017 12:00:00 AM,0,0,0
08/25/2017 04:00:00 PM,14,13,1
08/07/2017 05:00:00 PM,45,43,2
08/07/2017 09:00:00 AM,19,1,18
08/05/2017 05:00:00 PM,14,11,3
08/06/2017 04:00:00 PM,14,10,4
08/15/2017 07:00:00 PM,14,10,4
08/19/2017 07:00:00 PM,2,2,0
08/02/2017 10:00:00 AM,10,5,5
08/03/2017 09:00:00 AM,12,2,10
08/02/2017 03:00:00 AM,0,0,0
08/30/2017 11:00:00 AM,5,3,2
08/13/2017 06:00:00 PM,1,1,0
08/25/2017 01:00:00 AM,0,0,0
08/13/2017 09:00:00 AM,3,0,3
08/05/2017 02:00:00 AM,0,0,0
08/21/2017 01:00:00 AM,0,0,0
08/27/2017 05:00:00 PM,16,8,8
08/12/2017 09:00:00 PM,3,2,1
08/18/2017 03:00:00 PM,22,15,7
08/07/2017 11:00:00 PM,1,0,1
08/01/2017 12:00:00 PM,10,8,2
08/13/2017 09:00:00 PM,1,1,0
08/18/2017 11:00:00 AM,5,3,2
08/18/2017 10:00:00 PM,0,0,0
08/18/2017 01:00:00 AM,0,0,0
08/28/2017 06:00:00 PM,28,25,3
08/24/2017 03:00:00 AM,0,0,0
08/20/2017 03:00:00 AM,0,0,0
08/16/2017 06:00:00 PM,35,30,5
08/23/2017 08:00:00 PM,9,9,0
08/20/2017 01:00:00 PM,11,5,6
08/01/2017 08:00:00 PM,2,2,0
08/30/2017 05:00:00 PM,33,30,3
08/23/2017 07:00:00 AM,27,1,26
08/22/2017 05:00:00 PM,31,28,3
08/27/2017 03:00:00 PM,11,6,5
08/20/2017 03:00:00 PM,5,4,1
08/08/2017 02:00:00 AM,0,0,0
08/07/2017 03:00:00 PM,7,6,1
08/26/2017 04:00:00 AM,0,0,0
08/24/2017 05:00:00 AM,3,0,3
08/28/2017 11:00:00 AM,8,2,6
08/21/2017 03:00:00 AM,0,0,0
08/02/2017 06:00:00 AM,11,1,10
08/16/2017 06:00:00 AM,11,0,11
08/25/2017 05:00:00 PM,28,27,1
08/12/2017 05:00:00 AM,0,0,0
08/03/2017 05:00:00 AM,4,0,4
08/25/2017 04:00:00 AM,1,0,1
08/22/2017 03:00:00 AM,0,0,0
08/26/2017 02:00:00 PM,8,5,3
08/27/2017 12:00:00 PM,9,6,3
08/24/2017 02:00:00 AM,0,0,0
08/12/2017 04:00:00 AM,1,1,0
08/18/2017 09:00:00 PM,3,2,1
08/20/2017 06:00:00 AM,2,0,2
08/25/2017 01:00:00 PM,8,7,1
08/29/2017 06:00:00 AM,12,0,12
08/19/2017 04:00:00 AM,0,0,0
08/10/2017 12:00:00 AM,1,1,0
08/24/2017 09:00:00 AM,16,2,14
08/30/2017 04:00:00 PM,20,18,2
08/30/2017 02:00:00 AM,0,0,0
08/24/2017 12:00:00 PM,3,0,3
08/03/2017 08:00:00 AM,36,1,35
08/21/2017 10:00:00 AM,8,3,5
08/05/2017 04:00:00 AM,0,0,0
08/28/2017 12:00:00 PM,9,5,4
08/24/2017 08:00:00 AM,26,1,25
08/04/2017 08:00:00 AM,27,2,25
08/14/2017 09:00:00 PM,1,1,0
08/07/2017 08:00:00 PM,4,3,1
08/10/2017 08:00:00 AM,26,3,23
08/03/2017 04:00:00 AM,1,0,1
08/19/2017 02:00:00 PM,16,9,7
08/24/2017 10:00:00 AM,11,3,8
08/03/2017 09:00:00 PM,5,3,2
08/20/2017 08:00:00 PM,3,2,1
08/06/2017 03:00:00 PM,11,7,4
08/06/2017 08:00:00 PM,4,3,1
08/01/2017 02:00:00 PM,13,10,3
08/30/2017 10:00:00 PM,0,0,0
08/10/2017 09:00:00 AM,15,5,10
08/17/2017 02:00:00 PM,13,11,2
08/21/2017 04:00:00 AM,1,0,1
08/01/2017 11:00:00 PM,1,1,0
08/08/2017 01:00:00 PM,3,0,3
08/29/2017 05:00:00 AM,1,0,1
08/28/2017 05:00:00 AM,2,0,2
08/02/2017 08:00:00 AM,24,2,22
08/25/2017 09:00:00 AM,17,0,17
08/16/2017 11:00:00 PM,1,0,1
08/19/2017 06:00:00 AM,0,0,0
08/17/2017 03:00:00 AM,0,0,0
08/09/2017 03:00:00 PM,7,7,0
08/23/2017 08:00:00 AM,27,1,26
08/05/2017 01:00:00 AM,0,0,0
08/08/2017 09:00:00 AM,18,2,16
08/31/2017 09:00:00 PM,1,1,0
08/22/2017 08:00:00 PM,4,4,0
08/03/2017 08:00:00 PM,10,9,1
08/01/2017 06:00:00 AM,13,0,13
08/17/2017 04:00:00 PM,19,18,1
08/09/2017 09:00:00 PM,4,4,0
08/31/2017 07:00:00 AM,24,0,24
08/15/2017 08:00:00 AM,30,2,28
08/16/2017 08:00:00 AM,27,1,26
08/23/2017 09:00:00 PM,5,5,0
08/27/2017 05:00:00 AM,0,0,0
08/13/2017 01:00:00 PM,6,3,3
08/05/2017 08:00:00 PM,0,0,0
08/06/2017 11:00:00 AM,14,7,7
08/06/2017 01:00:00 PM,12,5,7
08/11/2017 06:00:00 AM,8,1,7
08/28/2017 02:00:00 AM,0,0,0
08/29/2017 03:00:00 AM,0,0,0
08/21/2017 08:00:00 AM,22,5,17
08/04/2017 01:00:00 AM,0,0,0
08/14/2017 01:00:00 PM,11,4,7
08/06/2017 07:00:00 AM,1,0,1
08/19/2017 03:00:00 AM,0,0,0
08/04/2017 11:00:00 PM,2,2,0
08/20/2017 08:00:00 AM,2,0,2
08/15/2017 03:00:00 AM,0,0,0
08/27/2017 08:00:00 AM,6,0,6
08/08/2017 04:00:00 AM,1,0,1
08/24/2017 01:00:00 AM,0,0,0
08/08/2017 07:00:00 PM,5,5,0
08/15/2017 05:00:00 PM,32,28,4
08/29/2017 04:00:00 PM,14,13,1
08/29/2017 02:00:00 PM,11,7,4
08/26/2017 05:00:00 PM,8,7,1
08/05/2017 12:00:00 PM,7,3,4
09/16/2017 03:00:00 AM,0,0,0
09/15/2017 07:00:00 PM,8,7,1
09/17/2017 11:00:00 PM,0,0,0
09/28/2017 09:00:00 PM,9,8,1
09/19/2017 05:00:00 PM,22,19,3
09/20/2017 02:00:00 AM,0,0,0
09/03/2017 12:00:00 PM,8,6,2
09/11/2017 02:00:00 PM,10,6,4
09/16/2017 07:00:00 PM,1,1,0
09/19/2017 09:00:00 AM,10,0,10
09/04/2017 11:00:00 AM,15,4,11
09/13/2017 10:00:00 AM,10,3,7
09/22/2017 10:00:00 AM,8,2,6
09/02/2017 12:00:00 AM,0,0,0
09/15/2017 06:00:00 PM,22,19,3
09/20/2017 06:00:00 PM,23,20,3
09/16/2017 06:00:00 AM,1,0,1
09/23/2017 06:00:00 AM,0,0,0
09/30/2017 09:00:00 PM,0,0,0
09/04/2017 08:00:00 PM,1,1,0
09/03/2017 10:00:00 PM,0,0,0
09/22/2017 12:00:00 PM,5,3,2
09/24/2017 12:00:00 PM,20,10,10
09/28/2017 04:00:00 PM,19,16,3
09/06/2017 11:00:00 PM,0,0,0
09/27/2017 04:00:00 AM,0,0,0
09/05/2017 07:00:00 PM,10,9,1
09/18/2017 05:00:00 AM,0,0,0
09/06/2017 01:00:00 PM,4,4,0
09/21/2017 02:00:00 PM,9,4,5
09/19/2017 01:00:00 PM,1,1,0
09/16/2017 07:00:00 AM,2,0,2
09/06/2017 12:00:00 AM,0,0,0
09/29/2017 10:00:00 PM,4,2,2
09/08/2017 01:00:00 PM,8,3,5
09/16/2017 12:00:00 AM,0,0,0
09/07/2017 09:00:00 PM,2,1,1
09/25/2017 04:00:00 PM,18,14,4
09/17/2017 08:00:00 PM,1,1,0
09/11/2017 03:00:00 AM,0,0,0
09/19/2017 05:00:00 AM,1,0,1
09/30/2017 03:00:00 AM,0,0,0
09/14/2017 06:00:00 PM,33,30,3
09/25/2017 06:00:00 AM,10,0,10
09/14/2017 11:00:00 PM,1,1,0
09/09/2017 12:00:00 PM,4,2,2
09/16/2017 10:00:00 PM,6,5,1
09/29/2017 03:00:00 PM,14,8,6
09/01/2017 10:00:00 AM,9,2,7
09/01/2017 08:00:00 PM,5,5,0
09/05/2017 10:00:00 PM,1,1,0
09/05/2017 09:00:00 PM,2,2,0
09/20/2017 01:00:00 PM,4,2,2
09/16/2017 11:00:00 AM,11,5,6
09/05/2017 01:00:00 AM,0,0,0
09/27/2017 09:00:00 PM,2,2,0
09/03/2017 09:00:00 PM,0,0,0
09/15/2017 07:00:00 AM,18,1,17
09/25/2017 08:00:00 AM,19,0,19
09/03/2017 11:00:00 AM,17,8,9
09/11/2017 02:00:00 AM,0,0,0
09/20/2017 07:00:00 AM,10,2,8
09/14/2017 02:00:00 PM,13,8,5
09/20/2017 08:00:00 PM,3,3,0
09/28/2017 08:00:00 AM,38,1,37
09/08/2017 07:00:00 AM,20,2,18
09/02/2017 11:00:00 AM,16,7,9
09/17/2017 12:00:00 PM,16,9,7
09/02/2017 07:00:00 AM,4,0,4
09/15/2017 03:00:00 AM,0,0,0
09/28/2017 06:00:00 AM,8,0,8
09/07/2017 08:00:00 PM,3,2,1
09/25/2017 07:00:00 AM,16,1,15
09/27/2017 10:00:00 AM,22,11,11
09/28/2017 05:00:00 PM,47,39,8
09/21/2017 05:00:00 AM,3,0,3
09/09/2017 04:00:00 PM,12,6,6
09/27/2017 10:00:00 PM,1,1,0
09/05/2017 11:00:00 AM,5,1,4
09/05/2017 08:00:00 PM,1,1,0
09/13/2017 03:00:00 AM,0,0,0
09/18/2017 12:00:00 AM,0,0,0
09/14/2017 03:00:00 PM,12,9,3
09/08/2017 08:00:00 AM,34,1,33
09/11/2017 08:00:00 AM,34,3,31
09/05/2017 08:00:00 AM,30,3,27
09/07/2017 09:00:00 AM,16,4,12
09/03/2017 08:00:00 PM,0,0,0
09/22/2017 01:00:00 PM,4,1,3
09/16/2017 08:00:00 AM,9,0,9
09/17/2017 05:00:00 AM,0,0,0
09/15/2017 11:00:00 AM,4,2,2
09/11/2017 05:00:00 PM,41,34,7
09/13/2017 11:00:00 PM,0,0,0
09/25/2017 10:00:00 PM,3,3,0
09/19/2017 11:00:00 AM,6,3,3
09/22/2017 01:00:00 AM,0,0,0
09/29/2017 06:00:00 AM,6,0,6
09/24/2017 05:00:00 PM,4,1,3
09/22/2017 08:00:00 PM,2,2,0
09/09/2017 05:00:00 PM,4,1,3
09/04/2017 01:00:00 AM,0,0,0
09/04/2017 12:00:00 AM,1,1,0
09/15/2017 11:00:00 PM,0,0,0
09/27/2017 07:00:00 AM,30,2,28
09/01/2017 04:00:00 PM,17,15,2
09/06/2017 11:00:00 AM,9,1,8
09/26/2017 06:00:00 PM,45,44,1
09/08/2017 07:00:00 PM,4,4,0
09/29/2017 02:00:00 AM,0,0,0
09/11/2017 06:00:00 PM,28,24,4
09/10/2017 06:00:00 PM,4,2,2
09/15/2017 05:00:00 AM,1,0,1
09/28/2017 01:00:00 AM,1,1,0
09/27/2017 05:00:00 AM,4,0,4
09/21/2017 04:00:00 PM,23,19,4
09/02/2017 08:00:00 AM,6,2,4
09/03/2017 06:00:00 AM,1,0,1
09/11/2017 11:00:00 AM,7,1,6
09/04/2017 09:00:00 AM,5,1,4
09/23/2017 11:00:00 PM,1,1,0
09/20/2017 04:00:00 AM,0,0,0
09/14/2017 10:00:00 AM,11,1,10
09/15/2017 02:00:00 AM,0,0,0
09/23/2017 05:00:00 AM,1,0,1
09/18/2017 05:00:00 PM,25,25,0
09/25/2017 07:00:00 PM,5,5,0
09/26/2017 10:00:00 PM,2,2,0
09/24/2017 11:00:00 AM,12,7,5
09/21/2017 06:00:00 AM,10,0,10
09/23/2017 07:00:00 AM,1,1,0
09/17/2017 01:00:00 PM,5,3,2
09/13/2017 08:00:00 PM,10,8,2
09/21/2017 03:00:00 PM,15,10,5
09/07/2017 01:00:00 PM,5,1,4
09/13/2017 09:00:00 AM,19,1,18
09/29/2017 07:00:00 AM,12,0,12
09/13/2017 02:00:00 AM,0,0,0
09/14/2017 07:00:00 PM,20,19,1
09/12/2017 02:00:00 PM,10,4,6
09/13/2017 08:00:00 AM,33,3,30
09/30/2017 01:00:00 PM,10,5,5
09/28/2017 03:00:00 AM,0,0,0
09/13/2017 07:00:00 PM,10,7,3
09/08/2017 10:00:00 AM,12,3,9
09/05/2017 12:00:00 AM,2,2,0
09/25/2017 04:00:00 AM,0,0,0
09/14/2017 12:00:00 AM,0,0,0
09/20/2017 03:00:00 PM,7,2,5
09/03/2017 01:00:00 AM,0,0,0
09/06/2017 07:00:00 PM,10,7,3
09/14/2017 12:00:00 PM,12,5,7
09/27/2017 06:00:00 PM,32,32,0
09/24/2017 12:00:00 AM,0,0,0
09/18/2017 06:00:00 PM,15,14,1
09/24/2017 07:00:00 AM,2,0,2
09/11/2017 09:00:00 PM,2,2,0
09/02/2017 06:00:00 PM,6,5,1
09/14/2017 07:00:00 AM,21,3,18
09/02/2017 05:00:00 AM,0,0,0
09/21/2017 12:00:00 AM,1,1,0
09/04/2017 06:00:00 PM,6,4,2
09/18/2017 11:00:00 AM,2,1,1
09/21/2017 12:00:00 PM,3,1,2
09/07/2017 12:00:00 PM,7,5,2
09/19/2017 12:00:00 AM,0,0,0
09/02/2017 10:00:00 AM,10,4,6
09/25/2017 03:00:00 AM,0,0,0
09/24/2017 03:00:00 PM,7,5,2
09/05/2017 03:00:00 PM,7,4,3
09/06/2017 08:00:00 PM,0,0,0
09/02/2017 07:00:00 PM,3,2,1
09/28/2017 07:00:00 AM,25,1,24
09/04/2017 10:00:00 AM,12,9,3
09/26/2017 01:00:00 PM,8,5,3
09/28/2017 05:00:00 AM,3,0,3
09/05/2017 09:00:00 AM,12,0,12
09/07/2017 12:00:00 AM,0,0,0
09/04/2017 04:00:00 PM,15,14,1
09/18/2017 10:00:00 AM,6,3,3
09/26/2017 08:00:00 PM,2,2,0
09/08/2017 12:00:00 PM,13,7,6
09/25/2017 08:00:00 PM,4,4,0
09/14/2017 06:00:00 AM,13,0,13
09/22/2017 12:00:00 AM,1,1,0
09/20/2017 09:00:00 AM,19,3,16
09/04/2017 09:00:00 PM,0,0,0
09/04/2017 04:00:00 AM,0,0,0
09/13/2017 06:00:00 AM,18,2,16
09/16/2017 06:00:00 PM,6,4,2
09/19/2017 06:00:00 AM,6,0,6
09/13/2017 05:00:00 PM,32,29,3
09/10/2017 10:00:00 AM,6,2,4
09/26/2017 04:00:00 AM,0,0,0
09/24/2017 10:00:00 AM,4,2,2
09/10/2017 01:00:00 AM,2,2,0
09/03/2017 09:00:00 AM,5,2,3
09/26/2017 10:00:00 AM,9,2,7
09/30/2017 02:00:00 PM,5,1,4
09/27/2017 06:00:00 AM,9,0,9
09/17/2017 09:00:00 AM,9,5,4
09/05/2017 06:00:00 PM,19,19,0
09/06/2017 04:00:00 AM,0,0,0
09/14/2017 11:00:00 AM,8,4,4
09/30/2017 01:00:00 AM,0,0,0
09/22/2017 04:00:00 AM,0,0,0
09/29/2017 05:00:00 AM,2,0,2
09/19/2017 08:00:00 AM,19,1,18
09/30/2017 06:00:00 AM,2,0,2
09/08/2017 04:00:00 PM,23,18,5
09/03/2017 10:00:00 AM,23,19,4
09/10/2017 07:00:00 PM,4,3,1
09/24/2017 06:00:00 PM,7,7,0
09/21/2017 10:00:00 PM,3,2,1
09/12/2017 09:00:00 AM,16,0,16
09/10/2017 08:00:00 AM,6,0,6
09/17/2017 11:00:00 AM,5,4,1
09/18/2017 09:00:00 PM,2,2,0
09/24/2017 04:00:00 AM,0,0,0
09/11/2017 04:00:00 AM,0,0,0
09/06/2017 03:00:00 PM,11,10,1
09/28/2017 10:00:00 PM,1,1,0
09/01/2017 02:00:00 AM,0,0,0
09/14/2017 10:00:00 PM,1,1,0
09/03/2017 07:00:00 AM,2,0,2
09/29/2017 11:00:00 AM,5,1,4
09/29/2017 06:00:00 PM,23,23,0
09/28/2017 09:00:00 AM,14,2,12
09/06/2017 01:00:00 AM,0,0,0
09/28/2017 01:00:00 PM,9,6,3
09/30/2017 12:00:00 AM,2,2,0
09/30/2017 02:00:00 AM,0,0,0
09/22/2017 03:00:00 PM,9,9,0
09/05/2017 02:00:00 AM,0,0,0
09/27/2017 03:00:00 AM,0,0,0
09/30/2017 05:00:00 AM,0,0,0
09/19/2017 07:00:00 AM,10,0,10
09/18/2017 09:00:00 AM,13,0,13
09/24/2017 10:00:00 PM,0,0,0
09/29/2017 04:00:00 AM,0,0,0
09/13/2017 01:00:00 PM,1,1,0
09/04/2017 10:00:00 PM,1,1,0
09/03/2017 04:00:00 PM,7,5,2
09/10/2017 04:00:00 AM,0,0,0
09/17/2017 10:00:00 AM,11,4,7
09/22/2017 09:00:00 AM,20,0,20
09/24/2017 05:00:00 AM,0,0,0
09/23/2017 02:00:00 AM,0,0,0
09/09/2017 09:00:00 PM,1,1,0
09/09/2017 03:00:00 PM,12,6,6
09/12/2017 02:00:00 AM,0,0,0
09/09/2017 06:00:00 AM,1,0,1
09/21/2017 07:00:00 AM,12,1,11
09/18/2017 02:00:00 PM,9,4,5
09/25/2017 09:00:00 AM,11,0,11
09/08/2017 09:00:00 PM,0,0,0
09/19/2017 12:00:00 PM,4,1,3
09/06/2017 10:00:00 PM,1,1,0
09/19/2017 11:00:00 PM,0,0,0
09/21/2017 04:00:00 AM,0,0,0
09/01/2017 08:00:00 AM,29,3,26
09/12/2017 08:00:00 AM,35,1,34
09/10/2017 06:00:00 AM,2,0,2
09/22/2017 11:00:00 PM,0,0,0
09/12/2017 06:00:00 PM,31,28,3
09/01/2017 03:00:00 PM,11,8,3
09/14/2017 02:00:00 AM,0,0,0
09/08/2017 06:00:00 AM,11,0,11
09/18/2017 11:00:00 PM,1,1,0
09/22/2017 02:00:00 PM,10,6,4
09/24/2017 03:00:00 AM,0,0,0
09/21/2017 03:00:00 AM,0,0,0
09/10/2017 02:00:00 AM,0,0,0
09/25/2017 12:00:00 PM,6,3,3
09/01/2017 07:00:00 PM,10,8,2
09/14/2017 04:00:00 PM,17,16,1
09/04/2017 02:00:00 AM,0,0,0
09/09/2017 06:00:00 PM,7,7,0
09/26/2017 11:00:00 PM,1,1,0
09/28/2017 08:00:00 PM,3,3,0
09/02/2017 04:00:00 PM,4,4,0
09/13/2017 06:00:00 PM,29,26,3
09/26/2017 09:00:00 PM,1,1,0
09/07/2017 04:00:00 AM,0,0,0
09/29/2017 08:00:00 PM,6,6,0
09/30/2017 05:00:00 PM,4,4,0
09/17/2017 02:00:00 PM,0,0,0
09/24/2017 09:00:00 PM,1,1,0
09/03/2017 06:00:00 PM,4,2,2
09/22/2017 08:00:00 AM,25,1,24
09/10/2017 09:00:00 PM,1,1,0
09/24/2017 09:00:00 AM,7,1,6
09/03/2017 03:00:00 AM,0,0,0
09/02/2017 01:00:00 PM,6,5,1
09/19/2017 02:00:00 AM,0,0,0
09/05/2017 05:00:00 PM,26,24,2
09/07/2017 05:00:00 PM,34,33,1
09/30/2017 07:00:00 AM,0,0,0
09/01/2017 03:00:00 AM,0,0,0
09/12/2017 11:00:00 AM,14,7,7
09/26/2017 05:00:00 PM,43,37,6
09/06/2017 03:00:00 AM,0,0,0
09/11/2017 10:00:00 PM,1,1,0
09/19/2017 06:00:00 PM,19,18,1
09/04/2017 03:00:00 AM,0,0,0
09/05/2017 05:00:00 AM,1,0,1
09/17/2017 10:00:00 PM,0,0,0
09/07/2017 11:00:00 AM,7,3,4
09/23/2017 05:00:00 PM,11,9,2
09/04/2017 07:00:00 AM,6,0,6
09/22/2017 11:00:00 AM,8,5,3
09/09/2017 01:00:00 PM,6,3,3
09/10/2017 07:00:00 AM,1,0,1
09/25/2017 10:00:00 AM,5,0,5
09/11/2017 06:00:00 AM,9,0,9
09/07/2017 07:00:00 AM,22,5,17
09/05/2017 03:00:00 AM,0,0,0
09/29/2017 11:00:00 PM,1,1,0
09/15/2017 02:00:00 PM,14,11,3
09/06/2017 12:00:00 PM,5,2,3
09/30/2017 11:00:00 AM,7,2,5
09/13/2017 10:00:00 PM,1,1,0
09/01/2017 10:00:00 PM,0,0,0
09/14/2017 01:00:00 AM,0,0,0
09/20/2017 09:00:00 PM,1,1,0
09/07/2017 10:00:00 AM,8,1,7
09/07/2017 05:00:00 AM,2,0,2
09/08/2017 03:00:00 PM,6,4,2
09/15/2017 09:00:00 AM,16,1,15
09/11/2017 03:00:00 PM,10,8,2
09/20/2017 12:00:00 AM,0,0,0
09/09/2017 11:00:00 AM,9,6,3
09/11/2017 07:00:00 PM,23,19,4
09/02/2017 10:00:00 PM,0,0,0
09/08/2017 03:00:00 AM,0,0,0
09/11/2017 04:00:00 PM,15,14,1
09/10/2017 08:00:00 PM,1,1,0
09/10/2017 09:00:00 AM,5,2,3
09/14/2017 01:00:00 PM,6,3,3
09/17/2017 02:00:00 AM,0,0,0
09/17/2017 06:00:00 AM,0,0,0
09/24/2017 08:00:00 PM,1,0,1
09/25/2017 11:00:00 PM,0,0,0
09/26/2017 07:00:00 AM,21,0,21
09/12/2017 06:00:00 AM,13,2,11
09/23/2017 02:00:00 PM,7,3,4
09/25/2017 09:00:00 PM,0,0,0
09/05/2017 10:00:00 AM,15,2,13
09/26/2017 01:00:00 AM,0,0,0
09/12/2017 11:00:00 PM,1,0,1
09/26/2017 03:00:00 PM,14,9,5
09/29/2017 10:00:00 AM,8,2,6
09/26/2017 09:00:00 AM,18,3,15
09/11/2017 01:00:00 AM,0,0,0
09/01/2017 06:00:00 PM,21,20,1
09/04/2017 12:00:00 PM,9,3,6
09/18/2017 12:00:00 PM,6,1,5
09/14/2017 09:00:00 PM,2,2,0
09/16/2017 04:00:00 AM,0,0,0
09/08/2017 05:00:00 AM,1,0,1
09/08/2017 05:00:00 PM,27,27,0
09/27/2017 12:00:00 AM,1,1,0
09/27/2017 01:00:00 PM,8,6,2
09/05/2017 04:00:00 PM,10,10,0
09/02/2017 01:00:00 AM,1,1,0
09/13/2017 12:00:00 PM,7,4,3
09/02/2017 05:00:00 PM,4,4,0
09/04/2017 06:00:00 AM,3,0,3
09/14/2017 05:00:00 PM,46,43,3
09/19/2017 09:00:00 PM,2,2,0
09/26/2017 05:00:00 AM,3,0,3
09/02/2017 09:00:00 PM,0,0,0
09/23/2017 04:00:00 PM,16,13,3
09/17/2017 03:00:00 PM,5,5,0
09/23/2017 09:00:00 PM,1,0,1
09/26/2017 02:00:00 AM,0,0,0
09/04/2017 03:00:00 PM,9,7,2
09/19/2017 10:00:00 AM,6,0,6
09/21/2017 01:00:00 PM,4,2,2
09/07/2017 07:00:00 PM,8,7,1
09/09/2017 04:00:00 AM,0,0,0
09/03/2017 05:00:00 AM,0,0,0
09/12/2017 10:00:00 AM,7,2,5
09/01/2017 01:00:00 PM,11,9,2
09/08/2017 01:00:00 AM,0,0,0
09/07/2017 08:00:00 AM,40,3,37
09/07/2017 10:00:00 PM,0,0,0
09/09/2017 08:00:00 PM,3,3,0
09/25/2017 11:00:00 AM,5,3,2
09/20/2017 08:00:00 AM,18,2,16
09/15/2017 10:00:00 PM,4,2,2
09/24/2017 01:00:00 AM,0,0,0
09/06/2017 06:00:00 AM,9,0,9
09/23/2017 01:00:00 AM,0,0,0
09/05/2017 04:00:00 AM,0,0,0
09/22/2017 05:00:00 AM,1,0,1
09/02/2017 11:00:00 PM,1,1,0
09/15/2017 08:00:00 AM,28,3,25
09/07/2017 06:00:00 AM,13,0,13
09/12/2017 12:00:00 PM,11,2,9
09/17/2017 04:00:00 PM,2,1,1
09/18/2017 07:00:00 AM,12,0,12
09/27/2017 08:00:00 PM,2,2,0
09/30/2017 08:00:00 AM,0,0,0
09/09/2017 12:00:00 AM,1,0,1
09/07/2017 04:00:00 PM,21,16,5
09/28/2017 10:00:00 AM,13,3,10
09/28/2017 11:00:00 AM,5,1,4
09/30/2017 04:00:00 PM,1,1,0
09/21/2017 06:00:00 PM,30,27,3
09/07/2017 02:00:00 AM,0,0,0
09/12/2017 05:00:00 PM,49,46,3
09/28/2017 06:00:00 PM,35,35,0
09/03/2017 02:00:00 AM,0,0,0
09/20/2017 01:00:00 AM,2,2,0
09/10/2017 12:00:00 AM,1,0,1
09/22/2017 06:00:00 PM,26,24,2
09/15/2017 01:00:00 PM,4,4,0
09/28/2017 12:00:00 AM,1,1,0
09/17/2017 06:00:00 PM,2,1,1
09/26/2017 03:00:00 AM,0,0,0
09/16/2017 09:00:00 AM,7,2,5
09/16/2017 09:00:00 PM,3,3,0
09/17/2017 03:00:00 AM,0,0,0
09/05/2017 06:00:00 AM,14,1,13
09/09/2017 11:00:00 PM,1,1,0
09/02/2017 09:00:00 AM,6,0,6
09/09/2017 07:00:00 AM,3,0,3
09/01/2017 09:00:00 AM,17,3,14
09/17/2017 05:00:00 PM,4,2,2
09/07/2017 06:00:00 PM,23,22,1
09/01/2017 05:00:00 PM,29,29,0
09/28/2017 04:00:00 AM,0,0,0
09/28/2017 12:00:00 PM,11,6,5
09/14/2017 09:00:00 AM,15,0,15
09/20/2017 10:00:00 AM,7,1,6
09/23/2017 09:00:00 AM,5,2,3
09/20/2017 04:00:00 PM,14,11,3
09/21/2017 07:00:00 PM,12,11,1
09/29/2017 01:00:00 PM,5,3,2
09/20/2017 03:00:00 AM,0,0,0
09/17/2017 08:00:00 AM,1,0,1
09/09/2017 09:00:00 AM,14,2,12
09/03/2017 02:00:00 PM,4,3,1
09/01/2017 11:00:00 AM,9,3,6
09/21/2017 11:00:00 PM,1,1,0
09/29/2017 09:00:00 AM,12,0,12
09/15/2017 04:00:00 AM,0,0,0
09/08/2017 02:00:00 AM,0,0,0
09/10/2017 04:00:00 PM,6,2,4
09/12/2017 08:00:00 PM,6,5,1
09/16/2017 02:00:00 PM,7,5,2
09/18/2017 02:00:00 AM,0,0,0
09/27/2017 02:00:00 PM,12,7,5
09/09/2017 10:00:00 AM,3,2,1
09/22/2017 10:00:00 PM,1,1,0
09/21/2017 01:00:00 AM,0,0,0
09/04/2017 05:00:00 AM,0,0,0
09/10/2017 03:00:00 PM,11,7,4
09/15/2017 08:00:00 PM,2,2,0
09/25/2017 06:00:00 PM,25,24,1
09/05/2017 11:00:00 PM,1,1,0
09/30/2017 10:00:00 AM,13,9,4
09/16/2017 01:00:00 AM,0,0,0
09/02/2017 04:00:00 AM,0,0,0
09/06/2017 10:00:00 AM,14,3,11
09/02/2017 02:00:00 AM,0,0,0
09/18/2017 04:00:00 PM,9,7,2
09/12/2017 05:00:00 AM,1,0,1
09/22/2017 07:00:00 PM,8,6,2
09/21/2017 08:00:00 PM,1,1,0
09/12/2017 01:00:00 AM,1,1,0
09/23/2017 11:00:00 AM,16,4,12
09/06/2017 05:00:00 AM,2,0,2
09/11/2017 01:00:00 PM,7,5,2
09/08/2017 06:00:00 PM,24,24,0
09/25/2017 12:00:00 AM,1,1,0
09/18/2017 01:00:00 AM,0,0,0
09/19/2017 10:00:00 PM,3,3,0
09/24/2017 02:00:00 PM,11,3,8
09/23/2017 03:00:00 AM,0,0,0
09/12/2017 01:00:00 PM,2,1,1
09/30/2017 07:00:00 PM,5,3,2
09/21/2017 05:00:00 PM,35,28,7
09/14/2017 04:00:00 AM,0,0,0
09/19/2017 01:00:00 AM,1,1,0
09/15/2017 12:00:00 AM,1,0,1
09/05/2017 01:00:00 PM,6,4,2
09/10/2017 03:00:00 AM,0,0,0
09/15/2017 01:00:00 AM,0,0,0
09/10/2017 11:00:00 PM,1,1,0
09/04/2017 07:00:00 PM,6,3,3
09/29/2017 05:00:00 PM,26,24,2
09/29/2017 04:00:00 PM,15,12,3
09/18/2017 03:00:00 AM,0,0,0
09/22/2017 06:00:00 AM,8,0,8
09/21/2017 10:00:00 AM,5,0,5
09/20/2017 10:00:00 PM,3,3,0
09/16/2017 03:00:00 PM,20,16,4
09/25/2017 02:00:00 PM,6,3,3
09/25/2017 03:00:00 PM,13,8,5
09/09/2017 05:00:00 AM,0,0,0
09/18/2017 01:00:00 PM,3,2,1
09/27/2017 02:00:00 AM,0,0,0
09/13/2017 11:00:00 AM,6,4,2
09/18/2017 10:00:00 PM,2,1,1
09/10/2017 05:00:00 AM,0,0,0
09/26/2017 12:00:00 AM,1,1,0
09/21/2017 09:00:00 AM,11,0,11
09/30/2017 03:00:00 PM,4,4,0
09/06/2017 09:00:00 AM,16,2,14
09/24/2017 07:00:00 PM,2,1,1
09/13/2017 07:00:00 AM,22,1,21
09/04/2017 08:00:00 AM,13,4,9
09/30/2017 11:00:00 PM,1,0,1
09/16/2017 10:00:00 AM,6,1,5
09/19/2017 03:00:00 PM,6,6,0
09/13/2017 01:00:00 AM,1,1,0
09/12/2017 03:00:00 PM,5,4,1
09/02/2017 08:00:00 PM,1,1,0
09/22/2017 07:00:00 AM,16,1,15
09/27/2017 05:00:00 PM,38,33,5
09/08/2017 08:00:00 PM,3,2,1
09/20/2017 11:00:00 PM,0,0,0
09/17/2017 12:00:00 AM,4,3,1
09/03/2017 07:00:00 PM,1,1,0
09/23/2017 08:00:00 PM,0,0,0
09/06/2017 07:00:00 AM,13,0,13
09/09/2017 10:00:00 PM,1,0,1
09/20/2017 12:00:00 PM,6,3,3
09/23/2017 06:00:00 PM,3,2,1
09/03/2017 08:00:00 AM,5,1,4
09/16/2017 11:00:00 PM,1,1,0
09/23/2017 12:00:00 PM,4,2,2
09/08/2017 12:00:00 AM,0,0,0
09/15/2017 06:00:00 AM,8,0,8
09/14/2017 03:00:00 AM,0,0,0
09/03/2017 01:00:00 PM,11,7,4
09/10/2017 01:00:00 PM,7,5,2
09/16/2017 01:00:00 PM,10,5,5
09/23/2017 04:00:00 AM,0,0,0
09/23/2017 07:00:00 PM,1,1,0
09/30/2017 09:00:00 AM,10,7,3
09/24/2017 01:00:00 PM,4,2,2
09/25/2017 01:00:00 PM,7,3,4
09/25/2017 01:00:00 AM,0,0,0
09/17/2017 07:00:00 PM,0,0,0
09/24/2017 08:00:00 AM,4,0,4
09/20/2017 05:00:00 AM,3,1,2
09/21/2017 11:00:00 AM,2,0,2
09/25/2017 05:00:00 AM,1,0,1
09/17/2017 07:00:00 AM,1,0,1
09/11/2017 11:00:00 PM,0,0,0
09/04/2017 05:00:00 PM,6,4,2
09/12/2017 10:00:00 PM,1,1,0
09/19/2017 03:00:00 AM,0,0,0
09/06/2017 05:00:00 PM,22,22,0
09/13/2017 04:00:00 AM,1,0,1
09/12/2017 04:00:00 PM,18,16,2
09/11/2017 05:00:00 AM,0,0,0
09/15/2017 12:00:00 PM,3,1,2
09/10/2017 05:00:00 PM,5,5,0
09/06/2017 08:00:00 AM,20,1,19
09/11/2017 09:00:00 AM,14,0,14
09/03/2017 05:00:00 PM,6,4,2
09/01/2017 01:00:00 AM,0,0,0
09/28/2017 07:00:00 PM,11,11,0
09/16/2017 05:00:00 PM,8,5,3
09/06/2017 09:00:00 PM,2,2,0
09/22/2017 09:00:00 PM,0,0,0
09/04/2017 02:00:00 PM,13,7,6
09/20/2017 07:00:00 PM,9,6,3
09/12/2017 07:00:00 AM,27,1,26
09/10/2017 10:00:00 PM,1,0,1
09/02/2017 02:00:00 PM,7,5,2
09/07/2017 03:00:00 PM,12,9,3
09/02/2017 03:00:00 PM,9,4,5
09/09/2017 08:00:00 AM,4,2,2
09/28/2017 03:00:00 PM,10,6,4
09/09/2017 07:00:00 PM,4,2,2
09/29/2017 07:00:00 PM,8,7,1
09/26/2017 12:00:00 PM,2,2,0
09/27/2017 03:00:00 PM,8,7,1
09/30/2017 08:00:00 PM,3,3,0
09/10/2017 12:00:00 PM,16,10,6
09/07/2017 01:00:00 AM,0,0,0
09/29/2017 03:00:00 AM,0,0,0
09/01/2017 12:00:00 AM,2,2,0
09/15/2017 04:00:00 PM,19,17,2
09/03/2017 11:00:00 PM,3,3,0
09/09/2017 01:00:00 AM,2,2,0
09/08/2017 09:00:00 AM,15,3,12
09/13/2017 04:00:00 PM,24,22,2
09/12/2017 09:00:00 PM,1,1,0
09/27/2017 11:00:00 PM,4,4,0
09/12/2017 07:00:00 PM,9,9,0
09/26/2017 08:00:00 AM,39,1,38
09/23/2017 10:00:00 AM,6,4,2
09/22/2017 03:00:00 AM,0,0,0
09/14/2017 08:00:00 PM,3,2,1
09/29/2017 09:00:00 PM,0,0,0
09/27/2017 08:00:00 AM,42,1,41
09/13/2017 12:00:00 AM,0,0,0
09/27/2017 04:00:00 PM,25,21,4
09/04/2017 11:00:00 PM,0,0,0
09/18/2017 08:00:00 PM,1,1,0
09/01/2017 06:00:00 AM,5,0,5
09/21/2017 08:00:00 AM,34,1,33
09/08/2017 02:00:00 PM,9,6,3
09/18/2017 07:00:00 PM,6,4,2
09/26/2017 04:00:00 PM,23,18,5
09/07/2017 03:00:00 AM,0,0,0
09/15/2017 05:00:00 PM,29,26,3
09/10/2017 02:00:00 PM,11,2,9
09/23/2017 10:00:00 PM,2,2,0
09/11/2017 12:00:00 PM,6,2,4
09/21/2017 09:00:00 PM,1,1,0
09/18/2017 04:00:00 AM,0,0,0
09/01/2017 12:00:00 PM,12,6,6
09/13/2017 03:00:00 PM,7,2,5
09/13/2017 02:00:00 PM,8,5,3
09/08/2017 10:00:00 PM,1,1,0
09/21/2017 02:00:00 AM,0,0,0
09/03/2017 03:00:00 PM,8,1,7
09/20/2017 02:00:00 PM,7,5,2
09/08/2017 11:00:00 AM,8,4,4
09/23/2017 12:00:00 AM,0,0,0
09/28/2017 02:00:00 PM,6,3,3
09/17/2017 09:00:00 PM,2,1,1
09/16/2017 02:00:00 AM,0,0,0
09/06/2017 06:00:00 PM,29,28,1
09/08/2017 04:00:00 AM,0,0,0
09/29/2017 02:00:00 PM,3,2,1
09/27/2017 01:00:00 AM,1,1,0
09/29/2017 08:00:00 AM,28,2,26
09/20/2017 05:00:00 PM,32,30,2
09/11/2017 12:00:00 AM,1,1,0
09/26/2017 06:00:00 AM,11,0,11
09/03/2017 04:00:00 AM,0,0,0
09/24/2017 02:00:00 AM,0,0,0
09/30/2017 06:00:00 PM,4,3,1
09/29/2017 12:00:00 AM,2,2,0
09/27/2017 07:00:00 PM,10,9,1
09/26/2017 11:00:00 AM,11,2,9
09/05/2017 02:00:00 PM,6,1,5
09/27/2017 09:00:00 AM,27,2,25
09/15/2017 10:00:00 AM,12,2,10
09/01/2017 07:00:00 AM,21,1,20
09/13/2017 05:00:00 AM,3,0,3
09/30/2017 12:00:00 PM,10,7,3
09/22/2017 02:00:00 AM,1,1,0
09/23/2017 08:00:00 AM,6,2,4
09/06/2017 02:00:00 PM,8,6,2
09/24/2017 11:00:00 PM,0,0,0
09/13/2017 09:00:00 PM,1,1,0
09/12/2017 03:00:00 AM,0,0,0
09/02/2017 12:00:00 PM,11,8,3
09/12/2017 12:00:00 AM,0,0,0
09/28/2017 11:00:00 PM,1,0,1
09/01/2017 11:00:00 PM,2,1,1
09/09/2017 02:00:00 AM,0,0,0
09/19/2017 08:00:00 PM,2,2,0
09/23/2017 03:00:00 PM,13,7,6
09/11/2017 07:00:00 AM,26,0,26
09/07/2017 02:00:00 PM,11,9,2
09/15/2017 03:00:00 PM,15,10,5
09/16/2017 08:00:00 PM,1,0,1
09/05/2017 07:00:00 AM,20,4,16
09/19/2017 04:00:00 PM,12,8,4
09/15/2017 09:00:00 PM,1,1,0
09/01/2017 09:00:00 PM,2,1,1
09/28/2017 02:00:00 AM,0,0,0
09/24/2017 04:00:00 PM,14,9,5
09/17/2017 04:00:00 AM,0,0,0
09/16/2017 05:00:00 AM,0,0,0
09/14/2017 05:00:00 AM,4,0,4
09/05/2017 12:00:00 PM,4,1,3
09/09/2017 02:00:00 PM,4,2,2
09/06/2017 04:00:00 PM,12,10,2
09/23/2017 01:00:00 PM,17,7,10
09/26/2017 07:00:00 PM,9,8,1
09/11/2017 08:00:00 PM,5,5,0
09/11/2017 10:00:00 AM,7,0,7
09/18/2017 06:00:00 AM,8,0,8
09/24/2017 06:00:00 AM,0,0,0
09/16/2017 04:00:00 PM,14,6,8
09/01/2017 04:00:00 AM,0,0,0
09/17/2017 01:00:00 AM,0,0,0
09/29/2017 12:00:00 PM,3,2,1
09/12/2017 04:00:00 AM,0,0,0
09/29/2017 01:00:00 AM,0,0,0
09/22/2017 05:00:00 PM,31,31,0
09/16/2017 12:00:00 PM,10,4,6
09/19/2017 04:00:00 AM,0,0,0
09/25/2017 02:00:00 AM,0,0,0
09/02/2017 03:00:00 AM,0,0,0
09/08/2017 11:00:00 PM,1,1,0
09/20/2017 06:00:00 AM,9,1,8
09/09/2017 03:00:00 AM,0,0,0
09/27/2017 12:00:00 PM,7,5,2
09/19/2017 02:00:00 PM,2,2,0
09/03/2017 12:00:00 AM,1,1,0
09/30/2017 10:00:00 PM,0,0,0
09/22/2017 04:00:00 PM,17,13,4
09/07/2017 11:00:00 PM,2,1,1
09/01/2017 05:00:00 AM,1,0,1
09/30/2017 04:00:00 AM,2,2,0
09/27/2017 11:00:00 AM,4,0,4
09/19/2017 07:00:00 PM,9,9,0
09/10/2017 11:00:00 AM,4,2,2
09/06/2017 02:00:00 AM,0,0,0
09/18/2017 08:00:00 AM,14,1,13
09/18/2017 03:00:00 PM,12,9,3
09/01/2017 02:00:00 PM,11,7,4
09/14/2017 08:00:00 AM,36,1,35
09/04/2017 01:00:00 PM,5,1,4
09/25/2017 05:00:00 PM,32,31,1
09/20/2017 11:00:00 AM,6,2,4
09/02/2017 06:00:00 AM,3,0,3
09/26/2017 02:00:00 PM,10,4,6
10/25/2017 09:00:00 PM,2,2,0
10/08/2017 08:00:00 AM,1,0,1
10/31/2017 07:00:00 AM,16,0,16
10/21/2017 05:00:00 PM,7,7,0
10/14/2017 07:00:00 AM,2,1,1
10/17/2017 02:00:00 AM,0,0,0
10/03/2017 04:00:00 AM,0,0,0
10/15/2017 01:00:00 AM,0,0,0
10/06/2017 10:00:00 PM,1,1,0
10/03/2017 05:00:00 PM,47,43,4
10/26/2017 02:00:00 AM,0,0,0
10/12/2017 07:00:00 PM,7,7,0
10/17/2017 12:00:00 PM,6,1,5
10/17/2017 07:00:00 AM,16,1,15
10/29/2017 04:00:00 PM,13,9,4
10/07/2017 12:00:00 PM,3,2,1
10/06/2017 05:00:00 PM,36,35,1
10/26/2017 03:00:00 AM,0,0,0
10/09/2017 04:00:00 PM,22,20,2
10/03/2017 05:00:00 AM,4,0,4
10/04/2017 01:00:00 PM,7,3,4
10/07/2017 09:00:00 AM,2,1,1
10/17/2017 09:00:00 AM,14,1,13
10/06/2017 10:00:00 AM,10,3,7
10/14/2017 10:00:00 PM,0,0,0
10/17/2017 03:00:00 AM,0,0,0
10/19/2017 01:00:00 AM,2,2,0
10/01/2017 09:00:00 AM,4,1,3
10/28/2017 12:00:00 PM,9,3,6
10/15/2017 07:00:00 PM,3,2,1
10/24/2017 12:00:00 AM,0,0,0
10/28/2017 07:00:00 AM,0,0,0
10/29/2017 07:00:00 AM,1,0,1
10/23/2017 05:00:00 PM,42,39,3
10/06/2017 02:00:00 PM,5,4,1
10/27/2017 12:00:00 AM,0,0,0
10/07/2017 04:00:00 PM,6,4,2
10/03/2017 07:00:00 AM,20,1,19
10/01/2017 01:00:00 AM,0,0,0
10/08/2017 05:00:00 AM,0,0,0
10/25/2017 08:00:00 AM,31,2,29
10/20/2017 11:00:00 PM,1,1,0
10/31/2017 02:00:00 AM,0,0,0
10/27/2017 09:00:00 PM,1,1,0
10/01/2017 09:00:00 PM,0,0,0
10/25/2017 04:00:00 AM,0,0,0
10/14/2017 04:00:00 AM,0,0,0
10/09/2017 09:00:00 AM,20,0,20
10/16/2017 08:00:00 AM,30,0,30
10/08/2017 06:00:00 PM,6,5,1
10/24/2017 06:00:00 PM,28,28,0
10/11/2017 12:00:00 AM,2,2,0
10/20/2017 02:00:00 PM,8,5,3
10/18/2017 11:00:00 PM,1,1,0
10/13/2017 11:00:00 AM,3,2,1
10/19/2017 09:00:00 AM,8,0,8
10/28/2017 08:00:00 AM,1,1,0
10/02/2017 08:00:00 PM,7,7,0
10/13/2017 12:00:00 AM,1,1,0
10/12/2017 10:00:00 PM,0,0,0
10/12/2017 12:00:00 PM,4,0,4
10/15/2017 01:00:00 PM,10,7,3
10/09/2017 11:00:00 AM,17,3,14
10/06/2017 03:00:00 PM,8,6,2
10/14/2017 12:00:00 PM,8,7,1
10/04/2017 10:00:00 AM,12,3,9
10/29/2017 12:00:00 PM,4,4,0
10/01/2017 03:00:00 PM,14,7,7
10/20/2017 11:00:00 AM,6,5,1
10/26/2017 04:00:00 AM,0,0,0
10/16/2017 12:00:00 AM,0,0,0
10/14/2017 10:00:00 AM,9,4,5
10/09/2017 10:00:00 PM,4,4,0
10/13/2017 02:00:00 PM,6,4,2
10/12/2017 11:00:00 PM,0,0,0
10/01/2017 02:00:00 PM,12,5,7
10/22/2017 03:00:00 PM,4,4,0
10/25/2017 07:00:00 AM,20,0,20
10/10/2017 05:00:00 AM,4,0,4
10/22/2017 01:00:00 AM,0,0,0
10/28/2017 06:00:00 AM,2,0,2
10/24/2017 04:00:00 PM,19,14,5
10/02/2017 09:00:00 PM,2,1,1
10/20/2017 04:00:00 PM,11,10,1
10/06/2017 02:00:00 AM,0,0,0
10/27/2017 03:00:00 PM,12,10,2
10/01/2017 05:00:00 PM,7,6,1
10/06/2017 09:00:00 PM,1,1,0
10/09/2017 12:00:00 PM,5,2,3
10/20/2017 10:00:00 AM,4,2,2
10/25/2017 08:00:00 PM,0,0,0
10/10/2017 07:00:00 AM,21,1,20
10/01/2017 07:00:00 PM,5,5,0
10/30/2017 11:00:00 AM,5,1,4
10/06/2017 06:00:00 AM,13,0,13
10/21/2017 08:00:00 AM,1,0,1
10/18/2017 02:00:00 PM,3,3,0
10/02/2017 04:00:00 PM,21,20,1
10/27/2017 07:00:00 PM,9,9,0
10/16/2017 03:00:00 AM,0,0,0
10/31/2017 02:00:00 PM,12,7,5
10/03/2017 03:00:00 PM,15,9,6
10/29/2017 02:00:00 AM,0,0,0
10/06/2017 04:00:00 PM,18,12,6
10/11/2017 07:00:00 PM,7,4,3
10/20/2017 09:00:00 AM,4,1,3
10/17/2017 06:00:00 AM,10,1,9
10/18/2017 03:00:00 PM,8,6,2
10/31/2017 11:00:00 AM,7,0,7
10/27/2017 11:00:00 PM,0,0,0
10/20/2017 06:00:00 AM,4,0,4
10/16/2017 07:00:00 AM,24,1,23
10/18/2017 11:00:00 AM,0,0,0
10/01/2017 10:00:00 PM,1,1,0
10/30/2017 12:00:00 AM,0,0,0
10/30/2017 06:00:00 AM,10,0,10
10/31/2017 04:00:00 PM,28,25,3
10/24/2017 03:00:00 AM,1,1,0
10/25/2017 10:00:00 PM,0,0,0
10/17/2017 12:00:00 AM,1,1,0
10/10/2017 07:00:00 PM,10,9,1
10/09/2017 08:00:00 AM,31,1,30
10/24/2017 09:00:00 AM,14,0,14
10/11/2017 05:00:00 AM,5,0,5
10/10/2017 01:00:00 PM,4,2,2
10/22/2017 01:00:00 PM,12,6,6
10/17/2017 04:00:00 PM,9,7,2
10/19/2017 06:00:00 PM,13,13,0
10/16/2017 09:00:00 PM,3,3,0
10/27/2017 06:00:00 AM,10,1,9
10/28/2017 03:00:00 PM,12,7,5
10/25/2017 06:00:00 AM,11,0,11
10/02/2017 12:00:00 AM,0,0,0
10/19/2017 02:00:00 PM,4,3,1
10/30/2017 01:00:00 AM,0,0,0
10/31/2017 05:00:00 PM,32,31,1
10/31/2017 06:00:00 AM,10,0,10
10/02/2017 09:00:00 AM,17,1,16
10/14/2017 01:00:00 AM,0,0,0
10/21/2017 11:00:00 AM,1,0,1
10/11/2017 09:00:00 AM,13,0,13
10/07/2017 02:00:00 PM,2,1,1
10/08/2017 07:00:00 PM,0,0,0
10/28/2017 08:00:00 PM,0,0,0
10/31/2017 12:00:00 AM,1,1,0
10/18/2017 12:00:00 PM,1,1,0
10/02/2017 05:00:00 AM,1,0,1
10/02/2017 11:00:00 AM,5,0,5
10/14/2017 08:00:00 AM,2,0,2
10/30/2017 12:00:00 PM,6,1,5
10/04/2017 08:00:00 PM,2,2,0
10/22/2017 04:00:00 AM,0,0,0
10/27/2017 10:00:00 PM,1,1,0
10/04/2017 09:00:00 PM,1,1,0
10/31/2017 04:00:00 AM,0,0,0
10/21/2017 03:00:00 AM,0,0,0
10/04/2017 12:00:00 AM,2,2,0
10/29/2017 09:00:00 PM,0,0,0
10/08/2017 07:00:00 AM,2,1,1
10/26/2017 07:00:00 PM,6,6,0
10/18/2017 02:00:00 AM,0,0,0
10/05/2017 04:00:00 PM,13,12,1
10/20/2017 03:00:00 AM,1,0,1
10/07/2017 08:00:00 AM,4,1,3
10/09/2017 06:00:00 AM,7,1,6
10/27/2017 08:00:00 AM,29,2,27
10/03/2017 04:00:00 PM,21,18,3
10/16/2017 12:00:00 PM,5,1,4
10/26/2017 02:00:00 PM,4,3,1
10/22/2017 02:00:00 PM,10,8,2
10/18/2017 07:00:00 PM,6,5,1
10/27/2017 12:00:00 PM,7,2,5
10/02/2017 06:00:00 PM,45,43,2
10/14/2017 06:00:00 AM,0,0,0
10/24/2017 10:00:00 PM,2,2,0
10/30/2017 08:00:00 AM,37,2,35
10/14/2017 06:00:00 PM,3,2,1
10/07/2017 11:00:00 AM,4,2,2
10/15/2017 12:00:00 PM,10,4,6
10/26/2017 10:00:00 AM,12,3,9
10/23/2017 01:00:00 PM,8,2,6
10/31/2017 08:00:00 PM,3,3,0
10/01/2017 01:00:00 PM,9,6,3
10/20/2017 12:00:00 AM,0,0,0
10/07/2017 08:00:00 PM,1,0,1
10/04/2017 07:00:00 PM,12,10,2
10/17/2017 03:00:00 PM,11,7,4
10/21/2017 10:00:00 AM,3,1,2
10/23/2017 06:00:00 PM,20,19,1
10/12/2017 06:00:00 AM,5,0,5
10/14/2017 04:00:00 PM,6,5,1
10/08/2017 02:00:00 AM,0,0,0
10/03/2017 12:00:00 AM,0,0,0
10/17/2017 10:00:00 AM,8,1,7
10/23/2017 09:00:00 PM,4,4,0
10/05/2017 08:00:00 AM,34,0,34
10/17/2017 01:00:00 AM,0,0,0
10/28/2017 02:00:00 AM,0,0,0
10/23/2017 10:00:00 AM,12,3,9
10/12/2017 10:00:00 AM,9,2,7
10/12/2017 02:00:00 PM,8,6,2
10/04/2017 11:00:00 PM,2,2,0
10/17/2017 02:00:00 PM,3,2,1
10/07/2017 07:00:00 AM,2,0,2
10/30/2017 04:00:00 PM,13,12,1
10/16/2017 07:00:00 PM,6,6,0
10/01/2017 06:00:00 PM,4,4,0
10/10/2017 04:00:00 PM,15,15,0
10/07/2017 01:00:00 PM,2,1,1
10/25/2017 01:00:00 PM,5,2,3
10/05/2017 01:00:00 AM,0,0,0
10/15/2017 04:00:00 AM,0,0,0
10/07/2017 07:00:00 PM,2,2,0
10/31/2017 01:00:00 PM,8,6,2
10/01/2017 10:00:00 AM,7,4,3
10/06/2017 06:00:00 PM,23,22,1
10/01/2017 11:00:00 PM,4,3,1
10/29/2017 06:00:00 AM,1,0,1
10/14/2017 03:00:00 AM,0,0,0
10/03/2017 06:00:00 AM,12,1,11
10/09/2017 02:00:00 PM,8,5,3
10/23/2017 10:00:00 PM,1,1,0
10/19/2017 10:00:00 PM,2,2,0
10/22/2017 10:00:00 AM,5,3,2
10/27/2017 04:00:00 AM,1,1,0
10/21/2017 02:00:00 AM,0,0,0
10/13/2017 01:00:00 PM,4,2,2
10/05/2017 09:00:00 AM,24,1,23
10/25/2017 05:00:00 PM,33,32,1
10/06/2017 03:00:00 AM,0,0,0
10/12/2017 08:00:00 PM,3,3,0
10/13/2017 07:00:00 AM,13,2,11
10/18/2017 09:00:00 PM,2,2,0
10/10/2017 06:00:00 AM,8,0,8
10/27/2017 09:00:00 AM,19,2,17
10/08/2017 10:00:00 PM,0,0,0
10/30/2017 11:00:00 PM,0,0,0
10/23/2017 07:00:00 AM,17,0,17
10/22/2017 07:00:00 PM,0,0,0
10/01/2017 03:00:00 AM,0,0,0
10/07/2017 11:00:00 PM,1,1,0
10/16/2017 04:00:00 AM,0,0,0
10/14/2017 07:00:00 PM,0,0,0
10/10/2017 11:00:00 PM,0,0,0
10/14/2017 02:00:00 AM,0,0,0
10/29/2017 01:00:00 PM,4,2,2
10/10/2017 12:00:00 PM,4,3,1
10/27/2017 07:00:00 AM,16,1,15
10/20/2017 05:00:00 PM,19,18,1
10/10/2017 12:00:00 AM,0,0,0
10/23/2017 04:00:00 PM,21,18,3
10/06/2017 08:00:00 AM,28,2,26
10/10/2017 02:00:00 AM,0,0,0
10/12/2017 11:00:00 AM,9,3,6
10/30/2017 10:00:00 AM,11,2,9
10/05/2017 12:00:00 PM,10,7,3
10/26/2017 03:00:00 PM,9,6,3
10/08/2017 11:00:00 AM,7,2,5
10/31/2017 08:00:00 AM,30,0,30
10/30/2017 02:00:00 PM,10,5,5
10/21/2017 10:00:00 PM,1,1,0
10/12/2017 12:00:00 AM,0,0,0
10/17/2017 07:00:00 PM,8,7,1
10/20/2017 08:00:00 AM,16,2,14
10/15/2017 05:00:00 PM,11,8,3
10/25/2017 12:00:00 AM,1,1,0
10/12/2017 09:00:00 PM,4,4,0
10/06/2017 12:00:00 AM,0,0,0
10/19/2017 10:00:00 AM,3,1,2
10/07/2017 06:00:00 PM,2,2,0
10/24/2017 09:00:00 PM,3,3,0
10/23/2017 11:00:00 AM,11,1,10
10/22/2017 05:00:00 PM,8,6,2
10/26/2017 06:00:00 PM,28,27,1
10/13/2017 08:00:00 PM,1,1,0
10/18/2017 04:00:00 AM,0,0,0
10/26/2017 11:00:00 PM,0,0,0
10/31/2017 03:00:00 AM,0,0,0
10/21/2017 07:00:00 PM,1,0,1
10/21/2017 04:00:00 AM,0,0,0
10/15/2017 05:00:00 AM,0,0,0
10/31/2017 10:00:00 AM,11,1,10
10/12/2017 07:00:00 AM,20,1,19
10/22/2017 02:00:00 AM,1,1,0
10/25/2017 05:00:00 AM,3,0,3
10/09/2017 10:00:00 AM,11,3,8
10/14/2017 05:00:00 AM,1,0,1
10/14/2017 03:00:00 PM,7,6,1
10/29/2017 03:00:00 PM,8,4,4
10/31/2017 10:00:00 PM,2,2,0
10/11/2017 01:00:00 PM,3,3,0
10/05/2017 08:00:00 PM,3,3,0
10/15/2017 11:00:00 AM,16,5,11
10/13/2017 12:00:00 PM,7,3,4
10/24/2017 12:00:00 PM,8,2,6
10/25/2017 12:00:00 PM,6,5,1
10/23/2017 04:00:00 AM,0,0,0
10/30/2017 05:00:00 AM,3,0,3
10/09/2017 07:00:00 PM,12,12,0
10/11/2017 05:00:00 PM,22,22,0
10/17/2017 05:00:00 PM,27,23,4
10/21/2017 12:00:00 PM,4,1,3
10/11/2017 12:00:00 PM,2,1,1
10/15/2017 07:00:00 AM,3,0,3
10/24/2017 11:00:00 PM,1,0,1
10/15/2017 06:00:00 PM,9,9,0
10/21/2017 12:00:00 AM,1,1,0
10/15/2017 10:00:00 PM,0,0,0
10/21/2017 09:00:00 PM,0,0,0
10/12/2017 08:00:00 AM,20,1,19
10/16/2017 05:00:00 PM,43,40,3
10/24/2017 05:00:00 PM,45,45,0
10/21/2017 07:00:00 AM,0,0,0
10/28/2017 09:00:00 AM,7,2,5
10/27/2017 06:00:00 PM,28,27,1
10/04/2017 07:00:00 AM,16,1,15
10/27/2017 01:00:00 PM,12,5,7
10/05/2017 10:00:00 PM,1,1,0
10/11/2017 11:00:00 AM,4,1,3
10/30/2017 07:00:00 AM,25,3,22
10/16/2017 02:00:00 AM,0,0,0
10/16/2017 08:00:00 PM,3,2,1
10/02/2017 10:00:00 AM,12,3,9
10/29/2017 02:00:00 PM,8,3,5
10/09/2017 07:00:00 AM,27,1,26
10/31/2017 07:00:00 PM,8,8,0
10/20/2017 07:00:00 AM,6,0,6
10/11/2017 08:00:00 PM,3,1,2
10/11/2017 06:00:00 PM,36,34,2
10/15/2017 06:00:00 AM,0,0,0
10/03/2017 08:00:00 PM,2,2,0
10/05/2017 11:00:00 PM,1,1,0
10/04/2017 11:00:00 AM,6,3,3
10/11/2017 03:00:00 PM,10,9,1
10/07/2017 02:00:00 AM,0,0,0
10/05/2017 06:00:00 AM,8,0,8
10/04/2017 04:00:00 PM,14,12,2
10/07/2017 01:00:00 AM,1,1,0
10/30/2017 06:00:00 PM,25,25,0
10/13/2017 06:00:00 PM,15,15,0
10/14/2017 12:00:00 AM,0,0,0
10/19/2017 11:00:00 PM,0,0,0
10/24/2017 08:00:00 AM,36,1,35
10/04/2017 02:00:00 AM,0,0,0
10/17/2017 06:00:00 PM,28,27,1
10/04/2017 06:00:00 PM,32,30,2
10/08/2017 05:00:00 PM,8,6,2
10/04/2017 03:00:00 PM,12,9,3
10/07/2017 06:00:00 AM,0,0,0
10/07/2017 09:00:00 PM,1,1,0
10/25/2017 02:00:00 PM,9,3,6
10/13/2017 09:00:00 PM,5,4,1
10/12/2017 05:00:00 AM,2,0,2
10/19/2017 04:00:00 AM,0,0,0
10/15/2017 02:00:00 PM,12,5,7
10/13/2017 05:00:00 PM,22,20,2
10/30/2017 04:00:00 AM,0,0,0
10/31/2017 09:00:00 PM,1,1,0
10/17/2017 10:00:00 PM,3,3,0
10/19/2017 11:00:00 AM,4,1,3
10/26/2017 08:00:00 PM,3,1,2
10/26/2017 11:00:00 AM,6,2,4
10/16/2017 11:00:00 AM,8,2,6
10/16/2017 01:00:00 AM,0,0,0
10/25/2017 11:00:00 AM,5,1,4
10/19/2017 06:00:00 AM,3,0,3
10/04/2017 03:00:00 AM,0,0,0
10/11/2017 03:00:00 AM,0,0,0
10/07/2017 04:00:00 AM,0,0,0
10/02/2017 01:00:00 PM,3,3,0
10/21/2017 08:00:00 PM,0,0,0
10/08/2017 04:00:00 AM,0,0,0
10/11/2017 11:00:00 PM,1,1,0
10/13/2017 07:00:00 PM,3,3,0
10/13/2017 10:00:00 AM,9,3,6
10/10/2017 11:00:00 AM,4,1,3
10/30/2017 10:00:00 PM,2,2,0
10/16/2017 04:00:00 PM,22,22,0
10/03/2017 08:00:00 AM,38,1,37
10/13/2017 02:00:00 AM,0,0,0
10/01/2017 06:00:00 AM,1,0,1
10/22/2017 11:00:00 PM,0,0,0
10/23/2017 08:00:00 AM,33,2,31
10/12/2017 01:00:00 PM,2,1,1
10/21/2017 05:00:00 AM,0,0,0
10/18/2017 06:00:00 PM,16,16,0
10/03/2017 02:00:00 AM,0,0,0
10/15/2017 08:00:00 PM,2,1,1
10/05/2017 03:00:00 AM,0,0,0
10/09/2017 06:00:00 PM,29,29,0
10/23/2017 03:00:00 PM,13,11,2
10/12/2017 09:00:00 AM,12,0,12
10/29/2017 09:00:00 AM,4,0,4
10/31/2017 06:00:00 PM,14,13,1
10/24/2017 07:00:00 AM,18,1,17
10/01/2017 08:00:00 AM,2,1,1
10/23/2017 07:00:00 PM,7,7,0
10/04/2017 10:00:00 PM,1,0,1
10/06/2017 12:00:00 PM,4,2,2
10/04/2017 12:00:00 PM,8,4,4
10/20/2017 06:00:00 PM,15,15,0
10/22/2017 11:00:00 AM,4,2,2
10/07/2017 12:00:00 AM,0,0,0
10/22/2017 06:00:00 AM,2,0,2
10/20/2017 07:00:00 PM,3,3,0
10/13/2017 01:00:00 AM,0,0,0
10/03/2017 03:00:00 AM,0,0,0
10/03/2017 07:00:00 PM,16,13,3
10/18/2017 05:00:00 AM,2,0,2
10/19/2017 02:00:00 AM,0,0,0
10/04/2017 08:00:00 AM,38,3,35
10/25/2017 09:00:00 AM,16,0,16
10/10/2017 02:00:00 PM,8,6,2
10/13/2017 04:00:00 PM,16,15,1
10/23/2017 12:00:00 AM,0,0,0
10/20/2017 09:00:00 PM,3,3,0
10/05/2017 02:00:00 PM,7,2,5
10/26/2017 05:00:00 AM,4,0,4
10/16/2017 11:00:00 PM,0,0,0
10/02/2017 06:00:00 AM,7,1,6
10/16/2017 05:00:00 AM,4,0,4
10/19/2017 07:00:00 AM,8,1,7
10/23/2017 05:00:00 AM,3,0,3
10/28/2017 04:00:00 AM,0,0,0
10/28/2017 06:00:00 PM,3,3,0
10/02/2017 03:00:00 PM,9,8,1
10/26/2017 08:00:00 AM,26,2,24
10/24/2017 03:00:00 PM,19,13,6
10/05/2017 03:00:00 PM,8,7,1
10/04/2017 01:00:00 AM,1,1,0
10/02/2017 12:00:00 PM,4,1,3
10/16/2017 10:00:00 PM,3,3,0
10/11/2017 08:00:00 AM,20,1,19
10/23/2017 02:00:00 PM,10,5,5
10/30/2017 07:00:00 PM,6,5,1
10/19/2017 03:00:00 PM,8,7,1
10/31/2017 12:00:00 PM,5,3,2
10/17/2017 08:00:00 PM,4,4,0
10/16/2017 06:00:00 PM,35,34,1
10/09/2017 05:00:00 PM,32,30,2
10/15/2017 09:00:00 PM,0,0,0
10/07/2017 05:00:00 PM,6,4,2
10/24/2017 01:00:00 PM,4,3,1
10/18/2017 08:00:00 AM,23,3,20
10/06/2017 04:00:00 AM,0,0,0
10/26/2017 12:00:00 PM,11,3,8
10/03/2017 09:00:00 PM,3,3,0
10/29/2017 05:00:00 AM,0,0,0
10/27/2017 01:00:00 AM,0,0,0
10/19/2017 08:00:00 AM,10,0,10
10/08/2017 03:00:00 PM,10,7,3
10/10/2017 10:00:00 PM,2,2,0
10/24/2017 04:00:00 AM,0,0,0
10/30/2017 03:00:00 AM,0,0,0
10/11/2017 02:00:00 PM,4,3,1
10/05/2017 10:00:00 AM,17,2,15
10/15/2017 04:00:00 PM,15,10,5
10/22/2017 05:00:00 AM,0,0,0
10/29/2017 01:00:00 AM,0,0,0
10/29/2017 11:00:00 PM,0,0,0
10/07/2017 10:00:00 AM,3,3,0
10/09/2017 01:00:00 PM,5,4,1
10/24/2017 01:00:00 AM,0,0,0
10/18/2017 03:00:00 AM,0,0,0
10/26/2017 09:00:00 AM,15,1,14
10/25/2017 07:00:00 PM,12,11,1
10/28/2017 11:00:00 PM,1,1,0
10/29/2017 10:00:00 AM,6,1,5
10/06/2017 05:00:00 AM,3,0,3
10/04/2017 05:00:00 AM,4,0,4
10/25/2017 10:00:00 AM,6,0,6
10/09/2017 05:00:00 AM,2,0,2
10/27/2017 05:00:00 PM,28,26,2
10/23/2017 11:00:00 PM,0,0,0
10/08/2017 09:00:00 AM,6,4,2
10/09/2017 08:00:00 PM,5,5,0
10/27/2017 04:00:00 PM,23,19,4
10/07/2017 03:00:00 AM,0,0,0
10/19/2017 05:00:00 PM,26,25,1
10/02/2017 03:00:00 AM,0,0,0
10/18/2017 07:00:00 AM,18,2,16
10/19/2017 12:00:00 PM,3,2,1
10/19/2017 01:00:00 PM,4,2,2
10/06/2017 09:00:00 AM,18,0,18
10/30/2017 03:00:00 PM,14,11,3
10/14/2017 11:00:00 AM,2,1,1
10/10/2017 04:00:00 AM,0,0,0
10/03/2017 10:00:00 PM,3,3,0
10/04/2017 04:00:00 AM,0,0,0
10/20/2017 03:00:00 PM,10,8,2
10/16/2017 09:00:00 AM,19,1,18
10/11/2017 07:00:00 AM,14,0,14
10/03/2017 11:00:00 PM,0,0,0
10/19/2017 07:00:00 PM,8,7,1
10/25/2017 11:00:00 PM,1,1,0
10/30/2017 09:00:00 AM,16,2,14
10/24/2017 08:00:00 PM,3,3,0
10/27/2017 10:00:00 AM,13,2,11
10/28/2017 10:00:00 PM,1,1,0
10/24/2017 06:00:00 AM,12,0,12
10/21/2017 01:00:00 PM,5,3,2
10/04/2017 09:00:00 AM,17,1,16
10/13/2017 09:00:00 AM,13,0,13
10/08/2017 12:00:00 AM,3,3,0
10/13/2017 10:00:00 PM,2,2,0
10/22/2017 08:00:00 AM,0,0,0
10/10/2017 03:00:00 PM,11,9,2
10/27/2017 02:00:00 AM,0,0,0
10/26/2017 01:00:00 PM,10,7,3
10/03/2017 01:00:00 AM,1,1,0
10/12/2017 02:00:00 AM,0,0,0
10/08/2017 09:00:00 PM,0,0,0
10/11/2017 10:00:00 AM,7,1,6
10/29/2017 03:00:00 AM,0,0,0
10/15/2017 12:00:00 AM,0,0,0
10/18/2017 01:00:00 AM,1,1,0
10/07/2017 10:00:00 PM,1,1,0
10/20/2017 01:00:00 PM,6,4,2
10/15/2017 09:00:00 AM,4,1,3
10/18/2017 09:00:00 AM,18,1,17
10/02/2017 11:00:00 PM,1,1,0
10/08/2017 03:00:00 AM,0,0,0
10/30/2017 05:00:00 PM,47,46,1
10/22/2017 06:00:00 PM,1,1,0
10/06/2017 08:00:00 PM,0,0,0
10/28/2017 05:00:00 PM,12,9,3
10/19/2017 05:00:00 AM,0,0,0
10/21/2017 09:00:00 AM,9,4,5
10/05/2017 06:00:00 PM,31,30,1
10/13/2017 03:00:00 AM,0,0,0
10/31/2017 11:00:00 PM,0,0,0
10/10/2017 01:00:00 AM,2,2,0
10/08/2017 12:00:00 PM,9,3,6
10/28/2017 03:00:00 AM,0,0,0
10/25/2017 03:00:00 PM,9,7,2
10/05/2017 02:00:00 AM,1,1,0
10/10/2017 03:00:00 AM,0,0,0
10/28/2017 02:00:00 PM,9,4,5
10/24/2017 11:00:00 AM,8,3,5
10/10/2017 08:00:00 AM,33,0,33
10/01/2017 12:00:00 AM,1,1,0
10/18/2017 06:00:00 AM,10,0,10
10/19/2017 08:00:00 PM,4,3,1
10/28/2017 05:00:00 AM,0,0,0
10/16/2017 06:00:00 AM,9,0,9
10/22/2017 03:00:00 AM,0,0,0
10/09/2017 02:00:00 AM,0,0,0
10/12/2017 06:00:00 PM,27,26,1
10/29/2017 07:00:00 PM,2,1,1
10/02/2017 07:00:00 PM,9,7,2
10/14/2017 09:00:00 PM,1,1,0
10/28/2017 12:00:00 AM,2,2,0
10/06/2017 07:00:00 AM,11,0,11
10/25/2017 06:00:00 PM,25,23,2
10/19/2017 12:00:00 AM,0,0,0
10/12/2017 03:00:00 AM,0,0,0
10/07/2017 03:00:00 PM,6,2,4
10/09/2017 12:00:00 AM,1,1,0
10/07/2017 05:00:00 AM,0,0,0
10/13/2017 08:00:00 AM,18,0,18
10/15/2017 08:00:00 AM,4,0,4
10/20/2017 08:00:00 PM,3,2,1
10/14/2017 08:00:00 PM,2,2,0
10/23/2017 12:00:00 PM,9,5,4
10/18/2017 10:00:00 PM,0,0,0
10/15/2017 02:00:00 AM,0,0,0
10/19/2017 03:00:00 AM,0,0,0
10/21/2017 02:00:00 PM,1,1,0
10/22/2017 08:00:00 PM,0,0,0
10/18/2017 05:00:00 PM,28,26,2
10/03/2017 12:00:00 PM,7,3,4
10/17/2017 11:00:00 PM,0,0,0
10/05/2017 09:00:00 PM,2,2,0
10/30/2017 08:00:00 PM,4,3,1
10/22/2017 09:00:00 AM,4,2,2
10/06/2017 11:00:00 AM,4,3,1
10/03/2017 09:00:00 AM,16,2,14
10/13/2017 06:00:00 AM,8,0,8
10/16/2017 10:00:00 AM,7,0,7
10/30/2017 01:00:00 PM,8,4,4
10/16/2017 02:00:00 PM,8,5,3
10/05/2017 11:00:00 AM,6,1,5
10/18/2017 08:00:00 PM,3,3,0
10/08/2017 04:00:00 PM,11,6,5
10/05/2017 12:00:00 AM,0,0,0
10/30/2017 09:00:00 PM,3,3,0
10/11/2017 01:00:00 AM,0,0,0
10/09/2017 09:00:00 PM,2,2,0
10/08/2017 02:00:00 PM,17,12,5
10/23/2017 03:00:00 AM,0,0,0
10/21/2017 03:00:00 PM,5,3,2
10/26/2017 10:00:00 PM,1,1,0
10/23/2017 06:00:00 AM,9,0,9
10/23/2017 08:00:00 PM,3,3,0
10/12/2017 04:00:00 AM,0,0,0
10/02/2017 01:00:00 AM,0,0,0
10/05/2017 04:00:00 AM,0,0,0
10/17/2017 11:00:00 AM,3,1,2
10/14/2017 01:00:00 PM,5,2,3
10/08/2017 01:00:00 AM,1,0,1
10/26/2017 04:00:00 PM,19,14,5
10/26/2017 12:00:00 AM,2,2,0
10/27/2017 11:00:00 AM,8,3,5
10/01/2017 12:00:00 PM,11,3,8
10/29/2017 04:00:00 AM,0,0,0
10/21/2017 06:00:00 PM,0,0,0
10/22/2017 12:00:00 PM,12,6,6
10/10/2017 05:00:00 PM,30,25,5
10/31/2017 09:00:00 AM,10,2,8
10/12/2017 04:00:00 PM,13,12,1
10/10/2017 09:00:00 PM,1,1,0
10/28/2017 09:00:00 PM,0,0,0
10/13/2017 11:00:00 PM,2,2,0
10/25/2017 03:00:00 AM,0,0,0
10/22/2017 07:00:00 AM,3,0,3
10/21/2017 04:00:00 PM,2,2,0
10/10/2017 06:00:00 PM,31,31,0
10/31/2017 01:00:00 AM,1,1,0
10/20/2017 01:00:00 AM,1,1,0
10/22/2017 12:00:00 AM,0,0,0
10/11/2017 04:00:00 AM,0,0,0
10/13/2017 03:00:00 PM,10,10,0
10/29/2017 06:00:00 PM,2,1,1
10/24/2017 02:00:00 AM,0,0,0
10/17/2017 09:00:00 PM,4,4,0
10/28/2017 01:00:00 AM,1,1,0
10/08/2017 06:00:00 AM,1,0,1
10/29/2017 05:00:00 PM,5,5,0
10/09/2017 03:00:00 AM,0,0,0
10/14/2017 05:00:00 PM,0,0,0
10/09/2017 11:00:00 PM,0,0,0
10/02/2017 07:00:00 AM,22,0,22
10/18/2017 12:00:00 AM,0,0,0
10/23/2017 01:00:00 AM,0,0,0
10/17/2017 04:00:00 AM,0,0,0
10/13/2017 04:00:00 AM,1,0,1
10/31/2017 03:00:00 PM,12,10,2
10/10/2017 08:00:00 PM,2,2,0
10/25/2017 01:00:00 AM,0,0,0
10/02/2017 05:00:00 PM,38,36,2
10/23/2017 02:00:00 AM,0,0,0
10/06/2017 07:00:00 PM,3,3,0
10/17/2017 05:00:00 AM,2,0,2
10/04/2017 05:00:00 PM,38,34,4
10/20/2017 04:00:00 AM,0,0,0
10/26/2017 09:00:00 PM,3,3,0
10/13/2017 05:00:00 AM,3,0,3
10/02/2017 10:00:00 PM,4,4,0
10/01/2017 08:00:00 PM,2,2,0
10/15/2017 10:00:00 AM,6,4,2
10/14/2017 09:00:00 AM,11,2,9
10/06/2017 11:00:00 PM,1,1,0
10/25/2017 02:00:00 AM,0,0,0
10/29/2017 11:00:00 AM,3,2,1
10/26/2017 01:00:00 AM,0,0,0
10/30/2017 02:00:00 AM,0,0,0
10/27/2017 05:00:00 AM,3,0,3
10/02/2017 02:00:00 PM,8,2,6
10/08/2017 10:00:00 AM,10,4,6
10/27/2017 08:00:00 PM,5,5,0
10/11/2017 04:00:00 PM,12,9,3
10/18/2017 01:00:00 PM,7,6,1
10/15/2017 11:00:00 PM,0,0,0
10/26/2017 07:00:00 AM,21,2,19
10/20/2017 05:00:00 AM,0,0,0
10/03/2017 06:00:00 PM,37,35,2
10/09/2017 03:00:00 PM,16,13,3
10/20/2017 10:00:00 PM,1,1,0
10/01/2017 07:00:00 AM,2,1,1
10/29/2017 08:00:00 PM,0,0,0
10/01/2017 11:00:00 AM,6,4,2
10/14/2017 11:00:00 PM,1,1,0
10/26/2017 06:00:00 AM,5,0,5
10/10/2017 10:00:00 AM,11,1,10
10/17/2017 01:00:00 PM,3,2,1
10/04/2017 02:00:00 PM,9,7,2
10/14/2017 02:00:00 PM,8,2,6
10/29/2017 12:00:00 AM,0,0,0
10/29/2017 10:00:00 PM,0,0,0
10/11/2017 06:00:00 AM,10,0,10
10/15/2017 03:00:00 AM,0,0,0
10/04/2017 06:00:00 AM,12,1,11
10/08/2017 08:00:00 PM,0,0,0
10/28/2017 11:00:00 AM,10,6,4
10/24/2017 07:00:00 PM,8,8,0
10/23/2017 09:00:00 AM,11,0,11
10/12/2017 01:00:00 AM,0,0,0
10/10/2017 09:00:00 AM,8,1,7
10/08/2017 11:00:00 PM,1,1,0
10/28/2017 10:00:00 AM,12,6,6
10/02/2017 08:00:00 AM,36,2,34
10/28/2017 04:00:00 PM,22,17,5
10/01/2017 04:00:00 PM,18,9,9
10/21/2017 11:00:00 PM,0,0,0
10/08/2017 01:00:00 PM,9,4,5
10/05/2017 07:00:00 AM,26,1,25
10/28/2017 07:00:00 PM,1,0,1
10/27/2017 02:00:00 PM,12,8,4
10/03/2017 11:00:00 AM,14,5,9
10/29/2017 08:00:00 AM,2,0,2
10/01/2017 04:00:00 AM,0,0,0
10/11/2017 10:00:00 PM,0,0,0
10/06/2017 01:00:00 PM,8,8,0
10/22/2017 04:00:00 PM,4,1,3
10/20/2017 02:00:00 AM,0,0,0
10/05/2017 05:00:00 AM,3,0,3
10/02/2017 02:00:00 AM,0,0,0
10/19/2017 04:00:00 PM,11,10,1
10/11/2017 02:00:00 AM,0,0,0
10/03/2017 10:00:00 AM,13,2,11
10/12/2017 05:00:00 PM,33,28,5
10/31/2017 05:00:00 AM,4,0,4
10/09/2017 04:00:00 AM,0,0,0
10/24/2017 10:00:00 AM,12,1,11
10/22/2017 10:00:00 PM,1,1,0
10/24/2017 05:00:00 AM,3,0,3
10/01/2017 05:00:00 AM,2,0,2
10/02/2017 04:00:00 AM,0,0,0
10/21/2017 06:00:00 AM,1,0,1
10/05/2017 05:00:00 PM,36,33,3
10/01/2017 02:00:00 AM,0,0,0
10/16/2017 01:00:00 PM,8,5,3
10/12/2017 03:00:00 PM,10,8,2
10/17/2017 08:00:00 AM,27,1,26
10/03/2017 01:00:00 PM,7,2,5
10/24/2017 02:00:00 PM,10,7,3
10/26/2017 05:00:00 PM,31,28,3
10/18/2017 04:00:00 PM,15,14,1
10/05/2017 07:00:00 PM,9,9,0
10/21/2017 01:00:00 AM,0,0,0
10/03/2017 02:00:00 PM,10,5,5
10/25/2017 04:00:00 PM,19,18,1
10/22/2017 09:00:00 PM,1,1,0
10/05/2017 01:00:00 PM,10,6,4
10/28/2017 01:00:00 PM,3,2,1
10/15/2017 03:00:00 PM,18,12,6
10/20/2017 12:00:00 PM,3,1,2
10/06/2017 01:00:00 AM,0,0,0
10/16/2017 03:00:00 PM,8,6,2
10/18/2017 10:00:00 AM,8,0,8
10/19/2017 09:00:00 PM,1,1,0
10/27/2017 03:00:00 AM,0,0,0
10/09/2017 01:00:00 AM,0,0,0
10/11/2017 09:00:00 PM,2,2,0
11/17/2017 12:00:00 PM,1,1,0
11/15/2017 05:00:00 PM,24,24,0
11/22/2017 10:00:00 AM,8,3,5
11/13/2017 05:00:00 PM,25,25,0
11/25/2017 11:00:00 PM,2,2,0
11/27/2017 10:00:00 AM,8,1,7
11/01/2017 05:00:00 AM,6,0,6
11/13/2017 12:00:00 PM,3,1,2
11/28/2017 02:00:00 AM,0,0,0
11/24/2017 07:00:00 PM,1,1,0
11/22/2017 09:00:00 PM,1,0,1
11/18/2017 01:00:00 PM,10,4,6
11/28/2017 06:00:00 AM,10,0,10
11/15/2017 06:00:00 PM,21,20,1
11/30/2017 06:00:00 AM,1,0,1
11/07/2017 12:00:00 PM,4,2,2
11/20/2017 05:00:00 AM,0,0,0
11/22/2017 05:00:00 PM,14,14,0
11/03/2017 12:00:00 AM,2,2,0
11/19/2017 12:00:00 PM,4,3,1
11/28/2017 12:00:00 AM,2,2,0
11/02/2017 01:00:00 AM,2,2,0
11/13/2017 08:00:00 AM,20,1,19
11/14/2017 06:00:00 PM,24,24,0
11/19/2017 01:00:00 AM,0,0,0
11/26/2017 10:00:00 AM,1,1,0
11/26/2017 12:00:00 AM,0,0,0
11/16/2017 11:00:00 AM,1,0,1
11/15/2017 01:00:00 AM,0,0,0
11/07/2017 01:00:00 PM,8,4,4
11/24/2017 09:00:00 AM,10,1,9
11/04/2017 04:00:00 AM,0,0,0
11/03/2017 04:00:00 PM,8,8,0
11/08/2017 06:00:00 AM,7,1,6
11/06/2017 08:00:00 AM,23,3,20
11/19/2017 08:00:00 AM,3,2,1
11/19/2017 09:00:00 PM,0,0,0
11/03/2017 08:00:00 AM,15,0,15
11/03/2017 01:00:00 AM,0,0,0
11/15/2017 11:00:00 PM,1,1,0
11/17/2017 02:00:00 AM,0,0,0
11/16/2017 07:00:00 PM,5,5,0
11/22/2017 12:00:00 AM,0,0,0
11/12/2017 05:00:00 AM,1,0,1
11/18/2017 06:00:00 PM,2,2,0
11/27/2017 02:00:00 PM,4,3,1
11/02/2017 09:00:00 PM,1,1,0
11/06/2017 04:00:00 PM,12,12,0
11/06/2017 09:00:00 PM,1,1,0
11/22/2017 11:00:00 PM,0,0,0
11/09/2017 07:00:00 AM,11,1,10
11/19/2017 02:00:00 PM,4,4,0
11/30/2017 09:00:00 PM,3,3,0
11/16/2017 03:00:00 PM,7,6,1
11/07/2017 07:00:00 AM,20,0,20
11/30/2017 01:00:00 PM,5,1,4
11/16/2017 10:00:00 AM,4,1,3
11/24/2017 11:00:00 PM,0,0,0
11/24/2017 11:00:00 AM,5,3,2
11/04/2017 08:00:00 PM,0,0,0
11/14/2017 09:00:00 PM,1,0,1
11/14/2017 05:00:00 PM,28,24,4
11/28/2017 08:00:00 PM,3,3,0
11/23/2017 10:00:00 PM,0,0,0
11/17/2017 08:00:00 PM,4,3,1
11/08/2017 02:00:00 AM,0,0,0
11/10/2017 06:00:00 AM,5,0,5
11/04/2017 06:00:00 AM,1,0,1
11/07/2017 11:00:00 PM,1,1,0
11/05/2017 04:00:00 PM,1,1,0
11/11/2017 11:00:00 PM,2,2,0
11/05/2017 02:00:00 AM,0,0,0
11/02/2017 12:00:00 AM,0,0,0
11/06/2017 11:00:00 AM,7,1,6
11/10/2017 06:00:00 PM,13,11,2
11/26/2017 01:00:00 AM,0,0,0
11/19/2017 12:00:00 AM,2,2,0
11/24/2017 08:00:00 PM,0,0,0
11/11/2017 07:00:00 AM,2,0,2
11/10/2017 02:00:00 PM,11,7,4
11/13/2017 11:00:00 AM,5,1,4
11/28/2017 09:00:00 PM,1,1,0
11/23/2017 10:00:00 AM,3,2,1
11/26/2017 02:00:00 PM,1,1,0
11/10/2017 09:00:00 PM,2,2,0
11/01/2017 04:00:00 PM,13,12,1
11/05/2017 10:00:00 AM,2,1,1
11/27/2017 09:00:00 PM,2,1,1
11/07/2017 03:00:00 PM,10,8,2
11/13/2017 03:00:00 PM,4,4,0
11/25/2017 05:00:00 PM,1,1,0
11/24/2017 04:00:00 AM,0,0,0
11/05/2017 08:00:00 AM,1,1,0
11/25/2017 11:00:00 AM,9,6,3
11/26/2017 11:00:00 PM,1,1,0
11/06/2017 02:00:00 AM,0,0,0
11/22/2017 06:00:00 PM,7,6,1
11/11/2017 07:00:00 PM,0,0,0
11/01/2017 07:00:00 PM,7,6,1
11/05/2017 10:00:00 PM,0,0,0
11/26/2017 07:00:00 PM,0,0,0
11/29/2017 02:00:00 AM,0,0,0
11/14/2017 11:00:00 AM,5,1,4
11/14/2017 01:00:00 PM,5,2,3
11/01/2017 02:00:00 AM,0,0,0
11/26/2017 05:00:00 AM,0,0,0
11/11/2017 06:00:00 AM,2,0,2
11/20/2017 08:00:00 PM,3,3,0
11/02/2017 02:00:00 AM,1,1,0
11/18/2017 09:00:00 PM,3,3,0
11/13/2017 09:00:00 PM,3,3,0
11/16/2017 01:00:00 PM,3,2,1
11/17/2017 11:00:00 AM,8,3,5
11/10/2017 09:00:00 AM,2,1,1
11/29/2017 11:00:00 PM,0,0,0
11/09/2017 05:00:00 AM,2,0,2
11/08/2017 11:00:00 AM,4,3,1
11/25/2017 10:00:00 PM,0,0,0
11/03/2017 06:00:00 AM,4,0,4
11/04/2017 04:00:00 PM,2,2,0
11/29/2017 08:00:00 AM,18,0,18
11/02/2017 08:00:00 PM,2,2,0
11/18/2017 08:00:00 AM,1,0,1
11/07/2017 08:00:00 PM,4,4,0
11/22/2017 07:00:00 AM,12,0,12
11/15/2017 04:00:00 PM,10,8,2
11/04/2017 08:00:00 AM,5,1,4
11/19/2017 08:00:00 PM,1,0,1
11/02/2017 04:00:00 PM,20,17,3
11/29/2017 09:00:00 AM,17,1,16
11/05/2017 09:00:00 PM,0,0,0
11/08/2017 09:00:00 AM,13,0,13
11/25/2017 08:00:00 AM,2,0,2
11/27/2017 08:00:00 AM,25,0,25
11/26/2017 03:00:00 PM,1,1,0
11/24/2017 12:00:00 AM,1,1,0
11/27/2017 11:00:00 PM,0,0,0
11/12/2017 06:00:00 PM,0,0,0
11/14/2017 04:00:00 PM,14,13,1
11/03/2017 10:00:00 PM,2,2,0
11/22/2017 09:00:00 AM,9,1,8
11/03/2017 08:00:00 PM,2,2,0
11/10/2017 05:00:00 AM,1,0,1
11/21/2017 11:00:00 AM,2,2,0
11/21/2017 05:00:00 AM,2,0,2
11/06/2017 03:00:00 PM,13,9,4
11/17/2017 06:00:00 AM,7,0,7
11/26/2017 07:00:00 AM,1,0,1
11/23/2017 09:00:00 PM,2,0,2
11/30/2017 05:00:00 AM,0,0,0
11/05/2017 12:00:00 PM,4,2,2
11/17/2017 09:00:00 PM,3,2,1
11/09/2017 08:00:00 AM,21,3,18
11/14/2017 07:00:00 PM,9,9,0
11/19/2017 07:00:00 AM,1,0,1
11/14/2017 04:00:00 AM,1,1,0
11/02/2017 05:00:00 AM,1,0,1
11/03/2017 05:00:00 PM,25,24,1
11/22/2017 05:00:00 AM,2,0,2
11/20/2017 02:00:00 AM,1,1,0
11/15/2017 01:00:00 PM,6,2,4
11/15/2017 09:00:00 PM,0,0,0
11/11/2017 01:00:00 AM,0,0,0
11/06/2017 12:00:00 AM,0,0,0
11/04/2017 11:00:00 PM,0,0,0
11/07/2017 07:00:00 PM,13,12,1
11/29/2017 03:00:00 PM,1,0,1
11/21/2017 03:00:00 PM,7,7,0
11/12/2017 06:00:00 AM,0,0,0
11/30/2017 08:00:00 AM,12,1,11
11/30/2017 04:00:00 AM,0,0,0
11/07/2017 03:00:00 AM,0,0,0
11/27/2017 08:00:00 PM,4,4,0
11/04/2017 01:00:00 AM,0,0,0
11/02/2017 09:00:00 AM,13,3,10
11/22/2017 08:00:00 AM,7,0,7
11/18/2017 11:00:00 AM,8,3,5
11/09/2017 05:00:00 PM,27,26,1
11/16/2017 04:00:00 AM,0,0,0
11/25/2017 09:00:00 PM,1,1,0
11/16/2017 02:00:00 AM,0,0,0
11/24/2017 04:00:00 PM,7,7,0
11/02/2017 03:00:00 AM,0,0,0
11/21/2017 09:00:00 AM,5,0,5
11/13/2017 03:00:00 AM,0,0,0
11/04/2017 05:00:00 PM,3,1,2
11/25/2017 02:00:00 PM,10,7,3
11/11/2017 04:00:00 PM,4,4,0
11/24/2017 05:00:00 PM,8,7,1
11/27/2017 05:00:00 PM,25,24,1
11/10/2017 12:00:00 AM,1,1,0
11/15/2017 12:00:00 PM,5,2,3
11/20/2017 12:00:00 PM,5,3,2
11/05/2017 03:00:00 PM,0,0,0
11/12/2017 05:00:00 PM,3,1,2
11/08/2017 01:00:00 AM,0,0,0
11/26/2017 01:00:00 PM,2,1,1
11/25/2017 02:00:00 AM,0,0,0
11/30/2017 12:00:00 PM,1,0,1
11/16/2017 12:00:00 PM,2,1,1
11/15/2017 08:00:00 PM,1,1,0
11/19/2017 04:00:00 AM,0,0,0
11/05/2017 07:00:00 AM,1,0,1
11/29/2017 05:00:00 AM,2,0,2
11/28/2017 03:00:00 PM,4,3,1
11/11/2017 11:00:00 AM,2,1,1
11/19/2017 07:00:00 PM,0,0,0
11/11/2017 03:00:00 PM,5,3,2
11/01/2017 10:00:00 AM,12,2,10
11/04/2017 07:00:00 AM,1,0,1
11/25/2017 03:00:00 AM,0,0,0
11/10/2017 02:00:00 AM,0,0,0
11/11/2017 09:00:00 AM,5,3,2
11/30/2017 04:00:00 PM,13,11,2
11/28/2017 04:00:00 AM,1,1,0
11/18/2017 06:00:00 AM,2,0,2
11/26/2017 03:00:00 AM,0,0,0
11/10/2017 07:00:00 PM,3,2,1
11/09/2017 03:00:00 PM,5,5,0
11/20/2017 05:00:00 PM,20,19,1
11/30/2017 05:00:00 PM,11,9,2
11/13/2017 08:00:00 PM,1,1,0
11/16/2017 08:00:00 AM,23,1,22
11/01/2017 01:00:00 PM,6,3,3
11/17/2017 11:00:00 PM,1,1,0
11/16/2017 05:00:00 PM,27,23,4
11/03/2017 12:00:00 PM,1,1,0
11/01/2017 08:00:00 AM,18,3,15
11/07/2017 06:00:00 AM,6,0,6
11/24/2017 12:00:00 PM,2,1,1
11/04/2017 10:00:00 AM,1,0,1
11/28/2017 10:00:00 PM,0,0,0
11/23/2017 11:00:00 PM,0,0,0
11/07/2017 10:00:00 PM,1,1,0
11/05/2017 05:00:00 AM,0,0,0
11/17/2017 05:00:00 PM,27,27,0
11/29/2017 06:00:00 AM,6,0,6
11/07/2017 04:00:00 PM,10,8,2
11/24/2017 05:00:00 AM,0,0,0
11/05/2017 04:00:00 AM,0,0,0
11/03/2017 02:00:00 PM,3,3,0
11/21/2017 02:00:00 PM,3,1,2
11/26/2017 09:00:00 AM,4,1,3
11/17/2017 09:00:00 AM,24,1,23
11/09/2017 08:00:00 PM,1,1,0
11/05/2017 06:00:00 PM,0,0,0
11/15/2017 10:00:00 PM,1,1,0
11/27/2017 06:00:00 PM,21,21,0
11/14/2017 08:00:00 AM,18,0,18
11/09/2017 02:00:00 PM,2,2,0
11/10/2017 10:00:00 AM,1,0,1
11/11/2017 01:00:00 PM,1,0,1
11/06/2017 03:00:00 AM,0,0,0
11/05/2017 09:00:00 AM,4,0,4
11/22/2017 11:00:00 AM,6,3,3
11/16/2017 10:00:00 PM,0,0,0
11/16/2017 09:00:00 AM,13,3,10
11/22/2017 07:00:00 PM,7,5,2
11/28/2017 05:00:00 PM,20,19,1
11/20/2017 02:00:00 PM,2,2,0
11/10/2017 11:00:00 PM,0,0,0
11/06/2017 08:00:00 PM,5,5,0
11/17/2017 07:00:00 AM,12,0,12
11/11/2017 08:00:00 AM,2,1,1
11/03/2017 09:00:00 AM,13,0,13
11/01/2017 04:00:00 AM,0,0,0
11/07/2017 02:00:00 AM,0,0,0
11/04/2017 03:00:00 AM,0,0,0
11/03/2017 01:00:00 PM,6,4,2
11/05/2017 06:00:00 AM,0,0,0
11/08/2017 07:00:00 PM,5,5,0
11/19/2017 10:00:00 PM,0,0,0
11/22/2017 01:00:00 AM,0,0,0
11/08/2017 12:00:00 AM,1,1,0
11/23/2017 04:00:00 AM,1,1,0
11/28/2017 11:00:00 PM,0,0,0
11/02/2017 03:00:00 PM,8,6,2
11/28/2017 02:00:00 PM,1,1,0
11/11/2017 04:00:00 AM,0,0,0
11/08/2017 03:00:00 AM,1,0,1
11/09/2017 09:00:00 PM,2,2,0
11/12/2017 01:00:00 AM,0,0,0
11/21/2017 04:00:00 AM,0,0,0
11/24/2017 10:00:00 AM,3,2,1
11/13/2017 09:00:00 AM,2,0,2
11/21/2017 09:00:00 PM,2,2,0
11/19/2017 11:00:00 PM,1,1,0
11/08/2017 04:00:00 PM,14,13,1
11/12/2017 07:00:00 AM,1,1,0
11/04/2017 12:00:00 AM,1,1,0
11/25/2017 07:00:00 PM,0,0,0
11/12/2017 11:00:00 AM,2,2,0
11/23/2017 09:00:00 AM,4,3,1
11/08/2017 05:00:00 AM,3,0,3
11/05/2017 08:00:00 PM,1,0,1
11/08/2017 09:00:00 PM,2,2,0
11/23/2017 02:00:00 AM,0,0,0
11/21/2017 10:00:00 AM,4,1,3
11/01/2017 11:00:00 AM,3,1,2
11/06/2017 01:00:00 PM,2,1,1
11/12/2017 07:00:00 PM,0,0,0
11/30/2017 01:00:00 AM,0,0,0
11/29/2017 06:00:00 PM,1,1,0
11/30/2017 02:00:00 PM,4,4,0
11/19/2017 05:00:00 AM,0,0,0
11/27/2017 09:00:00 AM,10,0,10
11/11/2017 06:00:00 PM,0,0,0
11/20/2017 12:00:00 AM,0,0,0
11/27/2017 01:00:00 PM,7,4,3
11/24/2017 03:00:00 PM,7,6,1
11/14/2017 10:00:00 PM,0,0,0
11/22/2017 06:00:00 AM,2,0,2
11/27/2017 03:00:00 AM,0,0,0
11/14/2017 03:00:00 AM,0,0,0
11/17/2017 04:00:00 AM,0,0,0
11/22/2017 03:00:00 AM,0,0,0
11/03/2017 07:00:00 AM,16,0,16
11/30/2017 03:00:00 PM,3,1,2
11/05/2017 02:00:00 PM,4,3,1
11/26/2017 06:00:00 AM,0,0,0
11/26/2017 08:00:00 AM,0,0,0
11/11/2017 05:00:00 AM,0,0,0
11/06/2017 10:00:00 PM,2,2,0
11/12/2017 02:00:00 PM,3,1,2
11/06/2017 07:00:00 AM,19,0,19
11/18/2017 12:00:00 AM,0,0,0
11/09/2017 09:00:00 AM,8,3,5
11/29/2017 01:00:00 AM,0,0,0
11/23/2017 07:00:00 PM,2,1,1
11/06/2017 11:00:00 PM,2,2,0
11/20/2017 06:00:00 AM,5,0,5
11/04/2017 11:00:00 AM,3,2,1
11/30/2017 06:00:00 PM,12,11,1
11/02/2017 12:00:00 PM,2,1,1
11/06/2017 02:00:00 PM,11,8,3
11/28/2017 01:00:00 PM,4,0,4
11/15/2017 10:00:00 AM,9,3,6
11/30/2017 11:00:00 PM,0,0,0
11/21/2017 10:00:00 PM,1,1,0
11/08/2017 08:00:00 AM,22,3,19
11/19/2017 01:00:00 PM,7,2,5
11/20/2017 10:00:00 PM,1,1,0
11/21/2017 06:00:00 AM,4,0,4
11/14/2017 07:00:00 AM,8,0,8
11/27/2017 03:00:00 PM,9,8,1
11/05/2017 01:00:00 AM,0,0,0
11/07/2017 10:00:00 AM,5,0,5
11/06/2017 12:00:00 PM,2,0,2
11/01/2017 11:00:00 PM,0,0,0
11/23/2017 11:00:00 AM,2,2,0
11/19/2017 09:00:00 AM,3,1,2
11/07/2017 04:00:00 AM,0,0,0
11/04/2017 02:00:00 PM,4,3,1
11/25/2017 06:00:00 PM,0,0,0
11/14/2017 09:00:00 AM,9,0,9
11/21/2017 12:00:00 AM,1,1,0
11/28/2017 06:00:00 PM,23,23,0
11/20/2017 03:00:00 AM,0,0,0
11/23/2017 03:00:00 PM,1,0,1
11/16/2017 06:00:00 AM,8,0,8
11/18/2017 01:00:00 AM,1,1,0
11/19/2017 06:00:00 AM,1,0,1
11/03/2017 04:00:00 AM,1,0,1
11/13/2017 07:00:00 PM,6,6,0
11/12/2017 11:00:00 PM,1,1,0
11/12/2017 09:00:00 PM,0,0,0
11/15/2017 12:00:00 AM,1,1,0
11/21/2017 07:00:00 AM,6,1,5
11/01/2017 02:00:00 PM,9,7,2
11/02/2017 11:00:00 AM,4,0,4
11/26/2017 06:00:00 PM,0,0,0
11/29/2017 12:00:00 PM,2,1,1
11/28/2017 08:00:00 AM,19,0,19
11/14/2017 02:00:00 PM,5,4,1
11/17/2017 04:00:00 PM,14,13,1
11/12/2017 09:00:00 AM,6,4,2
11/20/2017 07:00:00 AM,13,0,13
11/30/2017 10:00:00 AM,5,1,4
11/17/2017 05:00:00 AM,2,0,2
11/17/2017 10:00:00 PM,2,2,0
11/29/2017 03:00:00 AM,1,1,0
11/18/2017 04:00:00 AM,0,0,0
11/26/2017 11:00:00 AM,11,7,4
11/09/2017 12:00:00 PM,3,2,1
11/21/2017 03:00:00 AM,0,0,0
11/02/2017 05:00:00 PM,30,27,3
11/04/2017 02:00:00 AM,0,0,0
11/23/2017 02:00:00 PM,0,0,0
11/02/2017 11:00:00 PM,0,0,0
11/10/2017 04:00:00 AM,0,0,0
11/12/2017 12:00:00 AM,1,1,0
11/04/2017 05:00:00 AM,0,0,0
11/14/2017 03:00:00 PM,4,2,2
11/01/2017 12:00:00 PM,4,1,3
11/19/2017 10:00:00 AM,3,1,2
11/18/2017 07:00:00 PM,0,0,0
11/20/2017 04:00:00 PM,17,14,3
11/12/2017 03:00:00 AM,0,0,0
11/26/2017 04:00:00 AM,0,0,0
11/30/2017 07:00:00 PM,1,1,0
11/14/2017 05:00:00 AM,2,0,2
11/20/2017 04:00:00 AM,0,0,0
11/23/2017 03:00:00 AM,0,0,0
11/08/2017 01:00:00 PM,2,1,1
11/09/2017 11:00:00 PM,0,0,0
11/25/2017 01:00:00 AM,0,0,0
11/28/2017 07:00:00 PM,13,13,0
11/18/2017 12:00:00 PM,5,3,2
11/05/2017 05:00:00 PM,0,0,0
11/13/2017 01:00:00 AM,0,0,0
11/03/2017 03:00:00 PM,5,5,0
11/30/2017 08:00:00 PM,1,1,0
11/28/2017 11:00:00 AM,4,0,4
11/16/2017 07:00:00 AM,21,1,20
11/15/2017 05:00:00 AM,4,0,4
11/11/2017 05:00:00 PM,3,1,2
11/16/2017 01:00:00 AM,0,0,0
11/21/2017 06:00:00 PM,20,17,3
11/15/2017 11:00:00 AM,4,2,2
11/29/2017 04:00:00 PM,1,1,0
11/03/2017 03:00:00 AM,0,0,0
11/20/2017 06:00:00 PM,13,13,0
11/15/2017 09:00:00 AM,2,0,2
11/18/2017 09:00:00 AM,11,5,6
11/30/2017 09:00:00 AM,8,1,7
11/23/2017 01:00:00 AM,0,0,0
11/10/2017 12:00:00 PM,3,1,2
11/24/2017 08:00:00 AM,3,0,3
11/02/2017 10:00:00 PM,2,2,0
11/24/2017 01:00:00 AM,0,0,0
11/01/2017 09:00:00 AM,14,0,14
11/02/2017 10:00:00 AM,10,0,10
11/07/2017 05:00:00 AM,4,0,4
11/29/2017 01:00:00 PM,3,2,1
11/17/2017 12:00:00 AM,0,0,0
11/12/2017 03:00:00 PM,2,2,0
11/19/2017 05:00:00 PM,4,4,0
11/30/2017 10:00:00 PM,0,0,0
11/07/2017 01:00:00 AM,0,0,0
11/10/2017 01:00:00 PM,5,3,2
11/19/2017 03:00:00 PM,1,0,1
11/19/2017 11:00:00 AM,7,4,3
11/07/2017 02:00:00 PM,10,5,5
11/02/2017 02:00:00 PM,3,2,1
11/14/2017 12:00:00 AM,0,0,0
11/18/2017 03:00:00 PM,20,13,7
11/24/2017 06:00:00 AM,2,0,2
11/10/2017 05:00:00 PM,14,14,0
11/06/2017 06:00:00 PM,16,15,1
11/08/2017 06:00:00 PM,18,18,0
11/07/2017 11:00:00 AM,6,4,2
11/15/2017 07:00:00 AM,13,0,13
11/14/2017 12:00:00 PM,4,3,1
11/05/2017 11:00:00 PM,1,1,0
11/21/2017 07:00:00 PM,9,9,0
11/10/2017 01:00:00 AM,0,0,0
11/03/2017 10:00:00 AM,7,2,5
11/26/2017 10:00:00 PM,0,0,0
11/06/2017 05:00:00 AM,2,0,2
11/27/2017 02:00:00 AM,0,0,0
11/29/2017 04:00:00 AM,1,1,0
11/07/2017 09:00:00 PM,3,3,0
11/20/2017 07:00:00 PM,8,8,0
11/13/2017 02:00:00 PM,4,2,2
11/27/2017 11:00:00 AM,3,0,3
11/22/2017 03:00:00 PM,13,12,1
11/11/2017 09:00:00 PM,1,1,0
11/26/2017 04:00:00 PM,5,3,2
11/03/2017 06:00:00 PM,9,9,0
11/02/2017 07:00:00 AM,18,1,17
11/27/2017 01:00:00 AM,0,0,0
11/18/2017 04:00:00 PM,8,6,2
11/06/2017 05:00:00 PM,22,22,0
11/08/2017 07:00:00 AM,23,0,23
11/18/2017 03:00:00 AM,0,0,0
11/03/2017 02:00:00 AM,0,0,0
11/25/2017 05:00:00 AM,0,0,0
11/15/2017 03:00:00 PM,5,5,0
11/16/2017 09:00:00 PM,1,1,0
11/22/2017 02:00:00 AM,1,1,0
11/30/2017 02:00:00 AM,0,0,0
11/23/2017 06:00:00 PM,0,0,0
11/04/2017 03:00:00 PM,1,1,0
11/24/2017 03:00:00 AM,0,0,0
11/20/2017 11:00:00 AM,3,2,1
11/04/2017 12:00:00 PM,2,1,1
11/22/2017 04:00:00 AM,0,0,0
11/25/2017 08:00:00 PM,0,0,0
11/26/2017 12:00:00 PM,5,3,2
11/13/2017 06:00:00 PM,9,9,0
11/21/2017 02:00:00 AM,0,0,0
11/07/2017 12:00:00 AM,0,0,0
11/21/2017 08:00:00 PM,3,2,1
11/04/2017 10:00:00 PM,4,4,0
11/08/2017 08:00:00 PM,4,2,2
11/26/2017 02:00:00 AM,0,0,0
11/20/2017 03:00:00 PM,10,9,1
11/12/2017 02:00:00 AM,0,0,0
11/29/2017 10:00:00 AM,6,1,5
11/26/2017 08:00:00 PM,0,0,0
11/17/2017 10:00:00 AM,11,3,8
11/01/2017 09:00:00 PM,0,0,0
11/10/2017 10:00:00 PM,0,0,0
11/09/2017 01:00:00 AM,1,1,0
11/27/2017 10:00:00 PM,1,1,0
11/12/2017 10:00:00 AM,0,0,0
11/22/2017 02:00:00 PM,10,9,1
11/05/2017 03:00:00 AM,0,0,0
11/17/2017 03:00:00 AM,0,0,0
11/26/2017 09:00:00 PM,1,1,0
11/25/2017 04:00:00 AM,0,0,0
11/27/2017 06:00:00 AM,15,0,15
11/25/2017 06:00:00 AM,0,0,0
11/28/2017 07:00:00 AM,12,0,12
11/07/2017 06:00:00 PM,22,20,2
11/14/2017 02:00:00 AM,0,0,0
11/21/2017 05:00:00 PM,19,18,1
11/23/2017 08:00:00 PM,0,0,0
11/12/2017 12:00:00 PM,9,7,2
11/18/2017 02:00:00 PM,8,5,3
11/04/2017 01:00:00 PM,5,4,1
11/22/2017 01:00:00 PM,12,10,2
11/01/2017 10:00:00 PM,1,1,0
11/29/2017 08:00:00 PM,0,0,0
11/01/2017 12:00:00 AM,0,0,0
11/11/2017 08:00:00 PM,0,0,0
11/02/2017 01:00:00 PM,4,3,1
11/23/2017 05:00:00 PM,0,0,0
11/08/2017 12:00:00 PM,5,0,5
11/28/2017 12:00:00 PM,5,2,3
11/17/2017 07:00:00 PM,2,2,0
11/08/2017 02:00:00 PM,8,7,1
11/17/2017 06:00:00 PM,12,12,0
11/16/2017 03:00:00 AM,0,0,0
11/26/2017 05:00:00 PM,0,0,0
11/19/2017 03:00:00 AM,0,0,0
11/21/2017 12:00:00 PM,1,1,0
11/11/2017 02:00:00 AM,1,1,0
11/12/2017 10:00:00 PM,0,0,0
11/20/2017 01:00:00 PM,4,2,2
11/14/2017 01:00:00 AM,0,0,0
11/24/2017 01:00:00 PM,2,1,1
11/29/2017 10:00:00 PM,0,0,0
11/23/2017 12:00:00 AM,0,0,0
11/18/2017 10:00:00 PM,0,0,0
11/09/2017 06:00:00 AM,3,0,3
11/03/2017 07:00:00 PM,9,9,0
11/13/2017 10:00:00 AM,12,3,9
11/30/2017 11:00:00 AM,3,2,1
11/13/2017 02:00:00 AM,0,0,0
11/02/2017 04:00:00 AM,0,0,0
11/15/2017 03:00:00 AM,0,0,0
11/18/2017 11:00:00 PM,2,2,0
11/25/2017 12:00:00 AM,0,0,0
11/29/2017 11:00:00 AM,0,0,0
11/25/2017 07:00:00 AM,1,0,1
11/01/2017 07:00:00 AM,18,0,18
11/01/2017 08:00:00 PM,7,6,1
11/29/2017 05:00:00 PM,0,0,0
11/25/2017 03:00:00 PM,5,4,1
11/06/2017 01:00:00 AM,0,0,0
11/10/2017 03:00:00 PM,8,6,2
11/01/2017 03:00:00 PM,9,7,2
11/13/2017 07:00:00 AM,12,0,12
11/27/2017 12:00:00 AM,1,1,0
11/22/2017 08:00:00 PM,0,0,0
11/06/2017 07:00:00 PM,7,7,0
11/17/2017 02:00:00 PM,10,7,3
11/16/2017 02:00:00 PM,2,2,0
11/09/2017 12:00:00 AM,1,1,0
11/25/2017 01:00:00 PM,9,5,4
11/16/2017 12:00:00 AM,1,1,0
11/03/2017 11:00:00 PM,1,1,0
11/08/2017 04:00:00 AM,0,0,0
11/01/2017 03:00:00 AM,0,0,0
11/29/2017 09:00:00 PM,1,1,0
11/09/2017 01:00:00 PM,1,1,0
11/25/2017 12:00:00 PM,6,1,5
11/14/2017 10:00:00 AM,9,3,6
11/01/2017 06:00:00 AM,5,0,5
11/28/2017 05:00:00 AM,3,0,3
11/27/2017 07:00:00 PM,7,6,1
11/02/2017 07:00:00 PM,8,6,2
11/20/2017 11:00:00 PM,0,0,0
11/16/2017 05:00:00 AM,3,0,3
11/18/2017 05:00:00 PM,4,2,2
11/07/2017 09:00:00 AM,13,1,12
11/27/2017 04:00:00 AM,0,0,0
11/20/2017 09:00:00 PM,4,3,1
11/17/2017 01:00:00 PM,6,6,0
11/16/2017 04:00:00 PM,6,5,1
11/12/2017 04:00:00 AM,0,0,0
11/28/2017 04:00:00 PM,19,17,2
11/21/2017 08:00:00 AM,10,0,10
11/02/2017 08:00:00 AM,26,2,24
11/09/2017 11:00:00 AM,2,0,2
11/18/2017 08:00:00 PM,0,0,0
11/09/2017 07:00:00 PM,7,7,0
11/18/2017 05:00:00 AM,0,0,0
11/07/2017 05:00:00 PM,32,30,2
11/28/2017 10:00:00 AM,3,0,3
11/09/2017 10:00:00 AM,4,1,3
11/27/2017 05:00:00 AM,1,0,1
11/07/2017 08:00:00 AM,26,2,24
11/15/2017 04:00:00 AM,1,1,0
11/08/2017 11:00:00 PM,1,1,0
11/29/2017 02:00:00 PM,1,0,1
11/12/2017 01:00:00 PM,11,6,5
11/18/2017 07:00:00 AM,1,0,1
11/20/2017 08:00:00 AM,12,0,12
11/25/2017 09:00:00 AM,5,0,5
11/25/2017 10:00:00 AM,8,2,6
11/24/2017 10:00:00 PM,0,0,0
11/09/2017 02:00:00 AM,0,0,0
11/11/2017 12:00:00 AM,0,0,0
11/23/2017 04:00:00 PM,3,3,0
11/25/2017 04:00:00 PM,2,2,0
11/29/2017 07:00:00 PM,2,1,1
11/06/2017 06:00:00 AM,7,0,7
11/20/2017 10:00:00 AM,6,1,5
11/09/2017 04:00:00 PM,18,16,2
11/24/2017 07:00:00 AM,2,0,2
11/23/2017 12:00:00 PM,1,1,0
11/05/2017 12:00:00 AM,1,1,0
11/19/2017 02:00:00 AM,0,0,0
11/09/2017 06:00:00 PM,17,14,3
11/23/2017 07:00:00 AM,0,0,0
11/13/2017 12:00:00 AM,0,0,0
11/30/2017 03:00:00 AM,0,0,0
11/01/2017 06:00:00 PM,16,16,0
11/17/2017 01:00:00 AM,0,0,0
11/08/2017 03:00:00 PM,16,12,4
11/13/2017 01:00:00 PM,3,1,2
11/09/2017 03:00:00 AM,0,0,0
11/11/2017 10:00:00 AM,4,3,1
11/16/2017 08:00:00 PM,4,3,1
11/23/2017 01:00:00 PM,3,2,1
11/21/2017 01:00:00 AM,0,0,0
11/23/2017 06:00:00 AM,0,0,0
11/23/2017 08:00:00 AM,1,0,1
11/14/2017 06:00:00 AM,8,0,8
11/24/2017 02:00:00 PM,4,3,1
11/17/2017 03:00:00 PM,12,12,0
11/15/2017 07:00:00 PM,7,6,1
11/15/2017 02:00:00 PM,7,5,2
11/23/2017 05:00:00 AM,0,0,0
11/28/2017 03:00:00 AM,1,1,0
11/19/2017 04:00:00 PM,1,0,1
11/16/2017 06:00:00 PM,27,26,1
11/21/2017 01:00:00 PM,3,1,2
11/11/2017 12:00:00 PM,3,1,2
11/13/2017 04:00:00 AM,0,0,0
11/03/2017 09:00:00 PM,0,0,0
11/08/2017 10:00:00 AM,11,2,9
11/27/2017 04:00:00 PM,13,13,0
11/09/2017 04:00:00 AM,0,0,0
11/19/2017 06:00:00 PM,0,0,0
11/08/2017 05:00:00 PM,27,27,0
11/06/2017 09:00:00 AM,11,1,10
11/24/2017 09:00:00 PM,0,0,0
11/14/2017 08:00:00 PM,1,1,0
11/02/2017 06:00:00 PM,25,23,2
11/01/2017 05:00:00 PM,27,26,1
11/04/2017 06:00:00 PM,2,2,0
11/10/2017 08:00:00 AM,6,0,6
11/28/2017 09:00:00 AM,14,0,14
11/03/2017 11:00:00 AM,3,1,2
11/02/2017 06:00:00 AM,8,1,7
11/13/2017 04:00:00 PM,17,14,3
11/06/2017 10:00:00 AM,4,0,4
11/05/2017 07:00:00 PM,0,0,0
11/28/2017 01:00:00 AM,0,0,0
11/12/2017 04:00:00 PM,1,1,0
11/14/2017 11:00:00 PM,1,1,0
11/18/2017 02:00:00 AM,0,0,0
11/24/2017 06:00:00 PM,3,2,1
11/11/2017 03:00:00 AM,0,0,0
11/15/2017 02:00:00 AM,0,0,0
11/10/2017 03:00:00 AM,0,0,0
11/12/2017 08:00:00 PM,2,1,1
11/20/2017 09:00:00 AM,12,1,11
11/22/2017 10:00:00 PM,1,1,0
11/15/2017 06:00:00 AM,6,0,6
11/10/2017 11:00:00 AM,9,4,5
11/27/2017 07:00:00 AM,20,0,20
11/29/2017 12:00:00 AM,1,1,0
11/09/2017 10:00:00 PM,1,1,0
11/03/2017 05:00:00 AM,5,2,3
11/18/2017 10:00:00 AM,8,3,5
11/30/2017 12:00:00 AM,0,0,0
11/15/2017 08:00:00 AM,14,1,13
11/11/2017 02:00:00 PM,2,1,1
11/21/2017 11:00:00 PM,1,1,0
11/10/2017 07:00:00 AM,5,1,4
11/30/2017 07:00:00 AM,4,0,4
11/01/2017 01:00:00 AM,0,0,0
11/22/2017 04:00:00 PM,9,9,0
11/05/2017 01:00:00 PM,7,4,3
11/06/2017 04:00:00 AM,0,0,0
11/13/2017 11:00:00 PM,2,1,1
11/10/2017 04:00:00 PM,13,12,1
11/16/2017 11:00:00 PM,0,0,0
11/27/2017 12:00:00 PM,4,2,2
11/10/2017 08:00:00 PM,1,1,0
11/04/2017 09:00:00 PM,1,1,0
11/05/2017 11:00:00 AM,0,0,0
11/11/2017 10:00:00 PM,0,0,0
11/17/2017 08:00:00 AM,21,0,21
11/08/2017 10:00:00 PM,1,0,1
11/12/2017 08:00:00 AM,5,1,4
11/22/2017 12:00:00 PM,1,1,0
11/20/2017 01:00:00 AM,0,0,0
11/04/2017 09:00:00 AM,3,0,3
11/29/2017 07:00:00 AM,10,0,10
11/24/2017 02:00:00 AM,0,0,0
11/21/2017 04:00:00 PM,6,6,0
11/04/2017 07:00:00 PM,2,2,0
11/13/2017 05:00:00 AM,2,0,2
11/13/2017 06:00:00 AM,9,0,9
11/13/2017 10:00:00 PM,3,2,1
12/27/2017 12:00:00 AM,0,0,0
12/26/2017 10:00:00 AM,7,7,0
12/11/2017 12:00:00 AM,0,0,0
12/18/2017 11:00:00 PM,0,0,0
12/27/2017 05:00:00 PM,1,0,1
12/09/2017 01:00:00 PM,4,3,1
12/11/2017 09:00:00 AM,0,0,0
12/26/2017 03:00:00 PM,1,1,0
12/03/2017 10:00:00 PM,0,0,0
12/17/2017 04:00:00 AM,1,1,0
12/26/2017 08:00:00 AM,0,0,0
12/10/2017 10:00:00 PM,0,0,0
12/28/2017 12:00:00 PM,1,0,1
12/15/2017 10:00:00 PM,0,0,0
12/09/2017 03:00:00 AM,0,0,0
12/22/2017 07:00:00 AM,1,1,0
12/06/2017 01:00:00 AM,0,0,0
12/27/2017 09:00:00 AM,2,2,0
12/19/2017 11:00:00 PM,0,0,0
12/29/2017 07:00:00 PM,1,1,0
12/28/2017 08:00:00 AM,4,2,2
12/17/2017 08:00:00 AM,2,2,0
12/26/2017 07:00:00 AM,0,0,0
12/17/2017 02:00:00 AM,0,0,0
12/04/2017 11:00:00 AM,0,0,0
12/26/2017 02:00:00 PM,2,1,1
12/02/2017 10:00:00 PM,0,0,0
12/27/2017 04:00:00 PM,3,3,0
12/29/2017 03:00:00 AM,0,0,0
12/29/2017 11:00:00 PM,2,2,0
12/30/2017 02:00:00 AM,0,0,0
12/06/2017 11:00:00 PM,0,0,0
12/11/2017 02:00:00 PM,0,0,0
12/12/2017 01:00:00 PM,3,3,0
12/21/2017 09:00:00 AM,0,0,0
12/02/2017 09:00:00 AM,1,0,1
12/07/2017 07:00:00 AM,0,0,0
12/14/2017 07:00:00 AM,3,3,0
12/30/2017 05:00:00 PM,3,3,0
12/09/2017 04:00:00 AM,0,0,0
12/31/2017 11:00:00 PM,0,0,0
12/29/2017 05:00:00 PM,1,1,0
12/17/2017 10:00:00 AM,2,2,0
12/30/2017 12:00:00 PM,1,0,1
12/02/2017 08:00:00 AM,2,2,0
12/27/2017 10:00:00 PM,0,0,0
12/21/2017 05:00:00 PM,4,4,0
12/25/2017 01:00:00 AM,1,1,0
12/26/2017 06:00:00 AM,0,0,0
12/23/2017 09:00:00 AM,0,0,0
12/22/2017 04:00:00 PM,2,2,0
12/31/2017 10:00:00 AM,3,3,0
12/21/2017 02:00:00 AM,0,0,0
12/31/2017 09:00:00 PM,1,1,0
12/21/2017 10:00:00 AM,0,0,0
12/06/2017 08:00:00 AM,5,5,0
12/29/2017 08:00:00 PM,1,1,0
12/04/2017 10:00:00 AM,0,0,0
12/29/2017 12:00:00 AM,0,0,0
12/16/2017 03:00:00 AM,0,0,0
12/07/2017 05:00:00 AM,0,0,0
12/28/2017 10:00:00 AM,3,3,0
12/31/2017 08:00:00 PM,1,1,0
12/20/2017 03:00:00 AM,0,0,0
12/28/2017 12:00:00 AM,0,0,0
12/03/2017 09:00:00 AM,4,4,0
12/03/2017 07:00:00 AM,1,1,0
12/17/2017 09:00:00 AM,0,0,0
12/31/2017 12:00:00 PM,0,0,0
12/20/2017 12:00:00 AM,1,1,0
12/27/2017 07:00:00 AM,0,0,0
12/04/2017 12:00:00 PM,0,0,0
12/21/2017 05:00:00 AM,0,0,0
12/16/2017 10:00:00 AM,0,0,0
12/14/2017 11:00:00 AM,2,0,2
12/02/2017 05:00:00 PM,4,4,0
12/26/2017 01:00:00 AM,0,0,0
12/20/2017 02:00:00 AM,0,0,0
12/27/2017 11:00:00 PM,0,0,0
12/26/2017 11:00:00 AM,0,0,0
12/24/2017 06:00:00 PM,0,0,0
12/20/2017 08:00:00 AM,6,6,0
12/17/2017 03:00:00 PM,3,3,0
12/24/2017 01:00:00 PM,3,3,0
12/23/2017 12:00:00 AM,0,0,0
12/04/2017 08:00:00 PM,5,3,2
12/08/2017 06:00:00 AM,0,0,0
12/12/2017 03:00:00 AM,0,0,0
12/17/2017 10:00:00 PM,0,0,0
12/18/2017 12:00:00 PM,0,0,0
12/13/2017 01:00:00 AM,1,1,0
12/18/2017 03:00:00 PM,7,6,1
12/03/2017 06:00:00 AM,0,0,0
12/27/2017 01:00:00 PM,6,4,2
12/01/2017 01:00:00 PM,1,1,0
12/09/2017 03:00:00 PM,5,4,1
12/08/2017 01:00:00 PM,3,1,2
12/27/2017 06:00:00 PM,0,0,0
12/13/2017 06:00:00 AM,1,1,0
12/31/2017 05:00:00 AM,1,1,0
12/19/2017 08:00:00 PM,1,1,0
12/21/2017 06:00:00 PM,1,1,0
12/16/2017 12:00:00 PM,3,3,0
12/28/2017 02:00:00 PM,0,0,0
12/02/2017 12:00:00 PM,0,0,0
12/08/2017 12:00:00 PM,1,1,0
12/05/2017 07:00:00 AM,3,3,0
12/01/2017 10:00:00 PM,1,0,1
12/25/2017 07:00:00 AM,0,0,0
12/21/2017 04:00:00 AM,0,0,0
12/21/2017 03:00:00 PM,3,3,0
12/09/2017 01:00:00 AM,0,0,0
12/04/2017 05:00:00 AM,2,2,0
12/28/2017 05:00:00 AM,1,1,0
12/01/2017 09:00:00 PM,0,0,0
12/13/2017 04:00:00 AM,0,0,0
12/19/2017 05:00:00 PM,3,3,0
12/26/2017 08:00:00 PM,1,1,0
12/09/2017 06:00:00 PM,2,2,0
12/20/2017 11:00:00 AM,3,2,1
12/20/2017 08:00:00 PM,0,0,0
12/14/2017 05:00:00 PM,6,4,2
12/06/2017 05:00:00 PM,4,4,0
12/18/2017 03:00:00 AM,1,1,0
12/30/2017 03:00:00 AM,1,1,0
12/15/2017 06:00:00 PM,1,1,0
12/14/2017 06:00:00 AM,0,0,0
12/03/2017 11:00:00 AM,5,4,1
12/01/2017 04:00:00 AM,0,0,0
12/18/2017 01:00:00 AM,0,0,0
12/13/2017 11:00:00 PM,0,0,0
12/12/2017 10:00:00 PM,0,0,0
12/25/2017 12:00:00 PM,0,0,0
12/16/2017 07:00:00 AM,5,3,2
12/09/2017 04:00:00 PM,5,1,4
12/22/2017 11:00:00 PM,0,0,0
12/12/2017 09:00:00 AM,0,0,0
12/21/2017 04:00:00 PM,2,2,0
12/31/2017 02:00:00 PM,2,1,1
12/20/2017 03:00:00 PM,1,1,0
12/13/2017 04:00:00 PM,4,4,0
12/08/2017 05:00:00 AM,0,0,0
12/10/2017 09:00:00 AM,4,3,1
12/17/2017 06:00:00 PM,4,4,0
12/24/2017 03:00:00 AM,0,0,0
12/20/2017 11:00:00 PM,0,0,0
12/02/2017 05:00:00 AM,0,0,0
12/13/2017 02:00:00 PM,5,4,1
12/11/2017 05:00:00 AM,0,0,0
12/18/2017 10:00:00 PM,0,0,0
12/22/2017 01:00:00 PM,2,2,0
12/19/2017 06:00:00 PM,2,0,2
12/10/2017 03:00:00 PM,1,1,0
12/06/2017 02:00:00 AM,0,0,0
12/02/2017 06:00:00 PM,1,1,0
12/11/2017 11:00:00 AM,1,1,0
12/12/2017 08:00:00 AM,0,0,0
12/04/2017 09:00:00 PM,1,1,0
12/22/2017 10:00:00 PM,0,0,0
12/21/2017 11:00:00 AM,0,0,0
12/02/2017 01:00:00 PM,0,0,0
12/23/2017 02:00:00 AM,0,0,0
12/31/2017 09:00:00 AM,0,0,0
12/03/2017 01:00:00 PM,2,2,0
12/23/2017 10:00:00 PM,0,0,0
12/19/2017 12:00:00 PM,2,2,0
12/31/2017 11:00:00 AM,1,1,0
12/15/2017 03:00:00 AM,0,0,0
12/26/2017 07:00:00 PM,0,0,0
12/29/2017 08:00:00 AM,0,0,0
12/27/2017 02:00:00 AM,0,0,0
12/26/2017 11:00:00 PM,0,0,0
12/08/2017 02:00:00 AM,0,0,0
12/05/2017 01:00:00 AM,0,0,0
12/17/2017 08:00:00 PM,2,2,0
12/04/2017 02:00:00 AM,0,0,0
12/13/2017 10:00:00 PM,0,0,0
12/31/2017 06:00:00 AM,0,0,0
12/11/2017 06:00:00 AM,0,0,0
12/06/2017 05:00:00 AM,1,1,0
12/23/2017 08:00:00 PM,0,0,0
12/01/2017 11:00:00 AM,3,2,1
12/05/2017 01:00:00 PM,2,2,0
12/02/2017 02:00:00 AM,0,0,0
12/10/2017 08:00:00 PM,1,1,0
12/31/2017 02:00:00 AM,0,0,0
12/20/2017 06:00:00 PM,1,1,0
12/30/2017 01:00:00 AM,1,1,0
12/23/2017 07:00:00 AM,0,0,0
12/14/2017 12:00:00 PM,2,2,0
12/19/2017 06:00:00 AM,2,2,0
12/24/2017 08:00:00 AM,0,0,0
12/28/2017 01:00:00 AM,1,1,0
12/06/2017 10:00:00 AM,1,1,0
12/29/2017 04:00:00 PM,2,2,0
12/11/2017 07:00:00 PM,2,2,0
12/10/2017 07:00:00 PM,3,3,0
12/16/2017 01:00:00 PM,3,3,0
12/23/2017 03:00:00 AM,0,0,0
12/02/2017 06:00:00 AM,0,0,0
12/07/2017 09:00:00 PM,1,1,0
12/18/2017 02:00:00 PM,5,3,2
12/24/2017 02:00:00 PM,0,0,0
12/06/2017 07:00:00 AM,3,2,1
12/12/2017 11:00:00 AM,2,2,0
12/08/2017 01:00:00 AM,0,0,0
12/22/2017 02:00:00 PM,3,2,1
12/16/2017 07:00:00 PM,1,1,0
12/23/2017 05:00:00 AM,0,0,0
12/03/2017 09:00:00 PM,0,0,0
12/20/2017 07:00:00 PM,0,0,0
12/15/2017 02:00:00 PM,1,1,0
12/05/2017 07:00:00 PM,1,1,0
12/21/2017 02:00:00 PM,0,0,0
12/14/2017 04:00:00 AM,0,0,0
12/19/2017 12:00:00 AM,0,0,0
12/01/2017 04:00:00 PM,8,8,0
12/18/2017 05:00:00 PM,7,7,0
12/29/2017 03:00:00 PM,0,0,0
12/15/2017 09:00:00 AM,2,2,0
12/26/2017 03:00:00 AM,0,0,0
12/04/2017 08:00:00 AM,2,2,0
12/08/2017 06:00:00 PM,1,1,0
12/19/2017 01:00:00 PM,1,0,1
12/06/2017 01:00:00 PM,6,4,2
12/25/2017 01:00:00 PM,0,0,0
12/09/2017 12:00:00 PM,1,0,1
12/31/2017 08:00:00 AM,1,1,0
12/11/2017 01:00:00 PM,2,2,0
12/05/2017 03:00:00 AM,0,0,0
12/10/2017 10:00:00 AM,3,3,0
12/23/2017 04:00:00 PM,0,0,0
12/04/2017 03:00:00 PM,2,2,0
12/29/2017 06:00:00 AM,1,1,0
12/20/2017 01:00:00 PM,5,5,0
12/28/2017 06:00:00 AM,0,0,0
12/22/2017 05:00:00 PM,2,2,0
12/10/2017 09:00:00 PM,0,0,0
12/20/2017 10:00:00 AM,3,3,0
12/29/2017 01:00:00 AM,0,0,0
12/05/2017 12:00:00 PM,2,1,1
12/22/2017 09:00:00 PM,1,1,0
12/09/2017 08:00:00 PM,0,0,0
12/01/2017 07:00:00 AM,1,0,1
12/06/2017 09:00:00 AM,3,3,0
12/23/2017 11:00:00 PM,0,0,0
12/18/2017 04:00:00 AM,1,1,0
12/23/2017 01:00:00 PM,0,0,0
12/31/2017 07:00:00 AM,1,1,0
12/22/2017 09:00:00 AM,5,4,1
12/31/2017 10:00:00 PM,0,0,0
12/10/2017 08:00:00 AM,0,0,0
12/17/2017 01:00:00 AM,1,1,0
12/20/2017 02:00:00 PM,8,6,2
12/31/2017 12:00:00 AM,1,1,0
12/28/2017 03:00:00 AM,0,0,0
12/24/2017 02:00:00 AM,0,0,0
12/06/2017 12:00:00 AM,0,0,0
12/14/2017 09:00:00 PM,0,0,0
12/16/2017 04:00:00 AM,0,0,0
12/27/2017 04:00:00 AM,0,0,0
12/28/2017 11:00:00 PM,0,0,0
12/18/2017 08:00:00 PM,3,3,0
12/13/2017 11:00:00 AM,4,2,2
12/31/2017 01:00:00 AM,0,0,0
12/15/2017 09:00:00 PM,0,0,0
12/28/2017 06:00:00 PM,4,3,1
12/05/2017 06:00:00 AM,0,0,0
12/25/2017 08:00:00 AM,0,0,0
12/24/2017 09:00:00 PM,0,0,0
12/29/2017 10:00:00 PM,2,2,0
12/04/2017 04:00:00 PM,4,2,2
12/08/2017 02:00:00 PM,5,3,2
12/19/2017 04:00:00 AM,0,0,0
12/06/2017 12:00:00 PM,1,0,1
12/15/2017 01:00:00 AM,0,0,0
12/19/2017 03:00:00 PM,4,4,0
12/01/2017 08:00:00 AM,4,0,4
12/11/2017 01:00:00 AM,0,0,0
12/01/2017 07:00:00 PM,3,2,1
12/07/2017 10:00:00 PM,0,0,0
12/25/2017 02:00:00 PM,3,3,0
12/13/2017 05:00:00 AM,2,2,0
12/05/2017 05:00:00 AM,0,0,0
12/25/2017 11:00:00 AM,0,0,0
12/30/2017 06:00:00 AM,0,0,0
12/05/2017 05:00:00 PM,3,3,0
12/12/2017 12:00:00 AM,0,0,0
12/29/2017 10:00:00 AM,1,1,0
12/22/2017 06:00:00 AM,2,2,0
12/15/2017 12:00:00 PM,2,2,0
12/03/2017 05:00:00 AM,0,0,0
12/02/2017 10:00:00 AM,0,0,0
12/29/2017 02:00:00 PM,1,1,0
12/12/2017 06:00:00 PM,3,3,0
12/18/2017 05:00:00 AM,2,2,0
12/21/2017 07:00:00 AM,0,0,0
12/10/2017 03:00:00 AM,0,0,0
12/05/2017 08:00:00 PM,1,0,1
12/16/2017 02:00:00 AM,0,0,0
12/12/2017 10:00:00 AM,5,4,1
12/04/2017 02:00:00 PM,5,3,2
12/02/2017 08:00:00 PM,0,0,0
12/24/2017 07:00:00 AM,0,0,0
12/14/2017 02:00:00 PM,4,4,0
12/29/2017 09:00:00 AM,2,2,0
12/21/2017 01:00:00 AM,0,0,0
12/12/2017 11:00:00 PM,0,0,0
12/24/2017 08:00:00 PM,2,1,1
12/27/2017 08:00:00 AM,3,3,0
12/04/2017 11:00:00 PM,0,0,0
12/16/2017 04:00:00 PM,1,1,0
12/18/2017 10:00:00 AM,2,2,0
12/03/2017 06:00:00 PM,2,2,0
12/12/2017 07:00:00 AM,0,0,0
12/29/2017 02:00:00 AM,0,0,0
12/13/2017 07:00:00 AM,0,0,0
12/17/2017 11:00:00 AM,1,1,0
12/22/2017 12:00:00 AM,1,1,0
12/06/2017 09:00:00 PM,0,0,0
12/24/2017 09:00:00 AM,0,0,0
12/15/2017 01:00:00 PM,5,4,1
12/07/2017 05:00:00 PM,5,2,3
12/07/2017 08:00:00 PM,2,2,0
12/12/2017 02:00:00 PM,3,3,0
12/18/2017 06:00:00 AM,3,3,0
12/25/2017 07:00:00 PM,0,0,0
12/28/2017 08:00:00 PM,1,1,0
12/14/2017 08:00:00 PM,0,0,0
12/09/2017 02:00:00 AM,0,0,0
12/20/2017 12:00:00 PM,5,3,2
12/10/2017 06:00:00 PM,1,1,0
12/24/2017 11:00:00 PM,0,0,0
12/16/2017 11:00:00 PM,0,0,0
12/26/2017 12:00:00 PM,1,1,0
12/16/2017 05:00:00 PM,1,1,0
12/04/2017 10:00:00 PM,2,1,1
12/06/2017 04:00:00 PM,2,2,0
12/14/2017 08:00:00 AM,6,5,1
12/24/2017 11:00:00 AM,1,1,0
12/19/2017 10:00:00 AM,4,4,0
12/07/2017 03:00:00 AM,1,1,0
12/28/2017 02:00:00 AM,0,0,0
12/18/2017 11:00:00 AM,2,2,0
12/12/2017 04:00:00 PM,1,1,0
12/07/2017 10:00:00 AM,3,3,0
12/12/2017 04:00:00 AM,0,0,0
12/07/2017 01:00:00 PM,1,0,1
12/11/2017 08:00:00 PM,0,0,0
12/04/2017 09:00:00 AM,2,2,0
12/29/2017 12:00:00 PM,3,3,0
12/14/2017 09:00:00 AM,5,4,1
12/31/2017 04:00:00 AM,0,0,0
12/30/2017 01:00:00 PM,2,2,0
12/04/2017 12:00:00 AM,0,0,0
12/08/2017 04:00:00 AM,0,0,0
12/25/2017 12:00:00 AM,0,0,0
12/01/2017 06:00:00 PM,9,9,0
12/13/2017 09:00:00 PM,2,0,2
12/23/2017 05:00:00 PM,0,0,0
12/28/2017 09:00:00 PM,1,1,0
12/09/2017 10:00:00 PM,1,1,0
12/11/2017 05:00:00 PM,4,4,0
12/09/2017 07:00:00 AM,0,0,0
12/31/2017 04:00:00 PM,3,3,0
12/20/2017 10:00:00 PM,0,0,0
12/23/2017 11:00:00 AM,0,0,0
12/30/2017 02:00:00 PM,4,4,0
12/30/2017 04:00:00 AM,0,0,0
12/02/2017 11:00:00 PM,0,0,0
12/25/2017 04:00:00 AM,0,0,0
12/30/2017 08:00:00 AM,0,0,0
12/02/2017 04:00:00 AM,0,0,0
12/16/2017 06:00:00 AM,0,0,0
12/13/2017 02:00:00 AM,0,0,0
12/27/2017 09:00:00 PM,0,0,0
12/13/2017 01:00:00 PM,0,0,0
12/25/2017 06:00:00 AM,0,0,0
12/06/2017 04:00:00 AM,0,0,0
12/02/2017 04:00:00 PM,4,4,0
12/03/2017 05:00:00 PM,1,1,0
12/20/2017 04:00:00 PM,3,3,0
12/11/2017 11:00:00 PM,0,0,0
12/04/2017 01:00:00 PM,1,1,0
12/10/2017 05:00:00 PM,0,0,0
12/10/2017 02:00:00 AM,0,0,0
12/07/2017 06:00:00 PM,3,3,0
12/18/2017 04:00:00 PM,2,2,0
12/11/2017 06:00:00 PM,5,3,2
12/14/2017 03:00:00 AM,0,0,0
12/28/2017 11:00:00 AM,0,0,0
12/24/2017 03:00:00 PM,2,2,0
12/14/2017 04:00:00 PM,5,4,1
12/15/2017 04:00:00 AM,1,1,0
12/01/2017 03:00:00 AM,0,0,0
12/06/2017 06:00:00 AM,1,1,0
12/05/2017 08:00:00 AM,1,1,0
12/10/2017 12:00:00 PM,3,3,0
12/19/2017 09:00:00 AM,3,3,0
12/22/2017 05:00:00 AM,2,2,0
12/22/2017 08:00:00 AM,2,2,0
12/03/2017 10:00:00 AM,3,2,1
12/09/2017 07:00:00 PM,2,2,0
12/17/2017 04:00:00 PM,2,0,2
12/05/2017 04:00:00 AM,0,0,0
12/19/2017 03:00:00 AM,0,0,0
12/20/2017 09:00:00 PM,0,0,0
12/24/2017 04:00:00 AM,0,0,0
12/16/2017 09:00:00 PM,3,3,0
12/30/2017 11:00:00 PM,0,0,0
12/15/2017 08:00:00 PM,2,2,0
12/18/2017 07:00:00 PM,1,0,1
12/07/2017 06:00:00 AM,0,0,0
12/11/2017 02:00:00 AM,0,0,0
12/05/2017 11:00:00 AM,2,2,0
12/19/2017 10:00:00 PM,1,1,0
12/02/2017 03:00:00 AM,0,0,0
12/06/2017 10:00:00 PM,1,1,0
12/01/2017 05:00:00 PM,12,10,2
12/02/2017 07:00:00 PM,0,0,0
12/17/2017 07:00:00 AM,0,0,0
12/07/2017 03:00:00 PM,2,1,1
12/22/2017 10:00:00 AM,3,3,0
12/21/2017 08:00:00 PM,0,0,0
12/17/2017 07:00:00 PM,4,2,2
12/28/2017 04:00:00 AM,0,0,0
12/03/2017 03:00:00 PM,3,3,0
12/22/2017 02:00:00 AM,0,0,0
12/30/2017 10:00:00 AM,3,3,0
12/03/2017 02:00:00 PM,4,4,0
12/13/2017 09:00:00 AM,1,1,0
12/14/2017 01:00:00 PM,2,2,0
12/10/2017 05:00:00 AM,0,0,0
12/14/2017 10:00:00 AM,3,3,0
12/14/2017 07:00:00 PM,1,1,0
12/17/2017 11:00:00 PM,0,0,0
12/08/2017 03:00:00 AM,0,0,0
12/25/2017 10:00:00 AM,2,2,0
12/30/2017 09:00:00 PM,1,1,0
12/14/2017 01:00:00 AM,0,0,0
12/07/2017 02:00:00 AM,0,0,0
12/25/2017 03:00:00 PM,0,0,0
12/17/2017 05:00:00 AM,0,0,0
12/31/2017 07:00:00 PM,2,2,0
12/08/2017 11:00:00 AM,0,0,0
12/27/2017 08:00:00 PM,3,1,2
12/02/2017 03:00:00 PM,0,0,0
12/15/2017 11:00:00 AM,4,4,0
12/07/2017 12:00:00 PM,5,4,1
12/15/2017 02:00:00 AM,0,0,0
12/12/2017 02:00:00 AM,0,0,0
12/07/2017 09:00:00 AM,0,0,0
12/11/2017 10:00:00 AM,1,1,0
12/23/2017 07:00:00 PM,0,0,0
12/12/2017 06:00:00 AM,0,0,0
12/20/2017 06:00:00 AM,2,2,0
12/23/2017 06:00:00 PM,0,0,0
12/01/2017 09:00:00 AM,3,1,2
12/11/2017 08:00:00 AM,0,0,0
12/24/2017 10:00:00 AM,0,0,0
12/24/2017 12:00:00 AM,0,0,0
12/11/2017 04:00:00 PM,2,2,0
12/22/2017 01:00:00 AM,0,0,0
12/16/2017 09:00:00 AM,1,1,0
12/02/2017 09:00:00 PM,0,0,0
12/16/2017 12:00:00 AM,2,0,2
12/06/2017 03:00:00 AM,0,0,0
12/21/2017 12:00:00 PM,1,0,1
12/31/2017 06:00:00 PM,1,1,0
12/08/2017 05:00:00 PM,2,1,1
12/01/2017 05:00:00 AM,1,0,1
12/25/2017 05:00:00 PM,1,1,0
12/10/2017 01:00:00 AM,0,0,0
12/20/2017 04:00:00 AM,1,1,0
12/15/2017 05:00:00 PM,7,6,1
12/09/2017 09:00:00 AM,4,3,1
12/03/2017 08:00:00 PM,2,2,0
12/26/2017 10:00:00 PM,0,0,0
12/21/2017 09:00:00 PM,1,1,0
12/07/2017 04:00:00 AM,0,0,0
12/07/2017 04:00:00 PM,3,3,0
12/02/2017 11:00:00 AM,3,3,0
12/27/2017 01:00:00 AM,0,0,0
12/17/2017 09:00:00 PM,4,2,2
12/18/2017 07:00:00 AM,6,6,0
12/17/2017 12:00:00 PM,3,2,1
12/18/2017 01:00:00 PM,1,1,0
12/24/2017 01:00:00 AM,0,0,0
12/29/2017 07:00:00 AM,2,2,0
12/08/2017 10:00:00 AM,0,0,0
12/26/2017 05:00:00 AM,0,0,0
12/06/2017 02:00:00 PM,1,1,0
12/16/2017 08:00:00 PM,5,2,3
12/04/2017 07:00:00 PM,3,2,1
12/11/2017 07:00:00 AM,0,0,0
12/10/2017 06:00:00 AM,1,1,0
12/19/2017 09:00:00 PM,0,0,0
12/08/2017 10:00:00 PM,0,0,0
12/12/2017 12:00:00 PM,1,1,0
12/21/2017 07:00:00 PM,1,1,0
12/12/2017 03:00:00 PM,5,3,2
12/30/2017 08:00:00 PM,1,1,0
12/25/2017 02:00:00 AM,0,0,0
12/13/2017 08:00:00 AM,0,0,0
12/28/2017 09:00:00 AM,2,2,0
12/05/2017 06:00:00 PM,4,4,0
12/14/2017 11:00:00 PM,0,0,0
12/13/2017 06:00:00 PM,4,3,1
12/24/2017 05:00:00 PM,3,2,1
12/06/2017 03:00:00 PM,6,3,3
12/23/2017 01:00:00 AM,0,0,0
12/12/2017 09:00:00 PM,0,0,0
12/23/2017 12:00:00 PM,0,0,0
12/09/2017 11:00:00 PM,0,0,0
12/03/2017 02:00:00 AM,0,0,0
12/01/2017 12:00:00 AM,1,1,0
12/13/2017 05:00:00 PM,4,3,1
12/09/2017 09:00:00 PM,0,0,0
12/15/2017 11:00:00 PM,0,0,0
12/21/2017 08:00:00 AM,0,0,0
12/15/2017 04:00:00 PM,4,4,0
12/08/2017 11:00:00 PM,0,0,0
12/08/2017 12:00:00 AM,0,0,0
12/09/2017 11:00:00 AM,1,1,0
12/03/2017 08:00:00 AM,4,4,0
12/09/2017 02:00:00 PM,4,3,1
12/17/2017 01:00:00 PM,0,0,0
12/08/2017 07:00:00 AM,0,0,0
12/26/2017 01:00:00 PM,2,1,1
12/23/2017 08:00:00 AM,0,0,0
12/15/2017 06:00:00 AM,0,0,0
12/16/2017 11:00:00 AM,2,1,1
12/23/2017 03:00:00 PM,0,0,0
12/08/2017 07:00:00 PM,0,0,0
12/03/2017 07:00:00 PM,0,0,0
12/13/2017 03:00:00 AM,0,0,0
12/04/2017 03:00:00 AM,0,0,0
12/10/2017 12:00:00 AM,1,1,0
12/25/2017 03:00:00 AM,0,0,0
12/12/2017 05:00:00 AM,0,0,0
12/25/2017 05:00:00 AM,0,0,0
12/01/2017 02:00:00 AM,0,0,0
12/31/2017 03:00:00 AM,0,0,0
12/29/2017 11:00:00 AM,0,0,0
12/01/2017 06:00:00 AM,3,0,3
12/17/2017 12:00:00 AM,0,0,0
12/19/2017 11:00:00 AM,2,2,0
12/03/2017 04:00:00 PM,7,4,3
12/09/2017 08:00:00 AM,0,0,0
12/05/2017 02:00:00 PM,1,0,1
12/28/2017 01:00:00 PM,0,0,0
12/15/2017 12:00:00 AM,0,0,0
12/16/2017 01:00:00 AM,0,0,0
12/22/2017 08:00:00 PM,2,1,1
12/07/2017 08:00:00 AM,0,0,0
12/22/2017 12:00:00 PM,3,3,0
12/31/2017 05:00:00 PM,1,1,0
12/14/2017 12:00:00 AM,0,0,0
12/08/2017 08:00:00 PM,0,0,0
12/16/2017 02:00:00 PM,3,3,0
12/08/2017 03:00:00 PM,4,2,2
12/16/2017 08:00:00 AM,5,4,1
12/14/2017 03:00:00 PM,5,3,2
12/07/2017 11:00:00 AM,2,2,0
12/19/2017 02:00:00 PM,1,1,0
12/30/2017 07:00:00 AM,3,3,0
12/01/2017 11:00:00 PM,1,1,0
12/01/2017 10:00:00 AM,2,0,2
12/27/2017 12:00:00 PM,2,1,1
12/11/2017 12:00:00 PM,2,2,0
12/24/2017 06:00:00 AM,0,0,0
12/29/2017 05:00:00 AM,2,2,0
12/14/2017 02:00:00 AM,0,0,0
12/05/2017 12:00:00 AM,0,0,0
12/04/2017 06:00:00 AM,0,0,0
12/12/2017 08:00:00 PM,1,1,0
12/01/2017 02:00:00 PM,0,0,0
12/25/2017 06:00:00 PM,0,0,0
12/02/2017 01:00:00 AM,1,1,0
12/18/2017 09:00:00 PM,1,0,1
12/26/2017 02:00:00 AM,0,0,0
12/19/2017 07:00:00 PM,1,1,0
12/10/2017 01:00:00 PM,4,4,0
12/04/2017 04:00:00 AM,1,1,0
12/18/2017 02:00:00 AM,0,0,0
12/28/2017 07:00:00 PM,1,1,0
12/30/2017 05:00:00 AM,0,0,0
12/06/2017 06:00:00 PM,3,3,0
12/25/2017 09:00:00 AM,0,0,0
12/12/2017 07:00:00 PM,0,0,0
12/03/2017 11:00:00 PM,0,0,0
12/05/2017 04:00:00 PM,2,2,0
12/10/2017 11:00:00 PM,0,0,0
12/27/2017 02:00:00 PM,0,0,0
12/30/2017 04:00:00 PM,1,1,0
12/06/2017 07:00:00 PM,1,1,0
12/27/2017 03:00:00 AM,0,0,0
12/04/2017 07:00:00 AM,3,2,1
12/27/2017 11:00:00 AM,3,3,0
12/16/2017 06:00:00 PM,1,1,0
12/26/2017 12:00:00 AM,0,0,0
12/21/2017 06:00:00 AM,0,0,0
12/08/2017 04:00:00 PM,2,2,0
12/06/2017 11:00:00 AM,1,1,0
12/05/2017 09:00:00 PM,2,1,1
12/10/2017 04:00:00 AM,0,0,0
12/13/2017 07:00:00 PM,5,4,1
12/16/2017 03:00:00 PM,3,3,0
12/18/2017 12:00:00 AM,0,0,0
12/19/2017 01:00:00 AM,0,0,0
12/23/2017 06:00:00 AM,0,0,0
12/01/2017 03:00:00 PM,4,3,1
12/22/2017 03:00:00 PM,4,3,1
12/13/2017 12:00:00 AM,0,0,0
12/20/2017 01:00:00 AM,0,0,0
12/30/2017 03:00:00 PM,2,2,0
12/19/2017 04:00:00 PM,2,2,0
12/24/2017 10:00:00 PM,0,0,0
12/09/2017 12:00:00 AM,1,1,0
12/15/2017 03:00:00 PM,4,4,0
12/24/2017 12:00:00 PM,3,3,0
12/15/2017 07:00:00 PM,1,1,0
12/05/2017 10:00:00 PM,0,0,0
12/06/2017 08:00:00 PM,1,0,1
12/25/2017 11:00:00 PM,0,0,0
12/17/2017 06:00:00 AM,0,0,0
12/07/2017 12:00:00 AM,0,0,0
12/22/2017 11:00:00 AM,4,4,0
12/03/2017 04:00:00 AM,0,0,0
12/03/2017 12:00:00 PM,0,0,0
12/31/2017 03:00:00 PM,6,6,0
12/25/2017 08:00:00 PM,1,1,0
12/26/2017 06:00:00 PM,2,2,0
12/13/2017 10:00:00 AM,2,2,0
12/07/2017 01:00:00 AM,0,0,0
12/21/2017 11:00:00 PM,1,1,0
12/02/2017 07:00:00 AM,0,0,0
12/15/2017 07:00:00 AM,4,4,0
12/15/2017 10:00:00 AM,1,1,0
12/04/2017 06:00:00 PM,1,1,0
12/04/2017 05:00:00 PM,2,2,0
12/30/2017 10:00:00 PM,0,0,0
12/14/2017 06:00:00 PM,5,4,1
12/21/2017 10:00:00 PM,0,0,0
12/19/2017 07:00:00 AM,8,8,0
12/01/2017 01:00:00 AM,0,0,0
12/16/2017 10:00:00 PM,1,1,0
12/20/2017 09:00:00 AM,2,2,0
12/22/2017 03:00:00 AM,0,0,0
12/18/2017 09:00:00 AM,5,5,0
12/17/2017 05:00:00 PM,3,3,0
12/22/2017 06:00:00 PM,0,0,0
12/23/2017 02:00:00 PM,0,0,0
12/28/2017 05:00:00 PM,2,2,0
12/09/2017 05:00:00 PM,6,4,2
12/09/2017 05:00:00 AM,0,0,0
12/25/2017 04:00:00 PM,0,0,0
12/11/2017 03:00:00 AM,0,0,0
12/10/2017 07:00:00 AM,0,0,0
12/21/2017 12:00:00 AM,0,0,0
12/29/2017 09:00:00 PM,3,2,1
12/11/2017 04:00:00 AM,0,0,0
12/12/2017 05:00:00 PM,6,5,1
12/30/2017 09:00:00 AM,2,2,0
12/08/2017 09:00:00 AM,0,0,0
12/14/2017 10:00:00 PM,2,2,0
12/20/2017 05:00:00 AM,1,1,0
12/22/2017 07:00:00 PM,1,1,0
12/25/2017 09:00:00 PM,2,2,0
12/04/2017 01:00:00 AM,0,0,0
12/11/2017 09:00:00 PM,0,0,0
12/08/2017 09:00:00 PM,0,0,0
12/20/2017 07:00:00 AM,2,2,0
12/03/2017 01:00:00 AM,0,0,0
12/13/2017 08:00:00 PM,2,2,0
12/14/2017 05:00:00 AM,2,2,0
12/26/2017 04:00:00 AM,0,0,0
12/26/2017 05:00:00 PM,3,3,0
12/13/2017 03:00:00 PM,6,4,2
12/27/2017 07:00:00 PM,0,0,0
12/23/2017 10:00:00 AM,0,0,0
12/29/2017 01:00:00 PM,2,2,0
12/11/2017 10:00:00 PM,0,0,0
12/28/2017 10:00:00 PM,0,0,0
12/29/2017 06:00:00 PM,1,1,0
12/17/2017 02:00:00 PM,1,1,0
12/22/2017 04:00:00 AM,0,0,0
12/30/2017 07:00:00 PM,5,5,0
12/19/2017 05:00:00 AM,0,0,0
12/26/2017 09:00:00 PM,0,0,0
12/15/2017 08:00:00 AM,9,8,1
12/13/2017 12:00:00 PM,2,2,0
12/24/2017 04:00:00 PM,2,2,0
12/05/2017 09:00:00 AM,2,1,1
12/24/2017 05:00:00 AM,0,0,0
12/07/2017 07:00:00 PM,0,0,0
12/02/2017 12:00:00 AM,0,0,0
12/03/2017 12:00:00 AM,0,0,0
12/18/2017 06:00:00 PM,2,2,0
12/26/2017 04:00:00 PM,5,5,0
12/16/2017 05:00:00 AM,0,0,0
12/10/2017 02:00:00 PM,2,2,0
12/24/2017 07:00:00 PM,1,1,0
12/18/2017 08:00:00 AM,7,6,1
12/03/2017 03:00:00 AM,0,0,0
12/08/2017 08:00:00 AM,0,0,0
12/30/2017 11:00:00 AM,4,3,1
12/30/2017 06:00:00 PM,2,2,0
12/27/2017 06:00:00 AM,2,2,0
12/05/2017 03:00:00 PM,3,3,0
12/15/2017 05:00:00 AM,1,1,0
12/01/2017 08:00:00 PM,2,2,0
12/07/2017 02:00:00 PM,1,0,1
12/27/2017 05:00:00 AM,1,1,0
12/17/2017 03:00:00 AM,0,0,0
12/25/2017 10:00:00 PM,0,0,0
12/26/2017 09:00:00 AM,0,0,0
12/19/2017 02:00:00 AM,0,0,0
12/21/2017 01:00:00 PM,2,2,0
12/23/2017 04:00:00 AM,0,0,0
12/27/2017 03:00:00 PM,1,1,0
12/05/2017 02:00:00 AM,0,0,0
12/07/2017 11:00:00 PM,0,0,0
12/01/2017 12:00:00 PM,2,1,1
12/05/2017 10:00:00 AM,4,4,0
12/31/2017 01:00:00 PM,2,2,0
12/11/2017 03:00:00 PM,2,2,0
12/09/2017 10:00:00 AM,1,1,0
12/10/2017 11:00:00 AM,5,5,0
12/21/2017 03:00:00 AM,0,0,0
12/10/2017 04:00:00 PM,1,1,0
12/29/2017 04:00:00 AM,0,0,0
12/02/2017 02:00:00 PM,0,0,0
12/05/2017 11:00:00 PM,0,0,0
12/30/2017 12:00:00 AM,0,0,0
12/09/2017 06:00:00 AM,0,0,0
12/12/2017 01:00:00 AM,0,0,0
12/28/2017 03:00:00 PM,0,0,0
12/28/2017 07:00:00 AM,1,1,0
12/19/2017 08:00:00 AM,8,8,0
12/23/2017 09:00:00 PM,0,0,0
12/28/2017 04:00:00 PM,1,1,0
12/20/2017 05:00:00 PM,1,1,0
12/27/2017 10:00:00 AM,3,3,0
02/02/2018 03:00:00 PM,4,4,0
01/20/2018 10:00:00 AM,3,3,0
01/09/2018 12:00:00 PM,4,4,0
01/13/2018 09:00:00 PM,2,2,0
01/19/2018 02:00:00 AM,1,1,0
01/02/2018 11:00:00 PM,0,0,0
01/14/2018 11:00:00 PM,0,0,0
01/05/2018 05:00:00 PM,1,1,0
01/05/2018 03:00:00 PM,7,6,1
01/13/2018 09:00:00 AM,3,0,3
01/20/2018 04:00:00 PM,1,1,0
01/29/2018 11:00:00 PM,1,1,0
02/06/2018 02:00:00 PM,5,4,1
02/17/2018 11:00:00 PM,0,0,0
02/21/2018 08:00:00 AM,8,0,8
02/25/2018 06:00:00 PM,4,3,1
02/14/2018 07:00:00 AM,1,0,1
02/15/2018 11:00:00 AM,2,0,2
01/12/2018 03:00:00 AM,0,0,0
02/01/2018 01:00:00 PM,5,4,1
01/07/2018 05:00:00 AM,0,0,0
01/27/2018 10:00:00 PM,0,0,0
02/03/2018 12:00:00 PM,7,4,3
01/06/2018 11:00:00 PM,0,0,0
02/01/2018 10:00:00 PM,1,1,0
02/20/2018 09:00:00 PM,0,0,0
02/08/2018 02:00:00 AM,0,0,0
02/09/2018 05:00:00 PM,24,24,0
02/08/2018 09:00:00 AM,6,0,6
02/11/2018 02:00:00 PM,9,8,1
02/05/2018 08:00:00 AM,8,0,8
02/11/2018 10:00:00 PM,1,1,0
02/22/2018 03:00:00 AM,0,0,0
01/25/2018 09:00:00 PM,1,1,0
02/01/2018 08:00:00 AM,9,0,9
02/27/2018 03:00:00 AM,0,0,0
01/02/2018 08:00:00 PM,1,1,0
01/30/2018 05:00:00 AM,0,0,0
01/08/2018 09:00:00 AM,6,6,0
01/14/2018 10:00:00 PM,4,3,1
01/15/2018 07:00:00 PM,4,4,0
02/11/2018 06:00:00 PM,2,2,0
01/15/2018 05:00:00 AM,0,0,0
02/09/2018 08:00:00 PM,0,0,0
02/08/2018 04:00:00 PM,13,13,0
02/26/2018 04:00:00 AM,0,0,0
01/27/2018 03:00:00 AM,0,0,0
02/24/2018 04:00:00 PM,5,5,0
01/17/2018 12:00:00 PM,2,1,1
02/17/2018 05:00:00 AM,0,0,0
02/28/2018 12:00:00 AM,1,1,0
01/12/2018 01:00:00 PM,3,1,2
02/20/2018 02:00:00 PM,6,3,3
01/14/2018 02:00:00 AM,0,0,0
02/02/2018 11:00:00 AM,3,1,2
02/24/2018 11:00:00 PM,0,0,0
01/12/2018 11:00:00 PM,1,1,0
01/04/2018 05:00:00 PM,3,2,1
02/17/2018 08:00:00 PM,0,0,0
01/13/2018 11:00:00 PM,1,1,0
01/16/2018 02:00:00 PM,6,4,2
01/22/2018 12:00:00 AM,0,0,0
01/26/2018 05:00:00 PM,28,28,0
02/14/2018 10:00:00 PM,0,0,0
01/27/2018 11:00:00 PM,1,1,0
02/23/2018 03:00:00 PM,1,1,0
01/31/2018 10:00:00 PM,1,1,0
02/27/2018 02:00:00 PM,5,4,1
01/24/2018 09:00:00 PM,0,0,0
01/18/2018 02:00:00 AM,0,0,0
01/11/2018 09:00:00 PM,1,1,0
01/20/2018 02:00:00 AM,1,1,0
01/20/2018 01:00:00 PM,4,1,3
01/24/2018 02:00:00 PM,3,2,1
01/02/2018 01:00:00 AM,0,0,0
01/05/2018 06:00:00 AM,2,2,0
01/15/2018 01:00:00 AM,0,0,0
01/18/2018 07:00:00 AM,3,0,3
02/17/2018 04:00:00 AM,0,0,0
01/21/2018 02:00:00 PM,2,2,0
01/14/2018 06:00:00 PM,0,0,0
02/07/2018 12:00:00 PM,4,2,2
01/21/2018 12:00:00 AM,1,1,0
02/21/2018 04:00:00 PM,6,6,0
02/03/2018 04:00:00 PM,0,0,0
01/05/2018 04:00:00 AM,1,1,0
01/14/2018 04:00:00 AM,0,0,0
01/21/2018 07:00:00 PM,0,0,0
01/16/2018 10:00:00 AM,8,2,6
02/11/2018 09:00:00 PM,0,0,0
02/06/2018 02:00:00 AM,0,0,0
02/09/2018 12:00:00 PM,3,1,2
01/18/2018 12:00:00 PM,1,0,1
02/25/2018 09:00:00 PM,0,0,0
01/28/2018 11:00:00 PM,0,0,0
01/10/2018 05:00:00 AM,2,2,0
02/26/2018 10:00:00 PM,0,0,0
01/08/2018 08:00:00 AM,6,6,0
02/13/2018 09:00:00 PM,0,0,0
01/20/2018 06:00:00 PM,6,6,0
02/02/2018 02:00:00 AM,0,0,0
01/15/2018 01:00:00 PM,8,4,4
01/26/2018 10:00:00 PM,0,0,0
02/26/2018 10:00:00 AM,4,1,3
02/08/2018 10:00:00 AM,3,0,3
02/14/2018 02:00:00 PM,7,7,0
01/16/2018 01:00:00 AM,1,1,0
01/18/2018 03:00:00 AM,0,0,0
02/04/2018 01:00:00 AM,0,0,0
02/11/2018 07:00:00 AM,3,2,1
01/15/2018 09:00:00 PM,1,1,0
02/01/2018 05:00:00 AM,0,0,0
01/24/2018 02:00:00 AM,1,1,0
01/19/2018 07:00:00 AM,3,0,3
01/08/2018 07:00:00 AM,6,5,1
01/02/2018 06:00:00 AM,0,0,0
01/11/2018 02:00:00 PM,1,1,0
02/07/2018 11:00:00 PM,1,1,0
01/22/2018 09:00:00 AM,4,0,4
02/07/2018 06:00:00 AM,0,0,0
01/23/2018 05:00:00 PM,26,26,0
02/11/2018 10:00:00 AM,2,1,1
01/21/2018 10:00:00 PM,1,0,1
01/16/2018 02:00:00 AM,0,0,0
01/12/2018 07:00:00 AM,2,0,2
01/07/2018 04:00:00 AM,0,0,0
02/25/2018 03:00:00 AM,0,0,0
02/16/2018 08:00:00 PM,1,1,0
02/23/2018 05:00:00 PM,13,13,0
01/12/2018 05:00:00 AM,0,0,0
01/03/2018 12:00:00 AM,0,0,0
02/11/2018 09:00:00 AM,5,1,4
01/30/2018 07:00:00 PM,13,13,0
01/03/2018 06:00:00 AM,0,0,0
02/11/2018 03:00:00 AM,0,0,0
02/10/2018 11:00:00 AM,11,5,6
01/31/2018 11:00:00 PM,0,0,0
02/22/2018 07:00:00 PM,0,0,0
01/23/2018 03:00:00 AM,0,0,0
02/27/2018 10:00:00 PM,1,1,0
02/16/2018 02:00:00 AM,0,0,0
01/15/2018 06:00:00 AM,1,1,0
01/04/2018 09:00:00 PM,1,1,0
02/19/2018 11:00:00 PM,1,1,0
02/23/2018 03:00:00 AM,0,0,0
02/07/2018 03:00:00 PM,6,4,2
01/26/2018 08:00:00 PM,0,0,0
02/05/2018 06:00:00 PM,17,17,0
01/06/2018 08:00:00 PM,2,1,1
02/09/2018 04:00:00 AM,0,0,0
01/27/2018 01:00:00 AM,1,1,0
02/04/2018 06:00:00 PM,0,0,0
02/11/2018 04:00:00 PM,4,4,0
01/28/2018 09:00:00 PM,0,0,0
02/28/2018 02:00:00 PM,3,3,0
01/31/2018 08:00:00 AM,8,0,8
02/25/2018 10:00:00 AM,2,2,0
01/05/2018 07:00:00 AM,4,4,0
02/07/2018 08:00:00 AM,11,1,10
02/19/2018 04:00:00 PM,6,5,1
02/12/2018 02:00:00 AM,0,0,0
01/15/2018 04:00:00 AM,0,0,0
01/24/2018 08:00:00 AM,3,0,3
01/08/2018 02:00:00 AM,0,0,0
02/06/2018 09:00:00 AM,5,3,2
02/01/2018 03:00:00 PM,0,0,0
01/17/2018 04:00:00 AM,0,0,0
02/22/2018 03:00:00 PM,13,6,7
02/21/2018 01:00:00 PM,1,0,1
01/22/2018 06:00:00 AM,0,0,0
02/02/2018 01:00:00 PM,6,5,1
01/04/2018 09:00:00 AM,2,2,0
02/05/2018 07:00:00 PM,5,5,0
02/12/2018 01:00:00 PM,5,5,0
01/07/2018 04:00:00 PM,1,1,0
02/11/2018 06:00:00 AM,0,0,0
01/18/2018 01:00:00 PM,3,3,0
02/08/2018 12:00:00 PM,4,1,3
02/19/2018 08:00:00 PM,0,0,0
02/28/2018 08:00:00 PM,2,2,0
01/14/2018 03:00:00 AM,0,0,0
01/19/2018 09:00:00 AM,2,0,2
01/15/2018 12:00:00 PM,7,4,3
01/25/2018 08:00:00 PM,2,2,0
01/25/2018 05:00:00 PM,22,21,1
02/27/2018 03:00:00 PM,6,5,1
02/15/2018 03:00:00 PM,3,3,0
01/20/2018 03:00:00 AM,0,0,0
01/19/2018 04:00:00 PM,12,12,0
01/07/2018 07:00:00 PM,0,0,0
02/18/2018 05:00:00 AM,0,0,0
01/08/2018 01:00:00 PM,4,4,0
01/08/2018 07:00:00 PM,4,4,0
02/09/2018 12:00:00 AM,0,0,0
01/06/2018 12:00:00 PM,5,5,0
02/12/2018 03:00:00 PM,5,4,1
01/30/2018 10:00:00 AM,4,1,3
01/26/2018 02:00:00 AM,0,0,0
02/24/2018 08:00:00 AM,0,0,0
01/27/2018 07:00:00 AM,1,1,0
01/04/2018 12:00:00 AM,0,0,0
02/20/2018 08:00:00 AM,6,0,6
01/28/2018 07:00:00 AM,2,2,0
01/12/2018 04:00:00 AM,0,0,0
01/07/2018 08:00:00 AM,3,3,0
01/17/2018 06:00:00 PM,12,12,0
01/10/2018 01:00:00 AM,0,0,0
01/20/2018 06:00:00 AM,0,0,0
02/01/2018 09:00:00 PM,0,0,0
01/25/2018 04:00:00 PM,10,10,0
01/19/2018 04:00:00 AM,0,0,0
01/12/2018 01:00:00 AM,0,0,0
01/19/2018 10:00:00 AM,4,2,2
01/09/2018 09:00:00 AM,6,6,0
01/25/2018 06:00:00 AM,0,0,0
02/22/2018 04:00:00 PM,5,4,1
02/05/2018 09:00:00 PM,1,1,0
01/02/2018 09:00:00 PM,1,1,0
01/03/2018 04:00:00 PM,3,3,0
02/25/2018 04:00:00 PM,5,5,0
01/23/2018 02:00:00 PM,2,2,0
02/03/2018 02:00:00 AM,0,0,0
02/04/2018 05:00:00 AM,0,0,0
02/09/2018 02:00:00 PM,7,7,0
02/22/2018 01:00:00 PM,2,2,0
02/10/2018 10:00:00 PM,0,0,0
02/02/2018 03:00:00 AM,0,0,0
02/21/2018 05:00:00 PM,18,16,2
01/24/2018 12:00:00 PM,2,1,1
01/26/2018 11:00:00 PM,0,0,0
01/29/2018 07:00:00 PM,4,4,0
02/26/2018 03:00:00 AM,0,0,0
01/16/2018 04:00:00 PM,13,12,1
02/18/2018 01:00:00 AM,0,0,0
02/26/2018 03:00:00 PM,8,7,1
01/15/2018 07:00:00 AM,1,1,0
01/09/2018 11:00:00 PM,0,0,0
01/18/2018 04:00:00 AM,0,0,0
02/01/2018 02:00:00 PM,3,2,1
01/31/2018 01:00:00 PM,5,4,1
02/06/2018 08:00:00 AM,11,1,10
01/04/2018 07:00:00 AM,5,5,0
02/04/2018 05:00:00 PM,4,4,0
01/08/2018 09:00:00 PM,0,0,0
02/01/2018 04:00:00 PM,14,14,0
02/28/2018 09:00:00 AM,4,1,3
01/11/2018 06:00:00 PM,12,12,0
02/20/2018 06:00:00 AM,0,0,0
01/09/2018 02:00:00 PM,1,1,0
02/01/2018 11:00:00 AM,5,1,4
02/13/2018 01:00:00 PM,2,0,2
02/07/2018 07:00:00 AM,3,1,2
01/21/2018 12:00:00 PM,4,2,2
02/18/2018 06:00:00 AM,0,0,0
02/17/2018 10:00:00 AM,1,1,0
01/03/2018 08:00:00 AM,0,0,0
02/27/2018 11:00:00 AM,2,1,1
01/12/2018 02:00:00 PM,3,3,0
01/26/2018 09:00:00 AM,5,0,5
01/06/2018 04:00:00 PM,4,4,0
01/15/2018 04:00:00 PM,11,10,1
02/05/2018 11:00:00 AM,1,0,1
02/20/2018 10:00:00 AM,4,0,4
02/04/2018 06:00:00 AM,0,0,0
02/07/2018 03:00:00 AM,0,0,0
01/27/2018 08:00:00 PM,1,1,0
01/09/2018 02:00:00 AM,0,0,0
02/24/2018 08:00:00 PM,0,0,0
02/18/2018 12:00:00 AM,1,1,0
02/02/2018 11:00:00 PM,1,1,0
02/23/2018 02:00:00 PM,1,1,0
02/03/2018 11:00:00 AM,4,4,0
01/16/2018 11:00:00 AM,4,2,2
02/24/2018 12:00:00 AM,1,1,0
02/27/2018 04:00:00 PM,9,9,0
01/19/2018 06:00:00 AM,0,0,0
01/06/2018 02:00:00 AM,0,0,0
01/30/2018 01:00:00 AM,0,0,0
02/12/2018 06:00:00 PM,22,21,1
01/09/2018 10:00:00 PM,0,0,0
02/06/2018 01:00:00 AM,1,1,0
01/27/2018 09:00:00 AM,5,2,3
02/04/2018 03:00:00 AM,0,0,0
02/03/2018 01:00:00 PM,5,4,1
01/18/2018 08:00:00 PM,2,2,0
02/11/2018 08:00:00 AM,0,0,0
01/24/2018 09:00:00 AM,4,0,4
01/08/2018 03:00:00 AM,0,0,0
02/11/2018 04:00:00 AM,0,0,0
01/29/2018 08:00:00 AM,4,1,3
02/03/2018 04:00:00 AM,0,0,0
01/15/2018 02:00:00 PM,4,4,0
01/25/2018 09:00:00 AM,5,0,5
02/15/2018 06:00:00 PM,17,17,0
01/14/2018 12:00:00 PM,10,6,4
01/03/2018 08:00:00 PM,0,0,0
02/21/2018 07:00:00 AM,1,0,1
01/03/2018 11:00:00 PM,0,0,0
01/06/2018 03:00:00 AM,0,0,0
01/18/2018 09:00:00 PM,2,2,0
02/05/2018 04:00:00 AM,1,0,1
02/14/2018 04:00:00 PM,6,6,0
01/20/2018 08:00:00 PM,0,0,0
01/22/2018 07:00:00 PM,11,11,0
01/04/2018 01:00:00 AM,0,0,0
02/17/2018 12:00:00 PM,2,2,0
02/10/2018 11:00:00 PM,1,1,0
01/06/2018 07:00:00 AM,4,4,0
01/27/2018 05:00:00 PM,2,2,0
01/10/2018 11:00:00 PM,2,2,0
02/13/2018 03:00:00 PM,6,5,1
01/18/2018 02:00:00 PM,3,3,0
01/13/2018 01:00:00 PM,6,4,2
02/09/2018 06:00:00 AM,3,0,3
01/12/2018 05:00:00 PM,22,22,0
02/14/2018 10:00:00 AM,3,1,2
02/02/2018 01:00:00 AM,0,0,0
02/19/2018 02:00:00 PM,10,8,2
01/03/2018 07:00:00 AM,0,0,0
01/23/2018 11:00:00 PM,0,0,0
02/24/2018 09:00:00 PM,1,1,0
01/28/2018 11:00:00 AM,4,2,2
02/10/2018 04:00:00 AM,0,0,0
02/13/2018 10:00:00 PM,1,1,0
01/30/2018 11:00:00 AM,6,3,3
02/25/2018 07:00:00 AM,1,0,1
01/21/2018 10:00:00 AM,1,1,0
02/10/2018 08:00:00 AM,8,4,4
02/16/2018 09:00:00 PM,0,0,0
01/13/2018 06:00:00 PM,2,2,0
02/26/2018 06:00:00 AM,0,0,0
01/13/2018 08:00:00 AM,1,1,0
02/04/2018 02:00:00 AM,1,1,0
01/21/2018 03:00:00 AM,0,0,0
02/11/2018 01:00:00 AM,0,0,0
01/21/2018 08:00:00 AM,0,0,0
02/12/2018 11:00:00 AM,1,1,0
02/13/2018 09:00:00 AM,2,0,2
01/05/2018 01:00:00 PM,0,0,0
02/09/2018 01:00:00 PM,3,2,1
01/04/2018 08:00:00 PM,0,0,0
02/24/2018 06:00:00 AM,0,0,0
02/10/2018 12:00:00 AM,0,0,0
02/09/2018 08:00:00 AM,8,1,7
01/10/2018 11:00:00 AM,3,3,0
02/24/2018 10:00:00 AM,10,8,2
02/02/2018 09:00:00 AM,2,0,2
02/08/2018 10:00:00 PM,2,2,0
01/21/2018 08:00:00 PM,0,0,0
01/18/2018 03:00:00 PM,2,1,1
01/13/2018 08:00:00 PM,2,2,0
02/27/2018 06:00:00 PM,15,15,0
02/11/2018 05:00:00 PM,1,1,0
02/01/2018 11:00:00 PM,0,0,0
02/15/2018 02:00:00 AM,1,1,0
01/18/2018 06:00:00 PM,12,12,0
02/08/2018 07:00:00 AM,8,0,8
01/16/2018 09:00:00 PM,1,1,0
01/08/2018 05:00:00 PM,5,5,0
01/05/2018 09:00:00 AM,8,5,3
01/23/2018 06:00:00 PM,15,15,0
02/17/2018 01:00:00 PM,7,4,3
02/12/2018 09:00:00 AM,2,2,0
01/15/2018 08:00:00 PM,0,0,0
02/06/2018 03:00:00 AM,0,0,0
02/02/2018 12:00:00 PM,3,1,2
02/16/2018 12:00:00 PM,5,4,1
01/05/2018 03:00:00 AM,0,0,0
02/14/2018 05:00:00 AM,1,0,1
01/27/2018 07:00:00 PM,2,1,1
01/30/2018 04:00:00 AM,0,0,0
02/15/2018 04:00:00 PM,12,12,0
02/11/2018 07:00:00 PM,2,1,1
01/19/2018 01:00:00 AM,0,0,0
02/14/2018 06:00:00 PM,15,15,0
02/12/2018 05:00:00 AM,0,0,0
01/08/2018 10:00:00 PM,2,2,0
01/15/2018 11:00:00 PM,0,0,0
01/07/2018 10:00:00 AM,3,3,0
01/25/2018 10:00:00 PM,0,0,0
02/17/2018 01:00:00 AM,0,0,0
01/22/2018 02:00:00 AM,0,0,0
02/02/2018 02:00:00 PM,2,2,0
02/22/2018 06:00:00 PM,3,3,0
02/25/2018 03:00:00 PM,2,2,0
02/01/2018 04:00:00 AM,0,0,0
02/20/2018 05:00:00 PM,16,14,2
02/15/2018 05:00:00 AM,0,0,0
01/29/2018 08:00:00 PM,3,3,0
02/14/2018 04:00:00 AM,0,0,0
01/18/2018 12:00:00 AM,1,1,0
01/26/2018 12:00:00 AM,0,0,0
02/13/2018 04:00:00 PM,12,12,0
01/17/2018 06:00:00 AM,1,0,1
01/28/2018 02:00:00 AM,0,0,0
01/02/2018 12:00:00 PM,2,2,0
01/27/2018 11:00:00 AM,2,2,0
02/24/2018 10:00:00 PM,0,0,0
01/05/2018 07:00:00 PM,3,2,1
01/04/2018 03:00:00 PM,2,1,1
02/08/2018 01:00:00 AM,0,0,0
02/14/2018 05:00:00 PM,27,25,2
01/29/2018 03:00:00 AM,0,0,0
02/08/2018 03:00:00 AM,0,0,0
02/23/2018 06:00:00 AM,2,0,2
01/29/2018 06:00:00 PM,15,15,0
02/03/2018 01:00:00 AM,0,0,0
01/26/2018 12:00:00 PM,4,3,1
02/20/2018 04:00:00 AM,0,0,0
01/12/2018 09:00:00 AM,1,0,1
02/19/2018 12:00:00 AM,0,0,0
02/28/2018 04:00:00 AM,0,0,0
02/16/2018 05:00:00 AM,0,0,0
02/28/2018 04:00:00 PM,4,4,0
02/24/2018 06:00:00 PM,2,2,0
02/10/2018 05:00:00 AM,0,0,0
01/02/2018 07:00:00 AM,0,0,0
01/26/2018 01:00:00 AM,0,0,0
01/22/2018 05:00:00 PM,25,25,0
01/06/2018 12:00:00 AM,1,0,1
01/05/2018 08:00:00 PM,3,3,0
02/06/2018 08:00:00 PM,3,3,0
02/16/2018 08:00:00 AM,8,0,8
01/17/2018 08:00:00 AM,3,1,2
01/26/2018 07:00:00 AM,4,1,3
02/01/2018 03:00:00 AM,0,0,0
01/20/2018 10:00:00 PM,0,0,0
02/06/2018 01:00:00 PM,2,1,1
02/20/2018 10:00:00 PM,1,1,0
02/11/2018 12:00:00 PM,9,3,6
02/16/2018 02:00:00 PM,4,4,0
01/02/2018 05:00:00 AM,0,0,0
01/04/2018 05:00:00 AM,2,2,0
01/26/2018 03:00:00 PM,7,7,0
01/22/2018 04:00:00 AM,0,0,0
02/20/2018 05:00:00 AM,0,0,0
01/28/2018 03:00:00 AM,0,0,0
01/14/2018 10:00:00 AM,0,0,0
01/02/2018 09:00:00 AM,0,0,0
01/27/2018 06:00:00 PM,2,2,0
01/14/2018 12:00:00 AM,2,2,0
02/12/2018 05:00:00 PM,27,27,0
02/27/2018 08:00:00 AM,8,1,7
01/23/2018 01:00:00 AM,1,1,0
01/21/2018 02:00:00 AM,0,0,0
02/26/2018 11:00:00 PM,1,1,0
01/18/2018 10:00:00 AM,4,1,3
01/27/2018 02:00:00 PM,3,2,1
01/22/2018 11:00:00 PM,2,1,1
02/24/2018 11:00:00 AM,2,1,1
02/20/2018 02:00:00 AM,0,0,0
01/08/2018 04:00:00 PM,3,3,0
02/28/2018 10:00:00 AM,5,1,4
01/28/2018 06:00:00 PM,2,1,1
01/13/2018 02:00:00 PM,5,4,1
02/02/2018 08:00:00 PM,0,0,0
02/07/2018 02:00:00 PM,7,6,1
02/01/2018 12:00:00 PM,0,0,0
01/29/2018 09:00:00 PM,3,3,0
01/04/2018 11:00:00 PM,0,0,0
01/30/2018 08:00:00 PM,3,3,0
02/26/2018 07:00:00 AM,5,1,4
01/29/2018 07:00:00 AM,2,0,2
02/12/2018 10:00:00 PM,0,0,0
01/15/2018 03:00:00 AM,0,0,0
01/24/2018 01:00:00 AM,1,1,0
02/27/2018 02:00:00 AM,0,0,0
02/07/2018 09:00:00 PM,1,1,0
02/17/2018 12:00:00 AM,0,0,0
02/09/2018 09:00:00 PM,0,0,0
02/04/2018 09:00:00 AM,2,1,1
01/07/2018 10:00:00 PM,0,0,0
02/27/2018 12:00:00 AM,0,0,0
01/17/2018 11:00:00 AM,2,2,0
01/21/2018 01:00:00 PM,3,1,2
02/23/2018 02:00:00 AM,1,1,0
02/03/2018 11:00:00 PM,1,1,0
02/03/2018 05:00:00 AM,0,0,0
02/17/2018 07:00:00 AM,0,0,0
02/16/2018 06:00:00 PM,15,13,2
02/20/2018 12:00:00 PM,2,1,1
02/22/2018 07:00:00 AM,1,0,1
01/30/2018 10:00:00 PM,4,4,0
01/24/2018 06:00:00 PM,18,18,0
02/10/2018 03:00:00 AM,0,0,0
02/12/2018 09:00:00 PM,5,4,1
02/08/2018 12:00:00 AM,2,2,0
02/15/2018 10:00:00 AM,4,0,4
02/06/2018 10:00:00 AM,4,2,2
02/09/2018 07:00:00 AM,7,1,6
01/22/2018 08:00:00 AM,9,0,9
02/28/2018 02:00:00 AM,0,0,0
01/19/2018 07:00:00 PM,3,3,0
02/02/2018 05:00:00 PM,22,22,0
01/26/2018 06:00:00 PM,8,8,0
01/23/2018 09:00:00 PM,0,0,0
01/16/2018 06:00:00 PM,21,21,0
01/17/2018 04:00:00 PM,11,11,0
01/30/2018 11:00:00 PM,0,0,0
01/05/2018 12:00:00 AM,0,0,0
01/23/2018 04:00:00 AM,0,0,0
01/16/2018 05:00:00 AM,0,0,0
02/28/2018 01:00:00 AM,0,0,0
01/21/2018 11:00:00 PM,0,0,0
02/13/2018 08:00:00 AM,8,2,6
01/25/2018 11:00:00 AM,1,1,0
01/29/2018 04:00:00 PM,10,9,1
01/28/2018 08:00:00 AM,0,0,0
02/15/2018 02:00:00 PM,1,1,0
02/22/2018 06:00:00 AM,1,0,1
01/05/2018 05:00:00 AM,0,0,0
01/11/2018 11:00:00 PM,1,1,0
01/09/2018 07:00:00 AM,7,7,0
01/16/2018 12:00:00 AM,1,1,0
01/22/2018 04:00:00 PM,23,23,0
02/07/2018 10:00:00 AM,5,2,3
01/20/2018 12:00:00 PM,6,4,2
01/12/2018 03:00:00 PM,6,5,1
02/10/2018 03:00:00 PM,10,8,2
01/30/2018 05:00:00 PM,29,26,3
01/07/2018 03:00:00 AM,0,0,0
02/22/2018 12:00:00 AM,0,0,0
01/10/2018 12:00:00 AM,1,1,0
01/28/2018 12:00:00 AM,0,0,0
01/05/2018 11:00:00 PM,0,0,0
02/27/2018 11:00:00 PM,1,1,0
02/10/2018 01:00:00 AM,1,0,1
01/18/2018 01:00:00 AM,1,1,0
01/23/2018 01:00:00 PM,2,1,1
01/11/2018 08:00:00 PM,3,3,0
01/16/2018 01:00:00 PM,3,3,0
02/24/2018 09:00:00 AM,2,0,2
01/07/2018 07:00:00 AM,0,0,0
01/08/2018 06:00:00 PM,9,6,3
01/10/2018 08:00:00 AM,11,11,0
01/16/2018 11:00:00 PM,1,1,0
02/13/2018 03:00:00 AM,0,0,0
02/23/2018 07:00:00 AM,3,0,3
01/07/2018 02:00:00 AM,0,0,0
02/19/2018 01:00:00 AM,0,0,0
01/05/2018 04:00:00 PM,5,3,2
02/18/2018 12:00:00 PM,4,3,1
02/06/2018 03:00:00 PM,5,4,1
01/19/2018 12:00:00 PM,1,0,1
01/26/2018 04:00:00 PM,11,11,0
01/26/2018 05:00:00 AM,0,0,0
01/04/2018 08:00:00 AM,7,6,1
02/17/2018 03:00:00 AM,0,0,0
02/23/2018 08:00:00 AM,4,0,4
02/05/2018 10:00:00 PM,2,1,1
01/31/2018 02:00:00 AM,1,1,0
01/10/2018 04:00:00 AM,0,0,0
01/02/2018 03:00:00 AM,0,0,0
01/12/2018 04:00:00 PM,14,14,0
01/14/2018 07:00:00 PM,0,0,0
01/17/2018 10:00:00 AM,5,1,4
01/08/2018 04:00:00 AM,0,0,0
01/09/2018 09:00:00 PM,0,0,0
02/06/2018 04:00:00 AM,0,0,0
02/07/2018 12:00:00 AM,0,0,0
02/25/2018 12:00:00 PM,3,2,1
02/17/2018 06:00:00 AM,0,0,0
01/30/2018 06:00:00 PM,22,21,1
02/03/2018 08:00:00 PM,1,1,0
01/15/2018 12:00:00 AM,1,1,0
02/19/2018 05:00:00 AM,0,0,0
01/13/2018 01:00:00 AM,0,0,0
01/03/2018 04:00:00 AM,0,0,0
02/26/2018 11:00:00 AM,0,0,0
02/26/2018 01:00:00 AM,0,0,0
01/03/2018 03:00:00 AM,0,0,0
01/12/2018 10:00:00 AM,3,1,2
02/04/2018 11:00:00 PM,1,0,1
01/10/2018 05:00:00 PM,29,28,1
01/24/2018 05:00:00 AM,0,0,0
02/07/2018 09:00:00 AM,6,4,2
02/10/2018 01:00:00 PM,11,7,4
01/03/2018 10:00:00 PM,0,0,0
02/19/2018 06:00:00 AM,0,0,0
02/08/2018 08:00:00 AM,11,0,11
02/18/2018 07:00:00 AM,1,0,1
01/21/2018 06:00:00 PM,0,0,0
01/14/2018 05:00:00 PM,5,3,2
01/28/2018 04:00:00 AM,0,0,0
01/06/2018 03:00:00 PM,5,5,0
01/07/2018 01:00:00 PM,5,4,1
01/30/2018 02:00:00 PM,3,2,1
02/18/2018 07:00:00 PM,0,0,0
01/10/2018 09:00:00 AM,5,5,0
02/07/2018 04:00:00 PM,19,18,1
02/24/2018 04:00:00 AM,0,0,0
01/24/2018 03:00:00 PM,5,5,0
02/16/2018 01:00:00 AM,0,0,0
01/23/2018 02:00:00 AM,0,0,0
01/02/2018 08:00:00 AM,0,0,0
01/18/2018 11:00:00 PM,1,1,0
02/17/2018 02:00:00 AM,0,0,0
02/02/2018 07:00:00 PM,7,6,1
01/03/2018 11:00:00 AM,5,5,0
02/16/2018 05:00:00 PM,23,22,1
01/06/2018 01:00:00 AM,0,0,0
02/05/2018 07:00:00 AM,8,1,7
01/19/2018 08:00:00 AM,5,0,5
02/14/2018 02:00:00 AM,0,0,0
01/06/2018 06:00:00 AM,0,0,0
02/16/2018 12:00:00 AM,1,1,0
02/21/2018 02:00:00 AM,1,1,0
02/18/2018 01:00:00 PM,6,5,1
01/14/2018 04:00:00 PM,12,11,1
01/20/2018 11:00:00 AM,4,0,4
02/02/2018 06:00:00 AM,2,0,2
01/10/2018 12:00:00 PM,0,0,0
02/05/2018 01:00:00 PM,5,4,1
01/16/2018 06:00:00 AM,1,0,1
01/14/2018 09:00:00 PM,0,0,0
01/06/2018 05:00:00 AM,0,0,0
02/13/2018 07:00:00 PM,4,4,0
02/21/2018 09:00:00 AM,1,0,1
01/09/2018 05:00:00 PM,5,5,0
02/20/2018 11:00:00 PM,1,1,0
02/06/2018 11:00:00 PM,1,1,0
01/21/2018 05:00:00 AM,0,0,0
01/25/2018 05:00:00 AM,1,0,1
01/17/2018 07:00:00 AM,1,0,1
02/12/2018 11:00:00 PM,0,0,0
02/02/2018 06:00:00 PM,10,10,0
01/24/2018 01:00:00 PM,3,1,2
02/25/2018 06:00:00 AM,0,0,0
02/09/2018 03:00:00 PM,12,10,2
01/16/2018 07:00:00 AM,1,0,1
02/21/2018 11:00:00 PM,0,0,0
01/17/2018 08:00:00 PM,2,2,0
01/04/2018 01:00:00 PM,1,1,0
01/25/2018 12:00:00 PM,0,0,0
02/24/2018 07:00:00 AM,0,0,0
02/08/2018 11:00:00 AM,0,0,0
01/20/2018 05:00:00 AM,0,0,0
02/08/2018 11:00:00 PM,1,1,0
01/26/2018 06:00:00 AM,0,0,0
01/24/2018 07:00:00 AM,1,0,1
01/10/2018 09:00:00 PM,2,2,0
01/08/2018 12:00:00 AM,0,0,0
02/28/2018 05:00:00 AM,0,0,0
02/04/2018 08:00:00 AM,0,0,0
02/16/2018 01:00:00 PM,2,2,0
01/15/2018 02:00:00 AM,0,0,0
02/25/2018 12:00:00 AM,1,1,0
01/06/2018 10:00:00 PM,1,1,0
02/14/2018 09:00:00 PM,1,1,0
01/14/2018 09:00:00 AM,0,0,0
02/03/2018 03:00:00 AM,0,0,0
02/09/2018 10:00:00 PM,0,0,0
01/05/2018 06:00:00 PM,1,1,0
01/13/2018 03:00:00 PM,12,11,1
02/23/2018 07:00:00 PM,1,1,0
01/06/2018 09:00:00 AM,8,6,2
01/15/2018 03:00:00 PM,10,9,1
01/26/2018 02:00:00 PM,4,3,1
02/09/2018 10:00:00 AM,1,0,1
02/23/2018 11:00:00 AM,4,1,3
01/24/2018 05:00:00 PM,23,22,1
01/03/2018 05:00:00 AM,1,1,0
02/09/2018 01:00:00 AM,1,1,0
02/17/2018 02:00:00 PM,5,5,0
02/27/2018 05:00:00 PM,20,18,2
02/10/2018 02:00:00 AM,0,0,0
01/20/2018 03:00:00 PM,1,1,0
01/22/2018 10:00:00 PM,0,0,0
01/14/2018 03:00:00 PM,12,10,2
02/06/2018 05:00:00 PM,35,33,2
01/08/2018 08:00:00 PM,2,1,1
01/29/2018 05:00:00 AM,0,0,0
01/31/2018 07:00:00 PM,8,8,0
02/11/2018 11:00:00 AM,8,5,3
01/11/2018 01:00:00 AM,0,0,0
02/11/2018 05:00:00 AM,0,0,0
01/14/2018 07:00:00 AM,2,0,2
01/31/2018 05:00:00 AM,1,1,0
02/22/2018 08:00:00 PM,0,0,0
02/05/2018 12:00:00 PM,2,1,1
01/20/2018 09:00:00 PM,0,0,0
02/26/2018 08:00:00 AM,8,0,8
02/08/2018 06:00:00 PM,19,19,0
01/11/2018 09:00:00 AM,2,1,1
02/28/2018 08:00:00 AM,7,0,7
01/31/2018 02:00:00 PM,4,1,3
01/12/2018 12:00:00 AM,2,2,0
02/18/2018 08:00:00 PM,0,0,0
02/22/2018 09:00:00 PM,2,2,0
02/19/2018 08:00:00 AM,3,0,3
02/04/2018 04:00:00 PM,4,4,0
02/20/2018 01:00:00 AM,0,0,0
02/07/2018 11:00:00 AM,0,0,0
02/05/2018 08:00:00 PM,2,2,0
01/22/2018 08:00:00 PM,0,0,0
02/28/2018 11:00:00 AM,1,1,0
01/28/2018 01:00:00 PM,3,1,2
01/11/2018 02:00:00 AM,0,0,0
01/12/2018 07:00:00 PM,7,7,0
01/21/2018 09:00:00 AM,1,0,1
01/15/2018 10:00:00 AM,3,2,1
01/29/2018 09:00:00 AM,3,0,3
02/16/2018 04:00:00 AM,0,0,0
01/11/2018 07:00:00 PM,4,4,0
01/19/2018 12:00:00 AM,0,0,0
01/04/2018 11:00:00 AM,1,1,0
02/15/2018 09:00:00 PM,2,2,0
02/27/2018 07:00:00 AM,3,0,3
02/21/2018 08:00:00 PM,5,4,1
01/21/2018 01:00:00 AM,0,0,0
02/11/2018 03:00:00 PM,9,8,1
02/07/2018 01:00:00 PM,4,3,1
01/11/2018 08:00:00 AM,4,1,3
02/13/2018 12:00:00 AM,1,1,0
02/15/2018 08:00:00 PM,2,2,0
01/18/2018 11:00:00 AM,2,2,0
01/30/2018 12:00:00 PM,5,4,1
01/02/2018 10:00:00 PM,0,0,0
02/17/2018 11:00:00 AM,2,1,1
01/27/2018 03:00:00 PM,3,2,1
01/07/2018 11:00:00 PM,0,0,0
02/02/2018 05:00:00 AM,0,0,0
02/04/2018 02:00:00 PM,12,11,1
02/21/2018 12:00:00 AM,0,0,0
02/25/2018 11:00:00 AM,5,3,2
01/31/2018 11:00:00 AM,3,1,2
02/21/2018 09:00:00 PM,0,0,0
02/24/2018 05:00:00 PM,3,1,2
01/13/2018 06:00:00 AM,0,0,0
01/08/2018 03:00:00 PM,7,6,1
01/04/2018 02:00:00 PM,3,3,0
02/10/2018 02:00:00 PM,3,2,1
02/18/2018 09:00:00 PM,0,0,0
02/06/2018 07:00:00 AM,3,0,3
02/23/2018 01:00:00 PM,2,1,1
02/22/2018 11:00:00 PM,0,0,0
02/19/2018 11:00:00 AM,2,0,2
02/08/2018 05:00:00 AM,1,0,1
02/23/2018 08:00:00 PM,0,0,0
01/23/2018 09:00:00 AM,4,0,4
01/29/2018 02:00:00 AM,0,0,0
01/03/2018 12:00:00 PM,5,5,0
01/22/2018 03:00:00 AM,0,0,0
01/19/2018 11:00:00 AM,3,3,0
02/11/2018 12:00:00 AM,1,1,0
01/13/2018 12:00:00 PM,4,2,2
02/16/2018 07:00:00 AM,7,0,7
02/22/2018 05:00:00 AM,0,0,0
01/27/2018 06:00:00 AM,0,0,0
02/14/2018 11:00:00 AM,0,0,0
02/07/2018 08:00:00 PM,0,0,0
01/16/2018 07:00:00 PM,5,5,0
01/04/2018 04:00:00 AM,0,0,0
01/24/2018 04:00:00 AM,0,0,0
01/23/2018 06:00:00 AM,2,0,2
01/15/2018 10:00:00 PM,1,1,0
02/14/2018 01:00:00 PM,2,2,0
01/07/2018 01:00:00 AM,0,0,0
02/23/2018 10:00:00 PM,0,0,0
01/21/2018 09:00:00 PM,2,2,0
02/25/2018 02:00:00 PM,6,5,1
02/06/2018 10:00:00 PM,1,1,0
02/13/2018 01:00:00 AM,1,1,0
01/11/2018 04:00:00 AM,0,0,0
02/16/2018 04:00:00 PM,8,8,0
01/14/2018 01:00:00 PM,16,8,8
01/23/2018 10:00:00 AM,3,0,3
01/13/2018 07:00:00 PM,0,0,0
01/29/2018 10:00:00 AM,1,0,1
01/26/2018 09:00:00 PM,0,0,0
02/26/2018 12:00:00 AM,0,0,0
01/06/2018 11:00:00 AM,5,5,0
02/15/2018 12:00:00 AM,1,1,0
02/13/2018 06:00:00 PM,19,19,0
02/24/2018 02:00:00 PM,5,5,0
01/20/2018 02:00:00 PM,7,6,1
01/24/2018 07:00:00 PM,4,4,0
01/04/2018 06:00:00 AM,3,3,0
01/03/2018 02:00:00 AM,0,0,0
02/12/2018 04:00:00 AM,0,0,0
02/25/2018 02:00:00 AM,0,0,0
02/21/2018 02:00:00 PM,4,4,0
02/26/2018 05:00:00 PM,16,16,0
02/23/2018 04:00:00 AM,0,0,0
01/09/2018 08:00:00 AM,9,9,0
01/12/2018 02:00:00 AM,0,0,0
01/26/2018 04:00:00 AM,0,0,0
02/13/2018 05:00:00 PM,27,26,1
02/22/2018 04:00:00 AM,0,0,0
02/19/2018 03:00:00 AM,0,0,0
01/13/2018 12:00:00 AM,1,1,0
01/05/2018 11:00:00 AM,4,3,1
01/02/2018 05:00:00 PM,3,3,0
02/17/2018 05:00:00 PM,0,0,0
02/18/2018 11:00:00 PM,0,0,0
01/31/2018 04:00:00 AM,0,0,0
02/25/2018 01:00:00 PM,6,3,3
01/22/2018 03:00:00 PM,6,3,3
01/23/2018 11:00:00 AM,1,0,1
01/06/2018 01:00:00 PM,3,3,0
02/07/2018 10:00:00 PM,0,0,0
02/26/2018 09:00:00 PM,1,0,1
01/19/2018 01:00:00 PM,2,1,1
02/13/2018 02:00:00 AM,0,0,0
01/31/2018 05:00:00 PM,31,30,1
02/24/2018 05:00:00 AM,0,0,0
02/13/2018 08:00:00 PM,3,3,0
01/28/2018 06:00:00 AM,0,0,0
02/19/2018 02:00:00 AM,1,1,0
01/02/2018 12:00:00 AM,0,0,0
02/12/2018 07:00:00 PM,6,6,0
02/08/2018 08:00:00 PM,2,2,0
02/23/2018 10:00:00 AM,1,0,1
01/09/2018 08:00:00 PM,1,1,0
02/14/2018 12:00:00 AM,1,1,0
02/21/2018 03:00:00 AM,0,0,0
01/08/2018 11:00:00 AM,7,6,1
01/03/2018 01:00:00 PM,3,3,0
01/22/2018 09:00:00 PM,4,4,0
01/05/2018 09:00:00 PM,1,1,0
02/18/2018 10:00:00 PM,0,0,0
01/20/2018 09:00:00 AM,4,0,4
01/11/2018 11:00:00 AM,2,2,0
02/28/2018 06:00:00 PM,18,18,0
02/25/2018 11:00:00 PM,1,1,0
02/15/2018 10:00:00 PM,1,1,0
02/12/2018 06:00:00 AM,1,0,1
02/08/2018 03:00:00 PM,4,3,1
02/04/2018 07:00:00 AM,0,0,0
02/25/2018 05:00:00 PM,0,0,0
01/12/2018 06:00:00 AM,0,0,0
02/19/2018 01:00:00 PM,2,1,1
02/14/2018 06:00:00 AM,2,0,2
01/06/2018 06:00:00 PM,0,0,0
02/27/2018 10:00:00 AM,4,0,4
01/16/2018 12:00:00 PM,3,3,0
02/03/2018 06:00:00 PM,1,1,0
02/12/2018 10:00:00 AM,4,0,4
02/28/2018 09:00:00 PM,0,0,0
01/16/2018 04:00:00 AM,0,0,0
02/16/2018 06:00:00 AM,0,0,0
01/18/2018 05:00:00 PM,28,27,1
02/26/2018 12:00:00 PM,3,2,1
02/24/2018 03:00:00 PM,2,0,2
02/27/2018 09:00:00 PM,1,1,0
02/05/2018 03:00:00 PM,8,7,1
01/10/2018 02:00:00 AM,1,1,0
01/10/2018 08:00:00 PM,3,3,0
02/25/2018 08:00:00 PM,2,2,0
01/23/2018 12:00:00 AM,0,0,0
01/25/2018 08:00:00 AM,7,2,5
01/12/2018 12:00:00 PM,1,1,0
01/07/2018 06:00:00 AM,1,1,0
01/25/2018 04:00:00 AM,0,0,0
02/26/2018 04:00:00 PM,9,9,0
01/30/2018 09:00:00 PM,0,0,0
02/05/2018 05:00:00 PM,21,21,0
01/30/2018 06:00:00 AM,1,0,1
01/14/2018 05:00:00 AM,0,0,0
02/26/2018 02:00:00 PM,4,4,0
02/18/2018 05:00:00 PM,1,1,0
01/29/2018 04:00:00 AM,1,1,0
01/23/2018 10:00:00 PM,2,2,0
02/08/2018 09:00:00 PM,2,2,0
01/12/2018 08:00:00 AM,8,3,5
01/31/2018 10:00:00 AM,3,0,3
01/25/2018 02:00:00 PM,1,0,1
02/26/2018 01:00:00 PM,2,2,0
01/04/2018 12:00:00 PM,2,1,1
02/13/2018 04:00:00 AM,0,0,0
01/21/2018 06:00:00 AM,0,0,0
01/09/2018 01:00:00 PM,2,1,1
01/25/2018 07:00:00 AM,2,0,2
02/02/2018 04:00:00 PM,14,14,0
02/10/2018 05:00:00 PM,5,3,2
02/14/2018 03:00:00 AM,0,0,0
02/09/2018 04:00:00 PM,14,13,1
01/05/2018 02:00:00 AM,0,0,0
02/27/2018 01:00:00 AM,0,0,0
01/31/2018 07:00:00 AM,2,0,2
01/28/2018 01:00:00 AM,0,0,0
02/28/2018 03:00:00 PM,3,1,2
01/15/2018 11:00:00 AM,3,2,1
02/17/2018 04:00:00 PM,3,2,1
01/14/2018 08:00:00 PM,0,0,0
01/03/2018 05:00:00 PM,5,5,0
01/19/2018 06:00:00 PM,12,12,0
01/22/2018 12:00:00 PM,7,6,1
01/28/2018 07:00:00 PM,1,1,0
01/11/2018 07:00:00 AM,2,0,2
02/01/2018 08:00:00 PM,1,1,0
02/09/2018 11:00:00 AM,6,1,5
02/18/2018 02:00:00 PM,3,2,1
01/23/2018 08:00:00 PM,4,4,0
02/19/2018 07:00:00 PM,1,1,0
02/22/2018 05:00:00 PM,4,4,0
02/04/2018 08:00:00 PM,1,1,0
01/06/2018 07:00:00 PM,1,1,0
02/13/2018 10:00:00 AM,1,0,1
01/28/2018 04:00:00 PM,6,5,1
02/13/2018 11:00:00 PM,1,1,0
01/25/2018 10:00:00 AM,4,0,4
02/26/2018 07:00:00 PM,3,3,0
02/18/2018 08:00:00 AM,0,0,0
02/18/2018 06:00:00 PM,2,2,0
01/21/2018 05:00:00 PM,0,0,0
01/13/2018 10:00:00 PM,0,0,0
02/12/2018 01:00:00 AM,0,0,0
01/28/2018 02:00:00 PM,3,2,1
02/10/2018 04:00:00 PM,3,3,0
01/27/2018 12:00:00 PM,3,2,1
01/15/2018 08:00:00 AM,2,0,2
01/04/2018 02:00:00 AM,0,0,0
01/28/2018 05:00:00 AM,0,0,0
01/16/2018 05:00:00 PM,30,29,1
02/06/2018 07:00:00 PM,10,10,0
02/13/2018 11:00:00 AM,3,1,2
01/13/2018 03:00:00 AM,0,0,0
01/15/2018 09:00:00 AM,1,1,0
02/17/2018 06:00:00 PM,2,2,0
02/16/2018 07:00:00 PM,6,6,0
02/16/2018 03:00:00 AM,0,0,0
01/02/2018 06:00:00 PM,1,1,0
01/17/2018 05:00:00 PM,19,18,1
02/12/2018 12:00:00 PM,4,3,1
02/20/2018 07:00:00 AM,2,0,2
01/31/2018 06:00:00 PM,21,21,0
01/27/2018 12:00:00 AM,0,0,0
01/19/2018 11:00:00 PM,2,2,0
01/17/2018 11:00:00 PM,0,0,0
01/19/2018 10:00:00 PM,1,1,0
01/14/2018 11:00:00 AM,10,1,9
01/22/2018 11:00:00 AM,4,4,0
01/12/2018 10:00:00 PM,0,0,0
01/24/2018 11:00:00 PM,2,1,1
02/20/2018 01:00:00 PM,1,1,0
02/22/2018 11:00:00 AM,0,0,0
01/29/2018 11:00:00 AM,1,0,1
01/02/2018 10:00:00 AM,2,2,0
01/19/2018 05:00:00 AM,0,0,0
01/18/2018 04:00:00 PM,9,9,0
02/20/2018 03:00:00 AM,0,0,0
01/16/2018 08:00:00 PM,5,5,0
01/13/2018 04:00:00 PM,7,5,2
02/22/2018 01:00:00 AM,0,0,0
01/27/2018 05:00:00 AM,0,0,0
01/24/2018 08:00:00 PM,2,2,0
01/17/2018 02:00:00 AM,1,1,0
01/14/2018 08:00:00 AM,2,2,0
02/09/2018 11:00:00 PM,1,1,0
01/20/2018 12:00:00 AM,0,0,0
02/01/2018 06:00:00 AM,1,0,1
02/26/2018 09:00:00 AM,1,0,1
02/03/2018 09:00:00 AM,4,0,4
01/04/2018 10:00:00 AM,2,2,0
02/28/2018 10:00:00 PM,0,0,0
02/27/2018 05:00:00 AM,0,0,0
02/07/2018 01:00:00 AM,1,1,0
01/23/2018 08:00:00 AM,8,3,5
01/21/2018 04:00:00 PM,3,3,0
02/13/2018 05:00:00 AM,0,0,0
01/11/2018 03:00:00 PM,4,4,0
01/31/2018 12:00:00 PM,3,2,1
02/21/2018 10:00:00 AM,2,1,1
02/05/2018 03:00:00 AM,0,0,0
01/02/2018 02:00:00 AM,0,0,0
02/16/2018 11:00:00 PM,1,1,0
02/03/2018 12:00:00 AM,0,0,0
01/19/2018 02:00:00 PM,7,6,1
01/21/2018 03:00:00 PM,3,3,0
01/17/2018 02:00:00 PM,5,5,0
02/15/2018 01:00:00 AM,0,0,0
01/10/2018 06:00:00 PM,20,20,0
01/17/2018 05:00:00 AM,0,0,0
02/19/2018 10:00:00 PM,0,0,0
02/28/2018 03:00:00 AM,1,1,0
02/23/2018 04:00:00 PM,7,7,0
01/11/2018 06:00:00 AM,1,0,1
02/03/2018 03:00:00 PM,3,2,1
02/14/2018 11:00:00 PM,0,0,0
01/10/2018 03:00:00 PM,4,4,0
02/20/2018 09:00:00 AM,3,0,3
02/04/2018 10:00:00 PM,0,0,0
01/10/2018 07:00:00 PM,9,9,0
02/17/2018 08:00:00 AM,3,1,2
02/27/2018 04:00:00 AM,0,0,0
02/01/2018 02:00:00 AM,1,1,0
01/22/2018 01:00:00 PM,6,5,1
01/02/2018 04:00:00 PM,0,0,0
02/19/2018 09:00:00 AM,1,1,0
01/08/2018 06:00:00 AM,2,2,0
02/18/2018 03:00:00 PM,1,0,1
01/10/2018 10:00:00 PM,0,0,0
01/13/2018 10:00:00 AM,2,2,0
01/04/2018 04:00:00 PM,3,3,0
02/09/2018 07:00:00 PM,6,6,0
02/18/2018 04:00:00 AM,0,0,0
01/26/2018 11:00:00 AM,0,0,0
01/07/2018 11:00:00 AM,5,4,1
02/23/2018 12:00:00 AM,0,0,0
02/25/2018 08:00:00 AM,0,0,0
02/04/2018 12:00:00 PM,6,5,1
02/02/2018 07:00:00 AM,4,0,4
02/14/2018 03:00:00 PM,6,5,1
01/18/2018 06:00:00 AM,0,0,0
01/09/2018 06:00:00 PM,5,4,1
02/12/2018 04:00:00 PM,13,11,2
01/11/2018 03:00:00 AM,0,0,0
01/30/2018 08:00:00 AM,9,2,7
01/23/2018 07:00:00 PM,6,6,0
02/04/2018 12:00:00 AM,1,1,0
02/05/2018 04:00:00 PM,14,14,0
02/06/2018 12:00:00 AM,2,2,0
01/10/2018 02:00:00 PM,6,6,0
01/31/2018 08:00:00 PM,0,0,0
02/11/2018 08:00:00 PM,0,0,0
01/09/2018 12:00:00 AM,0,0,0
02/20/2018 07:00:00 PM,4,4,0
02/21/2018 05:00:00 AM,0,0,0
02/20/2018 03:00:00 PM,5,4,1
02/21/2018 01:00:00 AM,0,0,0
01/17/2018 01:00:00 PM,4,4,0
01/26/2018 10:00:00 AM,3,1,2
01/02/2018 11:00:00 AM,2,2,0
01/11/2018 12:00:00 AM,2,2,0
02/16/2018 09:00:00 AM,1,0,1
02/25/2018 10:00:00 PM,0,0,0
02/15/2018 12:00:00 PM,0,0,0
02/21/2018 10:00:00 PM,0,0,0
02/20/2018 04:00:00 PM,12,11,1
02/19/2018 06:00:00 PM,1,1,0
02/04/2018 03:00:00 PM,12,8,4
01/13/2018 11:00:00 AM,2,2,0
02/15/2018 03:00:00 AM,0,0,0
02/17/2018 03:00:00 PM,3,1,2
01/25/2018 01:00:00 AM,0,0,0
01/11/2018 10:00:00 PM,0,0,0
01/07/2018 03:00:00 PM,0,0,0
01/31/2018 12:00:00 AM,1,1,0
01/16/2018 03:00:00 PM,4,4,0
01/02/2018 02:00:00 PM,2,1,1
02/21/2018 06:00:00 AM,2,0,2
02/03/2018 06:00:00 AM,0,0,0
01/22/2018 06:00:00 PM,19,19,0
02/08/2018 01:00:00 PM,4,2,2
01/29/2018 02:00:00 PM,3,3,0
02/27/2018 08:00:00 PM,3,3,0
01/19/2018 03:00:00 PM,10,10,0
02/24/2018 01:00:00 AM,0,0,0
01/22/2018 02:00:00 PM,5,5,0
01/03/2018 10:00:00 AM,1,1,0
01/09/2018 01:00:00 AM,0,0,0
02/23/2018 01:00:00 AM,0,0,0
02/10/2018 09:00:00 PM,0,0,0
01/25/2018 07:00:00 PM,9,9,0
02/03/2018 05:00:00 PM,1,1,0
02/28/2018 01:00:00 PM,5,4,1
02/25/2018 01:00:00 AM,0,0,0
01/20/2018 01:00:00 AM,0,0,0
02/17/2018 07:00:00 PM,0,0,0
01/08/2018 05:00:00 AM,4,4,0
02/23/2018 11:00:00 PM,0,0,0
02/03/2018 02:00:00 PM,4,4,0
01/27/2018 10:00:00 AM,3,2,1
01/12/2018 06:00:00 PM,13,13,0
01/10/2018 07:00:00 AM,4,4,0
02/20/2018 06:00:00 PM,12,12,0
01/13/2018 05:00:00 PM,3,2,1
01/23/2018 07:00:00 AM,1,0,1
02/26/2018 06:00:00 PM,22,22,0
01/05/2018 01:00:00 AM,0,0,0
01/28/2018 03:00:00 PM,8,8,0
01/28/2018 10:00:00 PM,0,0,0
02/03/2018 07:00:00 AM,0,0,0
01/29/2018 10:00:00 PM,0,0,0
01/10/2018 03:00:00 AM,0,0,0
02/06/2018 05:00:00 AM,1,0,1
02/23/2018 06:00:00 PM,4,4,0
01/18/2018 09:00:00 AM,1,0,1
01/24/2018 11:00:00 AM,0,0,0
02/28/2018 07:00:00 AM,2,0,2
01/09/2018 03:00:00 AM,0,0,0
02/05/2018 02:00:00 AM,0,0,0
01/05/2018 08:00:00 AM,6,6,0
02/08/2018 02:00:00 PM,3,2,1
01/21/2018 07:00:00 AM,1,0,1
01/25/2018 01:00:00 PM,3,2,1
02/06/2018 12:00:00 PM,5,4,1
02/03/2018 08:00:00 AM,1,1,0
02/27/2018 09:00:00 AM,9,2,7
01/05/2018 10:00:00 AM,5,3,2
02/21/2018 12:00:00 PM,6,3,3
01/23/2018 04:00:00 PM,9,8,1
01/02/2018 03:00:00 PM,0,0,0
02/04/2018 10:00:00 AM,3,2,1
01/28/2018 08:00:00 PM,1,1,0
01/28/2018 09:00:00 AM,1,0,1
01/19/2018 09:00:00 PM,0,0,0
01/30/2018 07:00:00 AM,1,0,1
01/11/2018 05:00:00 AM,0,0,0
01/17/2018 03:00:00 PM,7,7,0
02/26/2018 02:00:00 AM,0,0,0
02/17/2018 10:00:00 PM,1,1,0
02/27/2018 12:00:00 PM,4,4,0
01/31/2018 04:00:00 PM,7,7,0
02/05/2018 10:00:00 AM,4,2,2
02/01/2018 07:00:00 AM,3,0,3
01/19/2018 08:00:00 PM,2,2,0
02/05/2018 05:00:00 AM,1,0,1
02/27/2018 06:00:00 AM,2,0,2
01/06/2018 08:00:00 AM,2,2,0
01/11/2018 10:00:00 AM,1,0,1
01/17/2018 10:00:00 PM,1,1,0
01/13/2018 05:00:00 AM,0,0,0
01/30/2018 03:00:00 PM,5,3,2
02/01/2018 10:00:00 AM,5,0,5
01/07/2018 12:00:00 AM,0,0,0
01/17/2018 01:00:00 AM,0,0,0
01/03/2018 09:00:00 AM,0,0,0
02/10/2018 07:00:00 AM,2,1,1
02/10/2018 10:00:00 AM,4,2,2
01/17/2018 12:00:00 AM,1,1,0
01/09/2018 05:00:00 AM,0,0,0
01/07/2018 08:00:00 PM,2,2,0
02/28/2018 06:00:00 AM,1,0,1
01/23/2018 05:00:00 AM,0,0,0
02/22/2018 10:00:00 PM,0,0,0
02/19/2018 05:00:00 PM,2,2,0
02/01/2018 01:00:00 AM,0,0,0
02/21/2018 04:00:00 AM,0,0,0
01/16/2018 03:00:00 AM,0,0,0
01/20/2018 04:00:00 AM,0,0,0
01/09/2018 03:00:00 PM,5,4,1
02/02/2018 10:00:00 PM,0,0,0
02/15/2018 05:00:00 PM,32,31,1
02/28/2018 12:00:00 PM,1,1,0
01/07/2018 02:00:00 PM,6,6,0
02/25/2018 09:00:00 AM,4,0,4
02/18/2018 03:00:00 AM,0,0,0
02/04/2018 04:00:00 AM,0,0,0
01/08/2018 12:00:00 PM,4,4,0
01/03/2018 03:00:00 PM,6,5,1
02/01/2018 05:00:00 PM,21,21,0
02/02/2018 08:00:00 AM,10,0,10
01/26/2018 08:00:00 AM,6,0,6
01/10/2018 06:00:00 AM,4,4,0
02/08/2018 04:00:00 AM,0,0,0
01/18/2018 05:00:00 AM,0,0,0
01/31/2018 06:00:00 AM,1,0,1
02/04/2018 11:00:00 AM,5,0,5
01/29/2018 03:00:00 PM,7,5,2
01/07/2018 09:00:00 PM,1,1,0
01/05/2018 02:00:00 PM,0,0,0
01/10/2018 01:00:00 PM,0,0,0
02/03/2018 09:00:00 PM,0,0,0
01/26/2018 03:00:00 AM,0,0,0
02/07/2018 05:00:00 AM,1,0,1
02/13/2018 02:00:00 PM,6,5,1
02/15/2018 01:00:00 PM,2,1,1
02/13/2018 12:00:00 PM,6,2,4
01/02/2018 04:00:00 AM,0,0,0
01/31/2018 01:00:00 AM,0,0,0
02/17/2018 09:00:00 AM,7,4,3
02/13/2018 07:00:00 AM,3,0,3
02/25/2018 07:00:00 PM,0,0,0
01/05/2018 10:00:00 PM,1,1,0
02/21/2018 06:00:00 PM,14,14,0
02/10/2018 06:00:00 AM,0,0,0
02/28/2018 05:00:00 PM,26,25,1
01/27/2018 04:00:00 PM,10,8,2
01/28/2018 05:00:00 PM,4,3,1
01/29/2018 12:00:00 PM,1,1,0
02/09/2018 09:00:00 AM,6,3,3
01/03/2018 01:00:00 AM,0,0,0
02/15/2018 07:00:00 PM,6,6,0
01/27/2018 09:00:00 PM,0,0,0
01/27/2018 08:00:00 AM,1,0,1
01/30/2018 12:00:00 AM,0,0,0
01/30/2018 04:00:00 PM,14,13,1
02/02/2018 04:00:00 AM,0,0,0
02/18/2018 04:00:00 PM,0,0,0
01/21/2018 04:00:00 AM,0,0,0
01/25/2018 03:00:00 AM,0,0,0
02/07/2018 06:00:00 PM,15,15,0
02/16/2018 10:00:00 PM,0,0,0
02/07/2018 07:00:00 PM,8,8,0
01/27/2018 01:00:00 PM,2,1,1
01/17/2018 09:00:00 AM,2,0,2
01/25/2018 02:00:00 AM,0,0,0
01/24/2018 10:00:00 PM,0,0,0
02/16/2018 03:00:00 PM,2,2,0
02/04/2018 07:00:00 PM,2,2,0
01/14/2018 06:00:00 AM,0,0,0
02/03/2018 07:00:00 PM,3,2,1
01/17/2018 03:00:00 AM,0,0,0
01/08/2018 10:00:00 AM,9,9,0
01/25/2018 12:00:00 AM,2,2,0
02/14/2018 01:00:00 AM,1,1,0
02/11/2018 02:00:00 AM,0,0,0
02/12/2018 07:00:00 AM,3,0,3
01/07/2018 05:00:00 PM,2,2,0
02/05/2018 11:00:00 PM,0,0,0
02/19/2018 04:00:00 AM,0,0,0
02/07/2018 04:00:00 AM,0,0,0
01/06/2018 09:00:00 PM,3,3,0
01/22/2018 01:00:00 AM,2,2,0
02/14/2018 08:00:00 AM,8,0,8
02/20/2018 12:00:00 AM,1,1,0
01/06/2018 10:00:00 AM,2,2,0
01/15/2018 05:00:00 PM,8,8,0
02/21/2018 11:00:00 AM,0,0,0
01/10/2018 04:00:00 PM,9,9,0
02/05/2018 06:00:00 AM,0,0,0
02/01/2018 07:00:00 PM,9,9,0
01/24/2018 10:00:00 AM,3,2,1
01/09/2018 10:00:00 AM,6,6,0
02/06/2018 06:00:00 AM,3,0,3
02/01/2018 12:00:00 AM,1,1,0
02/10/2018 09:00:00 AM,4,2,2
02/19/2018 09:00:00 PM,0,0,0
01/15/2018 06:00:00 PM,3,3,0
02/23/2018 09:00:00 PM,1,1,0
02/06/2018 04:00:00 PM,11,11,0
02/23/2018 05:00:00 AM,0,0,0
02/02/2018 10:00:00 AM,0,0,0
01/03/2018 02:00:00 PM,2,1,1
01/09/2018 04:00:00 AM,0,0,0
02/16/2018 11:00:00 AM,4,1,3
01/24/2018 03:00:00 AM,0,0,0
01/14/2018 02:00:00 PM,18,15,3
02/10/2018 07:00:00 PM,0,0,0
02/08/2018 07:00:00 PM,5,5,0
02/18/2018 11:00:00 AM,5,2,3
02/01/2018 09:00:00 AM,5,3,2
01/22/2018 10:00:00 AM,6,1,5
02/26/2018 05:00:00 AM,0,0,0
01/31/2018 09:00:00 AM,6,2,4
01/03/2018 07:00:00 PM,3,3,0
01/22/2018 05:00:00 AM,0,0,0
01/20/2018 07:00:00 AM,0,0,0
02/18/2018 02:00:00 AM,0,0,0
01/08/2018 02:00:00 PM,2,2,0
01/06/2018 04:00:00 AM,0,0,0
01/12/2018 11:00:00 AM,0,0,0
02/15/2018 04:00:00 AM,0,0,0
01/24/2018 04:00:00 PM,6,6,0
01/27/2018 04:00:00 AM,0,0,0
02/13/2018 06:00:00 AM,1,0,1
02/02/2018 09:00:00 PM,0,0,0
01/16/2018 08:00:00 AM,5,0,5
01/20/2018 08:00:00 AM,1,1,0
02/24/2018 02:00:00 AM,0,0,0
01/08/2018 11:00:00 PM,0,0,0
02/12/2018 08:00:00 AM,7,0,7
01/29/2018 05:00:00 PM,21,21,0
02/18/2018 10:00:00 AM,4,1,3
01/25/2018 11:00:00 PM,2,2,0
02/15/2018 08:00:00 AM,5,0,5
01/31/2018 09:00:00 PM,0,0,0
01/19/2018 05:00:00 PM,26,26,0
01/29/2018 06:00:00 AM,2,0,2
02/01/2018 06:00:00 PM,18,18,0
02/12/2018 03:00:00 AM,0,0,0
01/26/2018 07:00:00 PM,3,3,0
01/12/2018 08:00:00 PM,2,2,0
02/22/2018 10:00:00 AM,3,0,3
02/17/2018 09:00:00 PM,0,0,0
01/11/2018 04:00:00 PM,7,7,0
01/09/2018 07:00:00 PM,4,4,0
01/31/2018 03:00:00 AM,0,0,0
01/05/2018 12:00:00 PM,3,3,0
01/24/2018 06:00:00 AM,0,0,0
01/19/2018 03:00:00 AM,0,0,0
02/26/2018 08:00:00 PM,1,1,0
01/30/2018 01:00:00 PM,5,4,1
01/04/2018 10:00:00 PM,2,2,0
02/16/2018 10:00:00 AM,2,1,1
01/28/2018 10:00:00 AM,0,0,0
02/14/2018 09:00:00 AM,6,2,4
02/05/2018 02:00:00 PM,7,7,0
02/06/2018 09:00:00 PM,0,0,0
02/21/2018 03:00:00 PM,4,3,1
01/29/2018 12:00:00 AM,1,1,0
02/19/2018 03:00:00 PM,7,5,2
02/24/2018 01:00:00 PM,9,2,7
01/03/2018 09:00:00 PM,1,1,0
02/27/2018 07:00:00 PM,8,8,0
02/10/2018 06:00:00 PM,1,1,0
02/22/2018 02:00:00 AM,0,0,0
01/30/2018 03:00:00 AM,0,0,0
02/14/2018 08:00:00 PM,0,0,0
02/05/2018 12:00:00 AM,1,1,0
02/05/2018 01:00:00 AM,0,0,0
02/23/2018 12:00:00 PM,2,1,1
02/25/2018 04:00:00 AM,1,1,0
01/18/2018 08:00:00 AM,10,1,9
02/24/2018 12:00:00 PM,6,6,0
01/07/2018 12:00:00 PM,4,4,0
01/18/2018 07:00:00 PM,6,6,0
02/15/2018 07:00:00 AM,6,0,6
02/14/2018 07:00:00 PM,5,5,0
02/24/2018 03:00:00 AM,0,0,0
02/11/2018 01:00:00 PM,7,6,1
02/28/2018 11:00:00 PM,3,3,0
01/07/2018 09:00:00 AM,4,4,0
02/20/2018 11:00:00 AM,2,1,1
02/09/2018 02:00:00 AM,0,0,0
01/30/2018 02:00:00 AM,0,0,0
01/03/2018 06:00:00 PM,7,7,0
02/27/2018 01:00:00 PM,2,0,2
02/09/2018 06:00:00 PM,12,12,0
01/30/2018 09:00:00 AM,4,0,4
01/27/2018 02:00:00 AM,0,0,0
01/11/2018 12:00:00 PM,1,0,1
02/02/2018 12:00:00 AM,0,0,0
01/11/2018 01:00:00 PM,1,1,0
02/12/2018 02:00:00 PM,6,5,1
02/19/2018 07:00:00 AM,1,0,1
02/22/2018 12:00:00 PM,2,1,1
01/06/2018 05:00:00 PM,5,5,0
02/09/2018 03:00:00 AM,1,1,0
01/06/2018 02:00:00 PM,8,7,1
02/19/2018 12:00:00 PM,6,4,2
01/25/2018 03:00:00 PM,2,2,0
01/20/2018 07:00:00 PM,0,0,0
01/26/2018 01:00:00 PM,3,2,1
01/22/2018 07:00:00 AM,3,0,3
01/08/2018 01:00:00 AM,0,0,0
02/28/2018 07:00:00 PM,6,5,1
01/02/2018 01:00:00 PM,2,2,0
02/21/2018 07:00:00 PM,5,5,0
01/04/2018 07:00:00 PM,2,2,0
02/20/2018 08:00:00 PM,1,1,0
02/15/2018 11:00:00 PM,0,0,0
01/12/2018 09:00:00 PM,1,1,0
01/13/2018 02:00:00 AM,0,0,0
01/04/2018 06:00:00 PM,5,4,1
02/05/2018 09:00:00 AM,4,0,4
02/10/2018 12:00:00 PM,5,4,1
02/24/2018 07:00:00 PM,0,0,0
02/03/2018 10:00:00 AM,0,0,0
01/10/2018 10:00:00 AM,1,1,0
01/20/2018 05:00:00 PM,0,0,0
02/04/2018 09:00:00 PM,0,0,0
01/17/2018 07:00:00 PM,4,4,0
02/06/2018 11:00:00 AM,3,2,1
01/16/2018 09:00:00 AM,3,1,2
01/09/2018 04:00:00 PM,4,3,1
02/11/2018 11:00:00 PM,0,0,0
02/08/2018 06:00:00 AM,3,1,2
02/25/2018 05:00:00 AM,0,0,0
02/15/2018 09:00:00 AM,6,2,4
01/18/2018 10:00:00 PM,0,0,0
01/23/2018 03:00:00 PM,8,7,1
02/08/2018 05:00:00 PM,35,34,1
01/29/2018 01:00:00 PM,0,0,0
01/29/2018 01:00:00 AM,0,0,0
02/09/2018 05:00:00 AM,0,0,0
01/07/2018 06:00:00 PM,2,2,0
02/22/2018 09:00:00 AM,0,0,0
01/09/2018 11:00:00 AM,5,5,0
02/14/2018 12:00:00 PM,4,2,2
02/18/2018 09:00:00 AM,1,0,1
02/10/2018 08:00:00 PM,0,0,0
01/21/2018 11:00:00 AM,1,0,1
02/23/2018 09:00:00 AM,1,0,1
01/31/2018 03:00:00 PM,5,5,0
01/09/2018 06:00:00 AM,2,2,0
02/06/2018 06:00:00 PM,20,19,1
02/03/2018 10:00:00 PM,0,0,0
02/07/2018 05:00:00 PM,27,26,1
01/11/2018 05:00:00 PM,14,13,1
02/07/2018 02:00:00 AM,0,0,0
01/17/2018 09:00:00 PM,3,3,0
01/02/2018 07:00:00 PM,2,2,0
01/13/2018 07:00:00 AM,1,1,0
02/15/2018 06:00:00 AM,2,1,1
01/13/2018 04:00:00 AM,0,0,0
01/16/2018 10:00:00 PM,1,1,0
02/19/2018 10:00:00 AM,3,2,1
01/28/2018 12:00:00 PM,5,1,4
02/04/2018 01:00:00 PM,11,5,6
01/04/2018 03:00:00 AM,0,0,0
01/25/2018 06:00:00 PM,18,17,1
02/22/2018 08:00:00 AM,1,0,1
01/20/2018 11:00:00 PM,0,0,0
02/12/2018 08:00:00 PM,2,2,0
01/24/2018 12:00:00 AM,0,0,0
01/14/2018 01:00:00 AM,0,0,0
02/22/2018 02:00:00 PM,2,2,0
01/23/2018 12:00:00 PM,2,1,1
02/12/2018 12:00:00 AM,1,1,0
03/21/2018 10:00:00 PM,1,1,0
03/15/2018 03:00:00 AM,0,0,0
03/16/2018 12:00:00 AM,0,0,0
03/03/2018 04:00:00 PM,5,4,1
03/19/2018 11:00:00 PM,0,0,0
03/18/2018 02:00:00 PM,4,3,1
03/21/2018 07:00:00 PM,5,5,0
03/20/2018 10:00:00 PM,2,2,0
03/08/2018 12:00:00 AM,1,1,0
03/13/2018 12:00:00 AM,0,0,0
03/17/2018 02:00:00 PM,10,7,3
03/20/2018 10:00:00 AM,5,2,3
03/10/2018 11:00:00 AM,5,1,4
03/01/2018 01:00:00 AM,0,0,0
03/26/2018 06:00:00 PM,25,25,0
03/12/2018 06:00:00 PM,35,32,3
03/01/2018 06:00:00 PM,25,25,0
03/14/2018 07:00:00 PM,6,6,0
03/17/2018 05:00:00 PM,2,2,0
03/22/2018 01:00:00 PM,1,1,0
03/01/2018 08:00:00 AM,8,2,6
03/22/2018 11:00:00 AM,1,0,1
03/31/2018 10:00:00 PM,2,2,0
03/01/2018 06:00:00 AM,0,0,0
03/18/2018 09:00:00 PM,0,0,0
03/05/2018 12:00:00 PM,6,5,1
03/03/2018 03:00:00 AM,0,0,0
03/06/2018 12:00:00 PM,7,2,5
03/20/2018 08:00:00 PM,2,2,0
03/10/2018 05:00:00 PM,11,9,2
03/22/2018 09:00:00 PM,3,3,0
03/10/2018 08:00:00 AM,0,0,0
03/27/2018 08:00:00 AM,12,1,11
03/09/2018 03:00:00 AM,0,0,0
03/22/2018 02:00:00 AM,0,0,0
03/12/2018 03:00:00 AM,0,0,0
03/19/2018 02:00:00 AM,0,0,0
03/05/2018 04:00:00 PM,8,8,0
03/16/2018 05:00:00 AM,0,0,0
03/09/2018 08:00:00 AM,6,1,5
03/30/2018 01:00:00 PM,4,4,0
03/16/2018 07:00:00 PM,5,3,2
03/10/2018 04:00:00 AM,0,0,0
03/27/2018 12:00:00 PM,2,1,1
03/19/2018 06:00:00 AM,1,0,1
03/27/2018 06:00:00 PM,28,27,1
03/10/2018 07:00:00 PM,4,4,0
03/05/2018 04:00:00 AM,0,0,0
03/17/2018 09:00:00 PM,0,0,0
03/08/2018 08:00:00 PM,0,0,0
03/29/2018 01:00:00 AM,1,1,0
03/01/2018 10:00:00 AM,3,2,1
03/22/2018 01:00:00 AM,0,0,0
03/13/2018 01:00:00 AM,1,1,0
03/10/2018 10:00:00 PM,0,0,0
03/23/2018 10:00:00 PM,1,1,0
03/16/2018 08:00:00 PM,2,2,0
03/19/2018 03:00:00 PM,7,7,0
03/25/2018 12:00:00 PM,9,4,5
03/12/2018 06:00:00 AM,1,0,1
03/03/2018 06:00:00 PM,5,3,2
03/29/2018 03:00:00 AM,0,0,0
03/29/2018 07:00:00 AM,9,0,9
03/07/2018 12:00:00 AM,0,0,0
03/06/2018 12:00:00 AM,0,0,0
03/18/2018 08:00:00 PM,0,0,0
03/29/2018 10:00:00 PM,2,2,0
03/31/2018 08:00:00 PM,0,0,0
03/01/2018 10:00:00 PM,1,1,0
03/24/2018 07:00:00 PM,0,0,0
03/06/2018 01:00:00 AM,0,0,0
03/03/2018 10:00:00 AM,6,4,2
03/07/2018 03:00:00 PM,9,7,2
03/30/2018 09:00:00 AM,3,0,3
03/16/2018 02:00:00 AM,0,0,0
03/03/2018 09:00:00 PM,1,1,0
03/08/2018 01:00:00 PM,1,1,0
03/23/2018 09:00:00 PM,1,0,1
03/27/2018 10:00:00 AM,2,1,1
03/28/2018 03:00:00 AM,0,0,0
03/22/2018 02:00:00 PM,4,4,0
03/11/2018 05:00:00 AM,0,0,0
03/11/2018 04:00:00 AM,0,0,0
03/16/2018 11:00:00 AM,7,5,2
03/04/2018 02:00:00 AM,0,0,0
03/23/2018 07:00:00 AM,4,0,4
03/25/2018 02:00:00 PM,8,7,1
03/08/2018 09:00:00 PM,2,2,0
03/29/2018 04:00:00 PM,15,14,1
03/24/2018 08:00:00 PM,2,2,0
03/02/2018 10:00:00 PM,0,0,0
03/28/2018 01:00:00 PM,4,3,1
03/18/2018 12:00:00 AM,0,0,0
03/27/2018 11:00:00 PM,0,0,0
03/24/2018 10:00:00 PM,0,0,0
03/19/2018 01:00:00 PM,7,7,0
03/21/2018 11:00:00 PM,0,0,0
03/15/2018 08:00:00 AM,7,1,6
03/27/2018 08:00:00 PM,3,2,1
03/29/2018 11:00:00 PM,3,3,0
03/08/2018 03:00:00 AM,0,0,0
03/04/2018 08:00:00 AM,0,0,0
03/05/2018 08:00:00 PM,3,3,0
03/24/2018 02:00:00 AM,0,0,0
03/14/2018 08:00:00 PM,3,3,0
03/11/2018 01:00:00 AM,0,0,0
03/04/2018 09:00:00 PM,0,0,0
03/15/2018 07:00:00 PM,8,8,0
03/29/2018 02:00:00 AM,0,0,0
03/30/2018 08:00:00 AM,7,0,7
03/13/2018 08:00:00 AM,6,0,6
03/04/2018 06:00:00 AM,0,0,0
03/20/2018 07:00:00 PM,13,13,0
03/24/2018 12:00:00 AM,0,0,0
03/26/2018 02:00:00 AM,1,1,0
03/06/2018 04:00:00 AM,0,0,0
03/25/2018 10:00:00 PM,1,0,1
03/18/2018 11:00:00 AM,6,2,4
03/07/2018 06:00:00 PM,25,25,0
03/06/2018 01:00:00 PM,2,1,1
03/23/2018 05:00:00 PM,13,11,2
03/21/2018 01:00:00 AM,0,0,0
03/31/2018 06:00:00 PM,3,3,0
03/05/2018 01:00:00 PM,3,2,1
03/14/2018 02:00:00 PM,5,3,2
03/21/2018 02:00:00 PM,11,11,0
03/21/2018 11:00:00 AM,3,0,3
03/12/2018 11:00:00 AM,6,2,4
03/01/2018 02:00:00 PM,3,2,1
03/09/2018 10:00:00 PM,1,1,0
03/18/2018 10:00:00 PM,1,1,0
03/19/2018 03:00:00 AM,0,0,0
03/08/2018 04:00:00 PM,9,9,0
03/17/2018 07:00:00 AM,0,0,0
03/12/2018 10:00:00 AM,8,3,5
03/05/2018 06:00:00 PM,21,21,0
03/17/2018 06:00:00 PM,0,0,0
03/10/2018 01:00:00 AM,1,1,0
03/09/2018 07:00:00 PM,5,4,1
03/26/2018 05:00:00 PM,28,26,2
03/22/2018 03:00:00 AM,0,0,0
03/14/2018 04:00:00 AM,0,0,0
03/27/2018 09:00:00 PM,1,1,0
03/28/2018 02:00:00 PM,8,7,1
03/05/2018 03:00:00 AM,0,0,0
03/08/2018 10:00:00 PM,0,0,0
03/25/2018 01:00:00 AM,0,0,0
03/27/2018 06:00:00 AM,1,0,1
03/28/2018 12:00:00 AM,0,0,0
03/19/2018 06:00:00 PM,35,35,0
03/14/2018 03:00:00 PM,9,8,1
03/27/2018 02:00:00 PM,3,3,0
03/12/2018 09:00:00 PM,1,1,0
03/12/2018 04:00:00 AM,0,0,0
03/13/2018 03:00:00 AM,0,0,0
03/24/2018 08:00:00 AM,0,0,0
03/24/2018 09:00:00 AM,3,1,2
03/31/2018 03:00:00 PM,17,14,3
03/24/2018 10:00:00 AM,3,2,1
03/13/2018 10:00:00 AM,7,1,6
03/01/2018 09:00:00 AM,8,1,7
03/29/2018 03:00:00 PM,5,5,0
03/28/2018 05:00:00 PM,33,31,2
03/26/2018 01:00:00 AM,0,0,0
03/26/2018 11:00:00 PM,0,0,0
03/01/2018 03:00:00 AM,0,0,0
03/07/2018 08:00:00 PM,0,0,0
03/31/2018 10:00:00 AM,9,5,4
03/25/2018 10:00:00 AM,2,0,2
03/09/2018 04:00:00 AM,0,0,0
03/29/2018 11:00:00 AM,6,4,2
03/30/2018 10:00:00 AM,3,1,2
03/19/2018 04:00:00 PM,17,13,4
03/24/2018 11:00:00 AM,5,3,2
03/10/2018 02:00:00 AM,0,0,0
03/19/2018 09:00:00 PM,0,0,0
03/23/2018 05:00:00 AM,0,0,0
03/05/2018 02:00:00 AM,0,0,0
03/22/2018 07:00:00 AM,10,0,10
03/26/2018 08:00:00 AM,9,1,8
03/09/2018 02:00:00 AM,0,0,0
03/27/2018 01:00:00 AM,1,1,0
03/02/2018 11:00:00 AM,4,3,1
03/13/2018 09:00:00 PM,0,0,0
03/04/2018 04:00:00 AM,0,0,0
03/12/2018 12:00:00 AM,0,0,0
03/02/2018 12:00:00 AM,1,1,0
03/03/2018 12:00:00 AM,0,0,0
03/21/2018 03:00:00 AM,0,0,0
03/12/2018 11:00:00 PM,1,1,0
03/24/2018 03:00:00 AM,0,0,0
03/26/2018 03:00:00 PM,6,6,0
03/24/2018 03:00:00 PM,11,6,5
03/30/2018 07:00:00 AM,6,0,6
03/18/2018 12:00:00 PM,7,3,4
03/20/2018 12:00:00 AM,0,0,0
03/20/2018 06:00:00 PM,23,23,0
03/15/2018 07:00:00 AM,9,0,9
03/24/2018 11:00:00 PM,1,0,1
03/13/2018 05:00:00 AM,2,0,2
03/03/2018 02:00:00 AM,0,0,0
03/21/2018 03:00:00 PM,10,8,2
03/29/2018 04:00:00 AM,0,0,0
03/21/2018 05:00:00 AM,0,0,0
03/04/2018 12:00:00 AM,0,0,0
03/22/2018 04:00:00 AM,0,0,0
03/04/2018 01:00:00 AM,0,0,0
03/16/2018 06:00:00 AM,1,0,1
03/13/2018 03:00:00 PM,6,5,1
03/27/2018 04:00:00 AM,0,0,0
03/06/2018 11:00:00 AM,2,2,0
03/26/2018 02:00:00 PM,4,4,0
03/05/2018 07:00:00 AM,5,0,5
03/11/2018 06:00:00 AM,0,0,0
03/06/2018 07:00:00 PM,5,5,0
03/28/2018 08:00:00 PM,3,2,1
03/31/2018 12:00:00 AM,0,0,0
03/25/2018 11:00:00 PM,0,0,0
03/21/2018 09:00:00 PM,1,1,0
03/19/2018 07:00:00 AM,7,0,7
03/23/2018 12:00:00 PM,2,1,1
03/20/2018 12:00:00 PM,3,2,1
03/04/2018 03:00:00 PM,5,4,1
03/10/2018 08:00:00 PM,1,0,1
03/17/2018 08:00:00 PM,2,1,1
03/18/2018 10:00:00 AM,2,0,2
03/02/2018 09:00:00 PM,0,0,0
03/14/2018 03:00:00 AM,0,0,0
03/04/2018 05:00:00 PM,3,3,0
03/30/2018 04:00:00 AM,0,0,0
03/02/2018 12:00:00 PM,3,2,1
03/23/2018 02:00:00 AM,0,0,0
03/24/2018 06:00:00 PM,1,1,0
03/05/2018 11:00:00 PM,1,1,0
03/29/2018 06:00:00 AM,0,0,0
03/25/2018 08:00:00 PM,0,0,0
03/24/2018 12:00:00 PM,4,2,2
03/06/2018 09:00:00 PM,1,1,0
03/14/2018 10:00:00 PM,1,1,0
03/05/2018 10:00:00 PM,1,1,0
03/25/2018 11:00:00 AM,9,5,4
03/29/2018 02:00:00 PM,2,0,2
03/02/2018 07:00:00 AM,4,0,4
03/25/2018 08:00:00 AM,3,2,1
03/30/2018 07:00:00 PM,7,7,0
03/04/2018 10:00:00 PM,0,0,0
03/07/2018 12:00:00 PM,1,1,0
03/04/2018 12:00:00 PM,4,2,2
03/07/2018 07:00:00 PM,10,10,0
03/29/2018 09:00:00 PM,0,0,0
03/03/2018 09:00:00 AM,3,1,2
03/08/2018 11:00:00 PM,0,0,0
03/06/2018 02:00:00 AM,0,0,0
03/24/2018 07:00:00 AM,0,0,0
03/26/2018 07:00:00 AM,3,0,3
03/09/2018 09:00:00 AM,6,1,5
03/09/2018 10:00:00 AM,2,1,1
03/04/2018 07:00:00 PM,0,0,0
03/12/2018 02:00:00 PM,12,8,4
03/12/2018 07:00:00 PM,16,16,0
03/06/2018 06:00:00 AM,1,0,1
03/20/2018 09:00:00 AM,5,1,4
03/28/2018 06:00:00 PM,17,17,0
03/21/2018 06:00:00 AM,2,0,2
03/07/2018 11:00:00 PM,0,0,0
03/15/2018 08:00:00 PM,2,2,0
03/08/2018 09:00:00 AM,5,1,4
03/05/2018 10:00:00 AM,4,0,4
03/07/2018 02:00:00 PM,10,10,0
03/11/2018 07:00:00 PM,1,1,0
03/05/2018 05:00:00 PM,34,33,1
03/06/2018 07:00:00 AM,1,0,1
03/13/2018 09:00:00 AM,2,0,2
03/31/2018 05:00:00 PM,8,8,0
03/30/2018 12:00:00 AM,0,0,0
03/07/2018 01:00:00 PM,4,3,1
03/11/2018 10:00:00 AM,1,0,1
03/19/2018 12:00:00 AM,0,0,0
03/16/2018 10:00:00 PM,0,0,0
03/09/2018 01:00:00 AM,0,0,0
03/17/2018 11:00:00 PM,0,0,0
03/28/2018 06:00:00 AM,2,0,2
03/06/2018 02:00:00 PM,5,4,1
03/02/2018 07:00:00 PM,7,7,0
03/05/2018 09:00:00 AM,4,0,4
03/01/2018 08:00:00 PM,1,1,0
03/17/2018 09:00:00 AM,6,1,5
03/07/2018 08:00:00 AM,8,1,7
03/05/2018 11:00:00 AM,3,0,3
03/17/2018 10:00:00 AM,13,7,6
03/11/2018 08:00:00 PM,0,0,0
03/07/2018 10:00:00 PM,1,1,0
03/21/2018 12:00:00 AM,1,1,0
03/26/2018 10:00:00 AM,3,0,3
03/30/2018 04:00:00 PM,20,17,3
03/11/2018 06:00:00 PM,7,7,0
03/13/2018 08:00:00 PM,4,4,0
03/07/2018 10:00:00 AM,2,1,1
03/31/2018 02:00:00 PM,13,10,3
03/14/2018 05:00:00 PM,28,26,2
03/30/2018 12:00:00 PM,3,0,3
03/30/2018 01:00:00 AM,0,0,0
03/11/2018 02:00:00 AM,0,0,0
03/09/2018 03:00:00 PM,12,9,3
03/05/2018 06:00:00 AM,2,0,2
03/18/2018 09:00:00 AM,1,0,1
03/18/2018 02:00:00 AM,0,0,0
03/18/2018 03:00:00 PM,10,8,2
03/09/2018 12:00:00 PM,1,1,0
03/08/2018 05:00:00 PM,18,18,0
03/15/2018 09:00:00 PM,4,4,0
03/09/2018 11:00:00 PM,0,0,0
03/22/2018 05:00:00 AM,0,0,0
03/26/2018 04:00:00 AM,0,0,0
03/13/2018 02:00:00 AM,1,1,0
03/18/2018 08:00:00 AM,4,2,2
03/31/2018 04:00:00 PM,9,6,3
03/31/2018 05:00:00 AM,0,0,0
03/30/2018 05:00:00 PM,21,21,0
03/26/2018 07:00:00 PM,6,5,1
03/23/2018 08:00:00 AM,5,0,5
03/20/2018 01:00:00 AM,0,0,0
03/17/2018 04:00:00 AM,0,0,0
03/14/2018 05:00:00 AM,2,1,1
03/09/2018 11:00:00 AM,4,2,2
03/20/2018 07:00:00 AM,6,0,6
03/02/2018 03:00:00 AM,0,0,0
03/29/2018 06:00:00 PM,24,24,0
03/06/2018 06:00:00 PM,21,21,0
03/08/2018 08:00:00 AM,6,1,5
03/23/2018 01:00:00 AM,0,0,0
03/27/2018 10:00:00 PM,1,1,0
03/14/2018 01:00:00 AM,1,1,0
03/31/2018 12:00:00 PM,9,5,4
03/30/2018 03:00:00 AM,0,0,0
03/28/2018 05:00:00 AM,1,0,1
03/22/2018 08:00:00 AM,3,0,3
03/26/2018 03:00:00 AM,0,0,0
03/03/2018 11:00:00 PM,1,1,0
03/18/2018 07:00:00 PM,0,0,0
03/20/2018 11:00:00 PM,0,0,0
03/23/2018 06:00:00 AM,1,0,1
03/27/2018 12:00:00 AM,0,0,0
03/27/2018 04:00:00 PM,16,14,2
03/19/2018 12:00:00 PM,5,4,1
03/01/2018 04:00:00 PM,13,13,0
03/05/2018 08:00:00 AM,9,1,8
03/10/2018 04:00:00 PM,8,7,1
03/31/2018 01:00:00 PM,10,7,3
03/20/2018 04:00:00 PM,18,15,3
03/11/2018 11:00:00 AM,9,6,3
03/07/2018 05:00:00 AM,0,0,0
03/05/2018 03:00:00 PM,7,7,0
03/09/2018 02:00:00 PM,4,2,2
03/01/2018 05:00:00 AM,0,0,0
03/23/2018 07:00:00 PM,3,3,0
03/29/2018 05:00:00 PM,32,29,3
03/13/2018 05:00:00 PM,32,31,1
03/02/2018 04:00:00 AM,0,0,0
03/31/2018 07:00:00 PM,1,1,0
03/21/2018 02:00:00 AM,0,0,0
03/24/2018 02:00:00 PM,4,3,1
03/14/2018 07:00:00 AM,5,0,5
03/24/2018 09:00:00 PM,0,0,0
03/14/2018 06:00:00 AM,2,0,2
03/03/2018 12:00:00 PM,9,9,0
03/27/2018 05:00:00 AM,0,0,0
03/14/2018 04:00:00 PM,18,16,2
03/02/2018 08:00:00 PM,1,1,0
03/18/2018 11:00:00 PM,0,0,0
03/29/2018 10:00:00 AM,0,0,0
03/17/2018 01:00:00 PM,14,12,2
03/30/2018 10:00:00 PM,1,1,0
03/12/2018 08:00:00 AM,10,0,10
03/25/2018 07:00:00 PM,2,2,0
03/20/2018 04:00:00 AM,0,0,0
03/06/2018 04:00:00 PM,16,16,0
03/29/2018 01:00:00 PM,4,4,0
03/20/2018 09:00:00 PM,3,3,0
03/15/2018 12:00:00 PM,5,2,3
03/11/2018 12:00:00 AM,0,0,0
03/30/2018 11:00:00 AM,3,3,0
03/03/2018 07:00:00 PM,3,2,1
03/22/2018 12:00:00 AM,1,1,0
03/10/2018 05:00:00 AM,0,0,0
03/26/2018 11:00:00 AM,2,0,2
03/30/2018 03:00:00 PM,8,7,1
03/16/2018 05:00:00 PM,27,26,1
03/10/2018 09:00:00 PM,2,2,0
03/09/2018 12:00:00 AM,0,0,0
03/15/2018 05:00:00 AM,0,0,0
03/26/2018 08:00:00 PM,2,2,0
03/19/2018 01:00:00 AM,0,0,0
03/07/2018 03:00:00 AM,0,0,0
03/15/2018 03:00:00 PM,10,9,1
03/02/2018 01:00:00 PM,3,1,2
03/13/2018 04:00:00 AM,1,0,1
03/03/2018 01:00:00 PM,8,6,2
03/06/2018 08:00:00 AM,9,1,8
03/04/2018 10:00:00 AM,2,1,1
03/26/2018 12:00:00 AM,0,0,0
03/20/2018 05:00:00 PM,30,30,0
03/23/2018 11:00:00 AM,1,0,1
03/08/2018 02:00:00 AM,0,0,0
03/02/2018 09:00:00 AM,4,0,4
03/20/2018 02:00:00 AM,0,0,0
03/22/2018 08:00:00 PM,1,1,0
03/18/2018 03:00:00 AM,0,0,0
03/25/2018 04:00:00 AM,0,0,0
03/01/2018 09:00:00 PM,3,3,0
03/01/2018 05:00:00 PM,26,22,4
03/11/2018 03:00:00 AM,1,1,0
03/28/2018 02:00:00 AM,0,0,0
03/16/2018 01:00:00 PM,10,4,6
03/01/2018 12:00:00 PM,3,3,0
03/30/2018 05:00:00 AM,0,0,0
03/31/2018 06:00:00 AM,0,0,0
03/01/2018 04:00:00 AM,0,0,0
03/08/2018 06:00:00 AM,1,0,1
03/23/2018 11:00:00 PM,0,0,0
03/25/2018 07:00:00 AM,0,0,0
03/14/2018 02:00:00 AM,0,0,0
03/07/2018 07:00:00 AM,4,1,3
03/13/2018 07:00:00 AM,4,1,3
03/01/2018 07:00:00 PM,8,8,0
03/07/2018 01:00:00 AM,0,0,0
03/29/2018 09:00:00 AM,4,1,3
03/30/2018 11:00:00 PM,1,1,0
03/19/2018 08:00:00 PM,1,1,0
03/09/2018 05:00:00 AM,0,0,0
03/27/2018 02:00:00 AM,0,0,0
03/22/2018 06:00:00 PM,12,11,1
03/04/2018 06:00:00 PM,1,1,0
03/02/2018 01:00:00 AM,0,0,0
03/06/2018 05:00:00 PM,41,40,1
03/05/2018 05:00:00 AM,0,0,0
03/25/2018 09:00:00 AM,5,3,2
03/22/2018 03:00:00 PM,5,3,2
03/07/2018 04:00:00 PM,13,13,0
03/10/2018 03:00:00 AM,0,0,0
03/23/2018 04:00:00 AM,0,0,0
03/05/2018 01:00:00 AM,0,0,0
03/02/2018 10:00:00 AM,4,1,3
03/28/2018 11:00:00 AM,5,2,3
03/30/2018 08:00:00 PM,1,1,0
03/29/2018 08:00:00 AM,6,0,6
03/23/2018 04:00:00 PM,12,10,2
03/09/2018 06:00:00 PM,14,14,0
03/16/2018 12:00:00 PM,7,4,3
03/24/2018 05:00:00 PM,2,1,1
03/16/2018 09:00:00 AM,7,0,7
03/31/2018 09:00:00 PM,4,4,0
03/20/2018 01:00:00 PM,4,3,1
03/15/2018 11:00:00 PM,0,0,0
03/15/2018 10:00:00 PM,2,2,0
03/13/2018 10:00:00 PM,1,1,0
03/30/2018 06:00:00 AM,0,0,0
03/31/2018 03:00:00 AM,1,1,0
03/07/2018 09:00:00 PM,0,0,0
03/01/2018 03:00:00 PM,3,3,0
03/04/2018 07:00:00 AM,1,0,1
03/24/2018 01:00:00 AM,0,0,0
03/10/2018 02:00:00 PM,10,9,1
03/31/2018 07:00:00 AM,0,0,0
03/08/2018 01:00:00 AM,1,1,0
03/08/2018 05:00:00 AM,0,0,0
03/21/2018 04:00:00 AM,0,0,0
03/22/2018 12:00:00 PM,1,1,0
03/06/2018 08:00:00 PM,1,1,0
03/10/2018 03:00:00 PM,14,8,6
03/16/2018 06:00:00 PM,18,17,1
03/16/2018 01:00:00 AM,0,0,0
03/11/2018 05:00:00 PM,11,9,2
03/02/2018 02:00:00 AM,0,0,0
03/24/2018 06:00:00 AM,0,0,0
03/17/2018 10:00:00 PM,0,0,0
03/15/2018 04:00:00 AM,0,0,0
03/30/2018 09:00:00 PM,3,3,0
03/25/2018 12:00:00 AM,0,0,0
03/13/2018 12:00:00 PM,4,3,1
03/18/2018 06:00:00 PM,3,3,0
03/19/2018 11:00:00 AM,8,1,7
03/31/2018 01:00:00 AM,0,0,0
03/12/2018 03:00:00 PM,13,11,2
03/13/2018 06:00:00 PM,14,14,0
03/12/2018 05:00:00 AM,0,0,0
03/08/2018 02:00:00 PM,3,3,0
03/15/2018 11:00:00 AM,2,0,2
03/03/2018 04:00:00 AM,0,0,0
03/21/2018 09:00:00 AM,6,1,5
03/24/2018 05:00:00 AM,0,0,0
03/04/2018 08:00:00 PM,0,0,0
03/12/2018 04:00:00 PM,13,10,3
03/19/2018 10:00:00 AM,2,0,2
03/01/2018 02:00:00 AM,0,0,0
03/18/2018 07:00:00 AM,1,0,1
03/04/2018 02:00:00 PM,7,7,0
03/07/2018 06:00:00 AM,1,0,1
03/05/2018 09:00:00 PM,3,2,1
03/07/2018 09:00:00 AM,3,1,2
03/11/2018 04:00:00 PM,17,13,4
03/21/2018 10:00:00 AM,5,2,3
03/19/2018 09:00:00 AM,7,0,7
03/07/2018 11:00:00 AM,2,2,0
03/13/2018 07:00:00 PM,11,11,0
03/12/2018 08:00:00 PM,5,5,0
03/28/2018 10:00:00 AM,8,2,6
03/26/2018 12:00:00 PM,1,1,0
03/17/2018 06:00:00 AM,1,0,1
03/24/2018 01:00:00 PM,10,8,2
03/18/2018 05:00:00 PM,6,5,1
03/06/2018 10:00:00 PM,1,1,0
03/28/2018 08:00:00 AM,9,2,7
03/08/2018 11:00:00 AM,0,0,0
03/03/2018 07:00:00 AM,0,0,0
03/19/2018 04:00:00 AM,0,0,0
03/24/2018 04:00:00 AM,0,0,0
03/15/2018 04:00:00 PM,15,14,1
03/20/2018 03:00:00 PM,6,5,1
03/09/2018 01:00:00 PM,5,1,4
03/06/2018 03:00:00 AM,1,1,0
03/29/2018 07:00:00 PM,14,14,0
03/17/2018 05:00:00 AM,0,0,0
03/05/2018 12:00:00 AM,0,0,0
03/18/2018 01:00:00 AM,0,0,0
03/15/2018 02:00:00 AM,0,0,0
03/14/2018 09:00:00 PM,1,1,0
03/26/2018 05:00:00 AM,1,0,1
03/26/2018 06:00:00 AM,0,0,0
03/09/2018 07:00:00 AM,3,0,3
03/17/2018 12:00:00 PM,9,4,5
03/15/2018 12:00:00 AM,1,1,0
03/26/2018 04:00:00 PM,10,10,0
03/11/2018 11:00:00 PM,1,1,0
03/21/2018 01:00:00 PM,6,0,6
03/28/2018 09:00:00 AM,5,3,2
03/28/2018 04:00:00 PM,9,9,0
03/08/2018 10:00:00 AM,2,0,2
03/20/2018 03:00:00 AM,0,0,0
03/19/2018 02:00:00 PM,4,4,0
03/11/2018 03:00:00 PM,26,19,7
03/13/2018 11:00:00 PM,0,0,0
03/17/2018 12:00:00 AM,0,0,0
03/11/2018 09:00:00 PM,1,1,0
03/06/2018 11:00:00 PM,2,2,0
03/26/2018 09:00:00 PM,1,0,1
03/11/2018 08:00:00 AM,0,0,0
03/12/2018 05:00:00 PM,46,43,3
03/31/2018 11:00:00 AM,9,7,2
03/26/2018 10:00:00 PM,2,2,0
03/25/2018 02:00:00 AM,0,0,0
03/22/2018 10:00:00 AM,3,1,2
03/17/2018 03:00:00 AM,0,0,0
03/23/2018 10:00:00 AM,1,0,1
03/27/2018 07:00:00 PM,9,9,0
03/22/2018 07:00:00 PM,5,4,1
03/02/2018 05:00:00 AM,1,0,1
03/15/2018 05:00:00 PM,34,29,5
03/30/2018 02:00:00 PM,6,6,0
03/08/2018 07:00:00 PM,11,11,0
03/27/2018 03:00:00 PM,8,8,0
03/21/2018 04:00:00 PM,14,13,1
03/22/2018 09:00:00 AM,3,1,2
03/08/2018 12:00:00 PM,1,0,1
03/29/2018 08:00:00 PM,1,1,0
03/17/2018 02:00:00 AM,0,0,0
03/01/2018 11:00:00 PM,0,0,0
03/08/2018 03:00:00 PM,4,4,0
03/23/2018 03:00:00 AM,0,0,0
03/31/2018 04:00:00 AM,0,0,0
03/02/2018 02:00:00 PM,2,2,0
03/10/2018 11:00:00 PM,1,1,0
03/02/2018 05:00:00 PM,22,22,0
03/13/2018 02:00:00 PM,2,1,1
03/11/2018 01:00:00 PM,13,8,5
03/12/2018 07:00:00 AM,8,0,8
03/16/2018 03:00:00 PM,7,5,2
03/22/2018 10:00:00 PM,1,1,0
03/14/2018 11:00:00 AM,1,0,1
03/23/2018 12:00:00 AM,0,0,0
03/15/2018 01:00:00 PM,8,6,2
03/23/2018 01:00:00 PM,3,2,1
03/01/2018 01:00:00 PM,3,1,2
03/28/2018 01:00:00 AM,0,0,0
03/26/2018 01:00:00 PM,2,2,0
03/18/2018 06:00:00 AM,1,0,1
03/03/2018 05:00:00 PM,11,9,2
03/02/2018 04:00:00 PM,11,11,0
03/04/2018 05:00:00 AM,0,0,0
03/16/2018 03:00:00 AM,0,0,0
03/30/2018 06:00:00 PM,11,11,0
03/14/2018 12:00:00 AM,0,0,0
03/25/2018 04:00:00 PM,4,2,2
03/10/2018 07:00:00 AM,1,0,1
03/19/2018 05:00:00 AM,0,0,0
03/19/2018 08:00:00 AM,5,0,5
03/07/2018 02:00:00 AM,1,1,0
03/02/2018 03:00:00 PM,5,5,0
03/05/2018 02:00:00 PM,9,9,0
03/07/2018 05:00:00 PM,25,23,2
03/17/2018 03:00:00 PM,4,1,3
03/01/2018 11:00:00 AM,4,1,3
03/04/2018 09:00:00 AM,2,1,1
03/11/2018 12:00:00 PM,14,7,7
03/12/2018 09:00:00 AM,7,0,7
03/15/2018 10:00:00 AM,2,1,1
03/19/2018 10:00:00 PM,1,1,0
03/28/2018 09:00:00 PM,2,2,0
03/15/2018 09:00:00 AM,6,0,6
03/25/2018 05:00:00 PM,5,4,1
03/10/2018 12:00:00 PM,13,4,9
03/08/2018 06:00:00 PM,12,12,0
03/03/2018 08:00:00 AM,3,1,2
03/20/2018 02:00:00 PM,5,4,1
03/02/2018 08:00:00 AM,2,0,2
03/02/2018 06:00:00 PM,15,15,0
03/25/2018 03:00:00 AM,0,0,0
03/07/2018 04:00:00 AM,0,0,0
03/03/2018 10:00:00 PM,0,0,0
03/28/2018 07:00:00 AM,5,0,5
03/03/2018 01:00:00 AM,1,1,0
03/28/2018 10:00:00 PM,1,1,0
03/31/2018 02:00:00 AM,0,0,0
03/25/2018 05:00:00 AM,0,0,0
03/12/2018 02:00:00 AM,0,0,0
03/10/2018 10:00:00 AM,10,8,2
03/21/2018 05:00:00 PM,34,31,3
03/03/2018 02:00:00 PM,7,6,1
03/25/2018 03:00:00 PM,10,8,2
03/09/2018 04:00:00 PM,5,4,1
03/31/2018 11:00:00 PM,0,0,0
03/19/2018 07:00:00 PM,7,7,0
03/15/2018 02:00:00 PM,5,3,2
03/11/2018 02:00:00 PM,22,14,8
03/23/2018 03:00:00 PM,8,7,1
03/21/2018 08:00:00 PM,2,2,0
03/13/2018 01:00:00 PM,1,1,0
03/16/2018 09:00:00 PM,0,0,0
03/16/2018 04:00:00 AM,0,0,0
03/09/2018 08:00:00 PM,2,2,0
03/28/2018 03:00:00 PM,5,4,1
03/06/2018 03:00:00 PM,10,9,1
03/05/2018 07:00:00 PM,11,11,0
03/10/2018 06:00:00 PM,0,0,0
03/14/2018 01:00:00 PM,6,3,3
03/02/2018 06:00:00 AM,4,0,4
03/16/2018 02:00:00 PM,12,9,3
03/09/2018 05:00:00 PM,26,25,1
03/22/2018 05:00:00 PM,16,16,0
03/17/2018 08:00:00 AM,3,1,2
03/18/2018 01:00:00 PM,6,5,1
03/23/2018 02:00:00 PM,5,2,3
03/16/2018 04:00:00 PM,13,13,0
03/14/2018 12:00:00 PM,4,3,1
03/27/2018 09:00:00 AM,5,0,5
03/10/2018 09:00:00 AM,5,2,3
03/25/2018 09:00:00 PM,0,0,0
03/28/2018 12:00:00 PM,1,1,0
03/29/2018 05:00:00 AM,0,0,0
03/14/2018 06:00:00 PM,26,26,0
03/04/2018 11:00:00 PM,1,1,0
03/23/2018 06:00:00 PM,11,11,0
03/12/2018 10:00:00 PM,0,0,0
03/20/2018 11:00:00 AM,4,2,2
03/11/2018 10:00:00 PM,0,0,0
03/08/2018 04:00:00 AM,0,0,0
03/22/2018 11:00:00 PM,0,0,0
03/04/2018 03:00:00 AM,0,0,0
03/20/2018 05:00:00 AM,1,0,1
03/04/2018 04:00:00 PM,2,1,1
03/28/2018 04:00:00 AM,0,0,0
03/13/2018 04:00:00 PM,4,4,0
03/27/2018 07:00:00 AM,3,0,3
03/27/2018 03:00:00 AM,0,0,0
03/19/2018 05:00:00 PM,29,29,0
03/24/2018 04:00:00 PM,2,2,0
03/17/2018 11:00:00 AM,6,5,1
03/14/2018 10:00:00 AM,3,1,2
03/21/2018 12:00:00 PM,4,1,3
03/25/2018 01:00:00 PM,8,5,3
03/08/2018 07:00:00 AM,3,0,3
03/30/2018 02:00:00 AM,0,0,0
03/26/2018 09:00:00 AM,6,2,4
03/14/2018 09:00:00 AM,9,3,6
03/16/2018 08:00:00 AM,8,0,8
03/17/2018 07:00:00 PM,0,0,0
03/31/2018 08:00:00 AM,1,1,0
03/27/2018 05:00:00 PM,20,20,0
03/15/2018 06:00:00 PM,28,26,2
03/14/2018 11:00:00 PM,2,2,0
03/18/2018 05:00:00 AM,0,0,0
03/29/2018 12:00:00 PM,6,3,3
03/04/2018 11:00:00 AM,8,5,3
03/15/2018 01:00:00 AM,0,0,0
03/22/2018 06:00:00 AM,2,1,1
03/06/2018 10:00:00 AM,4,1,3
03/21/2018 06:00:00 PM,22,21,1
03/21/2018 08:00:00 AM,6,0,6
03/23/2018 09:00:00 AM,0,0,0
03/16/2018 10:00:00 AM,2,1,1
03/11/2018 07:00:00 AM,0,0,0
03/27/2018 11:00:00 AM,1,0,1
03/25/2018 06:00:00 PM,4,4,0
03/16/2018 11:00:00 PM,1,1,0
03/01/2018 12:00:00 AM,0,0,0
03/10/2018 12:00:00 AM,0,0,0
03/20/2018 08:00:00 AM,7,2,5
03/23/2018 08:00:00 PM,1,1,0
03/21/2018 07:00:00 AM,5,0,5
03/29/2018 12:00:00 AM,0,0,0
03/01/2018 07:00:00 AM,4,0,4
03/03/2018 05:00:00 AM,0,0,0
03/10/2018 01:00:00 PM,10,4,6
03/27/2018 01:00:00 PM,2,0,2
03/16/2018 07:00:00 AM,5,1,4
03/06/2018 09:00:00 AM,8,3,5
03/03/2018 08:00:00 PM,0,0,0
03/12/2018 12:00:00 PM,8,5,3
03/28/2018 11:00:00 PM,0,0,0
03/03/2018 11:00:00 AM,6,3,3
03/17/2018 04:00:00 PM,5,2,3
03/18/2018 04:00:00 PM,12,8,4
03/13/2018 06:00:00 AM,3,0,3
03/12/2018 01:00:00 AM,1,1,0
03/02/2018 11:00:00 PM,1,1,0
03/10/2018 06:00:00 AM,0,0,0
03/03/2018 06:00:00 AM,0,0,0
03/15/2018 06:00:00 AM,3,1,2
03/17/2018 01:00:00 AM,0,0,0
03/28/2018 07:00:00 PM,9,9,0
03/09/2018 06:00:00 AM,1,0,1
03/03/2018 03:00:00 PM,13,11,2
03/22/2018 04:00:00 PM,8,8,0
03/18/2018 04:00:00 AM,0,0,0
03/31/2018 09:00:00 AM,3,1,2
03/13/2018 11:00:00 AM,1,0,1
03/20/2018 06:00:00 AM,2,0,2
03/25/2018 06:00:00 AM,0,0,0
03/09/2018 09:00:00 PM,1,1,0
03/14/2018 08:00:00 AM,5,0,5
03/12/2018 01:00:00 PM,15,10,5
03/11/2018 09:00:00 AM,3,0,3
03/04/2018 01:00:00 PM,6,3,3
03/06/2018 05:00:00 AM,0,0,0
04/01/2018 01:00:00 PM,5,5,0
04/01/2018 05:00:00 AM,0,0,0
04/02/2018 01:00:00 PM,12,9,3
04/04/2018 01:00:00 AM,0,0,0
04/01/2018 10:00:00 AM,2,1,1
04/26/2018 04:00:00 AM,0,0,0
04/12/2018 01:00:00 PM,0,0,0
04/28/2018 09:00:00 PM,0,0,0
04/18/2018 10:00:00 PM,2,2,0
04/08/2018 05:00:00 AM,1,0,1
04/15/2018 04:00:00 PM,5,4,1
04/27/2018 03:00:00 PM,4,3,1
04/17/2018 08:00:00 AM,4,0,4
04/20/2018 02:00:00 PM,5,4,1
04/21/2018 11:00:00 PM,0,0,0
04/08/2018 11:00:00 AM,1,0,1
04/10/2018 08:00:00 PM,5,5,0
04/01/2018 01:00:00 AM,1,1,0
04/13/2018 08:00:00 AM,7,1,6
04/11/2018 04:00:00 AM,0,0,0
04/16/2018 08:00:00 PM,0,0,0
04/20/2018 03:00:00 PM,6,5,1
04/02/2018 06:00:00 PM,27,27,0
04/21/2018 11:00:00 AM,9,6,3
04/09/2018 10:00:00 AM,5,1,4
04/23/2018 07:00:00 AM,10,1,9
04/13/2018 09:00:00 PM,0,0,0
04/29/2018 12:00:00 PM,7,3,4
04/10/2018 02:00:00 PM,5,2,3
04/15/2018 06:00:00 PM,4,4,0
04/08/2018 09:00:00 PM,0,0,0
04/10/2018 09:00:00 AM,1,0,1
04/02/2018 04:00:00 AM,0,0,0
04/14/2018 01:00:00 AM,0,0,0
04/09/2018 09:00:00 PM,1,1,0
04/11/2018 12:00:00 AM,2,2,0
04/13/2018 04:00:00 AM,0,0,0
04/23/2018 12:00:00 PM,5,3,2
04/13/2018 03:00:00 AM,0,0,0
04/11/2018 01:00:00 PM,2,1,1
04/13/2018 03:00:00 PM,4,4,0
04/26/2018 11:00:00 PM,1,1,0
04/04/2018 02:00:00 PM,3,3,0
04/19/2018 01:00:00 PM,8,7,1
04/17/2018 08:00:00 PM,2,2,0
04/01/2018 08:00:00 PM,0,0,0
04/12/2018 02:00:00 PM,2,2,0
04/04/2018 08:00:00 AM,4,0,4
04/07/2018 09:00:00 PM,0,0,0
04/10/2018 11:00:00 PM,0,0,0
04/17/2018 07:00:00 PM,7,7,0
04/25/2018 08:00:00 PM,7,7,0
04/04/2018 06:00:00 PM,22,22,0
04/29/2018 11:00:00 AM,10,5,5
04/24/2018 06:00:00 AM,2,0,2
04/21/2018 03:00:00 PM,6,5,1
04/01/2018 04:00:00 AM,0,0,0
04/14/2018 06:00:00 PM,0,0,0
04/06/2018 09:00:00 PM,2,2,0
04/28/2018 10:00:00 AM,2,1,1
04/26/2018 05:00:00 PM,43,40,3
04/15/2018 10:00:00 PM,1,1,0
04/11/2018 09:00:00 AM,6,1,5
04/18/2018 06:00:00 AM,4,0,4
04/21/2018 08:00:00 PM,0,0,0
04/03/2018 08:00:00 AM,10,2,8
04/02/2018 09:00:00 AM,,,
04/10/2018 05:00:00 PM,29,27,2
04/16/2018 06:00:00 AM,0,0,0
04/12/2018 11:00:00 PM,1,1,0
04/28/2018 07:00:00 PM,1,1,0
04/24/2018 07:00:00 PM,8,8,0
04/12/2018 08:00:00 AM,4,1,3
04/27/2018 05:00:00 PM,22,21,1
04/29/2018 10:00:00 PM,1,1,0
04/25/2018 03:00:00 AM,0,0,0
04/24/2018 12:00:00 PM,6,5,1
04/30/2018 01:00:00 AM,1,1,0
04/12/2018 07:00:00 PM,8,8,0
04/26/2018 05:00:00 AM,0,0,0
04/14/2018 02:00:00 PM,5,4,1
04/23/2018 11:00:00 AM,8,3,5
04/05/2018 04:00:00 PM,10,10,0
04/10/2018 06:00:00 AM,0,0,0
04/06/2018 05:00:00 AM,0,0,0
04/25/2018 03:00:00 PM,19,16,3
04/24/2018 08:00:00 AM,10,1,9
04/21/2018 12:00:00 PM,8,5,3
04/17/2018 04:00:00 PM,12,11,1
04/29/2018 07:00:00 AM,1,0,1
04/21/2018 09:00:00 AM,6,2,4
04/19/2018 09:00:00 AM,2,1,1
04/01/2018 06:00:00 AM,1,0,1
04/15/2018 01:00:00 AM,0,0,0
04/29/2018 08:00:00 AM,0,0,0
04/02/2018 04:00:00 PM,19,17,2
04/16/2018 10:00:00 PM,0,0,0
04/09/2018 02:00:00 PM,10,8,2
04/22/2018 11:00:00 AM,10,5,5
04/08/2018 10:00:00 AM,5,1,4
04/22/2018 04:00:00 PM,12,12,0
04/07/2018 03:00:00 AM,0,0,0
04/29/2018 01:00:00 PM,9,6,3
04/27/2018 02:00:00 PM,8,6,2
04/04/2018 03:00:00 AM,0,0,0
04/19/2018 10:00:00 AM,4,1,3
04/09/2018 01:00:00 PM,8,7,1
04/16/2018 08:00:00 AM,6,0,6
04/26/2018 10:00:00 PM,2,2,0
04/11/2018 06:00:00 AM,1,0,1
04/18/2018 04:00:00 AM,0,0,0
04/20/2018 04:00:00 AM,0,0,0
04/03/2018 07:00:00 AM,3,0,3
04/01/2018 11:00:00 AM,5,1,4
04/12/2018 04:00:00 PM,6,6,0
04/29/2018 03:00:00 PM,12,9,3
04/29/2018 09:00:00 AM,3,1,2
04/20/2018 05:00:00 AM,1,0,1
04/30/2018 09:00:00 PM,2,2,0
04/16/2018 05:00:00 PM,26,26,0
04/02/2018 02:00:00 AM,0,0,0
04/25/2018 11:00:00 PM,1,1,0
04/13/2018 10:00:00 AM,3,0,3
04/25/2018 11:00:00 AM,7,4,3
04/05/2018 12:00:00 PM,2,1,1
04/09/2018 11:00:00 PM,0,0,0
04/08/2018 02:00:00 PM,7,6,1
04/22/2018 08:00:00 AM,0,0,0
04/11/2018 01:00:00 AM,0,0,0
04/06/2018 10:00:00 PM,3,3,0
04/06/2018 06:00:00 PM,15,14,1
04/07/2018 01:00:00 AM,0,0,0
04/19/2018 12:00:00 PM,3,0,3
04/10/2018 10:00:00 AM,1,0,1
04/08/2018 07:00:00 AM,3,0,3
04/04/2018 06:00:00 AM,0,0,0
04/13/2018 01:00:00 AM,0,0,0
04/21/2018 06:00:00 AM,0,0,0
04/02/2018 12:00:00 AM,0,0,0
04/23/2018 06:00:00 PM,34,33,1
04/09/2018 06:00:00 PM,25,25,0
04/23/2018 10:00:00 PM,0,0,0
04/26/2018 09:00:00 PM,5,5,0
04/30/2018 06:00:00 PM,24,24,0
04/28/2018 08:00:00 AM,3,2,1
04/05/2018 10:00:00 AM,2,0,2
04/22/2018 07:00:00 PM,5,5,0
04/15/2018 09:00:00 AM,1,0,1
04/02/2018 10:00:00 PM,2,1,1
04/13/2018 10:00:00 PM,2,2,0
04/26/2018 03:00:00 PM,7,5,2
04/23/2018 04:00:00 AM,0,0,0
04/14/2018 11:00:00 AM,1,0,1
04/25/2018 01:00:00 AM,2,2,0
04/12/2018 10:00:00 AM,5,1,4
04/25/2018 12:00:00 AM,1,1,0
04/28/2018 01:00:00 AM,0,0,0
04/18/2018 07:00:00 PM,9,9,0
04/27/2018 08:00:00 PM,3,3,0
04/15/2018 01:00:00 PM,10,7,3
04/23/2018 11:00:00 PM,1,1,0
04/27/2018 09:00:00 AM,6,1,5
04/30/2018 11:00:00 AM,0,0,0
04/06/2018 07:00:00 PM,7,7,0
04/02/2018 07:00:00 PM,8,7,1
04/08/2018 11:00:00 PM,0,0,0
04/03/2018 01:00:00 AM,1,1,0
04/25/2018 01:00:00 PM,9,6,3
04/19/2018 05:00:00 AM,0,0,0
04/25/2018 10:00:00 PM,1,1,0
04/19/2018 02:00:00 AM,1,1,0
04/06/2018 02:00:00 PM,5,5,0
04/19/2018 11:00:00 PM,2,2,0
04/20/2018 08:00:00 AM,6,0,6
04/25/2018 12:00:00 PM,7,5,2
04/08/2018 09:00:00 AM,3,2,1
04/04/2018 05:00:00 PM,20,19,1
04/12/2018 03:00:00 AM,0,0,0
04/12/2018 12:00:00 PM,0,0,0
04/20/2018 01:00:00 PM,4,2,2
04/21/2018 01:00:00 PM,8,5,3
04/01/2018 09:00:00 AM,1,0,1
04/13/2018 07:00:00 AM,4,0,4
04/06/2018 12:00:00 PM,2,0,2
04/09/2018 06:00:00 AM,0,0,0
04/05/2018 08:00:00 PM,3,3,0
04/30/2018 12:00:00 AM,0,0,0
04/21/2018 05:00:00 AM,0,0,0
04/14/2018 03:00:00 PM,0,0,0
04/09/2018 08:00:00 PM,4,4,0
04/23/2018 04:00:00 PM,23,22,1
04/16/2018 04:00:00 PM,11,11,0
04/04/2018 02:00:00 AM,0,0,0
04/03/2018 12:00:00 AM,0,0,0
04/21/2018 08:00:00 AM,4,2,2
04/13/2018 05:00:00 PM,17,17,0
04/28/2018 12:00:00 PM,3,2,1
04/27/2018 08:00:00 AM,6,0,6
04/21/2018 05:00:00 PM,7,6,1
04/03/2018 11:00:00 PM,2,2,0
04/27/2018 04:00:00 AM,0,0,0
04/03/2018 06:00:00 AM,3,0,3
04/07/2018 04:00:00 AM,0,0,0
04/08/2018 04:00:00 AM,0,0,0
04/20/2018 09:00:00 AM,7,1,6
04/25/2018 02:00:00 PM,8,8,0
04/04/2018 04:00:00 PM,11,11,0
04/04/2018 12:00:00 PM,1,1,0
04/14/2018 01:00:00 PM,6,2,4
04/25/2018 06:00:00 AM,4,0,4
04/17/2018 06:00:00 PM,29,29,0
04/23/2018 10:00:00 AM,7,3,4
04/10/2018 01:00:00 AM,0,0,0
04/21/2018 03:00:00 AM,0,0,0
04/27/2018 12:00:00 PM,5,4,1
04/11/2018 07:00:00 PM,4,4,0
04/08/2018 12:00:00 PM,3,2,1
04/19/2018 04:00:00 AM,0,0,0
04/06/2018 10:00:00 AM,5,2,3
04/13/2018 01:00:00 PM,2,1,1
04/22/2018 12:00:00 PM,12,10,2
04/23/2018 01:00:00 AM,1,1,0
04/26/2018 07:00:00 AM,4,0,4
04/16/2018 01:00:00 AM,0,0,0
04/12/2018 07:00:00 AM,5,0,5
04/09/2018 08:00:00 AM,7,2,5
04/25/2018 08:00:00 AM,9,1,8
04/19/2018 07:00:00 PM,12,11,1
04/27/2018 07:00:00 AM,6,0,6
04/29/2018 05:00:00 AM,0,0,0
04/01/2018 07:00:00 PM,1,1,0
04/20/2018 04:00:00 PM,19,17,2
04/30/2018 08:00:00 AM,7,1,6
04/12/2018 05:00:00 AM,0,0,0
04/17/2018 12:00:00 PM,5,2,3
04/24/2018 05:00:00 AM,0,0,0
04/06/2018 04:00:00 PM,15,12,3
04/16/2018 09:00:00 PM,2,2,0
04/26/2018 06:00:00 PM,31,30,1
04/06/2018 07:00:00 AM,1,0,1
04/30/2018 11:00:00 PM,0,0,0
04/20/2018 11:00:00 PM,0,0,0
04/08/2018 01:00:00 PM,7,6,1
04/20/2018 02:00:00 AM,0,0,0
04/23/2018 01:00:00 PM,7,5,2
04/25/2018 02:00:00 AM,0,0,0
04/14/2018 08:00:00 PM,0,0,0
04/28/2018 04:00:00 AM,0,0,0
04/18/2018 02:00:00 AM,1,1,0
04/23/2018 09:00:00 PM,6,6,0
04/05/2018 07:00:00 AM,4,0,4
04/03/2018 07:00:00 PM,14,14,0
04/05/2018 02:00:00 AM,0,0,0
04/24/2018 11:00:00 AM,8,4,4
04/25/2018 04:00:00 PM,18,18,0
04/23/2018 02:00:00 PM,6,5,1
04/09/2018 12:00:00 AM,2,2,0
04/07/2018 10:00:00 PM,0,0,0
04/16/2018 03:00:00 AM,0,0,0
04/02/2018 08:00:00 PM,0,0,0
04/24/2018 11:00:00 PM,1,1,0
04/28/2018 03:00:00 PM,4,4,0
04/11/2018 02:00:00 AM,0,0,0
04/28/2018 01:00:00 PM,3,1,2
04/25/2018 04:00:00 AM,0,0,0
04/24/2018 09:00:00 AM,10,4,6
04/14/2018 09:00:00 AM,3,2,1
04/15/2018 08:00:00 PM,0,0,0
04/24/2018 01:00:00 AM,0,0,0
04/30/2018 07:00:00 AM,8,0,8
04/12/2018 03:00:00 PM,5,5,0
04/14/2018 10:00:00 PM,0,0,0
04/19/2018 10:00:00 PM,1,1,0
04/07/2018 05:00:00 AM,0,0,0
04/09/2018 05:00:00 AM,0,0,0
04/17/2018 12:00:00 AM,0,0,0
04/11/2018 07:00:00 AM,3,0,3
04/02/2018 05:00:00 AM,0,0,0
04/30/2018 03:00:00 PM,9,6,3
04/01/2018 03:00:00 AM,0,0,0
04/16/2018 01:00:00 PM,5,3,2
04/04/2018 11:00:00 PM,0,0,0
04/29/2018 04:00:00 AM,0,0,0
04/18/2018 09:00:00 PM,5,5,0
04/20/2018 12:00:00 PM,5,4,1
04/29/2018 02:00:00 PM,7,7,0
04/14/2018 09:00:00 PM,0,0,0
04/03/2018 12:00:00 PM,7,4,3
04/23/2018 08:00:00 AM,12,0,12
04/22/2018 10:00:00 PM,0,0,0
04/06/2018 05:00:00 PM,30,30,0
04/11/2018 09:00:00 PM,1,1,0
04/30/2018 05:00:00 AM,0,0,0
04/21/2018 04:00:00 PM,3,3,0
04/18/2018 11:00:00 PM,1,1,0
04/30/2018 08:00:00 PM,2,0,2
04/01/2018 03:00:00 PM,0,0,0
04/17/2018 03:00:00 PM,9,8,1
04/03/2018 10:00:00 PM,2,2,0
04/23/2018 07:00:00 PM,17,15,2
04/02/2018 11:00:00 PM,0,0,0
04/03/2018 03:00:00 PM,5,4,1
04/04/2018 10:00:00 PM,1,1,0
04/14/2018 04:00:00 PM,1,1,0
04/17/2018 07:00:00 AM,5,0,5
04/10/2018 09:00:00 PM,2,1,1
04/09/2018 09:00:00 AM,5,2,3
04/27/2018 01:00:00 PM,2,2,0
04/18/2018 05:00:00 AM,2,0,2
04/01/2018 09:00:00 PM,0,0,0
04/29/2018 06:00:00 AM,0,0,0
04/12/2018 09:00:00 AM,3,1,2
04/11/2018 05:00:00 PM,19,19,0
04/30/2018 10:00:00 AM,7,1,6
04/01/2018 02:00:00 AM,1,1,0
04/17/2018 05:00:00 AM,0,0,0
04/08/2018 02:00:00 AM,0,0,0
04/05/2018 03:00:00 PM,3,3,0
04/15/2018 12:00:00 PM,7,6,1
04/25/2018 10:00:00 AM,9,1,8
04/24/2018 08:00:00 PM,6,6,0
04/24/2018 10:00:00 AM,5,2,3
04/17/2018 10:00:00 PM,1,1,0
04/13/2018 06:00:00 PM,12,12,0
04/24/2018 05:00:00 PM,39,36,3
04/10/2018 04:00:00 AM,0,0,0
04/03/2018 02:00:00 AM,0,0,0
04/18/2018 12:00:00 PM,4,3,1
04/22/2018 04:00:00 AM,0,0,0
04/04/2018 10:00:00 AM,4,1,3
04/20/2018 07:00:00 PM,6,6,0
04/15/2018 12:00:00 AM,1,1,0
04/08/2018 08:00:00 AM,2,1,1
04/23/2018 06:00:00 AM,2,0,2
04/29/2018 08:00:00 PM,0,0,0
04/06/2018 01:00:00 AM,0,0,0
04/03/2018 01:00:00 PM,3,2,1
04/12/2018 09:00:00 PM,2,2,0
04/16/2018 03:00:00 PM,5,4,1
04/12/2018 01:00:00 AM,1,1,0
04/01/2018 12:00:00 AM,0,0,0
04/26/2018 02:00:00 AM,0,0,0
04/05/2018 01:00:00 PM,1,1,0
04/28/2018 10:00:00 PM,1,1,0
04/14/2018 06:00:00 AM,0,0,0
04/22/2018 03:00:00 PM,8,7,1
04/19/2018 08:00:00 AM,8,0,8
04/27/2018 11:00:00 PM,1,1,0
04/07/2018 12:00:00 AM,0,0,0
04/22/2018 05:00:00 AM,0,0,0
04/13/2018 12:00:00 PM,2,1,1
04/29/2018 09:00:00 PM,0,0,0
04/02/2018 10:00:00 AM,3,0,3
04/15/2018 04:00:00 AM,0,0,0
04/13/2018 02:00:00 AM,0,0,0
04/30/2018 04:00:00 PM,15,15,0
04/12/2018 02:00:00 AM,0,0,0
04/16/2018 10:00:00 AM,4,1,3
04/12/2018 06:00:00 AM,2,1,1
04/10/2018 07:00:00 AM,2,1,1
04/12/2018 10:00:00 PM,1,1,0
04/06/2018 09:00:00 AM,4,0,4
04/02/2018 03:00:00 PM,5,3,2
04/02/2018 08:00:00 AM,7,1,6
04/22/2018 01:00:00 PM,13,6,7
04/01/2018 11:00:00 PM,0,0,0
04/15/2018 10:00:00 AM,4,2,2
04/02/2018 03:00:00 AM,0,0,0
04/11/2018 08:00:00 PM,5,5,0
04/11/2018 10:00:00 AM,6,2,4
04/22/2018 01:00:00 AM,0,0,0
04/10/2018 03:00:00 PM,8,7,1
04/03/2018 09:00:00 AM,4,1,3
04/03/2018 05:00:00 AM,0,0,0
04/11/2018 08:00:00 AM,4,1,3
04/27/2018 01:00:00 AM,0,0,0
04/13/2018 05:00:00 AM,0,0,0
04/01/2018 05:00:00 PM,3,0,3
04/12/2018 08:00:00 PM,2,2,0
04/16/2018 07:00:00 PM,0,0,0
04/15/2018 09:00:00 PM,0,0,0
04/24/2018 09:00:00 PM,3,2,1
04/18/2018 08:00:00 AM,5,1,4
04/26/2018 06:00:00 AM,1,0,1
04/19/2018 01:00:00 AM,0,0,0
04/07/2018 12:00:00 PM,4,4,0
04/06/2018 03:00:00 PM,13,9,4
04/20/2018 06:00:00 PM,19,19,0
04/18/2018 01:00:00 AM,0,0,0
04/12/2018 06:00:00 PM,18,18,0
04/07/2018 02:00:00 AM,1,1,0
04/05/2018 01:00:00 AM,0,0,0
04/14/2018 12:00:00 PM,2,1,1
04/04/2018 03:00:00 PM,4,4,0
04/28/2018 11:00:00 PM,1,1,0
04/04/2018 07:00:00 AM,2,0,2
04/26/2018 01:00:00 PM,7,5,2
04/15/2018 03:00:00 PM,7,7,0
04/09/2018 02:00:00 AM,1,1,0
04/20/2018 10:00:00 PM,2,2,0
04/01/2018 04:00:00 PM,5,5,0
04/23/2018 05:00:00 PM,34,32,2
04/07/2018 11:00:00 PM,1,1,0
04/10/2018 11:00:00 AM,6,1,5
04/14/2018 03:00:00 AM,0,0,0
04/07/2018 07:00:00 AM,1,1,0
04/28/2018 02:00:00 PM,3,2,1
04/12/2018 04:00:00 AM,0,0,0
04/08/2018 05:00:00 PM,4,4,0
04/30/2018 06:00:00 AM,2,0,2
04/03/2018 04:00:00 PM,17,14,3
04/27/2018 04:00:00 PM,12,12,0
04/10/2018 12:00:00 AM,1,1,0
04/10/2018 03:00:00 AM,1,1,0
04/29/2018 10:00:00 AM,8,5,3
04/21/2018 02:00:00 PM,9,7,2
04/19/2018 02:00:00 PM,7,6,1
04/23/2018 03:00:00 PM,14,13,1
04/17/2018 04:00:00 AM,0,0,0
04/18/2018 02:00:00 PM,6,5,1
04/19/2018 06:00:00 AM,0,0,0
04/11/2018 12:00:00 PM,5,4,1
04/29/2018 11:00:00 PM,1,1,0
04/01/2018 02:00:00 PM,0,0,0
04/30/2018 02:00:00 AM,0,0,0
04/09/2018 11:00:00 AM,5,1,4
04/03/2018 11:00:00 AM,2,1,1
04/17/2018 02:00:00 AM,0,0,0
04/20/2018 06:00:00 AM,3,0,3
04/23/2018 12:00:00 AM,2,2,0
04/29/2018 02:00:00 AM,0,0,0
04/01/2018 06:00:00 PM,1,1,0
04/17/2018 09:00:00 AM,7,1,6
04/18/2018 11:00:00 AM,6,3,3
04/28/2018 06:00:00 AM,0,0,0
04/22/2018 12:00:00 AM,1,1,0
04/07/2018 05:00:00 PM,4,4,0
04/11/2018 04:00:00 PM,11,10,1
04/22/2018 11:00:00 PM,0,0,0
04/28/2018 07:00:00 AM,0,0,0
04/19/2018 12:00:00 AM,1,1,0
04/15/2018 07:00:00 PM,2,2,0
04/06/2018 03:00:00 AM,0,0,0
04/20/2018 11:00:00 AM,4,1,3
04/03/2018 10:00:00 AM,4,0,4
04/15/2018 11:00:00 PM,0,0,0
04/05/2018 12:00:00 AM,1,1,0
04/03/2018 03:00:00 AM,0,0,0
04/06/2018 11:00:00 PM,2,2,0
04/09/2018 04:00:00 PM,13,13,0
04/11/2018 02:00:00 PM,5,4,1
04/16/2018 11:00:00 AM,2,1,1
04/03/2018 06:00:00 PM,25,23,2
04/23/2018 03:00:00 AM,0,0,0
04/04/2018 05:00:00 AM,0,0,0
04/07/2018 09:00:00 AM,4,2,2
04/09/2018 03:00:00 AM,0,0,0
04/17/2018 01:00:00 PM,4,3,1
04/11/2018 05:00:00 AM,0,0,0
04/19/2018 06:00:00 PM,27,26,1
04/27/2018 06:00:00 PM,19,19,0
04/08/2018 06:00:00 AM,1,0,1
04/05/2018 07:00:00 PM,8,8,0
04/03/2018 09:00:00 PM,2,2,0
04/28/2018 05:00:00 AM,0,0,0
04/26/2018 08:00:00 AM,5,1,4
04/05/2018 06:00:00 PM,20,19,1
04/09/2018 10:00:00 PM,3,3,0
04/06/2018 01:00:00 PM,3,3,0
04/26/2018 12:00:00 PM,9,4,5
04/05/2018 11:00:00 PM,1,1,0
04/10/2018 12:00:00 PM,2,1,1
04/15/2018 02:00:00 AM,0,0,0
04/08/2018 07:00:00 PM,3,3,0
04/21/2018 06:00:00 PM,5,5,0
04/02/2018 02:00:00 PM,8,6,2
04/06/2018 02:00:00 AM,0,0,0
04/15/2018 02:00:00 PM,5,5,0
04/02/2018 06:00:00 AM,0,0,0
04/17/2018 11:00:00 PM,3,3,0
04/13/2018 07:00:00 PM,10,10,0
04/29/2018 04:00:00 PM,5,4,1
04/12/2018 11:00:00 AM,0,0,0
04/17/2018 10:00:00 AM,5,2,3
04/29/2018 06:00:00 PM,3,3,0
04/01/2018 08:00:00 AM,0,0,0
04/24/2018 10:00:00 PM,1,1,0
04/15/2018 07:00:00 AM,1,1,0
04/06/2018 06:00:00 AM,3,0,3
04/12/2018 05:00:00 PM,25,24,1
04/05/2018 09:00:00 PM,3,3,0
04/29/2018 05:00:00 PM,9,9,0
04/30/2018 10:00:00 PM,1,1,0
04/03/2018 05:00:00 PM,31,31,0
04/22/2018 05:00:00 PM,6,5,1
04/08/2018 10:00:00 PM,0,0,0
04/18/2018 09:00:00 AM,5,1,4
04/11/2018 11:00:00 PM,0,0,0
04/29/2018 01:00:00 AM,0,0,0
04/26/2018 12:00:00 AM,0,0,0
04/02/2018 12:00:00 PM,3,3,0
04/17/2018 05:00:00 PM,34,32,2
04/27/2018 06:00:00 AM,4,0,4
04/19/2018 07:00:00 AM,6,0,6
04/10/2018 05:00:00 AM,0,0,0
04/15/2018 08:00:00 AM,1,0,1
04/07/2018 01:00:00 PM,2,1,1
04/07/2018 08:00:00 AM,0,0,0
04/24/2018 04:00:00 PM,23,22,1
04/10/2018 02:00:00 AM,0,0,0
04/15/2018 03:00:00 AM,0,0,0
04/15/2018 11:00:00 AM,3,3,0
04/26/2018 01:00:00 AM,1,1,0
04/20/2018 07:00:00 AM,5,1,4
04/18/2018 12:00:00 AM,0,0,0
04/27/2018 09:00:00 PM,7,6,1
04/11/2018 03:00:00 AM,0,0,0
04/17/2018 11:00:00 AM,3,1,2
04/07/2018 11:00:00 AM,1,1,0
04/07/2018 10:00:00 AM,2,1,1
04/28/2018 04:00:00 PM,0,0,0
04/09/2018 12:00:00 PM,4,3,1
04/19/2018 11:00:00 AM,4,1,3
04/30/2018 05:00:00 PM,36,35,1
04/22/2018 10:00:00 AM,6,4,2
04/10/2018 01:00:00 PM,2,1,1
04/16/2018 12:00:00 AM,0,0,0
04/17/2018 09:00:00 PM,4,4,0
04/20/2018 05:00:00 PM,27,24,3
04/18/2018 10:00:00 AM,4,0,4
04/26/2018 11:00:00 AM,5,2,3
04/13/2018 09:00:00 AM,4,0,4
04/30/2018 09:00:00 AM,8,2,6
04/02/2018 05:00:00 PM,27,27,0
04/15/2018 06:00:00 AM,0,0,0
04/25/2018 05:00:00 PM,42,40,2
04/08/2018 01:00:00 AM,0,0,0
04/13/2018 12:00:00 AM,0,0,0
04/22/2018 09:00:00 PM,1,1,0
04/28/2018 11:00:00 AM,1,0,1
04/01/2018 07:00:00 AM,0,0,0
04/13/2018 04:00:00 PM,7,7,0
04/04/2018 09:00:00 PM,1,1,0
04/08/2018 08:00:00 PM,0,0,0
04/04/2018 09:00:00 AM,3,1,2
04/22/2018 02:00:00 PM,10,9,1
04/16/2018 05:00:00 AM,0,0,0
04/02/2018 11:00:00 AM,7,3,4
04/14/2018 07:00:00 PM,1,1,0
04/26/2018 04:00:00 PM,21,20,1
04/16/2018 02:00:00 AM,0,0,0
04/25/2018 05:00:00 AM,1,1,0
04/24/2018 01:00:00 PM,6,4,2
04/14/2018 11:00:00 PM,0,0,0
04/04/2018 12:00:00 AM,1,1,0
04/20/2018 12:00:00 AM,0,0,0
04/05/2018 10:00:00 PM,0,0,0
04/04/2018 07:00:00 PM,6,5,1
04/04/2018 08:00:00 PM,0,0,0
04/11/2018 03:00:00 PM,7,7,0
04/18/2018 04:00:00 PM,10,9,1
04/28/2018 03:00:00 AM,0,0,0
04/05/2018 04:00:00 AM,0,0,0
04/14/2018 05:00:00 AM,0,0,0
04/21/2018 04:00:00 AM,0,0,0
04/17/2018 01:00:00 AM,2,2,0
04/05/2018 09:00:00 AM,4,1,3
04/09/2018 07:00:00 PM,15,13,2
04/14/2018 07:00:00 AM,0,0,0
04/02/2018 09:00:00 PM,0,0,0
04/10/2018 06:00:00 PM,20,16,4
04/19/2018 03:00:00 PM,7,7,0
04/24/2018 02:00:00 AM,0,0,0
04/28/2018 05:00:00 PM,2,1,1
04/27/2018 11:00:00 AM,4,2,2
04/14/2018 02:00:00 AM,0,0,0
04/19/2018 03:00:00 AM,1,1,0
04/27/2018 10:00:00 PM,1,1,0
04/18/2018 03:00:00 PM,7,6,1
04/07/2018 02:00:00 PM,5,4,1
04/09/2018 04:00:00 AM,0,0,0
04/28/2018 08:00:00 PM,0,0,0
04/10/2018 10:00:00 PM,1,1,0
04/25/2018 09:00:00 PM,3,3,0
04/23/2018 02:00:00 AM,0,0,0
04/20/2018 01:00:00 AM,3,3,0
04/16/2018 06:00:00 PM,19,19,0
04/01/2018 12:00:00 PM,2,2,0
04/18/2018 01:00:00 PM,3,3,0
04/21/2018 10:00:00 PM,2,1,1
04/25/2018 07:00:00 AM,8,2,6
04/16/2018 09:00:00 AM,6,1,5
04/14/2018 08:00:00 AM,1,0,1
04/24/2018 04:00:00 AM,0,0,0
04/14/2018 04:00:00 AM,1,1,0
04/30/2018 01:00:00 PM,8,5,3
04/10/2018 07:00:00 PM,8,8,0
04/22/2018 02:00:00 AM,0,0,0
04/24/2018 06:00:00 PM,41,38,3
04/16/2018 04:00:00 AM,0,0,0
04/16/2018 02:00:00 PM,9,7,2
04/02/2018 01:00:00 AM,0,0,0
04/11/2018 10:00:00 PM,1,1,0
04/28/2018 09:00:00 AM,1,0,1
04/21/2018 02:00:00 AM,0,0,0
04/05/2018 05:00:00 PM,20,20,0
04/21/2018 10:00:00 AM,8,6,2
04/26/2018 07:00:00 PM,19,19,0
04/13/2018 08:00:00 PM,1,1,0
04/30/2018 07:00:00 PM,16,15,1
04/21/2018 01:00:00 AM,0,0,0
04/27/2018 07:00:00 PM,11,10,1
04/23/2018 05:00:00 AM,0,0,0
04/19/2018 09:00:00 PM,4,4,0
04/09/2018 01:00:00 AM,0,0,0
04/14/2018 10:00:00 AM,0,0,0
04/06/2018 12:00:00 AM,1,1,0
04/30/2018 03:00:00 AM,0,0,0
04/09/2018 07:00:00 AM,3,0,3
04/19/2018 04:00:00 PM,18,17,1
04/07/2018 07:00:00 PM,3,3,0
04/29/2018 03:00:00 AM,0,0,0
04/25/2018 06:00:00 PM,29,29,0
04/17/2018 02:00:00 PM,3,2,1
04/22/2018 08:00:00 PM,0,0,0
04/22/2018 06:00:00 PM,6,4,2
04/22/2018 09:00:00 AM,6,4,2
04/26/2018 02:00:00 PM,9,8,1
04/07/2018 04:00:00 PM,1,1,0
04/05/2018 05:00:00 AM,0,0,0
04/05/2018 06:00:00 AM,2,1,1
04/13/2018 11:00:00 AM,7,4,3
04/16/2018 11:00:00 PM,0,0,0
04/06/2018 08:00:00 PM,1,1,0
04/04/2018 04:00:00 AM,0,0,0
04/29/2018 07:00:00 PM,7,5,2
04/17/2018 06:00:00 AM,2,0,2
04/11/2018 11:00:00 AM,1,0,1
04/24/2018 12:00:00 AM,0,0,0
04/17/2018 03:00:00 AM,0,0,0
04/28/2018 12:00:00 AM,0,0,0
04/03/2018 08:00:00 PM,2,2,0
04/24/2018 03:00:00 PM,13,12,1
04/24/2018 07:00:00 AM,4,0,4
04/25/2018 07:00:00 PM,21,18,3
04/28/2018 06:00:00 PM,1,1,0
04/13/2018 06:00:00 AM,1,0,1
04/20/2018 10:00:00 AM,7,2,5
04/16/2018 07:00:00 AM,4,0,4
04/19/2018 05:00:00 PM,37,37,0
04/27/2018 02:00:00 AM,0,0,0
04/14/2018 05:00:00 PM,3,3,0
04/27/2018 03:00:00 AM,0,0,0
04/07/2018 06:00:00 AM,0,0,0
04/08/2018 03:00:00 PM,2,2,0
04/06/2018 04:00:00 AM,0,0,0
04/04/2018 01:00:00 PM,4,4,0
04/30/2018 04:00:00 AM,0,0,0
04/21/2018 07:00:00 AM,0,0,0
04/28/2018 02:00:00 AM,0,0,0
04/05/2018 02:00:00 PM,4,4,0
04/25/2018 09:00:00 AM,4,1,3
04/08/2018 04:00:00 PM,3,3,0
04/02/2018 07:00:00 AM,4,0,4
04/19/2018 08:00:00 PM,6,6,0
04/07/2018 08:00:00 PM,1,0,1
04/27/2018 05:00:00 AM,1,0,1
04/18/2018 05:00:00 PM,30,30,0
04/01/2018 10:00:00 PM,0,0,0
04/21/2018 07:00:00 PM,6,6,0
04/21/2018 09:00:00 PM,3,3,0
04/26/2018 09:00:00 AM,6,2,4
04/15/2018 05:00:00 PM,4,2,2
04/04/2018 11:00:00 AM,1,0,1
04/21/2018 12:00:00 AM,2,2,0
04/10/2018 04:00:00 PM,8,8,0
04/24/2018 03:00:00 AM,1,1,0
04/12/2018 12:00:00 AM,1,1,0
04/06/2018 11:00:00 AM,3,3,0
04/03/2018 02:00:00 PM,3,2,1
04/20/2018 08:00:00 PM,2,2,0
04/13/2018 11:00:00 PM,1,1,0
04/27/2018 10:00:00 AM,6,1,5
04/07/2018 06:00:00 PM,0,0,0
04/13/2018 02:00:00 PM,5,4,1
04/30/2018 12:00:00 PM,3,2,1
04/26/2018 08:00:00 PM,8,8,0
04/07/2018 03:00:00 PM,1,0,1
04/03/2018 04:00:00 AM,0,0,0
04/09/2018 05:00:00 PM,33,28,5
04/05/2018 11:00:00 AM,1,1,0
04/23/2018 09:00:00 AM,4,0,4
04/22/2018 07:00:00 AM,2,0,2
04/27/2018 12:00:00 AM,1,1,0
04/05/2018 03:00:00 AM,0,0,0
04/14/2018 12:00:00 AM,0,0,0
04/26/2018 03:00:00 AM,0,0,0
04/26/2018 10:00:00 AM,5,1,4
04/08/2018 12:00:00 AM,0,0,0
04/09/2018 03:00:00 PM,8,8,0
04/18/2018 03:00:00 AM,0,0,0
04/24/2018 02:00:00 PM,6,4,2
04/30/2018 02:00:00 PM,4,4,0
04/18/2018 08:00:00 PM,4,4,0
04/20/2018 03:00:00 AM,0,0,0
04/10/2018 08:00:00 AM,7,0,7
04/08/2018 06:00:00 PM,3,3,0
04/22/2018 03:00:00 AM,1,1,0
04/18/2018 06:00:00 PM,32,32,0
04/18/2018 07:00:00 AM,3,1,2
04/15/2018 05:00:00 AM,0,0,0
04/05/2018 08:00:00 AM,4,0,4
04/22/2018 06:00:00 AM,0,0,0
04/16/2018 12:00:00 PM,1,0,1
04/23/2018 08:00:00 PM,4,4,0
04/11/2018 06:00:00 PM,19,19,0
04/29/2018 12:00:00 AM,0,0,0
04/20/2018 09:00:00 PM,1,1,0
04/06/2018 08:00:00 AM,4,0,4
04/08/2018 03:00:00 AM,0,0,0
05/13/2018 02:00:00 PM,17,7,10
05/09/2018 02:00:00 AM,0,0,0
05/28/2018 09:00:00 AM,19,13,6
05/10/2018 12:00:00 PM,0,0,0
05/01/2018 07:00:00 PM,6,6,0
05/17/2018 03:00:00 AM,0,0,0
05/25/2018 08:00:00 AM,1,1,0
05/01/2018 06:00:00 PM,10,10,0
05/29/2018 04:00:00 AM,8,8,0
05/14/2018 04:00:00 AM,4,4,0
05/23/2018 06:00:00 PM,0,0,0
05/01/2018 05:00:00 AM,0,0,0
05/09/2018 08:00:00 AM,0,0,0
05/03/2018 01:00:00 PM,13,10,3
05/28/2018 12:00:00 AM,0,0,0
05/31/2018 03:00:00 AM,0,0,0
05/13/2018 05:00:00 AM,0,0,0
05/05/2018 01:00:00 PM,14,12,2
05/13/2018 06:00:00 PM,4,1,3
05/03/2018 04:00:00 AM,0,0,0
05/07/2018 08:00:00 PM,0,0,0
05/16/2018 09:00:00 AM,7,6,1
05/31/2018 09:00:00 PM,6,0,6
05/16/2018 06:00:00 AM,35,33,2
05/24/2018 06:00:00 AM,0,0,0
05/20/2018 01:00:00 PM,17,6,11
05/14/2018 07:00:00 PM,10,1,9
05/31/2018 09:00:00 AM,14,10,4
05/21/2018 01:00:00 PM,8,6,2
05/10/2018 04:00:00 PM,32,1,31
05/10/2018 04:00:00 AM,0,0,0
05/12/2018 05:00:00 AM,3,2,1
05/14/2018 10:00:00 AM,9,9,0
05/22/2018 11:00:00 AM,0,0,0
05/14/2018 10:00:00 PM,2,0,2
05/14/2018 06:00:00 PM,13,2,11
05/14/2018 01:00:00 AM,0,0,0
05/04/2018 08:00:00 PM,3,3,0
05/12/2018 03:00:00 PM,12,3,9
05/04/2018 02:00:00 AM,0,0,0
05/19/2018 12:00:00 PM,11,8,3
05/31/2018 06:00:00 PM,13,1,12
05/16/2018 12:00:00 PM,3,2,1
05/27/2018 02:00:00 AM,0,0,0
05/21/2018 05:00:00 AM,15,14,1
05/10/2018 01:00:00 PM,0,0,0
05/17/2018 09:00:00 AM,10,10,0
05/01/2018 10:00:00 PM,1,1,0
05/08/2018 06:00:00 AM,0,0,0
05/10/2018 10:00:00 AM,0,0,0
05/14/2018 01:00:00 PM,12,5,7
05/31/2018 01:00:00 AM,0,0,0
05/23/2018 02:00:00 AM,0,0,0
05/02/2018 06:00:00 PM,14,14,0
05/29/2018 06:00:00 PM,15,2,13
05/30/2018 02:00:00 PM,10,5,5
05/28/2018 05:00:00 AM,5,4,1
05/02/2018 01:00:00 AM,1,1,0
05/06/2018 02:00:00 AM,0,0,0
05/09/2018 01:00:00 AM,0,0,0
05/17/2018 05:00:00 AM,10,10,0
05/09/2018 04:00:00 AM,0,0,0
05/03/2018 10:00:00 PM,1,1,0
05/22/2018 05:00:00 AM,0,0,0
05/25/2018 04:00:00 AM,0,0,0
05/09/2018 07:00:00 PM,0,0,0
05/29/2018 05:00:00 PM,38,2,36
05/26/2018 11:00:00 PM,2,0,2
05/25/2018 11:00:00 PM,1,0,1
05/26/2018 04:00:00 PM,9,2,7
05/03/2018 11:00:00 PM,0,0,0
05/23/2018 10:00:00 PM,0,0,0
05/06/2018 12:00:00 AM,0,0,0
05/28/2018 05:00:00 PM,6,2,4
05/16/2018 07:00:00 PM,9,5,4
05/23/2018 04:00:00 PM,0,0,0
05/29/2018 09:00:00 AM,13,10,3
05/18/2018 03:00:00 AM,0,0,0
05/17/2018 02:00:00 PM,5,2,3
05/13/2018 04:00:00 AM,0,0,0
05/15/2018 12:00:00 AM,0,0,0
05/18/2018 09:00:00 AM,6,6,0
05/15/2018 11:00:00 PM,0,0,0
05/31/2018 12:00:00 PM,9,2,7
05/23/2018 05:00:00 AM,0,0,0
05/03/2018 07:00:00 PM,4,4,0
05/22/2018 08:00:00 PM,1,0,1
05/08/2018 09:00:00 PM,0,0,0
05/30/2018 07:00:00 AM,35,35,0
05/15/2018 09:00:00 AM,9,8,1
05/30/2018 02:00:00 AM,0,0,0
05/12/2018 12:00:00 AM,1,0,1
05/20/2018 03:00:00 PM,15,9,6
05/10/2018 02:00:00 AM,0,0,0
05/22/2018 01:00:00 AM,0,0,0
05/10/2018 08:00:00 AM,0,0,0
05/16/2018 03:00:00 PM,22,0,22
05/27/2018 11:00:00 AM,11,5,6
05/02/2018 07:00:00 PM,7,7,0
05/01/2018 06:00:00 AM,1,0,1
05/10/2018 01:00:00 AM,0,0,0
05/19/2018 10:00:00 AM,13,2,11
05/22/2018 07:00:00 PM,0,0,0
05/24/2018 11:00:00 PM,0,0,0
05/05/2018 03:00:00 AM,0,0,0
05/18/2018 09:00:00 PM,3,0,3
05/22/2018 08:00:00 AM,0,0,0
05/24/2018 06:00:00 PM,0,0,0
05/22/2018 10:00:00 PM,0,0,0
05/08/2018 07:00:00 AM,0,0,0
05/20/2018 12:00:00 PM,8,3,5
05/01/2018 01:00:00 AM,1,1,0
05/21/2018 07:00:00 AM,14,10,4
05/04/2018 10:00:00 AM,4,2,2
05/02/2018 09:00:00 PM,1,1,0
05/02/2018 12:00:00 AM,0,0,0
05/14/2018 12:00:00 PM,4,3,1
05/08/2018 07:00:00 PM,0,0,0
05/03/2018 02:00:00 AM,0,0,0
05/01/2018 11:00:00 PM,2,2,0
05/02/2018 07:00:00 AM,10,2,8
05/09/2018 09:00:00 PM,0,0,0
05/20/2018 02:00:00 PM,19,3,16
05/30/2018 06:00:00 PM,14,2,12
05/13/2018 12:00:00 PM,21,14,7
05/16/2018 02:00:00 AM,1,0,1
05/16/2018 04:00:00 AM,6,6,0
05/07/2018 03:00:00 PM,0,0,0
05/28/2018 11:00:00 PM,2,0,2
05/13/2018 10:00:00 PM,1,0,1
05/15/2018 04:00:00 AM,5,4,1
05/25/2018 04:00:00 PM,33,1,32
05/23/2018 08:00:00 AM,1,0,1
05/05/2018 09:00:00 PM,0,0,0
05/26/2018 06:00:00 PM,4,1,3
05/11/2018 01:00:00 PM,10,4,6
05/20/2018 09:00:00 AM,6,5,1
05/02/2018 03:00:00 AM,0,0,0
05/23/2018 06:00:00 AM,0,0,0
05/20/2018 05:00:00 PM,10,4,6
05/17/2018 01:00:00 AM,0,0,0
05/17/2018 07:00:00 PM,6,0,6
05/13/2018 07:00:00 PM,4,3,1
05/09/2018 12:00:00 PM,0,0,0
05/10/2018 09:00:00 PM,1,0,1
05/06/2018 01:00:00 AM,0,0,0
05/23/2018 01:00:00 AM,0,0,0
05/07/2018 04:00:00 PM,0,0,0
05/04/2018 11:00:00 PM,1,1,0
05/19/2018 09:00:00 AM,5,4,1
05/06/2018 10:00:00 PM,1,1,0
05/26/2018 04:00:00 AM,0,0,0
05/24/2018 08:00:00 AM,0,0,0
05/19/2018 02:00:00 AM,0,0,0
05/01/2018 12:00:00 AM,1,1,0
05/28/2018 02:00:00 AM,0,0,0
05/16/2018 06:00:00 PM,13,3,10
05/20/2018 08:00:00 AM,2,1,1
05/25/2018 07:00:00 PM,8,0,8
05/14/2018 05:00:00 AM,16,15,1
05/15/2018 11:00:00 AM,7,5,2
05/27/2018 04:00:00 AM,0,0,0
05/03/2018 09:00:00 PM,3,3,0
05/30/2018 07:00:00 PM,27,12,15
05/15/2018 05:00:00 AM,13,13,0
05/11/2018 10:00:00 PM,2,1,1
05/01/2018 10:00:00 AM,11,4,7
05/25/2018 01:00:00 PM,9,4,5
05/08/2018 03:00:00 AM,0,0,0
05/19/2018 03:00:00 AM,0,0,0
05/07/2018 10:00:00 PM,0,0,0
05/30/2018 09:00:00 PM,1,0,1
05/03/2018 03:00:00 PM,23,22,1
05/14/2018 05:00:00 PM,42,4,38
05/04/2018 01:00:00 PM,11,10,1
05/21/2018 03:00:00 AM,0,0,0
05/29/2018 12:00:00 PM,7,3,4
05/19/2018 11:00:00 PM,1,1,0
05/18/2018 05:00:00 AM,16,16,0
05/05/2018 02:00:00 AM,0,0,0
05/03/2018 04:00:00 PM,47,46,1
05/10/2018 03:00:00 PM,0,0,0
05/04/2018 09:00:00 AM,3,1,2
05/20/2018 02:00:00 AM,0,0,0
05/07/2018 09:00:00 AM,0,0,0
05/30/2018 11:00:00 PM,1,0,1
05/21/2018 12:00:00 AM,1,0,1
05/12/2018 11:00:00 AM,12,4,8
05/18/2018 02:00:00 PM,16,5,11
05/17/2018 07:00:00 AM,28,28,0
05/20/2018 03:00:00 AM,0,0,0
05/31/2018 08:00:00 AM,16,14,2
05/15/2018 12:00:00 PM,7,4,3
05/26/2018 09:00:00 AM,5,3,2
05/17/2018 08:00:00 AM,9,8,1
05/31/2018 06:00:00 AM,35,34,1
05/04/2018 02:00:00 PM,13,12,1
05/26/2018 10:00:00 AM,8,2,6
05/05/2018 07:00:00 PM,2,1,1
05/31/2018 07:00:00 AM,27,26,1
05/11/2018 11:00:00 PM,0,0,0
05/02/2018 03:00:00 PM,24,24,0
05/26/2018 07:00:00 PM,1,0,1
05/17/2018 08:00:00 PM,3,0,3
05/27/2018 08:00:00 PM,4,0,4
05/21/2018 11:00:00 AM,1,0,1
05/31/2018 01:00:00 PM,1,0,1
05/10/2018 12:00:00 AM,0,0,0
05/02/2018 04:00:00 AM,0,0,0
05/08/2018 04:00:00 AM,0,0,0
05/27/2018 12:00:00 AM,0,0,0
05/24/2018 01:00:00 PM,0,0,0
05/11/2018 08:00:00 PM,6,0,6
05/21/2018 01:00:00 AM,0,0,0
05/14/2018 02:00:00 AM,0,0,0
05/10/2018 05:00:00 AM,0,0,0
05/05/2018 01:00:00 AM,0,0,0
05/25/2018 02:00:00 PM,20,2,18
05/09/2018 06:00:00 PM,0,0,0
05/01/2018 04:00:00 AM,0,0,0
05/31/2018 07:00:00 PM,7,0,7
05/02/2018 11:00:00 PM,1,1,0
05/27/2018 09:00:00 PM,0,0,0
05/19/2018 10:00:00 PM,1,0,1
05/17/2018 06:00:00 PM,17,0,17
05/27/2018 06:00:00 PM,8,0,8
05/31/2018 04:00:00 PM,51,4,47
05/04/2018 03:00:00 PM,15,14,1
05/12/2018 04:00:00 PM,4,1,3
05/15/2018 08:00:00 PM,5,0,5
05/30/2018 11:00:00 AM,8,3,5
05/13/2018 03:00:00 AM,0,0,0
05/11/2018 02:00:00 PM,12,2,10
05/14/2018 09:00:00 AM,13,10,3
05/22/2018 07:00:00 AM,1,0,1
05/22/2018 12:00:00 PM,0,0,0
05/18/2018 03:00:00 PM,19,3,16
05/12/2018 01:00:00 AM,0,0,0
05/29/2018 02:00:00 PM,13,6,7
05/22/2018 06:00:00 PM,1,1,0
05/01/2018 04:00:00 PM,40,39,1
05/24/2018 04:00:00 PM,0,0,0
05/26/2018 03:00:00 AM,0,0,0
05/31/2018 04:00:00 AM,8,8,0
05/07/2018 01:00:00 AM,1,1,0
05/28/2018 03:00:00 PM,17,6,11
05/05/2018 05:00:00 PM,5,4,1
05/18/2018 10:00:00 AM,13,8,5
05/05/2018 10:00:00 AM,13,8,5
05/15/2018 10:00:00 AM,12,8,4
05/14/2018 12:00:00 AM,0,0,0
05/12/2018 07:00:00 AM,9,4,5
05/25/2018 06:00:00 AM,0,0,0
05/04/2018 11:00:00 AM,5,2,3
05/01/2018 03:00:00 AM,0,0,0
05/27/2018 12:00:00 PM,16,11,5
05/16/2018 11:00:00 AM,7,4,3
05/02/2018 10:00:00 PM,2,2,0
05/23/2018 09:00:00 PM,0,0,0
05/09/2018 11:00:00 AM,0,0,0
05/30/2018 04:00:00 PM,47,5,42
05/19/2018 03:00:00 PM,11,0,11
05/12/2018 03:00:00 AM,0,0,0
05/05/2018 09:00:00 AM,10,7,3
05/08/2018 02:00:00 PM,0,0,0
05/15/2018 05:00:00 PM,33,1,32
05/11/2018 04:00:00 PM,36,2,34
05/08/2018 10:00:00 PM,0,0,0
05/22/2018 05:00:00 PM,0,0,0
05/02/2018 05:00:00 AM,4,1,3
05/09/2018 11:00:00 PM,0,0,0
05/16/2018 05:00:00 AM,11,10,1
05/05/2018 03:00:00 PM,10,8,2
05/25/2018 11:00:00 AM,8,0,8
05/05/2018 05:00:00 AM,0,0,0
05/02/2018 08:00:00 AM,9,3,6
05/26/2018 12:00:00 AM,2,0,2
05/28/2018 06:00:00 PM,5,0,5
05/14/2018 09:00:00 PM,0,0,0
05/04/2018 06:00:00 PM,9,9,0
05/20/2018 07:00:00 PM,1,0,1
05/31/2018 05:00:00 PM,29,0,29
05/18/2018 07:00:00 AM,28,25,3
05/04/2018 01:00:00 AM,0,0,0
05/20/2018 08:00:00 PM,0,0,0
05/05/2018 11:00:00 PM,0,0,0
05/15/2018 07:00:00 AM,37,34,3
05/06/2018 03:00:00 PM,14,14,0
05/28/2018 08:00:00 PM,2,0,2
05/08/2018 05:00:00 AM,0,0,0
05/29/2018 03:00:00 AM,0,0,0
05/11/2018 03:00:00 AM,0,0,0
05/26/2018 02:00:00 PM,7,4,3
05/20/2018 11:00:00 PM,1,0,1
05/31/2018 03:00:00 PM,19,2,17
05/27/2018 03:00:00 AM,0,0,0
05/14/2018 11:00:00 AM,2,1,1
05/10/2018 02:00:00 PM,0,0,0
05/28/2018 08:00:00 AM,11,8,3
05/18/2018 04:00:00 PM,42,3,39
05/02/2018 08:00:00 PM,5,4,1
05/21/2018 03:00:00 PM,13,7,6
05/02/2018 10:00:00 AM,5,4,1
05/30/2018 01:00:00 PM,9,1,8
05/12/2018 12:00:00 PM,26,11,15
05/24/2018 12:00:00 PM,0,0,0
05/14/2018 07:00:00 AM,37,36,1
05/17/2018 12:00:00 PM,6,3,3
05/10/2018 03:00:00 AM,0,0,0
05/26/2018 12:00:00 PM,5,3,2
05/04/2018 08:00:00 AM,1,1,0
05/04/2018 12:00:00 PM,10,9,1
05/31/2018 02:00:00 AM,1,0,1
05/16/2018 01:00:00 AM,0,0,0
05/15/2018 10:00:00 PM,2,0,2
05/17/2018 03:00:00 PM,20,2,18
05/18/2018 06:00:00 PM,10,1,9
05/08/2018 05:00:00 PM,0,0,0
05/16/2018 11:00:00 PM,0,0,0
05/31/2018 12:00:00 AM,1,0,1
05/06/2018 08:00:00 AM,8,1,7
05/17/2018 04:00:00 PM,48,6,42
05/31/2018 11:00:00 AM,2,1,1
05/05/2018 04:00:00 AM,0,0,0
05/09/2018 09:00:00 AM,0,0,0
05/06/2018 05:00:00 PM,5,3,2
05/05/2018 06:00:00 AM,1,0,1
05/06/2018 07:00:00 AM,2,2,0
05/19/2018 08:00:00 PM,0,0,0
05/18/2018 05:00:00 PM,12,0,12
05/11/2018 02:00:00 AM,0,0,0
05/02/2018 02:00:00 AM,0,0,0
05/17/2018 09:00:00 PM,2,0,2
05/19/2018 05:00:00 PM,9,3,6
05/20/2018 06:00:00 PM,6,3,3
05/29/2018 02:00:00 AM,0,0,0
05/05/2018 02:00:00 PM,12,9,3
05/10/2018 06:00:00 AM,0,0,0
05/29/2018 12:00:00 AM,1,0,1
05/06/2018 04:00:00 AM,0,0,0
05/21/2018 02:00:00 AM,0,0,0
05/07/2018 04:00:00 AM,0,0,0
05/31/2018 11:00:00 PM,0,0,0
05/06/2018 04:00:00 PM,12,9,3
05/21/2018 06:00:00 PM,5,3,2
05/25/2018 09:00:00 AM,9,7,2
05/16/2018 09:00:00 PM,0,0,0
05/06/2018 01:00:00 PM,12,3,9
05/12/2018 10:00:00 AM,16,7,9
05/26/2018 08:00:00 AM,11,7,4
05/20/2018 09:00:00 PM,1,1,0
05/08/2018 06:00:00 PM,0,0,0
05/08/2018 03:00:00 PM,0,0,0
05/14/2018 02:00:00 PM,12,2,10
05/25/2018 05:00:00 AM,0,0,0
05/06/2018 11:00:00 AM,12,11,1
05/19/2018 01:00:00 PM,14,8,6
05/03/2018 03:00:00 AM,0,0,0
05/22/2018 11:00:00 PM,0,0,0
05/17/2018 05:00:00 PM,33,1,32
05/12/2018 04:00:00 AM,0,0,0
05/27/2018 05:00:00 PM,6,2,4
05/29/2018 03:00:00 PM,23,4,19
05/04/2018 07:00:00 AM,10,0,10
05/17/2018 10:00:00 AM,5,4,1
05/16/2018 10:00:00 AM,4,3,1
05/30/2018 10:00:00 PM,1,0,1
05/27/2018 06:00:00 AM,6,4,2
05/17/2018 04:00:00 AM,7,7,0
05/22/2018 12:00:00 AM,0,0,0
05/21/2018 02:00:00 PM,8,5,3
05/19/2018 09:00:00 PM,0,0,0
05/28/2018 04:00:00 PM,22,10,12
05/01/2018 09:00:00 PM,1,1,0
05/03/2018 12:00:00 AM,0,0,0
05/25/2018 05:00:00 PM,26,2,24
05/06/2018 11:00:00 PM,0,0,0
05/12/2018 07:00:00 PM,2,1,1
05/20/2018 05:00:00 AM,3,3,0
05/12/2018 02:00:00 AM,0,0,0
05/21/2018 09:00:00 PM,1,1,0
05/06/2018 12:00:00 PM,13,9,4
05/07/2018 03:00:00 AM,0,0,0
05/23/2018 05:00:00 PM,0,0,0
05/23/2018 07:00:00 AM,0,0,0
05/07/2018 07:00:00 PM,0,0,0
05/02/2018 11:00:00 AM,5,4,1
05/11/2018 07:00:00 PM,9,0,9
05/13/2018 11:00:00 AM,16,7,9
05/27/2018 04:00:00 PM,18,7,11
05/03/2018 08:00:00 PM,4,4,0
05/25/2018 03:00:00 PM,18,3,15
05/30/2018 01:00:00 AM,0,0,0
05/15/2018 08:00:00 AM,13,13,0
05/08/2018 12:00:00 PM,0,0,0
05/29/2018 10:00:00 PM,1,0,1
05/15/2018 03:00:00 AM,0,0,0
05/01/2018 01:00:00 PM,6,2,4
05/28/2018 03:00:00 AM,0,0,0
05/23/2018 09:00:00 AM,1,1,0
05/09/2018 01:00:00 PM,0,0,0
05/18/2018 10:00:00 PM,1,0,1
05/29/2018 07:00:00 AM,31,30,1
05/22/2018 01:00:00 PM,1,1,0
05/26/2018 05:00:00 AM,1,1,0
05/19/2018 12:00:00 AM,2,0,2
05/13/2018 01:00:00 AM,1,0,1
05/09/2018 03:00:00 PM,0,0,0
05/06/2018 09:00:00 PM,1,1,0
05/16/2018 10:00:00 PM,3,1,2
05/21/2018 12:00:00 PM,7,4,3
05/09/2018 02:00:00 PM,0,0,0
05/13/2018 02:00:00 AM,0,0,0
05/22/2018 02:00:00 PM,0,0,0
05/12/2018 05:00:00 PM,5,2,3
05/11/2018 06:00:00 AM,27,26,1
05/24/2018 04:00:00 AM,0,0,0
05/14/2018 06:00:00 AM,36,35,1
05/23/2018 11:00:00 AM,0,0,0
05/18/2018 06:00:00 AM,44,39,5
05/30/2018 09:00:00 AM,16,14,2
05/24/2018 11:00:00 AM,1,1,0
05/07/2018 11:00:00 PM,0,0,0
05/24/2018 07:00:00 PM,0,0,0
05/26/2018 09:00:00 PM,2,0,2
05/27/2018 08:00:00 AM,7,5,2
05/18/2018 04:00:00 AM,4,4,0
05/03/2018 11:00:00 AM,1,1,0
05/09/2018 07:00:00 AM,0,0,0
05/30/2018 05:00:00 PM,32,2,30
05/05/2018 04:00:00 PM,13,13,0
05/18/2018 08:00:00 AM,13,12,1
05/17/2018 06:00:00 AM,33,33,0
05/22/2018 02:00:00 AM,0,0,0
05/05/2018 10:00:00 PM,1,1,0
05/24/2018 03:00:00 AM,0,0,0
05/28/2018 02:00:00 PM,15,2,13
05/14/2018 11:00:00 PM,0,0,0
05/06/2018 07:00:00 PM,5,5,0
05/07/2018 12:00:00 AM,0,0,0
05/15/2018 03:00:00 PM,25,10,15
05/14/2018 03:00:00 PM,33,4,29
05/30/2018 05:00:00 AM,12,11,1
05/20/2018 04:00:00 AM,0,0,0
05/25/2018 10:00:00 AM,9,4,5
05/03/2018 10:00:00 AM,8,4,4
05/07/2018 07:00:00 AM,7,1,6
05/17/2018 12:00:00 AM,1,0,1
05/03/2018 02:00:00 PM,4,4,0
05/22/2018 09:00:00 AM,1,0,1
05/04/2018 07:00:00 PM,4,4,0
05/26/2018 10:00:00 PM,1,0,1
05/22/2018 03:00:00 AM,0,0,0
05/03/2018 06:00:00 PM,13,13,0
05/26/2018 02:00:00 AM,0,0,0
05/09/2018 03:00:00 AM,0,0,0
05/24/2018 12:00:00 AM,0,0,0
05/09/2018 10:00:00 AM,0,0,0
05/20/2018 04:00:00 PM,9,3,6
05/05/2018 08:00:00 AM,6,4,2
05/15/2018 06:00:00 PM,11,0,11
05/23/2018 02:00:00 PM,0,0,0
05/20/2018 10:00:00 PM,0,0,0
05/02/2018 04:00:00 PM,42,41,1
05/03/2018 06:00:00 AM,9,1,8
05/29/2018 05:00:00 AM,12,12,0
05/19/2018 07:00:00 AM,3,2,1
05/10/2018 09:00:00 AM,0,0,0
05/06/2018 09:00:00 AM,6,5,1
05/17/2018 02:00:00 AM,0,0,0
05/25/2018 10:00:00 PM,1,0,1
05/25/2018 09:00:00 PM,1,0,1
05/13/2018 09:00:00 PM,1,0,1
05/09/2018 05:00:00 AM,0,0,0
05/21/2018 04:00:00 AM,5,4,1
05/26/2018 01:00:00 PM,6,2,4
05/24/2018 09:00:00 AM,0,0,0
05/12/2018 11:00:00 PM,1,0,1
05/24/2018 02:00:00 AM,0,0,0
05/23/2018 12:00:00 AM,0,0,0
05/18/2018 01:00:00 PM,7,0,7
05/29/2018 01:00:00 PM,12,6,6
05/31/2018 10:00:00 PM,0,0,0
05/26/2018 01:00:00 AM,0,0,0
05/28/2018 12:00:00 PM,14,0,14
05/12/2018 10:00:00 PM,3,0,3
05/11/2018 12:00:00 PM,5,2,3
05/18/2018 11:00:00 AM,3,1,2
05/10/2018 11:00:00 PM,1,0,1
05/25/2018 12:00:00 PM,8,5,3
05/10/2018 11:00:00 AM,0,0,0
05/29/2018 07:00:00 PM,5,2,3
05/11/2018 11:00:00 AM,4,3,1
05/24/2018 05:00:00 PM,0,0,0
05/16/2018 08:00:00 AM,12,11,1
05/28/2018 07:00:00 PM,2,2,0
05/29/2018 11:00:00 PM,3,0,3
05/16/2018 02:00:00 PM,10,3,7
05/09/2018 05:00:00 PM,0,0,0
05/19/2018 08:00:00 AM,14,8,6
05/29/2018 06:00:00 AM,30,30,0
05/04/2018 09:00:00 PM,1,1,0
05/17/2018 11:00:00 PM,2,0,2
05/31/2018 08:00:00 PM,2,0,2
05/31/2018 05:00:00 AM,13,13,0
05/01/2018 08:00:00 AM,10,2,8
05/11/2018 08:00:00 AM,23,23,0
05/30/2018 03:00:00 PM,27,7,20
05/05/2018 12:00:00 AM,1,1,0
05/19/2018 05:00:00 AM,5,4,1
05/18/2018 02:00:00 AM,0,0,0
05/15/2018 07:00:00 PM,7,1,6
05/20/2018 12:00:00 AM,0,0,0
05/15/2018 04:00:00 PM,52,6,46
05/20/2018 06:00:00 AM,4,4,0
05/09/2018 10:00:00 PM,0,0,0
05/19/2018 01:00:00 AM,0,0,0
05/10/2018 08:00:00 PM,3,0,3
05/22/2018 10:00:00 AM,0,0,0
05/26/2018 03:00:00 PM,5,1,4
05/30/2018 12:00:00 PM,10,3,7
05/01/2018 07:00:00 AM,9,0,9
05/20/2018 01:00:00 AM,0,0,0
05/23/2018 07:00:00 PM,0,0,0
05/07/2018 08:00:00 AM,0,0,0
05/21/2018 07:00:00 PM,3,3,0
05/26/2018 06:00:00 AM,5,4,1
05/23/2018 01:00:00 PM,1,0,1
05/14/2018 08:00:00 AM,23,21,2
05/21/2018 11:00:00 PM,0,0,0
05/09/2018 08:00:00 PM,0,0,0
05/19/2018 06:00:00 AM,4,3,1
05/01/2018 09:00:00 AM,6,0,6
05/27/2018 10:00:00 PM,2,0,2
05/13/2018 03:00:00 PM,18,4,14
05/08/2018 04:00:00 PM,0,0,0
05/10/2018 10:00:00 PM,0,0,0
05/05/2018 06:00:00 PM,1,0,1
05/15/2018 01:00:00 PM,17,5,12
05/03/2018 08:00:00 AM,3,0,3
05/09/2018 12:00:00 AM,0,0,0
05/01/2018 05:00:00 PM,38,36,2
05/28/2018 10:00:00 AM,8,3,5
05/21/2018 10:00:00 PM,0,0,0
05/25/2018 03:00:00 AM,0,0,0
05/26/2018 05:00:00 PM,10,3,7
05/19/2018 11:00:00 AM,12,6,6
05/13/2018 06:00:00 AM,2,2,0
05/05/2018 08:00:00 PM,2,2,0
05/07/2018 02:00:00 AM,0,0,0
05/12/2018 09:00:00 AM,9,9,0
05/21/2018 10:00:00 AM,4,4,0
05/02/2018 06:00:00 AM,5,1,4
05/16/2018 04:00:00 PM,43,3,40
05/07/2018 02:00:00 PM,0,0,0
05/13/2018 01:00:00 PM,14,2,12
05/11/2018 06:00:00 PM,11,1,10
05/02/2018 05:00:00 PM,33,30,3
05/21/2018 04:00:00 PM,6,2,4
05/13/2018 11:00:00 PM,1,0,1
05/08/2018 11:00:00 AM,0,0,0
05/05/2018 11:00:00 AM,18,10,8
05/22/2018 06:00:00 AM,0,0,0
05/06/2018 08:00:00 PM,1,1,0
05/20/2018 07:00:00 AM,3,0,3
05/02/2018 09:00:00 AM,8,2,6
05/19/2018 02:00:00 PM,8,4,4
05/25/2018 02:00:00 AM,0,0,0
05/07/2018 09:00:00 PM,0,0,0
05/29/2018 01:00:00 AM,0,0,0
05/05/2018 12:00:00 PM,8,6,2
05/29/2018 09:00:00 PM,5,0,5
05/30/2018 04:00:00 AM,4,4,0
05/06/2018 10:00:00 AM,7,4,3
05/29/2018 04:00:00 PM,43,2,41
05/04/2018 05:00:00 AM,1,0,1
05/27/2018 03:00:00 PM,11,4,7
05/27/2018 05:00:00 AM,0,0,0
05/23/2018 11:00:00 PM,0,0,0
05/07/2018 05:00:00 AM,5,1,4
05/07/2018 11:00:00 AM,0,0,0
05/19/2018 07:00:00 PM,0,0,0
05/22/2018 04:00:00 PM,0,0,0
05/28/2018 04:00:00 AM,1,1,0
05/27/2018 10:00:00 AM,15,10,5
05/08/2018 01:00:00 AM,0,0,0
05/16/2018 01:00:00 PM,9,3,6
05/10/2018 07:00:00 PM,8,4,4
05/29/2018 08:00:00 PM,3,0,3
05/24/2018 08:00:00 PM,0,0,0
05/26/2018 11:00:00 AM,9,3,6
05/08/2018 08:00:00 PM,0,0,0
05/06/2018 02:00:00 PM,10,8,2
05/06/2018 06:00:00 PM,4,4,0
05/03/2018 05:00:00 PM,29,29,0
05/07/2018 05:00:00 PM,0,0,0
05/20/2018 11:00:00 AM,16,11,5
05/04/2018 03:00:00 AM,0,0,0
05/07/2018 10:00:00 AM,0,0,0
05/12/2018 02:00:00 PM,9,4,5
05/04/2018 12:00:00 AM,0,0,0
05/03/2018 09:00:00 AM,5,2,3
05/24/2018 09:00:00 PM,0,0,0
05/18/2018 07:00:00 PM,7,0,7
05/11/2018 09:00:00 AM,11,6,5
05/19/2018 04:00:00 PM,10,3,7
05/18/2018 08:00:00 PM,1,0,1
05/16/2018 08:00:00 PM,6,0,6
05/23/2018 04:00:00 AM,0,0,0
05/15/2018 09:00:00 PM,2,0,2
05/17/2018 11:00:00 AM,4,1,3
05/01/2018 12:00:00 PM,5,4,1
05/30/2018 12:00:00 AM,0,0,0
05/08/2018 09:00:00 AM,0,0,0
05/13/2018 04:00:00 PM,10,1,9
05/22/2018 09:00:00 PM,0,0,0
05/18/2018 12:00:00 AM,0,0,0
05/23/2018 03:00:00 AM,1,1,0
05/30/2018 06:00:00 AM,25,23,2
05/23/2018 08:00:00 PM,0,0,0
05/28/2018 06:00:00 AM,5,3,2
05/12/2018 01:00:00 PM,17,7,10
05/22/2018 04:00:00 AM,0,0,0
05/05/2018 07:00:00 AM,2,1,1
05/20/2018 10:00:00 AM,9,4,5
05/27/2018 09:00:00 AM,17,10,7
05/07/2018 06:00:00 PM,0,0,0
05/27/2018 02:00:00 PM,13,6,7
05/16/2018 12:00:00 AM,0,0,0
05/15/2018 01:00:00 AM,1,0,1
05/24/2018 10:00:00 AM,0,0,0
05/08/2018 08:00:00 AM,0,0,0
05/13/2018 05:00:00 PM,9,2,7
05/11/2018 10:00:00 AM,9,6,3
05/11/2018 01:00:00 AM,0,0,0
05/18/2018 12:00:00 PM,13,1,12
05/26/2018 07:00:00 AM,3,2,1
05/02/2018 12:00:00 PM,5,4,1
05/25/2018 06:00:00 PM,8,0,8
05/11/2018 03:00:00 PM,26,3,23
05/30/2018 08:00:00 AM,17,15,2
05/01/2018 03:00:00 PM,15,14,1
05/11/2018 05:00:00 PM,18,3,15
05/23/2018 10:00:00 AM,0,0,0
05/16/2018 03:00:00 AM,0,0,0
05/22/2018 03:00:00 PM,0,0,0
05/08/2018 02:00:00 AM,0,0,0
05/06/2018 06:00:00 AM,0,0,0
05/04/2018 06:00:00 AM,7,0,7
05/10/2018 05:00:00 PM,19,0,19
05/16/2018 05:00:00 PM,42,1,41
05/10/2018 06:00:00 PM,15,2,13
05/10/2018 07:00:00 AM,0,0,0
05/29/2018 10:00:00 AM,6,5,1
05/11/2018 07:00:00 AM,25,24,1
05/08/2018 11:00:00 PM,0,0,0
05/28/2018 01:00:00 AM,0,0,0
05/15/2018 06:00:00 AM,39,36,3
05/08/2018 10:00:00 AM,0,0,0
05/21/2018 06:00:00 AM,22,19,3
05/04/2018 04:00:00 PM,37,36,1
05/15/2018 02:00:00 AM,0,0,0
05/13/2018 10:00:00 AM,25,13,12
05/12/2018 06:00:00 PM,13,2,11
05/07/2018 12:00:00 PM,0,0,0
05/16/2018 07:00:00 AM,32,32,0
05/31/2018 02:00:00 PM,14,5,9
05/04/2018 05:00:00 PM,28,26,2
05/08/2018 12:00:00 AM,0,0,0
05/25/2018 01:00:00 AM,0,0,0
05/19/2018 04:00:00 AM,0,0,0
05/29/2018 08:00:00 AM,23,21,2
05/18/2018 01:00:00 AM,0,0,0
05/06/2018 03:00:00 AM,1,1,0
05/27/2018 07:00:00 AM,7,5,2
05/09/2018 04:00:00 PM,0,0,0
05/14/2018 04:00:00 PM,57,7,50
05/03/2018 12:00:00 PM,10,6,4
05/25/2018 07:00:00 AM,0,0,0
05/11/2018 04:00:00 AM,5,5,0
05/27/2018 07:00:00 PM,3,1,2
05/29/2018 11:00:00 AM,6,2,4
05/19/2018 06:00:00 PM,5,1,4
05/03/2018 01:00:00 AM,1,1,0
05/28/2018 11:00:00 AM,19,7,12
05/13/2018 09:00:00 AM,16,13,3
05/24/2018 05:00:00 AM,0,0,0
05/21/2018 05:00:00 PM,6,5,1
05/28/2018 07:00:00 AM,7,7,0
05/30/2018 10:00:00 AM,4,4,0
05/08/2018 01:00:00 PM,0,0,0
05/27/2018 11:00:00 PM,0,0,0
05/21/2018 08:00:00 AM,5,1,4
05/30/2018 03:00:00 AM,0,0,0
05/14/2018 03:00:00 AM,0,0,0
05/07/2018 01:00:00 PM,0,0,0
05/01/2018 08:00:00 PM,1,1,0
05/13/2018 08:00:00 AM,12,8,4
05/30/2018 08:00:00 PM,4,0,4
05/12/2018 08:00:00 PM,1,1,0
05/12/2018 09:00:00 PM,2,1,1
05/25/2018 08:00:00 PM,4,0,4
05/03/2018 07:00:00 AM,10,1,9
05/28/2018 10:00:00 PM,0,0,0
05/23/2018 12:00:00 PM,0,0,0
05/24/2018 02:00:00 PM,0,0,0
05/23/2018 03:00:00 PM,0,0,0
05/11/2018 12:00:00 AM,0,0,0
05/02/2018 01:00:00 PM,16,8,8
05/13/2018 08:00:00 PM,4,2,2
05/21/2018 08:00:00 PM,1,1,0
05/21/2018 09:00:00 AM,3,0,3
05/24/2018 03:00:00 PM,1,1,0
05/28/2018 09:00:00 PM,0,0,0
05/04/2018 10:00:00 PM,2,2,0
05/26/2018 08:00:00 PM,2,0,2
05/12/2018 06:00:00 AM,4,2,2
05/01/2018 02:00:00 AM,0,0,0
05/12/2018 08:00:00 AM,10,9,1
05/24/2018 01:00:00 AM,0,0,0
05/24/2018 10:00:00 PM,0,0,0
05/14/2018 08:00:00 PM,6,0,6
05/24/2018 07:00:00 AM,0,0,0
05/09/2018 06:00:00 AM,0,0,0
05/13/2018 12:00:00 AM,0,0,0
05/01/2018 11:00:00 AM,1,1,0
05/28/2018 01:00:00 PM,21,16,5
05/25/2018 12:00:00 AM,0,0,0
05/11/2018 05:00:00 AM,10,10,0
05/04/2018 04:00:00 AM,2,1,1
05/11/2018 09:00:00 PM,1,0,1
05/01/2018 02:00:00 PM,11,11,0
05/18/2018 11:00:00 PM,0,0,0
05/13/2018 07:00:00 AM,7,5,2
05/06/2018 05:00:00 AM,0,0,0
05/07/2018 06:00:00 AM,10,1,9
05/03/2018 05:00:00 AM,2,1,1
05/31/2018 10:00:00 AM,13,5,8
05/17/2018 01:00:00 PM,6,2,4
05/27/2018 01:00:00 PM,16,7,9
05/27/2018 01:00:00 AM,0,0,0
05/17/2018 10:00:00 PM,0,0,0
05/15/2018 02:00:00 PM,17,5,12
05/02/2018 02:00:00 PM,10,10,0
