Date,Broadway Cycle Track North Of E Union St Total,NB,SB
01/01/2014 12:00:00 AM,2,0,2
01/01/2014 01:00:00 AM,13,3,10
01/01/2014 02:00:00 AM,2,0,2
01/01/2014 03:00:00 AM,0,0,0
01/01/2014 04:00:00 AM,0,0,0
01/01/2014 05:00:00 AM,0,0,0
01/01/2014 06:00:00 AM,2,0,2
01/01/2014 07:00:00 AM,1,0,1
01/01/2014 08:00:00 AM,2,2,0
01/01/2014 09:00:00 AM,0,0,0
01/01/2014 10:00:00 AM,7,5,2
01/01/2014 11:00:00 AM,4,0,4
01/01/2014 12:00:00 PM,8,7,1
01/01/2014 01:00:00 PM,9,4,5
01/01/2014 02:00:00 PM,17,6,11
01/01/2014 03:00:00 PM,12,6,6
01/01/2014 04:00:00 PM,3,1,2
01/01/2014 05:00:00 PM,8,4,4
01/01/2014 06:00:00 PM,5,3,2
01/01/2014 07:00:00 PM,2,0,2
01/01/2014 08:00:00 PM,6,2,4
01/01/2014 09:00:00 PM,4,2,2
01/01/2014 10:00:00 PM,8,4,4
01/01/2014 11:00:00 PM,5,3,2
01/02/2014 12:00:00 AM,0,0,0
01/02/2014 01:00:00 AM,0,0,0
01/02/2014 02:00:00 AM,0,0,0
01/02/2014 03:00:00 AM,0,0,0
01/02/2014 04:00:00 AM,0,0,0
01/02/2014 05:00:00 AM,8,0,8
01/02/2014 06:00:00 AM,10,4,6
01/02/2014 07:00:00 AM,9,5,4
01/02/2014 08:00:00 AM,9,7,2
01/02/2014 09:00:00 AM,13,9,4
01/02/2014 10:00:00 AM,11,9,2
01/02/2014 11:00:00 AM,7,2,5
01/02/2014 12:00:00 PM,16,8,8
01/02/2014 01:00:00 PM,10,5,5
01/02/2014 02:00:00 PM,4,0,4
01/02/2014 03:00:00 PM,8,2,6
01/02/2014 04:00:00 PM,5,3,2
01/02/2014 05:00:00 PM,16,12,4
01/02/2014 06:00:00 PM,24,14,10
01/02/2014 07:00:00 PM,14,10,4
01/02/2014 08:00:00 PM,12,8,4
01/02/2014 09:00:00 PM,7,4,3
01/02/2014 10:00:00 PM,4,2,2
01/02/2014 11:00:00 PM,2,2,0
01/03/2014 12:00:00 AM,4,4,0
01/03/2014 01:00:00 AM,4,4,0
01/03/2014 02:00:00 AM,0,0,0
01/03/2014 03:00:00 AM,0,0,0
01/03/2014 04:00:00 AM,0,0,0
01/03/2014 05:00:00 AM,6,0,6
01/03/2014 06:00:00 AM,8,7,1
01/03/2014 07:00:00 AM,5,3,2
01/03/2014 08:00:00 AM,13,5,8
01/03/2014 09:00:00 AM,13,9,4
01/03/2014 10:00:00 AM,11,7,4
01/03/2014 11:00:00 AM,4,2,2
01/03/2014 12:00:00 PM,7,5,2
01/03/2014 01:00:00 PM,11,3,8
01/03/2014 02:00:00 PM,11,10,1
01/03/2014 03:00:00 PM,11,9,2
01/03/2014 04:00:00 PM,26,14,12
01/03/2014 05:00:00 PM,17,15,2
01/03/2014 06:00:00 PM,25,13,12
01/03/2014 07:00:00 PM,9,7,2
01/03/2014 08:00:00 PM,2,2,0
01/03/2014 09:00:00 PM,2,0,2
01/03/2014 10:00:00 PM,3,3,0
01/03/2014 11:00:00 PM,5,5,0
01/04/2014 12:00:00 AM,3,3,0
01/04/2014 01:00:00 AM,7,7,0
01/04/2014 02:00:00 AM,3,1,2
01/04/2014 03:00:00 AM,0,0,0
01/04/2014 04:00:00 AM,0,0,0
01/04/2014 05:00:00 AM,2,0,2
01/04/2014 06:00:00 AM,10,6,4
01/04/2014 07:00:00 AM,3,3,0
01/04/2014 08:00:00 AM,3,0,3
01/04/2014 09:00:00 AM,9,7,2
01/04/2014 10:00:00 AM,2,0,2
01/04/2014 11:00:00 AM,7,5,2
01/04/2014 12:00:00 PM,8,4,4
01/04/2014 01:00:00 PM,7,4,3
01/04/2014 02:00:00 PM,16,8,8
01/04/2014 03:00:00 PM,17,13,4
01/04/2014 04:00:00 PM,16,10,6
01/04/2014 05:00:00 PM,10,6,4
01/04/2014 06:00:00 PM,9,5,4
01/04/2014 07:00:00 PM,6,0,6
01/04/2014 08:00:00 PM,6,4,2
01/04/2014 09:00:00 PM,7,5,2
01/04/2014 10:00:00 PM,2,2,0
01/04/2014 11:00:00 PM,8,2,6
01/05/2014 12:00:00 AM,4,2,2
01/05/2014 01:00:00 AM,4,0,4
01/05/2014 02:00:00 AM,2,2,0
01/05/2014 03:00:00 AM,0,0,0
01/05/2014 04:00:00 AM,0,0,0
01/05/2014 05:00:00 AM,0,0,0
01/05/2014 06:00:00 AM,4,2,2
01/05/2014 07:00:00 AM,4,4,0
01/05/2014 08:00:00 AM,1,1,0
01/05/2014 09:00:00 AM,2,2,0
01/05/2014 10:00:00 AM,6,6,0
01/05/2014 11:00:00 AM,13,8,5
01/05/2014 12:00:00 PM,10,6,4
01/05/2014 01:00:00 PM,19,8,11
01/05/2014 02:00:00 PM,27,16,11
01/05/2014 03:00:00 PM,19,16,3
01/05/2014 04:00:00 PM,20,12,8
01/05/2014 05:00:00 PM,8,4,4
01/05/2014 06:00:00 PM,11,5,6
01/05/2014 07:00:00 PM,8,4,4
01/05/2014 08:00:00 PM,7,4,3
01/05/2014 09:00:00 PM,8,5,3
01/05/2014 10:00:00 PM,7,1,6
01/05/2014 11:00:00 PM,4,2,2
01/06/2014 12:00:00 AM,2,2,0
01/06/2014 01:00:00 AM,2,0,2
01/06/2014 02:00:00 AM,0,0,0
01/06/2014 03:00:00 AM,0,0,0
01/06/2014 04:00:00 AM,0,0,0
01/06/2014 05:00:00 AM,7,0,7
01/06/2014 06:00:00 AM,5,1,4
01/06/2014 07:00:00 AM,20,9,11
01/06/2014 08:00:00 AM,10,5,5
01/06/2014 09:00:00 AM,18,9,9
01/06/2014 10:00:00 AM,37,12,25
01/06/2014 11:00:00 AM,8,4,4
01/06/2014 12:00:00 PM,17,2,15
01/06/2014 01:00:00 PM,21,15,6
01/06/2014 02:00:00 PM,14,5,9
01/06/2014 03:00:00 PM,18,7,11
01/06/2014 04:00:00 PM,24,6,18
01/06/2014 05:00:00 PM,45,36,9
01/06/2014 06:00:00 PM,22,11,11
01/06/2014 07:00:00 PM,18,9,9
01/06/2014 08:00:00 PM,8,4,4
01/06/2014 09:00:00 PM,9,5,4
01/06/2014 10:00:00 PM,1,1,0
01/06/2014 11:00:00 PM,7,4,3
01/07/2014 12:00:00 AM,2,2,0
01/07/2014 01:00:00 AM,0,0,0
01/07/2014 02:00:00 AM,0,0,0
01/07/2014 03:00:00 AM,0,0,0
01/07/2014 04:00:00 AM,0,0,0
01/07/2014 05:00:00 AM,6,0,6
01/07/2014 06:00:00 AM,3,1,2
01/07/2014 07:00:00 AM,14,8,6
01/07/2014 08:00:00 AM,15,8,7
01/07/2014 09:00:00 AM,17,9,8
01/07/2014 10:00:00 AM,10,9,1
01/07/2014 11:00:00 AM,18,6,12
01/07/2014 12:00:00 PM,10,3,7
01/07/2014 01:00:00 PM,13,5,8
01/07/2014 02:00:00 PM,8,6,2
01/07/2014 03:00:00 PM,7,5,2
01/07/2014 04:00:00 PM,17,8,9
01/07/2014 05:00:00 PM,26,13,13
01/07/2014 06:00:00 PM,18,12,6
01/07/2014 07:00:00 PM,9,7,2
01/07/2014 08:00:00 PM,16,4,12
01/07/2014 09:00:00 PM,5,3,2
01/07/2014 10:00:00 PM,2,0,2
01/07/2014 11:00:00 PM,1,1,0
01/08/2014 12:00:00 AM,2,2,0
01/08/2014 01:00:00 AM,0,0,0
01/08/2014 02:00:00 AM,0,0,0
01/08/2014 03:00:00 AM,0,0,0
01/08/2014 04:00:00 AM,0,0,0
01/08/2014 05:00:00 AM,7,2,5
01/08/2014 06:00:00 AM,8,2,6
01/08/2014 07:00:00 AM,18,6,12
01/08/2014 08:00:00 AM,14,4,10
01/08/2014 09:00:00 AM,21,13,8
01/08/2014 10:00:00 AM,12,6,6
01/08/2014 11:00:00 AM,9,7,2
01/08/2014 12:00:00 PM,14,8,6
01/08/2014 01:00:00 PM,13,6,7
01/08/2014 02:00:00 PM,2,2,0
01/08/2014 03:00:00 PM,13,4,9
01/08/2014 04:00:00 PM,16,8,8
01/08/2014 05:00:00 PM,32,20,12
01/08/2014 06:00:00 PM,26,16,10
01/08/2014 07:00:00 PM,10,4,6
01/08/2014 08:00:00 PM,8,6,2
01/08/2014 09:00:00 PM,8,3,5
01/08/2014 10:00:00 PM,3,1,2
01/08/2014 11:00:00 PM,9,7,2
01/09/2014 12:00:00 AM,4,2,2
01/09/2014 01:00:00 AM,2,0,2
01/09/2014 02:00:00 AM,2,2,0
01/09/2014 03:00:00 AM,2,2,0
01/09/2014 04:00:00 AM,0,0,0
01/09/2014 05:00:00 AM,2,0,2
01/09/2014 06:00:00 AM,2,2,0
01/09/2014 07:00:00 AM,17,9,8
01/09/2014 08:00:00 AM,15,7,8
01/09/2014 09:00:00 AM,16,9,7
01/09/2014 10:00:00 AM,11,9,2
01/09/2014 11:00:00 AM,13,10,3
01/09/2014 12:00:00 PM,20,15,5
01/09/2014 01:00:00 PM,13,5,8
01/09/2014 02:00:00 PM,11,2,9
01/09/2014 03:00:00 PM,11,4,7
01/09/2014 04:00:00 PM,8,6,2
01/09/2014 05:00:00 PM,17,13,4
01/09/2014 06:00:00 PM,19,11,8
01/09/2014 07:00:00 PM,24,11,13
01/09/2014 08:00:00 PM,7,7,0
01/09/2014 09:00:00 PM,7,4,3
01/09/2014 10:00:00 PM,4,2,2
01/09/2014 11:00:00 PM,3,2,1
01/10/2014 12:00:00 AM,0,0,0
01/10/2014 01:00:00 AM,4,2,2
01/10/2014 02:00:00 AM,0,0,0
01/10/2014 03:00:00 AM,1,1,0
01/10/2014 04:00:00 AM,2,0,2
01/10/2014 05:00:00 AM,6,0,6
01/10/2014 06:00:00 AM,12,5,7
01/10/2014 07:00:00 AM,20,10,10
01/10/2014 08:00:00 AM,7,7,0
01/10/2014 09:00:00 AM,20,12,8
01/10/2014 10:00:00 AM,13,7,6
01/10/2014 11:00:00 AM,7,3,4
01/10/2014 12:00:00 PM,14,4,10
01/10/2014 01:00:00 PM,9,5,4
01/10/2014 02:00:00 PM,14,10,4
01/10/2014 03:00:00 PM,11,4,7
01/10/2014 04:00:00 PM,21,14,7
01/10/2014 05:00:00 PM,15,7,8
01/10/2014 06:00:00 PM,18,14,4
01/10/2014 07:00:00 PM,12,6,6
01/10/2014 08:00:00 PM,2,2,0
01/10/2014 09:00:00 PM,2,0,2
01/10/2014 10:00:00 PM,6,2,4
01/10/2014 11:00:00 PM,7,7,0
01/11/2014 12:00:00 AM,2,2,0
01/11/2014 01:00:00 AM,2,2,0
01/11/2014 02:00:00 AM,0,0,0
01/11/2014 03:00:00 AM,0,0,0
01/11/2014 04:00:00 AM,0,0,0
01/11/2014 05:00:00 AM,3,0,3
01/11/2014 06:00:00 AM,5,4,1
01/11/2014 07:00:00 AM,1,0,1
01/11/2014 08:00:00 AM,0,0,0
01/11/2014 09:00:00 AM,8,6,2
01/11/2014 10:00:00 AM,8,0,8
01/11/2014 11:00:00 AM,6,2,4
01/11/2014 12:00:00 PM,5,2,3
01/11/2014 01:00:00 PM,5,3,2
01/11/2014 02:00:00 PM,6,4,2
01/11/2014 03:00:00 PM,12,8,4
01/11/2014 04:00:00 PM,10,4,6
01/11/2014 05:00:00 PM,6,2,4
01/11/2014 06:00:00 PM,3,1,2
01/11/2014 07:00:00 PM,6,4,2
01/11/2014 08:00:00 PM,3,2,1
01/11/2014 09:00:00 PM,0,0,0
01/11/2014 10:00:00 PM,3,3,0
01/11/2014 11:00:00 PM,8,6,2
01/12/2014 12:00:00 AM,2,0,2
01/12/2014 01:00:00 AM,0,0,0
01/12/2014 02:00:00 AM,2,2,0
01/12/2014 03:00:00 AM,0,0,0
01/12/2014 04:00:00 AM,0,0,0
01/12/2014 05:00:00 AM,0,0,0
01/12/2014 06:00:00 AM,0,0,0
01/12/2014 07:00:00 AM,0,0,0
01/12/2014 08:00:00 AM,2,0,2
01/12/2014 09:00:00 AM,6,4,2
01/12/2014 10:00:00 AM,4,2,2
01/12/2014 11:00:00 AM,10,7,3
01/12/2014 12:00:00 PM,10,2,8
01/12/2014 01:00:00 PM,13,7,6
01/12/2014 02:00:00 PM,11,5,6
01/12/2014 03:00:00 PM,13,3,10
01/12/2014 04:00:00 PM,16,12,4
01/12/2014 05:00:00 PM,13,6,7
01/12/2014 06:00:00 PM,13,10,3
01/12/2014 07:00:00 PM,6,4,2
01/12/2014 08:00:00 PM,15,7,8
01/12/2014 09:00:00 PM,4,2,2
01/12/2014 10:00:00 PM,8,6,2
01/12/2014 11:00:00 PM,3,0,3
01/13/2014 12:00:00 AM,4,2,2
01/13/2014 01:00:00 AM,0,0,0
01/13/2014 02:00:00 AM,0,0,0
01/13/2014 03:00:00 AM,2,2,0
01/13/2014 04:00:00 AM,0,0,0
01/13/2014 05:00:00 AM,4,2,2
01/13/2014 06:00:00 AM,12,8,4
01/13/2014 07:00:00 AM,16,8,8
01/13/2014 08:00:00 AM,14,4,10
01/13/2014 09:00:00 AM,17,7,10
01/13/2014 10:00:00 AM,15,8,7
01/13/2014 11:00:00 AM,16,6,10
01/13/2014 12:00:00 PM,18,10,8
01/13/2014 01:00:00 PM,11,6,5
01/13/2014 02:00:00 PM,15,13,2
01/13/2014 03:00:00 PM,21,6,15
01/13/2014 04:00:00 PM,18,9,9
01/13/2014 05:00:00 PM,27,14,13
01/13/2014 06:00:00 PM,25,18,7
01/13/2014 07:00:00 PM,27,14,13
01/13/2014 08:00:00 PM,8,5,3
01/13/2014 09:00:00 PM,12,5,7
01/13/2014 10:00:00 PM,5,2,3
01/13/2014 11:00:00 PM,1,0,1
01/14/2014 12:00:00 AM,2,2,0
01/14/2014 01:00:00 AM,1,1,0
01/14/2014 02:00:00 AM,2,2,0
01/14/2014 03:00:00 AM,2,2,0
01/14/2014 04:00:00 AM,0,0,0
01/14/2014 05:00:00 AM,6,0,6
01/14/2014 06:00:00 AM,10,6,4
01/14/2014 07:00:00 AM,18,9,9
01/14/2014 08:00:00 AM,25,9,16
01/14/2014 09:00:00 AM,15,11,4
01/14/2014 10:00:00 AM,22,10,12
01/14/2014 11:00:00 AM,12,6,6
01/14/2014 12:00:00 PM,12,8,4
01/14/2014 01:00:00 PM,10,4,6
01/14/2014 02:00:00 PM,11,6,5
01/14/2014 03:00:00 PM,26,20,6
01/14/2014 04:00:00 PM,34,20,14
01/14/2014 05:00:00 PM,48,31,17
01/14/2014 06:00:00 PM,33,11,22
01/14/2014 07:00:00 PM,27,17,10
01/14/2014 08:00:00 PM,12,6,6
01/14/2014 09:00:00 PM,6,2,4
01/14/2014 10:00:00 PM,6,4,2
01/14/2014 11:00:00 PM,12,10,2
01/15/2014 12:00:00 AM,0,0,0
01/15/2014 01:00:00 AM,0,0,0
01/15/2014 02:00:00 AM,0,0,0
01/15/2014 03:00:00 AM,2,2,0
01/15/2014 04:00:00 AM,0,0,0
01/15/2014 05:00:00 AM,2,0,2
01/15/2014 06:00:00 AM,10,2,8
01/15/2014 07:00:00 AM,14,4,10
01/15/2014 08:00:00 AM,17,11,6
01/15/2014 09:00:00 AM,18,12,6
01/15/2014 10:00:00 AM,24,14,10
01/15/2014 11:00:00 AM,6,6,0
01/15/2014 12:00:00 PM,17,5,12
01/15/2014 01:00:00 PM,20,5,15
01/15/2014 02:00:00 PM,18,9,9
01/15/2014 03:00:00 PM,17,7,10
01/15/2014 04:00:00 PM,46,30,16
01/15/2014 05:00:00 PM,45,23,22
01/15/2014 06:00:00 PM,20,14,6
01/15/2014 07:00:00 PM,11,6,5
01/15/2014 08:00:00 PM,23,12,11
01/15/2014 09:00:00 PM,14,11,3
01/15/2014 10:00:00 PM,2,2,0
01/15/2014 11:00:00 PM,9,6,3
01/16/2014 12:00:00 AM,2,2,0
01/16/2014 01:00:00 AM,0,0,0
01/16/2014 02:00:00 AM,0,0,0
01/16/2014 03:00:00 AM,2,2,0
01/16/2014 04:00:00 AM,2,0,2
01/16/2014 05:00:00 AM,7,3,4
01/16/2014 06:00:00 AM,13,7,6
01/16/2014 07:00:00 AM,29,19,10
01/16/2014 08:00:00 AM,22,12,10
01/16/2014 09:00:00 AM,29,23,6
01/16/2014 10:00:00 AM,25,19,6
01/16/2014 11:00:00 AM,6,4,2
01/16/2014 12:00:00 PM,15,9,6
01/16/2014 01:00:00 PM,26,18,8
01/16/2014 02:00:00 PM,22,12,10
01/16/2014 03:00:00 PM,31,17,14
01/16/2014 04:00:00 PM,29,17,12
01/16/2014 05:00:00 PM,40,30,10
01/16/2014 06:00:00 PM,35,20,15
01/16/2014 07:00:00 PM,35,22,13
01/16/2014 08:00:00 PM,20,12,8
01/16/2014 09:00:00 PM,3,0,3
01/16/2014 10:00:00 PM,10,3,7
01/16/2014 11:00:00 PM,1,1,0
01/17/2014 12:00:00 AM,4,2,2
01/17/2014 01:00:00 AM,0,0,0
01/17/2014 02:00:00 AM,0,0,0
01/17/2014 03:00:00 AM,3,2,1
01/17/2014 04:00:00 AM,0,0,0
01/17/2014 05:00:00 AM,2,0,2
01/17/2014 06:00:00 AM,12,6,6
01/17/2014 07:00:00 AM,15,11,4
01/17/2014 08:00:00 AM,22,15,7
01/17/2014 09:00:00 AM,16,4,12
01/17/2014 10:00:00 AM,21,19,2
01/17/2014 11:00:00 AM,4,2,2
01/17/2014 12:00:00 PM,15,8,7
01/17/2014 01:00:00 PM,15,7,8
01/17/2014 02:00:00 PM,14,9,5
01/17/2014 03:00:00 PM,20,11,9
01/17/2014 04:00:00 PM,26,14,12
01/17/2014 05:00:00 PM,40,22,18
01/17/2014 06:00:00 PM,21,15,6
01/17/2014 07:00:00 PM,19,11,8
01/17/2014 08:00:00 PM,8,4,4
01/17/2014 09:00:00 PM,7,1,6
01/17/2014 10:00:00 PM,11,9,2
01/17/2014 11:00:00 PM,5,5,0
01/18/2014 12:00:00 AM,3,3,0
01/18/2014 01:00:00 AM,6,2,4
01/18/2014 02:00:00 AM,2,2,0
01/18/2014 03:00:00 AM,1,0,1
01/18/2014 04:00:00 AM,0,0,0
01/18/2014 05:00:00 AM,0,0,0
01/18/2014 06:00:00 AM,8,3,5
01/18/2014 07:00:00 AM,1,0,1
01/18/2014 08:00:00 AM,2,2,0
01/18/2014 09:00:00 AM,0,0,0
01/18/2014 10:00:00 AM,8,2,6
01/18/2014 11:00:00 AM,11,4,7
01/18/2014 12:00:00 PM,12,4,8
01/18/2014 01:00:00 PM,21,14,7
01/18/2014 02:00:00 PM,30,15,15
01/18/2014 03:00:00 PM,11,3,8
01/18/2014 04:00:00 PM,21,8,13
01/18/2014 05:00:00 PM,13,8,5
01/18/2014 06:00:00 PM,12,3,9
01/18/2014 07:00:00 PM,9,9,0
01/18/2014 08:00:00 PM,4,2,2
01/18/2014 09:00:00 PM,10,2,8
01/18/2014 10:00:00 PM,8,5,3
01/18/2014 11:00:00 PM,13,3,10
01/19/2014 12:00:00 AM,3,0,3
01/19/2014 01:00:00 AM,0,0,0
01/19/2014 02:00:00 AM,4,3,1
01/19/2014 03:00:00 AM,0,0,0
01/19/2014 04:00:00 AM,2,0,2
01/19/2014 05:00:00 AM,0,0,0
01/19/2014 06:00:00 AM,2,0,2
01/19/2014 07:00:00 AM,0,0,0
01/19/2014 08:00:00 AM,0,0,0
01/19/2014 09:00:00 AM,2,2,0
01/19/2014 10:00:00 AM,7,5,2
01/19/2014 11:00:00 AM,2,2,0
01/19/2014 12:00:00 PM,4,4,0
01/19/2014 01:00:00 PM,14,7,7
01/19/2014 02:00:00 PM,11,7,4
01/19/2014 03:00:00 PM,12,9,3
01/19/2014 04:00:00 PM,21,11,10
01/19/2014 05:00:00 PM,12,7,5
01/19/2014 06:00:00 PM,10,7,3
01/19/2014 07:00:00 PM,4,4,0
01/19/2014 08:00:00 PM,6,4,2
01/19/2014 09:00:00 PM,13,7,6
01/19/2014 10:00:00 PM,17,5,12
01/19/2014 11:00:00 PM,4,0,4
01/20/2014 12:00:00 AM,3,0,3
01/20/2014 01:00:00 AM,0,0,0
01/20/2014 02:00:00 AM,0,0,0
01/20/2014 03:00:00 AM,2,2,0
01/20/2014 04:00:00 AM,0,0,0
01/20/2014 05:00:00 AM,2,0,2
01/20/2014 06:00:00 AM,7,5,2
01/20/2014 07:00:00 AM,3,3,0
01/20/2014 08:00:00 AM,6,5,1
01/20/2014 09:00:00 AM,12,8,4
01/20/2014 10:00:00 AM,4,3,1
01/20/2014 11:00:00 AM,10,3,7
01/20/2014 12:00:00 PM,11,5,6
01/20/2014 01:00:00 PM,16,12,4
01/20/2014 02:00:00 PM,22,20,2
01/20/2014 03:00:00 PM,12,10,2
01/20/2014 04:00:00 PM,15,9,6
01/20/2014 05:00:00 PM,26,8,18
01/20/2014 06:00:00 PM,22,12,10
01/20/2014 07:00:00 PM,17,8,9
01/20/2014 08:00:00 PM,3,1,2
01/20/2014 09:00:00 PM,8,0,8
01/20/2014 10:00:00 PM,2,2,0
01/20/2014 11:00:00 PM,2,2,0
01/21/2014 12:00:00 AM,4,4,0
01/21/2014 01:00:00 AM,0,0,0
01/21/2014 02:00:00 AM,2,2,0
01/21/2014 03:00:00 AM,2,2,0
01/21/2014 04:00:00 AM,0,0,0
01/21/2014 05:00:00 AM,4,1,3
01/21/2014 06:00:00 AM,7,3,4
01/21/2014 07:00:00 AM,9,5,4
01/21/2014 08:00:00 AM,17,9,8
01/21/2014 09:00:00 AM,16,8,8
01/21/2014 10:00:00 AM,11,1,10
01/21/2014 11:00:00 AM,7,2,5
01/21/2014 12:00:00 PM,20,10,10
01/21/2014 01:00:00 PM,11,4,7
01/21/2014 02:00:00 PM,18,10,8
01/21/2014 03:00:00 PM,6,2,4
01/21/2014 04:00:00 PM,25,13,12
01/21/2014 05:00:00 PM,32,24,8
01/21/2014 06:00:00 PM,14,8,6
01/21/2014 07:00:00 PM,16,8,8
01/21/2014 08:00:00 PM,15,8,7
01/21/2014 09:00:00 PM,10,3,7
01/21/2014 10:00:00 PM,7,2,5
01/21/2014 11:00:00 PM,6,4,2
01/22/2014 12:00:00 AM,0,0,0
01/22/2014 01:00:00 AM,0,0,0
01/22/2014 02:00:00 AM,1,1,0
01/22/2014 03:00:00 AM,2,2,0
01/22/2014 04:00:00 AM,0,0,0
01/22/2014 05:00:00 AM,4,0,4
01/22/2014 06:00:00 AM,7,1,6
01/22/2014 07:00:00 AM,15,7,8
01/22/2014 08:00:00 AM,26,11,15
01/22/2014 09:00:00 AM,32,15,17
01/22/2014 10:00:00 AM,16,11,5
01/22/2014 11:00:00 AM,10,7,3
01/22/2014 12:00:00 PM,12,2,10
01/22/2014 01:00:00 PM,20,6,14
01/22/2014 02:00:00 PM,9,5,4
01/22/2014 03:00:00 PM,15,6,9
01/22/2014 04:00:00 PM,34,15,19
01/22/2014 05:00:00 PM,28,22,6
01/22/2014 06:00:00 PM,29,19,10
01/22/2014 07:00:00 PM,25,17,8
01/22/2014 08:00:00 PM,16,8,8
01/22/2014 09:00:00 PM,10,3,7
01/22/2014 10:00:00 PM,3,0,3
01/22/2014 11:00:00 PM,10,9,1
01/23/2014 12:00:00 AM,5,2,3
01/23/2014 01:00:00 AM,2,2,0
01/23/2014 02:00:00 AM,0,0,0
01/23/2014 03:00:00 AM,2,2,0
01/23/2014 04:00:00 AM,0,0,0
01/23/2014 05:00:00 AM,4,1,3
01/23/2014 06:00:00 AM,11,4,7
01/23/2014 07:00:00 AM,9,1,8
01/23/2014 08:00:00 AM,21,7,14
01/23/2014 09:00:00 AM,7,3,4
01/23/2014 10:00:00 AM,17,4,13
01/23/2014 11:00:00 AM,21,10,11
01/23/2014 12:00:00 PM,13,11,2
01/23/2014 01:00:00 PM,7,3,4
01/23/2014 02:00:00 PM,15,8,7
01/23/2014 03:00:00 PM,16,11,5
01/23/2014 04:00:00 PM,27,17,10
01/23/2014 05:00:00 PM,34,15,19
01/23/2014 06:00:00 PM,23,10,13
01/23/2014 07:00:00 PM,19,8,11
01/23/2014 08:00:00 PM,11,6,5
01/23/2014 09:00:00 PM,13,5,8
01/23/2014 10:00:00 PM,6,3,3
01/23/2014 11:00:00 PM,2,0,2
01/24/2014 12:00:00 AM,2,2,0
01/24/2014 01:00:00 AM,0,0,0
01/24/2014 02:00:00 AM,2,2,0
01/24/2014 03:00:00 AM,1,1,0
01/24/2014 04:00:00 AM,4,2,2
01/24/2014 05:00:00 AM,4,0,4
01/24/2014 06:00:00 AM,9,5,4
01/24/2014 07:00:00 AM,11,3,8
01/24/2014 08:00:00 AM,17,12,5
01/24/2014 09:00:00 AM,17,12,5
01/24/2014 10:00:00 AM,10,6,4
01/24/2014 11:00:00 AM,14,12,2
01/24/2014 12:00:00 PM,26,16,10
01/24/2014 01:00:00 PM,15,4,11
01/24/2014 02:00:00 PM,9,6,3
01/24/2014 03:00:00 PM,32,15,17
01/24/2014 04:00:00 PM,21,12,9
01/24/2014 05:00:00 PM,31,13,18
01/24/2014 06:00:00 PM,27,18,9
01/24/2014 07:00:00 PM,26,10,16
01/24/2014 08:00:00 PM,1,0,1
01/24/2014 09:00:00 PM,8,1,7
01/24/2014 10:00:00 PM,7,3,4
01/24/2014 11:00:00 PM,6,0,6
01/25/2014 12:00:00 AM,8,3,5
01/25/2014 01:00:00 AM,4,2,2
01/25/2014 02:00:00 AM,5,1,4
01/25/2014 03:00:00 AM,0,0,0
01/25/2014 04:00:00 AM,0,0,0
01/25/2014 05:00:00 AM,0,0,0
01/25/2014 06:00:00 AM,3,1,2
01/25/2014 07:00:00 AM,0,0,0
01/25/2014 08:00:00 AM,0,0,0
01/25/2014 09:00:00 AM,2,2,0
01/25/2014 10:00:00 AM,6,0,6
01/25/2014 11:00:00 AM,2,2,0
01/25/2014 12:00:00 PM,15,4,11
01/25/2014 01:00:00 PM,23,9,14
01/25/2014 02:00:00 PM,4,2,2
01/25/2014 03:00:00 PM,7,2,5
01/25/2014 04:00:00 PM,10,2,8
01/25/2014 05:00:00 PM,23,11,12
01/25/2014 06:00:00 PM,0,0,0
01/25/2014 07:00:00 PM,6,4,2
01/25/2014 08:00:00 PM,11,3,8
01/25/2014 09:00:00 PM,15,8,7
01/25/2014 10:00:00 PM,6,0,6
01/25/2014 11:00:00 PM,12,3,9
01/26/2014 12:00:00 AM,8,4,4
01/26/2014 01:00:00 AM,4,1,3
01/26/2014 02:00:00 AM,3,1,2
01/26/2014 03:00:00 AM,0,0,0
01/26/2014 04:00:00 AM,2,2,0
01/26/2014 05:00:00 AM,0,0,0
01/26/2014 06:00:00 AM,0,0,0
01/26/2014 07:00:00 AM,0,0,0
01/26/2014 08:00:00 AM,0,0,0
01/26/2014 09:00:00 AM,5,2,3
01/26/2014 10:00:00 AM,3,0,3
01/26/2014 11:00:00 AM,6,4,2
01/26/2014 12:00:00 PM,15,4,11
01/26/2014 01:00:00 PM,25,5,20
01/26/2014 02:00:00 PM,8,2,6
01/26/2014 03:00:00 PM,5,1,4
01/26/2014 04:00:00 PM,13,2,11
01/26/2014 05:00:00 PM,15,3,12
01/26/2014 06:00:00 PM,7,2,5
01/26/2014 07:00:00 PM,13,9,4
01/26/2014 08:00:00 PM,3,3,0
01/26/2014 09:00:00 PM,4,0,4
01/26/2014 10:00:00 PM,4,4,0
01/26/2014 11:00:00 PM,6,4,2
01/27/2014 12:00:00 AM,5,3,2
01/27/2014 01:00:00 AM,0,0,0
01/27/2014 02:00:00 AM,0,0,0
01/27/2014 03:00:00 AM,0,0,0
01/27/2014 04:00:00 AM,1,1,0
01/27/2014 05:00:00 AM,2,0,2
01/27/2014 06:00:00 AM,4,4,0
01/27/2014 07:00:00 AM,14,6,8
01/27/2014 08:00:00 AM,16,7,9
01/27/2014 09:00:00 AM,16,7,9
01/27/2014 10:00:00 AM,7,1,6
01/27/2014 11:00:00 AM,11,4,7
01/27/2014 12:00:00 PM,2,2,0
01/27/2014 01:00:00 PM,14,6,8
01/27/2014 02:00:00 PM,22,5,17
01/27/2014 03:00:00 PM,17,10,7
01/27/2014 04:00:00 PM,17,10,7
01/27/2014 05:00:00 PM,24,13,11
01/27/2014 06:00:00 PM,16,2,14
01/27/2014 07:00:00 PM,16,14,2
01/27/2014 08:00:00 PM,11,1,10
01/27/2014 09:00:00 PM,15,3,12
01/27/2014 10:00:00 PM,11,6,5
01/27/2014 11:00:00 PM,12,5,7
01/28/2014 12:00:00 AM,2,0,2
01/28/2014 01:00:00 AM,2,0,2
01/28/2014 02:00:00 AM,0,0,0
01/28/2014 03:00:00 AM,2,2,0
01/28/2014 04:00:00 AM,0,0,0
01/28/2014 05:00:00 AM,6,0,6
01/28/2014 06:00:00 AM,18,9,9
01/28/2014 07:00:00 AM,26,14,12
01/28/2014 08:00:00 AM,18,12,6
01/28/2014 09:00:00 AM,19,15,4
01/28/2014 10:00:00 AM,18,4,14
01/28/2014 11:00:00 AM,15,9,6
01/28/2014 12:00:00 PM,3,2,1
01/28/2014 01:00:00 PM,20,14,6
01/28/2014 02:00:00 PM,14,8,6
01/28/2014 03:00:00 PM,20,13,7
01/28/2014 04:00:00 PM,32,18,14
01/28/2014 05:00:00 PM,21,11,10
01/28/2014 06:00:00 PM,34,15,19
01/28/2014 07:00:00 PM,17,15,2
01/28/2014 08:00:00 PM,25,5,20
01/28/2014 09:00:00 PM,9,0,9
01/28/2014 10:00:00 PM,5,2,3
01/28/2014 11:00:00 PM,4,4,0
01/29/2014 12:00:00 AM,2,2,0
01/29/2014 01:00:00 AM,0,0,0
01/29/2014 02:00:00 AM,0,0,0
01/29/2014 03:00:00 AM,2,2,0
01/29/2014 04:00:00 AM,0,0,0
01/29/2014 05:00:00 AM,3,0,3
01/29/2014 06:00:00 AM,5,4,1
01/29/2014 07:00:00 AM,12,5,7
01/29/2014 08:00:00 AM,12,4,8
01/29/2014 09:00:00 AM,10,6,4
01/29/2014 10:00:00 AM,10,7,3
01/29/2014 11:00:00 AM,11,3,8
01/29/2014 12:00:00 PM,10,0,10
01/29/2014 01:00:00 PM,13,4,9
01/29/2014 02:00:00 PM,11,5,6
01/29/2014 03:00:00 PM,2,2,0
01/29/2014 04:00:00 PM,26,19,7
01/29/2014 05:00:00 PM,25,21,4
01/29/2014 06:00:00 PM,13,5,8
01/29/2014 07:00:00 PM,11,8,3
01/29/2014 08:00:00 PM,18,10,8
01/29/2014 09:00:00 PM,2,0,2
01/29/2014 10:00:00 PM,5,1,4
01/29/2014 11:00:00 PM,3,3,0
01/30/2014 12:00:00 AM,8,2,6
01/30/2014 01:00:00 AM,0,0,0
01/30/2014 02:00:00 AM,0,0,0
01/30/2014 03:00:00 AM,0,0,0
01/30/2014 04:00:00 AM,0,0,0
01/30/2014 05:00:00 AM,10,3,7
01/30/2014 06:00:00 AM,11,5,6
01/30/2014 07:00:00 AM,14,6,8
01/30/2014 08:00:00 AM,11,3,8
01/30/2014 09:00:00 AM,16,5,11
01/30/2014 10:00:00 AM,19,7,12
01/30/2014 11:00:00 AM,8,4,4
01/30/2014 12:00:00 PM,6,0,6
01/30/2014 01:00:00 PM,7,5,2
01/30/2014 02:00:00 PM,15,4,11
01/30/2014 03:00:00 PM,17,8,9
01/30/2014 04:00:00 PM,13,9,4
01/30/2014 05:00:00 PM,26,20,6
01/30/2014 06:00:00 PM,15,7,8
01/30/2014 07:00:00 PM,31,20,11
01/30/2014 08:00:00 PM,23,13,10
01/30/2014 09:00:00 PM,6,6,0
01/30/2014 10:00:00 PM,1,1,0
01/30/2014 11:00:00 PM,3,3,0
01/31/2014 12:00:00 AM,0,0,0
01/31/2014 01:00:00 AM,0,0,0
01/31/2014 02:00:00 AM,0,0,0
01/31/2014 03:00:00 AM,4,2,2
01/31/2014 04:00:00 AM,2,0,2
01/31/2014 05:00:00 AM,5,0,5
01/31/2014 06:00:00 AM,8,1,7
01/31/2014 07:00:00 AM,14,6,8
01/31/2014 08:00:00 AM,18,10,8
01/31/2014 09:00:00 AM,15,13,2
01/31/2014 10:00:00 AM,10,4,6
01/31/2014 11:00:00 AM,7,4,3
01/31/2014 12:00:00 PM,15,5,10
01/31/2014 01:00:00 PM,20,14,6
01/31/2014 02:00:00 PM,12,4,8
01/31/2014 03:00:00 PM,17,10,7
01/31/2014 04:00:00 PM,17,11,6
01/31/2014 05:00:00 PM,26,19,7
01/31/2014 06:00:00 PM,12,8,4
01/31/2014 07:00:00 PM,7,5,2
01/31/2014 08:00:00 PM,9,9,0
01/31/2014 09:00:00 PM,0,0,0
01/31/2014 10:00:00 PM,4,0,4
01/31/2014 11:00:00 PM,19,14,5
02/01/2014 12:00:00 AM,7,2,5
02/01/2014 01:00:00 AM,0,0,0
02/01/2014 02:00:00 AM,8,8,0
02/01/2014 03:00:00 AM,0,0,0
02/01/2014 04:00:00 AM,2,0,2
02/01/2014 05:00:00 AM,0,0,0
02/01/2014 06:00:00 AM,0,0,0
02/01/2014 07:00:00 AM,3,2,1
02/01/2014 08:00:00 AM,6,2,4
02/01/2014 09:00:00 AM,13,11,2
02/01/2014 10:00:00 AM,12,0,12
02/01/2014 11:00:00 AM,2,2,0
02/01/2014 12:00:00 PM,2,2,0
02/01/2014 01:00:00 PM,8,8,0
02/01/2014 02:00:00 PM,14,6,8
02/01/2014 03:00:00 PM,7,0,7
02/01/2014 04:00:00 PM,16,7,9
02/01/2014 05:00:00 PM,19,13,6
02/01/2014 06:00:00 PM,10,5,5
02/01/2014 07:00:00 PM,16,10,6
02/01/2014 08:00:00 PM,6,2,4
02/01/2014 09:00:00 PM,6,4,2
02/01/2014 10:00:00 PM,8,2,6
02/01/2014 11:00:00 PM,6,1,5
02/02/2014 12:00:00 AM,6,3,3
02/02/2014 01:00:00 AM,6,2,4
02/02/2014 02:00:00 AM,1,1,0
02/02/2014 03:00:00 AM,0,0,0
02/02/2014 04:00:00 AM,0,0,0
02/02/2014 05:00:00 AM,0,0,0
02/02/2014 06:00:00 AM,0,0,0
02/02/2014 07:00:00 AM,0,0,0
02/02/2014 08:00:00 AM,4,2,2
02/02/2014 09:00:00 AM,1,0,1
02/02/2014 10:00:00 AM,7,6,1
02/02/2014 11:00:00 AM,6,4,2
02/02/2014 12:00:00 PM,10,4,6
02/02/2014 01:00:00 PM,14,5,9
02/02/2014 02:00:00 PM,9,3,6
02/02/2014 03:00:00 PM,12,5,7
02/02/2014 04:00:00 PM,17,7,10
02/02/2014 05:00:00 PM,8,3,5
02/02/2014 06:00:00 PM,8,3,5
02/02/2014 07:00:00 PM,13,9,4
02/02/2014 08:00:00 PM,10,6,4
02/02/2014 09:00:00 PM,11,8,3
02/02/2014 10:00:00 PM,16,11,5
02/02/2014 11:00:00 PM,9,5,4
02/03/2014 12:00:00 AM,0,0,0
02/03/2014 01:00:00 AM,3,0,3
02/03/2014 02:00:00 AM,2,2,0
02/03/2014 03:00:00 AM,4,4,0
02/03/2014 04:00:00 AM,2,2,0
02/03/2014 05:00:00 AM,3,0,3
02/03/2014 06:00:00 AM,8,0,8
02/03/2014 07:00:00 AM,7,3,4
02/03/2014 08:00:00 AM,11,5,6
02/03/2014 09:00:00 AM,10,3,7
02/03/2014 10:00:00 AM,15,8,7
02/03/2014 11:00:00 AM,13,8,5
02/03/2014 12:00:00 PM,13,5,8
02/03/2014 01:00:00 PM,12,4,8
02/03/2014 02:00:00 PM,8,6,2
02/03/2014 03:00:00 PM,22,14,8
02/03/2014 04:00:00 PM,25,16,9
02/03/2014 05:00:00 PM,32,22,10
02/03/2014 06:00:00 PM,17,0,17
02/03/2014 07:00:00 PM,23,10,13
02/03/2014 08:00:00 PM,6,4,2
02/03/2014 09:00:00 PM,5,2,3
02/03/2014 10:00:00 PM,3,1,2
02/03/2014 11:00:00 PM,8,5,3
02/04/2014 12:00:00 AM,0,0,0
02/04/2014 01:00:00 AM,1,1,0
02/04/2014 02:00:00 AM,0,0,0
02/04/2014 03:00:00 AM,0,0,0
02/04/2014 04:00:00 AM,1,0,1
02/04/2014 05:00:00 AM,2,0,2
02/04/2014 06:00:00 AM,7,2,5
02/04/2014 07:00:00 AM,15,5,10
02/04/2014 08:00:00 AM,12,7,5
02/04/2014 09:00:00 AM,14,8,6
02/04/2014 10:00:00 AM,29,17,12
02/04/2014 11:00:00 AM,13,7,6
02/04/2014 12:00:00 PM,9,2,7
02/04/2014 01:00:00 PM,15,2,13
02/04/2014 02:00:00 PM,11,5,6
02/04/2014 03:00:00 PM,11,5,6
02/04/2014 04:00:00 PM,27,16,11
02/04/2014 05:00:00 PM,11,7,4
02/04/2014 06:00:00 PM,29,10,19
02/04/2014 07:00:00 PM,18,12,6
02/04/2014 08:00:00 PM,23,14,9
02/04/2014 09:00:00 PM,8,2,6
02/04/2014 10:00:00 PM,5,4,1
02/04/2014 11:00:00 PM,2,2,0
02/05/2014 12:00:00 AM,1,1,0
02/05/2014 01:00:00 AM,2,0,2
02/05/2014 02:00:00 AM,0,0,0
02/05/2014 03:00:00 AM,0,0,0
02/05/2014 04:00:00 AM,3,1,2
02/05/2014 05:00:00 AM,4,0,4
02/05/2014 06:00:00 AM,10,3,7
02/05/2014 07:00:00 AM,11,8,3
02/05/2014 08:00:00 AM,8,4,4
02/05/2014 09:00:00 AM,10,7,3
02/05/2014 10:00:00 AM,6,3,3
02/05/2014 11:00:00 AM,10,4,6
02/05/2014 12:00:00 PM,11,6,5
02/05/2014 01:00:00 PM,25,15,10
02/05/2014 02:00:00 PM,19,12,7
02/05/2014 03:00:00 PM,20,10,10
02/05/2014 04:00:00 PM,19,13,6
02/05/2014 05:00:00 PM,24,13,11
02/05/2014 06:00:00 PM,21,10,11
02/05/2014 07:00:00 PM,6,4,2
02/05/2014 08:00:00 PM,15,9,6
02/05/2014 09:00:00 PM,7,3,4
02/05/2014 10:00:00 PM,0,0,0
02/05/2014 11:00:00 PM,2,1,1
02/06/2014 12:00:00 AM,5,5,0
02/06/2014 01:00:00 AM,0,0,0
02/06/2014 02:00:00 AM,0,0,0
02/06/2014 03:00:00 AM,0,0,0
02/06/2014 04:00:00 AM,1,1,0
02/06/2014 05:00:00 AM,2,0,2
02/06/2014 06:00:00 AM,4,1,3
02/06/2014 07:00:00 AM,6,2,4
02/06/2014 08:00:00 AM,6,6,0
02/06/2014 09:00:00 AM,11,4,7
02/06/2014 10:00:00 AM,10,3,7
02/06/2014 11:00:00 AM,5,4,1
02/06/2014 12:00:00 PM,8,2,6
02/06/2014 01:00:00 PM,11,4,7
02/06/2014 02:00:00 PM,9,4,5
02/06/2014 03:00:00 PM,12,9,3
02/06/2014 04:00:00 PM,7,1,6
02/06/2014 05:00:00 PM,28,16,12
02/06/2014 06:00:00 PM,12,5,7
02/06/2014 07:00:00 PM,19,11,8
02/06/2014 08:00:00 PM,9,4,5
02/06/2014 09:00:00 PM,3,1,2
02/06/2014 10:00:00 PM,6,1,5
02/06/2014 11:00:00 PM,2,2,0
02/07/2014 12:00:00 AM,2,2,0
02/07/2014 01:00:00 AM,0,0,0
02/07/2014 02:00:00 AM,0,0,0
02/07/2014 03:00:00 AM,1,1,0
02/07/2014 04:00:00 AM,0,0,0
02/07/2014 05:00:00 AM,3,0,3
02/07/2014 06:00:00 AM,2,1,1
02/07/2014 07:00:00 AM,5,3,2
02/07/2014 08:00:00 AM,12,6,6
02/07/2014 09:00:00 AM,7,7,0
02/07/2014 10:00:00 AM,3,1,2
02/07/2014 11:00:00 AM,2,0,2
02/07/2014 12:00:00 PM,4,4,0
02/07/2014 01:00:00 PM,8,4,4
02/07/2014 02:00:00 PM,7,5,2
02/07/2014 03:00:00 PM,9,7,2
02/07/2014 04:00:00 PM,9,7,2
02/07/2014 05:00:00 PM,17,11,6
02/07/2014 06:00:00 PM,14,7,7
02/07/2014 07:00:00 PM,1,1,0
02/07/2014 08:00:00 PM,10,6,4
02/07/2014 09:00:00 PM,1,1,0
02/07/2014 10:00:00 PM,10,6,4
02/07/2014 11:00:00 PM,3,1,2
02/08/2014 12:00:00 AM,6,0,6
02/08/2014 01:00:00 AM,8,4,4
02/08/2014 02:00:00 AM,11,9,2
02/08/2014 03:00:00 AM,0,0,0
02/08/2014 04:00:00 AM,0,0,0
02/08/2014 05:00:00 AM,0,0,0
02/08/2014 06:00:00 AM,2,0,2
02/08/2014 07:00:00 AM,0,0,0
02/08/2014 08:00:00 AM,2,1,1
02/08/2014 09:00:00 AM,4,4,0
02/08/2014 10:00:00 AM,14,0,14
02/08/2014 11:00:00 AM,5,1,4
02/08/2014 12:00:00 PM,10,6,4
02/08/2014 01:00:00 PM,2,2,0
02/08/2014 02:00:00 PM,4,4,0
02/08/2014 03:00:00 PM,11,2,9
02/08/2014 04:00:00 PM,4,2,2
02/08/2014 05:00:00 PM,17,3,14
02/08/2014 06:00:00 PM,2,0,2
02/08/2014 07:00:00 PM,1,1,0
02/08/2014 08:00:00 PM,4,2,2
02/08/2014 09:00:00 PM,0,0,0
02/08/2014 10:00:00 PM,2,2,0
02/08/2014 11:00:00 PM,3,0,3
02/09/2014 12:00:00 AM,1,1,0
02/09/2014 01:00:00 AM,2,2,0
02/09/2014 02:00:00 AM,0,0,0
02/09/2014 03:00:00 AM,0,0,0
02/09/2014 04:00:00 AM,0,0,0
02/09/2014 05:00:00 AM,0,0,0
02/09/2014 06:00:00 AM,0,0,0
02/09/2014 07:00:00 AM,0,0,0
02/09/2014 08:00:00 AM,0,0,0
02/09/2014 09:00:00 AM,2,2,0
02/09/2014 10:00:00 AM,1,1,0
02/09/2014 11:00:00 AM,1,0,1
02/09/2014 12:00:00 PM,2,2,0
02/09/2014 01:00:00 PM,10,4,6
02/09/2014 02:00:00 PM,3,0,3
02/09/2014 03:00:00 PM,2,2,0
02/09/2014 04:00:00 PM,12,8,4
02/09/2014 05:00:00 PM,9,6,3
02/09/2014 06:00:00 PM,7,7,0
02/09/2014 07:00:00 PM,3,2,1
02/09/2014 08:00:00 PM,1,1,0
02/09/2014 09:00:00 PM,2,2,0
02/09/2014 10:00:00 PM,3,3,0
02/09/2014 11:00:00 PM,0,0,0
02/10/2014 12:00:00 AM,2,2,0
02/10/2014 01:00:00 AM,0,0,0
02/10/2014 02:00:00 AM,0,0,0
02/10/2014 03:00:00 AM,0,0,0
02/10/2014 04:00:00 AM,2,2,0
02/10/2014 05:00:00 AM,4,0,4
02/10/2014 06:00:00 AM,4,2,2
02/10/2014 07:00:00 AM,4,2,2
02/10/2014 08:00:00 AM,9,3,6
02/10/2014 09:00:00 AM,9,5,4
02/10/2014 10:00:00 AM,4,2,2
02/10/2014 11:00:00 AM,0,0,0
02/10/2014 12:00:00 PM,0,0,0
02/10/2014 01:00:00 PM,3,0,3
02/10/2014 02:00:00 PM,8,2,6
02/10/2014 03:00:00 PM,14,6,8
02/10/2014 04:00:00 PM,11,8,3
02/10/2014 05:00:00 PM,17,13,4
02/10/2014 06:00:00 PM,16,7,9
02/10/2014 07:00:00 PM,4,3,1
02/10/2014 08:00:00 PM,10,4,6
02/10/2014 09:00:00 PM,6,4,2
02/10/2014 10:00:00 PM,1,0,1
02/10/2014 11:00:00 PM,8,6,2
02/11/2014 12:00:00 AM,4,2,2
02/11/2014 01:00:00 AM,1,1,0
02/11/2014 02:00:00 AM,0,0,0
02/11/2014 03:00:00 AM,0,0,0
02/11/2014 04:00:00 AM,0,0,0
02/11/2014 05:00:00 AM,6,2,4
02/11/2014 06:00:00 AM,7,4,3
02/11/2014 07:00:00 AM,10,4,6
02/11/2014 08:00:00 AM,16,8,8
02/11/2014 09:00:00 AM,18,9,9
02/11/2014 10:00:00 AM,16,9,7
02/11/2014 11:00:00 AM,3,3,0
02/11/2014 12:00:00 PM,4,0,4
02/11/2014 01:00:00 PM,15,8,7
02/11/2014 02:00:00 PM,14,11,3
02/11/2014 03:00:00 PM,11,8,3
02/11/2014 04:00:00 PM,22,14,8
02/11/2014 05:00:00 PM,23,13,10
02/11/2014 06:00:00 PM,19,3,16
02/11/2014 07:00:00 PM,13,8,5
02/11/2014 08:00:00 PM,6,4,2
02/11/2014 09:00:00 PM,3,2,1
02/11/2014 10:00:00 PM,8,6,2
02/11/2014 11:00:00 PM,2,1,1
02/12/2014 12:00:00 AM,4,4,0
02/12/2014 01:00:00 AM,2,2,0
02/12/2014 02:00:00 AM,0,0,0
02/12/2014 03:00:00 AM,0,0,0
02/12/2014 04:00:00 AM,0,0,0
02/12/2014 05:00:00 AM,5,2,3
02/12/2014 06:00:00 AM,0,0,0
02/12/2014 07:00:00 AM,19,13,6
02/12/2014 08:00:00 AM,22,16,6
02/12/2014 09:00:00 AM,22,18,4
02/12/2014 10:00:00 AM,15,9,6
02/12/2014 11:00:00 AM,2,1,1
02/12/2014 12:00:00 PM,9,5,4
02/12/2014 01:00:00 PM,3,0,3
02/12/2014 02:00:00 PM,3,0,3
02/12/2014 03:00:00 PM,18,6,12
02/12/2014 04:00:00 PM,20,11,9
02/12/2014 05:00:00 PM,26,16,10
02/12/2014 06:00:00 PM,9,5,4
02/12/2014 07:00:00 PM,25,13,12
02/12/2014 08:00:00 PM,5,2,3
02/12/2014 09:00:00 PM,8,4,4
02/12/2014 10:00:00 PM,0,0,0
02/12/2014 11:00:00 PM,4,4,0
02/13/2014 12:00:00 AM,2,2,0
02/13/2014 01:00:00 AM,4,2,2
02/13/2014 02:00:00 AM,2,2,0
02/13/2014 03:00:00 AM,0,0,0
02/13/2014 04:00:00 AM,2,2,0
02/13/2014 05:00:00 AM,4,0,4
02/13/2014 06:00:00 AM,11,3,8
02/13/2014 07:00:00 AM,14,10,4
02/13/2014 08:00:00 AM,15,10,5
02/13/2014 09:00:00 AM,13,6,7
02/13/2014 10:00:00 AM,18,5,13
02/13/2014 11:00:00 AM,6,3,3
02/13/2014 12:00:00 PM,14,2,12
02/13/2014 01:00:00 PM,20,11,9
02/13/2014 02:00:00 PM,8,5,3
02/13/2014 03:00:00 PM,14,7,7
02/13/2014 04:00:00 PM,16,9,7
02/13/2014 05:00:00 PM,45,28,17
02/13/2014 06:00:00 PM,30,14,16
02/13/2014 07:00:00 PM,23,13,10
02/13/2014 08:00:00 PM,12,7,5
02/13/2014 09:00:00 PM,17,5,12
02/13/2014 10:00:00 PM,2,0,2
02/13/2014 11:00:00 PM,15,8,7
02/14/2014 12:00:00 AM,5,5,0
02/14/2014 01:00:00 AM,3,1,2
02/14/2014 02:00:00 AM,4,0,4
02/14/2014 03:00:00 AM,0,0,0
02/14/2014 04:00:00 AM,2,2,0
02/14/2014 05:00:00 AM,3,0,3
02/14/2014 06:00:00 AM,7,7,0
02/14/2014 07:00:00 AM,12,3,9
02/14/2014 08:00:00 AM,19,14,5
02/14/2014 09:00:00 AM,14,5,9
02/14/2014 10:00:00 AM,2,0,2
02/14/2014 11:00:00 AM,6,4,2
02/14/2014 12:00:00 PM,10,2,8
02/14/2014 01:00:00 PM,15,8,7
02/14/2014 02:00:00 PM,16,4,12
02/14/2014 03:00:00 PM,13,9,4
02/14/2014 04:00:00 PM,13,5,8
02/14/2014 05:00:00 PM,22,10,12
02/14/2014 06:00:00 PM,11,6,5
02/14/2014 07:00:00 PM,13,6,7
02/14/2014 08:00:00 PM,7,7,0
02/14/2014 09:00:00 PM,11,9,2
02/14/2014 10:00:00 PM,5,3,2
02/14/2014 11:00:00 PM,6,2,4
02/15/2014 12:00:00 AM,4,4,0
02/15/2014 01:00:00 AM,9,7,2
02/15/2014 02:00:00 AM,10,4,6
02/15/2014 03:00:00 AM,0,0,0
02/15/2014 04:00:00 AM,0,0,0
02/15/2014 05:00:00 AM,0,0,0
02/15/2014 06:00:00 AM,3,1,2
02/15/2014 07:00:00 AM,2,2,0
02/15/2014 08:00:00 AM,7,2,5
02/15/2014 09:00:00 AM,9,5,4
02/15/2014 10:00:00 AM,9,6,3
02/15/2014 11:00:00 AM,3,1,2
02/15/2014 12:00:00 PM,5,1,4
02/15/2014 01:00:00 PM,0,0,0
02/15/2014 02:00:00 PM,4,2,2
02/15/2014 03:00:00 PM,3,3,0
02/15/2014 04:00:00 PM,2,2,0
02/15/2014 05:00:00 PM,11,7,4
02/15/2014 06:00:00 PM,15,6,9
02/15/2014 07:00:00 PM,3,1,2
02/15/2014 08:00:00 PM,2,0,2
02/15/2014 09:00:00 PM,3,2,1
02/15/2014 10:00:00 PM,5,5,0
02/15/2014 11:00:00 PM,9,3,6
02/16/2014 12:00:00 AM,5,4,1
02/16/2014 01:00:00 AM,5,1,4
02/16/2014 02:00:00 AM,4,3,1
02/16/2014 03:00:00 AM,0,0,0
02/16/2014 04:00:00 AM,0,0,0
02/16/2014 05:00:00 AM,2,2,0
02/16/2014 06:00:00 AM,2,0,2
02/16/2014 07:00:00 AM,0,0,0
02/16/2014 08:00:00 AM,4,4,0
02/16/2014 09:00:00 AM,0,0,0
02/16/2014 10:00:00 AM,5,2,3
02/16/2014 11:00:00 AM,3,0,3
02/16/2014 12:00:00 PM,0,0,0
02/16/2014 01:00:00 PM,4,1,3
02/16/2014 02:00:00 PM,3,3,0
02/16/2014 03:00:00 PM,4,1,3
02/16/2014 04:00:00 PM,9,5,4
02/16/2014 05:00:00 PM,8,6,2
02/16/2014 06:00:00 PM,0,0,0
02/16/2014 07:00:00 PM,8,5,3
02/16/2014 08:00:00 PM,2,0,2
02/16/2014 09:00:00 PM,3,0,3
02/16/2014 10:00:00 PM,1,1,0
02/16/2014 11:00:00 PM,0,0,0
02/17/2014 12:00:00 AM,0,0,0
02/17/2014 01:00:00 AM,0,0,0
02/17/2014 02:00:00 AM,0,0,0
02/17/2014 03:00:00 AM,0,0,0
02/17/2014 04:00:00 AM,0,0,0
02/17/2014 05:00:00 AM,6,2,4
02/17/2014 06:00:00 AM,4,2,2
02/17/2014 07:00:00 AM,0,0,0
02/17/2014 08:00:00 AM,4,2,2
02/17/2014 09:00:00 AM,5,1,4
02/17/2014 10:00:00 AM,12,7,5
02/17/2014 11:00:00 AM,7,5,2
02/17/2014 12:00:00 PM,15,6,9
02/17/2014 01:00:00 PM,14,6,8
02/17/2014 02:00:00 PM,10,7,3
02/17/2014 03:00:00 PM,16,11,5
02/17/2014 04:00:00 PM,20,13,7
02/17/2014 05:00:00 PM,19,10,9
02/17/2014 06:00:00 PM,17,8,9
02/17/2014 07:00:00 PM,6,6,0
02/17/2014 08:00:00 PM,15,9,6
02/17/2014 09:00:00 PM,16,7,9
02/17/2014 10:00:00 PM,4,4,0
02/17/2014 11:00:00 PM,5,2,3
02/18/2014 12:00:00 AM,4,4,0
02/18/2014 01:00:00 AM,2,2,0
02/18/2014 02:00:00 AM,0,0,0
02/18/2014 03:00:00 AM,0,0,0
02/18/2014 04:00:00 AM,5,2,3
02/18/2014 05:00:00 AM,6,0,6
02/18/2014 06:00:00 AM,2,0,2
02/18/2014 07:00:00 AM,10,4,6
02/18/2014 08:00:00 AM,12,8,4
02/18/2014 09:00:00 AM,10,4,6
02/18/2014 10:00:00 AM,9,0,9
02/18/2014 11:00:00 AM,10,2,8
02/18/2014 12:00:00 PM,6,4,2
02/18/2014 01:00:00 PM,14,4,10
02/18/2014 02:00:00 PM,3,3,0
02/18/2014 03:00:00 PM,11,4,7
02/18/2014 04:00:00 PM,20,12,8
02/18/2014 05:00:00 PM,23,11,12
02/18/2014 06:00:00 PM,11,5,6
02/18/2014 07:00:00 PM,5,2,3
02/18/2014 08:00:00 PM,7,3,4
02/18/2014 09:00:00 PM,14,6,8
02/18/2014 10:00:00 PM,4,2,2
02/18/2014 11:00:00 PM,0,0,0
02/19/2014 12:00:00 AM,2,0,2
02/19/2014 01:00:00 AM,0,0,0
02/19/2014 02:00:00 AM,0,0,0
02/19/2014 03:00:00 AM,0,0,0
02/19/2014 04:00:00 AM,2,2,0
02/19/2014 05:00:00 AM,2,0,2
02/19/2014 06:00:00 AM,12,4,8
02/19/2014 07:00:00 AM,13,6,7
02/19/2014 08:00:00 AM,17,8,9
02/19/2014 09:00:00 AM,17,10,7
02/19/2014 10:00:00 AM,20,15,5
02/19/2014 11:00:00 AM,4,4,0
02/19/2014 12:00:00 PM,18,7,11
02/19/2014 01:00:00 PM,12,5,7
02/19/2014 02:00:00 PM,30,19,11
02/19/2014 03:00:00 PM,16,10,6
02/19/2014 04:00:00 PM,35,19,16
02/19/2014 05:00:00 PM,28,15,13
02/19/2014 06:00:00 PM,17,3,14
02/19/2014 07:00:00 PM,26,16,10
02/19/2014 08:00:00 PM,6,4,2
02/19/2014 09:00:00 PM,4,2,2
02/19/2014 10:00:00 PM,6,2,4
02/19/2014 11:00:00 PM,7,5,2
02/20/2014 12:00:00 AM,1,1,0
02/20/2014 01:00:00 AM,2,2,0
02/20/2014 02:00:00 AM,0,0,0
02/20/2014 03:00:00 AM,0,0,0
02/20/2014 04:00:00 AM,2,2,0
02/20/2014 05:00:00 AM,4,0,4
02/20/2014 06:00:00 AM,9,3,6
02/20/2014 07:00:00 AM,6,4,2
02/20/2014 08:00:00 AM,19,11,8
02/20/2014 09:00:00 AM,13,7,6
02/20/2014 10:00:00 AM,7,5,2
02/20/2014 11:00:00 AM,14,6,8
02/20/2014 12:00:00 PM,7,3,4
02/20/2014 01:00:00 PM,15,9,6
02/20/2014 02:00:00 PM,7,3,4
02/20/2014 03:00:00 PM,22,16,6
02/20/2014 04:00:00 PM,21,9,12
02/20/2014 05:00:00 PM,17,9,8
02/20/2014 06:00:00 PM,26,16,10
02/20/2014 07:00:00 PM,17,8,9
02/20/2014 08:00:00 PM,15,9,6
02/20/2014 09:00:00 PM,6,2,4
02/20/2014 10:00:00 PM,5,0,5
02/20/2014 11:00:00 PM,4,3,1
02/21/2014 12:00:00 AM,3,2,1
02/21/2014 01:00:00 AM,2,2,0
02/21/2014 02:00:00 AM,4,4,0
02/21/2014 03:00:00 AM,0,0,0
02/21/2014 04:00:00 AM,3,2,1
02/21/2014 05:00:00 AM,6,2,4
02/21/2014 06:00:00 AM,2,2,0
02/21/2014 07:00:00 AM,8,7,1
02/21/2014 08:00:00 AM,17,13,4
02/21/2014 09:00:00 AM,6,1,5
02/21/2014 10:00:00 AM,11,8,3
02/21/2014 11:00:00 AM,3,3,0
02/21/2014 12:00:00 PM,3,3,0
02/21/2014 01:00:00 PM,15,5,10
02/21/2014 02:00:00 PM,12,8,4
02/21/2014 03:00:00 PM,9,5,4
02/21/2014 04:00:00 PM,15,15,0
02/21/2014 05:00:00 PM,25,12,13
02/21/2014 06:00:00 PM,20,10,10
02/21/2014 07:00:00 PM,12,7,5
02/21/2014 08:00:00 PM,11,5,6
02/21/2014 09:00:00 PM,7,6,1
02/21/2014 10:00:00 PM,9,7,2
02/21/2014 11:00:00 PM,11,5,6
02/22/2014 12:00:00 AM,13,7,6
02/22/2014 01:00:00 AM,7,0,7
02/22/2014 02:00:00 AM,0,0,0
02/22/2014 03:00:00 AM,0,0,0
02/22/2014 04:00:00 AM,0,0,0
02/22/2014 05:00:00 AM,0,0,0
02/22/2014 06:00:00 AM,2,0,2
02/22/2014 07:00:00 AM,2,2,0
02/22/2014 08:00:00 AM,5,1,4
02/22/2014 09:00:00 AM,4,2,2
02/22/2014 10:00:00 AM,2,1,1
02/22/2014 11:00:00 AM,4,2,2
02/22/2014 12:00:00 PM,8,4,4
02/22/2014 01:00:00 PM,11,3,8
02/22/2014 02:00:00 PM,12,9,3
02/22/2014 03:00:00 PM,7,3,4
02/22/2014 04:00:00 PM,5,5,0
02/22/2014 05:00:00 PM,17,3,14
02/22/2014 06:00:00 PM,4,1,3
02/22/2014 07:00:00 PM,3,1,2
02/22/2014 08:00:00 PM,10,10,0
02/22/2014 09:00:00 PM,5,2,3
02/22/2014 10:00:00 PM,3,3,0
02/22/2014 11:00:00 PM,4,0,4
02/23/2014 12:00:00 AM,3,2,1
02/23/2014 01:00:00 AM,8,1,7
02/23/2014 02:00:00 AM,4,2,2
02/23/2014 03:00:00 AM,0,0,0
02/23/2014 04:00:00 AM,0,0,0
02/23/2014 05:00:00 AM,0,0,0
02/23/2014 06:00:00 AM,0,0,0
02/23/2014 07:00:00 AM,1,1,0
02/23/2014 08:00:00 AM,6,0,6
02/23/2014 09:00:00 AM,6,4,2
02/23/2014 10:00:00 AM,6,4,2
02/23/2014 11:00:00 AM,8,2,6
02/23/2014 12:00:00 PM,11,5,6
02/23/2014 01:00:00 PM,10,6,4
02/23/2014 02:00:00 PM,12,6,6
02/23/2014 03:00:00 PM,8,5,3
02/23/2014 04:00:00 PM,7,4,3
02/23/2014 05:00:00 PM,4,1,3
02/23/2014 06:00:00 PM,8,4,4
02/23/2014 07:00:00 PM,9,7,2
02/23/2014 08:00:00 PM,4,3,1
02/23/2014 09:00:00 PM,2,2,0
02/23/2014 10:00:00 PM,0,0,0
02/23/2014 11:00:00 PM,3,1,2
02/24/2014 12:00:00 AM,6,4,2
02/24/2014 01:00:00 AM,0,0,0
02/24/2014 02:00:00 AM,0,0,0
02/24/2014 03:00:00 AM,2,0,2
02/24/2014 04:00:00 AM,1,1,0
02/24/2014 05:00:00 AM,7,3,4
02/24/2014 06:00:00 AM,1,1,0
02/24/2014 07:00:00 AM,12,7,5
02/24/2014 08:00:00 AM,14,10,4
02/24/2014 09:00:00 AM,15,7,8
02/24/2014 10:00:00 AM,5,2,3
02/24/2014 11:00:00 AM,4,3,1
02/24/2014 12:00:00 PM,8,3,5
02/24/2014 01:00:00 PM,6,2,4
02/24/2014 02:00:00 PM,16,6,10
02/24/2014 03:00:00 PM,8,3,5
02/24/2014 04:00:00 PM,15,9,6
02/24/2014 05:00:00 PM,17,10,7
02/24/2014 06:00:00 PM,14,8,6
02/24/2014 07:00:00 PM,17,7,10
02/24/2014 08:00:00 PM,14,12,2
02/24/2014 09:00:00 PM,10,9,1
02/24/2014 10:00:00 PM,2,2,0
02/24/2014 11:00:00 PM,5,3,2
02/25/2014 12:00:00 AM,2,2,0
02/25/2014 01:00:00 AM,0,0,0
02/25/2014 02:00:00 AM,0,0,0
02/25/2014 03:00:00 AM,0,0,0
02/25/2014 04:00:00 AM,0,0,0
02/25/2014 05:00:00 AM,2,0,2
02/25/2014 06:00:00 AM,8,2,6
02/25/2014 07:00:00 AM,10,7,3
02/25/2014 08:00:00 AM,9,6,3
02/25/2014 09:00:00 AM,22,12,10
02/25/2014 10:00:00 AM,16,8,8
02/25/2014 11:00:00 AM,5,5,0
02/25/2014 12:00:00 PM,14,10,4
02/25/2014 01:00:00 PM,22,8,14
02/25/2014 02:00:00 PM,12,6,6
02/25/2014 03:00:00 PM,15,9,6
02/25/2014 04:00:00 PM,27,12,15
02/25/2014 05:00:00 PM,31,27,4
02/25/2014 06:00:00 PM,25,12,13
02/25/2014 07:00:00 PM,15,5,10
02/25/2014 08:00:00 PM,14,6,8
02/25/2014 09:00:00 PM,15,7,8
02/25/2014 10:00:00 PM,3,2,1
02/25/2014 11:00:00 PM,13,10,3
02/26/2014 12:00:00 AM,9,1,8
02/26/2014 01:00:00 AM,4,4,0
02/26/2014 02:00:00 AM,0,0,0
02/26/2014 03:00:00 AM,0,0,0
02/26/2014 04:00:00 AM,0,0,0
02/26/2014 05:00:00 AM,4,0,4
02/26/2014 06:00:00 AM,10,4,6
02/26/2014 07:00:00 AM,17,8,9
02/26/2014 08:00:00 AM,24,16,8
02/26/2014 09:00:00 AM,19,6,13
02/26/2014 10:00:00 AM,16,11,5
02/26/2014 11:00:00 AM,16,11,5
02/26/2014 12:00:00 PM,12,8,4
02/26/2014 01:00:00 PM,23,14,9
02/26/2014 02:00:00 PM,9,3,6
02/26/2014 03:00:00 PM,20,6,14
02/26/2014 04:00:00 PM,25,12,13
02/26/2014 05:00:00 PM,27,16,11
02/26/2014 06:00:00 PM,17,9,8
02/26/2014 07:00:00 PM,33,17,16
02/26/2014 08:00:00 PM,15,7,8
02/26/2014 09:00:00 PM,14,6,8
02/26/2014 10:00:00 PM,4,0,4
02/26/2014 11:00:00 PM,7,3,4
02/27/2014 12:00:00 AM,7,4,3
02/27/2014 01:00:00 AM,0,0,0
02/27/2014 02:00:00 AM,0,0,0
02/27/2014 03:00:00 AM,0,0,0
02/27/2014 04:00:00 AM,0,0,0
02/27/2014 05:00:00 AM,4,1,3
02/27/2014 06:00:00 AM,10,3,7
02/27/2014 07:00:00 AM,7,5,2
02/27/2014 08:00:00 AM,17,9,8
02/27/2014 09:00:00 AM,8,6,2
02/27/2014 10:00:00 AM,11,3,8
02/27/2014 11:00:00 AM,15,10,5
02/27/2014 12:00:00 PM,15,9,6
02/27/2014 01:00:00 PM,21,13,8
02/27/2014 02:00:00 PM,10,6,4
02/27/2014 03:00:00 PM,8,3,5
02/27/2014 04:00:00 PM,22,8,14
02/27/2014 05:00:00 PM,38,25,13
02/27/2014 06:00:00 PM,28,13,15
02/27/2014 07:00:00 PM,18,4,14
02/27/2014 08:00:00 PM,10,3,7
02/27/2014 09:00:00 PM,17,9,8
02/27/2014 10:00:00 PM,13,4,9
02/27/2014 11:00:00 PM,6,4,2
02/28/2014 12:00:00 AM,5,2,3
02/28/2014 01:00:00 AM,0,0,0
02/28/2014 02:00:00 AM,2,0,2
02/28/2014 03:00:00 AM,0,0,0
02/28/2014 04:00:00 AM,0,0,0
02/28/2014 05:00:00 AM,4,0,4
02/28/2014 06:00:00 AM,5,0,5
02/28/2014 07:00:00 AM,14,11,3
02/28/2014 08:00:00 AM,24,19,5
02/28/2014 09:00:00 AM,16,8,8
02/28/2014 10:00:00 AM,9,6,3
02/28/2014 11:00:00 AM,9,5,4
02/28/2014 12:00:00 PM,13,3,10
02/28/2014 01:00:00 PM,10,6,4
02/28/2014 02:00:00 PM,11,4,7
02/28/2014 03:00:00 PM,24,14,10
02/28/2014 04:00:00 PM,9,7,2
02/28/2014 05:00:00 PM,29,15,14
02/28/2014 06:00:00 PM,15,7,8
02/28/2014 07:00:00 PM,11,6,5
02/28/2014 08:00:00 PM,9,4,5
02/28/2014 09:00:00 PM,9,1,8
02/28/2014 10:00:00 PM,13,9,4
02/28/2014 11:00:00 PM,9,4,5
03/01/2014 12:00:00 AM,10,4,6
03/01/2014 01:00:00 AM,6,4,2
03/01/2014 02:00:00 AM,2,2,0
03/01/2014 03:00:00 AM,0,0,0
03/01/2014 04:00:00 AM,0,0,0
03/01/2014 05:00:00 AM,2,1,1
03/01/2014 06:00:00 AM,4,2,2
03/01/2014 07:00:00 AM,5,3,2
03/01/2014 08:00:00 AM,7,3,4
03/01/2014 09:00:00 AM,7,1,6
03/01/2014 10:00:00 AM,3,0,3
03/01/2014 11:00:00 AM,12,8,4
03/01/2014 12:00:00 PM,8,0,8
03/01/2014 01:00:00 PM,21,11,10
03/01/2014 02:00:00 PM,10,8,2
03/01/2014 03:00:00 PM,8,4,4
03/01/2014 04:00:00 PM,7,4,3
03/01/2014 05:00:00 PM,8,2,6
03/01/2014 06:00:00 PM,4,2,2
03/01/2014 07:00:00 PM,5,4,1
03/01/2014 08:00:00 PM,6,2,4
03/01/2014 09:00:00 PM,9,4,5
03/01/2014 10:00:00 PM,3,0,3
03/01/2014 11:00:00 PM,2,2,0
03/02/2014 12:00:00 AM,1,1,0
03/02/2014 01:00:00 AM,4,0,4
03/02/2014 02:00:00 AM,2,0,2
03/02/2014 03:00:00 AM,0,0,0
03/02/2014 04:00:00 AM,1,0,1
03/02/2014 05:00:00 AM,0,0,0
03/02/2014 06:00:00 AM,4,2,2
03/02/2014 07:00:00 AM,1,1,0
03/02/2014 08:00:00 AM,0,0,0
03/02/2014 09:00:00 AM,6,5,1
03/02/2014 10:00:00 AM,2,2,0
03/02/2014 11:00:00 AM,2,0,2
03/02/2014 12:00:00 PM,0,0,0
03/02/2014 01:00:00 PM,12,6,6
03/02/2014 02:00:00 PM,6,5,1
03/02/2014 03:00:00 PM,8,4,4
03/02/2014 04:00:00 PM,2,2,0
03/02/2014 05:00:00 PM,9,3,6
03/02/2014 06:00:00 PM,5,4,1
03/02/2014 07:00:00 PM,4,1,3
03/02/2014 08:00:00 PM,4,4,0
03/02/2014 09:00:00 PM,7,2,5
03/02/2014 10:00:00 PM,1,1,0
03/02/2014 11:00:00 PM,2,0,2
03/03/2014 12:00:00 AM,2,0,2
03/03/2014 01:00:00 AM,0,0,0
03/03/2014 02:00:00 AM,0,0,0
03/03/2014 03:00:00 AM,0,0,0
03/03/2014 04:00:00 AM,0,0,0
03/03/2014 05:00:00 AM,3,0,3
03/03/2014 06:00:00 AM,2,2,0
03/03/2014 07:00:00 AM,4,2,2
03/03/2014 08:00:00 AM,8,2,6
03/03/2014 09:00:00 AM,10,4,6
03/03/2014 10:00:00 AM,4,3,1
03/03/2014 11:00:00 AM,9,5,4
03/03/2014 12:00:00 PM,4,1,3
03/03/2014 01:00:00 PM,12,7,5
03/03/2014 02:00:00 PM,15,7,8
03/03/2014 03:00:00 PM,26,11,15
03/03/2014 04:00:00 PM,9,4,5
03/03/2014 05:00:00 PM,32,16,16
03/03/2014 06:00:00 PM,28,11,17
03/03/2014 07:00:00 PM,17,14,3
03/03/2014 08:00:00 PM,4,4,0
03/03/2014 09:00:00 PM,4,1,3
03/03/2014 10:00:00 PM,1,0,1
03/03/2014 11:00:00 PM,4,2,2
03/04/2014 12:00:00 AM,2,2,0
03/04/2014 01:00:00 AM,0,0,0
03/04/2014 02:00:00 AM,0,0,0
03/04/2014 03:00:00 AM,0,0,0
03/04/2014 04:00:00 AM,0,0,0
03/04/2014 05:00:00 AM,4,0,4
03/04/2014 06:00:00 AM,2,2,0
03/04/2014 07:00:00 AM,6,2,4
03/04/2014 08:00:00 AM,17,9,8
03/04/2014 09:00:00 AM,10,4,6
03/04/2014 10:00:00 AM,13,2,11
03/04/2014 11:00:00 AM,6,3,3
03/04/2014 12:00:00 PM,9,7,2
03/04/2014 01:00:00 PM,8,4,4
03/04/2014 02:00:00 PM,4,4,0
03/04/2014 03:00:00 PM,7,3,4
03/04/2014 04:00:00 PM,27,13,14
03/04/2014 05:00:00 PM,13,11,2
03/04/2014 06:00:00 PM,31,9,22
03/04/2014 07:00:00 PM,12,6,6
03/04/2014 08:00:00 PM,9,5,4
03/04/2014 09:00:00 PM,7,1,6
03/04/2014 10:00:00 PM,7,5,2
03/04/2014 11:00:00 PM,2,2,0
03/05/2014 12:00:00 AM,2,0,2
03/05/2014 01:00:00 AM,0,0,0
03/05/2014 02:00:00 AM,0,0,0
03/05/2014 03:00:00 AM,0,0,0
03/05/2014 04:00:00 AM,0,0,0
03/05/2014 05:00:00 AM,4,0,4
03/05/2014 06:00:00 AM,5,1,4
03/05/2014 07:00:00 AM,8,6,2
03/05/2014 08:00:00 AM,9,5,4
03/05/2014 09:00:00 AM,12,5,7
03/05/2014 10:00:00 AM,12,8,4
03/05/2014 11:00:00 AM,10,8,2
03/05/2014 12:00:00 PM,15,6,9
03/05/2014 01:00:00 PM,10,6,4
03/05/2014 02:00:00 PM,6,2,4
03/05/2014 03:00:00 PM,13,5,8
03/05/2014 04:00:00 PM,10,6,4
03/05/2014 05:00:00 PM,27,15,12
03/05/2014 06:00:00 PM,25,13,12
03/05/2014 07:00:00 PM,14,10,4
03/05/2014 08:00:00 PM,13,2,11
03/05/2014 09:00:00 PM,2,0,2
03/05/2014 10:00:00 PM,4,2,2
03/05/2014 11:00:00 PM,5,2,3
03/06/2014 12:00:00 AM,4,2,2
03/06/2014 01:00:00 AM,3,2,1
03/06/2014 02:00:00 AM,0,0,0
03/06/2014 03:00:00 AM,0,0,0
03/06/2014 04:00:00 AM,0,0,0
03/06/2014 05:00:00 AM,6,2,4
03/06/2014 06:00:00 AM,4,2,2
03/06/2014 07:00:00 AM,12,2,10
03/06/2014 08:00:00 AM,19,9,10
03/06/2014 09:00:00 AM,12,2,10
03/06/2014 10:00:00 AM,13,8,5
03/06/2014 11:00:00 AM,5,3,2
03/06/2014 12:00:00 PM,18,5,13
03/06/2014 01:00:00 PM,9,4,5
03/06/2014 02:00:00 PM,6,4,2
03/06/2014 03:00:00 PM,22,16,6
03/06/2014 04:00:00 PM,22,12,10
03/06/2014 05:00:00 PM,36,26,10
03/06/2014 06:00:00 PM,13,7,6
03/06/2014 07:00:00 PM,25,13,12
03/06/2014 08:00:00 PM,28,7,21
03/06/2014 09:00:00 PM,2,0,2
03/06/2014 10:00:00 PM,4,0,4
03/06/2014 11:00:00 PM,6,4,2
03/07/2014 12:00:00 AM,4,2,2
03/07/2014 01:00:00 AM,4,2,2
03/07/2014 02:00:00 AM,3,0,3
03/07/2014 03:00:00 AM,0,0,0
03/07/2014 04:00:00 AM,2,0,2
03/07/2014 05:00:00 AM,5,0,5
03/07/2014 06:00:00 AM,5,1,4
03/07/2014 07:00:00 AM,3,2,1
03/07/2014 08:00:00 AM,30,17,13
03/07/2014 09:00:00 AM,13,5,8
03/07/2014 10:00:00 AM,13,7,6
03/07/2014 11:00:00 AM,25,18,7
03/07/2014 12:00:00 PM,10,4,6
03/07/2014 01:00:00 PM,16,8,8
03/07/2014 02:00:00 PM,23,11,12
03/07/2014 03:00:00 PM,20,11,9
03/07/2014 04:00:00 PM,15,10,5
03/07/2014 05:00:00 PM,31,12,19
03/07/2014 06:00:00 PM,25,12,13
03/07/2014 07:00:00 PM,14,10,4
03/07/2014 08:00:00 PM,8,4,4
03/07/2014 09:00:00 PM,7,4,3
03/07/2014 10:00:00 PM,6,0,6
03/07/2014 11:00:00 PM,15,6,9
03/08/2014 12:00:00 AM,1,0,1
03/08/2014 01:00:00 AM,13,6,7
03/08/2014 02:00:00 AM,0,0,0
03/08/2014 03:00:00 AM,0,0,0
03/08/2014 04:00:00 AM,0,0,0
03/08/2014 05:00:00 AM,0,0,0
03/08/2014 06:00:00 AM,6,0,6
03/08/2014 07:00:00 AM,5,5,0
03/08/2014 08:00:00 AM,0,0,0
03/08/2014 09:00:00 AM,2,2,0
03/08/2014 10:00:00 AM,15,4,11
03/08/2014 11:00:00 AM,11,6,5
03/08/2014 12:00:00 PM,7,2,5
03/08/2014 01:00:00 PM,6,2,4
03/08/2014 02:00:00 PM,16,6,10
03/08/2014 03:00:00 PM,8,1,7
03/08/2014 04:00:00 PM,10,4,6
03/08/2014 05:00:00 PM,8,2,6
03/08/2014 06:00:00 PM,3,3,0
03/08/2014 07:00:00 PM,6,4,2
03/08/2014 08:00:00 PM,6,4,2
03/08/2014 09:00:00 PM,2,2,0
03/08/2014 10:00:00 PM,1,0,1
03/08/2014 11:00:00 PM,8,4,4
03/09/2014 12:00:00 AM,3,3,0
03/09/2014 01:00:00 AM,2,0,2
03/09/2014 02:00:00 AM,0,0,0
03/09/2014 03:00:00 AM,3,0,3
03/09/2014 04:00:00 AM,0,0,0
03/09/2014 05:00:00 AM,0,0,0
03/09/2014 06:00:00 AM,0,0,0
03/09/2014 07:00:00 AM,2,0,2
03/09/2014 08:00:00 AM,3,1,2
03/09/2014 09:00:00 AM,3,3,0
03/09/2014 10:00:00 AM,3,2,1
03/09/2014 11:00:00 AM,0,0,0
03/09/2014 12:00:00 PM,8,3,5
03/09/2014 01:00:00 PM,21,4,17
03/09/2014 02:00:00 PM,18,14,4
03/09/2014 03:00:00 PM,10,6,4
03/09/2014 04:00:00 PM,20,7,13
03/09/2014 05:00:00 PM,18,11,7
03/09/2014 06:00:00 PM,17,10,7
03/09/2014 07:00:00 PM,13,8,5
03/09/2014 08:00:00 PM,10,2,8
03/09/2014 09:00:00 PM,5,1,4
03/09/2014 10:00:00 PM,6,2,4
03/09/2014 11:00:00 PM,3,2,1
03/10/2014 12:00:00 AM,5,2,3
03/10/2014 01:00:00 AM,2,0,2
03/10/2014 02:00:00 AM,0,0,0
03/10/2014 03:00:00 AM,0,0,0
03/10/2014 04:00:00 AM,0,0,0
03/10/2014 05:00:00 AM,0,0,0
03/10/2014 06:00:00 AM,3,0,3
03/10/2014 07:00:00 AM,11,3,8
03/10/2014 08:00:00 AM,32,24,8
03/10/2014 09:00:00 AM,23,9,14
03/10/2014 10:00:00 AM,14,8,6
03/10/2014 11:00:00 AM,8,4,4
03/10/2014 12:00:00 PM,9,1,8
03/10/2014 01:00:00 PM,11,5,6
03/10/2014 02:00:00 PM,20,7,13
03/10/2014 03:00:00 PM,21,11,10
03/10/2014 04:00:00 PM,19,12,7
03/10/2014 05:00:00 PM,32,18,14
03/10/2014 06:00:00 PM,27,8,19
03/10/2014 07:00:00 PM,20,13,7
03/10/2014 08:00:00 PM,18,11,7
03/10/2014 09:00:00 PM,15,4,11
03/10/2014 10:00:00 PM,2,0,2
03/10/2014 11:00:00 PM,7,4,3
03/11/2014 12:00:00 AM,8,4,4
03/11/2014 01:00:00 AM,0,0,0
03/11/2014 02:00:00 AM,5,5,0
03/11/2014 03:00:00 AM,2,0,2
03/11/2014 04:00:00 AM,0,0,0
03/11/2014 05:00:00 AM,4,0,4
03/11/2014 06:00:00 AM,7,3,4
03/11/2014 07:00:00 AM,18,12,6
03/11/2014 08:00:00 AM,31,20,11
03/11/2014 09:00:00 AM,14,6,8
03/11/2014 10:00:00 AM,10,5,5
03/11/2014 11:00:00 AM,23,13,10
03/11/2014 12:00:00 PM,6,4,2
03/11/2014 01:00:00 PM,18,14,4
03/11/2014 02:00:00 PM,13,6,7
03/11/2014 03:00:00 PM,28,16,12
03/11/2014 04:00:00 PM,25,14,11
03/11/2014 05:00:00 PM,41,27,14
03/11/2014 06:00:00 PM,28,17,11
03/11/2014 07:00:00 PM,20,16,4
03/11/2014 08:00:00 PM,18,6,12
03/11/2014 09:00:00 PM,10,4,6
03/11/2014 10:00:00 PM,9,5,4
03/11/2014 11:00:00 PM,10,8,2
03/12/2014 12:00:00 AM,0,0,0
03/12/2014 01:00:00 AM,0,0,0
03/12/2014 02:00:00 AM,3,0,3
03/12/2014 03:00:00 AM,0,0,0
03/12/2014 04:00:00 AM,0,0,0
03/12/2014 05:00:00 AM,8,2,6
03/12/2014 06:00:00 AM,13,9,4
03/12/2014 07:00:00 AM,12,0,12
03/12/2014 08:00:00 AM,11,7,4
03/12/2014 09:00:00 AM,15,9,6
03/12/2014 10:00:00 AM,13,9,4
03/12/2014 11:00:00 AM,25,12,13
03/12/2014 12:00:00 PM,11,8,3
03/12/2014 01:00:00 PM,16,2,14
03/12/2014 02:00:00 PM,11,5,6
03/12/2014 03:00:00 PM,27,17,10
03/12/2014 04:00:00 PM,24,17,7
03/12/2014 05:00:00 PM,54,35,19
03/12/2014 06:00:00 PM,37,16,21
03/12/2014 07:00:00 PM,22,6,16
03/12/2014 08:00:00 PM,16,7,9
03/12/2014 09:00:00 PM,9,7,2
03/12/2014 10:00:00 PM,5,2,3
03/12/2014 11:00:00 PM,11,3,8
03/13/2014 12:00:00 AM,6,6,0
03/13/2014 01:00:00 AM,6,4,2
03/13/2014 02:00:00 AM,2,0,2
03/13/2014 03:00:00 AM,2,0,2
03/13/2014 04:00:00 AM,0,0,0
03/13/2014 05:00:00 AM,8,2,6
03/13/2014 06:00:00 AM,6,2,4
03/13/2014 07:00:00 AM,17,10,7
03/13/2014 08:00:00 AM,22,10,12
03/13/2014 09:00:00 AM,8,3,5
03/13/2014 10:00:00 AM,10,4,6
03/13/2014 11:00:00 AM,12,3,9
03/13/2014 12:00:00 PM,20,12,8
03/13/2014 01:00:00 PM,26,9,17
03/13/2014 02:00:00 PM,19,13,6
03/13/2014 03:00:00 PM,22,10,12
03/13/2014 04:00:00 PM,25,19,6
03/13/2014 05:00:00 PM,40,24,16
03/13/2014 06:00:00 PM,22,9,13
03/13/2014 07:00:00 PM,29,13,16
03/13/2014 08:00:00 PM,19,4,15
03/13/2014 09:00:00 PM,14,8,6
03/13/2014 10:00:00 PM,8,1,7
03/13/2014 11:00:00 PM,2,0,2
03/14/2014 12:00:00 AM,1,0,1
03/14/2014 01:00:00 AM,0,0,0
03/14/2014 02:00:00 AM,0,0,0
03/14/2014 03:00:00 AM,2,2,0
03/14/2014 04:00:00 AM,2,2,0
03/14/2014 05:00:00 AM,4,0,4
03/14/2014 06:00:00 AM,2,0,2
03/14/2014 07:00:00 AM,13,3,10
03/14/2014 08:00:00 AM,18,9,9
03/14/2014 09:00:00 AM,8,5,3
03/14/2014 10:00:00 AM,5,2,3
03/14/2014 11:00:00 AM,10,4,6
03/14/2014 12:00:00 PM,6,3,3
03/14/2014 01:00:00 PM,20,11,9
03/14/2014 02:00:00 PM,17,11,6
03/14/2014 03:00:00 PM,29,17,12
03/14/2014 04:00:00 PM,26,11,15
03/14/2014 05:00:00 PM,33,21,12
03/14/2014 06:00:00 PM,34,20,14
03/14/2014 07:00:00 PM,12,2,10
03/14/2014 08:00:00 PM,8,3,5
03/14/2014 09:00:00 PM,6,2,4
03/14/2014 10:00:00 PM,15,11,4
03/14/2014 11:00:00 PM,5,1,4
03/15/2014 12:00:00 AM,10,6,4
03/15/2014 01:00:00 AM,4,2,2
03/15/2014 02:00:00 AM,3,2,1
03/15/2014 03:00:00 AM,0,0,0
03/15/2014 04:00:00 AM,2,2,0
03/15/2014 05:00:00 AM,6,2,4
03/15/2014 06:00:00 AM,7,3,4
03/15/2014 07:00:00 AM,4,1,3
03/15/2014 08:00:00 AM,2,2,0
03/15/2014 09:00:00 AM,10,6,4
03/15/2014 10:00:00 AM,5,1,4
03/15/2014 11:00:00 AM,17,3,14
03/15/2014 12:00:00 PM,7,3,4
03/15/2014 01:00:00 PM,10,5,5
03/15/2014 02:00:00 PM,13,9,4
03/15/2014 03:00:00 PM,16,11,5
03/15/2014 04:00:00 PM,28,15,13
03/15/2014 05:00:00 PM,15,13,2
03/15/2014 06:00:00 PM,43,30,13
03/15/2014 07:00:00 PM,25,10,15
03/15/2014 08:00:00 PM,7,3,4
03/15/2014 09:00:00 PM,8,6,2
03/15/2014 10:00:00 PM,10,7,3
03/15/2014 11:00:00 PM,11,6,5
03/16/2014 12:00:00 AM,10,5,5
03/16/2014 01:00:00 AM,2,0,2
03/16/2014 02:00:00 AM,3,0,3
03/16/2014 03:00:00 AM,2,0,2
03/16/2014 04:00:00 AM,0,0,0
03/16/2014 05:00:00 AM,4,4,0
03/16/2014 06:00:00 AM,4,0,4
03/16/2014 07:00:00 AM,4,2,2
03/16/2014 08:00:00 AM,1,1,0
03/16/2014 09:00:00 AM,4,4,0
03/16/2014 10:00:00 AM,8,2,6
03/16/2014 11:00:00 AM,3,2,1
03/16/2014 12:00:00 PM,3,3,0
03/16/2014 01:00:00 PM,2,2,0
03/16/2014 02:00:00 PM,5,2,3
03/16/2014 03:00:00 PM,5,3,2
03/16/2014 04:00:00 PM,7,3,4
03/16/2014 05:00:00 PM,6,2,4
03/16/2014 06:00:00 PM,10,6,4
03/16/2014 07:00:00 PM,8,6,2
03/16/2014 08:00:00 PM,4,2,2
03/16/2014 09:00:00 PM,12,5,7
03/16/2014 10:00:00 PM,0,0,0
03/16/2014 11:00:00 PM,0,0,0
03/17/2014 12:00:00 AM,6,3,3
03/17/2014 01:00:00 AM,0,0,0
03/17/2014 02:00:00 AM,0,0,0
03/17/2014 03:00:00 AM,0,0,0
03/17/2014 04:00:00 AM,0,0,0
03/17/2014 05:00:00 AM,10,2,8
03/17/2014 06:00:00 AM,9,4,5
03/17/2014 07:00:00 AM,12,4,8
03/17/2014 08:00:00 AM,17,12,5
03/17/2014 09:00:00 AM,18,8,10
03/17/2014 10:00:00 AM,10,4,6
03/17/2014 11:00:00 AM,4,1,3
03/17/2014 12:00:00 PM,11,9,2
03/17/2014 01:00:00 PM,5,1,4
03/17/2014 02:00:00 PM,7,1,6
03/17/2014 03:00:00 PM,14,3,11
03/17/2014 04:00:00 PM,23,8,15
03/17/2014 05:00:00 PM,51,34,17
03/17/2014 06:00:00 PM,28,11,17
03/17/2014 07:00:00 PM,25,17,8
03/17/2014 08:00:00 PM,15,6,9
03/17/2014 09:00:00 PM,13,7,6
03/17/2014 10:00:00 PM,11,5,6
03/17/2014 11:00:00 PM,10,4,6
03/18/2014 12:00:00 AM,4,2,2
03/18/2014 01:00:00 AM,0,0,0
03/18/2014 02:00:00 AM,0,0,0
03/18/2014 03:00:00 AM,0,0,0
03/18/2014 04:00:00 AM,0,0,0
03/18/2014 05:00:00 AM,8,2,6
03/18/2014 06:00:00 AM,11,3,8
03/18/2014 07:00:00 AM,13,5,8
03/18/2014 08:00:00 AM,12,7,5
03/18/2014 09:00:00 AM,16,6,10
03/18/2014 10:00:00 AM,10,1,9
03/18/2014 11:00:00 AM,16,4,12
03/18/2014 12:00:00 PM,13,6,7
03/18/2014 01:00:00 PM,9,9,0
03/18/2014 02:00:00 PM,16,8,8
03/18/2014 03:00:00 PM,16,3,13
03/18/2014 04:00:00 PM,15,7,8
03/18/2014 05:00:00 PM,29,20,9
03/18/2014 06:00:00 PM,20,10,10
03/18/2014 07:00:00 PM,10,6,4
03/18/2014 08:00:00 PM,14,9,5
03/18/2014 09:00:00 PM,10,6,4
03/18/2014 10:00:00 PM,12,6,6
03/18/2014 11:00:00 PM,2,0,2
03/19/2014 12:00:00 AM,0,0,0
03/19/2014 01:00:00 AM,0,0,0
03/19/2014 02:00:00 AM,0,0,0
03/19/2014 03:00:00 AM,0,0,0
03/19/2014 04:00:00 AM,0,0,0
03/19/2014 05:00:00 AM,8,4,4
03/19/2014 06:00:00 AM,9,1,8
03/19/2014 07:00:00 AM,9,4,5
03/19/2014 08:00:00 AM,16,10,6
03/19/2014 09:00:00 AM,13,5,8
03/19/2014 10:00:00 AM,11,5,6
03/19/2014 11:00:00 AM,16,12,4
03/19/2014 12:00:00 PM,20,11,9
03/19/2014 01:00:00 PM,15,4,11
03/19/2014 02:00:00 PM,15,8,7
03/19/2014 03:00:00 PM,16,13,3
03/19/2014 04:00:00 PM,21,12,9
03/19/2014 05:00:00 PM,38,25,13
03/19/2014 06:00:00 PM,15,9,6
03/19/2014 07:00:00 PM,17,10,7
03/19/2014 08:00:00 PM,17,5,12
03/19/2014 09:00:00 PM,14,3,11
03/19/2014 10:00:00 PM,6,4,2
03/19/2014 11:00:00 PM,3,1,2
03/20/2014 12:00:00 AM,1,0,1
03/20/2014 01:00:00 AM,2,2,0
03/20/2014 02:00:00 AM,2,2,0
03/20/2014 03:00:00 AM,0,0,0
03/20/2014 04:00:00 AM,0,0,0
03/20/2014 05:00:00 AM,4,2,2
03/20/2014 06:00:00 AM,7,3,4
03/20/2014 07:00:00 AM,5,2,3
03/20/2014 08:00:00 AM,11,6,5
03/20/2014 09:00:00 AM,12,6,6
03/20/2014 10:00:00 AM,9,4,5
03/20/2014 11:00:00 AM,12,6,6
03/20/2014 12:00:00 PM,16,2,14
03/20/2014 01:00:00 PM,30,21,9
03/20/2014 02:00:00 PM,9,7,2
03/20/2014 03:00:00 PM,18,7,11
03/20/2014 04:00:00 PM,23,11,12
03/20/2014 05:00:00 PM,37,27,10
03/20/2014 06:00:00 PM,31,18,13
03/20/2014 07:00:00 PM,36,18,18
03/20/2014 08:00:00 PM,15,11,4
03/20/2014 09:00:00 PM,19,11,8
03/20/2014 10:00:00 PM,13,9,4
03/20/2014 11:00:00 PM,10,5,5
03/21/2014 12:00:00 AM,2,2,0
03/21/2014 01:00:00 AM,2,0,2
03/21/2014 02:00:00 AM,0,0,0
03/21/2014 03:00:00 AM,2,2,0
03/21/2014 04:00:00 AM,0,0,0
03/21/2014 05:00:00 AM,7,2,5
03/21/2014 06:00:00 AM,13,7,6
03/21/2014 07:00:00 AM,20,8,12
03/21/2014 08:00:00 AM,13,10,3
03/21/2014 09:00:00 AM,18,7,11
03/21/2014 10:00:00 AM,16,8,8
03/21/2014 11:00:00 AM,31,15,16
03/21/2014 12:00:00 PM,18,12,6
03/21/2014 01:00:00 PM,18,12,6
03/21/2014 02:00:00 PM,21,8,13
03/21/2014 03:00:00 PM,26,14,12
03/21/2014 04:00:00 PM,32,11,21
03/21/2014 05:00:00 PM,32,26,6
03/21/2014 06:00:00 PM,26,11,15
03/21/2014 07:00:00 PM,5,3,2
03/21/2014 08:00:00 PM,12,6,6
03/21/2014 09:00:00 PM,8,2,6
03/21/2014 10:00:00 PM,3,2,1
03/21/2014 11:00:00 PM,13,9,4
03/22/2014 12:00:00 AM,15,5,10
03/22/2014 01:00:00 AM,1,1,0
03/22/2014 02:00:00 AM,2,1,1
03/22/2014 03:00:00 AM,0,0,0
03/22/2014 04:00:00 AM,0,0,0
03/22/2014 05:00:00 AM,5,5,0
03/22/2014 06:00:00 AM,0,0,0
03/22/2014 07:00:00 AM,3,1,2
03/22/2014 08:00:00 AM,9,1,8
03/22/2014 09:00:00 AM,15,7,8
03/22/2014 10:00:00 AM,8,3,5
03/22/2014 11:00:00 AM,17,11,6
03/22/2014 12:00:00 PM,15,5,10
03/22/2014 01:00:00 PM,1,0,1
03/22/2014 02:00:00 PM,15,9,6
03/22/2014 03:00:00 PM,2,2,0
03/22/2014 04:00:00 PM,14,5,9
03/22/2014 05:00:00 PM,17,11,6
03/22/2014 06:00:00 PM,7,2,5
03/22/2014 07:00:00 PM,10,2,8
03/22/2014 08:00:00 PM,13,6,7
03/22/2014 09:00:00 PM,10,5,5
03/22/2014 10:00:00 PM,6,3,3
03/22/2014 11:00:00 PM,2,2,0
03/23/2014 12:00:00 AM,4,3,1
03/23/2014 01:00:00 AM,10,6,4
03/23/2014 02:00:00 AM,16,7,9
03/23/2014 03:00:00 AM,2,0,2
03/23/2014 04:00:00 AM,0,0,0
03/23/2014 05:00:00 AM,2,2,0
03/23/2014 06:00:00 AM,2,0,2
03/23/2014 07:00:00 AM,0,0,0
03/23/2014 08:00:00 AM,2,2,0
03/23/2014 09:00:00 AM,11,2,9
03/23/2014 10:00:00 AM,4,4,0
03/23/2014 11:00:00 AM,9,5,4
03/23/2014 12:00:00 PM,9,7,2
03/23/2014 01:00:00 PM,8,6,2
03/23/2014 02:00:00 PM,18,12,6
03/23/2014 03:00:00 PM,35,18,17
03/23/2014 04:00:00 PM,24,4,20
03/23/2014 05:00:00 PM,16,6,10
03/23/2014 06:00:00 PM,9,5,4
03/23/2014 07:00:00 PM,18,10,8
03/23/2014 08:00:00 PM,8,5,3
03/23/2014 09:00:00 PM,7,2,5
03/23/2014 10:00:00 PM,6,5,1
03/23/2014 11:00:00 PM,3,0,3
03/24/2014 12:00:00 AM,3,3,0
03/24/2014 01:00:00 AM,0,0,0
03/24/2014 02:00:00 AM,2,2,0
03/24/2014 03:00:00 AM,2,2,0
03/24/2014 04:00:00 AM,2,2,0
03/24/2014 05:00:00 AM,4,0,4
03/24/2014 06:00:00 AM,15,7,8
03/24/2014 07:00:00 AM,10,6,4
03/24/2014 08:00:00 AM,29,12,17
03/24/2014 09:00:00 AM,12,7,5
03/24/2014 10:00:00 AM,13,8,5
03/24/2014 11:00:00 AM,10,6,4
03/24/2014 12:00:00 PM,13,9,4
03/24/2014 01:00:00 PM,17,9,8
03/24/2014 02:00:00 PM,13,9,4
03/24/2014 03:00:00 PM,29,10,19
03/24/2014 04:00:00 PM,23,12,11
03/24/2014 05:00:00 PM,34,15,19
03/24/2014 06:00:00 PM,41,27,14
03/24/2014 07:00:00 PM,26,11,15
03/24/2014 08:00:00 PM,14,9,5
03/24/2014 09:00:00 PM,11,2,9
03/24/2014 10:00:00 PM,7,3,4
03/24/2014 11:00:00 PM,6,4,2
03/25/2014 12:00:00 AM,6,6,0
03/25/2014 01:00:00 AM,0,0,0
03/25/2014 02:00:00 AM,2,0,2
03/25/2014 03:00:00 AM,4,2,2
03/25/2014 04:00:00 AM,0,0,0
03/25/2014 05:00:00 AM,9,1,8
03/25/2014 06:00:00 AM,7,1,6
03/25/2014 07:00:00 AM,14,7,7
03/25/2014 08:00:00 AM,14,3,11
03/25/2014 09:00:00 AM,13,6,7
03/25/2014 10:00:00 AM,5,4,1
03/25/2014 11:00:00 AM,10,6,4
03/25/2014 12:00:00 PM,14,6,8
03/25/2014 01:00:00 PM,18,4,14
03/25/2014 02:00:00 PM,8,6,2
03/25/2014 03:00:00 PM,15,8,7
03/25/2014 04:00:00 PM,12,8,4
03/25/2014 05:00:00 PM,34,24,10
03/25/2014 06:00:00 PM,19,8,11
03/25/2014 07:00:00 PM,13,9,4
03/25/2014 08:00:00 PM,8,3,5
03/25/2014 09:00:00 PM,8,4,4
03/25/2014 10:00:00 PM,3,0,3
03/25/2014 11:00:00 PM,6,1,5
03/26/2014 12:00:00 AM,2,2,0
03/26/2014 01:00:00 AM,0,0,0
03/26/2014 02:00:00 AM,0,0,0
03/26/2014 03:00:00 AM,0,0,0
03/26/2014 04:00:00 AM,0,0,0
03/26/2014 05:00:00 AM,5,3,2
03/26/2014 06:00:00 AM,9,4,5
03/26/2014 07:00:00 AM,8,4,4
03/26/2014 08:00:00 AM,13,9,4
03/26/2014 09:00:00 AM,12,3,9
03/26/2014 10:00:00 AM,7,3,4
03/26/2014 11:00:00 AM,8,5,3
03/26/2014 12:00:00 PM,21,14,7
03/26/2014 01:00:00 PM,7,4,3
03/26/2014 02:00:00 PM,12,10,2
03/26/2014 03:00:00 PM,13,4,9
03/26/2014 04:00:00 PM,13,9,4
03/26/2014 05:00:00 PM,25,11,14
03/26/2014 06:00:00 PM,19,13,6
03/26/2014 07:00:00 PM,17,8,9
03/26/2014 08:00:00 PM,12,4,8
03/26/2014 09:00:00 PM,9,5,4
03/26/2014 10:00:00 PM,10,8,2
03/26/2014 11:00:00 PM,8,8,0
03/27/2014 12:00:00 AM,2,2,0
03/27/2014 01:00:00 AM,0,0,0
03/27/2014 02:00:00 AM,0,0,0
03/27/2014 03:00:00 AM,0,0,0
03/27/2014 04:00:00 AM,0,0,0
03/27/2014 05:00:00 AM,7,1,6
03/27/2014 06:00:00 AM,2,2,0
03/27/2014 07:00:00 AM,8,6,2
03/27/2014 08:00:00 AM,13,5,8
03/27/2014 09:00:00 AM,9,3,6
03/27/2014 10:00:00 AM,14,11,3
03/27/2014 11:00:00 AM,5,5,0
03/27/2014 12:00:00 PM,9,7,2
03/27/2014 01:00:00 PM,17,3,14
03/27/2014 02:00:00 PM,6,4,2
03/27/2014 03:00:00 PM,12,4,8
03/27/2014 04:00:00 PM,15,8,7
03/27/2014 05:00:00 PM,39,24,15
03/27/2014 06:00:00 PM,26,9,17
03/27/2014 07:00:00 PM,14,13,1
03/27/2014 08:00:00 PM,13,9,4
03/27/2014 09:00:00 PM,6,4,2
03/27/2014 10:00:00 PM,5,3,2
03/27/2014 11:00:00 PM,3,1,2
03/28/2014 12:00:00 AM,1,0,1
03/28/2014 01:00:00 AM,2,0,2
03/28/2014 02:00:00 AM,0,0,0
03/28/2014 03:00:00 AM,0,0,0
03/28/2014 04:00:00 AM,1,0,1
03/28/2014 05:00:00 AM,4,2,2
03/28/2014 06:00:00 AM,5,3,2
03/28/2014 07:00:00 AM,7,3,4
03/28/2014 08:00:00 AM,12,7,5
03/28/2014 09:00:00 AM,8,5,3
03/28/2014 10:00:00 AM,6,2,4
03/28/2014 11:00:00 AM,5,1,4
03/28/2014 12:00:00 PM,9,9,0
03/28/2014 01:00:00 PM,6,4,2
03/28/2014 02:00:00 PM,5,1,4
03/28/2014 03:00:00 PM,8,6,2
03/28/2014 04:00:00 PM,11,9,2
03/28/2014 05:00:00 PM,19,14,5
03/28/2014 06:00:00 PM,14,10,4
03/28/2014 07:00:00 PM,15,8,7
03/28/2014 08:00:00 PM,8,2,6
03/28/2014 09:00:00 PM,10,7,3
03/28/2014 10:00:00 PM,10,6,4
03/28/2014 11:00:00 PM,19,9,10
03/29/2014 12:00:00 AM,3,2,1
03/29/2014 01:00:00 AM,2,0,2
03/29/2014 02:00:00 AM,2,0,2
03/29/2014 03:00:00 AM,4,2,2
03/29/2014 04:00:00 AM,0,0,0
03/29/2014 05:00:00 AM,2,2,0
03/29/2014 06:00:00 AM,2,0,2
03/29/2014 07:00:00 AM,0,0,0
03/29/2014 08:00:00 AM,0,0,0
03/29/2014 09:00:00 AM,4,2,2
03/29/2014 10:00:00 AM,4,3,1
03/29/2014 11:00:00 AM,4,4,0
03/29/2014 12:00:00 PM,10,4,6
03/29/2014 01:00:00 PM,1,0,1
03/29/2014 02:00:00 PM,8,4,4
03/29/2014 03:00:00 PM,13,5,8
03/29/2014 04:00:00 PM,1,1,0
03/29/2014 05:00:00 PM,3,3,0
03/29/2014 06:00:00 PM,6,4,2
03/29/2014 07:00:00 PM,14,4,10
03/29/2014 08:00:00 PM,0,0,0
03/29/2014 09:00:00 PM,4,2,2
03/29/2014 10:00:00 PM,4,4,0
03/29/2014 11:00:00 PM,2,2,0
03/30/2014 12:00:00 AM,3,2,1
03/30/2014 01:00:00 AM,3,0,3
03/30/2014 02:00:00 AM,2,0,2
03/30/2014 03:00:00 AM,2,0,2
03/30/2014 04:00:00 AM,0,0,0
03/30/2014 05:00:00 AM,2,2,0
03/30/2014 06:00:00 AM,0,0,0
03/30/2014 07:00:00 AM,1,1,0
03/30/2014 08:00:00 AM,4,0,4
03/30/2014 09:00:00 AM,2,0,2
03/30/2014 10:00:00 AM,3,2,1
03/30/2014 11:00:00 AM,11,3,8
03/30/2014 12:00:00 PM,9,9,0
03/30/2014 01:00:00 PM,7,7,0
03/30/2014 02:00:00 PM,21,4,17
03/30/2014 03:00:00 PM,8,0,8
03/30/2014 04:00:00 PM,14,10,4
03/30/2014 05:00:00 PM,28,20,8
03/30/2014 06:00:00 PM,11,5,6
03/30/2014 07:00:00 PM,18,13,5
03/30/2014 08:00:00 PM,7,4,3
03/30/2014 09:00:00 PM,8,3,5
03/30/2014 10:00:00 PM,9,9,0
03/30/2014 11:00:00 PM,3,0,3
03/31/2014 12:00:00 AM,6,3,3
03/31/2014 01:00:00 AM,1,1,0
03/31/2014 02:00:00 AM,0,0,0
03/31/2014 03:00:00 AM,0,0,0
03/31/2014 04:00:00 AM,0,0,0
03/31/2014 05:00:00 AM,5,0,5
03/31/2014 06:00:00 AM,3,3,0
03/31/2014 07:00:00 AM,11,3,8
03/31/2014 08:00:00 AM,16,8,8
03/31/2014 09:00:00 AM,20,10,10
03/31/2014 10:00:00 AM,11,4,7
03/31/2014 11:00:00 AM,5,5,0
03/31/2014 12:00:00 PM,9,4,5
03/31/2014 01:00:00 PM,17,11,6
03/31/2014 02:00:00 PM,21,12,9
03/31/2014 03:00:00 PM,18,9,9
03/31/2014 04:00:00 PM,30,16,14
03/31/2014 05:00:00 PM,40,23,17
03/31/2014 06:00:00 PM,53,21,32
03/31/2014 07:00:00 PM,25,11,14
03/31/2014 08:00:00 PM,21,9,12
03/31/2014 09:00:00 PM,14,12,2
03/31/2014 10:00:00 PM,9,6,3
03/31/2014 11:00:00 PM,6,0,6
04/01/2014 12:00:00 AM,0,0,0
04/01/2014 01:00:00 AM,2,2,0
04/01/2014 02:00:00 AM,0,0,0
04/01/2014 03:00:00 AM,2,0,2
04/01/2014 04:00:00 AM,0,0,0
04/01/2014 05:00:00 AM,4,0,4
04/01/2014 06:00:00 AM,1,1,0
04/01/2014 07:00:00 AM,11,8,3
04/01/2014 08:00:00 AM,17,16,1
04/01/2014 09:00:00 AM,21,9,12
04/01/2014 10:00:00 AM,6,1,5
04/01/2014 11:00:00 AM,5,0,5
04/01/2014 12:00:00 PM,16,10,6
04/01/2014 01:00:00 PM,10,7,3
04/01/2014 02:00:00 PM,9,3,6
04/01/2014 03:00:00 PM,13,9,4
04/01/2014 04:00:00 PM,29,18,11
04/01/2014 05:00:00 PM,35,15,20
04/01/2014 06:00:00 PM,32,17,15
04/01/2014 07:00:00 PM,23,13,10
04/01/2014 08:00:00 PM,20,9,11
04/01/2014 09:00:00 PM,3,2,1
04/01/2014 10:00:00 PM,8,0,8
04/01/2014 11:00:00 PM,4,0,4
04/02/2014 12:00:00 AM,3,1,2
04/02/2014 01:00:00 AM,0,0,0
04/02/2014 02:00:00 AM,0,0,0
04/02/2014 03:00:00 AM,0,0,0
04/02/2014 04:00:00 AM,0,0,0
04/02/2014 05:00:00 AM,4,2,2
04/02/2014 06:00:00 AM,11,6,5
04/02/2014 07:00:00 AM,11,4,7
04/02/2014 08:00:00 AM,14,10,4
04/02/2014 09:00:00 AM,16,5,11
04/02/2014 10:00:00 AM,16,7,9
04/02/2014 11:00:00 AM,8,6,2
04/02/2014 12:00:00 PM,16,7,9
04/02/2014 01:00:00 PM,19,12,7
04/02/2014 02:00:00 PM,17,15,2
04/02/2014 03:00:00 PM,22,7,15
04/02/2014 04:00:00 PM,25,14,11
04/02/2014 05:00:00 PM,50,34,16
04/02/2014 06:00:00 PM,32,15,17
04/02/2014 07:00:00 PM,22,18,4
04/02/2014 08:00:00 PM,13,5,8
04/02/2014 09:00:00 PM,15,7,8
04/02/2014 10:00:00 PM,6,2,4
04/02/2014 11:00:00 PM,2,0,2
04/03/2014 12:00:00 AM,2,2,0
04/03/2014 01:00:00 AM,0,0,0
04/03/2014 02:00:00 AM,0,0,0
04/03/2014 03:00:00 AM,0,0,0
04/03/2014 04:00:00 AM,0,0,0
04/03/2014 05:00:00 AM,4,2,2
04/03/2014 06:00:00 AM,7,2,5
04/03/2014 07:00:00 AM,7,3,4
04/03/2014 08:00:00 AM,9,9,0
04/03/2014 09:00:00 AM,16,3,13
04/03/2014 10:00:00 AM,13,5,8
04/03/2014 11:00:00 AM,10,4,6
04/03/2014 12:00:00 PM,16,7,9
04/03/2014 01:00:00 PM,18,6,12
04/03/2014 02:00:00 PM,10,2,8
04/03/2014 03:00:00 PM,19,11,8
04/03/2014 04:00:00 PM,16,7,9
04/03/2014 05:00:00 PM,27,15,12
04/03/2014 06:00:00 PM,22,10,12
04/03/2014 07:00:00 PM,19,12,7
04/03/2014 08:00:00 PM,8,4,4
04/03/2014 09:00:00 PM,6,2,4
04/03/2014 10:00:00 PM,0,0,0
04/03/2014 11:00:00 PM,7,5,2
04/04/2014 12:00:00 AM,7,2,5
04/04/2014 01:00:00 AM,0,0,0
04/04/2014 02:00:00 AM,1,0,1
04/04/2014 03:00:00 AM,2,0,2
04/04/2014 04:00:00 AM,0,0,0
04/04/2014 05:00:00 AM,3,1,2
04/04/2014 06:00:00 AM,3,3,0
04/04/2014 07:00:00 AM,16,9,7
04/04/2014 08:00:00 AM,17,11,6
04/04/2014 09:00:00 AM,2,0,2
04/04/2014 10:00:00 AM,12,4,8
04/04/2014 11:00:00 AM,11,6,5
04/04/2014 12:00:00 PM,20,13,7
04/04/2014 01:00:00 PM,18,12,6
04/04/2014 02:00:00 PM,9,6,3
04/04/2014 03:00:00 PM,21,12,9
04/04/2014 04:00:00 PM,31,15,16
04/04/2014 05:00:00 PM,39,16,23
04/04/2014 06:00:00 PM,18,10,8
04/04/2014 07:00:00 PM,19,15,4
04/04/2014 08:00:00 PM,6,2,4
04/04/2014 09:00:00 PM,17,5,12
04/04/2014 10:00:00 PM,3,3,0
04/04/2014 11:00:00 PM,0,0,0
04/05/2014 12:00:00 AM,12,5,7
04/05/2014 01:00:00 AM,0,0,0
04/05/2014 02:00:00 AM,11,7,4
04/05/2014 03:00:00 AM,0,0,0
04/05/2014 04:00:00 AM,6,4,2
04/05/2014 05:00:00 AM,6,2,4
04/05/2014 06:00:00 AM,0,0,0
04/05/2014 07:00:00 AM,6,2,4
04/05/2014 08:00:00 AM,5,3,2
04/05/2014 09:00:00 AM,1,1,0
04/05/2014 10:00:00 AM,11,1,10
04/05/2014 11:00:00 AM,14,10,4
04/05/2014 12:00:00 PM,11,3,8
04/05/2014 01:00:00 PM,14,5,9
04/05/2014 02:00:00 PM,19,9,10
04/05/2014 03:00:00 PM,27,1,26
04/05/2014 04:00:00 PM,23,7,16
04/05/2014 05:00:00 PM,16,9,7
04/05/2014 06:00:00 PM,8,2,6
04/05/2014 07:00:00 PM,9,6,3
04/05/2014 08:00:00 PM,5,2,3
04/05/2014 09:00:00 PM,18,9,9
04/05/2014 10:00:00 PM,6,2,4
04/05/2014 11:00:00 PM,3,1,2
04/06/2014 12:00:00 AM,1,0,1
04/06/2014 01:00:00 AM,4,0,4
04/06/2014 02:00:00 AM,4,3,1
04/06/2014 03:00:00 AM,3,0,3
04/06/2014 04:00:00 AM,2,2,0
04/06/2014 05:00:00 AM,0,0,0
04/06/2014 06:00:00 AM,4,0,4
04/06/2014 07:00:00 AM,1,0,1
04/06/2014 08:00:00 AM,2,2,0
04/06/2014 09:00:00 AM,8,6,2
04/06/2014 10:00:00 AM,5,2,3
04/06/2014 11:00:00 AM,0,0,0
04/06/2014 12:00:00 PM,26,16,10
04/06/2014 01:00:00 PM,9,4,5
04/06/2014 02:00:00 PM,16,5,11
04/06/2014 03:00:00 PM,10,8,2
04/06/2014 04:00:00 PM,15,5,10
04/06/2014 05:00:00 PM,18,7,11
04/06/2014 06:00:00 PM,17,6,11
04/06/2014 07:00:00 PM,17,9,8
04/06/2014 08:00:00 PM,15,7,8
04/06/2014 09:00:00 PM,7,4,3
04/06/2014 10:00:00 PM,6,5,1
04/06/2014 11:00:00 PM,3,1,2
04/07/2014 12:00:00 AM,5,2,3
04/07/2014 01:00:00 AM,6,4,2
04/07/2014 02:00:00 AM,0,0,0
04/07/2014 03:00:00 AM,0,0,0
04/07/2014 04:00:00 AM,0,0,0
04/07/2014 05:00:00 AM,3,0,3
04/07/2014 06:00:00 AM,8,5,3
04/07/2014 07:00:00 AM,20,10,10
04/07/2014 08:00:00 AM,34,16,18
04/07/2014 09:00:00 AM,10,2,8
04/07/2014 10:00:00 AM,22,12,10
04/07/2014 11:00:00 AM,10,8,2
04/07/2014 12:00:00 PM,21,13,8
04/07/2014 01:00:00 PM,24,13,11
04/07/2014 02:00:00 PM,14,8,6
04/07/2014 03:00:00 PM,29,14,15
04/07/2014 04:00:00 PM,28,19,9
04/07/2014 05:00:00 PM,53,20,33
04/07/2014 06:00:00 PM,39,23,16
04/07/2014 07:00:00 PM,30,16,14
04/07/2014 08:00:00 PM,36,9,27
04/07/2014 09:00:00 PM,19,14,5
04/07/2014 10:00:00 PM,18,5,13
04/07/2014 11:00:00 PM,14,7,7
04/08/2014 12:00:00 AM,5,2,3
04/08/2014 01:00:00 AM,0,0,0
04/08/2014 02:00:00 AM,2,2,0
04/08/2014 03:00:00 AM,0,0,0
04/08/2014 04:00:00 AM,1,0,1
04/08/2014 05:00:00 AM,7,1,6
04/08/2014 06:00:00 AM,6,1,5
04/08/2014 07:00:00 AM,15,8,7
04/08/2014 08:00:00 AM,16,8,8
04/08/2014 09:00:00 AM,23,10,13
04/08/2014 10:00:00 AM,10,8,2
04/08/2014 11:00:00 AM,14,6,8
04/08/2014 12:00:00 PM,9,3,6
04/08/2014 01:00:00 PM,20,9,11
04/08/2014 02:00:00 PM,27,15,12
04/08/2014 03:00:00 PM,20,12,8
04/08/2014 04:00:00 PM,15,10,5
04/08/2014 05:00:00 PM,28,22,6
04/08/2014 06:00:00 PM,18,10,8
04/08/2014 07:00:00 PM,24,10,14
04/08/2014 08:00:00 PM,9,2,7
04/08/2014 09:00:00 PM,13,7,6
04/08/2014 10:00:00 PM,5,2,3
04/08/2014 11:00:00 PM,0,0,0
04/09/2014 12:00:00 AM,0,0,0
04/09/2014 01:00:00 AM,0,0,0
04/09/2014 02:00:00 AM,0,0,0
04/09/2014 03:00:00 AM,0,0,0
04/09/2014 04:00:00 AM,0,0,0
04/09/2014 05:00:00 AM,4,2,2
04/09/2014 06:00:00 AM,6,5,1
04/09/2014 07:00:00 AM,9,2,7
04/09/2014 08:00:00 AM,21,15,6
04/09/2014 09:00:00 AM,16,4,12
04/09/2014 10:00:00 AM,15,8,7
04/09/2014 11:00:00 AM,14,6,8
04/09/2014 12:00:00 PM,18,8,10
04/09/2014 01:00:00 PM,19,10,9
04/09/2014 02:00:00 PM,15,8,7
04/09/2014 03:00:00 PM,30,12,18
04/09/2014 04:00:00 PM,33,19,14
04/09/2014 05:00:00 PM,42,26,16
04/09/2014 06:00:00 PM,21,13,8
04/09/2014 07:00:00 PM,18,7,11
04/09/2014 08:00:00 PM,13,9,4
04/09/2014 09:00:00 PM,20,2,18
04/09/2014 10:00:00 PM,12,3,9
04/09/2014 11:00:00 PM,9,6,3
04/10/2014 12:00:00 AM,7,5,2
04/10/2014 01:00:00 AM,0,0,0
04/10/2014 02:00:00 AM,0,0,0
04/10/2014 03:00:00 AM,1,0,1
04/10/2014 04:00:00 AM,2,2,0
04/10/2014 05:00:00 AM,6,2,4
04/10/2014 06:00:00 AM,7,5,2
04/10/2014 07:00:00 AM,6,5,1
04/10/2014 08:00:00 AM,2,0,2
04/10/2014 09:00:00 AM,2,0,2
04/10/2014 10:00:00 AM,8,6,2
04/10/2014 11:00:00 AM,3,0,3
04/10/2014 12:00:00 PM,6,4,2
04/10/2014 01:00:00 PM,18,3,15
04/10/2014 02:00:00 PM,14,6,8
04/10/2014 03:00:00 PM,16,7,9
04/10/2014 04:00:00 PM,37,22,15
04/10/2014 05:00:00 PM,47,25,22
04/10/2014 06:00:00 PM,47,24,23
04/10/2014 07:00:00 PM,27,13,14
04/10/2014 08:00:00 PM,15,4,11
04/10/2014 09:00:00 PM,13,4,9
04/10/2014 10:00:00 PM,18,8,10
04/10/2014 11:00:00 PM,3,2,1
04/11/2014 12:00:00 AM,4,4,0
04/11/2014 01:00:00 AM,5,5,0
04/11/2014 02:00:00 AM,4,4,0
04/11/2014 03:00:00 AM,0,0,0
04/11/2014 04:00:00 AM,2,2,0
04/11/2014 05:00:00 AM,4,2,2
04/11/2014 06:00:00 AM,12,6,6
04/11/2014 07:00:00 AM,14,9,5
04/11/2014 08:00:00 AM,25,14,11
04/11/2014 09:00:00 AM,19,10,9
04/11/2014 10:00:00 AM,10,8,2
04/11/2014 11:00:00 AM,20,14,6
04/11/2014 12:00:00 PM,22,16,6
04/11/2014 01:00:00 PM,17,11,6
04/11/2014 02:00:00 PM,10,5,5
04/11/2014 03:00:00 PM,16,8,8
04/11/2014 04:00:00 PM,25,13,12
04/11/2014 05:00:00 PM,47,26,21
04/11/2014 06:00:00 PM,34,21,13
04/11/2014 07:00:00 PM,18,10,8
04/11/2014 08:00:00 PM,18,3,15
04/11/2014 09:00:00 PM,16,9,7
04/11/2014 10:00:00 PM,8,1,7
04/11/2014 11:00:00 PM,19,13,6
04/12/2014 12:00:00 AM,8,6,2
04/12/2014 01:00:00 AM,1,0,1
04/12/2014 02:00:00 AM,4,4,0
04/12/2014 03:00:00 AM,0,0,0
04/12/2014 04:00:00 AM,0,0,0
04/12/2014 05:00:00 AM,0,0,0
04/12/2014 06:00:00 AM,0,0,0
04/12/2014 07:00:00 AM,1,1,0
04/12/2014 08:00:00 AM,4,4,0
04/12/2014 09:00:00 AM,8,4,4
04/12/2014 10:00:00 AM,9,2,7
04/12/2014 11:00:00 AM,8,2,6
04/12/2014 12:00:00 PM,11,7,4
04/12/2014 01:00:00 PM,21,9,12
04/12/2014 02:00:00 PM,11,3,8
04/12/2014 03:00:00 PM,14,8,6
04/12/2014 04:00:00 PM,17,11,6
04/12/2014 05:00:00 PM,31,12,19
04/12/2014 06:00:00 PM,20,11,9
04/12/2014 07:00:00 PM,9,8,1
04/12/2014 08:00:00 PM,9,3,6
04/12/2014 09:00:00 PM,2,0,2
04/12/2014 10:00:00 PM,5,5,0
04/12/2014 11:00:00 PM,11,5,6
04/13/2014 12:00:00 AM,12,4,8
04/13/2014 01:00:00 AM,7,5,2
04/13/2014 02:00:00 AM,9,4,5
04/13/2014 03:00:00 AM,3,3,0
04/13/2014 04:00:00 AM,0,0,0
04/13/2014 05:00:00 AM,0,0,0
04/13/2014 06:00:00 AM,4,0,4
04/13/2014 07:00:00 AM,1,1,0
04/13/2014 08:00:00 AM,3,3,0
04/13/2014 09:00:00 AM,8,6,2
04/13/2014 10:00:00 AM,6,3,3
04/13/2014 11:00:00 AM,23,13,10
04/13/2014 12:00:00 PM,18,6,12
04/13/2014 01:00:00 PM,24,17,7
04/13/2014 02:00:00 PM,19,8,11
04/13/2014 03:00:00 PM,22,9,13
04/13/2014 04:00:00 PM,25,14,11
04/13/2014 05:00:00 PM,20,11,9
04/13/2014 06:00:00 PM,10,6,4
04/13/2014 07:00:00 PM,21,10,11
04/13/2014 08:00:00 PM,26,10,16
04/13/2014 09:00:00 PM,20,6,14
04/13/2014 10:00:00 PM,9,5,4
04/13/2014 11:00:00 PM,6,2,4
04/14/2014 12:00:00 AM,9,4,5
04/14/2014 01:00:00 AM,2,0,2
04/14/2014 02:00:00 AM,5,2,3
04/14/2014 03:00:00 AM,0,0,0
04/14/2014 04:00:00 AM,2,0,2
04/14/2014 05:00:00 AM,2,0,2
04/14/2014 06:00:00 AM,11,7,4
04/14/2014 07:00:00 AM,16,7,9
04/14/2014 08:00:00 AM,20,10,10
04/14/2014 09:00:00 AM,13,8,5
04/14/2014 10:00:00 AM,17,13,4
04/14/2014 11:00:00 AM,31,12,19
04/14/2014 12:00:00 PM,21,7,14
04/14/2014 01:00:00 PM,24,7,17
04/14/2014 02:00:00 PM,19,13,6
04/14/2014 03:00:00 PM,15,9,6
04/14/2014 04:00:00 PM,40,24,16
04/14/2014 05:00:00 PM,39,24,15
04/14/2014 06:00:00 PM,28,14,14
04/14/2014 07:00:00 PM,20,20,0
04/14/2014 08:00:00 PM,13,7,6
04/14/2014 09:00:00 PM,6,2,4
04/14/2014 10:00:00 PM,7,5,2
04/14/2014 11:00:00 PM,7,2,5
04/15/2014 12:00:00 AM,5,5,0
04/15/2014 01:00:00 AM,0,0,0
04/15/2014 02:00:00 AM,0,0,0
04/15/2014 03:00:00 AM,0,0,0
04/15/2014 04:00:00 AM,1,0,1
04/15/2014 05:00:00 AM,6,2,4
04/15/2014 06:00:00 AM,10,7,3
04/15/2014 07:00:00 AM,17,11,6
04/15/2014 08:00:00 AM,11,6,5
04/15/2014 09:00:00 AM,22,8,14
04/15/2014 10:00:00 AM,12,5,7
04/15/2014 11:00:00 AM,18,9,9
04/15/2014 12:00:00 PM,5,2,3
04/15/2014 01:00:00 PM,20,4,16
04/15/2014 02:00:00 PM,11,3,8
04/15/2014 03:00:00 PM,33,19,14
04/15/2014 04:00:00 PM,29,14,15
04/15/2014 05:00:00 PM,37,24,13
04/15/2014 06:00:00 PM,24,11,13
04/15/2014 07:00:00 PM,21,6,15
04/15/2014 08:00:00 PM,18,4,14
04/15/2014 09:00:00 PM,15,4,11
04/15/2014 10:00:00 PM,9,5,4
04/15/2014 11:00:00 PM,8,6,2
04/16/2014 12:00:00 AM,4,4,0
04/16/2014 01:00:00 AM,6,4,2
04/16/2014 02:00:00 AM,0,0,0
04/16/2014 03:00:00 AM,4,2,2
04/16/2014 04:00:00 AM,0,0,0
04/16/2014 05:00:00 AM,5,1,4
04/16/2014 06:00:00 AM,8,4,4
04/16/2014 07:00:00 AM,15,5,10
04/16/2014 08:00:00 AM,7,5,2
04/16/2014 09:00:00 AM,13,4,9
04/16/2014 10:00:00 AM,8,6,2
04/16/2014 11:00:00 AM,7,7,0
04/16/2014 12:00:00 PM,17,14,3
04/16/2014 01:00:00 PM,17,4,13
04/16/2014 02:00:00 PM,5,3,2
04/16/2014 03:00:00 PM,12,8,4
04/16/2014 04:00:00 PM,7,4,3
04/16/2014 05:00:00 PM,16,12,4
04/16/2014 06:00:00 PM,24,9,15
04/16/2014 07:00:00 PM,8,2,6
04/16/2014 08:00:00 PM,11,5,6
04/16/2014 09:00:00 PM,10,0,10
04/16/2014 10:00:00 PM,12,6,6
04/16/2014 11:00:00 PM,5,5,0
04/17/2014 12:00:00 AM,2,2,0
04/17/2014 01:00:00 AM,2,0,2
04/17/2014 02:00:00 AM,2,2,0
04/17/2014 03:00:00 AM,2,2,0
04/17/2014 04:00:00 AM,0,0,0
04/17/2014 05:00:00 AM,3,3,0
04/17/2014 06:00:00 AM,6,0,6
04/17/2014 07:00:00 AM,15,5,10
04/17/2014 08:00:00 AM,14,5,9
04/17/2014 09:00:00 AM,13,9,4
04/17/2014 10:00:00 AM,7,5,2
04/17/2014 11:00:00 AM,17,8,9
04/17/2014 12:00:00 PM,11,6,5
04/17/2014 01:00:00 PM,5,2,3
04/17/2014 02:00:00 PM,3,1,2
04/17/2014 03:00:00 PM,6,3,3
04/17/2014 04:00:00 PM,19,11,8
04/17/2014 05:00:00 PM,38,27,11
04/17/2014 06:00:00 PM,17,7,10
04/17/2014 07:00:00 PM,8,6,2
04/17/2014 08:00:00 PM,9,3,6
04/17/2014 09:00:00 PM,11,3,8
04/17/2014 10:00:00 PM,3,3,0
04/17/2014 11:00:00 PM,5,3,2
04/18/2014 12:00:00 AM,6,3,3
04/18/2014 01:00:00 AM,2,0,2
04/18/2014 02:00:00 AM,2,1,1
04/18/2014 03:00:00 AM,0,0,0
04/18/2014 04:00:00 AM,0,0,0
04/18/2014 05:00:00 AM,4,2,2
04/18/2014 06:00:00 AM,6,2,4
04/18/2014 07:00:00 AM,6,2,4
04/18/2014 08:00:00 AM,7,5,2
04/18/2014 09:00:00 AM,1,0,1
04/18/2014 10:00:00 AM,1,1,0
04/18/2014 11:00:00 AM,2,1,1
04/18/2014 12:00:00 PM,1,1,0
04/18/2014 01:00:00 PM,1,1,0
04/18/2014 02:00:00 PM,16,5,11
04/18/2014 03:00:00 PM,21,13,8
04/18/2014 04:00:00 PM,30,17,13
04/18/2014 05:00:00 PM,40,26,14
04/18/2014 06:00:00 PM,23,13,10
04/18/2014 07:00:00 PM,24,9,15
04/18/2014 08:00:00 PM,23,11,12
04/18/2014 09:00:00 PM,13,4,9
04/18/2014 10:00:00 PM,4,2,2
04/18/2014 11:00:00 PM,4,0,4
04/19/2014 12:00:00 AM,5,3,2
04/19/2014 01:00:00 AM,1,1,0
04/19/2014 02:00:00 AM,6,5,1
04/19/2014 03:00:00 AM,0,0,0
04/19/2014 04:00:00 AM,0,0,0
04/19/2014 05:00:00 AM,0,0,0
04/19/2014 06:00:00 AM,1,1,0
04/19/2014 07:00:00 AM,2,2,0
04/19/2014 08:00:00 AM,4,2,2
04/19/2014 09:00:00 AM,3,1,2
04/19/2014 10:00:00 AM,8,6,2
04/19/2014 11:00:00 AM,5,5,0
04/19/2014 12:00:00 PM,1,0,1
04/19/2014 01:00:00 PM,7,2,5
04/19/2014 02:00:00 PM,14,11,3
04/19/2014 03:00:00 PM,7,6,1
04/19/2014 04:00:00 PM,4,3,1
04/19/2014 05:00:00 PM,12,7,5
04/19/2014 06:00:00 PM,4,0,4
04/19/2014 07:00:00 PM,17,7,10
04/19/2014 08:00:00 PM,3,0,3
04/19/2014 09:00:00 PM,1,0,1
04/19/2014 10:00:00 PM,6,3,3
04/19/2014 11:00:00 PM,7,0,7
04/20/2014 12:00:00 AM,7,3,4
04/20/2014 01:00:00 AM,1,1,0
04/20/2014 02:00:00 AM,5,3,2
04/20/2014 03:00:00 AM,1,0,1
04/20/2014 04:00:00 AM,0,0,0
04/20/2014 05:00:00 AM,2,0,2
04/20/2014 06:00:00 AM,0,0,0
04/20/2014 07:00:00 AM,0,0,0
04/20/2014 08:00:00 AM,2,2,0
04/20/2014 09:00:00 AM,2,0,2
04/20/2014 10:00:00 AM,9,7,2
04/20/2014 11:00:00 AM,9,7,2
04/20/2014 12:00:00 PM,10,6,4
04/20/2014 01:00:00 PM,5,2,3
04/20/2014 02:00:00 PM,16,7,9
04/20/2014 03:00:00 PM,11,6,5
04/20/2014 04:00:00 PM,12,6,6
04/20/2014 05:00:00 PM,7,0,7
04/20/2014 06:00:00 PM,5,2,3
04/20/2014 07:00:00 PM,13,7,6
04/20/2014 08:00:00 PM,12,4,8
04/20/2014 09:00:00 PM,3,1,2
04/20/2014 10:00:00 PM,6,4,2
04/20/2014 11:00:00 PM,0,0,0
04/21/2014 12:00:00 AM,1,1,0
04/21/2014 01:00:00 AM,0,0,0
04/21/2014 02:00:00 AM,1,1,0
04/21/2014 03:00:00 AM,0,0,0
04/21/2014 04:00:00 AM,0,0,0
04/21/2014 05:00:00 AM,5,1,4
04/21/2014 06:00:00 AM,4,1,3
04/21/2014 07:00:00 AM,15,4,11
04/21/2014 08:00:00 AM,10,7,3
04/21/2014 09:00:00 AM,8,2,6
04/21/2014 10:00:00 AM,9,5,4
04/21/2014 11:00:00 AM,18,9,9
04/21/2014 12:00:00 PM,20,12,8
04/21/2014 01:00:00 PM,19,4,15
04/21/2014 02:00:00 PM,20,6,14
04/21/2014 03:00:00 PM,20,10,10
04/21/2014 04:00:00 PM,28,18,10
04/21/2014 05:00:00 PM,27,15,12
04/21/2014 06:00:00 PM,29,13,16
04/21/2014 07:00:00 PM,13,6,7
04/21/2014 08:00:00 PM,7,6,1
04/21/2014 09:00:00 PM,10,2,8
04/21/2014 10:00:00 PM,5,3,2
04/21/2014 11:00:00 PM,5,5,0
04/22/2014 12:00:00 AM,6,6,0
04/22/2014 01:00:00 AM,1,1,0
04/22/2014 02:00:00 AM,2,0,2
04/22/2014 03:00:00 AM,0,0,0
04/22/2014 04:00:00 AM,0,0,0
04/22/2014 05:00:00 AM,8,2,6
04/22/2014 06:00:00 AM,3,1,2
04/22/2014 07:00:00 AM,8,4,4
04/22/2014 08:00:00 AM,12,7,5
04/22/2014 09:00:00 AM,5,3,2
04/22/2014 10:00:00 AM,17,7,10
04/22/2014 11:00:00 AM,13,4,9
04/22/2014 12:00:00 PM,9,4,5
04/22/2014 01:00:00 PM,23,11,12
04/22/2014 02:00:00 PM,4,1,3
04/22/2014 03:00:00 PM,11,5,6
04/22/2014 04:00:00 PM,28,16,12
04/22/2014 05:00:00 PM,31,13,18
04/22/2014 06:00:00 PM,18,7,11
04/22/2014 07:00:00 PM,14,3,11
04/22/2014 08:00:00 PM,12,7,5
04/22/2014 09:00:00 PM,3,3,0
04/22/2014 10:00:00 PM,11,1,10
04/22/2014 11:00:00 PM,4,3,1
04/23/2014 12:00:00 AM,0,0,0
04/23/2014 01:00:00 AM,1,1,0
04/23/2014 02:00:00 AM,0,0,0
04/23/2014 03:00:00 AM,0,0,0
04/23/2014 04:00:00 AM,0,0,0
04/23/2014 05:00:00 AM,3,1,2
04/23/2014 06:00:00 AM,8,2,6
04/23/2014 07:00:00 AM,15,5,10
04/23/2014 08:00:00 AM,17,12,5
04/23/2014 09:00:00 AM,11,7,4
04/23/2014 10:00:00 AM,12,8,4
04/23/2014 11:00:00 AM,19,7,12
04/23/2014 12:00:00 PM,16,6,10
04/23/2014 01:00:00 PM,22,10,12
04/23/2014 02:00:00 PM,8,2,6
04/23/2014 03:00:00 PM,15,10,5
04/23/2014 04:00:00 PM,24,14,10
04/23/2014 05:00:00 PM,34,25,9
04/23/2014 06:00:00 PM,33,9,24
04/23/2014 07:00:00 PM,12,7,5
04/23/2014 08:00:00 PM,8,4,4
04/23/2014 09:00:00 PM,8,6,2
04/23/2014 10:00:00 PM,4,2,2
04/23/2014 11:00:00 PM,6,2,4
04/24/2014 12:00:00 AM,4,2,2
04/24/2014 01:00:00 AM,0,0,0
04/24/2014 02:00:00 AM,2,2,0
04/24/2014 03:00:00 AM,2,2,0
04/24/2014 04:00:00 AM,0,0,0
04/24/2014 05:00:00 AM,3,1,2
04/24/2014 06:00:00 AM,3,0,3
04/24/2014 07:00:00 AM,14,7,7
04/24/2014 08:00:00 AM,5,4,1
04/24/2014 09:00:00 AM,17,2,15
04/24/2014 10:00:00 AM,6,3,3
04/24/2014 11:00:00 AM,10,8,2
04/24/2014 12:00:00 PM,13,8,5
04/24/2014 01:00:00 PM,10,6,4
04/24/2014 02:00:00 PM,15,6,9
04/24/2014 03:00:00 PM,12,4,8
04/24/2014 04:00:00 PM,12,5,7
04/24/2014 05:00:00 PM,35,24,11
04/24/2014 06:00:00 PM,34,18,16
04/24/2014 07:00:00 PM,19,13,6
04/24/2014 08:00:00 PM,8,2,6
04/24/2014 09:00:00 PM,16,10,6
04/24/2014 10:00:00 PM,22,13,9
04/24/2014 11:00:00 PM,8,3,5
04/25/2014 12:00:00 AM,7,4,3
04/25/2014 01:00:00 AM,13,8,5
04/25/2014 02:00:00 AM,3,2,1
04/25/2014 03:00:00 AM,2,2,0
04/25/2014 04:00:00 AM,2,0,2
04/25/2014 05:00:00 AM,3,1,2
04/25/2014 06:00:00 AM,7,5,2
04/25/2014 07:00:00 AM,8,3,5
04/25/2014 08:00:00 AM,15,10,5
04/25/2014 09:00:00 AM,14,8,6
04/25/2014 10:00:00 AM,21,10,11
04/25/2014 11:00:00 AM,30,8,22
04/25/2014 12:00:00 PM,14,9,5
04/25/2014 01:00:00 PM,13,6,7
04/25/2014 02:00:00 PM,13,8,5
04/25/2014 03:00:00 PM,14,8,6
04/25/2014 04:00:00 PM,24,14,10
04/25/2014 05:00:00 PM,34,22,12
04/25/2014 06:00:00 PM,22,9,13
04/25/2014 07:00:00 PM,22,7,15
04/25/2014 08:00:00 PM,20,7,13
04/25/2014 09:00:00 PM,9,3,6
04/25/2014 10:00:00 PM,9,1,8
04/25/2014 11:00:00 PM,8,4,4
04/26/2014 12:00:00 AM,8,4,4
04/26/2014 01:00:00 AM,3,3,0
04/26/2014 02:00:00 AM,1,1,0
04/26/2014 03:00:00 AM,0,0,0
04/26/2014 04:00:00 AM,2,2,0
04/26/2014 05:00:00 AM,0,0,0
04/26/2014 06:00:00 AM,2,2,0
04/26/2014 07:00:00 AM,6,4,2
04/26/2014 08:00:00 AM,3,3,0
04/26/2014 09:00:00 AM,2,1,1
04/26/2014 10:00:00 AM,8,4,4
04/26/2014 11:00:00 AM,5,2,3
04/26/2014 12:00:00 PM,14,8,6
04/26/2014 01:00:00 PM,13,1,12
04/26/2014 02:00:00 PM,19,15,4
04/26/2014 03:00:00 PM,11,4,7
04/26/2014 04:00:00 PM,18,8,10
04/26/2014 05:00:00 PM,37,20,17
04/26/2014 06:00:00 PM,15,2,13
04/26/2014 07:00:00 PM,19,7,12
04/26/2014 08:00:00 PM,12,4,8
04/26/2014 09:00:00 PM,11,3,8
04/26/2014 10:00:00 PM,0,0,0
04/26/2014 11:00:00 PM,3,0,3
04/27/2014 12:00:00 AM,13,6,7
04/27/2014 01:00:00 AM,8,3,5
04/27/2014 02:00:00 AM,12,10,2
04/27/2014 03:00:00 AM,0,0,0
04/27/2014 04:00:00 AM,0,0,0
04/27/2014 05:00:00 AM,0,0,0
04/27/2014 06:00:00 AM,6,5,1
04/27/2014 07:00:00 AM,0,0,0
04/27/2014 08:00:00 AM,3,3,0
04/27/2014 09:00:00 AM,2,2,0
04/27/2014 10:00:00 AM,6,3,3
04/27/2014 11:00:00 AM,10,6,4
04/27/2014 12:00:00 PM,10,4,6
04/27/2014 01:00:00 PM,6,4,2
04/27/2014 02:00:00 PM,8,5,3
04/27/2014 03:00:00 PM,7,3,4
04/27/2014 04:00:00 PM,26,13,13
04/27/2014 05:00:00 PM,10,3,7
04/27/2014 06:00:00 PM,20,10,10
04/27/2014 07:00:00 PM,10,6,4
04/27/2014 08:00:00 PM,7,4,3
04/27/2014 09:00:00 PM,3,2,1
04/27/2014 10:00:00 PM,2,0,2
04/27/2014 11:00:00 PM,5,2,3
04/28/2014 12:00:00 AM,4,2,2
04/28/2014 01:00:00 AM,6,2,4
04/28/2014 02:00:00 AM,0,0,0
04/28/2014 03:00:00 AM,2,0,2
04/28/2014 04:00:00 AM,1,1,0
04/28/2014 05:00:00 AM,2,0,2
04/28/2014 06:00:00 AM,6,4,2
04/28/2014 07:00:00 AM,11,3,8
04/28/2014 08:00:00 AM,25,15,10
04/28/2014 09:00:00 AM,14,10,4
04/28/2014 10:00:00 AM,14,9,5
04/28/2014 11:00:00 AM,9,2,7
04/28/2014 12:00:00 PM,22,17,5
04/28/2014 01:00:00 PM,16,0,16
04/28/2014 02:00:00 PM,26,12,14
04/28/2014 03:00:00 PM,24,7,17
04/28/2014 04:00:00 PM,26,18,8
04/28/2014 05:00:00 PM,60,35,25
04/28/2014 06:00:00 PM,33,20,13
04/28/2014 07:00:00 PM,26,16,10
04/28/2014 08:00:00 PM,19,14,5
04/28/2014 09:00:00 PM,14,4,10
04/28/2014 10:00:00 PM,9,2,7
04/28/2014 11:00:00 PM,7,2,5
04/29/2014 12:00:00 AM,4,4,0
04/29/2014 01:00:00 AM,5,1,4
04/29/2014 02:00:00 AM,2,2,0
04/29/2014 03:00:00 AM,0,0,0
04/29/2014 04:00:00 AM,2,0,2
04/29/2014 05:00:00 AM,5,0,5
04/29/2014 06:00:00 AM,9,2,7
04/29/2014 07:00:00 AM,13,10,3
04/29/2014 08:00:00 AM,26,21,5
04/29/2014 09:00:00 AM,21,15,6
04/29/2014 10:00:00 AM,10,4,6
04/29/2014 11:00:00 AM,18,10,8
04/29/2014 12:00:00 PM,22,8,14
04/29/2014 01:00:00 PM,26,15,11
04/29/2014 02:00:00 PM,12,5,7
04/29/2014 03:00:00 PM,10,6,4
04/29/2014 04:00:00 PM,31,25,6
04/29/2014 05:00:00 PM,46,30,16
04/29/2014 06:00:00 PM,51,13,38
04/29/2014 07:00:00 PM,30,7,23
04/29/2014 08:00:00 PM,26,12,14
04/29/2014 09:00:00 PM,15,8,7
04/29/2014 10:00:00 PM,8,6,2
04/29/2014 11:00:00 PM,21,11,10
04/30/2014 12:00:00 AM,2,0,2
04/30/2014 01:00:00 AM,4,2,2
04/30/2014 02:00:00 AM,0,0,0
04/30/2014 03:00:00 AM,0,0,0
04/30/2014 04:00:00 AM,0,0,0
04/30/2014 05:00:00 AM,9,7,2
04/30/2014 06:00:00 AM,4,2,2
04/30/2014 07:00:00 AM,17,8,9
04/30/2014 08:00:00 AM,28,19,9
04/30/2014 09:00:00 AM,21,14,7
04/30/2014 10:00:00 AM,12,4,8
04/30/2014 11:00:00 AM,17,4,13
04/30/2014 12:00:00 PM,29,11,18
04/30/2014 01:00:00 PM,25,5,20
04/30/2014 02:00:00 PM,28,18,10
04/30/2014 03:00:00 PM,27,15,12
04/30/2014 04:00:00 PM,49,28,21
04/30/2014 05:00:00 PM,35,15,20
04/30/2014 06:00:00 PM,43,18,25
04/30/2014 07:00:00 PM,43,22,21
04/30/2014 08:00:00 PM,37,14,23
04/30/2014 09:00:00 PM,18,9,9
04/30/2014 10:00:00 PM,12,10,2
04/30/2014 11:00:00 PM,9,0,9
05/01/2014 12:00:00 AM,1,1,0
05/01/2014 01:00:00 AM,2,0,2
05/01/2014 02:00:00 AM,0,0,0
05/01/2014 03:00:00 AM,0,0,0
05/01/2014 04:00:00 AM,2,0,2
05/01/2014 05:00:00 AM,6,2,4
05/01/2014 06:00:00 AM,8,4,4
05/01/2014 07:00:00 AM,12,6,6
05/01/2014 08:00:00 AM,28,17,11
05/01/2014 09:00:00 AM,15,11,4
05/01/2014 10:00:00 AM,25,15,10
05/01/2014 11:00:00 AM,35,20,15
05/01/2014 12:00:00 PM,30,14,16
05/01/2014 01:00:00 PM,17,10,7
05/01/2014 02:00:00 PM,16,13,3
05/01/2014 03:00:00 PM,31,11,20
05/01/2014 04:00:00 PM,28,15,13
05/01/2014 05:00:00 PM,40,28,12
05/01/2014 06:00:00 PM,64,25,39
05/01/2014 07:00:00 PM,20,14,6
05/01/2014 08:00:00 PM,28,19,9
05/01/2014 09:00:00 PM,14,7,7
05/01/2014 10:00:00 PM,9,5,4
05/01/2014 11:00:00 PM,14,5,9
05/02/2014 12:00:00 AM,9,8,1
05/02/2014 01:00:00 AM,7,5,2
05/02/2014 02:00:00 AM,0,0,0
05/02/2014 03:00:00 AM,4,4,0
05/02/2014 04:00:00 AM,5,4,1
05/02/2014 05:00:00 AM,3,1,2
05/02/2014 06:00:00 AM,8,3,5
05/02/2014 07:00:00 AM,20,12,8
05/02/2014 08:00:00 AM,23,7,16
05/02/2014 09:00:00 AM,20,12,8
05/02/2014 10:00:00 AM,13,12,1
05/02/2014 11:00:00 AM,25,17,8
05/02/2014 12:00:00 PM,22,12,10
05/02/2014 01:00:00 PM,20,14,6
05/02/2014 02:00:00 PM,23,15,8
05/02/2014 03:00:00 PM,16,10,6
05/02/2014 04:00:00 PM,50,31,19
05/02/2014 05:00:00 PM,44,24,20
05/02/2014 06:00:00 PM,42,14,28
05/02/2014 07:00:00 PM,17,7,10
05/02/2014 08:00:00 PM,34,11,23
05/02/2014 09:00:00 PM,8,7,1
05/02/2014 10:00:00 PM,6,5,1
05/02/2014 11:00:00 PM,14,7,7
05/03/2014 12:00:00 AM,6,2,4
05/03/2014 01:00:00 AM,5,2,3
05/03/2014 02:00:00 AM,2,0,2
05/03/2014 03:00:00 AM,1,1,0
05/03/2014 04:00:00 AM,2,2,0
05/03/2014 05:00:00 AM,4,4,0
05/03/2014 06:00:00 AM,2,2,0
05/03/2014 07:00:00 AM,4,2,2
05/03/2014 08:00:00 AM,6,2,4
05/03/2014 09:00:00 AM,6,4,2
05/03/2014 10:00:00 AM,16,3,13
05/03/2014 11:00:00 AM,10,10,0
05/03/2014 12:00:00 PM,13,6,7
05/03/2014 01:00:00 PM,5,4,1
05/03/2014 02:00:00 PM,5,3,2
05/03/2014 03:00:00 PM,11,3,8
05/03/2014 04:00:00 PM,7,3,4
05/03/2014 05:00:00 PM,10,2,8
05/03/2014 06:00:00 PM,15,8,7
05/03/2014 07:00:00 PM,15,8,7
05/03/2014 08:00:00 PM,9,4,5
05/03/2014 09:00:00 PM,15,8,7
05/03/2014 10:00:00 PM,0,0,0
05/03/2014 11:00:00 PM,7,2,5
05/04/2014 12:00:00 AM,3,2,1
05/04/2014 01:00:00 AM,4,4,0
05/04/2014 02:00:00 AM,5,3,2
05/04/2014 03:00:00 AM,2,0,2
05/04/2014 04:00:00 AM,0,0,0
05/04/2014 05:00:00 AM,0,0,0
05/04/2014 06:00:00 AM,2,2,0
05/04/2014 07:00:00 AM,0,0,0
05/04/2014 08:00:00 AM,0,0,0
05/04/2014 09:00:00 AM,2,2,0
05/04/2014 10:00:00 AM,2,0,2
05/04/2014 11:00:00 AM,4,1,3
05/04/2014 12:00:00 PM,15,7,8
05/04/2014 01:00:00 PM,6,5,1
05/04/2014 02:00:00 PM,8,6,2
05/04/2014 03:00:00 PM,7,4,3
05/04/2014 04:00:00 PM,21,5,16
05/04/2014 05:00:00 PM,8,2,6
05/04/2014 06:00:00 PM,9,3,6
05/04/2014 07:00:00 PM,8,4,4
05/04/2014 08:00:00 PM,6,2,4
05/04/2014 09:00:00 PM,3,1,2
05/04/2014 10:00:00 PM,6,3,3
05/04/2014 11:00:00 PM,6,2,4
05/05/2014 12:00:00 AM,0,0,0
05/05/2014 01:00:00 AM,0,0,0
05/05/2014 02:00:00 AM,1,1,0
05/05/2014 03:00:00 AM,2,0,2
05/05/2014 04:00:00 AM,0,0,0
05/05/2014 05:00:00 AM,2,0,2
05/05/2014 06:00:00 AM,4,2,2
05/05/2014 07:00:00 AM,15,6,9
05/05/2014 08:00:00 AM,5,5,0
05/05/2014 09:00:00 AM,10,8,2
05/05/2014 10:00:00 AM,5,1,4
05/05/2014 11:00:00 AM,3,1,2
05/05/2014 12:00:00 PM,17,7,10
05/05/2014 01:00:00 PM,20,9,11
05/05/2014 02:00:00 PM,12,2,10
05/05/2014 03:00:00 PM,19,10,9
05/05/2014 04:00:00 PM,20,15,5
05/05/2014 05:00:00 PM,31,19,12
05/05/2014 06:00:00 PM,30,14,16
05/05/2014 07:00:00 PM,18,14,4
05/05/2014 08:00:00 PM,21,11,10
05/05/2014 09:00:00 PM,10,3,7
05/05/2014 10:00:00 PM,6,2,4
05/05/2014 11:00:00 PM,17,8,9
05/06/2014 12:00:00 AM,0,0,0
05/06/2014 01:00:00 AM,5,5,0
05/06/2014 02:00:00 AM,2,2,0
05/06/2014 03:00:00 AM,1,1,0
05/06/2014 04:00:00 AM,0,0,0
05/06/2014 05:00:00 AM,6,0,6
05/06/2014 06:00:00 AM,10,5,5
05/06/2014 07:00:00 AM,20,13,7
05/06/2014 08:00:00 AM,17,10,7
05/06/2014 09:00:00 AM,18,10,8
05/06/2014 10:00:00 AM,11,3,8
05/06/2014 11:00:00 AM,16,8,8
05/06/2014 12:00:00 PM,9,9,0
05/06/2014 01:00:00 PM,23,8,15
05/06/2014 02:00:00 PM,12,6,6
05/06/2014 03:00:00 PM,26,15,11
05/06/2014 04:00:00 PM,38,20,18
05/06/2014 05:00:00 PM,38,18,20
05/06/2014 06:00:00 PM,8,4,4
05/06/2014 07:00:00 PM,5,0,5
05/06/2014 08:00:00 PM,16,5,11
05/06/2014 09:00:00 PM,12,5,7
05/06/2014 10:00:00 PM,11,1,10
05/06/2014 11:00:00 PM,6,2,4
05/07/2014 12:00:00 AM,2,0,2
05/07/2014 01:00:00 AM,4,4,0
05/07/2014 02:00:00 AM,1,1,0
05/07/2014 03:00:00 AM,0,0,0
05/07/2014 04:00:00 AM,0,0,0
05/07/2014 05:00:00 AM,0,0,0
05/07/2014 06:00:00 AM,11,2,9
05/07/2014 07:00:00 AM,28,13,15
05/07/2014 08:00:00 AM,36,21,15
05/07/2014 09:00:00 AM,19,12,7
05/07/2014 10:00:00 AM,11,6,5
05/07/2014 11:00:00 AM,30,19,11
05/07/2014 12:00:00 PM,21,6,15
05/07/2014 01:00:00 PM,31,15,16
05/07/2014 02:00:00 PM,33,17,16
05/07/2014 03:00:00 PM,25,17,8
05/07/2014 04:00:00 PM,32,16,16
05/07/2014 05:00:00 PM,64,37,27
05/07/2014 06:00:00 PM,43,16,27
05/07/2014 07:00:00 PM,21,13,8
05/07/2014 08:00:00 PM,12,11,1
05/07/2014 09:00:00 PM,33,13,20
05/07/2014 10:00:00 PM,10,3,7
05/07/2014 11:00:00 PM,3,1,2
05/08/2014 12:00:00 AM,4,3,1
05/08/2014 01:00:00 AM,1,0,1
05/08/2014 02:00:00 AM,3,1,2
05/08/2014 03:00:00 AM,0,0,0
05/08/2014 04:00:00 AM,0,0,0
05/08/2014 05:00:00 AM,5,0,5
05/08/2014 06:00:00 AM,12,6,6
05/08/2014 07:00:00 AM,17,7,10
05/08/2014 08:00:00 AM,17,8,9
05/08/2014 09:00:00 AM,25,11,14
05/08/2014 10:00:00 AM,16,12,4
05/08/2014 11:00:00 AM,15,4,11
05/08/2014 12:00:00 PM,6,3,3
05/08/2014 01:00:00 PM,9,6,3
05/08/2014 02:00:00 PM,9,7,2
05/08/2014 03:00:00 PM,8,4,4
05/08/2014 04:00:00 PM,20,13,7
05/08/2014 05:00:00 PM,84,23,61
05/08/2014 06:00:00 PM,33,13,20
05/08/2014 07:00:00 PM,12,6,6
05/08/2014 08:00:00 PM,32,19,13
05/08/2014 09:00:00 PM,7,6,1
05/08/2014 10:00:00 PM,14,2,12
05/08/2014 11:00:00 PM,7,2,5
05/09/2014 12:00:00 AM,7,2,5
05/09/2014 01:00:00 AM,5,2,3
05/09/2014 02:00:00 AM,2,0,2
05/09/2014 03:00:00 AM,0,0,0
05/09/2014 04:00:00 AM,0,0,0
05/09/2014 05:00:00 AM,3,1,2
05/09/2014 06:00:00 AM,5,1,4
05/09/2014 07:00:00 AM,29,12,17
05/09/2014 08:00:00 AM,28,12,16
05/09/2014 09:00:00 AM,28,17,11
05/09/2014 10:00:00 AM,7,3,4
05/09/2014 11:00:00 AM,23,15,8
05/09/2014 12:00:00 PM,24,12,12
05/09/2014 01:00:00 PM,24,20,4
05/09/2014 02:00:00 PM,22,9,13
05/09/2014 03:00:00 PM,25,13,12
05/09/2014 04:00:00 PM,39,21,18
05/09/2014 05:00:00 PM,46,32,14
05/09/2014 06:00:00 PM,12,5,7
05/09/2014 07:00:00 PM,22,11,11
05/09/2014 08:00:00 PM,18,12,6
05/09/2014 09:00:00 PM,20,8,12
05/09/2014 10:00:00 PM,0,0,0
05/09/2014 11:00:00 PM,10,8,2
05/10/2014 12:00:00 AM,10,1,9
05/10/2014 01:00:00 AM,6,4,2
05/10/2014 02:00:00 AM,5,5,0
05/10/2014 03:00:00 AM,1,1,0
05/10/2014 04:00:00 AM,1,1,0
05/10/2014 05:00:00 AM,2,0,2
05/10/2014 06:00:00 AM,7,5,2
05/10/2014 07:00:00 AM,4,2,2
05/10/2014 08:00:00 AM,0,0,0
05/10/2014 09:00:00 AM,3,3,0
05/10/2014 10:00:00 AM,14,10,4
05/10/2014 11:00:00 AM,7,3,4
05/10/2014 12:00:00 PM,28,12,16
05/10/2014 01:00:00 PM,16,8,8
05/10/2014 02:00:00 PM,28,13,15
05/10/2014 03:00:00 PM,9,3,6
05/10/2014 04:00:00 PM,33,14,19
05/10/2014 05:00:00 PM,28,18,10
05/10/2014 06:00:00 PM,15,6,9
05/10/2014 07:00:00 PM,28,15,13
05/10/2014 08:00:00 PM,9,3,6
05/10/2014 09:00:00 PM,12,10,2
05/10/2014 10:00:00 PM,8,6,2
05/10/2014 11:00:00 PM,13,3,10
05/11/2014 12:00:00 AM,14,5,9
05/11/2014 01:00:00 AM,9,6,3
05/11/2014 02:00:00 AM,1,1,0
05/11/2014 03:00:00 AM,2,0,2
05/11/2014 04:00:00 AM,0,0,0
05/11/2014 05:00:00 AM,0,0,0
05/11/2014 06:00:00 AM,5,1,4
05/11/2014 07:00:00 AM,0,0,0
05/11/2014 08:00:00 AM,6,3,3
05/11/2014 09:00:00 AM,13,9,4
05/11/2014 10:00:00 AM,10,2,8
05/11/2014 11:00:00 AM,23,10,13
05/11/2014 12:00:00 PM,17,12,5
05/11/2014 01:00:00 PM,28,14,14
05/11/2014 02:00:00 PM,19,6,13
05/11/2014 03:00:00 PM,11,5,6
05/11/2014 04:00:00 PM,21,15,6
05/11/2014 05:00:00 PM,29,15,14
05/11/2014 06:00:00 PM,28,9,19
05/11/2014 07:00:00 PM,23,13,10
05/11/2014 08:00:00 PM,16,8,8
05/11/2014 09:00:00 PM,11,9,2
05/11/2014 10:00:00 PM,11,1,10
05/11/2014 11:00:00 PM,13,6,7
05/12/2014 12:00:00 AM,4,0,4
05/12/2014 01:00:00 AM,2,2,0
05/12/2014 02:00:00 AM,4,2,2
05/12/2014 03:00:00 AM,0,0,0
05/12/2014 04:00:00 AM,0,0,0
05/12/2014 05:00:00 AM,8,4,4
05/12/2014 06:00:00 AM,14,6,8
05/12/2014 07:00:00 AM,23,8,15
05/12/2014 08:00:00 AM,30,10,20
05/12/2014 09:00:00 AM,28,17,11
05/12/2014 10:00:00 AM,12,8,4
05/12/2014 11:00:00 AM,12,1,11
05/12/2014 12:00:00 PM,20,7,13
05/12/2014 01:00:00 PM,28,14,14
05/12/2014 02:00:00 PM,36,12,24
05/12/2014 03:00:00 PM,24,14,10
05/12/2014 04:00:00 PM,32,20,12
05/12/2014 05:00:00 PM,44,24,20
05/12/2014 06:00:00 PM,43,28,15
05/12/2014 07:00:00 PM,27,17,10
05/12/2014 08:00:00 PM,34,14,20
05/12/2014 09:00:00 PM,31,9,22
05/12/2014 10:00:00 PM,23,11,12
05/12/2014 11:00:00 PM,21,12,9
05/13/2014 12:00:00 AM,2,1,1
05/13/2014 01:00:00 AM,6,6,0
05/13/2014 02:00:00 AM,0,0,0
05/13/2014 03:00:00 AM,4,2,2
05/13/2014 04:00:00 AM,0,0,0
05/13/2014 05:00:00 AM,3,1,2
05/13/2014 06:00:00 AM,19,8,11
05/13/2014 07:00:00 AM,34,13,21
05/13/2014 08:00:00 AM,50,25,25
05/13/2014 09:00:00 AM,14,11,3
05/13/2014 10:00:00 AM,27,15,12
05/13/2014 11:00:00 AM,28,13,15
05/13/2014 12:00:00 PM,24,9,15
05/13/2014 01:00:00 PM,19,8,11
05/13/2014 02:00:00 PM,31,15,16
05/13/2014 03:00:00 PM,36,23,13
05/13/2014 04:00:00 PM,54,36,18
05/13/2014 05:00:00 PM,63,39,24
05/13/2014 06:00:00 PM,59,39,20
05/13/2014 07:00:00 PM,36,19,17
05/13/2014 08:00:00 PM,34,16,18
05/13/2014 09:00:00 PM,22,5,17
05/13/2014 10:00:00 PM,10,3,7
05/13/2014 11:00:00 PM,13,5,8
05/14/2014 12:00:00 AM,11,9,2
05/14/2014 01:00:00 AM,5,5,0
05/14/2014 02:00:00 AM,0,0,0
05/14/2014 03:00:00 AM,0,0,0
05/14/2014 04:00:00 AM,0,0,0
05/14/2014 05:00:00 AM,3,3,0
05/14/2014 06:00:00 AM,15,10,5
05/14/2014 07:00:00 AM,36,12,24
05/14/2014 08:00:00 AM,40,23,17
05/14/2014 09:00:00 AM,20,16,4
05/14/2014 10:00:00 AM,24,5,19
05/14/2014 11:00:00 AM,15,7,8
05/14/2014 12:00:00 PM,40,17,23
05/14/2014 01:00:00 PM,23,12,11
05/14/2014 02:00:00 PM,27,22,5
05/14/2014 03:00:00 PM,26,18,8
05/14/2014 04:00:00 PM,74,37,37
05/14/2014 05:00:00 PM,59,23,36
05/14/2014 06:00:00 PM,78,34,44
05/14/2014 07:00:00 PM,17,7,10
05/14/2014 08:00:00 PM,23,11,12
05/14/2014 09:00:00 PM,29,13,16
05/14/2014 10:00:00 PM,9,3,6
05/14/2014 11:00:00 PM,24,9,15
05/15/2014 12:00:00 AM,9,0,9
05/15/2014 01:00:00 AM,11,11,0
05/15/2014 02:00:00 AM,0,0,0
05/15/2014 03:00:00 AM,0,0,0
05/15/2014 04:00:00 AM,0,0,0
05/15/2014 05:00:00 AM,6,6,0
05/15/2014 06:00:00 AM,32,12,20
05/15/2014 07:00:00 AM,32,10,22
05/15/2014 08:00:00 AM,27,16,11
05/15/2014 09:00:00 AM,26,9,17
05/15/2014 10:00:00 AM,20,11,9
05/15/2014 11:00:00 AM,12,8,4
05/15/2014 12:00:00 PM,32,17,15
05/15/2014 01:00:00 PM,16,6,10
05/15/2014 02:00:00 PM,27,14,13
05/15/2014 03:00:00 PM,39,21,18
05/15/2014 04:00:00 PM,34,16,18
05/15/2014 05:00:00 PM,82,43,39
05/15/2014 06:00:00 PM,58,27,31
05/15/2014 07:00:00 PM,24,16,8
05/15/2014 08:00:00 PM,32,14,18
05/15/2014 09:00:00 PM,28,14,14
05/15/2014 10:00:00 PM,19,11,8
05/15/2014 11:00:00 PM,15,6,9
05/16/2014 12:00:00 AM,11,8,3
05/16/2014 01:00:00 AM,4,3,1
05/16/2014 02:00:00 AM,1,1,0
05/16/2014 03:00:00 AM,0,0,0
05/16/2014 04:00:00 AM,2,0,2
05/16/2014 05:00:00 AM,9,2,7
05/16/2014 06:00:00 AM,15,7,8
05/16/2014 07:00:00 AM,33,7,26
05/16/2014 08:00:00 AM,41,17,24
05/16/2014 09:00:00 AM,30,16,14
05/16/2014 10:00:00 AM,28,17,11
05/16/2014 11:00:00 AM,18,13,5
05/16/2014 12:00:00 PM,32,14,18
05/16/2014 01:00:00 PM,27,15,12
05/16/2014 02:00:00 PM,19,13,6
05/16/2014 03:00:00 PM,38,24,14
05/16/2014 04:00:00 PM,59,25,34
05/16/2014 05:00:00 PM,57,39,18
05/16/2014 06:00:00 PM,56,30,26
05/16/2014 07:00:00 PM,32,14,18
05/16/2014 08:00:00 PM,27,18,9
05/16/2014 09:00:00 PM,12,5,7
05/16/2014 10:00:00 PM,12,3,9
05/16/2014 11:00:00 PM,6,5,1
05/17/2014 12:00:00 AM,10,3,7
05/17/2014 01:00:00 AM,18,13,5
05/17/2014 02:00:00 AM,6,4,2
05/17/2014 03:00:00 AM,3,1,2
05/17/2014 04:00:00 AM,0,0,0
05/17/2014 05:00:00 AM,6,2,4
05/17/2014 06:00:00 AM,2,0,2
05/17/2014 07:00:00 AM,2,2,0
05/17/2014 08:00:00 AM,11,7,4
05/17/2014 09:00:00 AM,11,8,3
05/17/2014 10:00:00 AM,16,7,9
05/17/2014 11:00:00 AM,27,16,11
05/17/2014 12:00:00 PM,23,12,11
05/17/2014 01:00:00 PM,22,18,4
05/17/2014 02:00:00 PM,16,12,4
05/17/2014 03:00:00 PM,13,8,5
05/17/2014 04:00:00 PM,27,12,15
05/17/2014 05:00:00 PM,17,6,11
05/17/2014 06:00:00 PM,10,5,5
05/17/2014 07:00:00 PM,27,15,12
05/17/2014 08:00:00 PM,15,3,12
05/17/2014 09:00:00 PM,13,7,6
05/17/2014 10:00:00 PM,11,10,1
05/17/2014 11:00:00 PM,13,7,6
05/18/2014 12:00:00 AM,13,5,8
05/18/2014 01:00:00 AM,4,2,2
05/18/2014 02:00:00 AM,12,6,6
05/18/2014 03:00:00 AM,3,3,0
05/18/2014 04:00:00 AM,3,3,0
05/18/2014 05:00:00 AM,6,4,2
05/18/2014 06:00:00 AM,3,0,3
05/18/2014 07:00:00 AM,3,3,0
05/18/2014 08:00:00 AM,4,2,2
05/18/2014 09:00:00 AM,10,6,4
05/18/2014 10:00:00 AM,8,6,2
05/18/2014 11:00:00 AM,17,13,4
05/18/2014 12:00:00 PM,31,17,14
05/18/2014 01:00:00 PM,12,4,8
05/18/2014 02:00:00 PM,25,11,14
05/18/2014 03:00:00 PM,18,8,10
05/18/2014 04:00:00 PM,25,9,16
05/18/2014 05:00:00 PM,23,4,19
05/18/2014 06:00:00 PM,20,7,13
05/18/2014 07:00:00 PM,25,19,6
05/18/2014 08:00:00 PM,15,7,8
05/18/2014 09:00:00 PM,9,2,7
05/18/2014 10:00:00 PM,11,6,5
05/18/2014 11:00:00 PM,5,2,3
05/19/2014 12:00:00 AM,5,1,4
05/19/2014 01:00:00 AM,6,2,4
05/19/2014 02:00:00 AM,6,2,4
05/19/2014 03:00:00 AM,1,1,0
05/19/2014 04:00:00 AM,0,0,0
05/19/2014 05:00:00 AM,6,0,6
05/19/2014 06:00:00 AM,13,7,6
05/19/2014 07:00:00 AM,22,8,14
05/19/2014 08:00:00 AM,25,8,17
05/19/2014 09:00:00 AM,22,13,9
05/19/2014 10:00:00 AM,12,7,5
05/19/2014 11:00:00 AM,17,9,8
05/19/2014 12:00:00 PM,13,7,6
05/19/2014 01:00:00 PM,25,16,9
05/19/2014 02:00:00 PM,18,8,10
05/19/2014 03:00:00 PM,24,12,12
05/19/2014 04:00:00 PM,32,14,18
05/19/2014 05:00:00 PM,45,23,22
05/19/2014 06:00:00 PM,44,19,25
05/19/2014 07:00:00 PM,29,17,12
05/19/2014 08:00:00 PM,32,12,20
05/19/2014 09:00:00 PM,25,9,16
05/19/2014 10:00:00 PM,17,3,14
05/19/2014 11:00:00 PM,13,10,3
05/20/2014 12:00:00 AM,1,1,0
05/20/2014 01:00:00 AM,6,4,2
05/20/2014 02:00:00 AM,0,0,0
05/20/2014 03:00:00 AM,0,0,0
05/20/2014 04:00:00 AM,0,0,0
05/20/2014 05:00:00 AM,4,2,2
05/20/2014 06:00:00 AM,11,4,7
05/20/2014 07:00:00 AM,18,10,8
05/20/2014 08:00:00 AM,29,13,16
05/20/2014 09:00:00 AM,45,19,26
05/20/2014 10:00:00 AM,16,10,6
05/20/2014 11:00:00 AM,13,5,8
05/20/2014 12:00:00 PM,18,9,9
05/20/2014 01:00:00 PM,25,14,11
05/20/2014 02:00:00 PM,22,5,17
05/20/2014 03:00:00 PM,29,10,19
05/20/2014 04:00:00 PM,55,27,28
05/20/2014 05:00:00 PM,56,33,23
05/20/2014 06:00:00 PM,55,29,26
05/20/2014 07:00:00 PM,30,17,13
05/20/2014 08:00:00 PM,40,19,21
05/20/2014 09:00:00 PM,24,12,12
05/20/2014 10:00:00 PM,4,0,4
05/20/2014 11:00:00 PM,11,5,6
05/21/2014 12:00:00 AM,2,2,0
05/21/2014 01:00:00 AM,6,4,2
05/21/2014 02:00:00 AM,2,0,2
05/21/2014 03:00:00 AM,0,0,0
05/21/2014 04:00:00 AM,2,0,2
05/21/2014 05:00:00 AM,2,2,0
05/21/2014 06:00:00 AM,20,7,13
05/21/2014 07:00:00 AM,22,7,15
05/21/2014 08:00:00 AM,33,13,20
05/21/2014 09:00:00 AM,16,6,10
05/21/2014 10:00:00 AM,19,11,8
05/21/2014 11:00:00 AM,23,11,12
05/21/2014 12:00:00 PM,32,14,18
05/21/2014 01:00:00 PM,30,14,16
05/21/2014 02:00:00 PM,28,14,14
05/21/2014 03:00:00 PM,29,17,12
05/21/2014 04:00:00 PM,28,20,8
05/21/2014 05:00:00 PM,65,32,33
05/21/2014 06:00:00 PM,53,31,22
05/21/2014 07:00:00 PM,40,19,21
05/21/2014 08:00:00 PM,35,16,19
05/21/2014 09:00:00 PM,30,12,18
05/21/2014 10:00:00 PM,16,4,12
05/21/2014 11:00:00 PM,17,9,8
05/22/2014 12:00:00 AM,2,2,0
05/22/2014 01:00:00 AM,3,3,0
05/22/2014 02:00:00 AM,2,2,0
05/22/2014 03:00:00 AM,0,0,0
05/22/2014 04:00:00 AM,0,0,0
05/22/2014 05:00:00 AM,7,5,2
05/22/2014 06:00:00 AM,11,0,11
05/22/2014 07:00:00 AM,29,14,15
05/22/2014 08:00:00 AM,34,10,24
05/22/2014 09:00:00 AM,26,10,16
05/22/2014 10:00:00 AM,23,15,8
05/22/2014 11:00:00 AM,8,7,1
05/22/2014 12:00:00 PM,21,11,10
05/22/2014 01:00:00 PM,28,12,16
05/22/2014 02:00:00 PM,20,8,12
05/22/2014 03:00:00 PM,40,26,14
05/22/2014 04:00:00 PM,47,27,20
05/22/2014 05:00:00 PM,59,22,37
05/22/2014 06:00:00 PM,55,23,32
05/22/2014 07:00:00 PM,28,16,12
05/22/2014 08:00:00 PM,36,21,15
05/22/2014 09:00:00 PM,23,10,13
05/22/2014 10:00:00 PM,6,4,2
05/22/2014 11:00:00 PM,6,3,3
05/23/2014 12:00:00 AM,6,4,2
05/23/2014 01:00:00 AM,4,2,2
05/23/2014 02:00:00 AM,5,2,3
05/23/2014 03:00:00 AM,0,0,0
05/23/2014 04:00:00 AM,2,0,2
05/23/2014 05:00:00 AM,9,5,4
05/23/2014 06:00:00 AM,11,3,8
05/23/2014 07:00:00 AM,12,6,6
05/23/2014 08:00:00 AM,17,8,9
05/23/2014 09:00:00 AM,7,5,2
05/23/2014 10:00:00 AM,13,9,4
05/23/2014 11:00:00 AM,5,1,4
05/23/2014 12:00:00 PM,13,5,8
05/23/2014 01:00:00 PM,10,6,4
05/23/2014 02:00:00 PM,16,7,9
05/23/2014 03:00:00 PM,31,13,18
05/23/2014 04:00:00 PM,22,17,5
05/23/2014 05:00:00 PM,36,20,16
05/23/2014 06:00:00 PM,19,13,6
05/23/2014 07:00:00 PM,14,13,1
05/23/2014 08:00:00 PM,14,8,6
05/23/2014 09:00:00 PM,14,6,8
05/23/2014 10:00:00 PM,5,1,4
05/23/2014 11:00:00 PM,2,0,2
05/24/2014 12:00:00 AM,17,15,2
05/24/2014 01:00:00 AM,5,5,0
05/24/2014 02:00:00 AM,7,3,4
05/24/2014 03:00:00 AM,0,0,0
05/24/2014 04:00:00 AM,3,3,0
05/24/2014 05:00:00 AM,4,2,2
05/24/2014 06:00:00 AM,3,0,3
05/24/2014 07:00:00 AM,9,4,5
05/24/2014 08:00:00 AM,3,1,2
05/24/2014 09:00:00 AM,9,3,6
05/24/2014 10:00:00 AM,17,9,8
05/24/2014 11:00:00 AM,17,11,6
05/24/2014 12:00:00 PM,17,8,9
05/24/2014 01:00:00 PM,11,3,8
05/24/2014 02:00:00 PM,32,11,21
05/24/2014 03:00:00 PM,18,7,11
05/24/2014 04:00:00 PM,22,12,10
05/24/2014 05:00:00 PM,15,8,7
05/24/2014 06:00:00 PM,27,9,18
05/24/2014 07:00:00 PM,22,11,11
05/24/2014 08:00:00 PM,34,20,14
05/24/2014 09:00:00 PM,15,5,10
05/24/2014 10:00:00 PM,3,3,0
05/24/2014 11:00:00 PM,9,5,4
05/25/2014 12:00:00 AM,16,5,11
05/25/2014 01:00:00 AM,3,1,2
05/25/2014 02:00:00 AM,5,2,3
05/25/2014 03:00:00 AM,3,3,0
05/25/2014 04:00:00 AM,3,2,1
05/25/2014 05:00:00 AM,0,0,0
05/25/2014 06:00:00 AM,1,0,1
05/25/2014 07:00:00 AM,3,0,3
05/25/2014 08:00:00 AM,4,3,1
05/25/2014 09:00:00 AM,4,2,2
05/25/2014 10:00:00 AM,5,2,3
05/25/2014 11:00:00 AM,24,10,14
05/25/2014 12:00:00 PM,32,13,19
05/25/2014 01:00:00 PM,26,12,14
05/25/2014 02:00:00 PM,8,2,6
05/25/2014 03:00:00 PM,7,3,4
05/25/2014 04:00:00 PM,20,8,12
05/25/2014 05:00:00 PM,9,5,4
05/25/2014 06:00:00 PM,26,12,14
05/25/2014 07:00:00 PM,6,4,2
05/25/2014 08:00:00 PM,10,7,3
05/25/2014 09:00:00 PM,10,6,4
05/25/2014 10:00:00 PM,10,6,4
05/25/2014 11:00:00 PM,12,7,5
05/26/2014 12:00:00 AM,1,0,1
05/26/2014 01:00:00 AM,0,0,0
05/26/2014 02:00:00 AM,0,0,0
05/26/2014 03:00:00 AM,0,0,0
05/26/2014 04:00:00 AM,2,2,0
05/26/2014 05:00:00 AM,0,0,0
05/26/2014 06:00:00 AM,5,0,5
05/26/2014 07:00:00 AM,3,3,0
05/26/2014 08:00:00 AM,2,0,2
05/26/2014 09:00:00 AM,4,2,2
05/26/2014 10:00:00 AM,16,10,6
05/26/2014 11:00:00 AM,12,1,11
05/26/2014 12:00:00 PM,23,10,13
05/26/2014 01:00:00 PM,27,12,15
05/26/2014 02:00:00 PM,26,17,9
05/26/2014 03:00:00 PM,22,6,16
05/26/2014 04:00:00 PM,28,19,9
05/26/2014 05:00:00 PM,20,12,8
05/26/2014 06:00:00 PM,20,9,11
05/26/2014 07:00:00 PM,6,3,3
05/26/2014 08:00:00 PM,28,21,7
05/26/2014 09:00:00 PM,24,12,12
05/26/2014 10:00:00 PM,11,4,7
05/26/2014 11:00:00 PM,14,6,8
05/27/2014 12:00:00 AM,9,5,4
05/27/2014 01:00:00 AM,2,2,0
05/27/2014 02:00:00 AM,1,1,0
05/27/2014 03:00:00 AM,0,0,0
05/27/2014 04:00:00 AM,0,0,0
05/27/2014 05:00:00 AM,6,2,4
05/27/2014 06:00:00 AM,12,2,10
05/27/2014 07:00:00 AM,29,21,8
05/27/2014 08:00:00 AM,35,10,25
05/27/2014 09:00:00 AM,22,6,16
05/27/2014 10:00:00 AM,20,7,13
05/27/2014 11:00:00 AM,18,9,9
05/27/2014 12:00:00 PM,24,12,12
05/27/2014 01:00:00 PM,17,6,11
05/27/2014 02:00:00 PM,27,18,9
05/27/2014 03:00:00 PM,23,15,8
05/27/2014 04:00:00 PM,43,19,24
05/27/2014 05:00:00 PM,65,49,16
05/27/2014 06:00:00 PM,53,31,22
05/27/2014 07:00:00 PM,32,13,19
05/27/2014 08:00:00 PM,39,20,19
05/27/2014 09:00:00 PM,40,21,19
05/27/2014 10:00:00 PM,12,9,3
05/27/2014 11:00:00 PM,5,3,2
05/28/2014 12:00:00 AM,3,1,2
05/28/2014 01:00:00 AM,4,2,2
05/28/2014 02:00:00 AM,1,0,1
05/28/2014 03:00:00 AM,0,0,0
05/28/2014 04:00:00 AM,0,0,0
05/28/2014 05:00:00 AM,1,1,0
05/28/2014 06:00:00 AM,13,2,11
05/28/2014 07:00:00 AM,20,6,14
05/28/2014 08:00:00 AM,31,11,20
05/28/2014 09:00:00 AM,14,6,8
05/28/2014 10:00:00 AM,20,11,9
05/28/2014 11:00:00 AM,18,6,12
05/28/2014 12:00:00 PM,31,8,23
05/28/2014 01:00:00 PM,23,7,16
05/28/2014 02:00:00 PM,26,13,13
05/28/2014 03:00:00 PM,18,7,11
05/28/2014 04:00:00 PM,52,31,21
05/28/2014 05:00:00 PM,56,25,31
05/28/2014 06:00:00 PM,30,13,17
05/28/2014 07:00:00 PM,22,13,9
05/28/2014 08:00:00 PM,29,14,15
05/28/2014 09:00:00 PM,21,7,14
05/28/2014 10:00:00 PM,13,5,8
05/28/2014 11:00:00 PM,4,2,2
05/29/2014 12:00:00 AM,6,4,2
05/29/2014 01:00:00 AM,0,0,0
05/29/2014 02:00:00 AM,0,0,0
05/29/2014 03:00:00 AM,0,0,0
05/29/2014 04:00:00 AM,0,0,0
05/29/2014 05:00:00 AM,6,4,2
05/29/2014 06:00:00 AM,24,8,16
05/29/2014 07:00:00 AM,22,8,14
05/29/2014 08:00:00 AM,21,11,10
05/29/2014 09:00:00 AM,37,11,26
05/29/2014 10:00:00 AM,23,11,12
05/29/2014 11:00:00 AM,31,21,10
05/29/2014 12:00:00 PM,21,7,14
05/29/2014 01:00:00 PM,12,7,5
05/29/2014 02:00:00 PM,24,10,14
05/29/2014 03:00:00 PM,21,9,12
05/29/2014 04:00:00 PM,49,32,17
05/29/2014 05:00:00 PM,73,33,40
05/29/2014 06:00:00 PM,56,25,31
05/29/2014 07:00:00 PM,22,14,8
05/29/2014 08:00:00 PM,31,13,18
05/29/2014 09:00:00 PM,19,7,12
05/29/2014 10:00:00 PM,5,0,5
05/29/2014 11:00:00 PM,16,11,5
05/30/2014 12:00:00 AM,6,3,3
05/30/2014 01:00:00 AM,0,0,0
05/30/2014 02:00:00 AM,2,2,0
05/30/2014 03:00:00 AM,0,0,0
05/30/2014 04:00:00 AM,0,0,0
05/30/2014 05:00:00 AM,5,3,2
05/30/2014 06:00:00 AM,12,3,9
05/30/2014 07:00:00 AM,30,12,18
05/30/2014 08:00:00 AM,37,14,23
05/30/2014 09:00:00 AM,33,16,17
05/30/2014 10:00:00 AM,20,12,8
05/30/2014 11:00:00 AM,31,11,20
05/30/2014 12:00:00 PM,28,13,15
05/30/2014 01:00:00 PM,33,11,22
05/30/2014 02:00:00 PM,18,12,6
05/30/2014 03:00:00 PM,30,13,17
05/30/2014 04:00:00 PM,71,30,41
05/30/2014 05:00:00 PM,46,18,28
05/30/2014 06:00:00 PM,65,38,27
05/30/2014 07:00:00 PM,50,31,19
05/30/2014 08:00:00 PM,21,4,17
05/30/2014 09:00:00 PM,15,4,11
05/30/2014 10:00:00 PM,14,8,6
05/30/2014 11:00:00 PM,16,7,9
05/31/2014 12:00:00 AM,14,7,7
05/31/2014 01:00:00 AM,5,2,3
05/31/2014 02:00:00 AM,6,5,1
05/31/2014 03:00:00 AM,1,0,1
05/31/2014 04:00:00 AM,2,2,0
05/31/2014 05:00:00 AM,5,3,2
05/31/2014 06:00:00 AM,13,7,6
05/31/2014 07:00:00 AM,14,10,4
05/31/2014 08:00:00 AM,5,3,2
05/31/2014 09:00:00 AM,9,4,5
05/31/2014 10:00:00 AM,15,10,5
05/31/2014 11:00:00 AM,31,11,20
05/31/2014 12:00:00 PM,39,8,31
05/31/2014 01:00:00 PM,18,9,9
05/31/2014 02:00:00 PM,23,11,12
05/31/2014 03:00:00 PM,36,24,12
05/31/2014 04:00:00 PM,31,15,16
05/31/2014 05:00:00 PM,30,8,22
05/31/2014 06:00:00 PM,11,5,6
05/31/2014 07:00:00 PM,13,6,7
05/31/2014 08:00:00 PM,27,12,15
05/31/2014 09:00:00 PM,14,8,6
05/31/2014 10:00:00 PM,9,5,4
05/31/2014 11:00:00 PM,18,7,11
06/01/2014 12:00:00 AM,8,4,4
06/01/2014 01:00:00 AM,9,4,5
06/01/2014 02:00:00 AM,12,3,9
06/01/2014 03:00:00 AM,0,0,0
06/01/2014 04:00:00 AM,0,0,0
06/01/2014 05:00:00 AM,0,0,0
06/01/2014 06:00:00 AM,0,0,0
06/01/2014 07:00:00 AM,0,0,0
06/01/2014 08:00:00 AM,0,0,0
06/01/2014 09:00:00 AM,0,0,0
06/01/2014 10:00:00 AM,0,0,0
06/01/2014 11:00:00 AM,0,0,0
06/01/2014 12:00:00 PM,0,0,0
06/01/2014 01:00:00 PM,0,0,0
06/01/2014 02:00:00 PM,0,0,0
06/01/2014 03:00:00 PM,0,0,0
06/01/2014 04:00:00 PM,0,0,0
06/01/2014 05:00:00 PM,0,0,0
06/01/2014 06:00:00 PM,0,0,0
06/01/2014 07:00:00 PM,0,0,0
06/01/2014 08:00:00 PM,0,0,0
06/01/2014 09:00:00 PM,0,0,0
06/01/2014 10:00:00 PM,0,0,0
06/01/2014 11:00:00 PM,0,0,0
06/02/2014 12:00:00 AM,0,0,0
06/02/2014 01:00:00 AM,0,0,0
06/02/2014 02:00:00 AM,0,0,0
06/02/2014 03:00:00 AM,0,0,0
06/02/2014 04:00:00 AM,0,0,0
06/02/2014 05:00:00 AM,0,0,0
06/02/2014 06:00:00 AM,0,0,0
06/02/2014 07:00:00 AM,0,0,0
06/02/2014 08:00:00 AM,0,0,0
06/02/2014 09:00:00 AM,0,0,0
06/02/2014 10:00:00 AM,0,0,0
06/02/2014 11:00:00 AM,27,2,25
06/02/2014 12:00:00 PM,37,19,18
06/02/2014 01:00:00 PM,34,13,21
06/02/2014 02:00:00 PM,13,9,4
06/02/2014 03:00:00 PM,29,16,13
06/02/2014 04:00:00 PM,33,13,20
06/02/2014 05:00:00 PM,77,40,37
06/02/2014 06:00:00 PM,43,25,18
06/02/2014 07:00:00 PM,36,16,20
06/02/2014 08:00:00 PM,35,18,17
06/02/2014 09:00:00 PM,23,6,17
06/02/2014 10:00:00 PM,10,4,6
06/02/2014 11:00:00 PM,21,11,10
06/03/2014 12:00:00 AM,2,2,0
06/03/2014 01:00:00 AM,0,0,0
06/03/2014 02:00:00 AM,0,0,0
06/03/2014 03:00:00 AM,0,0,0
06/03/2014 04:00:00 AM,2,0,2
06/03/2014 05:00:00 AM,7,3,4
06/03/2014 06:00:00 AM,7,2,5
06/03/2014 07:00:00 AM,32,7,25
06/03/2014 08:00:00 AM,16,5,11
06/03/2014 09:00:00 AM,21,16,5
06/03/2014 10:00:00 AM,24,15,9
06/03/2014 11:00:00 AM,21,8,13
06/03/2014 12:00:00 PM,35,11,24
06/03/2014 01:00:00 PM,35,15,20
06/03/2014 02:00:00 PM,31,15,16
06/03/2014 03:00:00 PM,33,16,17
06/03/2014 04:00:00 PM,30,14,16
06/03/2014 05:00:00 PM,69,46,23
06/03/2014 06:00:00 PM,43,30,13
06/03/2014 07:00:00 PM,43,23,20
06/03/2014 08:00:00 PM,14,3,11
06/03/2014 09:00:00 PM,24,6,18
06/03/2014 10:00:00 PM,25,12,13
06/03/2014 11:00:00 PM,18,10,8
06/04/2014 12:00:00 AM,4,0,4
06/04/2014 01:00:00 AM,2,2,0
06/04/2014 02:00:00 AM,2,0,2
06/04/2014 03:00:00 AM,1,0,1
06/04/2014 04:00:00 AM,0,0,0
06/04/2014 05:00:00 AM,6,4,2
06/04/2014 06:00:00 AM,34,9,25
06/04/2014 07:00:00 AM,34,16,18
06/04/2014 08:00:00 AM,22,6,16
06/04/2014 09:00:00 AM,25,10,15
06/04/2014 10:00:00 AM,25,15,10
06/04/2014 11:00:00 AM,33,15,18
06/04/2014 12:00:00 PM,37,21,16
06/04/2014 01:00:00 PM,39,18,21
06/04/2014 02:00:00 PM,20,13,7
06/04/2014 03:00:00 PM,37,23,14
06/04/2014 04:00:00 PM,51,16,35
06/04/2014 05:00:00 PM,59,37,22
06/04/2014 06:00:00 PM,48,24,24
06/04/2014 07:00:00 PM,43,26,17
06/04/2014 08:00:00 PM,28,15,13
06/04/2014 09:00:00 PM,28,8,20
06/04/2014 10:00:00 PM,20,8,12
06/04/2014 11:00:00 PM,22,6,16
06/05/2014 12:00:00 AM,7,4,3
06/05/2014 01:00:00 AM,2,0,2
06/05/2014 02:00:00 AM,0,0,0
06/05/2014 03:00:00 AM,1,1,0
06/05/2014 04:00:00 AM,0,0,0
06/05/2014 05:00:00 AM,8,4,4
06/05/2014 06:00:00 AM,19,8,11
06/05/2014 07:00:00 AM,14,3,11
06/05/2014 08:00:00 AM,40,17,23
06/05/2014 09:00:00 AM,31,10,21
06/05/2014 10:00:00 AM,13,7,6
06/05/2014 11:00:00 AM,18,5,13
06/05/2014 12:00:00 PM,26,13,13
06/05/2014 01:00:00 PM,26,12,14
06/05/2014 02:00:00 PM,29,11,18
06/05/2014 03:00:00 PM,44,18,26
06/05/2014 04:00:00 PM,40,23,17
06/05/2014 05:00:00 PM,67,31,36
06/05/2014 06:00:00 PM,62,19,43
06/05/2014 07:00:00 PM,57,30,27
06/05/2014 08:00:00 PM,43,22,21
06/05/2014 09:00:00 PM,17,10,7
06/05/2014 10:00:00 PM,21,12,9
06/05/2014 11:00:00 PM,11,7,4
06/06/2014 12:00:00 AM,5,3,2
06/06/2014 01:00:00 AM,5,4,1
06/06/2014 02:00:00 AM,4,2,2
06/06/2014 03:00:00 AM,0,0,0
06/06/2014 04:00:00 AM,4,2,2
06/06/2014 05:00:00 AM,3,3,0
06/06/2014 06:00:00 AM,16,4,12
06/06/2014 07:00:00 AM,41,25,16
06/06/2014 08:00:00 AM,22,14,8
06/06/2014 09:00:00 AM,21,10,11
06/06/2014 10:00:00 AM,24,17,7
06/06/2014 11:00:00 AM,20,8,12
06/06/2014 12:00:00 PM,47,23,24
06/06/2014 01:00:00 PM,45,11,34
06/06/2014 02:00:00 PM,29,15,14
06/06/2014 03:00:00 PM,24,8,16
06/06/2014 04:00:00 PM,58,32,26
06/06/2014 05:00:00 PM,50,30,20
06/06/2014 06:00:00 PM,36,18,18
06/06/2014 07:00:00 PM,31,11,20
06/06/2014 08:00:00 PM,25,9,16
06/06/2014 09:00:00 PM,28,14,14
06/06/2014 10:00:00 PM,15,6,9
06/06/2014 11:00:00 PM,28,9,19
06/07/2014 12:00:00 AM,3,1,2
06/07/2014 01:00:00 AM,15,9,6
06/07/2014 02:00:00 AM,10,9,1
06/07/2014 03:00:00 AM,4,0,4
06/07/2014 04:00:00 AM,6,0,6
06/07/2014 05:00:00 AM,6,6,0
06/07/2014 06:00:00 AM,6,4,2
06/07/2014 07:00:00 AM,3,0,3
06/07/2014 08:00:00 AM,15,8,7
06/07/2014 09:00:00 AM,6,0,6
06/07/2014 10:00:00 AM,20,13,7
06/07/2014 11:00:00 AM,25,13,12
06/07/2014 12:00:00 PM,38,22,16
06/07/2014 01:00:00 PM,43,29,14
06/07/2014 02:00:00 PM,42,23,19
06/07/2014 03:00:00 PM,43,23,20
06/07/2014 04:00:00 PM,31,18,13
06/07/2014 05:00:00 PM,47,25,22
06/07/2014 06:00:00 PM,33,12,21
06/07/2014 07:00:00 PM,15,9,6
06/07/2014 08:00:00 PM,20,9,11
06/07/2014 09:00:00 PM,30,12,18
06/07/2014 10:00:00 PM,13,5,8
06/07/2014 11:00:00 PM,14,4,10
06/08/2014 12:00:00 AM,21,11,10
06/08/2014 01:00:00 AM,7,7,0
06/08/2014 02:00:00 AM,10,3,7
06/08/2014 03:00:00 AM,0,0,0
06/08/2014 04:00:00 AM,3,2,1
06/08/2014 05:00:00 AM,4,4,0
06/08/2014 06:00:00 AM,9,2,7
06/08/2014 07:00:00 AM,3,1,2
06/08/2014 08:00:00 AM,9,2,7
06/08/2014 09:00:00 AM,8,6,2
06/08/2014 10:00:00 AM,5,4,1
06/08/2014 11:00:00 AM,19,10,9
06/08/2014 12:00:00 PM,15,13,2
06/08/2014 01:00:00 PM,15,9,6
06/08/2014 02:00:00 PM,16,6,10
06/08/2014 03:00:00 PM,24,8,16
06/08/2014 04:00:00 PM,33,17,16
06/08/2014 05:00:00 PM,34,20,14
06/08/2014 06:00:00 PM,28,21,7
06/08/2014 07:00:00 PM,34,14,20
06/08/2014 08:00:00 PM,25,14,11
06/08/2014 09:00:00 PM,10,2,8
06/08/2014 10:00:00 PM,13,4,9
06/08/2014 11:00:00 PM,12,2,10
06/09/2014 12:00:00 AM,6,4,2
06/09/2014 01:00:00 AM,2,0,2
06/09/2014 02:00:00 AM,4,1,3
06/09/2014 03:00:00 AM,0,0,0
06/09/2014 04:00:00 AM,0,0,0
06/09/2014 05:00:00 AM,5,4,1
06/09/2014 06:00:00 AM,14,8,6
06/09/2014 07:00:00 AM,28,10,18
06/09/2014 08:00:00 AM,36,14,22
06/09/2014 09:00:00 AM,19,8,11
06/09/2014 10:00:00 AM,22,12,10
06/09/2014 11:00:00 AM,24,16,8
06/09/2014 12:00:00 PM,17,11,6
06/09/2014 01:00:00 PM,30,11,19
06/09/2014 02:00:00 PM,25,8,17
06/09/2014 03:00:00 PM,45,35,10
06/09/2014 04:00:00 PM,42,17,25
06/09/2014 05:00:00 PM,59,34,25
06/09/2014 06:00:00 PM,57,33,24
06/09/2014 07:00:00 PM,31,19,12
06/09/2014 08:00:00 PM,32,22,10
06/09/2014 09:00:00 PM,25,6,19
06/09/2014 10:00:00 PM,17,8,9
06/09/2014 11:00:00 PM,26,12,14
06/10/2014 12:00:00 AM,6,4,2
06/10/2014 01:00:00 AM,2,2,0
06/10/2014 02:00:00 AM,0,0,0
06/10/2014 03:00:00 AM,0,0,0
06/10/2014 04:00:00 AM,0,0,0
06/10/2014 05:00:00 AM,5,1,4
06/10/2014 06:00:00 AM,25,6,19
06/10/2014 07:00:00 AM,27,19,8
06/10/2014 08:00:00 AM,29,9,20
06/10/2014 09:00:00 AM,32,20,12
06/10/2014 10:00:00 AM,20,12,8
06/10/2014 11:00:00 AM,9,7,2
06/10/2014 12:00:00 PM,28,13,15
06/10/2014 01:00:00 PM,25,16,9
06/10/2014 02:00:00 PM,23,9,14
06/10/2014 03:00:00 PM,47,21,26
06/10/2014 04:00:00 PM,53,27,26
06/10/2014 05:00:00 PM,95,51,44
06/10/2014 06:00:00 PM,56,19,37
06/10/2014 07:00:00 PM,38,20,18
06/10/2014 08:00:00 PM,16,6,10
06/10/2014 09:00:00 PM,6,2,4
06/10/2014 10:00:00 PM,14,8,6
06/10/2014 11:00:00 PM,14,6,8
06/11/2014 12:00:00 AM,14,6,8
06/11/2014 01:00:00 AM,9,7,2
06/11/2014 02:00:00 AM,0,0,0
06/11/2014 03:00:00 AM,0,0,0
06/11/2014 04:00:00 AM,0,0,0
06/11/2014 05:00:00 AM,3,2,1
06/11/2014 06:00:00 AM,30,10,20
06/11/2014 07:00:00 AM,33,11,22
06/11/2014 08:00:00 AM,42,20,22
06/11/2014 09:00:00 AM,35,25,10
06/11/2014 10:00:00 AM,15,11,4
06/11/2014 11:00:00 AM,27,12,15
06/11/2014 12:00:00 PM,34,19,15
06/11/2014 01:00:00 PM,19,7,12
06/11/2014 02:00:00 PM,25,13,12
06/11/2014 03:00:00 PM,46,25,21
06/11/2014 04:00:00 PM,61,29,32
06/11/2014 05:00:00 PM,83,41,42
06/11/2014 06:00:00 PM,42,20,22
06/11/2014 07:00:00 PM,31,19,12
06/11/2014 08:00:00 PM,41,19,22
06/11/2014 09:00:00 PM,13,5,8
06/11/2014 10:00:00 PM,7,4,3
06/11/2014 11:00:00 PM,22,14,8
06/12/2014 12:00:00 AM,5,3,2
06/12/2014 01:00:00 AM,6,6,0
06/12/2014 02:00:00 AM,2,0,2
06/12/2014 03:00:00 AM,3,0,3
06/12/2014 04:00:00 AM,0,0,0
06/12/2014 05:00:00 AM,6,4,2
06/12/2014 06:00:00 AM,21,5,16
06/12/2014 07:00:00 AM,30,13,17
06/12/2014 08:00:00 AM,31,13,18
06/12/2014 09:00:00 AM,27,11,16
06/12/2014 10:00:00 AM,20,7,13
06/12/2014 11:00:00 AM,22,10,12
06/12/2014 12:00:00 PM,39,23,16
06/12/2014 01:00:00 PM,20,11,9
06/12/2014 02:00:00 PM,24,8,16
06/12/2014 03:00:00 PM,21,9,12
06/12/2014 04:00:00 PM,38,20,18
06/12/2014 05:00:00 PM,60,34,26
06/12/2014 06:00:00 PM,56,25,31
06/12/2014 07:00:00 PM,44,20,24
06/12/2014 08:00:00 PM,25,11,14
06/12/2014 09:00:00 PM,28,6,22
06/12/2014 10:00:00 PM,20,15,5
06/12/2014 11:00:00 PM,10,6,4
06/13/2014 12:00:00 AM,12,5,7
06/13/2014 01:00:00 AM,6,2,4
06/13/2014 02:00:00 AM,2,2,0
06/13/2014 03:00:00 AM,0,0,0
06/13/2014 04:00:00 AM,2,0,2
06/13/2014 05:00:00 AM,8,4,4
06/13/2014 06:00:00 AM,18,4,14
06/13/2014 07:00:00 AM,25,5,20
06/13/2014 08:00:00 AM,20,11,9
06/13/2014 09:00:00 AM,22,15,7
06/13/2014 10:00:00 AM,8,4,4
06/13/2014 11:00:00 AM,15,4,11
06/13/2014 12:00:00 PM,13,5,8
06/13/2014 01:00:00 PM,19,12,7
06/13/2014 02:00:00 PM,21,8,13
06/13/2014 03:00:00 PM,9,6,3
06/13/2014 04:00:00 PM,15,11,4
06/13/2014 05:00:00 PM,39,25,14
06/13/2014 06:00:00 PM,41,25,16
06/13/2014 07:00:00 PM,36,12,24
06/13/2014 08:00:00 PM,24,14,10
06/13/2014 09:00:00 PM,13,10,3
06/13/2014 10:00:00 PM,19,11,8
06/13/2014 11:00:00 PM,9,4,5
06/14/2014 12:00:00 AM,18,10,8
06/14/2014 01:00:00 AM,4,3,1
06/14/2014 02:00:00 AM,3,1,2
06/14/2014 03:00:00 AM,1,1,0
06/14/2014 04:00:00 AM,2,2,0
06/14/2014 05:00:00 AM,1,1,0
06/14/2014 06:00:00 AM,5,2,3
06/14/2014 07:00:00 AM,4,2,2
06/14/2014 08:00:00 AM,6,4,2
06/14/2014 09:00:00 AM,15,9,6
06/14/2014 10:00:00 AM,12,2,10
06/14/2014 11:00:00 AM,11,7,4
06/14/2014 12:00:00 PM,21,13,8
06/14/2014 01:00:00 PM,16,4,12
06/14/2014 02:00:00 PM,8,5,3
06/14/2014 03:00:00 PM,16,9,7
06/14/2014 04:00:00 PM,14,10,4
06/14/2014 05:00:00 PM,20,11,9
06/14/2014 06:00:00 PM,27,12,15
06/14/2014 07:00:00 PM,23,15,8
06/14/2014 08:00:00 PM,21,12,9
06/14/2014 09:00:00 PM,8,4,4
06/14/2014 10:00:00 PM,12,5,7
06/14/2014 11:00:00 PM,8,4,4
06/15/2014 12:00:00 AM,5,5,0
06/15/2014 01:00:00 AM,10,10,0
06/15/2014 02:00:00 AM,7,5,2
06/15/2014 03:00:00 AM,2,0,2
06/15/2014 04:00:00 AM,0,0,0
06/15/2014 05:00:00 AM,2,2,0
06/15/2014 06:00:00 AM,4,0,4
06/15/2014 07:00:00 AM,3,3,0
06/15/2014 08:00:00 AM,8,2,6
06/15/2014 09:00:00 AM,7,5,2
06/15/2014 10:00:00 AM,10,2,8
06/15/2014 11:00:00 AM,10,8,2
06/15/2014 12:00:00 PM,15,9,6
06/15/2014 01:00:00 PM,12,10,2
06/15/2014 02:00:00 PM,21,1,20
06/15/2014 03:00:00 PM,2,2,0
06/15/2014 04:00:00 PM,16,6,10
06/15/2014 05:00:00 PM,26,15,11
06/15/2014 06:00:00 PM,10,4,6
06/15/2014 07:00:00 PM,14,10,4
06/15/2014 08:00:00 PM,9,5,4
06/15/2014 09:00:00 PM,12,6,6
06/15/2014 10:00:00 PM,6,2,4
06/15/2014 11:00:00 PM,2,0,2
06/16/2014 12:00:00 AM,3,0,3
06/16/2014 01:00:00 AM,2,0,2
06/16/2014 02:00:00 AM,8,4,4
06/16/2014 03:00:00 AM,2,2,0
06/16/2014 04:00:00 AM,0,0,0
06/16/2014 05:00:00 AM,2,0,2
06/16/2014 06:00:00 AM,19,2,17
06/16/2014 07:00:00 AM,15,7,8
06/16/2014 08:00:00 AM,21,5,16
06/16/2014 09:00:00 AM,14,6,8
06/16/2014 10:00:00 AM,13,9,4
06/16/2014 11:00:00 AM,17,10,7
06/16/2014 12:00:00 PM,32,12,20
06/16/2014 01:00:00 PM,21,14,7
06/16/2014 02:00:00 PM,20,9,11
06/16/2014 03:00:00 PM,21,9,12
06/16/2014 04:00:00 PM,29,14,15
06/16/2014 05:00:00 PM,55,36,19
06/16/2014 06:00:00 PM,54,19,35
06/16/2014 07:00:00 PM,19,12,7
06/16/2014 08:00:00 PM,23,13,10
06/16/2014 09:00:00 PM,41,27,14
06/16/2014 10:00:00 PM,14,4,10
06/16/2014 11:00:00 PM,27,14,13
06/17/2014 12:00:00 AM,7,0,7
06/17/2014 01:00:00 AM,4,2,2
06/17/2014 02:00:00 AM,0,0,0
06/17/2014 03:00:00 AM,0,0,0
06/17/2014 04:00:00 AM,0,0,0
06/17/2014 05:00:00 AM,4,2,2
06/17/2014 06:00:00 AM,19,1,18
06/17/2014 07:00:00 AM,27,15,12
06/17/2014 08:00:00 AM,47,15,32
06/17/2014 09:00:00 AM,30,12,18
06/17/2014 10:00:00 AM,24,11,13
06/17/2014 11:00:00 AM,12,6,6
06/17/2014 12:00:00 PM,31,21,10
06/17/2014 01:00:00 PM,15,6,9
06/17/2014 02:00:00 PM,18,10,8
06/17/2014 03:00:00 PM,13,9,4
06/17/2014 04:00:00 PM,33,12,21
06/17/2014 05:00:00 PM,83,45,38
06/17/2014 06:00:00 PM,55,23,32
06/17/2014 07:00:00 PM,44,25,19
06/17/2014 08:00:00 PM,41,24,17
06/17/2014 09:00:00 PM,13,6,7
06/17/2014 10:00:00 PM,15,9,6
06/17/2014 11:00:00 PM,12,6,6
06/18/2014 12:00:00 AM,0,0,0
06/18/2014 01:00:00 AM,2,2,0
06/18/2014 02:00:00 AM,1,1,0
06/18/2014 03:00:00 AM,0,0,0
06/18/2014 04:00:00 AM,0,0,0
06/18/2014 05:00:00 AM,10,4,6
06/18/2014 06:00:00 AM,28,7,21
06/18/2014 07:00:00 AM,23,11,12
06/18/2014 08:00:00 AM,33,17,16
06/18/2014 09:00:00 AM,28,18,10
06/18/2014 10:00:00 AM,10,3,7
06/18/2014 11:00:00 AM,28,13,15
06/18/2014 12:00:00 PM,47,23,24
06/18/2014 01:00:00 PM,24,14,10
06/18/2014 02:00:00 PM,26,10,16
06/18/2014 03:00:00 PM,40,15,25
06/18/2014 04:00:00 PM,56,29,27
06/18/2014 05:00:00 PM,67,35,32
06/18/2014 06:00:00 PM,53,33,20
06/18/2014 07:00:00 PM,49,23,26
06/18/2014 08:00:00 PM,27,16,11
06/18/2014 09:00:00 PM,19,9,10
06/18/2014 10:00:00 PM,13,3,10
06/18/2014 11:00:00 PM,18,12,6
06/19/2014 12:00:00 AM,9,3,6
06/19/2014 01:00:00 AM,2,0,2
06/19/2014 02:00:00 AM,2,0,2
06/19/2014 03:00:00 AM,0,0,0
06/19/2014 04:00:00 AM,2,2,0
06/19/2014 05:00:00 AM,5,2,3
06/19/2014 06:00:00 AM,11,4,7
06/19/2014 07:00:00 AM,35,11,24
06/19/2014 08:00:00 AM,31,11,20
06/19/2014 09:00:00 AM,30,17,13
06/19/2014 10:00:00 AM,7,4,3
06/19/2014 11:00:00 AM,15,12,3
06/19/2014 12:00:00 PM,31,10,21
06/19/2014 01:00:00 PM,36,16,20
06/19/2014 02:00:00 PM,29,15,14
06/19/2014 03:00:00 PM,32,9,23
06/19/2014 04:00:00 PM,43,24,19
06/19/2014 05:00:00 PM,69,40,29
06/19/2014 06:00:00 PM,48,22,26
06/19/2014 07:00:00 PM,27,8,19
06/19/2014 08:00:00 PM,36,24,12
06/19/2014 09:00:00 PM,23,9,14
06/19/2014 10:00:00 PM,17,9,8
06/19/2014 11:00:00 PM,2,2,0
06/20/2014 12:00:00 AM,12,9,3
06/20/2014 01:00:00 AM,2,0,2
06/20/2014 02:00:00 AM,3,0,3
06/20/2014 03:00:00 AM,0,0,0
06/20/2014 04:00:00 AM,0,0,0
06/20/2014 05:00:00 AM,3,1,2
06/20/2014 06:00:00 AM,13,2,11
06/20/2014 07:00:00 AM,32,13,19
06/20/2014 08:00:00 AM,23,7,16
06/20/2014 09:00:00 AM,37,15,22
06/20/2014 10:00:00 AM,20,12,8
06/20/2014 11:00:00 AM,20,10,10
06/20/2014 12:00:00 PM,40,21,19
06/20/2014 01:00:00 PM,33,19,14
06/20/2014 02:00:00 PM,32,10,22
06/20/2014 03:00:00 PM,31,5,26
06/20/2014 04:00:00 PM,50,34,16
06/20/2014 05:00:00 PM,57,41,16
06/20/2014 06:00:00 PM,60,36,24
06/20/2014 07:00:00 PM,45,17,28
06/20/2014 08:00:00 PM,37,13,24
06/20/2014 09:00:00 PM,26,14,12
06/20/2014 10:00:00 PM,17,12,5
06/20/2014 11:00:00 PM,8,6,2
06/21/2014 12:00:00 AM,13,3,10
06/21/2014 01:00:00 AM,12,6,6
06/21/2014 02:00:00 AM,7,4,3
06/21/2014 03:00:00 AM,0,0,0
06/21/2014 04:00:00 AM,0,0,0
06/21/2014 05:00:00 AM,0,0,0
06/21/2014 06:00:00 AM,10,1,9
06/21/2014 07:00:00 AM,9,4,5
06/21/2014 08:00:00 AM,8,2,6
06/21/2014 09:00:00 AM,13,5,8
06/21/2014 10:00:00 AM,46,23,23
06/21/2014 11:00:00 AM,34,23,11
06/21/2014 12:00:00 PM,46,28,18
06/21/2014 01:00:00 PM,35,25,10
06/21/2014 02:00:00 PM,31,23,8
06/21/2014 03:00:00 PM,17,14,3
06/21/2014 04:00:00 PM,31,18,13
06/21/2014 05:00:00 PM,29,16,13
06/21/2014 06:00:00 PM,36,9,27
06/21/2014 07:00:00 PM,39,14,25
06/21/2014 08:00:00 PM,13,8,5
06/21/2014 09:00:00 PM,26,6,20
06/21/2014 10:00:00 PM,9,6,3
06/21/2014 11:00:00 PM,17,13,4
06/22/2014 12:00:00 AM,9,3,6
06/22/2014 01:00:00 AM,4,2,2
06/22/2014 02:00:00 AM,8,3,5
06/22/2014 03:00:00 AM,0,0,0
06/22/2014 04:00:00 AM,0,0,0
06/22/2014 05:00:00 AM,7,2,5
06/22/2014 06:00:00 AM,10,4,6
06/22/2014 07:00:00 AM,4,4,0
06/22/2014 08:00:00 AM,9,5,4
06/22/2014 09:00:00 AM,8,4,4
06/22/2014 10:00:00 AM,15,15,0
06/22/2014 11:00:00 AM,28,20,8
06/22/2014 12:00:00 PM,27,13,14
06/22/2014 01:00:00 PM,43,22,21
06/22/2014 02:00:00 PM,45,24,21
06/22/2014 03:00:00 PM,25,11,14
06/22/2014 04:00:00 PM,20,12,8
06/22/2014 05:00:00 PM,22,14,8
06/22/2014 06:00:00 PM,28,15,13
06/22/2014 07:00:00 PM,28,11,17
06/22/2014 08:00:00 PM,15,4,11
06/22/2014 09:00:00 PM,3,3,0
06/22/2014 10:00:00 PM,13,6,7
06/22/2014 11:00:00 PM,16,6,10
06/23/2014 12:00:00 AM,0,0,0
06/23/2014 01:00:00 AM,2,2,0
06/23/2014 02:00:00 AM,4,0,4
06/23/2014 03:00:00 AM,0,0,0
06/23/2014 04:00:00 AM,0,0,0
06/23/2014 05:00:00 AM,7,6,1
06/23/2014 06:00:00 AM,22,2,20
06/23/2014 07:00:00 AM,42,16,26
06/23/2014 08:00:00 AM,40,12,28
06/23/2014 09:00:00 AM,31,13,18
06/23/2014 10:00:00 AM,23,7,16
06/23/2014 11:00:00 AM,30,13,17
06/23/2014 12:00:00 PM,38,22,16
06/23/2014 01:00:00 PM,40,19,21
06/23/2014 02:00:00 PM,36,20,16
06/23/2014 03:00:00 PM,22,9,13
06/23/2014 04:00:00 PM,56,34,22
06/23/2014 05:00:00 PM,75,45,30
06/23/2014 06:00:00 PM,56,25,31
06/23/2014 07:00:00 PM,50,27,23
06/23/2014 08:00:00 PM,23,12,11
06/23/2014 09:00:00 PM,27,11,16
06/23/2014 10:00:00 PM,16,8,8
06/23/2014 11:00:00 PM,6,4,2
06/24/2014 12:00:00 AM,2,0,2
06/24/2014 01:00:00 AM,2,2,0
06/24/2014 02:00:00 AM,2,0,2
06/24/2014 03:00:00 AM,0,0,0
06/24/2014 04:00:00 AM,2,2,0
06/24/2014 05:00:00 AM,7,0,7
06/24/2014 06:00:00 AM,17,4,13
06/24/2014 07:00:00 AM,36,20,16
06/24/2014 08:00:00 AM,28,16,12
06/24/2014 09:00:00 AM,32,20,12
06/24/2014 10:00:00 AM,16,8,8
06/24/2014 11:00:00 AM,20,14,6
06/24/2014 12:00:00 PM,17,14,3
06/24/2014 01:00:00 PM,38,10,28
06/24/2014 02:00:00 PM,30,8,22
06/24/2014 03:00:00 PM,25,9,16
06/24/2014 04:00:00 PM,57,36,21
06/24/2014 05:00:00 PM,71,42,29
06/24/2014 06:00:00 PM,64,35,29
06/24/2014 07:00:00 PM,44,17,27
06/24/2014 08:00:00 PM,14,10,4
06/24/2014 09:00:00 PM,23,14,9
06/24/2014 10:00:00 PM,14,6,8
06/24/2014 11:00:00 PM,18,10,8
06/25/2014 12:00:00 AM,5,5,0
06/25/2014 01:00:00 AM,4,4,0
06/25/2014 02:00:00 AM,6,4,2
06/25/2014 03:00:00 AM,0,0,0
06/25/2014 04:00:00 AM,2,0,2
06/25/2014 05:00:00 AM,9,6,3
06/25/2014 06:00:00 AM,21,3,18
06/25/2014 07:00:00 AM,23,15,8
06/25/2014 08:00:00 AM,25,15,10
06/25/2014 09:00:00 AM,35,17,18
06/25/2014 10:00:00 AM,19,11,8
06/25/2014 11:00:00 AM,22,12,10
06/25/2014 12:00:00 PM,46,26,20
06/25/2014 01:00:00 PM,41,23,18
06/25/2014 02:00:00 PM,25,18,7
06/25/2014 03:00:00 PM,33,23,10
06/25/2014 04:00:00 PM,41,26,15
06/25/2014 05:00:00 PM,76,43,33
06/25/2014 06:00:00 PM,45,19,26
06/25/2014 07:00:00 PM,38,24,14
06/25/2014 08:00:00 PM,34,18,16
06/25/2014 09:00:00 PM,19,13,6
06/25/2014 10:00:00 PM,26,20,6
06/25/2014 11:00:00 PM,13,5,8
06/26/2014 12:00:00 AM,7,5,2
06/26/2014 01:00:00 AM,2,2,0
06/26/2014 02:00:00 AM,2,2,0
06/26/2014 03:00:00 AM,0,0,0
06/26/2014 04:00:00 AM,0,0,0
06/26/2014 05:00:00 AM,12,4,8
06/26/2014 06:00:00 AM,11,4,7
06/26/2014 07:00:00 AM,29,7,22
06/26/2014 08:00:00 AM,21,11,10
06/26/2014 09:00:00 AM,20,9,11
06/26/2014 10:00:00 AM,11,8,3
06/26/2014 11:00:00 AM,33,21,12
06/26/2014 12:00:00 PM,25,9,16
06/26/2014 01:00:00 PM,40,12,28
06/26/2014 02:00:00 PM,21,11,10
06/26/2014 03:00:00 PM,28,21,7
06/26/2014 04:00:00 PM,45,25,20
06/26/2014 05:00:00 PM,54,27,27
06/26/2014 06:00:00 PM,62,44,18
06/26/2014 07:00:00 PM,28,18,10
06/26/2014 08:00:00 PM,9,3,6
06/26/2014 09:00:00 PM,34,22,12
06/26/2014 10:00:00 PM,14,6,8
06/26/2014 11:00:00 PM,17,11,6
06/27/2014 12:00:00 AM,3,1,2
06/27/2014 01:00:00 AM,8,4,4
06/27/2014 02:00:00 AM,3,2,1
06/27/2014 03:00:00 AM,2,2,0
06/27/2014 04:00:00 AM,2,0,2
06/27/2014 05:00:00 AM,7,2,5
06/27/2014 06:00:00 AM,17,7,10
06/27/2014 07:00:00 AM,30,10,20
06/27/2014 08:00:00 AM,33,21,12
06/27/2014 09:00:00 AM,21,10,11
06/27/2014 10:00:00 AM,27,13,14
06/27/2014 11:00:00 AM,20,10,10
06/27/2014 12:00:00 PM,37,19,18
06/27/2014 01:00:00 PM,33,22,11
06/27/2014 02:00:00 PM,16,11,5
06/27/2014 03:00:00 PM,32,20,12
06/27/2014 04:00:00 PM,49,23,26
06/27/2014 05:00:00 PM,55,21,34
06/27/2014 06:00:00 PM,40,16,24
06/27/2014 07:00:00 PM,46,21,25
06/27/2014 08:00:00 PM,20,4,16
06/27/2014 09:00:00 PM,17,5,12
06/27/2014 10:00:00 PM,17,8,9
06/27/2014 11:00:00 PM,6,2,4
06/28/2014 12:00:00 AM,11,11,0
06/28/2014 01:00:00 AM,9,9,0
06/28/2014 02:00:00 AM,7,2,5
06/28/2014 03:00:00 AM,1,1,0
06/28/2014 04:00:00 AM,0,0,0
06/28/2014 05:00:00 AM,5,2,3
06/28/2014 06:00:00 AM,0,0,0
06/28/2014 07:00:00 AM,7,7,0
06/28/2014 08:00:00 AM,4,2,2
06/28/2014 09:00:00 AM,7,2,5
06/28/2014 10:00:00 AM,17,4,13
06/28/2014 11:00:00 AM,16,9,7
06/28/2014 12:00:00 PM,14,10,4
06/28/2014 01:00:00 PM,19,15,4
06/28/2014 02:00:00 PM,20,10,10
06/28/2014 03:00:00 PM,26,16,10
06/28/2014 04:00:00 PM,26,16,10
06/28/2014 05:00:00 PM,11,2,9
06/28/2014 06:00:00 PM,32,11,21
06/28/2014 07:00:00 PM,28,22,6
06/28/2014 08:00:00 PM,35,17,18
06/28/2014 09:00:00 PM,21,11,10
06/28/2014 10:00:00 PM,8,2,6
06/28/2014 11:00:00 PM,14,8,6
06/29/2014 12:00:00 AM,9,4,5
06/29/2014 01:00:00 AM,14,4,10
06/29/2014 02:00:00 AM,9,3,6
06/29/2014 03:00:00 AM,2,2,0
06/29/2014 04:00:00 AM,6,2,4
06/29/2014 05:00:00 AM,4,2,2
06/29/2014 06:00:00 AM,4,0,4
06/29/2014 07:00:00 AM,8,6,2
06/29/2014 08:00:00 AM,13,5,8
06/29/2014 09:00:00 AM,4,0,4
06/29/2014 10:00:00 AM,5,5,0
06/29/2014 11:00:00 AM,31,17,14
06/29/2014 12:00:00 PM,27,7,20
06/29/2014 01:00:00 PM,25,15,10
06/29/2014 02:00:00 PM,32,17,15
06/29/2014 03:00:00 PM,31,17,14
06/29/2014 04:00:00 PM,11,8,3
06/29/2014 05:00:00 PM,31,13,18
06/29/2014 06:00:00 PM,39,17,22
06/29/2014 07:00:00 PM,41,19,22
06/29/2014 08:00:00 PM,23,8,15
06/29/2014 09:00:00 PM,27,17,10
06/29/2014 10:00:00 PM,8,4,4
06/29/2014 11:00:00 PM,13,6,7
06/30/2014 12:00:00 AM,10,0,10
06/30/2014 01:00:00 AM,6,2,4
06/30/2014 02:00:00 AM,0,0,0
06/30/2014 03:00:00 AM,0,0,0
06/30/2014 04:00:00 AM,0,0,0
06/30/2014 05:00:00 AM,5,3,2
06/30/2014 06:00:00 AM,18,5,13
06/30/2014 07:00:00 AM,52,21,31
06/30/2014 08:00:00 AM,31,15,16
06/30/2014 09:00:00 AM,24,13,11
06/30/2014 10:00:00 AM,27,18,9
06/30/2014 11:00:00 AM,36,22,14
06/30/2014 12:00:00 PM,37,23,14
06/30/2014 01:00:00 PM,26,18,8
06/30/2014 02:00:00 PM,41,17,24
06/30/2014 03:00:00 PM,32,19,13
06/30/2014 04:00:00 PM,58,29,29
06/30/2014 05:00:00 PM,60,37,23
06/30/2014 06:00:00 PM,77,45,32
06/30/2014 07:00:00 PM,34,20,14
06/30/2014 08:00:00 PM,40,17,23
06/30/2014 09:00:00 PM,23,9,14
06/30/2014 10:00:00 PM,15,6,9
06/30/2014 11:00:00 PM,8,4,4
07/01/2014 12:00:00 AM,12,8,4
07/01/2014 01:00:00 AM,0,0,0
07/01/2014 02:00:00 AM,2,0,2
07/01/2014 03:00:00 AM,3,3,0
07/01/2014 04:00:00 AM,1,1,0
07/01/2014 05:00:00 AM,6,2,4
07/01/2014 06:00:00 AM,25,2,23
07/01/2014 07:00:00 AM,48,28,20
07/01/2014 08:00:00 AM,43,25,18
07/01/2014 09:00:00 AM,35,15,20
07/01/2014 10:00:00 AM,13,10,3
07/01/2014 11:00:00 AM,24,14,10
07/01/2014 12:00:00 PM,45,23,22
07/01/2014 01:00:00 PM,25,11,14
07/01/2014 02:00:00 PM,19,9,10
07/01/2014 03:00:00 PM,51,25,26
07/01/2014 04:00:00 PM,50,30,20
07/01/2014 05:00:00 PM,82,51,31
07/01/2014 06:00:00 PM,44,28,16
07/01/2014 07:00:00 PM,45,25,20
07/01/2014 08:00:00 PM,30,14,16
07/01/2014 09:00:00 PM,19,8,11
07/01/2014 10:00:00 PM,19,6,13
07/01/2014 11:00:00 PM,16,10,6
07/02/2014 12:00:00 AM,2,0,2
07/02/2014 01:00:00 AM,0,0,0
07/02/2014 02:00:00 AM,2,0,2
07/02/2014 03:00:00 AM,0,0,0
07/02/2014 04:00:00 AM,4,4,0
07/02/2014 05:00:00 AM,11,7,4
07/02/2014 06:00:00 AM,26,9,17
07/02/2014 07:00:00 AM,45,17,28
07/02/2014 08:00:00 AM,44,18,26
07/02/2014 09:00:00 AM,28,21,7
07/02/2014 10:00:00 AM,10,6,4
07/02/2014 11:00:00 AM,33,15,18
07/02/2014 12:00:00 PM,33,17,16
07/02/2014 01:00:00 PM,33,20,13
07/02/2014 02:00:00 PM,30,17,13
07/02/2014 03:00:00 PM,42,23,19
07/02/2014 04:00:00 PM,53,25,28
07/02/2014 05:00:00 PM,95,47,48
07/02/2014 06:00:00 PM,52,28,24
07/02/2014 07:00:00 PM,21,11,10
07/02/2014 08:00:00 PM,62,30,32
07/02/2014 09:00:00 PM,39,14,25
07/02/2014 10:00:00 PM,9,7,2
07/02/2014 11:00:00 PM,13,7,6
07/03/2014 12:00:00 AM,6,2,4
07/03/2014 01:00:00 AM,4,4,0
07/03/2014 02:00:00 AM,2,2,0
07/03/2014 03:00:00 AM,0,0,0
07/03/2014 04:00:00 AM,4,2,2
07/03/2014 05:00:00 AM,12,4,8
07/03/2014 06:00:00 AM,20,7,13
07/03/2014 07:00:00 AM,29,11,18
07/03/2014 08:00:00 AM,23,10,13
07/03/2014 09:00:00 AM,30,13,17
07/03/2014 10:00:00 AM,38,19,19
07/03/2014 11:00:00 AM,28,8,20
07/03/2014 12:00:00 PM,49,24,25
07/03/2014 01:00:00 PM,24,13,11
07/03/2014 02:00:00 PM,23,18,5
07/03/2014 03:00:00 PM,33,16,17
07/03/2014 04:00:00 PM,57,34,23
07/03/2014 05:00:00 PM,71,39,32
07/03/2014 06:00:00 PM,27,17,10
07/03/2014 07:00:00 PM,46,22,24
07/03/2014 08:00:00 PM,32,20,12
07/03/2014 09:00:00 PM,9,8,1
07/03/2014 10:00:00 PM,32,17,15
07/03/2014 11:00:00 PM,8,5,3
07/04/2014 12:00:00 AM,4,2,2
07/04/2014 01:00:00 AM,6,1,5
07/04/2014 02:00:00 AM,8,2,6
07/04/2014 03:00:00 AM,4,2,2
07/04/2014 04:00:00 AM,4,2,2
07/04/2014 05:00:00 AM,8,4,4
07/04/2014 06:00:00 AM,13,5,8
07/04/2014 07:00:00 AM,8,4,4
07/04/2014 08:00:00 AM,4,2,2
07/04/2014 09:00:00 AM,9,4,5
07/04/2014 10:00:00 AM,10,3,7
07/04/2014 11:00:00 AM,11,9,2
07/04/2014 12:00:00 PM,17,9,8
07/04/2014 01:00:00 PM,25,9,16
07/04/2014 02:00:00 PM,13,6,7
07/04/2014 03:00:00 PM,9,6,3
07/04/2014 04:00:00 PM,15,10,5
07/04/2014 05:00:00 PM,15,8,7
07/04/2014 06:00:00 PM,11,8,3
07/04/2014 07:00:00 PM,11,8,3
07/04/2014 08:00:00 PM,7,5,2
07/04/2014 09:00:00 PM,6,3,3
07/04/2014 10:00:00 PM,8,5,3
07/04/2014 11:00:00 PM,7,2,5
07/05/2014 12:00:00 AM,8,2,6
07/05/2014 01:00:00 AM,5,1,4
07/05/2014 02:00:00 AM,1,0,1
07/05/2014 03:00:00 AM,6,3,3
07/05/2014 04:00:00 AM,1,1,0
07/05/2014 05:00:00 AM,1,1,0
07/05/2014 06:00:00 AM,3,1,2
07/05/2014 07:00:00 AM,3,1,2
07/05/2014 08:00:00 AM,7,7,0
07/05/2014 09:00:00 AM,8,6,2
07/05/2014 10:00:00 AM,8,6,2
07/05/2014 11:00:00 AM,13,7,6
07/05/2014 12:00:00 PM,13,5,8
07/05/2014 01:00:00 PM,12,4,8
07/05/2014 02:00:00 PM,11,9,2
07/05/2014 03:00:00 PM,9,5,4
07/05/2014 04:00:00 PM,18,10,8
07/05/2014 05:00:00 PM,18,12,6
07/05/2014 06:00:00 PM,10,4,6
07/05/2014 07:00:00 PM,5,1,4
07/05/2014 08:00:00 PM,11,6,5
07/05/2014 09:00:00 PM,7,4,3
07/05/2014 10:00:00 PM,3,3,0
07/05/2014 11:00:00 PM,5,4,1
07/06/2014 12:00:00 AM,4,3,1
07/06/2014 01:00:00 AM,6,3,3
07/06/2014 02:00:00 AM,4,0,4
07/06/2014 03:00:00 AM,0,0,0
07/06/2014 04:00:00 AM,1,1,0
07/06/2014 05:00:00 AM,3,1,2
07/06/2014 06:00:00 AM,1,0,1
07/06/2014 07:00:00 AM,3,1,2
07/06/2014 08:00:00 AM,3,2,1
07/06/2014 09:00:00 AM,9,7,2
07/06/2014 10:00:00 AM,10,7,3
07/06/2014 11:00:00 AM,14,7,7
07/06/2014 12:00:00 PM,10,9,1
07/06/2014 01:00:00 PM,10,6,4
07/06/2014 02:00:00 PM,10,5,5
07/06/2014 03:00:00 PM,3,2,1
07/06/2014 04:00:00 PM,1,1,0
07/06/2014 05:00:00 PM,0,0,0
07/06/2014 06:00:00 PM,0,0,0
07/06/2014 07:00:00 PM,0,0,0
07/06/2014 08:00:00 PM,1,0,1
07/06/2014 09:00:00 PM,11,7,4
07/06/2014 10:00:00 PM,4,0,4
07/06/2014 11:00:00 PM,5,4,1
07/07/2014 12:00:00 AM,4,2,2
07/07/2014 01:00:00 AM,3,2,1
07/07/2014 02:00:00 AM,3,1,2
07/07/2014 03:00:00 AM,2,2,0
07/07/2014 04:00:00 AM,0,0,0
07/07/2014 05:00:00 AM,13,4,9
07/07/2014 06:00:00 AM,21,9,12
07/07/2014 07:00:00 AM,33,14,19
07/07/2014 08:00:00 AM,31,13,18
07/07/2014 09:00:00 AM,40,18,22
07/07/2014 10:00:00 AM,21,9,12
07/07/2014 11:00:00 AM,12,8,4
07/07/2014 12:00:00 PM,27,17,10
07/07/2014 01:00:00 PM,22,5,17
07/07/2014 02:00:00 PM,14,11,3
07/07/2014 03:00:00 PM,42,22,20
07/07/2014 04:00:00 PM,50,27,23
07/07/2014 05:00:00 PM,65,28,37
07/07/2014 06:00:00 PM,41,21,20
07/07/2014 07:00:00 PM,36,18,18
07/07/2014 08:00:00 PM,48,20,28
07/07/2014 09:00:00 PM,36,21,15
07/07/2014 10:00:00 PM,22,9,13
07/07/2014 11:00:00 PM,8,4,4
07/08/2014 12:00:00 AM,5,5,0
07/08/2014 01:00:00 AM,4,2,2
07/08/2014 02:00:00 AM,6,3,3
07/08/2014 03:00:00 AM,0,0,0
07/08/2014 04:00:00 AM,0,0,0
07/08/2014 05:00:00 AM,11,2,9
07/08/2014 06:00:00 AM,22,1,21
07/08/2014 07:00:00 AM,37,17,20
07/08/2014 08:00:00 AM,37,15,22
07/08/2014 09:00:00 AM,47,23,24
07/08/2014 10:00:00 AM,23,12,11
07/08/2014 11:00:00 AM,20,8,12
07/08/2014 12:00:00 PM,41,14,27
07/08/2014 01:00:00 PM,40,16,24
07/08/2014 02:00:00 PM,29,17,12
07/08/2014 03:00:00 PM,34,21,13
07/08/2014 04:00:00 PM,29,21,8
07/08/2014 05:00:00 PM,58,37,21
07/08/2014 06:00:00 PM,58,27,31
07/08/2014 07:00:00 PM,42,17,25
07/08/2014 08:00:00 PM,37,22,15
07/08/2014 09:00:00 PM,23,10,13
07/08/2014 10:00:00 PM,10,2,8
07/08/2014 11:00:00 PM,6,4,2
07/09/2014 12:00:00 AM,10,5,5
07/09/2014 01:00:00 AM,3,2,1
07/09/2014 02:00:00 AM,2,0,2
07/09/2014 03:00:00 AM,0,0,0
07/09/2014 04:00:00 AM,4,2,2
07/09/2014 05:00:00 AM,6,1,5
07/09/2014 06:00:00 AM,12,0,12
07/09/2014 07:00:00 AM,44,11,33
07/09/2014 08:00:00 AM,23,13,10
07/09/2014 09:00:00 AM,28,7,21
07/09/2014 10:00:00 AM,15,11,4
07/09/2014 11:00:00 AM,21,7,14
07/09/2014 12:00:00 PM,18,11,7
07/09/2014 01:00:00 PM,26,14,12
07/09/2014 02:00:00 PM,29,9,20
07/09/2014 03:00:00 PM,15,8,7
07/09/2014 04:00:00 PM,48,28,20
07/09/2014 05:00:00 PM,48,28,20
07/09/2014 06:00:00 PM,39,16,23
07/09/2014 07:00:00 PM,41,20,21
07/09/2014 08:00:00 PM,39,25,14
07/09/2014 09:00:00 PM,21,12,9
07/09/2014 10:00:00 PM,25,10,15
07/09/2014 11:00:00 PM,12,8,4
07/10/2014 12:00:00 AM,4,2,2
07/10/2014 01:00:00 AM,4,0,4
07/10/2014 02:00:00 AM,2,2,0
07/10/2014 03:00:00 AM,0,0,0
07/10/2014 04:00:00 AM,2,1,1
07/10/2014 05:00:00 AM,4,1,3
07/10/2014 06:00:00 AM,29,4,25
07/10/2014 07:00:00 AM,32,14,18
07/10/2014 08:00:00 AM,21,7,14
07/10/2014 09:00:00 AM,27,13,14
07/10/2014 10:00:00 AM,16,9,7
07/10/2014 11:00:00 AM,22,10,12
07/10/2014 12:00:00 PM,29,15,14
07/10/2014 01:00:00 PM,31,16,15
07/10/2014 02:00:00 PM,12,7,5
07/10/2014 03:00:00 PM,23,8,15
07/10/2014 04:00:00 PM,48,21,27
07/10/2014 05:00:00 PM,55,24,31
07/10/2014 06:00:00 PM,38,18,20
07/10/2014 07:00:00 PM,27,17,10
07/10/2014 08:00:00 PM,37,14,23
07/10/2014 09:00:00 PM,24,10,14
07/10/2014 10:00:00 PM,11,9,2
07/10/2014 11:00:00 PM,11,5,6
07/11/2014 12:00:00 AM,16,6,10
07/11/2014 01:00:00 AM,5,0,5
07/11/2014 02:00:00 AM,17,7,10
07/11/2014 03:00:00 AM,0,0,0
07/11/2014 04:00:00 AM,1,0,1
07/11/2014 05:00:00 AM,6,2,4
07/11/2014 06:00:00 AM,18,6,12
07/11/2014 07:00:00 AM,29,12,17
07/11/2014 08:00:00 AM,39,22,17
07/11/2014 09:00:00 AM,21,7,14
07/11/2014 10:00:00 AM,19,12,7
07/11/2014 11:00:00 AM,20,15,5
07/11/2014 12:00:00 PM,43,29,14
07/11/2014 01:00:00 PM,30,12,18
07/11/2014 02:00:00 PM,20,10,10
07/11/2014 03:00:00 PM,27,15,12
07/11/2014 04:00:00 PM,38,14,24
07/11/2014 05:00:00 PM,53,28,25
07/11/2014 06:00:00 PM,38,19,19
07/11/2014 07:00:00 PM,19,6,13
07/11/2014 08:00:00 PM,25,20,5
07/11/2014 09:00:00 PM,21,11,10
07/11/2014 10:00:00 PM,20,10,10
07/11/2014 11:00:00 PM,15,10,5
07/12/2014 12:00:00 AM,11,7,4
07/12/2014 01:00:00 AM,13,8,5
07/12/2014 02:00:00 AM,9,5,4
07/12/2014 03:00:00 AM,0,0,0
07/12/2014 04:00:00 AM,12,6,6
07/12/2014 05:00:00 AM,1,1,0
07/12/2014 06:00:00 AM,14,6,8
07/12/2014 07:00:00 AM,7,4,3
07/12/2014 08:00:00 AM,20,8,12
07/12/2014 09:00:00 AM,9,5,4
07/12/2014 10:00:00 AM,14,9,5
07/12/2014 11:00:00 AM,22,14,8
07/12/2014 12:00:00 PM,32,14,18
07/12/2014 01:00:00 PM,21,13,8
07/12/2014 02:00:00 PM,22,16,6
07/12/2014 03:00:00 PM,26,15,11
07/12/2014 04:00:00 PM,29,17,12
07/12/2014 05:00:00 PM,28,9,19
07/12/2014 06:00:00 PM,19,9,10
07/12/2014 07:00:00 PM,21,6,15
07/12/2014 08:00:00 PM,24,16,8
07/12/2014 09:00:00 PM,16,12,4
07/12/2014 10:00:00 PM,21,13,8
07/12/2014 11:00:00 PM,9,5,4
07/13/2014 12:00:00 AM,17,7,10
07/13/2014 01:00:00 AM,7,4,3
07/13/2014 02:00:00 AM,7,2,5
07/13/2014 03:00:00 AM,0,0,0
07/13/2014 04:00:00 AM,0,0,0
07/13/2014 05:00:00 AM,3,1,2
07/13/2014 06:00:00 AM,6,4,2
07/13/2014 07:00:00 AM,5,5,0
07/13/2014 08:00:00 AM,11,10,1
07/13/2014 09:00:00 AM,14,3,11
07/13/2014 10:00:00 AM,22,10,12
07/13/2014 11:00:00 AM,43,25,18
07/13/2014 12:00:00 PM,27,12,15
07/13/2014 01:00:00 PM,25,13,12
07/13/2014 02:00:00 PM,23,16,7
07/13/2014 03:00:00 PM,34,22,12
07/13/2014 04:00:00 PM,24,19,5
07/13/2014 05:00:00 PM,21,13,8
07/13/2014 06:00:00 PM,22,8,14
07/13/2014 07:00:00 PM,25,14,11
07/13/2014 08:00:00 PM,17,11,6
07/13/2014 09:00:00 PM,11,6,5
07/13/2014 10:00:00 PM,17,6,11
07/13/2014 11:00:00 PM,11,7,4
07/14/2014 12:00:00 AM,0,0,0
07/14/2014 01:00:00 AM,3,3,0
07/14/2014 02:00:00 AM,4,2,2
07/14/2014 03:00:00 AM,0,0,0
07/14/2014 04:00:00 AM,2,0,2
07/14/2014 05:00:00 AM,15,4,11
07/14/2014 06:00:00 AM,16,3,13
07/14/2014 07:00:00 AM,43,19,24
07/14/2014 08:00:00 AM,57,35,22
07/14/2014 09:00:00 AM,38,22,16
07/14/2014 10:00:00 AM,15,11,4
07/14/2014 11:00:00 AM,26,12,14
07/14/2014 12:00:00 PM,40,12,28
07/14/2014 01:00:00 PM,21,13,8
07/14/2014 02:00:00 PM,36,18,18
07/14/2014 03:00:00 PM,43,27,16
07/14/2014 04:00:00 PM,46,29,17
07/14/2014 05:00:00 PM,76,36,40
07/14/2014 06:00:00 PM,78,25,53
07/14/2014 07:00:00 PM,31,17,14
07/14/2014 08:00:00 PM,36,8,28
07/14/2014 09:00:00 PM,37,25,12
07/14/2014 10:00:00 PM,14,6,8
07/14/2014 11:00:00 PM,10,9,1
07/15/2014 12:00:00 AM,2,2,0
07/15/2014 01:00:00 AM,4,2,2
07/15/2014 02:00:00 AM,4,2,2
07/15/2014 03:00:00 AM,2,0,2
07/15/2014 04:00:00 AM,0,0,0
07/15/2014 05:00:00 AM,6,5,1
07/15/2014 06:00:00 AM,26,6,20
07/15/2014 07:00:00 AM,37,13,24
07/15/2014 08:00:00 AM,52,34,18
07/15/2014 09:00:00 AM,37,19,18
07/15/2014 10:00:00 AM,23,17,6
07/15/2014 11:00:00 AM,22,18,4
07/15/2014 12:00:00 PM,35,22,13
07/15/2014 01:00:00 PM,40,22,18
07/15/2014 02:00:00 PM,32,8,24
07/15/2014 03:00:00 PM,30,8,22
07/15/2014 04:00:00 PM,72,45,27
07/15/2014 05:00:00 PM,85,56,29
07/15/2014 06:00:00 PM,57,20,37
07/15/2014 07:00:00 PM,43,21,22
07/15/2014 08:00:00 PM,28,14,14
07/15/2014 09:00:00 PM,24,9,15
07/15/2014 10:00:00 PM,14,12,2
07/15/2014 11:00:00 PM,16,8,8
07/16/2014 12:00:00 AM,2,2,0
07/16/2014 01:00:00 AM,0,0,0
07/16/2014 02:00:00 AM,8,6,2
07/16/2014 03:00:00 AM,0,0,0
07/16/2014 04:00:00 AM,0,0,0
07/16/2014 05:00:00 AM,6,4,2
07/16/2014 06:00:00 AM,31,2,29
07/16/2014 07:00:00 AM,52,18,34
07/16/2014 08:00:00 AM,38,24,14
07/16/2014 09:00:00 AM,40,22,18
07/16/2014 10:00:00 AM,17,11,6
07/16/2014 11:00:00 AM,50,25,25
07/16/2014 12:00:00 PM,38,21,17
07/16/2014 01:00:00 PM,22,10,12
07/16/2014 02:00:00 PM,29,15,14
07/16/2014 03:00:00 PM,28,14,14
07/16/2014 04:00:00 PM,61,31,30
07/16/2014 05:00:00 PM,93,44,49
07/16/2014 06:00:00 PM,83,41,42
07/16/2014 07:00:00 PM,47,27,20
07/16/2014 08:00:00 PM,47,25,22
07/16/2014 09:00:00 PM,39,14,25
07/16/2014 10:00:00 PM,19,7,12
07/16/2014 11:00:00 PM,13,5,8
07/17/2014 12:00:00 AM,5,3,2
07/17/2014 01:00:00 AM,2,2,0
07/17/2014 02:00:00 AM,3,0,3
07/17/2014 03:00:00 AM,4,4,0
07/17/2014 04:00:00 AM,6,4,2
07/17/2014 05:00:00 AM,9,3,6
07/17/2014 06:00:00 AM,32,3,29
07/17/2014 07:00:00 AM,36,14,22
07/17/2014 08:00:00 AM,48,24,24
07/17/2014 09:00:00 AM,31,21,10
07/17/2014 10:00:00 AM,18,14,4
07/17/2014 11:00:00 AM,8,2,6
07/17/2014 12:00:00 PM,22,13,9
07/17/2014 01:00:00 PM,29,11,18
07/17/2014 02:00:00 PM,19,5,14
07/17/2014 03:00:00 PM,39,19,20
07/17/2014 04:00:00 PM,47,28,19
07/17/2014 05:00:00 PM,70,31,39
07/17/2014 06:00:00 PM,50,20,30
07/17/2014 07:00:00 PM,26,14,12
07/17/2014 08:00:00 PM,39,23,16
07/17/2014 09:00:00 PM,31,12,19
07/17/2014 10:00:00 PM,16,8,8
07/17/2014 11:00:00 PM,21,10,11
07/18/2014 12:00:00 AM,1,1,0
07/18/2014 01:00:00 AM,4,0,4
07/18/2014 02:00:00 AM,3,0,3
07/18/2014 03:00:00 AM,2,2,0
07/18/2014 04:00:00 AM,3,1,2
07/18/2014 05:00:00 AM,10,2,8
07/18/2014 06:00:00 AM,22,4,18
07/18/2014 07:00:00 AM,39,16,23
07/18/2014 08:00:00 AM,34,19,15
07/18/2014 09:00:00 AM,34,26,8
07/18/2014 10:00:00 AM,18,6,12
07/18/2014 11:00:00 AM,29,11,18
07/18/2014 12:00:00 PM,36,23,13
07/18/2014 01:00:00 PM,27,11,16
07/18/2014 02:00:00 PM,39,25,14
07/18/2014 03:00:00 PM,42,27,15
07/18/2014 04:00:00 PM,62,40,22
07/18/2014 05:00:00 PM,68,34,34
07/18/2014 06:00:00 PM,60,18,42
07/18/2014 07:00:00 PM,47,23,24
07/18/2014 08:00:00 PM,35,23,12
07/18/2014 09:00:00 PM,24,12,12
07/18/2014 10:00:00 PM,30,14,16
07/18/2014 11:00:00 PM,18,9,9
07/19/2014 12:00:00 AM,13,2,11
07/19/2014 01:00:00 AM,5,2,3
07/19/2014 02:00:00 AM,17,6,11
07/19/2014 03:00:00 AM,1,1,0
07/19/2014 04:00:00 AM,0,0,0
07/19/2014 05:00:00 AM,2,0,2
07/19/2014 06:00:00 AM,6,0,6
07/19/2014 07:00:00 AM,5,5,0
07/19/2014 08:00:00 AM,2,0,2
07/19/2014 09:00:00 AM,13,7,6
07/19/2014 10:00:00 AM,10,3,7
07/19/2014 11:00:00 AM,13,11,2
07/19/2014 12:00:00 PM,18,6,12
07/19/2014 01:00:00 PM,32,11,21
07/19/2014 02:00:00 PM,24,12,12
07/19/2014 03:00:00 PM,32,18,14
07/19/2014 04:00:00 PM,37,22,15
07/19/2014 05:00:00 PM,30,14,16
07/19/2014 06:00:00 PM,29,15,14
07/19/2014 07:00:00 PM,26,16,10
07/19/2014 08:00:00 PM,18,4,14
07/19/2014 09:00:00 PM,10,0,10
07/19/2014 10:00:00 PM,9,7,2
07/19/2014 11:00:00 PM,17,10,7
07/20/2014 12:00:00 AM,10,7,3
07/20/2014 01:00:00 AM,8,2,6
07/20/2014 02:00:00 AM,4,4,0
07/20/2014 03:00:00 AM,4,2,2
07/20/2014 04:00:00 AM,0,0,0
07/20/2014 05:00:00 AM,3,0,3
07/20/2014 06:00:00 AM,2,0,2
07/20/2014 07:00:00 AM,3,3,0
07/20/2014 08:00:00 AM,6,2,4
07/20/2014 09:00:00 AM,10,8,2
07/20/2014 10:00:00 AM,17,8,9
07/20/2014 11:00:00 AM,16,10,6
07/20/2014 12:00:00 PM,15,7,8
07/20/2014 01:00:00 PM,34,10,24
07/20/2014 02:00:00 PM,17,11,6
07/20/2014 03:00:00 PM,22,9,13
07/20/2014 04:00:00 PM,22,13,9
07/20/2014 05:00:00 PM,26,15,11
07/20/2014 06:00:00 PM,29,13,16
07/20/2014 07:00:00 PM,21,6,15
07/20/2014 08:00:00 PM,19,11,8
07/20/2014 09:00:00 PM,15,7,8
07/20/2014 10:00:00 PM,1,1,0
07/20/2014 11:00:00 PM,8,2,6
07/21/2014 12:00:00 AM,2,2,0
07/21/2014 01:00:00 AM,2,0,2
07/21/2014 02:00:00 AM,2,2,0
07/21/2014 03:00:00 AM,0,0,0
07/21/2014 04:00:00 AM,0,0,0
07/21/2014 05:00:00 AM,10,2,8
07/21/2014 06:00:00 AM,18,9,9
07/21/2014 07:00:00 AM,43,11,32
07/21/2014 08:00:00 AM,42,17,25
07/21/2014 09:00:00 AM,29,12,17
07/21/2014 10:00:00 AM,30,18,12
07/21/2014 11:00:00 AM,22,16,6
07/21/2014 12:00:00 PM,27,14,13
07/21/2014 01:00:00 PM,26,13,13
07/21/2014 02:00:00 PM,25,17,8
07/21/2014 03:00:00 PM,31,13,18
07/21/2014 04:00:00 PM,54,36,18
07/21/2014 05:00:00 PM,81,39,42
07/21/2014 06:00:00 PM,61,36,25
07/21/2014 07:00:00 PM,72,44,28
07/21/2014 08:00:00 PM,37,16,21
07/21/2014 09:00:00 PM,23,17,6
07/21/2014 10:00:00 PM,12,4,8
07/21/2014 11:00:00 PM,7,2,5
07/22/2014 12:00:00 AM,2,0,2
07/22/2014 01:00:00 AM,4,1,3
07/22/2014 02:00:00 AM,2,0,2
07/22/2014 03:00:00 AM,0,0,0
07/22/2014 04:00:00 AM,0,0,0
07/22/2014 05:00:00 AM,11,2,9
07/22/2014 06:00:00 AM,13,4,9
07/22/2014 07:00:00 AM,55,18,37
07/22/2014 08:00:00 AM,50,21,29
07/22/2014 09:00:00 AM,30,14,16
07/22/2014 10:00:00 AM,28,17,11
07/22/2014 11:00:00 AM,24,16,8
07/22/2014 12:00:00 PM,16,6,10
07/22/2014 01:00:00 PM,49,19,30
07/22/2014 02:00:00 PM,29,14,15
07/22/2014 03:00:00 PM,40,23,17
07/22/2014 04:00:00 PM,69,34,35
07/22/2014 05:00:00 PM,59,34,25
07/22/2014 06:00:00 PM,32,16,16
07/22/2014 07:00:00 PM,54,20,34
07/22/2014 08:00:00 PM,38,16,22
07/22/2014 09:00:00 PM,16,6,10
07/22/2014 10:00:00 PM,15,2,13
07/22/2014 11:00:00 PM,15,8,7
07/23/2014 12:00:00 AM,15,6,9
07/23/2014 01:00:00 AM,2,0,2
07/23/2014 02:00:00 AM,0,0,0
07/23/2014 03:00:00 AM,0,0,0
07/23/2014 04:00:00 AM,2,2,0
07/23/2014 05:00:00 AM,17,6,11
07/23/2014 06:00:00 AM,6,4,2
07/23/2014 07:00:00 AM,29,15,14
07/23/2014 08:00:00 AM,31,15,16
07/23/2014 09:00:00 AM,23,17,6
07/23/2014 10:00:00 AM,14,4,10
07/23/2014 11:00:00 AM,13,7,6
07/23/2014 12:00:00 PM,16,7,9
07/23/2014 01:00:00 PM,18,5,13
07/23/2014 02:00:00 PM,12,6,6
07/23/2014 03:00:00 PM,16,6,10
07/23/2014 04:00:00 PM,29,18,11
07/23/2014 05:00:00 PM,49,24,25
07/23/2014 06:00:00 PM,37,12,25
07/23/2014 07:00:00 PM,33,20,13
07/23/2014 08:00:00 PM,36,18,18
07/23/2014 09:00:00 PM,4,2,2
07/23/2014 10:00:00 PM,11,2,9
07/23/2014 11:00:00 PM,4,4,0
07/24/2014 12:00:00 AM,4,2,2
07/24/2014 01:00:00 AM,1,1,0
07/24/2014 02:00:00 AM,12,6,6
07/24/2014 03:00:00 AM,3,0,3
07/24/2014 04:00:00 AM,2,2,0
07/24/2014 05:00:00 AM,11,2,9
07/24/2014 06:00:00 AM,15,5,10
07/24/2014 07:00:00 AM,26,10,16
07/24/2014 08:00:00 AM,39,23,16
07/24/2014 09:00:00 AM,27,13,14
07/24/2014 10:00:00 AM,19,12,7
07/24/2014 11:00:00 AM,31,16,15
07/24/2014 12:00:00 PM,35,21,14
07/24/2014 01:00:00 PM,48,27,21
07/24/2014 02:00:00 PM,26,10,16
07/24/2014 03:00:00 PM,34,19,15
07/24/2014 04:00:00 PM,59,29,30
07/24/2014 05:00:00 PM,72,41,31
07/24/2014 06:00:00 PM,40,20,20
07/24/2014 07:00:00 PM,35,13,22
07/24/2014 08:00:00 PM,26,18,8
07/24/2014 09:00:00 PM,15,5,10
07/24/2014 10:00:00 PM,25,12,13
07/24/2014 11:00:00 PM,14,12,2
07/25/2014 12:00:00 AM,13,7,6
07/25/2014 01:00:00 AM,2,0,2
07/25/2014 02:00:00 AM,2,2,0
07/25/2014 03:00:00 AM,0,0,0
07/25/2014 04:00:00 AM,2,0,2
07/25/2014 05:00:00 AM,11,4,7
07/25/2014 06:00:00 AM,23,7,16
07/25/2014 07:00:00 AM,61,25,36
07/25/2014 08:00:00 AM,49,19,30
07/25/2014 09:00:00 AM,0,0,0
07/25/2014 10:00:00 AM,0,0,0
07/25/2014 11:00:00 AM,0,0,0
07/25/2014 12:00:00 PM,0,0,0
07/25/2014 01:00:00 PM,2,0,2
07/25/2014 02:00:00 PM,0,0,0
07/25/2014 03:00:00 PM,4,2,2
07/25/2014 04:00:00 PM,0,0,0
07/25/2014 05:00:00 PM,2,0,2
07/25/2014 06:00:00 PM,6,0,6
07/25/2014 07:00:00 PM,2,0,2
07/25/2014 08:00:00 PM,0,0,0
07/25/2014 09:00:00 PM,0,0,0
07/25/2014 10:00:00 PM,2,0,2
07/25/2014 11:00:00 PM,0,0,0
07/26/2014 12:00:00 AM,1,0,1
07/26/2014 01:00:00 AM,0,0,0
07/26/2014 02:00:00 AM,0,0,0
07/26/2014 03:00:00 AM,0,0,0
07/26/2014 04:00:00 AM,1,1,0
07/26/2014 05:00:00 AM,0,0,0
07/26/2014 06:00:00 AM,0,0,0
07/26/2014 07:00:00 AM,0,0,0
07/26/2014 08:00:00 AM,2,2,0
07/26/2014 09:00:00 AM,0,0,0
07/26/2014 10:00:00 AM,0,0,0
07/26/2014 11:00:00 AM,0,0,0
07/26/2014 12:00:00 PM,2,2,0
07/26/2014 01:00:00 PM,0,0,0
07/26/2014 02:00:00 PM,0,0,0
07/26/2014 03:00:00 PM,1,0,1
07/26/2014 04:00:00 PM,4,4,0
07/26/2014 05:00:00 PM,3,3,0
07/26/2014 06:00:00 PM,0,0,0
07/26/2014 07:00:00 PM,2,2,0
07/26/2014 08:00:00 PM,3,2,1
07/26/2014 09:00:00 PM,4,2,2
07/26/2014 10:00:00 PM,2,0,2
07/26/2014 11:00:00 PM,6,1,5
07/27/2014 12:00:00 AM,13,2,11
07/27/2014 01:00:00 AM,4,0,4
07/27/2014 02:00:00 AM,5,4,1
07/27/2014 03:00:00 AM,0,0,0
07/27/2014 04:00:00 AM,2,0,2
07/27/2014 05:00:00 AM,0,0,0
07/27/2014 06:00:00 AM,2,2,0
07/27/2014 07:00:00 AM,0,0,0
07/27/2014 08:00:00 AM,0,0,0
07/27/2014 09:00:00 AM,4,0,4
07/27/2014 10:00:00 AM,1,1,0
07/27/2014 11:00:00 AM,0,0,0
07/27/2014 12:00:00 PM,2,0,2
07/27/2014 01:00:00 PM,6,4,2
07/27/2014 02:00:00 PM,8,4,4
07/27/2014 03:00:00 PM,5,0,5
07/27/2014 04:00:00 PM,6,1,5
07/27/2014 05:00:00 PM,4,4,0
07/27/2014 06:00:00 PM,0,0,0
07/27/2014 07:00:00 PM,0,0,0
07/27/2014 08:00:00 PM,0,0,0
07/27/2014 09:00:00 PM,1,0,1
07/27/2014 10:00:00 PM,0,0,0
07/27/2014 11:00:00 PM,2,0,2
07/28/2014 12:00:00 AM,0,0,0
07/28/2014 01:00:00 AM,6,4,2
07/28/2014 02:00:00 AM,10,6,4
07/28/2014 03:00:00 AM,4,0,4
07/28/2014 04:00:00 AM,2,2,0
07/28/2014 05:00:00 AM,9,0,9
07/28/2014 06:00:00 AM,17,5,12
07/28/2014 07:00:00 AM,61,22,39
07/28/2014 08:00:00 AM,49,33,16
07/28/2014 09:00:00 AM,33,15,18
07/28/2014 10:00:00 AM,32,18,14
07/28/2014 11:00:00 AM,30,12,18
07/28/2014 12:00:00 PM,24,14,10
07/28/2014 01:00:00 PM,26,12,14
07/28/2014 02:00:00 PM,44,16,28
07/28/2014 03:00:00 PM,42,20,22
07/28/2014 04:00:00 PM,67,45,22
07/28/2014 05:00:00 PM,67,45,22
07/28/2014 06:00:00 PM,69,33,36
07/28/2014 07:00:00 PM,54,27,27
07/28/2014 08:00:00 PM,26,16,10
07/28/2014 09:00:00 PM,39,25,14
07/28/2014 10:00:00 PM,22,8,14
07/28/2014 11:00:00 PM,17,10,7
07/29/2014 12:00:00 AM,5,2,3
07/29/2014 01:00:00 AM,0,0,0
07/29/2014 02:00:00 AM,2,0,2
07/29/2014 03:00:00 AM,2,2,0
07/29/2014 04:00:00 AM,0,0,0
07/29/2014 05:00:00 AM,11,2,9
07/29/2014 06:00:00 AM,31,7,24
07/29/2014 07:00:00 AM,38,9,29
07/29/2014 08:00:00 AM,58,33,25
07/29/2014 09:00:00 AM,36,21,15
07/29/2014 10:00:00 AM,20,12,8
07/29/2014 11:00:00 AM,26,16,10
07/29/2014 12:00:00 PM,41,22,19
07/29/2014 01:00:00 PM,35,12,23
07/29/2014 02:00:00 PM,19,9,10
07/29/2014 03:00:00 PM,42,20,22
07/29/2014 04:00:00 PM,56,33,23
07/29/2014 05:00:00 PM,70,35,35
07/29/2014 06:00:00 PM,73,49,24
07/29/2014 07:00:00 PM,53,27,26
07/29/2014 08:00:00 PM,38,20,18
07/29/2014 09:00:00 PM,28,12,16
07/29/2014 10:00:00 PM,26,11,15
07/29/2014 11:00:00 PM,18,11,7
07/30/2014 12:00:00 AM,16,4,12
07/30/2014 01:00:00 AM,2,0,2
07/30/2014 02:00:00 AM,0,0,0
07/30/2014 03:00:00 AM,5,1,4
07/30/2014 04:00:00 AM,2,0,2
07/30/2014 05:00:00 AM,4,0,4
07/30/2014 06:00:00 AM,28,11,17
07/30/2014 07:00:00 AM,42,16,26
07/30/2014 08:00:00 AM,43,22,21
07/30/2014 09:00:00 AM,31,17,14
07/30/2014 10:00:00 AM,11,7,4
07/30/2014 11:00:00 AM,22,8,14
07/30/2014 12:00:00 PM,38,20,18
07/30/2014 01:00:00 PM,24,11,13
07/30/2014 02:00:00 PM,38,20,18
07/30/2014 03:00:00 PM,37,17,20
07/30/2014 04:00:00 PM,58,32,26
07/30/2014 05:00:00 PM,73,42,31
07/30/2014 06:00:00 PM,47,27,20
07/30/2014 07:00:00 PM,37,23,14
07/30/2014 08:00:00 PM,42,29,13
07/30/2014 09:00:00 PM,25,17,8
07/30/2014 10:00:00 PM,32,15,17
07/30/2014 11:00:00 PM,9,4,5
07/31/2014 12:00:00 AM,6,2,4
07/31/2014 01:00:00 AM,3,3,0
07/31/2014 02:00:00 AM,4,4,0
07/31/2014 03:00:00 AM,0,0,0
07/31/2014 04:00:00 AM,2,0,2
07/31/2014 05:00:00 AM,8,2,6
07/31/2014 06:00:00 AM,12,4,8
07/31/2014 07:00:00 AM,51,23,28
07/31/2014 08:00:00 AM,43,30,13
07/31/2014 09:00:00 AM,39,23,16
07/31/2014 10:00:00 AM,26,14,12
07/31/2014 11:00:00 AM,38,17,21
07/31/2014 12:00:00 PM,38,23,15
07/31/2014 01:00:00 PM,32,22,10
07/31/2014 02:00:00 PM,22,6,16
07/31/2014 03:00:00 PM,47,24,23
07/31/2014 04:00:00 PM,57,25,32
07/31/2014 05:00:00 PM,74,41,33
07/31/2014 06:00:00 PM,51,31,20
07/31/2014 07:00:00 PM,61,29,32
07/31/2014 08:00:00 PM,25,17,8
07/31/2014 09:00:00 PM,21,11,10
07/31/2014 10:00:00 PM,11,3,8
07/31/2014 11:00:00 PM,16,14,2
08/01/2014 12:00:00 AM,9,2,7
08/01/2014 01:00:00 AM,2,0,2
08/01/2014 02:00:00 AM,2,0,2
08/01/2014 03:00:00 AM,0,0,0
08/01/2014 04:00:00 AM,4,0,4
08/01/2014 05:00:00 AM,7,4,3
08/01/2014 06:00:00 AM,27,8,19
08/01/2014 07:00:00 AM,59,19,40
08/01/2014 08:00:00 AM,43,25,18
08/01/2014 09:00:00 AM,34,16,18
08/01/2014 10:00:00 AM,33,17,16
08/01/2014 11:00:00 AM,25,10,15
08/01/2014 12:00:00 PM,21,9,12
08/01/2014 01:00:00 PM,21,16,5
08/01/2014 02:00:00 PM,36,21,15
08/01/2014 03:00:00 PM,29,16,13
08/01/2014 04:00:00 PM,33,15,18
08/01/2014 05:00:00 PM,86,47,39
08/01/2014 06:00:00 PM,64,36,28
08/01/2014 07:00:00 PM,55,28,27
08/01/2014 08:00:00 PM,47,28,19
08/01/2014 09:00:00 PM,18,12,6
08/01/2014 10:00:00 PM,23,6,17
08/01/2014 11:00:00 PM,14,4,10
08/02/2014 12:00:00 AM,9,4,5
08/02/2014 01:00:00 AM,14,8,6
08/02/2014 02:00:00 AM,10,6,4
08/02/2014 03:00:00 AM,2,2,0
08/02/2014 04:00:00 AM,4,4,0
08/02/2014 05:00:00 AM,3,2,1
08/02/2014 06:00:00 AM,2,0,2
08/02/2014 07:00:00 AM,8,8,0
08/02/2014 08:00:00 AM,8,8,0
08/02/2014 09:00:00 AM,22,10,12
08/02/2014 10:00:00 AM,22,12,10
08/02/2014 11:00:00 AM,24,14,10
08/02/2014 12:00:00 PM,12,4,8
08/02/2014 01:00:00 PM,22,8,14
08/02/2014 02:00:00 PM,26,17,9
08/02/2014 03:00:00 PM,32,20,12
08/02/2014 04:00:00 PM,24,17,7
08/02/2014 05:00:00 PM,22,10,12
08/02/2014 06:00:00 PM,25,8,17
08/02/2014 07:00:00 PM,49,23,26
08/02/2014 08:00:00 PM,12,2,10
08/02/2014 09:00:00 PM,5,4,1
08/02/2014 10:00:00 PM,10,7,3
08/02/2014 11:00:00 PM,15,11,4
08/03/2014 12:00:00 AM,9,0,9
08/03/2014 01:00:00 AM,9,2,7
08/03/2014 02:00:00 AM,6,0,6
08/03/2014 03:00:00 AM,2,0,2
08/03/2014 04:00:00 AM,2,2,0
08/03/2014 05:00:00 AM,6,2,4
08/03/2014 06:00:00 AM,7,2,5
08/03/2014 07:00:00 AM,11,1,10
08/03/2014 08:00:00 AM,10,7,3
08/03/2014 09:00:00 AM,9,8,1
08/03/2014 10:00:00 AM,26,10,16
08/03/2014 11:00:00 AM,33,21,12
08/03/2014 12:00:00 PM,36,15,21
08/03/2014 01:00:00 PM,40,18,22
08/03/2014 02:00:00 PM,38,19,19
08/03/2014 03:00:00 PM,23,13,10
08/03/2014 04:00:00 PM,17,5,12
08/03/2014 05:00:00 PM,23,15,8
08/03/2014 06:00:00 PM,38,16,22
08/03/2014 07:00:00 PM,34,20,14
08/03/2014 08:00:00 PM,30,20,10
08/03/2014 09:00:00 PM,18,6,12
08/03/2014 10:00:00 PM,23,4,19
08/03/2014 11:00:00 PM,19,10,9
08/04/2014 12:00:00 AM,14,6,8
08/04/2014 01:00:00 AM,10,8,2
08/04/2014 02:00:00 AM,7,4,3
08/04/2014 03:00:00 AM,1,1,0
08/04/2014 04:00:00 AM,2,0,2
08/04/2014 05:00:00 AM,13,3,10
08/04/2014 06:00:00 AM,26,5,21
08/04/2014 07:00:00 AM,49,21,28
08/04/2014 08:00:00 AM,57,37,20
08/04/2014 09:00:00 AM,29,15,14
08/04/2014 10:00:00 AM,20,10,10
08/04/2014 11:00:00 AM,27,8,19
08/04/2014 12:00:00 PM,38,14,24
08/04/2014 01:00:00 PM,33,19,14
08/04/2014 02:00:00 PM,39,29,10
08/04/2014 03:00:00 PM,24,9,15
08/04/2014 04:00:00 PM,55,33,22
08/04/2014 05:00:00 PM,90,50,40
08/04/2014 06:00:00 PM,51,25,26
08/04/2014 07:00:00 PM,42,17,25
08/04/2014 08:00:00 PM,25,17,8
08/04/2014 09:00:00 PM,19,6,13
08/04/2014 10:00:00 PM,21,13,8
08/04/2014 11:00:00 PM,14,8,6
08/05/2014 12:00:00 AM,8,2,6
08/05/2014 01:00:00 AM,2,2,0
08/05/2014 02:00:00 AM,2,2,0
08/05/2014 03:00:00 AM,0,0,0
08/05/2014 04:00:00 AM,0,0,0
08/05/2014 05:00:00 AM,14,5,9
08/05/2014 06:00:00 AM,16,8,8
08/05/2014 07:00:00 AM,42,13,29
08/05/2014 08:00:00 AM,52,25,27
08/05/2014 09:00:00 AM,31,12,19
08/05/2014 10:00:00 AM,28,16,12
08/05/2014 11:00:00 AM,31,13,18
08/05/2014 12:00:00 PM,35,25,10
08/05/2014 01:00:00 PM,31,15,16
08/05/2014 02:00:00 PM,25,14,11
08/05/2014 03:00:00 PM,22,9,13
08/05/2014 04:00:00 PM,64,35,29
08/05/2014 05:00:00 PM,51,36,15
08/05/2014 06:00:00 PM,72,39,33
08/05/2014 07:00:00 PM,53,33,20
08/05/2014 08:00:00 PM,55,22,33
08/05/2014 09:00:00 PM,17,9,8
08/05/2014 10:00:00 PM,26,15,11
08/05/2014 11:00:00 PM,19,4,15
08/06/2014 12:00:00 AM,8,2,6
08/06/2014 01:00:00 AM,3,2,1
08/06/2014 02:00:00 AM,2,2,0
08/06/2014 03:00:00 AM,0,0,0
08/06/2014 04:00:00 AM,2,0,2
08/06/2014 05:00:00 AM,8,0,8
08/06/2014 06:00:00 AM,37,14,23
08/06/2014 07:00:00 AM,40,14,26
08/06/2014 08:00:00 AM,54,28,26
08/06/2014 09:00:00 AM,35,15,20
08/06/2014 10:00:00 AM,15,8,7
08/06/2014 11:00:00 AM,19,9,10
08/06/2014 12:00:00 PM,31,17,14
08/06/2014 01:00:00 PM,32,10,22
08/06/2014 02:00:00 PM,23,15,8
08/06/2014 03:00:00 PM,25,15,10
08/06/2014 04:00:00 PM,51,34,17
08/06/2014 05:00:00 PM,89,50,39
08/06/2014 06:00:00 PM,77,38,39
08/06/2014 07:00:00 PM,33,14,19
08/06/2014 08:00:00 PM,33,14,19
08/06/2014 09:00:00 PM,22,8,14
08/06/2014 10:00:00 PM,23,7,16
08/06/2014 11:00:00 PM,12,11,1
08/07/2014 12:00:00 AM,1,1,0
08/07/2014 01:00:00 AM,4,0,4
08/07/2014 02:00:00 AM,19,5,14
08/07/2014 03:00:00 AM,0,0,0
08/07/2014 04:00:00 AM,2,2,0
08/07/2014 05:00:00 AM,7,2,5
08/07/2014 06:00:00 AM,38,15,23
08/07/2014 07:00:00 AM,49,13,36
08/07/2014 08:00:00 AM,56,27,29
08/07/2014 09:00:00 AM,33,14,19
08/07/2014 10:00:00 AM,25,13,12
08/07/2014 11:00:00 AM,41,20,21
08/07/2014 12:00:00 PM,32,18,14
08/07/2014 01:00:00 PM,40,28,12
08/07/2014 02:00:00 PM,36,18,18
08/07/2014 03:00:00 PM,40,24,16
08/07/2014 04:00:00 PM,63,35,28
08/07/2014 05:00:00 PM,75,40,35
08/07/2014 06:00:00 PM,43,19,24
08/07/2014 07:00:00 PM,50,32,18
08/07/2014 08:00:00 PM,48,24,24
08/07/2014 09:00:00 PM,11,3,8
08/07/2014 10:00:00 PM,17,11,6
08/07/2014 11:00:00 PM,13,11,2
08/08/2014 12:00:00 AM,25,13,12
08/08/2014 01:00:00 AM,6,2,4
08/08/2014 02:00:00 AM,4,2,2
08/08/2014 03:00:00 AM,2,0,2
08/08/2014 04:00:00 AM,4,0,4
08/08/2014 05:00:00 AM,6,0,6
08/08/2014 06:00:00 AM,17,5,12
08/08/2014 07:00:00 AM,66,20,46
08/08/2014 08:00:00 AM,44,22,22
08/08/2014 09:00:00 AM,25,18,7
08/08/2014 10:00:00 AM,20,12,8
08/08/2014 11:00:00 AM,29,8,21
08/08/2014 12:00:00 PM,28,16,12
08/08/2014 01:00:00 PM,24,18,6
08/08/2014 02:00:00 PM,33,19,14
08/08/2014 03:00:00 PM,31,11,20
08/08/2014 04:00:00 PM,43,31,12
08/08/2014 05:00:00 PM,70,32,38
08/08/2014 06:00:00 PM,46,25,21
08/08/2014 07:00:00 PM,37,22,15
08/08/2014 08:00:00 PM,36,19,17
08/08/2014 09:00:00 PM,19,13,6
08/08/2014 10:00:00 PM,28,16,12
08/08/2014 11:00:00 PM,20,7,13
08/09/2014 12:00:00 AM,13,6,7
08/09/2014 01:00:00 AM,17,4,13
08/09/2014 02:00:00 AM,7,3,4
08/09/2014 03:00:00 AM,1,1,0
08/09/2014 04:00:00 AM,0,0,0
08/09/2014 05:00:00 AM,2,0,2
08/09/2014 06:00:00 AM,6,2,4
08/09/2014 07:00:00 AM,7,1,6
08/09/2014 08:00:00 AM,10,4,6
08/09/2014 09:00:00 AM,12,2,10
08/09/2014 10:00:00 AM,20,5,15
08/09/2014 11:00:00 AM,24,11,13
08/09/2014 12:00:00 PM,33,19,14
08/09/2014 01:00:00 PM,24,14,10
08/09/2014 02:00:00 PM,33,12,21
08/09/2014 03:00:00 PM,34,14,20
08/09/2014 04:00:00 PM,43,25,18
08/09/2014 05:00:00 PM,28,16,12
08/09/2014 06:00:00 PM,15,7,8
08/09/2014 07:00:00 PM,41,26,15
08/09/2014 08:00:00 PM,24,7,17
08/09/2014 09:00:00 PM,27,14,13
08/09/2014 10:00:00 PM,18,6,12
08/09/2014 11:00:00 PM,27,16,11
08/10/2014 12:00:00 AM,15,7,8
08/10/2014 01:00:00 AM,12,3,9
08/10/2014 02:00:00 AM,15,3,12
08/10/2014 03:00:00 AM,5,0,5
08/10/2014 04:00:00 AM,5,3,2
08/10/2014 05:00:00 AM,0,0,0
08/10/2014 06:00:00 AM,6,2,4
08/10/2014 07:00:00 AM,9,3,6
08/10/2014 08:00:00 AM,8,0,8
08/10/2014 09:00:00 AM,7,4,3
08/10/2014 10:00:00 AM,28,9,19
08/10/2014 11:00:00 AM,20,14,6
08/10/2014 12:00:00 PM,19,13,6
08/10/2014 01:00:00 PM,21,14,7
08/10/2014 02:00:00 PM,35,12,23
08/10/2014 03:00:00 PM,38,17,21
08/10/2014 04:00:00 PM,46,35,11
08/10/2014 05:00:00 PM,40,22,18
08/10/2014 06:00:00 PM,25,12,13
08/10/2014 07:00:00 PM,19,6,13
08/10/2014 08:00:00 PM,15,6,9
08/10/2014 09:00:00 PM,7,4,3
08/10/2014 10:00:00 PM,25,3,22
08/10/2014 11:00:00 PM,18,3,15
08/11/2014 12:00:00 AM,10,2,8
08/11/2014 01:00:00 AM,3,1,2
08/11/2014 02:00:00 AM,9,4,5
08/11/2014 03:00:00 AM,0,0,0
08/11/2014 04:00:00 AM,2,0,2
08/11/2014 05:00:00 AM,10,4,6
08/11/2014 06:00:00 AM,23,4,19
08/11/2014 07:00:00 AM,55,9,46
08/11/2014 08:00:00 AM,42,27,15
08/11/2014 09:00:00 AM,39,19,20
08/11/2014 10:00:00 AM,31,15,16
08/11/2014 11:00:00 AM,30,13,17
08/11/2014 12:00:00 PM,13,4,9
08/11/2014 01:00:00 PM,37,12,25
08/11/2014 02:00:00 PM,30,15,15
08/11/2014 03:00:00 PM,25,14,11
08/11/2014 04:00:00 PM,50,27,23
08/11/2014 05:00:00 PM,64,29,35
08/11/2014 06:00:00 PM,46,24,22
08/11/2014 07:00:00 PM,48,26,22
08/11/2014 08:00:00 PM,21,13,8
08/11/2014 09:00:00 PM,29,12,17
08/11/2014 10:00:00 PM,10,4,6
08/11/2014 11:00:00 PM,8,6,2
08/12/2014 12:00:00 AM,5,3,2
08/12/2014 01:00:00 AM,9,5,4
08/12/2014 02:00:00 AM,0,0,0
08/12/2014 03:00:00 AM,0,0,0
08/12/2014 04:00:00 AM,2,0,2
08/12/2014 05:00:00 AM,10,4,6
08/12/2014 06:00:00 AM,19,0,19
08/12/2014 07:00:00 AM,47,22,25
08/12/2014 08:00:00 AM,34,12,22
08/12/2014 09:00:00 AM,34,21,13
08/12/2014 10:00:00 AM,20,8,12
08/12/2014 11:00:00 AM,18,9,9
08/12/2014 12:00:00 PM,28,13,15
08/12/2014 01:00:00 PM,24,13,11
08/12/2014 02:00:00 PM,29,20,9
08/12/2014 03:00:00 PM,40,17,23
08/12/2014 04:00:00 PM,46,23,23
08/12/2014 05:00:00 PM,73,36,37
08/12/2014 06:00:00 PM,45,23,22
08/12/2014 07:00:00 PM,47,31,16
08/12/2014 08:00:00 PM,33,16,17
08/12/2014 09:00:00 PM,16,12,4
08/12/2014 10:00:00 PM,19,7,12
08/12/2014 11:00:00 PM,18,8,10
08/13/2014 12:00:00 AM,3,1,2
08/13/2014 01:00:00 AM,8,6,2
08/13/2014 02:00:00 AM,3,3,0
08/13/2014 03:00:00 AM,0,0,0
08/13/2014 04:00:00 AM,1,0,1
08/13/2014 05:00:00 AM,4,0,4
08/13/2014 06:00:00 AM,22,4,18
08/13/2014 07:00:00 AM,37,9,28
08/13/2014 08:00:00 AM,32,14,18
08/13/2014 09:00:00 AM,26,10,16
08/13/2014 10:00:00 AM,14,2,12
08/13/2014 11:00:00 AM,30,14,16
08/13/2014 12:00:00 PM,28,20,8
08/13/2014 01:00:00 PM,21,10,11
08/13/2014 02:00:00 PM,21,7,14
08/13/2014 03:00:00 PM,49,26,23
08/13/2014 04:00:00 PM,53,36,17
08/13/2014 05:00:00 PM,58,32,26
08/13/2014 06:00:00 PM,70,34,36
08/13/2014 07:00:00 PM,37,19,18
08/13/2014 08:00:00 PM,31,18,13
08/13/2014 09:00:00 PM,30,10,20
08/13/2014 10:00:00 PM,19,4,15
08/13/2014 11:00:00 PM,16,8,8
08/14/2014 12:00:00 AM,12,8,4
08/14/2014 01:00:00 AM,8,4,4
08/14/2014 02:00:00 AM,5,2,3
08/14/2014 03:00:00 AM,0,0,0
08/14/2014 04:00:00 AM,6,2,4
08/14/2014 05:00:00 AM,6,0,6
08/14/2014 06:00:00 AM,10,2,8
08/14/2014 07:00:00 AM,39,12,27
08/14/2014 08:00:00 AM,46,25,21
08/14/2014 09:00:00 AM,27,12,15
08/14/2014 10:00:00 AM,16,8,8
08/14/2014 11:00:00 AM,20,6,14
08/14/2014 12:00:00 PM,33,14,19
08/14/2014 01:00:00 PM,28,14,14
08/14/2014 02:00:00 PM,35,16,19
08/14/2014 03:00:00 PM,30,15,15
08/14/2014 04:00:00 PM,34,20,14
08/14/2014 05:00:00 PM,71,33,38
08/14/2014 06:00:00 PM,34,9,25
08/14/2014 07:00:00 PM,36,22,14
08/14/2014 08:00:00 PM,34,20,14
08/14/2014 09:00:00 PM,11,6,5
08/14/2014 10:00:00 PM,5,3,2
08/14/2014 11:00:00 PM,23,7,16
08/15/2014 12:00:00 AM,7,3,4
08/15/2014 01:00:00 AM,7,2,5
08/15/2014 02:00:00 AM,3,3,0
08/15/2014 03:00:00 AM,0,0,0
08/15/2014 04:00:00 AM,2,0,2
08/15/2014 05:00:00 AM,9,6,3
08/15/2014 06:00:00 AM,14,2,12
08/15/2014 07:00:00 AM,37,11,26
08/15/2014 08:00:00 AM,27,11,16
08/15/2014 09:00:00 AM,18,11,7
08/15/2014 10:00:00 AM,10,6,4
08/15/2014 11:00:00 AM,28,12,16
08/15/2014 12:00:00 PM,11,5,6
08/15/2014 01:00:00 PM,23,11,12
08/15/2014 02:00:00 PM,25,12,13
08/15/2014 03:00:00 PM,29,20,9
08/15/2014 04:00:00 PM,41,24,17
08/15/2014 05:00:00 PM,46,20,26
08/15/2014 06:00:00 PM,40,22,18
08/15/2014 07:00:00 PM,33,25,8
08/15/2014 08:00:00 PM,21,10,11
08/15/2014 09:00:00 PM,30,3,27
08/15/2014 10:00:00 PM,18,8,10
08/15/2014 11:00:00 PM,13,9,4
08/16/2014 12:00:00 AM,24,7,17
08/16/2014 01:00:00 AM,10,3,7
08/16/2014 02:00:00 AM,7,3,4
08/16/2014 03:00:00 AM,2,0,2
08/16/2014 04:00:00 AM,0,0,0
08/16/2014 05:00:00 AM,5,2,3
08/16/2014 06:00:00 AM,3,2,1
08/16/2014 07:00:00 AM,3,1,2
08/16/2014 08:00:00 AM,7,1,6
08/16/2014 09:00:00 AM,11,7,4
08/16/2014 10:00:00 AM,21,7,14
08/16/2014 11:00:00 AM,22,16,6
08/16/2014 12:00:00 PM,26,17,9
08/16/2014 01:00:00 PM,31,15,16
08/16/2014 02:00:00 PM,16,3,13
08/16/2014 03:00:00 PM,18,10,8
08/16/2014 04:00:00 PM,20,3,17
08/16/2014 05:00:00 PM,19,11,8
08/16/2014 06:00:00 PM,20,17,3
08/16/2014 07:00:00 PM,35,22,13
08/16/2014 08:00:00 PM,21,10,11
08/16/2014 09:00:00 PM,24,18,6
08/16/2014 10:00:00 PM,12,7,5
08/16/2014 11:00:00 PM,15,4,11
08/17/2014 12:00:00 AM,12,6,6
08/17/2014 01:00:00 AM,14,6,8
08/17/2014 02:00:00 AM,7,5,2
08/17/2014 03:00:00 AM,8,2,6
08/17/2014 04:00:00 AM,4,2,2
08/17/2014 05:00:00 AM,3,0,3
08/17/2014 06:00:00 AM,5,3,2
08/17/2014 07:00:00 AM,7,1,6
08/17/2014 08:00:00 AM,6,4,2
08/17/2014 09:00:00 AM,13,5,8
08/17/2014 10:00:00 AM,18,12,6
08/17/2014 11:00:00 AM,24,12,12
08/17/2014 12:00:00 PM,28,10,18
08/17/2014 01:00:00 PM,33,17,16
08/17/2014 02:00:00 PM,20,11,9
08/17/2014 03:00:00 PM,29,9,20
08/17/2014 04:00:00 PM,27,15,12
08/17/2014 05:00:00 PM,21,7,14
08/17/2014 06:00:00 PM,24,12,12
08/17/2014 07:00:00 PM,24,20,4
08/17/2014 08:00:00 PM,36,21,15
08/17/2014 09:00:00 PM,30,14,16
08/17/2014 10:00:00 PM,22,8,14
08/17/2014 11:00:00 PM,21,17,4
08/18/2014 12:00:00 AM,15,1,14
08/18/2014 01:00:00 AM,1,0,1
08/18/2014 02:00:00 AM,0,0,0
08/18/2014 03:00:00 AM,2,2,0
08/18/2014 04:00:00 AM,2,0,2
08/18/2014 05:00:00 AM,16,2,14
08/18/2014 06:00:00 AM,27,11,16
08/18/2014 07:00:00 AM,53,20,33
08/18/2014 08:00:00 AM,48,22,26
08/18/2014 09:00:00 AM,40,23,17
08/18/2014 10:00:00 AM,16,8,8
08/18/2014 11:00:00 AM,45,18,27
08/18/2014 12:00:00 PM,36,20,16
08/18/2014 01:00:00 PM,25,10,15
08/18/2014 02:00:00 PM,37,25,12
08/18/2014 03:00:00 PM,32,17,15
08/18/2014 04:00:00 PM,40,18,22
08/18/2014 05:00:00 PM,83,44,39
08/18/2014 06:00:00 PM,70,31,39
08/18/2014 07:00:00 PM,42,18,24
08/18/2014 08:00:00 PM,41,28,13
08/18/2014 09:00:00 PM,19,11,8
08/18/2014 10:00:00 PM,19,5,14
08/18/2014 11:00:00 PM,4,4,0
08/19/2014 12:00:00 AM,4,4,0
08/19/2014 01:00:00 AM,2,0,2
08/19/2014 02:00:00 AM,2,0,2
08/19/2014 03:00:00 AM,0,0,0
08/19/2014 04:00:00 AM,3,0,3
08/19/2014 05:00:00 AM,15,4,11
08/19/2014 06:00:00 AM,24,4,20
08/19/2014 07:00:00 AM,32,15,17
08/19/2014 08:00:00 AM,46,25,21
08/19/2014 09:00:00 AM,39,27,12
08/19/2014 10:00:00 AM,18,8,10
08/19/2014 11:00:00 AM,40,18,22
08/19/2014 12:00:00 PM,23,12,11
08/19/2014 01:00:00 PM,36,22,14
08/19/2014 02:00:00 PM,20,7,13
08/19/2014 03:00:00 PM,18,6,12
08/19/2014 04:00:00 PM,63,36,27
08/19/2014 05:00:00 PM,53,31,22
08/19/2014 06:00:00 PM,59,39,20
08/19/2014 07:00:00 PM,41,22,19
08/19/2014 08:00:00 PM,32,14,18
08/19/2014 09:00:00 PM,20,13,7
08/19/2014 10:00:00 PM,13,4,9
08/19/2014 11:00:00 PM,11,8,3
08/20/2014 12:00:00 AM,6,4,2
08/20/2014 01:00:00 AM,0,0,0
08/20/2014 02:00:00 AM,0,0,0
08/20/2014 03:00:00 AM,2,2,0
08/20/2014 04:00:00 AM,3,0,3
08/20/2014 05:00:00 AM,11,4,7
08/20/2014 06:00:00 AM,24,5,19
08/20/2014 07:00:00 AM,36,13,23
08/20/2014 08:00:00 AM,45,20,25
08/20/2014 09:00:00 AM,35,23,12
08/20/2014 10:00:00 AM,12,4,8
08/20/2014 11:00:00 AM,20,8,12
08/20/2014 12:00:00 PM,21,7,14
08/20/2014 01:00:00 PM,25,10,15
08/20/2014 02:00:00 PM,24,9,15
08/20/2014 03:00:00 PM,26,13,13
08/20/2014 04:00:00 PM,53,24,29
08/20/2014 05:00:00 PM,55,37,18
08/20/2014 06:00:00 PM,70,31,39
08/20/2014 07:00:00 PM,44,22,22
08/20/2014 08:00:00 PM,44,25,19
08/20/2014 09:00:00 PM,11,5,6
08/20/2014 10:00:00 PM,11,8,3
08/20/2014 11:00:00 PM,11,6,5
08/21/2014 12:00:00 AM,10,2,8
08/21/2014 01:00:00 AM,3,1,2
08/21/2014 02:00:00 AM,1,1,0
08/21/2014 03:00:00 AM,2,2,0
08/21/2014 04:00:00 AM,7,5,2
08/21/2014 05:00:00 AM,4,2,2
08/21/2014 06:00:00 AM,30,11,19
08/21/2014 07:00:00 AM,47,12,35
08/21/2014 08:00:00 AM,60,26,34
08/21/2014 09:00:00 AM,30,16,14
08/21/2014 10:00:00 AM,16,6,10
08/21/2014 11:00:00 AM,23,12,11
08/21/2014 12:00:00 PM,17,8,9
08/21/2014 01:00:00 PM,16,8,8
08/21/2014 02:00:00 PM,20,7,13
08/21/2014 03:00:00 PM,37,26,11
08/21/2014 04:00:00 PM,43,21,22
08/21/2014 05:00:00 PM,83,46,37
08/21/2014 06:00:00 PM,65,24,41
08/21/2014 07:00:00 PM,32,22,10
08/21/2014 08:00:00 PM,44,18,26
08/21/2014 09:00:00 PM,17,4,13
08/21/2014 10:00:00 PM,18,12,6
08/21/2014 11:00:00 PM,11,5,6
08/22/2014 12:00:00 AM,8,2,6
08/22/2014 01:00:00 AM,1,0,1
08/22/2014 02:00:00 AM,0,0,0
08/22/2014 03:00:00 AM,2,0,2
08/22/2014 04:00:00 AM,2,0,2
08/22/2014 05:00:00 AM,7,3,4
08/22/2014 06:00:00 AM,14,1,13
08/22/2014 07:00:00 AM,41,12,29
08/22/2014 08:00:00 AM,38,21,17
08/22/2014 09:00:00 AM,38,23,15
08/22/2014 10:00:00 AM,16,12,4
08/22/2014 11:00:00 AM,16,4,12
08/22/2014 12:00:00 PM,29,17,12
08/22/2014 01:00:00 PM,39,16,23
08/22/2014 02:00:00 PM,21,8,13
08/22/2014 03:00:00 PM,35,15,20
08/22/2014 04:00:00 PM,59,46,13
08/22/2014 05:00:00 PM,65,42,23
08/22/2014 06:00:00 PM,57,22,35
08/22/2014 07:00:00 PM,33,19,14
08/22/2014 08:00:00 PM,38,23,15
08/22/2014 09:00:00 PM,25,11,14
08/22/2014 10:00:00 PM,18,11,7
08/22/2014 11:00:00 PM,21,13,8
08/23/2014 12:00:00 AM,18,10,8
08/23/2014 01:00:00 AM,12,4,8
08/23/2014 02:00:00 AM,14,9,5
08/23/2014 03:00:00 AM,0,0,0
08/23/2014 04:00:00 AM,2,2,0
08/23/2014 05:00:00 AM,0,0,0
08/23/2014 06:00:00 AM,0,0,0
08/23/2014 07:00:00 AM,10,10,0
08/23/2014 08:00:00 AM,10,8,2
08/23/2014 09:00:00 AM,12,11,1
08/23/2014 10:00:00 AM,11,4,7
08/23/2014 11:00:00 AM,20,12,8
08/23/2014 12:00:00 PM,18,11,7
08/23/2014 01:00:00 PM,30,17,13
08/23/2014 02:00:00 PM,24,15,9
08/23/2014 03:00:00 PM,31,14,17
08/23/2014 04:00:00 PM,22,18,4
08/23/2014 05:00:00 PM,21,11,10
08/23/2014 06:00:00 PM,33,21,12
08/23/2014 07:00:00 PM,33,21,12
08/23/2014 08:00:00 PM,36,18,18
08/23/2014 09:00:00 PM,18,9,9
08/23/2014 10:00:00 PM,12,7,5
08/23/2014 11:00:00 PM,15,11,4
08/24/2014 12:00:00 AM,17,12,5
08/24/2014 01:00:00 AM,13,6,7
08/24/2014 02:00:00 AM,10,3,7
08/24/2014 03:00:00 AM,0,0,0
08/24/2014 04:00:00 AM,4,0,4
08/24/2014 05:00:00 AM,2,0,2
08/24/2014 06:00:00 AM,2,2,0
08/24/2014 07:00:00 AM,6,2,4
08/24/2014 08:00:00 AM,5,0,5
08/24/2014 09:00:00 AM,4,3,1
08/24/2014 10:00:00 AM,14,6,8
08/24/2014 11:00:00 AM,20,14,6
08/24/2014 12:00:00 PM,13,7,6
08/24/2014 01:00:00 PM,33,10,23
08/24/2014 02:00:00 PM,34,16,18
08/24/2014 03:00:00 PM,27,13,14
08/24/2014 04:00:00 PM,22,14,8
08/24/2014 05:00:00 PM,36,20,16
08/24/2014 06:00:00 PM,27,11,16
08/24/2014 07:00:00 PM,29,14,15
08/24/2014 08:00:00 PM,9,5,4
08/24/2014 09:00:00 PM,21,6,15
08/24/2014 10:00:00 PM,10,3,7
08/24/2014 11:00:00 PM,4,0,4
08/25/2014 12:00:00 AM,3,0,3
08/25/2014 01:00:00 AM,13,5,8
08/25/2014 02:00:00 AM,6,4,2
08/25/2014 03:00:00 AM,1,0,1
08/25/2014 04:00:00 AM,2,2,0
08/25/2014 05:00:00 AM,3,0,3
08/25/2014 06:00:00 AM,28,5,23
08/25/2014 07:00:00 AM,50,16,34
08/25/2014 08:00:00 AM,61,37,24
08/25/2014 09:00:00 AM,30,13,17
08/25/2014 10:00:00 AM,20,9,11
08/25/2014 11:00:00 AM,20,11,9
08/25/2014 12:00:00 PM,45,27,18
08/25/2014 01:00:00 PM,40,16,24
08/25/2014 02:00:00 PM,25,15,10
08/25/2014 03:00:00 PM,35,15,20
08/25/2014 04:00:00 PM,51,37,14
08/25/2014 05:00:00 PM,85,48,37
08/25/2014 06:00:00 PM,47,18,29
08/25/2014 07:00:00 PM,50,29,21
08/25/2014 08:00:00 PM,23,12,11
08/25/2014 09:00:00 PM,28,12,16
08/25/2014 10:00:00 PM,14,4,10
08/25/2014 11:00:00 PM,11,5,6
08/26/2014 12:00:00 AM,9,5,4
08/26/2014 01:00:00 AM,1,1,0
08/26/2014 02:00:00 AM,7,5,2
08/26/2014 03:00:00 AM,4,4,0
08/26/2014 04:00:00 AM,2,0,2
08/26/2014 05:00:00 AM,17,12,5
08/26/2014 06:00:00 AM,26,6,20
08/26/2014 07:00:00 AM,35,14,21
08/26/2014 08:00:00 AM,52,22,30
08/26/2014 09:00:00 AM,40,16,24
08/26/2014 10:00:00 AM,26,12,14
08/26/2014 11:00:00 AM,16,4,12
08/26/2014 12:00:00 PM,25,11,14
08/26/2014 01:00:00 PM,30,14,16
08/26/2014 02:00:00 PM,17,8,9
08/26/2014 03:00:00 PM,46,28,18
08/26/2014 04:00:00 PM,65,38,27
08/26/2014 05:00:00 PM,66,37,29
08/26/2014 06:00:00 PM,40,18,22
08/26/2014 07:00:00 PM,43,25,18
08/26/2014 08:00:00 PM,53,30,23
08/26/2014 09:00:00 PM,23,7,16
08/26/2014 10:00:00 PM,12,6,6
08/26/2014 11:00:00 PM,9,5,4
08/27/2014 12:00:00 AM,7,2,5
08/27/2014 01:00:00 AM,8,2,6
08/27/2014 02:00:00 AM,1,1,0
08/27/2014 03:00:00 AM,2,2,0
08/27/2014 04:00:00 AM,0,0,0
08/27/2014 05:00:00 AM,12,5,7
08/27/2014 06:00:00 AM,25,5,20
08/27/2014 07:00:00 AM,48,24,24
08/27/2014 08:00:00 AM,57,35,22
08/27/2014 09:00:00 AM,27,13,14
08/27/2014 10:00:00 AM,22,13,9
08/27/2014 11:00:00 AM,16,8,8
08/27/2014 12:00:00 PM,22,11,11
08/27/2014 01:00:00 PM,32,18,14
08/27/2014 02:00:00 PM,22,10,12
08/27/2014 03:00:00 PM,45,15,30
08/27/2014 04:00:00 PM,56,29,27
08/27/2014 05:00:00 PM,78,42,36
08/27/2014 06:00:00 PM,67,29,38
08/27/2014 07:00:00 PM,48,19,29
08/27/2014 08:00:00 PM,35,16,19
08/27/2014 09:00:00 PM,20,15,5
08/27/2014 10:00:00 PM,10,5,5
08/27/2014 11:00:00 PM,5,1,4
08/28/2014 12:00:00 AM,3,2,1
08/28/2014 01:00:00 AM,4,4,0
08/28/2014 02:00:00 AM,2,0,2
08/28/2014 03:00:00 AM,0,0,0
08/28/2014 04:00:00 AM,0,0,0
08/28/2014 05:00:00 AM,11,6,5
08/28/2014 06:00:00 AM,28,11,17
08/28/2014 07:00:00 AM,42,14,28
08/28/2014 08:00:00 AM,62,28,34
08/28/2014 09:00:00 AM,30,14,16
08/28/2014 10:00:00 AM,17,10,7
08/28/2014 11:00:00 AM,21,12,9
08/28/2014 12:00:00 PM,37,22,15
08/28/2014 01:00:00 PM,36,15,21
08/28/2014 02:00:00 PM,20,14,6
08/28/2014 03:00:00 PM,32,20,12
08/28/2014 04:00:00 PM,50,41,9
08/28/2014 05:00:00 PM,67,30,37
08/28/2014 06:00:00 PM,56,32,24
08/28/2014 07:00:00 PM,43,20,23
08/28/2014 08:00:00 PM,29,18,11
08/28/2014 09:00:00 PM,19,10,9
08/28/2014 10:00:00 PM,16,10,6
08/28/2014 11:00:00 PM,5,5,0
08/29/2014 12:00:00 AM,9,2,7
08/29/2014 01:00:00 AM,2,0,2
08/29/2014 02:00:00 AM,9,0,9
08/29/2014 03:00:00 AM,2,0,2
08/29/2014 04:00:00 AM,6,2,4
08/29/2014 05:00:00 AM,9,2,7
08/29/2014 06:00:00 AM,23,11,12
08/29/2014 07:00:00 AM,45,18,27
08/29/2014 08:00:00 AM,50,23,27
08/29/2014 09:00:00 AM,42,20,22
08/29/2014 10:00:00 AM,21,12,9
08/29/2014 11:00:00 AM,19,9,10
08/29/2014 12:00:00 PM,19,15,4
08/29/2014 01:00:00 PM,17,7,10
08/29/2014 02:00:00 PM,37,16,21
08/29/2014 03:00:00 PM,43,12,31
08/29/2014 04:00:00 PM,44,25,19
08/29/2014 05:00:00 PM,65,40,25
08/29/2014 06:00:00 PM,50,16,34
08/29/2014 07:00:00 PM,32,12,20
08/29/2014 08:00:00 PM,24,14,10
08/29/2014 09:00:00 PM,12,10,2
08/29/2014 10:00:00 PM,9,5,4
08/29/2014 11:00:00 PM,15,11,4
08/30/2014 12:00:00 AM,10,7,3
08/30/2014 01:00:00 AM,8,2,6
08/30/2014 02:00:00 AM,4,1,3
08/30/2014 03:00:00 AM,1,0,1
08/30/2014 04:00:00 AM,4,0,4
08/30/2014 05:00:00 AM,2,2,0
08/30/2014 06:00:00 AM,2,0,2
08/30/2014 07:00:00 AM,8,4,4
08/30/2014 08:00:00 AM,7,5,2
08/30/2014 09:00:00 AM,12,8,4
08/30/2014 10:00:00 AM,11,1,10
08/30/2014 11:00:00 AM,5,1,4
08/30/2014 12:00:00 PM,20,10,10
08/30/2014 01:00:00 PM,21,12,9
08/30/2014 02:00:00 PM,12,5,7
08/30/2014 03:00:00 PM,18,12,6
08/30/2014 04:00:00 PM,8,4,4
08/30/2014 05:00:00 PM,10,5,5
08/30/2014 06:00:00 PM,28,12,16
08/30/2014 07:00:00 PM,17,10,7
08/30/2014 08:00:00 PM,9,5,4
08/30/2014 09:00:00 PM,8,0,8
08/30/2014 10:00:00 PM,13,4,9
08/30/2014 11:00:00 PM,7,1,6
08/31/2014 12:00:00 AM,12,4,8
08/31/2014 01:00:00 AM,13,6,7
08/31/2014 02:00:00 AM,11,3,8
08/31/2014 03:00:00 AM,4,2,2
08/31/2014 04:00:00 AM,4,0,4
08/31/2014 05:00:00 AM,0,0,0
08/31/2014 06:00:00 AM,4,2,2
08/31/2014 07:00:00 AM,5,3,2
08/31/2014 08:00:00 AM,3,1,2
08/31/2014 09:00:00 AM,3,1,2
08/31/2014 10:00:00 AM,16,4,12
08/31/2014 11:00:00 AM,3,3,0
08/31/2014 12:00:00 PM,15,10,5
08/31/2014 01:00:00 PM,17,10,7
08/31/2014 02:00:00 PM,16,8,8
08/31/2014 03:00:00 PM,23,18,5
08/31/2014 04:00:00 PM,28,17,11
08/31/2014 05:00:00 PM,20,14,6
08/31/2014 06:00:00 PM,16,8,8
08/31/2014 07:00:00 PM,23,8,15
08/31/2014 08:00:00 PM,22,6,16
08/31/2014 09:00:00 PM,13,4,9
08/31/2014 10:00:00 PM,10,6,4
08/31/2014 11:00:00 PM,8,3,5
09/01/2014 12:00:00 AM,3,2,1
09/01/2014 01:00:00 AM,57,23,34
09/01/2014 02:00:00 AM,3,3,0
09/01/2014 03:00:00 AM,2,2,0
09/01/2014 04:00:00 AM,3,0,3
09/01/2014 05:00:00 AM,4,0,4
09/01/2014 06:00:00 AM,7,3,4
09/01/2014 07:00:00 AM,4,0,4
09/01/2014 08:00:00 AM,10,6,4
09/01/2014 09:00:00 AM,10,3,7
09/01/2014 10:00:00 AM,9,7,2
09/01/2014 11:00:00 AM,11,11,0
09/01/2014 12:00:00 PM,18,9,9
09/01/2014 01:00:00 PM,28,9,19
09/01/2014 02:00:00 PM,22,6,16
09/01/2014 03:00:00 PM,22,7,15
09/01/2014 04:00:00 PM,41,19,22
09/01/2014 05:00:00 PM,15,8,7
09/01/2014 06:00:00 PM,19,11,8
09/01/2014 07:00:00 PM,18,14,4
09/01/2014 08:00:00 PM,16,9,7
09/01/2014 09:00:00 PM,10,3,7
09/01/2014 10:00:00 PM,7,7,0
09/01/2014 11:00:00 PM,10,4,6
09/02/2014 12:00:00 AM,4,0,4
09/02/2014 01:00:00 AM,2,0,2
09/02/2014 02:00:00 AM,0,0,0
09/02/2014 03:00:00 AM,0,0,0
09/02/2014 04:00:00 AM,2,2,0
09/02/2014 05:00:00 AM,9,2,7
09/02/2014 06:00:00 AM,10,0,10
09/02/2014 07:00:00 AM,38,17,21
09/02/2014 08:00:00 AM,28,8,20
09/02/2014 09:00:00 AM,28,18,10
09/02/2014 10:00:00 AM,16,9,7
09/02/2014 11:00:00 AM,28,9,19
09/02/2014 12:00:00 PM,24,10,14
09/02/2014 01:00:00 PM,18,8,10
09/02/2014 02:00:00 PM,30,12,18
09/02/2014 03:00:00 PM,26,18,8
09/02/2014 04:00:00 PM,24,12,12
09/02/2014 05:00:00 PM,66,45,21
09/02/2014 06:00:00 PM,29,17,12
09/02/2014 07:00:00 PM,25,16,9
09/02/2014 08:00:00 PM,15,10,5
09/02/2014 09:00:00 PM,12,2,10
09/02/2014 10:00:00 PM,4,0,4
09/02/2014 11:00:00 PM,8,6,2
09/03/2014 12:00:00 AM,0,0,0
09/03/2014 01:00:00 AM,0,0,0
09/03/2014 02:00:00 AM,0,0,0
09/03/2014 03:00:00 AM,2,2,0
09/03/2014 04:00:00 AM,0,0,0
09/03/2014 05:00:00 AM,7,2,5
09/03/2014 06:00:00 AM,16,1,15
09/03/2014 07:00:00 AM,29,11,18
09/03/2014 08:00:00 AM,40,14,26
09/03/2014 09:00:00 AM,30,10,20
09/03/2014 10:00:00 AM,16,6,10
09/03/2014 11:00:00 AM,26,8,18
09/03/2014 12:00:00 PM,27,16,11
09/03/2014 01:00:00 PM,30,26,4
09/03/2014 02:00:00 PM,17,13,4
09/03/2014 03:00:00 PM,10,6,4
09/03/2014 04:00:00 PM,38,24,14
09/03/2014 05:00:00 PM,103,58,45
09/03/2014 06:00:00 PM,54,29,25
09/03/2014 07:00:00 PM,36,25,11
09/03/2014 08:00:00 PM,45,21,24
09/03/2014 09:00:00 PM,14,3,11
09/03/2014 10:00:00 PM,7,0,7
09/03/2014 11:00:00 PM,6,6,0
09/04/2014 12:00:00 AM,10,3,7
09/04/2014 01:00:00 AM,5,4,1
09/04/2014 02:00:00 AM,2,2,0
09/04/2014 03:00:00 AM,0,0,0
09/04/2014 04:00:00 AM,0,0,0
09/04/2014 05:00:00 AM,15,4,11
09/04/2014 06:00:00 AM,22,5,17
09/04/2014 07:00:00 AM,42,14,28
09/04/2014 08:00:00 AM,55,27,28
09/04/2014 09:00:00 AM,26,8,18
09/04/2014 10:00:00 AM,28,18,10
09/04/2014 11:00:00 AM,20,12,8
09/04/2014 12:00:00 PM,33,25,8
09/04/2014 01:00:00 PM,29,20,9
09/04/2014 02:00:00 PM,26,12,14
09/04/2014 03:00:00 PM,39,22,17
09/04/2014 04:00:00 PM,60,44,16
09/04/2014 05:00:00 PM,70,32,38
09/04/2014 06:00:00 PM,56,34,22
09/04/2014 07:00:00 PM,30,11,19
09/04/2014 08:00:00 PM,28,12,16
09/04/2014 09:00:00 PM,15,13,2
09/04/2014 10:00:00 PM,15,6,9
09/04/2014 11:00:00 PM,6,4,2
09/05/2014 12:00:00 AM,8,1,7
09/05/2014 01:00:00 AM,12,4,8
09/05/2014 02:00:00 AM,1,0,1
09/05/2014 03:00:00 AM,2,0,2
09/05/2014 04:00:00 AM,0,0,0
09/05/2014 05:00:00 AM,12,4,8
09/05/2014 06:00:00 AM,13,4,9
09/05/2014 07:00:00 AM,31,10,21
09/05/2014 08:00:00 AM,38,14,24
09/05/2014 09:00:00 AM,35,7,28
09/05/2014 10:00:00 AM,29,18,11
09/05/2014 11:00:00 AM,27,9,18
09/05/2014 12:00:00 PM,14,10,4
09/05/2014 01:00:00 PM,38,24,14
09/05/2014 02:00:00 PM,38,16,22
09/05/2014 03:00:00 PM,32,22,10
09/05/2014 04:00:00 PM,48,24,24
09/05/2014 05:00:00 PM,89,51,38
09/05/2014 06:00:00 PM,66,34,32
09/05/2014 07:00:00 PM,55,31,24
09/05/2014 08:00:00 PM,28,6,22
09/05/2014 09:00:00 PM,19,15,4
09/05/2014 10:00:00 PM,14,9,5
09/05/2014 11:00:00 PM,17,8,9
09/06/2014 12:00:00 AM,13,6,7
09/06/2014 01:00:00 AM,11,6,5
09/06/2014 02:00:00 AM,1,1,0
09/06/2014 03:00:00 AM,4,2,2
09/06/2014 04:00:00 AM,2,2,0
09/06/2014 05:00:00 AM,4,3,1
09/06/2014 06:00:00 AM,5,2,3
09/06/2014 07:00:00 AM,3,3,0
09/06/2014 08:00:00 AM,15,7,8
09/06/2014 09:00:00 AM,21,8,13
09/06/2014 10:00:00 AM,24,10,14
09/06/2014 11:00:00 AM,26,16,10
09/06/2014 12:00:00 PM,29,17,12
09/06/2014 01:00:00 PM,33,20,13
09/06/2014 02:00:00 PM,26,12,14
09/06/2014 03:00:00 PM,27,9,18
09/06/2014 04:00:00 PM,16,9,7
09/06/2014 05:00:00 PM,25,12,13
09/06/2014 06:00:00 PM,27,7,20
09/06/2014 07:00:00 PM,30,15,15
09/06/2014 08:00:00 PM,11,2,9
09/06/2014 09:00:00 PM,15,7,8
09/06/2014 10:00:00 PM,17,6,11
09/06/2014 11:00:00 PM,14,6,8
09/07/2014 12:00:00 AM,14,7,7
09/07/2014 01:00:00 AM,7,2,5
09/07/2014 02:00:00 AM,8,5,3
09/07/2014 03:00:00 AM,1,0,1
09/07/2014 04:00:00 AM,0,0,0
09/07/2014 05:00:00 AM,5,4,1
09/07/2014 06:00:00 AM,5,0,5
09/07/2014 07:00:00 AM,8,5,3
09/07/2014 08:00:00 AM,5,0,5
09/07/2014 09:00:00 AM,15,7,8
09/07/2014 10:00:00 AM,14,12,2
09/07/2014 11:00:00 AM,22,15,7
09/07/2014 12:00:00 PM,28,12,16
09/07/2014 01:00:00 PM,18,13,5
09/07/2014 02:00:00 PM,23,6,17
09/07/2014 03:00:00 PM,30,16,14
09/07/2014 04:00:00 PM,28,17,11
09/07/2014 05:00:00 PM,12,3,9
09/07/2014 06:00:00 PM,38,14,24
09/07/2014 07:00:00 PM,11,5,6
09/07/2014 08:00:00 PM,29,8,21
09/07/2014 09:00:00 PM,10,5,5
09/07/2014 10:00:00 PM,21,12,9
09/07/2014 11:00:00 PM,19,8,11
09/08/2014 12:00:00 AM,8,2,6
09/08/2014 01:00:00 AM,1,0,1
09/08/2014 02:00:00 AM,2,0,2
09/08/2014 03:00:00 AM,0,0,0
09/08/2014 04:00:00 AM,1,1,0
09/08/2014 05:00:00 AM,9,2,7
09/08/2014 06:00:00 AM,18,6,12
09/08/2014 07:00:00 AM,34,8,26
09/08/2014 08:00:00 AM,40,11,29
09/08/2014 09:00:00 AM,25,7,18
09/08/2014 10:00:00 AM,12,8,4
09/08/2014 11:00:00 AM,21,8,13
09/08/2014 12:00:00 PM,21,4,17
09/08/2014 01:00:00 PM,21,12,9
09/08/2014 02:00:00 PM,39,23,16
09/08/2014 03:00:00 PM,34,16,18
09/08/2014 04:00:00 PM,48,24,24
09/08/2014 05:00:00 PM,70,33,37
09/08/2014 06:00:00 PM,45,19,26
09/08/2014 07:00:00 PM,34,21,13
09/08/2014 08:00:00 PM,34,12,22
09/08/2014 09:00:00 PM,6,4,2
09/08/2014 10:00:00 PM,10,9,1
09/08/2014 11:00:00 PM,6,4,2
09/09/2014 12:00:00 AM,2,2,0
09/09/2014 01:00:00 AM,2,2,0
09/09/2014 02:00:00 AM,4,4,0
09/09/2014 03:00:00 AM,0,0,0
09/09/2014 04:00:00 AM,0,0,0
09/09/2014 05:00:00 AM,9,2,7
09/09/2014 06:00:00 AM,30,2,28
09/09/2014 07:00:00 AM,45,18,27
09/09/2014 08:00:00 AM,36,10,26
09/09/2014 09:00:00 AM,24,12,12
09/09/2014 10:00:00 AM,21,10,11
09/09/2014 11:00:00 AM,21,11,10
09/09/2014 12:00:00 PM,28,9,19
09/09/2014 01:00:00 PM,11,7,4
09/09/2014 02:00:00 PM,20,10,10
09/09/2014 03:00:00 PM,37,21,16
09/09/2014 04:00:00 PM,51,31,20
09/09/2014 05:00:00 PM,79,51,28
09/09/2014 06:00:00 PM,57,36,21
09/09/2014 07:00:00 PM,29,14,15
09/09/2014 08:00:00 PM,43,20,23
09/09/2014 09:00:00 PM,19,10,9
09/09/2014 10:00:00 PM,11,7,4
09/09/2014 11:00:00 PM,14,6,8
09/10/2014 12:00:00 AM,8,2,6
09/10/2014 01:00:00 AM,1,0,1
09/10/2014 02:00:00 AM,1,0,1
09/10/2014 03:00:00 AM,0,0,0
09/10/2014 04:00:00 AM,0,0,0
09/10/2014 05:00:00 AM,5,2,3
09/10/2014 06:00:00 AM,15,1,14
09/10/2014 07:00:00 AM,52,16,36
09/10/2014 08:00:00 AM,25,8,17
09/10/2014 09:00:00 AM,27,7,20
09/10/2014 10:00:00 AM,19,8,11
09/10/2014 11:00:00 AM,22,8,14
09/10/2014 12:00:00 PM,35,20,15
09/10/2014 01:00:00 PM,31,13,18
09/10/2014 02:00:00 PM,36,20,16
09/10/2014 03:00:00 PM,27,11,16
09/10/2014 04:00:00 PM,52,37,15
09/10/2014 05:00:00 PM,76,36,40
09/10/2014 06:00:00 PM,61,38,23
09/10/2014 07:00:00 PM,56,33,23
09/10/2014 08:00:00 PM,17,10,7
09/10/2014 09:00:00 PM,8,7,1
09/10/2014 10:00:00 PM,14,8,6
09/10/2014 11:00:00 PM,15,10,5
09/11/2014 12:00:00 AM,1,1,0
09/11/2014 01:00:00 AM,8,6,2
09/11/2014 02:00:00 AM,2,2,0
09/11/2014 03:00:00 AM,0,0,0
09/11/2014 04:00:00 AM,0,0,0
09/11/2014 05:00:00 AM,7,2,5
09/11/2014 06:00:00 AM,23,4,19
09/11/2014 07:00:00 AM,36,6,30
09/11/2014 08:00:00 AM,44,19,25
09/11/2014 09:00:00 AM,28,14,14
09/11/2014 10:00:00 AM,23,11,12
09/11/2014 11:00:00 AM,13,6,7
09/11/2014 12:00:00 PM,27,20,7
09/11/2014 01:00:00 PM,25,15,10
09/11/2014 02:00:00 PM,34,16,18
09/11/2014 03:00:00 PM,30,18,12
09/11/2014 04:00:00 PM,56,33,23
09/11/2014 05:00:00 PM,77,47,30
09/11/2014 06:00:00 PM,66,42,24
09/11/2014 07:00:00 PM,42,25,17
09/11/2014 08:00:00 PM,30,11,19
09/11/2014 09:00:00 PM,12,6,6
09/11/2014 10:00:00 PM,15,6,9
09/11/2014 11:00:00 PM,15,7,8
09/12/2014 12:00:00 AM,7,2,5
09/12/2014 01:00:00 AM,2,0,2
09/12/2014 02:00:00 AM,1,0,1
09/12/2014 03:00:00 AM,0,0,0
09/12/2014 04:00:00 AM,2,0,2
09/12/2014 05:00:00 AM,7,1,6
09/12/2014 06:00:00 AM,23,4,19
09/12/2014 07:00:00 AM,38,13,25
09/12/2014 08:00:00 AM,24,10,14
09/12/2014 09:00:00 AM,32,11,21
09/12/2014 10:00:00 AM,29,10,19
09/12/2014 11:00:00 AM,15,7,8
09/12/2014 12:00:00 PM,7,7,0
09/12/2014 01:00:00 PM,24,10,14
09/12/2014 02:00:00 PM,40,21,19
09/12/2014 03:00:00 PM,33,22,11
09/12/2014 04:00:00 PM,74,30,44
09/12/2014 05:00:00 PM,84,52,32
09/12/2014 06:00:00 PM,34,19,15
09/12/2014 07:00:00 PM,47,23,24
09/12/2014 08:00:00 PM,35,19,16
09/12/2014 09:00:00 PM,22,9,13
09/12/2014 10:00:00 PM,16,6,10
09/12/2014 11:00:00 PM,30,11,19
09/13/2014 12:00:00 AM,5,4,1
09/13/2014 01:00:00 AM,11,0,11
09/13/2014 02:00:00 AM,9,6,3
09/13/2014 03:00:00 AM,3,3,0
09/13/2014 04:00:00 AM,0,0,0
09/13/2014 05:00:00 AM,7,4,3
09/13/2014 06:00:00 AM,9,3,6
09/13/2014 07:00:00 AM,3,2,1
09/13/2014 08:00:00 AM,10,7,3
09/13/2014 09:00:00 AM,13,9,4
09/13/2014 10:00:00 AM,6,2,4
09/13/2014 11:00:00 AM,15,9,6
09/13/2014 12:00:00 PM,25,11,14
09/13/2014 01:00:00 PM,23,17,6
09/13/2014 02:00:00 PM,28,9,19
09/13/2014 03:00:00 PM,23,16,7
09/13/2014 04:00:00 PM,23,11,12
09/13/2014 05:00:00 PM,33,9,24
09/13/2014 06:00:00 PM,19,7,12
09/13/2014 07:00:00 PM,19,10,9
09/13/2014 08:00:00 PM,26,5,21
09/13/2014 09:00:00 PM,15,7,8
09/13/2014 10:00:00 PM,9,5,4
09/13/2014 11:00:00 PM,15,12,3
09/14/2014 12:00:00 AM,32,17,15
09/14/2014 01:00:00 AM,6,3,3
09/14/2014 02:00:00 AM,9,3,6
09/14/2014 03:00:00 AM,1,1,0
09/14/2014 04:00:00 AM,2,0,2
09/14/2014 05:00:00 AM,2,2,0
09/14/2014 06:00:00 AM,12,3,9
09/14/2014 07:00:00 AM,5,5,0
09/14/2014 08:00:00 AM,4,2,2
09/14/2014 09:00:00 AM,12,5,7
09/14/2014 10:00:00 AM,14,10,4
09/14/2014 11:00:00 AM,42,18,24
09/14/2014 12:00:00 PM,29,13,16
09/14/2014 01:00:00 PM,26,11,15
09/14/2014 02:00:00 PM,34,24,10
09/14/2014 03:00:00 PM,31,14,17
09/14/2014 04:00:00 PM,21,7,14
09/14/2014 05:00:00 PM,27,14,13
09/14/2014 06:00:00 PM,25,9,16
09/14/2014 07:00:00 PM,28,12,16
09/14/2014 08:00:00 PM,10,6,4
09/14/2014 09:00:00 PM,16,6,10
09/14/2014 10:00:00 PM,8,3,5
09/14/2014 11:00:00 PM,8,4,4
09/15/2014 12:00:00 AM,10,8,2
09/15/2014 01:00:00 AM,4,0,4
09/15/2014 02:00:00 AM,5,0,5
09/15/2014 03:00:00 AM,4,0,4
09/15/2014 04:00:00 AM,2,2,0
09/15/2014 05:00:00 AM,5,0,5
09/15/2014 06:00:00 AM,21,5,16
09/15/2014 07:00:00 AM,38,11,27
09/15/2014 08:00:00 AM,42,17,25
09/15/2014 09:00:00 AM,48,20,28
09/15/2014 10:00:00 AM,20,16,4
09/15/2014 11:00:00 AM,18,5,13
09/15/2014 12:00:00 PM,16,5,11
09/15/2014 01:00:00 PM,51,24,27
09/15/2014 02:00:00 PM,24,8,16
09/15/2014 03:00:00 PM,29,20,9
09/15/2014 04:00:00 PM,39,27,12
09/15/2014 05:00:00 PM,88,54,34
09/15/2014 06:00:00 PM,72,42,30
09/15/2014 07:00:00 PM,43,22,21
09/15/2014 08:00:00 PM,22,13,9
09/15/2014 09:00:00 PM,25,15,10
09/15/2014 10:00:00 PM,19,9,10
09/15/2014 11:00:00 PM,9,9,0
09/16/2014 12:00:00 AM,10,0,10
09/16/2014 01:00:00 AM,1,0,1
09/16/2014 02:00:00 AM,1,1,0
09/16/2014 03:00:00 AM,0,0,0
09/16/2014 04:00:00 AM,0,0,0
09/16/2014 05:00:00 AM,1,0,1
09/16/2014 06:00:00 AM,13,3,10
09/16/2014 07:00:00 AM,41,9,32
09/16/2014 08:00:00 AM,39,18,21
09/16/2014 09:00:00 AM,36,18,18
09/16/2014 10:00:00 AM,18,10,8
09/16/2014 11:00:00 AM,9,3,6
09/16/2014 12:00:00 PM,25,12,13
09/16/2014 01:00:00 PM,28,14,14
09/16/2014 02:00:00 PM,23,10,13
09/16/2014 03:00:00 PM,42,20,22
09/16/2014 04:00:00 PM,37,17,20
09/16/2014 05:00:00 PM,95,46,49
09/16/2014 06:00:00 PM,53,31,22
09/16/2014 07:00:00 PM,58,30,28
09/16/2014 08:00:00 PM,33,19,14
09/16/2014 09:00:00 PM,20,8,12
09/16/2014 10:00:00 PM,9,3,6
09/16/2014 11:00:00 PM,19,11,8
09/17/2014 12:00:00 AM,6,1,5
09/17/2014 01:00:00 AM,9,0,9
09/17/2014 02:00:00 AM,6,4,2
09/17/2014 03:00:00 AM,0,0,0
09/17/2014 04:00:00 AM,3,0,3
09/17/2014 05:00:00 AM,15,2,13
09/17/2014 06:00:00 AM,20,5,15
09/17/2014 07:00:00 AM,51,22,29
09/17/2014 08:00:00 AM,38,14,24
09/17/2014 09:00:00 AM,33,17,16
09/17/2014 10:00:00 AM,22,13,9
09/17/2014 11:00:00 AM,30,8,22
09/17/2014 12:00:00 PM,16,11,5
09/17/2014 01:00:00 PM,45,16,29
09/17/2014 02:00:00 PM,36,12,24
09/17/2014 03:00:00 PM,35,16,19
09/17/2014 04:00:00 PM,62,36,26
09/17/2014 05:00:00 PM,94,45,49
09/17/2014 06:00:00 PM,48,15,33
09/17/2014 07:00:00 PM,41,27,14
09/17/2014 08:00:00 PM,26,10,16
09/17/2014 09:00:00 PM,22,10,12
09/17/2014 10:00:00 PM,13,7,6
09/17/2014 11:00:00 PM,15,6,9
09/18/2014 12:00:00 AM,5,2,3
09/18/2014 01:00:00 AM,2,0,2
09/18/2014 02:00:00 AM,2,2,0
09/18/2014 03:00:00 AM,0,0,0
09/18/2014 04:00:00 AM,1,0,1
09/18/2014 05:00:00 AM,12,2,10
09/18/2014 06:00:00 AM,20,5,15
09/18/2014 07:00:00 AM,31,9,22
09/18/2014 08:00:00 AM,40,13,27
09/18/2014 09:00:00 AM,21,12,9
09/18/2014 10:00:00 AM,17,9,8
09/18/2014 11:00:00 AM,14,4,10
09/18/2014 12:00:00 PM,29,18,11
09/18/2014 01:00:00 PM,26,12,14
09/18/2014 02:00:00 PM,33,10,23
09/18/2014 03:00:00 PM,29,14,15
09/18/2014 04:00:00 PM,52,36,16
09/18/2014 05:00:00 PM,48,21,27
09/18/2014 06:00:00 PM,46,12,34
09/18/2014 07:00:00 PM,39,16,23
09/18/2014 08:00:00 PM,21,7,14
09/18/2014 09:00:00 PM,18,13,5
09/18/2014 10:00:00 PM,13,5,8
09/18/2014 11:00:00 PM,14,10,4
09/19/2014 12:00:00 AM,10,4,6
09/19/2014 01:00:00 AM,2,0,2
09/19/2014 02:00:00 AM,4,2,2
09/19/2014 03:00:00 AM,0,0,0
09/19/2014 04:00:00 AM,3,2,1
09/19/2014 05:00:00 AM,7,2,5
09/19/2014 06:00:00 AM,21,6,15
09/19/2014 07:00:00 AM,39,11,28
09/19/2014 08:00:00 AM,39,12,27
09/19/2014 09:00:00 AM,32,10,22
09/19/2014 10:00:00 AM,19,11,8
09/19/2014 11:00:00 AM,29,15,14
09/19/2014 12:00:00 PM,29,17,12
09/19/2014 01:00:00 PM,39,16,23
09/19/2014 02:00:00 PM,37,20,17
09/19/2014 03:00:00 PM,51,26,25
09/19/2014 04:00:00 PM,56,38,18
09/19/2014 05:00:00 PM,81,38,43
09/19/2014 06:00:00 PM,39,13,26
09/19/2014 07:00:00 PM,33,14,19
09/19/2014 08:00:00 PM,30,11,19
09/19/2014 09:00:00 PM,22,11,11
09/19/2014 10:00:00 PM,27,13,14
09/19/2014 11:00:00 PM,24,19,5
09/20/2014 12:00:00 AM,11,5,6
09/20/2014 01:00:00 AM,12,2,10
09/20/2014 02:00:00 AM,16,11,5
09/20/2014 03:00:00 AM,2,0,2
09/20/2014 04:00:00 AM,4,3,1
09/20/2014 05:00:00 AM,3,2,1
09/20/2014 06:00:00 AM,7,6,1
09/20/2014 07:00:00 AM,9,3,6
09/20/2014 08:00:00 AM,1,1,0
09/20/2014 09:00:00 AM,11,5,6
09/20/2014 10:00:00 AM,21,11,10
09/20/2014 11:00:00 AM,22,14,8
09/20/2014 12:00:00 PM,22,9,13
09/20/2014 01:00:00 PM,14,7,7
09/20/2014 02:00:00 PM,26,19,7
09/20/2014 03:00:00 PM,33,21,12
09/20/2014 04:00:00 PM,27,14,13
09/20/2014 05:00:00 PM,20,12,8
09/20/2014 06:00:00 PM,10,4,6
09/20/2014 07:00:00 PM,32,20,12
09/20/2014 08:00:00 PM,16,5,11
09/20/2014 09:00:00 PM,23,6,17
09/20/2014 10:00:00 PM,22,10,12
09/20/2014 11:00:00 PM,42,19,23
09/21/2014 12:00:00 AM,16,2,14
09/21/2014 01:00:00 AM,18,13,5
09/21/2014 02:00:00 AM,10,2,8
09/21/2014 03:00:00 AM,6,3,3
09/21/2014 04:00:00 AM,2,0,2
09/21/2014 05:00:00 AM,2,0,2
09/21/2014 06:00:00 AM,7,2,5
09/21/2014 07:00:00 AM,4,0,4
09/21/2014 08:00:00 AM,4,4,0
09/21/2014 09:00:00 AM,13,3,10
09/21/2014 10:00:00 AM,26,10,16
09/21/2014 11:00:00 AM,31,10,21
09/21/2014 12:00:00 PM,31,19,12
09/21/2014 01:00:00 PM,57,26,31
09/21/2014 02:00:00 PM,22,10,12
09/21/2014 03:00:00 PM,36,17,19
09/21/2014 04:00:00 PM,37,18,19
09/21/2014 05:00:00 PM,41,24,17
09/21/2014 06:00:00 PM,26,14,12
09/21/2014 07:00:00 PM,16,4,12
09/21/2014 08:00:00 PM,23,6,17
09/21/2014 09:00:00 PM,16,4,12
09/21/2014 10:00:00 PM,4,2,2
09/21/2014 11:00:00 PM,4,2,2
09/22/2014 12:00:00 AM,4,2,2
09/22/2014 01:00:00 AM,4,0,4
09/22/2014 02:00:00 AM,2,0,2
09/22/2014 03:00:00 AM,0,0,0
09/22/2014 04:00:00 AM,0,0,0
09/22/2014 05:00:00 AM,9,0,9
09/22/2014 06:00:00 AM,25,8,17
09/22/2014 07:00:00 AM,30,13,17
09/22/2014 08:00:00 AM,50,17,33
09/22/2014 09:00:00 AM,37,13,24
09/22/2014 10:00:00 AM,12,6,6
09/22/2014 11:00:00 AM,18,5,13
09/22/2014 12:00:00 PM,26,14,12
09/22/2014 01:00:00 PM,33,11,22
09/22/2014 02:00:00 PM,45,12,33
09/22/2014 03:00:00 PM,58,30,28
09/22/2014 04:00:00 PM,53,35,18
09/22/2014 05:00:00 PM,85,55,30
09/22/2014 06:00:00 PM,38,21,17
09/22/2014 07:00:00 PM,32,14,18
09/22/2014 08:00:00 PM,30,16,14
09/22/2014 09:00:00 PM,20,5,15
09/22/2014 10:00:00 PM,11,3,8
09/22/2014 11:00:00 PM,13,13,0
09/23/2014 12:00:00 AM,9,3,6
09/23/2014 01:00:00 AM,0,0,0
09/23/2014 02:00:00 AM,0,0,0
09/23/2014 03:00:00 AM,0,0,0
09/23/2014 04:00:00 AM,2,0,2
09/23/2014 05:00:00 AM,7,0,7
09/23/2014 06:00:00 AM,13,7,6
09/23/2014 07:00:00 AM,41,17,24
09/23/2014 08:00:00 AM,58,26,32
09/23/2014 09:00:00 AM,30,17,13
09/23/2014 10:00:00 AM,23,8,15
09/23/2014 11:00:00 AM,33,11,22
09/23/2014 12:00:00 PM,25,14,11
09/23/2014 01:00:00 PM,31,10,21
09/23/2014 02:00:00 PM,23,15,8
09/23/2014 03:00:00 PM,39,17,22
09/23/2014 04:00:00 PM,40,23,17
09/23/2014 05:00:00 PM,98,44,54
09/23/2014 06:00:00 PM,54,29,25
09/23/2014 07:00:00 PM,24,10,14
09/23/2014 08:00:00 PM,19,9,10
09/23/2014 09:00:00 PM,14,5,9
09/23/2014 10:00:00 PM,10,6,4
09/23/2014 11:00:00 PM,7,3,4
09/24/2014 12:00:00 AM,2,0,2
09/24/2014 01:00:00 AM,0,0,0
09/24/2014 02:00:00 AM,0,0,0
09/24/2014 03:00:00 AM,0,0,0
09/24/2014 04:00:00 AM,1,0,1
09/24/2014 05:00:00 AM,14,2,12
09/24/2014 06:00:00 AM,11,2,9
09/24/2014 07:00:00 AM,31,15,16
09/24/2014 08:00:00 AM,24,15,9
09/24/2014 09:00:00 AM,18,5,13
09/24/2014 10:00:00 AM,16,6,10
09/24/2014 11:00:00 AM,10,1,9
09/24/2014 12:00:00 PM,10,6,4
09/24/2014 01:00:00 PM,18,4,14
09/24/2014 02:00:00 PM,28,18,10
09/24/2014 03:00:00 PM,35,19,16
09/24/2014 04:00:00 PM,58,27,31
09/24/2014 05:00:00 PM,69,38,31
09/24/2014 06:00:00 PM,51,25,26
09/24/2014 07:00:00 PM,39,14,25
09/24/2014 08:00:00 PM,25,7,18
09/24/2014 09:00:00 PM,17,7,10
09/24/2014 10:00:00 PM,10,2,8
09/24/2014 11:00:00 PM,8,6,2
09/25/2014 12:00:00 AM,1,0,1
09/25/2014 01:00:00 AM,5,2,3
09/25/2014 02:00:00 AM,0,0,0
09/25/2014 03:00:00 AM,0,0,0
09/25/2014 04:00:00 AM,4,2,2
09/25/2014 05:00:00 AM,9,4,5
09/25/2014 06:00:00 AM,18,4,14
09/25/2014 07:00:00 AM,46,16,30
09/25/2014 08:00:00 AM,44,17,27
09/25/2014 09:00:00 AM,86,39,47
09/25/2014 10:00:00 AM,21,12,9
09/25/2014 11:00:00 AM,33,19,14
09/25/2014 12:00:00 PM,31,14,17
09/25/2014 01:00:00 PM,29,17,12
09/25/2014 02:00:00 PM,31,9,22
09/25/2014 03:00:00 PM,45,24,21
09/25/2014 04:00:00 PM,68,50,18
09/25/2014 05:00:00 PM,66,32,34
09/25/2014 06:00:00 PM,47,17,30
09/25/2014 07:00:00 PM,33,14,19
09/25/2014 08:00:00 PM,21,12,9
09/25/2014 09:00:00 PM,15,3,12
09/25/2014 10:00:00 PM,16,8,8
09/25/2014 11:00:00 PM,8,6,2
09/26/2014 12:00:00 AM,3,1,2
09/26/2014 01:00:00 AM,2,2,0
09/26/2014 02:00:00 AM,12,3,9
09/26/2014 03:00:00 AM,2,2,0
09/26/2014 04:00:00 AM,4,2,2
09/26/2014 05:00:00 AM,8,2,6
09/26/2014 06:00:00 AM,11,3,8
09/26/2014 07:00:00 AM,37,18,19
09/26/2014 08:00:00 AM,42,17,25
09/26/2014 09:00:00 AM,33,21,12
09/26/2014 10:00:00 AM,20,7,13
09/26/2014 11:00:00 AM,19,13,6
09/26/2014 12:00:00 PM,28,10,18
09/26/2014 01:00:00 PM,41,23,18
09/26/2014 02:00:00 PM,30,8,22
09/26/2014 03:00:00 PM,31,18,13
09/26/2014 04:00:00 PM,35,27,8
09/26/2014 05:00:00 PM,66,36,30
09/26/2014 06:00:00 PM,60,24,36
09/26/2014 07:00:00 PM,33,17,16
09/26/2014 08:00:00 PM,10,1,9
09/26/2014 09:00:00 PM,15,10,5
09/26/2014 10:00:00 PM,29,13,16
09/26/2014 11:00:00 PM,20,3,17
09/27/2014 12:00:00 AM,14,5,9
09/27/2014 01:00:00 AM,15,3,12
09/27/2014 02:00:00 AM,8,5,3
09/27/2014 03:00:00 AM,5,1,4
09/27/2014 04:00:00 AM,2,0,2
09/27/2014 05:00:00 AM,8,2,6
09/27/2014 06:00:00 AM,7,2,5
09/27/2014 07:00:00 AM,19,15,4
09/27/2014 08:00:00 AM,10,5,5
09/27/2014 09:00:00 AM,11,5,6
09/27/2014 10:00:00 AM,19,13,6
09/27/2014 11:00:00 AM,16,6,10
09/27/2014 12:00:00 PM,17,11,6
09/27/2014 01:00:00 PM,37,14,23
09/27/2014 02:00:00 PM,44,19,25
09/27/2014 03:00:00 PM,37,25,12
09/27/2014 04:00:00 PM,41,15,26
09/27/2014 05:00:00 PM,58,17,41
09/27/2014 06:00:00 PM,30,17,13
09/27/2014 07:00:00 PM,16,10,6
09/27/2014 08:00:00 PM,12,3,9
09/27/2014 09:00:00 PM,9,4,5
09/27/2014 10:00:00 PM,15,10,5
09/27/2014 11:00:00 PM,19,9,10
09/28/2014 12:00:00 AM,11,3,8
09/28/2014 01:00:00 AM,7,5,2
09/28/2014 02:00:00 AM,3,1,2
09/28/2014 03:00:00 AM,7,3,4
09/28/2014 04:00:00 AM,0,0,0
09/28/2014 05:00:00 AM,2,0,2
09/28/2014 06:00:00 AM,7,3,4
09/28/2014 07:00:00 AM,10,2,8
09/28/2014 08:00:00 AM,7,1,6
09/28/2014 09:00:00 AM,10,6,4
09/28/2014 10:00:00 AM,24,15,9
09/28/2014 11:00:00 AM,20,7,13
09/28/2014 12:00:00 PM,26,14,12
09/28/2014 01:00:00 PM,31,9,22
09/28/2014 02:00:00 PM,29,17,12
09/28/2014 03:00:00 PM,18,12,6
09/28/2014 04:00:00 PM,35,12,23
09/28/2014 05:00:00 PM,23,9,14
09/28/2014 06:00:00 PM,26,12,14
09/28/2014 07:00:00 PM,34,9,25
09/28/2014 08:00:00 PM,25,13,12
09/28/2014 09:00:00 PM,15,9,6
09/28/2014 10:00:00 PM,13,6,7
09/28/2014 11:00:00 PM,15,6,9
09/29/2014 12:00:00 AM,10,2,8
09/29/2014 01:00:00 AM,2,0,2
09/29/2014 02:00:00 AM,3,3,0
09/29/2014 03:00:00 AM,0,0,0
09/29/2014 04:00:00 AM,0,0,0
09/29/2014 05:00:00 AM,12,2,10
09/29/2014 06:00:00 AM,16,5,11
09/29/2014 07:00:00 AM,39,13,26
09/29/2014 08:00:00 AM,55,22,33
09/29/2014 09:00:00 AM,24,9,15
09/29/2014 10:00:00 AM,17,10,7
09/29/2014 11:00:00 AM,25,8,17
09/29/2014 12:00:00 PM,23,7,16
09/29/2014 01:00:00 PM,29,16,13
09/29/2014 02:00:00 PM,18,3,15
09/29/2014 03:00:00 PM,48,23,25
09/29/2014 04:00:00 PM,32,21,11
09/29/2014 05:00:00 PM,80,38,42
09/29/2014 06:00:00 PM,38,20,18
09/29/2014 07:00:00 PM,35,13,22
09/29/2014 08:00:00 PM,36,14,22
09/29/2014 09:00:00 PM,5,1,4
09/29/2014 10:00:00 PM,1,1,0
09/29/2014 11:00:00 PM,5,3,2
09/30/2014 12:00:00 AM,4,4,0
09/30/2014 01:00:00 AM,2,0,2
09/30/2014 02:00:00 AM,0,0,0
09/30/2014 03:00:00 AM,0,0,0
09/30/2014 04:00:00 AM,8,6,2
09/30/2014 05:00:00 AM,11,0,11
09/30/2014 06:00:00 AM,15,6,9
09/30/2014 07:00:00 AM,35,20,15
09/30/2014 08:00:00 AM,64,21,43
09/30/2014 09:00:00 AM,34,16,18
09/30/2014 10:00:00 AM,26,11,15
09/30/2014 11:00:00 AM,24,11,13
09/30/2014 12:00:00 PM,31,9,22
09/30/2014 01:00:00 PM,45,24,21
09/30/2014 02:00:00 PM,31,11,20
09/30/2014 03:00:00 PM,28,12,16
09/30/2014 04:00:00 PM,62,36,26
09/30/2014 05:00:00 PM,97,60,37
09/30/2014 06:00:00 PM,72,37,35
09/30/2014 07:00:00 PM,52,26,26
09/30/2014 08:00:00 PM,51,7,44
09/30/2014 09:00:00 PM,35,13,22
09/30/2014 10:00:00 PM,9,5,4
09/30/2014 11:00:00 PM,15,5,10
10/01/2014 12:00:00 AM,0,0,0
10/01/2014 01:00:00 AM,2,0,2
10/01/2014 02:00:00 AM,0,0,0
10/01/2014 03:00:00 AM,2,2,0
10/01/2014 04:00:00 AM,1,0,1
10/01/2014 05:00:00 AM,7,3,4
10/01/2014 06:00:00 AM,17,5,12
10/01/2014 07:00:00 AM,46,17,29
10/01/2014 08:00:00 AM,45,23,22
10/01/2014 09:00:00 AM,34,11,23
10/01/2014 10:00:00 AM,26,11,15
10/01/2014 11:00:00 AM,20,8,12
10/01/2014 12:00:00 PM,25,10,15
10/01/2014 01:00:00 PM,20,4,16
10/01/2014 02:00:00 PM,20,9,11
10/01/2014 03:00:00 PM,23,7,16
10/01/2014 04:00:00 PM,48,26,22
10/01/2014 05:00:00 PM,53,29,24
10/01/2014 06:00:00 PM,38,18,20
10/01/2014 07:00:00 PM,17,9,8
10/01/2014 08:00:00 PM,26,13,13
10/01/2014 09:00:00 PM,17,12,5
10/01/2014 10:00:00 PM,14,6,8
10/01/2014 11:00:00 PM,8,5,3
10/02/2014 12:00:00 AM,0,0,0
10/02/2014 01:00:00 AM,0,0,0
10/02/2014 02:00:00 AM,0,0,0
10/02/2014 03:00:00 AM,1,0,1
10/02/2014 04:00:00 AM,1,1,0
10/02/2014 05:00:00 AM,5,2,3
10/02/2014 06:00:00 AM,16,3,13
10/02/2014 07:00:00 AM,30,14,16
10/02/2014 08:00:00 AM,34,11,23
10/02/2014 09:00:00 AM,9,5,4
10/02/2014 10:00:00 AM,21,11,10
10/02/2014 11:00:00 AM,23,8,15
10/02/2014 12:00:00 PM,22,5,17
10/02/2014 01:00:00 PM,29,14,15
10/02/2014 02:00:00 PM,26,11,15
10/02/2014 03:00:00 PM,23,10,13
10/02/2014 04:00:00 PM,36,17,19
10/02/2014 05:00:00 PM,53,31,22
10/02/2014 06:00:00 PM,38,18,20
10/02/2014 07:00:00 PM,27,11,16
10/02/2014 08:00:00 PM,24,11,13
10/02/2014 09:00:00 PM,17,5,12
10/02/2014 10:00:00 PM,7,4,3
10/02/2014 11:00:00 PM,8,4,4
10/03/2014 12:00:00 AM,4,1,3
10/03/2014 01:00:00 AM,1,0,1
10/03/2014 02:00:00 AM,2,1,1
10/03/2014 03:00:00 AM,0,0,0
10/03/2014 04:00:00 AM,0,0,0
10/03/2014 05:00:00 AM,9,2,7
10/03/2014 06:00:00 AM,8,4,4
10/03/2014 07:00:00 AM,21,11,10
10/03/2014 08:00:00 AM,16,4,12
10/03/2014 09:00:00 AM,16,6,10
10/03/2014 10:00:00 AM,19,9,10
10/03/2014 11:00:00 AM,19,6,13
10/03/2014 12:00:00 PM,19,11,8
10/03/2014 01:00:00 PM,28,9,19
10/03/2014 02:00:00 PM,19,6,13
10/03/2014 03:00:00 PM,27,10,17
10/03/2014 04:00:00 PM,32,17,15
10/03/2014 05:00:00 PM,41,28,13
10/03/2014 06:00:00 PM,19,10,9
10/03/2014 07:00:00 PM,19,9,10
10/03/2014 08:00:00 PM,16,9,7
10/03/2014 09:00:00 PM,12,4,8
10/03/2014 10:00:00 PM,10,7,3
10/03/2014 11:00:00 PM,15,5,10
10/04/2014 12:00:00 AM,8,2,6
10/04/2014 01:00:00 AM,6,0,6
10/04/2014 02:00:00 AM,3,3,0
10/04/2014 03:00:00 AM,2,2,0
10/04/2014 04:00:00 AM,2,1,1
10/04/2014 05:00:00 AM,2,1,1
10/04/2014 06:00:00 AM,3,0,3
10/04/2014 07:00:00 AM,8,3,5
10/04/2014 08:00:00 AM,9,4,5
10/04/2014 09:00:00 AM,6,4,2
10/04/2014 10:00:00 AM,17,6,11
10/04/2014 11:00:00 AM,11,5,6
10/04/2014 12:00:00 PM,10,6,4
10/04/2014 01:00:00 PM,22,14,8
10/04/2014 02:00:00 PM,19,9,10
10/04/2014 03:00:00 PM,12,5,7
10/04/2014 04:00:00 PM,21,5,16
10/04/2014 05:00:00 PM,15,11,4
10/04/2014 06:00:00 PM,29,12,17
10/04/2014 07:00:00 PM,17,8,9
10/04/2014 08:00:00 PM,3,2,1
10/04/2014 09:00:00 PM,8,4,4
10/04/2014 10:00:00 PM,7,6,1
10/04/2014 11:00:00 PM,19,8,11
10/05/2014 12:00:00 AM,16,10,6
10/05/2014 01:00:00 AM,6,3,3
10/05/2014 02:00:00 AM,12,3,9
10/05/2014 03:00:00 AM,3,0,3
10/05/2014 04:00:00 AM,3,2,1
10/05/2014 05:00:00 AM,1,1,0
10/05/2014 06:00:00 AM,4,1,3
10/05/2014 07:00:00 AM,4,1,3
10/05/2014 08:00:00 AM,2,2,0
10/05/2014 09:00:00 AM,6,4,2
10/05/2014 10:00:00 AM,8,5,3
10/05/2014 11:00:00 AM,13,6,7
10/05/2014 12:00:00 PM,27,14,13
10/05/2014 01:00:00 PM,27,17,10
10/05/2014 02:00:00 PM,16,11,5
10/05/2014 03:00:00 PM,25,13,12
10/05/2014 04:00:00 PM,19,9,10
10/05/2014 05:00:00 PM,29,15,14
10/05/2014 06:00:00 PM,24,10,14
10/05/2014 07:00:00 PM,9,5,4
10/05/2014 08:00:00 PM,14,6,8
10/05/2014 09:00:00 PM,13,3,10
10/05/2014 10:00:00 PM,8,3,5
10/05/2014 11:00:00 PM,7,3,4
10/06/2014 12:00:00 AM,0,0,0
10/06/2014 01:00:00 AM,1,0,1
10/06/2014 02:00:00 AM,0,0,0
10/06/2014 03:00:00 AM,0,0,0
10/06/2014 04:00:00 AM,0,0,0
10/06/2014 05:00:00 AM,5,1,4
10/06/2014 06:00:00 AM,19,8,11
10/06/2014 07:00:00 AM,27,10,17
10/06/2014 08:00:00 AM,57,34,23
10/06/2014 09:00:00 AM,25,16,9
10/06/2014 10:00:00 AM,16,9,7
10/06/2014 11:00:00 AM,24,15,9
10/06/2014 12:00:00 PM,23,15,8
10/06/2014 01:00:00 PM,42,24,18
10/06/2014 02:00:00 PM,35,18,17
10/06/2014 03:00:00 PM,38,28,10
10/06/2014 04:00:00 PM,47,35,12
10/06/2014 05:00:00 PM,92,71,21
10/06/2014 06:00:00 PM,53,21,32
10/06/2014 07:00:00 PM,34,19,15
10/06/2014 08:00:00 PM,32,19,13
10/06/2014 09:00:00 PM,22,12,10
10/06/2014 10:00:00 PM,4,3,1
10/06/2014 11:00:00 PM,13,9,4
10/07/2014 12:00:00 AM,0,0,0
10/07/2014 01:00:00 AM,6,0,6
10/07/2014 02:00:00 AM,4,4,0
10/07/2014 03:00:00 AM,0,0,0
10/07/2014 04:00:00 AM,1,1,0
10/07/2014 05:00:00 AM,8,2,6
10/07/2014 06:00:00 AM,18,7,11
10/07/2014 07:00:00 AM,38,22,16
10/07/2014 08:00:00 AM,30,13,17
10/07/2014 09:00:00 AM,29,22,7
10/07/2014 10:00:00 AM,16,9,7
10/07/2014 11:00:00 AM,18,3,15
10/07/2014 12:00:00 PM,17,10,7
10/07/2014 01:00:00 PM,21,12,9
10/07/2014 02:00:00 PM,25,8,17
10/07/2014 03:00:00 PM,27,14,13
10/07/2014 04:00:00 PM,41,29,12
10/07/2014 05:00:00 PM,55,40,15
10/07/2014 06:00:00 PM,58,35,23
10/07/2014 07:00:00 PM,20,9,11
10/07/2014 08:00:00 PM,25,13,12
10/07/2014 09:00:00 PM,12,6,6
10/07/2014 10:00:00 PM,20,11,9
10/07/2014 11:00:00 PM,8,5,3
10/08/2014 12:00:00 AM,4,4,0
10/08/2014 01:00:00 AM,1,0,1
10/08/2014 02:00:00 AM,2,2,0
10/08/2014 03:00:00 AM,1,0,1
10/08/2014 04:00:00 AM,0,0,0
10/08/2014 05:00:00 AM,5,2,3
10/08/2014 06:00:00 AM,17,6,11
10/08/2014 07:00:00 AM,33,13,20
10/08/2014 08:00:00 AM,30,12,18
10/08/2014 09:00:00 AM,22,11,11
10/08/2014 10:00:00 AM,14,8,6
10/08/2014 11:00:00 AM,29,16,13
10/08/2014 12:00:00 PM,14,5,9
10/08/2014 01:00:00 PM,30,19,11
10/08/2014 02:00:00 PM,25,13,12
10/08/2014 03:00:00 PM,32,19,13
10/08/2014 04:00:00 PM,65,43,22
10/08/2014 05:00:00 PM,59,42,17
10/08/2014 06:00:00 PM,54,29,25
10/08/2014 07:00:00 PM,28,15,13
10/08/2014 08:00:00 PM,30,20,10
10/08/2014 09:00:00 PM,12,6,6
10/08/2014 10:00:00 PM,16,9,7
10/08/2014 11:00:00 PM,8,6,2
10/09/2014 12:00:00 AM,9,5,4
10/09/2014 01:00:00 AM,1,0,1
10/09/2014 02:00:00 AM,1,0,1
10/09/2014 03:00:00 AM,1,0,1
10/09/2014 04:00:00 AM,0,0,0
10/09/2014 05:00:00 AM,8,2,6
10/09/2014 06:00:00 AM,11,5,6
10/09/2014 07:00:00 AM,33,16,17
10/09/2014 08:00:00 AM,41,20,21
10/09/2014 09:00:00 AM,33,22,11
10/09/2014 10:00:00 AM,17,10,7
10/09/2014 11:00:00 AM,34,20,14
10/09/2014 12:00:00 PM,27,17,10
10/09/2014 01:00:00 PM,26,17,9
10/09/2014 02:00:00 PM,23,8,15
10/09/2014 03:00:00 PM,28,13,15
10/09/2014 04:00:00 PM,52,36,16
10/09/2014 05:00:00 PM,45,29,16
10/09/2014 06:00:00 PM,28,16,12
10/09/2014 07:00:00 PM,42,30,12
10/09/2014 08:00:00 PM,32,17,15
10/09/2014 09:00:00 PM,26,21,5
10/09/2014 10:00:00 PM,17,10,7
10/09/2014 11:00:00 PM,7,4,3
10/10/2014 12:00:00 AM,9,4,5
10/10/2014 01:00:00 AM,2,2,0
10/10/2014 02:00:00 AM,7,2,5
10/10/2014 03:00:00 AM,0,0,0
10/10/2014 04:00:00 AM,0,0,0
10/10/2014 05:00:00 AM,4,1,3
10/10/2014 06:00:00 AM,9,4,5
10/10/2014 07:00:00 AM,33,14,19
10/10/2014 08:00:00 AM,30,14,16
10/10/2014 09:00:00 AM,29,12,17
10/10/2014 10:00:00 AM,20,14,6
10/10/2014 11:00:00 AM,19,9,10
10/10/2014 12:00:00 PM,21,11,10
10/10/2014 01:00:00 PM,15,6,9
10/10/2014 02:00:00 PM,34,11,23
10/10/2014 03:00:00 PM,30,24,6
10/10/2014 04:00:00 PM,30,21,9
10/10/2014 05:00:00 PM,55,35,20
10/10/2014 06:00:00 PM,29,12,17
10/10/2014 07:00:00 PM,22,14,8
10/10/2014 08:00:00 PM,26,13,13
10/10/2014 09:00:00 PM,17,5,12
10/10/2014 10:00:00 PM,12,7,5
10/10/2014 11:00:00 PM,13,9,4
10/11/2014 12:00:00 AM,11,5,6
10/11/2014 01:00:00 AM,4,2,2
10/11/2014 02:00:00 AM,7,3,4
10/11/2014 03:00:00 AM,2,0,2
10/11/2014 04:00:00 AM,0,0,0
10/11/2014 05:00:00 AM,5,1,4
10/11/2014 06:00:00 AM,7,4,3
10/11/2014 07:00:00 AM,11,3,8
10/11/2014 08:00:00 AM,5,1,4
10/11/2014 09:00:00 AM,15,9,6
10/11/2014 10:00:00 AM,4,2,2
10/11/2014 11:00:00 AM,13,9,4
10/11/2014 12:00:00 PM,23,15,8
10/11/2014 01:00:00 PM,10,4,6
10/11/2014 02:00:00 PM,24,13,11
10/11/2014 03:00:00 PM,37,27,10
10/11/2014 04:00:00 PM,33,20,13
10/11/2014 05:00:00 PM,16,11,5
10/11/2014 06:00:00 PM,18,8,10
10/11/2014 07:00:00 PM,13,8,5
10/11/2014 08:00:00 PM,18,5,13
10/11/2014 09:00:00 PM,12,5,7
10/11/2014 10:00:00 PM,13,4,9
10/11/2014 11:00:00 PM,6,4,2
10/12/2014 12:00:00 AM,9,2,7
10/12/2014 01:00:00 AM,9,4,5
10/12/2014 02:00:00 AM,15,4,11
10/12/2014 03:00:00 AM,3,1,2
10/12/2014 04:00:00 AM,2,0,2
10/12/2014 05:00:00 AM,7,3,4
10/12/2014 06:00:00 AM,2,1,1
10/12/2014 07:00:00 AM,9,5,4
10/12/2014 08:00:00 AM,2,2,0
10/12/2014 09:00:00 AM,5,3,2
10/12/2014 10:00:00 AM,7,7,0
10/12/2014 11:00:00 AM,13,3,10
10/12/2014 12:00:00 PM,20,12,8
10/12/2014 01:00:00 PM,18,8,10
10/12/2014 02:00:00 PM,18,7,11
10/12/2014 03:00:00 PM,20,13,7
10/12/2014 04:00:00 PM,21,7,14
10/12/2014 05:00:00 PM,14,9,5
10/12/2014 06:00:00 PM,15,6,9
10/12/2014 07:00:00 PM,16,8,8
10/12/2014 08:00:00 PM,15,8,7
10/12/2014 09:00:00 PM,7,4,3
10/12/2014 10:00:00 PM,6,1,5
10/12/2014 11:00:00 PM,3,0,3
10/13/2014 12:00:00 AM,1,0,1
10/13/2014 01:00:00 AM,1,0,1
10/13/2014 02:00:00 AM,1,0,1
10/13/2014 03:00:00 AM,0,0,0
10/13/2014 04:00:00 AM,0,0,0
10/13/2014 05:00:00 AM,6,2,4
10/13/2014 06:00:00 AM,15,6,9
10/13/2014 07:00:00 AM,21,7,14
10/13/2014 08:00:00 AM,48,27,21
10/13/2014 09:00:00 AM,28,13,15
10/13/2014 10:00:00 AM,17,10,7
10/13/2014 11:00:00 AM,17,13,4
10/13/2014 12:00:00 PM,24,16,8
10/13/2014 01:00:00 PM,31,15,16
10/13/2014 02:00:00 PM,27,17,10
10/13/2014 03:00:00 PM,30,14,16
10/13/2014 04:00:00 PM,39,31,8
10/13/2014 05:00:00 PM,46,30,16
10/13/2014 06:00:00 PM,37,22,15
10/13/2014 07:00:00 PM,22,12,10
10/13/2014 08:00:00 PM,40,29,11
10/13/2014 09:00:00 PM,10,5,5
10/13/2014 10:00:00 PM,5,1,4
10/13/2014 11:00:00 PM,10,6,4
10/14/2014 12:00:00 AM,4,2,2
10/14/2014 01:00:00 AM,1,1,0
10/14/2014 02:00:00 AM,0,0,0
10/14/2014 03:00:00 AM,0,0,0
10/14/2014 04:00:00 AM,1,1,0
10/14/2014 05:00:00 AM,4,0,4
10/14/2014 06:00:00 AM,20,4,16
10/14/2014 07:00:00 AM,31,11,20
10/14/2014 08:00:00 AM,31,8,23
10/14/2014 09:00:00 AM,17,9,8
10/14/2014 10:00:00 AM,13,6,7
10/14/2014 11:00:00 AM,20,10,10
10/14/2014 12:00:00 PM,19,13,6
10/14/2014 01:00:00 PM,23,16,7
10/14/2014 02:00:00 PM,31,12,19
10/14/2014 03:00:00 PM,23,12,11
10/14/2014 04:00:00 PM,31,21,10
10/14/2014 05:00:00 PM,48,32,16
10/14/2014 06:00:00 PM,38,19,19
10/14/2014 07:00:00 PM,43,22,21
10/14/2014 08:00:00 PM,44,27,17
10/14/2014 09:00:00 PM,20,12,8
10/14/2014 10:00:00 PM,10,5,5
10/14/2014 11:00:00 PM,13,4,9
10/15/2014 12:00:00 AM,1,0,1
10/15/2014 01:00:00 AM,4,2,2
10/15/2014 02:00:00 AM,0,0,0
10/15/2014 03:00:00 AM,0,0,0
10/15/2014 04:00:00 AM,0,0,0
10/15/2014 05:00:00 AM,3,1,2
10/15/2014 06:00:00 AM,21,7,14
10/15/2014 07:00:00 AM,34,9,25
10/15/2014 08:00:00 AM,47,13,34
10/15/2014 09:00:00 AM,22,8,14
10/15/2014 10:00:00 AM,15,8,7
10/15/2014 11:00:00 AM,25,14,11
10/15/2014 12:00:00 PM,10,4,6
10/15/2014 01:00:00 PM,22,5,17
10/15/2014 02:00:00 PM,15,4,11
10/15/2014 03:00:00 PM,21,8,13
10/15/2014 04:00:00 PM,39,25,14
10/15/2014 05:00:00 PM,43,26,17
10/15/2014 06:00:00 PM,35,23,12
10/15/2014 07:00:00 PM,20,18,2
10/15/2014 08:00:00 PM,24,14,10
10/15/2014 09:00:00 PM,15,5,10
10/15/2014 10:00:00 PM,8,4,4
10/15/2014 11:00:00 PM,7,5,2
10/16/2014 12:00:00 AM,6,2,4
10/16/2014 01:00:00 AM,0,0,0
10/16/2014 02:00:00 AM,0,0,0
10/16/2014 03:00:00 AM,0,0,0
10/16/2014 04:00:00 AM,0,0,0
10/16/2014 05:00:00 AM,2,1,1
10/16/2014 06:00:00 AM,17,5,12
10/16/2014 07:00:00 AM,24,11,13
10/16/2014 08:00:00 AM,38,18,20
10/16/2014 09:00:00 AM,19,10,9
10/16/2014 10:00:00 AM,17,8,9
10/16/2014 11:00:00 AM,21,6,15
10/16/2014 12:00:00 PM,20,15,5
10/16/2014 01:00:00 PM,27,13,14
10/16/2014 02:00:00 PM,28,9,19
10/16/2014 03:00:00 PM,32,22,10
10/16/2014 04:00:00 PM,34,25,9
10/16/2014 05:00:00 PM,51,33,18
10/16/2014 06:00:00 PM,37,19,18
10/16/2014 07:00:00 PM,27,14,13
10/16/2014 08:00:00 PM,34,14,20
10/16/2014 09:00:00 PM,13,9,4
10/16/2014 10:00:00 PM,7,1,6
10/16/2014 11:00:00 PM,7,4,3
10/17/2014 12:00:00 AM,4,0,4
10/17/2014 01:00:00 AM,1,0,1
10/17/2014 02:00:00 AM,1,0,1
10/17/2014 03:00:00 AM,0,0,0
10/17/2014 04:00:00 AM,0,0,0
10/17/2014 05:00:00 AM,3,1,2
10/17/2014 06:00:00 AM,20,8,12
10/17/2014 07:00:00 AM,37,13,24
10/17/2014 08:00:00 AM,21,6,15
10/17/2014 09:00:00 AM,22,10,12
10/17/2014 10:00:00 AM,9,2,7
10/17/2014 11:00:00 AM,13,4,9
10/17/2014 12:00:00 PM,20,9,11
10/17/2014 01:00:00 PM,21,9,12
10/17/2014 02:00:00 PM,30,8,22
10/17/2014 03:00:00 PM,29,11,18
10/17/2014 04:00:00 PM,33,18,15
10/17/2014 05:00:00 PM,53,24,29
10/17/2014 06:00:00 PM,42,21,21
10/17/2014 07:00:00 PM,17,8,9
10/17/2014 08:00:00 PM,13,2,11
10/17/2014 09:00:00 PM,18,12,6
10/17/2014 10:00:00 PM,9,6,3
10/17/2014 11:00:00 PM,21,13,8
10/18/2014 12:00:00 AM,12,9,3
10/18/2014 01:00:00 AM,5,1,4
10/18/2014 02:00:00 AM,4,1,3
10/18/2014 03:00:00 AM,1,0,1
10/18/2014 04:00:00 AM,0,0,0
10/18/2014 05:00:00 AM,2,2,0
10/18/2014 06:00:00 AM,5,0,5
10/18/2014 07:00:00 AM,9,7,2
10/18/2014 08:00:00 AM,11,6,5
10/18/2014 09:00:00 AM,8,1,7
10/18/2014 10:00:00 AM,6,2,4
10/18/2014 11:00:00 AM,10,6,4
10/18/2014 12:00:00 PM,15,10,5
10/18/2014 01:00:00 PM,12,8,4
10/18/2014 02:00:00 PM,25,13,12
10/18/2014 03:00:00 PM,15,9,6
10/18/2014 04:00:00 PM,15,8,7
10/18/2014 05:00:00 PM,16,1,15
10/18/2014 06:00:00 PM,17,11,6
10/18/2014 07:00:00 PM,22,15,7
10/18/2014 08:00:00 PM,16,6,10
10/18/2014 09:00:00 PM,10,8,2
10/18/2014 10:00:00 PM,3,2,1
10/18/2014 11:00:00 PM,8,3,5
10/19/2014 12:00:00 AM,6,3,3
10/19/2014 01:00:00 AM,7,1,6
10/19/2014 02:00:00 AM,2,1,1
10/19/2014 03:00:00 AM,1,0,1
10/19/2014 04:00:00 AM,1,1,0
10/19/2014 05:00:00 AM,4,0,4
10/19/2014 06:00:00 AM,1,0,1
10/19/2014 07:00:00 AM,13,8,5
10/19/2014 08:00:00 AM,2,0,2
10/19/2014 09:00:00 AM,5,3,2
10/19/2014 10:00:00 AM,6,2,4
10/19/2014 11:00:00 AM,16,8,8
10/19/2014 12:00:00 PM,21,17,4
10/19/2014 01:00:00 PM,26,11,15
10/19/2014 02:00:00 PM,26,10,16
10/19/2014 03:00:00 PM,27,16,11
10/19/2014 04:00:00 PM,32,23,9
10/19/2014 05:00:00 PM,24,16,8
10/19/2014 06:00:00 PM,21,9,12
10/19/2014 07:00:00 PM,13,8,5
10/19/2014 08:00:00 PM,13,5,8
10/19/2014 09:00:00 PM,10,7,3
10/19/2014 10:00:00 PM,5,1,4
10/19/2014 11:00:00 PM,8,4,4
10/20/2014 12:00:00 AM,1,0,1
10/20/2014 01:00:00 AM,7,3,4
10/20/2014 02:00:00 AM,0,0,0
10/20/2014 03:00:00 AM,0,0,0
10/20/2014 04:00:00 AM,0,0,0
10/20/2014 05:00:00 AM,6,1,5
10/20/2014 06:00:00 AM,19,2,17
10/20/2014 07:00:00 AM,26,7,19
10/20/2014 08:00:00 AM,45,15,30
10/20/2014 09:00:00 AM,23,3,20
10/20/2014 10:00:00 AM,14,4,10
10/20/2014 11:00:00 AM,15,7,8
10/20/2014 12:00:00 PM,13,9,4
10/20/2014 01:00:00 PM,28,8,20
10/20/2014 02:00:00 PM,24,14,10
10/20/2014 03:00:00 PM,30,22,8
10/20/2014 04:00:00 PM,36,23,13
10/20/2014 05:00:00 PM,44,18,26
10/20/2014 06:00:00 PM,26,10,16
10/20/2014 07:00:00 PM,25,13,12
10/20/2014 08:00:00 PM,14,9,5
10/20/2014 09:00:00 PM,20,10,10
10/20/2014 10:00:00 PM,2,2,0
10/20/2014 11:00:00 PM,7,6,1
10/21/2014 12:00:00 AM,1,1,0
10/21/2014 01:00:00 AM,0,0,0
10/21/2014 02:00:00 AM,0,0,0
10/21/2014 03:00:00 AM,2,2,0
10/21/2014 04:00:00 AM,0,0,0
10/21/2014 05:00:00 AM,9,2,7
10/21/2014 06:00:00 AM,15,3,12
10/21/2014 07:00:00 AM,35,14,21
10/21/2014 08:00:00 AM,47,22,25
10/21/2014 09:00:00 AM,16,6,10
10/21/2014 10:00:00 AM,21,12,9
10/21/2014 11:00:00 AM,19,11,8
10/21/2014 12:00:00 PM,20,13,7
10/21/2014 01:00:00 PM,24,15,9
10/21/2014 02:00:00 PM,27,13,14
10/21/2014 03:00:00 PM,18,8,10
10/21/2014 04:00:00 PM,25,17,8
10/21/2014 05:00:00 PM,47,29,18
10/21/2014 06:00:00 PM,28,9,19
10/21/2014 07:00:00 PM,24,17,7
10/21/2014 08:00:00 PM,18,13,5
10/21/2014 09:00:00 PM,13,3,10
10/21/2014 10:00:00 PM,12,6,6
10/21/2014 11:00:00 PM,9,1,8
10/22/2014 12:00:00 AM,3,2,1
10/22/2014 01:00:00 AM,2,0,2
10/22/2014 02:00:00 AM,2,2,0
10/22/2014 03:00:00 AM,1,1,0
10/22/2014 04:00:00 AM,2,0,2
10/22/2014 05:00:00 AM,3,1,2
10/22/2014 06:00:00 AM,14,4,10
10/22/2014 07:00:00 AM,38,11,27
10/22/2014 08:00:00 AM,31,11,20
10/22/2014 09:00:00 AM,28,11,17
10/22/2014 10:00:00 AM,12,0,12
10/22/2014 11:00:00 AM,15,9,6
10/22/2014 12:00:00 PM,17,8,9
10/22/2014 01:00:00 PM,19,7,12
10/22/2014 02:00:00 PM,21,3,18
10/22/2014 03:00:00 PM,12,2,10
10/22/2014 04:00:00 PM,39,25,14
10/22/2014 05:00:00 PM,45,29,16
10/22/2014 06:00:00 PM,32,20,12
10/22/2014 07:00:00 PM,15,8,7
10/22/2014 08:00:00 PM,11,5,6
10/22/2014 09:00:00 PM,10,8,2
10/22/2014 10:00:00 PM,7,4,3
10/22/2014 11:00:00 PM,10,4,6
10/23/2014 12:00:00 AM,5,4,1
10/23/2014 01:00:00 AM,0,0,0
10/23/2014 02:00:00 AM,3,2,1
10/23/2014 03:00:00 AM,2,2,0
10/23/2014 04:00:00 AM,0,0,0
10/23/2014 05:00:00 AM,7,0,7
10/23/2014 06:00:00 AM,12,2,10
10/23/2014 07:00:00 AM,36,17,19
10/23/2014 08:00:00 AM,24,8,16
10/23/2014 09:00:00 AM,24,11,13
10/23/2014 10:00:00 AM,11,4,7
10/23/2014 11:00:00 AM,20,7,13
10/23/2014 12:00:00 PM,16,11,5
10/23/2014 01:00:00 PM,27,14,13
10/23/2014 02:00:00 PM,16,4,12
10/23/2014 03:00:00 PM,21,8,13
10/23/2014 04:00:00 PM,32,19,13
10/23/2014 05:00:00 PM,55,33,22
10/23/2014 06:00:00 PM,33,19,14
10/23/2014 07:00:00 PM,38,17,21
10/23/2014 08:00:00 PM,27,7,20
10/23/2014 09:00:00 PM,9,4,5
10/23/2014 10:00:00 PM,19,11,8
10/23/2014 11:00:00 PM,4,2,2
10/24/2014 12:00:00 AM,4,1,3
10/24/2014 01:00:00 AM,2,0,2
10/24/2014 02:00:00 AM,0,0,0
10/24/2014 03:00:00 AM,0,0,0
10/24/2014 04:00:00 AM,1,0,1
10/24/2014 05:00:00 AM,5,2,3
10/24/2014 06:00:00 AM,16,6,10
10/24/2014 07:00:00 AM,28,10,18
10/24/2014 08:00:00 AM,37,16,21
10/24/2014 09:00:00 AM,30,10,20
10/24/2014 10:00:00 AM,30,19,11
10/24/2014 11:00:00 AM,26,5,21
10/24/2014 12:00:00 PM,28,15,13
10/24/2014 01:00:00 PM,20,10,10
10/24/2014 02:00:00 PM,13,5,8
10/24/2014 03:00:00 PM,23,10,13
10/24/2014 04:00:00 PM,28,18,10
10/24/2014 05:00:00 PM,45,32,13
10/24/2014 06:00:00 PM,25,19,6
10/24/2014 07:00:00 PM,13,6,7
10/24/2014 08:00:00 PM,15,7,8
10/24/2014 09:00:00 PM,3,2,1
10/24/2014 10:00:00 PM,10,7,3
10/24/2014 11:00:00 PM,17,8,9
10/25/2014 12:00:00 AM,11,3,8
10/25/2014 01:00:00 AM,6,6,0
10/25/2014 02:00:00 AM,3,0,3
10/25/2014 03:00:00 AM,0,0,0
10/25/2014 04:00:00 AM,0,0,0
10/25/2014 05:00:00 AM,1,1,0
10/25/2014 06:00:00 AM,8,4,4
10/25/2014 07:00:00 AM,5,3,2
10/25/2014 08:00:00 AM,6,4,2
10/25/2014 09:00:00 AM,6,5,1
10/25/2014 10:00:00 AM,5,3,2
10/25/2014 11:00:00 AM,11,4,7
10/25/2014 12:00:00 PM,15,10,5
10/25/2014 01:00:00 PM,21,6,15
10/25/2014 02:00:00 PM,15,12,3
10/25/2014 03:00:00 PM,2,0,2
10/25/2014 04:00:00 PM,12,8,4
10/25/2014 05:00:00 PM,15,4,11
10/25/2014 06:00:00 PM,12,6,6
10/25/2014 07:00:00 PM,9,0,9
10/25/2014 08:00:00 PM,8,4,4
10/25/2014 09:00:00 PM,3,2,1
10/25/2014 10:00:00 PM,3,3,0
10/25/2014 11:00:00 PM,4,3,1
10/26/2014 12:00:00 AM,0,0,0
10/26/2014 01:00:00 AM,6,3,3
10/26/2014 02:00:00 AM,1,0,1
10/26/2014 03:00:00 AM,0,0,0
10/26/2014 04:00:00 AM,1,1,0
10/26/2014 05:00:00 AM,2,2,0
10/26/2014 06:00:00 AM,1,0,1
10/26/2014 07:00:00 AM,2,2,0
10/26/2014 08:00:00 AM,0,0,0
10/26/2014 09:00:00 AM,0,0,0
10/26/2014 10:00:00 AM,4,3,1
10/26/2014 11:00:00 AM,9,2,7
10/26/2014 12:00:00 PM,5,1,4
10/26/2014 01:00:00 PM,16,9,7
10/26/2014 02:00:00 PM,9,3,6
10/26/2014 03:00:00 PM,5,0,5
10/26/2014 04:00:00 PM,5,0,5
10/26/2014 05:00:00 PM,14,0,14
10/26/2014 06:00:00 PM,13,4,9
10/26/2014 07:00:00 PM,10,2,8
10/26/2014 08:00:00 PM,7,4,3
10/26/2014 09:00:00 PM,1,0,1
10/26/2014 10:00:00 PM,2,0,2
10/26/2014 11:00:00 PM,3,0,3
10/27/2014 12:00:00 AM,4,2,2
10/27/2014 01:00:00 AM,0,0,0
10/27/2014 02:00:00 AM,0,0,0
10/27/2014 03:00:00 AM,0,0,0
10/27/2014 04:00:00 AM,1,0,1
10/27/2014 05:00:00 AM,4,0,4
10/27/2014 06:00:00 AM,12,0,12
10/27/2014 07:00:00 AM,24,6,18
10/27/2014 08:00:00 AM,25,4,21
10/27/2014 09:00:00 AM,18,2,16
10/27/2014 10:00:00 AM,8,1,7
10/27/2014 11:00:00 AM,14,2,12
10/27/2014 12:00:00 PM,16,5,11
10/27/2014 01:00:00 PM,12,0,12
10/27/2014 02:00:00 PM,11,2,9
10/27/2014 03:00:00 PM,26,9,17
10/27/2014 04:00:00 PM,17,8,9
10/27/2014 05:00:00 PM,22,6,16
10/27/2014 06:00:00 PM,18,3,15
10/27/2014 07:00:00 PM,9,4,5
10/27/2014 08:00:00 PM,11,2,9
10/27/2014 09:00:00 PM,8,3,5
10/27/2014 10:00:00 PM,4,1,3
10/27/2014 11:00:00 PM,5,0,5
10/28/2014 12:00:00 AM,0,0,0
10/28/2014 01:00:00 AM,0,0,0
10/28/2014 02:00:00 AM,2,0,2
10/28/2014 03:00:00 AM,0,0,0
10/28/2014 04:00:00 AM,0,0,0
10/28/2014 05:00:00 AM,2,0,2
10/28/2014 06:00:00 AM,10,4,6
10/28/2014 07:00:00 AM,12,7,5
10/28/2014 08:00:00 AM,18,7,11
10/28/2014 09:00:00 AM,11,3,8
10/28/2014 10:00:00 AM,5,0,5
10/28/2014 11:00:00 AM,2,0,2
10/28/2014 12:00:00 PM,9,1,8
10/28/2014 01:00:00 PM,11,5,6
10/28/2014 02:00:00 PM,11,3,8
10/28/2014 03:00:00 PM,12,2,10
10/28/2014 04:00:00 PM,17,5,12
10/28/2014 05:00:00 PM,15,2,13
10/28/2014 06:00:00 PM,18,1,17
10/28/2014 07:00:00 PM,8,3,5
10/28/2014 08:00:00 PM,7,2,5
10/28/2014 09:00:00 PM,10,6,4
10/28/2014 10:00:00 PM,3,0,3
10/28/2014 11:00:00 PM,5,2,3
10/29/2014 12:00:00 AM,0,0,0
10/29/2014 01:00:00 AM,4,1,3
10/29/2014 02:00:00 AM,0,0,0
10/29/2014 03:00:00 AM,1,0,1
10/29/2014 04:00:00 AM,0,0,0
10/29/2014 05:00:00 AM,2,0,2
10/29/2014 06:00:00 AM,9,1,8
10/29/2014 07:00:00 AM,14,1,13
10/29/2014 08:00:00 AM,22,6,16
10/29/2014 09:00:00 AM,15,4,11
10/29/2014 10:00:00 AM,8,4,4
10/29/2014 11:00:00 AM,8,1,7
10/29/2014 12:00:00 PM,10,3,7
10/29/2014 01:00:00 PM,22,3,19
10/29/2014 02:00:00 PM,10,0,10
10/29/2014 03:00:00 PM,14,4,10
10/29/2014 04:00:00 PM,11,3,8
10/29/2014 05:00:00 PM,18,7,11
10/29/2014 06:00:00 PM,23,1,22
10/29/2014 07:00:00 PM,8,1,7
10/29/2014 08:00:00 PM,8,1,7
10/29/2014 09:00:00 PM,4,0,4
10/29/2014 10:00:00 PM,4,0,4
10/29/2014 11:00:00 PM,7,0,7
10/30/2014 12:00:00 AM,1,0,1
10/30/2014 01:00:00 AM,2,0,2
10/30/2014 02:00:00 AM,1,0,1
10/30/2014 03:00:00 AM,4,2,2
10/30/2014 04:00:00 AM,0,0,0
10/30/2014 05:00:00 AM,4,0,4
10/30/2014 06:00:00 AM,11,0,11
10/30/2014 07:00:00 AM,10,2,8
10/30/2014 08:00:00 AM,19,5,14
10/30/2014 09:00:00 AM,10,2,8
10/30/2014 10:00:00 AM,10,2,8
10/30/2014 11:00:00 AM,9,4,5
10/30/2014 12:00:00 PM,5,1,4
10/30/2014 01:00:00 PM,14,5,9
10/30/2014 02:00:00 PM,7,2,5
10/30/2014 03:00:00 PM,13,5,8
10/30/2014 04:00:00 PM,19,11,8
10/30/2014 05:00:00 PM,22,10,12
10/30/2014 06:00:00 PM,21,7,14
10/30/2014 07:00:00 PM,5,2,3
10/30/2014 08:00:00 PM,9,1,8
10/30/2014 09:00:00 PM,8,2,6
10/30/2014 10:00:00 PM,6,0,6
10/30/2014 11:00:00 PM,4,2,2
10/31/2014 12:00:00 AM,3,2,1
10/31/2014 01:00:00 AM,4,0,4
10/31/2014 02:00:00 AM,0,0,0
10/31/2014 03:00:00 AM,0,0,0
10/31/2014 04:00:00 AM,0,0,0
10/31/2014 05:00:00 AM,3,0,3
10/31/2014 06:00:00 AM,4,2,2
10/31/2014 07:00:00 AM,12,2,10
10/31/2014 08:00:00 AM,12,0,12
10/31/2014 09:00:00 AM,16,4,12
10/31/2014 10:00:00 AM,3,0,3
10/31/2014 11:00:00 AM,9,0,9
10/31/2014 12:00:00 PM,11,0,11
10/31/2014 01:00:00 PM,14,6,8
10/31/2014 02:00:00 PM,12,4,8
10/31/2014 03:00:00 PM,9,0,9
10/31/2014 04:00:00 PM,15,2,13
10/31/2014 05:00:00 PM,23,2,21
10/31/2014 06:00:00 PM,12,0,12
10/31/2014 07:00:00 PM,9,3,6
10/31/2014 08:00:00 PM,4,0,4
10/31/2014 09:00:00 PM,3,0,3
10/31/2014 10:00:00 PM,3,0,3
10/31/2014 11:00:00 PM,29,13,16
11/01/2014 12:00:00 AM,12,3,9
11/01/2014 01:00:00 AM,7,0,7
11/01/2014 02:00:00 AM,10,2,8
11/01/2014 03:00:00 AM,1,0,1
11/01/2014 04:00:00 AM,0,0,0
11/01/2014 05:00:00 AM,5,0,5
11/01/2014 06:00:00 AM,0,0,0
11/01/2014 07:00:00 AM,4,2,2
11/01/2014 08:00:00 AM,1,0,1
11/01/2014 09:00:00 AM,2,0,2
11/01/2014 10:00:00 AM,3,0,3
11/01/2014 11:00:00 AM,4,0,4
11/01/2014 12:00:00 PM,9,1,8
11/01/2014 01:00:00 PM,2,0,2
11/01/2014 02:00:00 PM,3,3,0
11/01/2014 03:00:00 PM,9,0,9
11/01/2014 04:00:00 PM,12,0,12
11/01/2014 05:00:00 PM,19,0,19
11/01/2014 06:00:00 PM,5,1,4
11/01/2014 07:00:00 PM,8,2,6
11/01/2014 08:00:00 PM,11,0,11
11/01/2014 09:00:00 PM,1,0,1
11/01/2014 10:00:00 PM,12,8,4
11/01/2014 11:00:00 PM,6,2,4
11/02/2014 12:00:00 AM,9,7,2
11/02/2014 01:00:00 AM,9,0,9
11/02/2014 02:00:00 AM,3,1,2
11/02/2014 03:00:00 AM,0,0,0
11/02/2014 04:00:00 AM,2,0,2
11/02/2014 05:00:00 AM,2,0,2
11/02/2014 06:00:00 AM,2,0,2
11/02/2014 07:00:00 AM,3,0,3
11/02/2014 08:00:00 AM,0,0,0
11/02/2014 09:00:00 AM,2,0,2
11/02/2014 10:00:00 AM,10,0,10
11/02/2014 11:00:00 AM,5,1,4
11/02/2014 12:00:00 PM,6,2,4
11/02/2014 01:00:00 PM,9,0,9
11/02/2014 02:00:00 PM,12,4,8
11/02/2014 03:00:00 PM,8,2,6
11/02/2014 04:00:00 PM,6,0,6
11/02/2014 05:00:00 PM,12,3,9
11/02/2014 06:00:00 PM,7,2,5
11/02/2014 07:00:00 PM,8,0,8
11/02/2014 08:00:00 PM,7,2,5
11/02/2014 09:00:00 PM,7,4,3
11/02/2014 10:00:00 PM,2,0,2
11/02/2014 11:00:00 PM,4,0,4
11/03/2014 12:00:00 AM,1,0,1
11/03/2014 01:00:00 AM,0,0,0
11/03/2014 02:00:00 AM,0,0,0
11/03/2014 03:00:00 AM,2,2,0
11/03/2014 04:00:00 AM,0,0,0
11/03/2014 05:00:00 AM,6,0,6
11/03/2014 06:00:00 AM,6,1,5
11/03/2014 07:00:00 AM,14,2,12
11/03/2014 08:00:00 AM,28,4,24
11/03/2014 09:00:00 AM,12,4,8
11/03/2014 10:00:00 AM,7,2,5
11/03/2014 11:00:00 AM,8,2,6
11/03/2014 12:00:00 PM,11,1,10
11/03/2014 01:00:00 PM,18,0,18
11/03/2014 02:00:00 PM,17,3,14
11/03/2014 03:00:00 PM,17,5,12
11/03/2014 04:00:00 PM,18,8,10
11/03/2014 05:00:00 PM,49,29,20
11/03/2014 06:00:00 PM,22,6,16
11/03/2014 07:00:00 PM,17,13,4
11/03/2014 08:00:00 PM,9,9,0
11/03/2014 09:00:00 PM,14,5,9
11/03/2014 10:00:00 PM,5,3,2
11/03/2014 11:00:00 PM,3,1,2
11/04/2014 12:00:00 AM,0,0,0
11/04/2014 01:00:00 AM,9,2,7
11/04/2014 02:00:00 AM,0,0,0
11/04/2014 03:00:00 AM,0,0,0
11/04/2014 04:00:00 AM,0,0,0
11/04/2014 05:00:00 AM,3,0,3
11/04/2014 06:00:00 AM,8,0,8
11/04/2014 07:00:00 AM,13,6,7
11/04/2014 08:00:00 AM,27,19,8
11/04/2014 09:00:00 AM,17,11,6
11/04/2014 10:00:00 AM,13,8,5
11/04/2014 11:00:00 AM,19,8,11
11/04/2014 12:00:00 PM,12,9,3
11/04/2014 01:00:00 PM,19,5,14
11/04/2014 02:00:00 PM,12,6,6
11/04/2014 03:00:00 PM,21,9,12
11/04/2014 04:00:00 PM,25,21,4
11/04/2014 05:00:00 PM,40,36,4
11/04/2014 06:00:00 PM,14,9,5
11/04/2014 07:00:00 PM,10,10,0
11/04/2014 08:00:00 PM,14,12,2
11/04/2014 09:00:00 PM,5,3,2
11/04/2014 10:00:00 PM,7,5,2
11/04/2014 11:00:00 PM,9,2,7
11/05/2014 12:00:00 AM,3,1,2
11/05/2014 01:00:00 AM,1,1,0
11/05/2014 02:00:00 AM,0,0,0
11/05/2014 03:00:00 AM,2,2,0
11/05/2014 04:00:00 AM,0,0,0
11/05/2014 05:00:00 AM,1,1,0
11/05/2014 06:00:00 AM,16,10,6
11/05/2014 07:00:00 AM,11,9,2
11/05/2014 08:00:00 AM,24,14,10
11/05/2014 09:00:00 AM,23,16,7
11/05/2014 10:00:00 AM,6,6,0
11/05/2014 11:00:00 AM,22,16,6
11/05/2014 12:00:00 PM,25,16,9
11/05/2014 01:00:00 PM,14,8,6
11/05/2014 02:00:00 PM,14,2,12
11/05/2014 03:00:00 PM,18,4,14
11/05/2014 04:00:00 PM,23,15,8
11/05/2014 05:00:00 PM,29,22,7
11/05/2014 06:00:00 PM,26,12,14
11/05/2014 07:00:00 PM,20,3,17
11/05/2014 08:00:00 PM,18,9,9
11/05/2014 09:00:00 PM,20,8,12
11/05/2014 10:00:00 PM,2,0,2
11/05/2014 11:00:00 PM,2,0,2
11/06/2014 12:00:00 AM,7,6,1
11/06/2014 01:00:00 AM,0,0,0
11/06/2014 02:00:00 AM,0,0,0
11/06/2014 03:00:00 AM,2,2,0
11/06/2014 04:00:00 AM,0,0,0
11/06/2014 05:00:00 AM,6,0,6
11/06/2014 06:00:00 AM,10,4,6
11/06/2014 07:00:00 AM,22,8,14
11/06/2014 08:00:00 AM,18,7,11
11/06/2014 09:00:00 AM,14,10,4
11/06/2014 10:00:00 AM,12,8,4
11/06/2014 11:00:00 AM,15,8,7
11/06/2014 12:00:00 PM,13,5,8
11/06/2014 01:00:00 PM,12,4,8
11/06/2014 02:00:00 PM,15,7,8
11/06/2014 03:00:00 PM,24,16,8
11/06/2014 04:00:00 PM,34,22,12
11/06/2014 05:00:00 PM,27,19,8
11/06/2014 06:00:00 PM,25,17,8
11/06/2014 07:00:00 PM,22,16,6
11/06/2014 08:00:00 PM,4,2,2
11/06/2014 09:00:00 PM,12,8,4
11/06/2014 10:00:00 PM,9,3,6
11/06/2014 11:00:00 PM,8,5,3
11/07/2014 12:00:00 AM,7,4,3
11/07/2014 01:00:00 AM,0,0,0
11/07/2014 02:00:00 AM,2,2,0
11/07/2014 03:00:00 AM,3,3,0
11/07/2014 04:00:00 AM,0,0,0
11/07/2014 05:00:00 AM,3,2,1
11/07/2014 06:00:00 AM,7,6,1
11/07/2014 07:00:00 AM,33,18,15
11/07/2014 08:00:00 AM,22,18,4
11/07/2014 09:00:00 AM,21,12,9
11/07/2014 10:00:00 AM,24,16,8
11/07/2014 11:00:00 AM,17,7,10
11/07/2014 12:00:00 PM,26,17,9
11/07/2014 01:00:00 PM,25,14,11
11/07/2014 02:00:00 PM,13,7,6
11/07/2014 03:00:00 PM,18,8,10
11/07/2014 04:00:00 PM,22,19,3
11/07/2014 05:00:00 PM,28,13,15
11/07/2014 06:00:00 PM,27,11,16
11/07/2014 07:00:00 PM,21,10,11
11/07/2014 08:00:00 PM,12,10,2
11/07/2014 09:00:00 PM,5,3,2
11/07/2014 10:00:00 PM,25,10,15
11/07/2014 11:00:00 PM,11,7,4
11/08/2014 12:00:00 AM,11,5,6
11/08/2014 01:00:00 AM,9,7,2
11/08/2014 02:00:00 AM,10,2,8
11/08/2014 03:00:00 AM,2,2,0
11/08/2014 04:00:00 AM,0,0,0
11/08/2014 05:00:00 AM,2,2,0
11/08/2014 06:00:00 AM,0,0,0
11/08/2014 07:00:00 AM,4,0,4
11/08/2014 08:00:00 AM,2,2,0
11/08/2014 09:00:00 AM,6,5,1
11/08/2014 10:00:00 AM,16,6,10
11/08/2014 11:00:00 AM,17,7,10
11/08/2014 12:00:00 PM,12,4,8
11/08/2014 01:00:00 PM,23,11,12
11/08/2014 02:00:00 PM,23,17,6
11/08/2014 03:00:00 PM,16,6,10
11/08/2014 04:00:00 PM,9,5,4
11/08/2014 05:00:00 PM,17,6,11
11/08/2014 06:00:00 PM,16,6,10
11/08/2014 07:00:00 PM,19,17,2
11/08/2014 08:00:00 PM,3,2,1
11/08/2014 09:00:00 PM,7,2,5
11/08/2014 10:00:00 PM,2,1,1
11/08/2014 11:00:00 PM,3,2,1
11/09/2014 12:00:00 AM,13,5,8
11/09/2014 01:00:00 AM,5,5,0
11/09/2014 02:00:00 AM,7,4,3
11/09/2014 03:00:00 AM,0,0,0
11/09/2014 04:00:00 AM,0,0,0
11/09/2014 05:00:00 AM,2,2,0
11/09/2014 06:00:00 AM,0,0,0
11/09/2014 07:00:00 AM,5,2,3
11/09/2014 08:00:00 AM,4,0,4
11/09/2014 09:00:00 AM,2,2,0
11/09/2014 10:00:00 AM,4,2,2
11/09/2014 11:00:00 AM,11,4,7
11/09/2014 12:00:00 PM,9,5,4
11/09/2014 01:00:00 PM,17,6,11
11/09/2014 02:00:00 PM,4,2,2
11/09/2014 03:00:00 PM,10,4,6
11/09/2014 04:00:00 PM,4,0,4
11/09/2014 05:00:00 PM,15,7,8
11/09/2014 06:00:00 PM,12,7,5
11/09/2014 07:00:00 PM,6,0,6
11/09/2014 08:00:00 PM,13,5,8
11/09/2014 09:00:00 PM,10,10,0
11/09/2014 10:00:00 PM,2,2,0
11/09/2014 11:00:00 PM,0,0,0
11/10/2014 12:00:00 AM,4,4,0
11/10/2014 01:00:00 AM,0,0,0
11/10/2014 02:00:00 AM,0,0,0
11/10/2014 03:00:00 AM,1,1,0
11/10/2014 04:00:00 AM,0,0,0
11/10/2014 05:00:00 AM,4,2,2
11/10/2014 06:00:00 AM,11,9,2
11/10/2014 07:00:00 AM,27,17,10
11/10/2014 08:00:00 AM,32,15,17
11/10/2014 09:00:00 AM,22,15,7
11/10/2014 10:00:00 AM,11,9,2
11/10/2014 11:00:00 AM,6,4,2
11/10/2014 12:00:00 PM,19,9,10
11/10/2014 01:00:00 PM,23,10,13
11/10/2014 02:00:00 PM,10,7,3
11/10/2014 03:00:00 PM,13,7,6
11/10/2014 04:00:00 PM,33,20,13
11/10/2014 05:00:00 PM,38,24,14
11/10/2014 06:00:00 PM,31,21,10
11/10/2014 07:00:00 PM,15,9,6
11/10/2014 08:00:00 PM,13,10,3
11/10/2014 09:00:00 PM,7,2,5
11/10/2014 10:00:00 PM,9,6,3
11/10/2014 11:00:00 PM,2,2,0
11/11/2014 12:00:00 AM,2,2,0
11/11/2014 01:00:00 AM,3,0,3
11/11/2014 02:00:00 AM,0,0,0
11/11/2014 03:00:00 AM,0,0,0
11/11/2014 04:00:00 AM,0,0,0
11/11/2014 05:00:00 AM,2,0,2
11/11/2014 06:00:00 AM,6,6,0
11/11/2014 07:00:00 AM,10,8,2
11/11/2014 08:00:00 AM,12,8,4
11/11/2014 09:00:00 AM,15,13,2
11/11/2014 10:00:00 AM,5,5,0
11/11/2014 11:00:00 AM,13,6,7
11/11/2014 12:00:00 PM,15,3,12
11/11/2014 01:00:00 PM,5,4,1
11/11/2014 02:00:00 PM,16,11,5
11/11/2014 03:00:00 PM,10,7,3
11/11/2014 04:00:00 PM,23,17,6
11/11/2014 05:00:00 PM,25,11,14
11/11/2014 06:00:00 PM,16,11,5
11/11/2014 07:00:00 PM,11,5,6
11/11/2014 08:00:00 PM,13,9,4
11/11/2014 09:00:00 PM,13,9,4
11/11/2014 10:00:00 PM,4,4,0
11/11/2014 11:00:00 PM,1,1,0
11/12/2014 12:00:00 AM,0,0,0
11/12/2014 01:00:00 AM,0,0,0
11/12/2014 02:00:00 AM,2,2,0
11/12/2014 03:00:00 AM,2,2,0
11/12/2014 04:00:00 AM,0,0,0
11/12/2014 05:00:00 AM,0,0,0
11/12/2014 06:00:00 AM,0,0,0
11/12/2014 07:00:00 AM,0,0,0
11/12/2014 08:00:00 AM,0,0,0
11/12/2014 09:00:00 AM,15,15,0
11/12/2014 10:00:00 AM,8,6,2
11/12/2014 11:00:00 AM,2,2,0
11/12/2014 12:00:00 PM,10,9,1
11/12/2014 01:00:00 PM,8,5,3
11/12/2014 02:00:00 PM,9,5,4
11/12/2014 03:00:00 PM,15,7,8
11/12/2014 04:00:00 PM,19,16,3
11/12/2014 05:00:00 PM,29,25,4
11/12/2014 06:00:00 PM,10,10,0
11/12/2014 07:00:00 PM,16,9,7
11/12/2014 08:00:00 PM,15,13,2
11/12/2014 09:00:00 PM,10,7,3
11/12/2014 10:00:00 PM,4,2,2
11/12/2014 11:00:00 PM,2,2,0
11/13/2014 12:00:00 AM,0,0,0
11/13/2014 01:00:00 AM,0,0,0
11/13/2014 02:00:00 AM,0,0,0
11/13/2014 03:00:00 AM,0,0,0
11/13/2014 04:00:00 AM,0,0,0
11/13/2014 05:00:00 AM,0,0,0
11/13/2014 06:00:00 AM,0,0,0
11/13/2014 07:00:00 AM,16,16,0
11/13/2014 08:00:00 AM,12,10,2
11/13/2014 09:00:00 AM,15,8,7
11/13/2014 10:00:00 AM,6,3,3
11/13/2014 11:00:00 AM,13,8,5
11/13/2014 12:00:00 PM,13,4,9
11/13/2014 01:00:00 PM,10,2,8
11/13/2014 02:00:00 PM,11,4,7
11/13/2014 03:00:00 PM,17,12,5
11/13/2014 04:00:00 PM,27,17,10
11/13/2014 05:00:00 PM,35,30,5
11/13/2014 06:00:00 PM,21,17,4
11/13/2014 07:00:00 PM,7,5,2
11/13/2014 08:00:00 PM,6,6,0
11/13/2014 09:00:00 PM,1,1,0
11/13/2014 10:00:00 PM,2,2,0
11/13/2014 11:00:00 PM,2,2,0
11/14/2014 12:00:00 AM,0,0,0
11/14/2014 01:00:00 AM,2,2,0
11/14/2014 02:00:00 AM,3,2,1
11/14/2014 03:00:00 AM,0,0,0
11/14/2014 04:00:00 AM,0,0,0
11/14/2014 05:00:00 AM,0,0,0
11/14/2014 06:00:00 AM,0,0,0
11/14/2014 07:00:00 AM,0,0,0
11/14/2014 08:00:00 AM,0,0,0
11/14/2014 09:00:00 AM,10,6,4
11/14/2014 10:00:00 AM,8,6,2
11/14/2014 11:00:00 AM,9,5,4
11/14/2014 12:00:00 PM,6,6,0
11/14/2014 01:00:00 PM,9,9,0
11/14/2014 02:00:00 PM,6,5,1
11/14/2014 03:00:00 PM,16,10,6
11/14/2014 04:00:00 PM,18,16,2
11/14/2014 05:00:00 PM,37,26,11
11/14/2014 06:00:00 PM,12,7,5
11/14/2014 07:00:00 PM,13,11,2
11/14/2014 08:00:00 PM,15,6,9
11/14/2014 09:00:00 PM,1,1,0
11/14/2014 10:00:00 PM,9,3,6
11/14/2014 11:00:00 PM,7,2,5
11/15/2014 12:00:00 AM,4,0,4
11/15/2014 01:00:00 AM,9,5,4
11/15/2014 02:00:00 AM,2,0,2
11/15/2014 03:00:00 AM,3,2,1
11/15/2014 04:00:00 AM,0,0,0
11/15/2014 05:00:00 AM,0,0,0
11/15/2014 06:00:00 AM,0,0,0
11/15/2014 07:00:00 AM,0,0,0
11/15/2014 08:00:00 AM,0,0,0
11/15/2014 09:00:00 AM,0,0,0
11/15/2014 10:00:00 AM,0,0,0
11/15/2014 11:00:00 AM,2,2,0
11/15/2014 12:00:00 PM,19,10,9
11/15/2014 01:00:00 PM,11,3,8
11/15/2014 02:00:00 PM,9,5,4
11/15/2014 03:00:00 PM,11,7,4
11/15/2014 04:00:00 PM,7,3,4
11/15/2014 05:00:00 PM,6,2,4
11/15/2014 06:00:00 PM,4,4,0
11/15/2014 07:00:00 PM,13,9,4
11/15/2014 08:00:00 PM,7,5,2
11/15/2014 09:00:00 PM,4,4,0
11/15/2014 10:00:00 PM,8,4,4
11/15/2014 11:00:00 PM,7,6,1
11/16/2014 12:00:00 AM,9,4,5
11/16/2014 01:00:00 AM,2,0,2
11/16/2014 02:00:00 AM,9,4,5
11/16/2014 03:00:00 AM,1,0,1
11/16/2014 04:00:00 AM,0,0,0
11/16/2014 05:00:00 AM,0,0,0
11/16/2014 06:00:00 AM,0,0,0
11/16/2014 07:00:00 AM,0,0,0
11/16/2014 08:00:00 AM,0,0,0
11/16/2014 09:00:00 AM,2,2,0
11/16/2014 10:00:00 AM,0,0,0
11/16/2014 11:00:00 AM,2,0,2
11/16/2014 12:00:00 PM,1,0,1
11/16/2014 01:00:00 PM,12,5,7
11/16/2014 02:00:00 PM,5,4,1
11/16/2014 03:00:00 PM,3,2,1
11/16/2014 04:00:00 PM,4,2,2
11/16/2014 05:00:00 PM,10,8,2
11/16/2014 06:00:00 PM,5,3,2
11/16/2014 07:00:00 PM,10,4,6
11/16/2014 08:00:00 PM,1,1,0
11/16/2014 09:00:00 PM,0,0,0
11/16/2014 10:00:00 PM,3,1,2
11/16/2014 11:00:00 PM,3,2,1
11/17/2014 12:00:00 AM,0,0,0
11/17/2014 01:00:00 AM,0,0,0
11/17/2014 02:00:00 AM,0,0,0
11/17/2014 03:00:00 AM,1,1,0
11/17/2014 04:00:00 AM,0,0,0
11/17/2014 05:00:00 AM,2,2,0
11/17/2014 06:00:00 AM,0,0,0
11/17/2014 07:00:00 AM,0,0,0
11/17/2014 08:00:00 AM,2,2,0
11/17/2014 09:00:00 AM,13,12,1
11/17/2014 10:00:00 AM,12,5,7
11/17/2014 11:00:00 AM,16,8,8
11/17/2014 12:00:00 PM,12,9,3
11/17/2014 01:00:00 PM,11,6,5
11/17/2014 02:00:00 PM,8,4,4
11/17/2014 03:00:00 PM,20,16,4
11/17/2014 04:00:00 PM,20,16,4
11/17/2014 05:00:00 PM,45,43,2
11/17/2014 06:00:00 PM,14,12,2
11/17/2014 07:00:00 PM,25,16,9
11/17/2014 08:00:00 PM,15,13,2
11/17/2014 09:00:00 PM,11,3,8
11/17/2014 10:00:00 PM,8,8,0
11/17/2014 11:00:00 PM,4,2,2
11/18/2014 12:00:00 AM,0,0,0
11/18/2014 01:00:00 AM,1,0,1
11/18/2014 02:00:00 AM,0,0,0
11/18/2014 03:00:00 AM,0,0,0
11/18/2014 04:00:00 AM,0,0,0
11/18/2014 05:00:00 AM,0,0,0
11/18/2014 06:00:00 AM,5,5,0
11/18/2014 07:00:00 AM,9,7,2
11/18/2014 08:00:00 AM,19,15,4
11/18/2014 09:00:00 AM,12,10,2
11/18/2014 10:00:00 AM,4,0,4
11/18/2014 11:00:00 AM,8,6,2
11/18/2014 12:00:00 PM,17,5,12
11/18/2014 01:00:00 PM,10,4,6
11/18/2014 02:00:00 PM,12,5,7
11/18/2014 03:00:00 PM,14,4,10
11/18/2014 04:00:00 PM,18,14,4
11/18/2014 05:00:00 PM,49,28,21
11/18/2014 06:00:00 PM,40,30,10
11/18/2014 07:00:00 PM,25,16,9
11/18/2014 08:00:00 PM,14,8,6
11/18/2014 09:00:00 PM,8,4,4
11/18/2014 10:00:00 PM,0,0,0
11/18/2014 11:00:00 PM,3,3,0
11/19/2014 12:00:00 AM,3,2,1
11/19/2014 01:00:00 AM,4,0,4
11/19/2014 02:00:00 AM,0,0,0
11/19/2014 03:00:00 AM,0,0,0
11/19/2014 04:00:00 AM,0,0,0
11/19/2014 05:00:00 AM,2,2,0
11/19/2014 06:00:00 AM,8,4,4
11/19/2014 07:00:00 AM,19,9,10
11/19/2014 08:00:00 AM,10,5,5
11/19/2014 09:00:00 AM,17,12,5
11/19/2014 10:00:00 AM,9,7,2
11/19/2014 11:00:00 AM,9,6,3
11/19/2014 12:00:00 PM,14,6,8
11/19/2014 01:00:00 PM,25,5,20
11/19/2014 02:00:00 PM,17,5,12
11/19/2014 03:00:00 PM,32,16,16
11/19/2014 04:00:00 PM,16,8,8
11/19/2014 05:00:00 PM,22,21,1
11/19/2014 06:00:00 PM,16,9,7
11/19/2014 07:00:00 PM,18,15,3
11/19/2014 08:00:00 PM,10,8,2
11/19/2014 09:00:00 PM,2,2,0
11/19/2014 10:00:00 PM,5,1,4
11/19/2014 11:00:00 PM,3,3,0
11/20/2014 12:00:00 AM,0,0,0
11/20/2014 01:00:00 AM,1,0,1
11/20/2014 02:00:00 AM,0,0,0
11/20/2014 03:00:00 AM,2,0,2
11/20/2014 04:00:00 AM,0,0,0
11/20/2014 05:00:00 AM,6,0,6
11/20/2014 06:00:00 AM,4,2,2
11/20/2014 07:00:00 AM,14,8,6
11/20/2014 08:00:00 AM,13,10,3
11/20/2014 09:00:00 AM,13,11,2
11/20/2014 10:00:00 AM,7,5,2
11/20/2014 11:00:00 AM,13,10,3
11/20/2014 12:00:00 PM,16,12,4
11/20/2014 01:00:00 PM,16,9,7
11/20/2014 02:00:00 PM,22,3,19
11/20/2014 03:00:00 PM,16,4,12
11/20/2014 04:00:00 PM,22,18,4
11/20/2014 05:00:00 PM,26,17,9
11/20/2014 06:00:00 PM,36,20,16
11/20/2014 07:00:00 PM,34,20,14
11/20/2014 08:00:00 PM,7,4,3
11/20/2014 09:00:00 PM,8,7,1
11/20/2014 10:00:00 PM,2,2,0
11/20/2014 11:00:00 PM,13,10,3
11/21/2014 12:00:00 AM,3,0,3
11/21/2014 01:00:00 AM,1,0,1
11/21/2014 02:00:00 AM,2,0,2
11/21/2014 03:00:00 AM,0,0,0
11/21/2014 04:00:00 AM,0,0,0
11/21/2014 05:00:00 AM,0,0,0
11/21/2014 06:00:00 AM,5,4,1
11/21/2014 07:00:00 AM,5,2,3
11/21/2014 08:00:00 AM,16,4,12
11/21/2014 09:00:00 AM,16,8,8
11/21/2014 10:00:00 AM,7,2,5
11/21/2014 11:00:00 AM,19,8,11
11/21/2014 12:00:00 PM,10,2,8
11/21/2014 01:00:00 PM,16,4,12
11/21/2014 02:00:00 PM,14,2,12
11/21/2014 03:00:00 PM,19,7,12
11/21/2014 04:00:00 PM,16,15,1
11/21/2014 05:00:00 PM,20,12,8
11/21/2014 06:00:00 PM,15,6,9
11/21/2014 07:00:00 PM,4,2,2
11/21/2014 08:00:00 PM,5,5,0
11/21/2014 09:00:00 PM,5,2,3
11/21/2014 10:00:00 PM,2,2,0
11/21/2014 11:00:00 PM,3,3,0
11/22/2014 12:00:00 AM,10,5,5
11/22/2014 01:00:00 AM,10,4,6
11/22/2014 02:00:00 AM,0,0,0
11/22/2014 03:00:00 AM,0,0,0
11/22/2014 04:00:00 AM,0,0,0
11/22/2014 05:00:00 AM,2,0,2
11/22/2014 06:00:00 AM,3,0,3
11/22/2014 07:00:00 AM,0,0,0
11/22/2014 08:00:00 AM,0,0,0
11/22/2014 09:00:00 AM,2,2,0
11/22/2014 10:00:00 AM,2,2,0
11/22/2014 11:00:00 AM,7,2,5
11/22/2014 12:00:00 PM,10,6,4
11/22/2014 01:00:00 PM,15,2,13
11/22/2014 02:00:00 PM,16,12,4
11/22/2014 03:00:00 PM,2,2,0
11/22/2014 04:00:00 PM,7,2,5
11/22/2014 05:00:00 PM,10,6,4
11/22/2014 06:00:00 PM,12,11,1
11/22/2014 07:00:00 PM,5,3,2
11/22/2014 08:00:00 PM,7,2,5
11/22/2014 09:00:00 PM,6,4,2
11/22/2014 10:00:00 PM,0,0,0
11/22/2014 11:00:00 PM,9,4,5
11/23/2014 12:00:00 AM,4,0,4
11/23/2014 01:00:00 AM,11,4,7
11/23/2014 02:00:00 AM,4,4,0
11/23/2014 03:00:00 AM,0,0,0
11/23/2014 04:00:00 AM,0,0,0
11/23/2014 05:00:00 AM,0,0,0
11/23/2014 06:00:00 AM,0,0,0
11/23/2014 07:00:00 AM,2,0,2
11/23/2014 08:00:00 AM,0,0,0
11/23/2014 09:00:00 AM,0,0,0
11/23/2014 10:00:00 AM,0,0,0
11/23/2014 11:00:00 AM,0,0,0
11/23/2014 12:00:00 PM,12,10,2
11/23/2014 01:00:00 PM,23,7,16
11/23/2014 02:00:00 PM,4,2,2
11/23/2014 03:00:00 PM,2,2,0
11/23/2014 04:00:00 PM,8,6,2
11/23/2014 05:00:00 PM,10,8,2
11/23/2014 06:00:00 PM,14,14,0
11/23/2014 07:00:00 PM,4,2,2
11/23/2014 08:00:00 PM,6,6,0
11/23/2014 09:00:00 PM,2,2,0
11/23/2014 10:00:00 PM,4,1,3
11/23/2014 11:00:00 PM,4,2,2
11/24/2014 12:00:00 AM,0,0,0
11/24/2014 01:00:00 AM,0,0,0
11/24/2014 02:00:00 AM,3,2,1
11/24/2014 03:00:00 AM,0,0,0
11/24/2014 04:00:00 AM,2,0,2
11/24/2014 05:00:00 AM,2,2,0
11/24/2014 06:00:00 AM,3,3,0
11/24/2014 07:00:00 AM,4,0,4
11/24/2014 08:00:00 AM,5,4,1
11/24/2014 09:00:00 AM,4,3,1
11/24/2014 10:00:00 AM,8,6,2
11/24/2014 11:00:00 AM,4,3,1
11/24/2014 12:00:00 PM,2,0,2
11/24/2014 01:00:00 PM,16,2,14
11/24/2014 02:00:00 PM,8,4,4
11/24/2014 03:00:00 PM,11,7,4
11/24/2014 04:00:00 PM,21,14,7
11/24/2014 05:00:00 PM,32,30,2
11/24/2014 06:00:00 PM,47,29,18
11/24/2014 07:00:00 PM,15,8,7
11/24/2014 08:00:00 PM,9,6,3
11/24/2014 09:00:00 PM,15,9,6
11/24/2014 10:00:00 PM,18,10,8
11/24/2014 11:00:00 PM,33,20,13
11/25/2014 12:00:00 AM,3,1,2
11/25/2014 01:00:00 AM,2,0,2
11/25/2014 02:00:00 AM,2,0,2
11/25/2014 03:00:00 AM,0,0,0
11/25/2014 04:00:00 AM,0,0,0
11/25/2014 05:00:00 AM,3,1,2
11/25/2014 06:00:00 AM,6,4,2
11/25/2014 07:00:00 AM,22,7,15
11/25/2014 08:00:00 AM,14,7,7
11/25/2014 09:00:00 AM,4,2,2
11/25/2014 10:00:00 AM,8,6,2
11/25/2014 11:00:00 AM,9,3,6
11/25/2014 12:00:00 PM,16,10,6
11/25/2014 01:00:00 PM,12,9,3
11/25/2014 02:00:00 PM,8,2,6
11/25/2014 03:00:00 PM,7,3,4
11/25/2014 04:00:00 PM,15,11,4
11/25/2014 05:00:00 PM,20,15,5
11/25/2014 06:00:00 PM,17,11,6
11/25/2014 07:00:00 PM,15,11,4
11/25/2014 08:00:00 PM,9,5,4
11/25/2014 09:00:00 PM,5,3,2
11/25/2014 10:00:00 PM,2,0,2
11/25/2014 11:00:00 PM,2,0,2
11/26/2014 12:00:00 AM,0,0,0
11/26/2014 01:00:00 AM,2,2,0
11/26/2014 02:00:00 AM,3,3,0
11/26/2014 03:00:00 AM,0,0,0
11/26/2014 04:00:00 AM,0,0,0
11/26/2014 05:00:00 AM,2,1,1
11/26/2014 06:00:00 AM,6,4,2
11/26/2014 07:00:00 AM,10,6,4
11/26/2014 08:00:00 AM,26,12,14
11/26/2014 09:00:00 AM,14,6,8
11/26/2014 10:00:00 AM,8,4,4
11/26/2014 11:00:00 AM,17,7,10
11/26/2014 12:00:00 PM,24,8,16
11/26/2014 01:00:00 PM,20,7,13
11/26/2014 02:00:00 PM,15,2,13
11/26/2014 03:00:00 PM,22,12,10
11/26/2014 04:00:00 PM,16,8,8
11/26/2014 05:00:00 PM,23,17,6
11/26/2014 06:00:00 PM,19,5,14
11/26/2014 07:00:00 PM,8,4,4
11/26/2014 08:00:00 PM,8,4,4
11/26/2014 09:00:00 PM,6,1,5
11/26/2014 10:00:00 PM,0,0,0
11/26/2014 11:00:00 PM,5,3,2
11/27/2014 12:00:00 AM,4,0,4
11/27/2014 01:00:00 AM,10,4,6
11/27/2014 02:00:00 AM,3,1,2
11/27/2014 03:00:00 AM,0,0,0
11/27/2014 04:00:00 AM,2,0,2
11/27/2014 05:00:00 AM,4,2,2
11/27/2014 06:00:00 AM,2,0,2
11/27/2014 07:00:00 AM,0,0,0
11/27/2014 08:00:00 AM,5,3,2
11/27/2014 09:00:00 AM,9,4,5
11/27/2014 10:00:00 AM,2,2,0
11/27/2014 11:00:00 AM,1,0,1
11/27/2014 12:00:00 PM,5,4,1
11/27/2014 01:00:00 PM,14,6,8
11/27/2014 02:00:00 PM,1,1,0
11/27/2014 03:00:00 PM,1,1,0
11/27/2014 04:00:00 PM,1,1,0
11/27/2014 05:00:00 PM,0,0,0
11/27/2014 06:00:00 PM,2,2,0
11/27/2014 07:00:00 PM,4,4,0
11/27/2014 08:00:00 PM,0,0,0
11/27/2014 09:00:00 PM,0,0,0
11/27/2014 10:00:00 PM,0,0,0
11/27/2014 11:00:00 PM,4,4,0
11/28/2014 12:00:00 AM,0,0,0
11/28/2014 01:00:00 AM,0,0,0
11/28/2014 02:00:00 AM,0,0,0
11/28/2014 03:00:00 AM,0,0,0
11/28/2014 04:00:00 AM,0,0,0
11/28/2014 05:00:00 AM,2,0,2
11/28/2014 06:00:00 AM,2,0,2
11/28/2014 07:00:00 AM,4,0,4
11/28/2014 08:00:00 AM,4,4,0
11/28/2014 09:00:00 AM,4,4,0
11/28/2014 10:00:00 AM,0,0,0
11/28/2014 11:00:00 AM,4,4,0
11/28/2014 12:00:00 PM,4,2,2
11/28/2014 01:00:00 PM,5,0,5
11/28/2014 02:00:00 PM,8,4,4
11/28/2014 03:00:00 PM,4,2,2
11/28/2014 04:00:00 PM,12,8,4
11/28/2014 05:00:00 PM,5,4,1
11/28/2014 06:00:00 PM,7,7,0
11/28/2014 07:00:00 PM,2,2,0
11/28/2014 08:00:00 PM,0,0,0
11/28/2014 09:00:00 PM,13,4,9
11/28/2014 10:00:00 PM,0,0,0
11/28/2014 11:00:00 PM,4,3,1
11/29/2014 12:00:00 AM,4,2,2
11/29/2014 01:00:00 AM,0,0,0
11/29/2014 02:00:00 AM,0,0,0
11/29/2014 03:00:00 AM,0,0,0
11/29/2014 04:00:00 AM,0,0,0
11/29/2014 05:00:00 AM,1,1,0
11/29/2014 06:00:00 AM,0,0,0
11/29/2014 07:00:00 AM,0,0,0
11/29/2014 08:00:00 AM,2,2,0
11/29/2014 09:00:00 AM,0,0,0
11/29/2014 10:00:00 AM,4,4,0
11/29/2014 11:00:00 AM,2,2,0
11/29/2014 12:00:00 PM,5,5,0
11/29/2014 01:00:00 PM,7,7,0
11/29/2014 02:00:00 PM,4,2,2
11/29/2014 03:00:00 PM,10,8,2
11/29/2014 04:00:00 PM,6,4,2
11/29/2014 05:00:00 PM,3,3,0
11/29/2014 06:00:00 PM,0,0,0
11/29/2014 07:00:00 PM,0,0,0
11/29/2014 08:00:00 PM,0,0,0
11/29/2014 09:00:00 PM,0,0,0
11/29/2014 10:00:00 PM,0,0,0
11/29/2014 11:00:00 PM,0,0,0
11/30/2014 12:00:00 AM,1,1,0
11/30/2014 01:00:00 AM,0,0,0
11/30/2014 02:00:00 AM,0,0,0
11/30/2014 03:00:00 AM,0,0,0
11/30/2014 04:00:00 AM,0,0,0
11/30/2014 05:00:00 AM,0,0,0
11/30/2014 06:00:00 AM,0,0,0
11/30/2014 07:00:00 AM,0,0,0
11/30/2014 08:00:00 AM,0,0,0
11/30/2014 09:00:00 AM,0,0,0
11/30/2014 10:00:00 AM,0,0,0
11/30/2014 11:00:00 AM,0,0,0
11/30/2014 12:00:00 PM,0,0,0
11/30/2014 01:00:00 PM,0,0,0
11/30/2014 02:00:00 PM,0,0,0
11/30/2014 03:00:00 PM,1,0,1
11/30/2014 04:00:00 PM,0,0,0
11/30/2014 05:00:00 PM,0,0,0
11/30/2014 06:00:00 PM,0,0,0
11/30/2014 07:00:00 PM,0,0,0
11/30/2014 08:00:00 PM,0,0,0
11/30/2014 09:00:00 PM,0,0,0
11/30/2014 10:00:00 PM,0,0,0
11/30/2014 11:00:00 PM,0,0,0
12/01/2014 12:00:00 AM,0,0,0
12/01/2014 01:00:00 AM,0,0,0
12/01/2014 02:00:00 AM,0,0,0
12/01/2014 03:00:00 AM,0,0,0
12/01/2014 04:00:00 AM,0,0,0
12/01/2014 05:00:00 AM,0,0,0
12/01/2014 06:00:00 AM,0,0,0
12/01/2014 07:00:00 AM,0,0,0
12/01/2014 08:00:00 AM,0,0,0
12/01/2014 09:00:00 AM,0,0,0
12/01/2014 10:00:00 AM,0,0,0
12/01/2014 11:00:00 AM,0,0,0
12/01/2014 12:00:00 PM,0,0,0
12/01/2014 01:00:00 PM,0,0,0
12/01/2014 02:00:00 PM,8,8,0
12/01/2014 03:00:00 PM,14,10,4
12/01/2014 04:00:00 PM,12,12,0
12/01/2014 05:00:00 PM,8,8,0
12/01/2014 06:00:00 PM,0,0,0
12/01/2014 07:00:00 PM,0,0,0
12/01/2014 08:00:00 PM,0,0,0
12/01/2014 09:00:00 PM,0,0,0
12/01/2014 10:00:00 PM,0,0,0
12/01/2014 11:00:00 PM,0,0,0
12/02/2014 12:00:00 AM,0,0,0
12/02/2014 01:00:00 AM,0,0,0
12/02/2014 02:00:00 AM,0,0,0
12/02/2014 03:00:00 AM,0,0,0
12/02/2014 04:00:00 AM,0,0,0
12/02/2014 05:00:00 AM,0,0,0
12/02/2014 06:00:00 AM,0,0,0
12/02/2014 07:00:00 AM,0,0,0
12/02/2014 08:00:00 AM,0,0,0
12/02/2014 09:00:00 AM,0,0,0
12/02/2014 10:00:00 AM,0,0,0
12/02/2014 11:00:00 AM,0,0,0
12/02/2014 12:00:00 PM,4,2,2
12/02/2014 01:00:00 PM,11,5,6
12/02/2014 02:00:00 PM,4,4,0
12/02/2014 03:00:00 PM,13,8,5
12/02/2014 04:00:00 PM,28,22,6
12/02/2014 05:00:00 PM,41,27,14
12/02/2014 06:00:00 PM,14,10,4
12/02/2014 07:00:00 PM,18,9,9
12/02/2014 08:00:00 PM,6,5,1
12/02/2014 09:00:00 PM,2,0,2
12/02/2014 10:00:00 PM,2,2,0
12/02/2014 11:00:00 PM,7,4,3
12/03/2014 12:00:00 AM,2,0,2
12/03/2014 01:00:00 AM,0,0,0
12/03/2014 02:00:00 AM,0,0,0
12/03/2014 03:00:00 AM,0,0,0
12/03/2014 04:00:00 AM,0,0,0
12/03/2014 05:00:00 AM,3,1,2
12/03/2014 06:00:00 AM,4,2,2
12/03/2014 07:00:00 AM,7,5,2
12/03/2014 08:00:00 AM,22,20,2
12/03/2014 09:00:00 AM,6,6,0
12/03/2014 10:00:00 AM,8,6,2
12/03/2014 11:00:00 AM,12,6,6
12/03/2014 12:00:00 PM,14,8,6
12/03/2014 01:00:00 PM,16,8,8
12/03/2014 02:00:00 PM,14,7,7
12/03/2014 03:00:00 PM,8,4,4
12/03/2014 04:00:00 PM,16,12,4
12/03/2014 05:00:00 PM,20,16,4
12/03/2014 06:00:00 PM,8,6,2
12/03/2014 07:00:00 PM,23,13,10
12/03/2014 08:00:00 PM,3,3,0
12/03/2014 09:00:00 PM,2,2,0
12/03/2014 10:00:00 PM,6,0,6
12/03/2014 11:00:00 PM,4,3,1
12/04/2014 12:00:00 AM,0,0,0
12/04/2014 01:00:00 AM,2,2,0
12/04/2014 02:00:00 AM,6,3,3
12/04/2014 03:00:00 AM,0,0,0
12/04/2014 04:00:00 AM,2,0,2
12/04/2014 05:00:00 AM,1,1,0
12/04/2014 06:00:00 AM,10,4,6
12/04/2014 07:00:00 AM,20,8,12
12/04/2014 08:00:00 AM,20,10,10
12/04/2014 09:00:00 AM,17,10,7
12/04/2014 10:00:00 AM,6,4,2
12/04/2014 11:00:00 AM,18,9,9
12/04/2014 12:00:00 PM,19,10,9
12/04/2014 01:00:00 PM,8,2,6
12/04/2014 02:00:00 PM,8,8,0
12/04/2014 03:00:00 PM,14,2,12
12/04/2014 04:00:00 PM,41,29,12
12/04/2014 05:00:00 PM,23,19,4
12/04/2014 06:00:00 PM,21,20,1
12/04/2014 07:00:00 PM,15,15,0
12/04/2014 08:00:00 PM,25,15,10
12/04/2014 09:00:00 PM,17,9,8
12/04/2014 10:00:00 PM,2,2,0
12/04/2014 11:00:00 PM,4,0,4
12/05/2014 12:00:00 AM,0,0,0
12/05/2014 01:00:00 AM,1,0,1
12/05/2014 02:00:00 AM,2,0,2
12/05/2014 03:00:00 AM,0,0,0
12/05/2014 04:00:00 AM,2,2,0
12/05/2014 05:00:00 AM,2,2,0
12/05/2014 06:00:00 AM,7,5,2
12/05/2014 07:00:00 AM,23,10,13
12/05/2014 08:00:00 AM,22,10,12
12/05/2014 09:00:00 AM,21,10,11
12/05/2014 10:00:00 AM,5,1,4
12/05/2014 11:00:00 AM,11,8,3
12/05/2014 12:00:00 PM,10,5,5
12/05/2014 01:00:00 PM,8,8,0
12/05/2014 02:00:00 PM,7,3,4
12/05/2014 03:00:00 PM,17,16,1
12/05/2014 04:00:00 PM,22,13,9
12/05/2014 05:00:00 PM,41,27,14
12/05/2014 06:00:00 PM,18,9,9
12/05/2014 07:00:00 PM,21,5,16
12/05/2014 08:00:00 PM,9,6,3
12/05/2014 09:00:00 PM,8,1,7
12/05/2014 10:00:00 PM,8,1,7
12/05/2014 11:00:00 PM,7,0,7
12/06/2014 12:00:00 AM,7,4,3
12/06/2014 01:00:00 AM,5,2,3
12/06/2014 02:00:00 AM,10,4,6
12/06/2014 03:00:00 AM,2,0,2
12/06/2014 04:00:00 AM,0,0,0
12/06/2014 05:00:00 AM,2,1,1
12/06/2014 06:00:00 AM,1,1,0
12/06/2014 07:00:00 AM,0,0,0
12/06/2014 08:00:00 AM,3,2,1
12/06/2014 09:00:00 AM,6,6,0
12/06/2014 10:00:00 AM,3,2,1
12/06/2014 11:00:00 AM,7,5,2
12/06/2014 12:00:00 PM,15,10,5
12/06/2014 01:00:00 PM,14,4,10
12/06/2014 02:00:00 PM,1,1,0
12/06/2014 03:00:00 PM,2,2,0
12/06/2014 04:00:00 PM,13,7,6
12/06/2014 05:00:00 PM,23,4,19
12/06/2014 06:00:00 PM,17,7,10
12/06/2014 07:00:00 PM,12,8,4
12/06/2014 08:00:00 PM,4,1,3
12/06/2014 09:00:00 PM,3,2,1
12/06/2014 10:00:00 PM,9,6,3
12/06/2014 11:00:00 PM,12,9,3
12/07/2014 12:00:00 AM,3,1,2
12/07/2014 01:00:00 AM,0,0,0
12/07/2014 02:00:00 AM,7,4,3
12/07/2014 03:00:00 AM,0,0,0
12/07/2014 04:00:00 AM,0,0,0
12/07/2014 05:00:00 AM,2,0,2
12/07/2014 06:00:00 AM,0,0,0
12/07/2014 07:00:00 AM,0,0,0
12/07/2014 08:00:00 AM,0,0,0
12/07/2014 09:00:00 AM,0,0,0
12/07/2014 10:00:00 AM,6,2,4
12/07/2014 11:00:00 AM,6,4,2
12/07/2014 12:00:00 PM,11,3,8
12/07/2014 01:00:00 PM,8,2,6
12/07/2014 02:00:00 PM,8,3,5
12/07/2014 03:00:00 PM,13,5,8
12/07/2014 04:00:00 PM,19,11,8
12/07/2014 05:00:00 PM,24,13,11
12/07/2014 06:00:00 PM,5,4,1
12/07/2014 07:00:00 PM,14,12,2
12/07/2014 08:00:00 PM,5,4,1
12/07/2014 09:00:00 PM,4,3,1
12/07/2014 10:00:00 PM,8,3,5
12/07/2014 11:00:00 PM,0,0,0
12/08/2014 12:00:00 AM,2,0,2
12/08/2014 01:00:00 AM,2,0,2
12/08/2014 02:00:00 AM,0,0,0
12/08/2014 03:00:00 AM,0,0,0
12/08/2014 04:00:00 AM,0,0,0
12/08/2014 05:00:00 AM,2,2,0
12/08/2014 06:00:00 AM,16,6,10
12/08/2014 07:00:00 AM,13,3,10
12/08/2014 08:00:00 AM,39,13,26
12/08/2014 09:00:00 AM,22,9,13
12/08/2014 10:00:00 AM,16,8,8
12/08/2014 11:00:00 AM,19,4,15
12/08/2014 12:00:00 PM,15,7,8
12/08/2014 01:00:00 PM,8,2,6
12/08/2014 02:00:00 PM,4,1,3
12/08/2014 03:00:00 PM,18,12,6
12/08/2014 04:00:00 PM,16,14,2
12/08/2014 05:00:00 PM,44,28,16
12/08/2014 06:00:00 PM,27,11,16
12/08/2014 07:00:00 PM,9,5,4
12/08/2014 08:00:00 PM,3,1,2
12/08/2014 09:00:00 PM,0,0,0
12/08/2014 10:00:00 PM,3,1,2
12/08/2014 11:00:00 PM,7,4,3
12/09/2014 12:00:00 AM,6,4,2
12/09/2014 01:00:00 AM,0,0,0
12/09/2014 02:00:00 AM,0,0,0
12/09/2014 03:00:00 AM,0,0,0
12/09/2014 04:00:00 AM,2,0,2
12/09/2014 05:00:00 AM,2,2,0
12/09/2014 06:00:00 AM,7,3,4
12/09/2014 07:00:00 AM,11,5,6
12/09/2014 08:00:00 AM,20,8,12
12/09/2014 09:00:00 AM,4,2,2
12/09/2014 10:00:00 AM,11,1,10
12/09/2014 11:00:00 AM,8,2,6
12/09/2014 12:00:00 PM,3,3,0
12/09/2014 01:00:00 PM,13,5,8
12/09/2014 02:00:00 PM,19,4,15
12/09/2014 03:00:00 PM,16,6,10
12/09/2014 04:00:00 PM,24,5,19
12/09/2014 05:00:00 PM,25,11,14
12/09/2014 06:00:00 PM,19,4,15
12/09/2014 07:00:00 PM,7,4,3
12/09/2014 08:00:00 PM,14,8,6
12/09/2014 09:00:00 PM,14,2,12
12/09/2014 10:00:00 PM,3,2,1
12/09/2014 11:00:00 PM,0,0,0
12/10/2014 12:00:00 AM,0,0,0
12/10/2014 01:00:00 AM,0,0,0
12/10/2014 02:00:00 AM,0,0,0
12/10/2014 03:00:00 AM,0,0,0
12/10/2014 04:00:00 AM,0,0,0
12/10/2014 05:00:00 AM,1,1,0
12/10/2014 06:00:00 AM,7,4,3
12/10/2014 07:00:00 AM,16,5,11
12/10/2014 08:00:00 AM,39,10,29
12/10/2014 09:00:00 AM,10,5,5
12/10/2014 10:00:00 AM,7,7,0
12/10/2014 11:00:00 AM,19,4,15
12/10/2014 12:00:00 PM,10,2,8
12/10/2014 01:00:00 PM,8,2,6
12/10/2014 02:00:00 PM,1,0,1
12/10/2014 03:00:00 PM,5,2,3
12/10/2014 04:00:00 PM,22,12,10
12/10/2014 05:00:00 PM,31,8,23
12/10/2014 06:00:00 PM,16,8,8
12/10/2014 07:00:00 PM,19,11,8
12/10/2014 08:00:00 PM,9,2,7
12/10/2014 09:00:00 PM,2,2,0
12/10/2014 10:00:00 PM,8,6,2
12/10/2014 11:00:00 PM,3,1,2
12/11/2014 12:00:00 AM,0,0,0
12/11/2014 01:00:00 AM,0,0,0
12/11/2014 02:00:00 AM,2,0,2
12/11/2014 03:00:00 AM,0,0,0
12/11/2014 04:00:00 AM,0,0,0
12/11/2014 05:00:00 AM,2,0,2
12/11/2014 06:00:00 AM,9,2,7
12/11/2014 07:00:00 AM,10,6,4
12/11/2014 08:00:00 AM,20,10,10
12/11/2014 09:00:00 AM,7,5,2
12/11/2014 10:00:00 AM,7,3,4
12/11/2014 11:00:00 AM,5,2,3
12/11/2014 12:00:00 PM,8,4,4
12/11/2014 01:00:00 PM,4,0,4
12/11/2014 02:00:00 PM,7,1,6
12/11/2014 03:00:00 PM,1,1,0
12/11/2014 04:00:00 PM,18,6,12
12/11/2014 05:00:00 PM,27,24,3
12/11/2014 06:00:00 PM,29,10,19
12/11/2014 07:00:00 PM,11,6,5
12/11/2014 08:00:00 PM,15,4,11
12/11/2014 09:00:00 PM,10,2,8
12/11/2014 10:00:00 PM,6,0,6
12/11/2014 11:00:00 PM,3,3,0
12/12/2014 12:00:00 AM,0,0,0
12/12/2014 01:00:00 AM,3,2,1
12/12/2014 02:00:00 AM,0,0,0
12/12/2014 03:00:00 AM,0,0,0
12/12/2014 04:00:00 AM,0,0,0
12/12/2014 05:00:00 AM,2,2,0
12/12/2014 06:00:00 AM,2,2,0
12/12/2014 07:00:00 AM,6,2,4
12/12/2014 08:00:00 AM,2,2,0
12/12/2014 09:00:00 AM,7,5,2
12/12/2014 10:00:00 AM,4,3,1
12/12/2014 11:00:00 AM,9,4,5
12/12/2014 12:00:00 PM,11,4,7
12/12/2014 01:00:00 PM,18,3,15
12/12/2014 02:00:00 PM,7,3,4
12/12/2014 03:00:00 PM,7,4,3
12/12/2014 04:00:00 PM,24,13,11
12/12/2014 05:00:00 PM,42,16,26
12/12/2014 06:00:00 PM,29,11,18
12/12/2014 07:00:00 PM,8,2,6
12/12/2014 08:00:00 PM,15,11,4
12/12/2014 09:00:00 PM,6,2,4
12/12/2014 10:00:00 PM,9,7,2
12/12/2014 11:00:00 PM,4,4,0
12/13/2014 12:00:00 AM,4,2,2
12/13/2014 01:00:00 AM,2,2,0
12/13/2014 02:00:00 AM,3,0,3
12/13/2014 03:00:00 AM,0,0,0
12/13/2014 04:00:00 AM,0,0,0
12/13/2014 05:00:00 AM,0,0,0
12/13/2014 06:00:00 AM,0,0,0
12/13/2014 07:00:00 AM,0,0,0
12/13/2014 08:00:00 AM,2,0,2
12/13/2014 09:00:00 AM,0,0,0
12/13/2014 10:00:00 AM,0,0,0
12/13/2014 11:00:00 AM,0,0,0
12/13/2014 12:00:00 PM,2,2,0
12/13/2014 01:00:00 PM,6,2,4
12/13/2014 02:00:00 PM,6,4,2
12/13/2014 03:00:00 PM,6,1,5
12/13/2014 04:00:00 PM,15,8,7
12/13/2014 05:00:00 PM,14,3,11
12/13/2014 06:00:00 PM,6,4,2
12/13/2014 07:00:00 PM,0,0,0
12/13/2014 08:00:00 PM,5,0,5
12/13/2014 09:00:00 PM,9,2,7
12/13/2014 10:00:00 PM,2,0,2
12/13/2014 11:00:00 PM,6,4,2
12/14/2014 12:00:00 AM,1,1,0
12/14/2014 01:00:00 AM,3,0,3
12/14/2014 02:00:00 AM,5,1,4
12/14/2014 03:00:00 AM,2,0,2
12/14/2014 04:00:00 AM,0,0,0
12/14/2014 05:00:00 AM,0,0,0
12/14/2014 06:00:00 AM,2,0,2
12/14/2014 07:00:00 AM,2,0,2
12/14/2014 08:00:00 AM,0,0,0
12/14/2014 09:00:00 AM,0,0,0
12/14/2014 10:00:00 AM,2,2,0
12/14/2014 11:00:00 AM,4,2,2
12/14/2014 12:00:00 PM,15,6,9
12/14/2014 01:00:00 PM,10,0,10
12/14/2014 02:00:00 PM,4,2,2
12/14/2014 03:00:00 PM,4,2,2
12/14/2014 04:00:00 PM,10,6,4
12/14/2014 05:00:00 PM,15,11,4
12/14/2014 06:00:00 PM,16,7,9
12/14/2014 07:00:00 PM,3,3,0
12/14/2014 08:00:00 PM,4,2,2
12/14/2014 09:00:00 PM,4,0,4
12/14/2014 10:00:00 PM,5,2,3
12/14/2014 11:00:00 PM,6,2,4
12/15/2014 12:00:00 AM,4,1,3
12/15/2014 01:00:00 AM,0,0,0
12/15/2014 02:00:00 AM,0,0,0
12/15/2014 03:00:00 AM,0,0,0
12/15/2014 04:00:00 AM,0,0,0
12/15/2014 05:00:00 AM,0,0,0
12/15/2014 06:00:00 AM,4,2,2
12/15/2014 07:00:00 AM,9,7,2
12/15/2014 08:00:00 AM,11,6,5
12/15/2014 09:00:00 AM,11,9,2
12/15/2014 10:00:00 AM,6,2,4
12/15/2014 11:00:00 AM,6,6,0
12/15/2014 12:00:00 PM,11,1,10
12/15/2014 01:00:00 PM,9,4,5
12/15/2014 02:00:00 PM,10,2,8
12/15/2014 03:00:00 PM,8,2,6
12/15/2014 04:00:00 PM,5,2,3
12/15/2014 05:00:00 PM,17,15,2
12/15/2014 06:00:00 PM,4,2,2
12/15/2014 07:00:00 PM,8,6,2
12/15/2014 08:00:00 PM,9,6,3
12/15/2014 09:00:00 PM,1,1,0
12/15/2014 10:00:00 PM,4,2,2
12/15/2014 11:00:00 PM,0,0,0
12/16/2014 12:00:00 AM,1,0,1
12/16/2014 01:00:00 AM,0,0,0
12/16/2014 02:00:00 AM,0,0,0
12/16/2014 03:00:00 AM,0,0,0
12/16/2014 04:00:00 AM,0,0,0
12/16/2014 05:00:00 AM,0,0,0
12/16/2014 06:00:00 AM,11,8,3
12/16/2014 07:00:00 AM,7,2,5
12/16/2014 08:00:00 AM,12,11,1
12/16/2014 09:00:00 AM,4,3,1
12/16/2014 10:00:00 AM,6,3,3
12/16/2014 11:00:00 AM,6,4,2
12/16/2014 12:00:00 PM,12,2,10
12/16/2014 01:00:00 PM,11,6,5
12/16/2014 02:00:00 PM,7,0,7
12/16/2014 03:00:00 PM,5,1,4
12/16/2014 04:00:00 PM,10,6,4
12/16/2014 05:00:00 PM,31,16,15
12/16/2014 06:00:00 PM,37,15,22
12/16/2014 07:00:00 PM,12,4,8
12/16/2014 08:00:00 PM,11,5,6
12/16/2014 09:00:00 PM,0,0,0
12/16/2014 10:00:00 PM,2,2,0
12/16/2014 11:00:00 PM,0,0,0
12/17/2014 12:00:00 AM,0,0,0
12/17/2014 01:00:00 AM,0,0,0
12/17/2014 02:00:00 AM,0,0,0
12/17/2014 03:00:00 AM,0,0,0
12/17/2014 04:00:00 AM,0,0,0
12/17/2014 05:00:00 AM,0,0,0
12/17/2014 06:00:00 AM,2,0,2
12/17/2014 07:00:00 AM,8,2,6
12/17/2014 08:00:00 AM,3,0,3
12/17/2014 09:00:00 AM,4,2,2
12/17/2014 10:00:00 AM,5,0,5
12/17/2014 11:00:00 AM,7,4,3
12/17/2014 12:00:00 PM,11,7,4
12/17/2014 01:00:00 PM,14,1,13
12/17/2014 02:00:00 PM,7,2,5
12/17/2014 03:00:00 PM,11,4,7
12/17/2014 04:00:00 PM,14,5,9
12/17/2014 05:00:00 PM,48,14,34
12/17/2014 06:00:00 PM,12,10,2
12/17/2014 07:00:00 PM,5,2,3
12/17/2014 08:00:00 PM,2,2,0
12/17/2014 09:00:00 PM,2,0,2
12/17/2014 10:00:00 PM,0,0,0
12/17/2014 11:00:00 PM,0,0,0
12/18/2014 12:00:00 AM,0,0,0
12/18/2014 01:00:00 AM,0,0,0
12/18/2014 02:00:00 AM,0,0,0
12/18/2014 03:00:00 AM,0,0,0
12/18/2014 04:00:00 AM,0,0,0
12/18/2014 05:00:00 AM,0,0,0
12/18/2014 06:00:00 AM,0,0,0
12/18/2014 07:00:00 AM,6,2,4
12/18/2014 08:00:00 AM,9,4,5
12/18/2014 09:00:00 AM,10,6,4
12/18/2014 10:00:00 AM,4,2,2
12/18/2014 11:00:00 AM,4,2,2
12/18/2014 12:00:00 PM,9,3,6
12/18/2014 01:00:00 PM,18,3,15
12/18/2014 02:00:00 PM,4,4,0
12/18/2014 03:00:00 PM,1,0,1
12/18/2014 04:00:00 PM,9,7,2
12/18/2014 05:00:00 PM,12,7,5
12/18/2014 06:00:00 PM,10,4,6
12/18/2014 07:00:00 PM,7,7,0
12/18/2014 08:00:00 PM,8,4,4
12/18/2014 09:00:00 PM,5,2,3
12/18/2014 10:00:00 PM,6,0,6
12/18/2014 11:00:00 PM,2,0,2
12/19/2014 12:00:00 AM,0,0,0
12/19/2014 01:00:00 AM,0,0,0
12/19/2014 02:00:00 AM,2,0,2
12/19/2014 03:00:00 AM,0,0,0
12/19/2014 04:00:00 AM,0,0,0
12/19/2014 05:00:00 AM,4,2,2
12/19/2014 06:00:00 AM,2,2,0
12/19/2014 07:00:00 AM,22,9,13
12/19/2014 08:00:00 AM,9,1,8
12/19/2014 09:00:00 AM,10,10,0
12/19/2014 10:00:00 AM,2,0,2
12/19/2014 11:00:00 AM,8,4,4
12/19/2014 12:00:00 PM,14,1,13
12/19/2014 01:00:00 PM,7,4,3
12/19/2014 02:00:00 PM,17,3,14
12/19/2014 03:00:00 PM,17,9,8
12/19/2014 04:00:00 PM,19,11,8
12/19/2014 05:00:00 PM,23,6,17
12/19/2014 06:00:00 PM,15,4,11
12/19/2014 07:00:00 PM,3,2,1
12/19/2014 08:00:00 PM,7,5,2
12/19/2014 09:00:00 PM,7,4,3
12/19/2014 10:00:00 PM,4,0,4
12/19/2014 11:00:00 PM,11,5,6
12/20/2014 12:00:00 AM,1,1,0
12/20/2014 01:00:00 AM,6,5,1
12/20/2014 02:00:00 AM,1,0,1
12/20/2014 03:00:00 AM,1,0,1
12/20/2014 04:00:00 AM,0,0,0
12/20/2014 05:00:00 AM,1,0,1
12/20/2014 06:00:00 AM,3,0,3
12/20/2014 07:00:00 AM,8,0,8
12/20/2014 08:00:00 AM,2,0,2
12/20/2014 09:00:00 AM,2,0,2
12/20/2014 10:00:00 AM,3,0,3
12/20/2014 11:00:00 AM,14,8,6
12/20/2014 12:00:00 PM,2,0,2
12/20/2014 01:00:00 PM,8,0,8
12/20/2014 02:00:00 PM,8,0,8
12/20/2014 03:00:00 PM,10,4,6
12/20/2014 04:00:00 PM,8,2,6
12/20/2014 05:00:00 PM,10,2,8
12/20/2014 06:00:00 PM,0,0,0
12/20/2014 07:00:00 PM,4,0,4
12/20/2014 08:00:00 PM,6,0,6
12/20/2014 09:00:00 PM,4,0,4
12/20/2014 10:00:00 PM,8,0,8
12/20/2014 11:00:00 PM,0,0,0
12/21/2014 12:00:00 AM,10,0,10
12/21/2014 01:00:00 AM,5,0,5
12/21/2014 02:00:00 AM,2,0,2
12/21/2014 03:00:00 AM,0,0,0
12/21/2014 04:00:00 AM,1,0,1
12/21/2014 05:00:00 AM,0,0,0
12/21/2014 06:00:00 AM,2,2,0
12/21/2014 07:00:00 AM,0,0,0
12/21/2014 08:00:00 AM,2,0,2
12/21/2014 09:00:00 AM,0,0,0
12/21/2014 10:00:00 AM,2,0,2
12/21/2014 11:00:00 AM,6,2,4
12/21/2014 12:00:00 PM,2,2,0
12/21/2014 01:00:00 PM,14,7,7
12/21/2014 02:00:00 PM,12,2,10
12/21/2014 03:00:00 PM,4,0,4
12/21/2014 04:00:00 PM,14,4,10
12/21/2014 05:00:00 PM,8,4,4
12/21/2014 06:00:00 PM,4,0,4
12/21/2014 07:00:00 PM,12,4,8
12/21/2014 08:00:00 PM,10,2,8
12/21/2014 09:00:00 PM,2,0,2
12/21/2014 10:00:00 PM,6,0,6
12/21/2014 11:00:00 PM,2,2,0
12/22/2014 12:00:00 AM,1,1,0
12/22/2014 01:00:00 AM,0,0,0
12/22/2014 02:00:00 AM,0,0,0
12/22/2014 03:00:00 AM,0,0,0
12/22/2014 04:00:00 AM,2,0,2
12/22/2014 05:00:00 AM,2,0,2
12/22/2014 06:00:00 AM,7,4,3
12/22/2014 07:00:00 AM,2,0,2
12/22/2014 08:00:00 AM,14,10,4
12/22/2014 09:00:00 AM,11,9,2
12/22/2014 10:00:00 AM,0,0,0
12/22/2014 11:00:00 AM,4,2,2
12/22/2014 12:00:00 PM,8,1,7
12/22/2014 01:00:00 PM,11,3,8
12/22/2014 02:00:00 PM,5,1,4
12/22/2014 03:00:00 PM,9,7,2
12/22/2014 04:00:00 PM,15,3,12
12/22/2014 05:00:00 PM,11,10,1
12/22/2014 06:00:00 PM,8,6,2
12/22/2014 07:00:00 PM,5,3,2
12/22/2014 08:00:00 PM,4,0,4
12/22/2014 09:00:00 PM,3,1,2
12/22/2014 10:00:00 PM,0,0,0
12/22/2014 11:00:00 PM,3,3,0
12/23/2014 12:00:00 AM,3,1,2
12/23/2014 01:00:00 AM,0,0,0
12/23/2014 02:00:00 AM,0,0,0
12/23/2014 03:00:00 AM,0,0,0
12/23/2014 04:00:00 AM,0,0,0
12/23/2014 05:00:00 AM,4,0,4
12/23/2014 06:00:00 AM,4,2,2
12/23/2014 07:00:00 AM,5,2,3
12/23/2014 08:00:00 AM,4,4,0
12/23/2014 09:00:00 AM,8,8,0
12/23/2014 10:00:00 AM,7,3,4
12/23/2014 11:00:00 AM,7,3,4
12/23/2014 12:00:00 PM,11,5,6
12/23/2014 01:00:00 PM,14,7,7
12/23/2014 02:00:00 PM,10,6,4
12/23/2014 03:00:00 PM,7,3,4
12/23/2014 04:00:00 PM,14,13,1
12/23/2014 05:00:00 PM,34,18,16
12/23/2014 06:00:00 PM,10,3,7
12/23/2014 07:00:00 PM,7,6,1
12/23/2014 08:00:00 PM,5,2,3
12/23/2014 09:00:00 PM,2,2,0
12/23/2014 10:00:00 PM,0,0,0
12/23/2014 11:00:00 PM,5,4,1
12/24/2014 12:00:00 AM,0,0,0
12/24/2014 01:00:00 AM,0,0,0
12/24/2014 02:00:00 AM,0,0,0
12/24/2014 03:00:00 AM,0,0,0
12/24/2014 04:00:00 AM,0,0,0
12/24/2014 05:00:00 AM,4,0,4
12/24/2014 06:00:00 AM,2,2,0
12/24/2014 07:00:00 AM,9,8,1
12/24/2014 08:00:00 AM,2,2,0
12/24/2014 09:00:00 AM,6,2,4
12/24/2014 10:00:00 AM,7,4,3
12/24/2014 11:00:00 AM,10,10,0
12/24/2014 12:00:00 PM,6,4,2
12/24/2014 01:00:00 PM,2,2,0
12/24/2014 02:00:00 PM,4,0,4
12/24/2014 03:00:00 PM,0,0,0
12/24/2014 04:00:00 PM,10,10,0
12/24/2014 05:00:00 PM,13,7,6
12/24/2014 06:00:00 PM,0,0,0
12/24/2014 07:00:00 PM,2,2,0
12/24/2014 08:00:00 PM,4,4,0
12/24/2014 09:00:00 PM,2,2,0
12/24/2014 10:00:00 PM,0,0,0
12/24/2014 11:00:00 PM,4,2,2
12/25/2014 12:00:00 AM,0,0,0
12/25/2014 01:00:00 AM,0,0,0
12/25/2014 02:00:00 AM,2,0,2
12/25/2014 03:00:00 AM,0,0,0
12/25/2014 04:00:00 AM,0,0,0
12/25/2014 05:00:00 AM,0,0,0
12/25/2014 06:00:00 AM,0,0,0
12/25/2014 07:00:00 AM,0,0,0
12/25/2014 08:00:00 AM,0,0,0
12/25/2014 09:00:00 AM,0,0,0
12/25/2014 10:00:00 AM,2,0,2
12/25/2014 11:00:00 AM,2,2,0
12/25/2014 12:00:00 PM,3,0,3
12/25/2014 01:00:00 PM,8,3,5
12/25/2014 02:00:00 PM,4,2,2
12/25/2014 03:00:00 PM,3,3,0
12/25/2014 04:00:00 PM,0,0,0
12/25/2014 05:00:00 PM,4,2,2
12/25/2014 06:00:00 PM,0,0,0
12/25/2014 07:00:00 PM,0,0,0
12/25/2014 08:00:00 PM,0,0,0
12/25/2014 09:00:00 PM,0,0,0
12/25/2014 10:00:00 PM,2,0,2
12/25/2014 11:00:00 PM,0,0,0
12/26/2014 12:00:00 AM,0,0,0
12/26/2014 01:00:00 AM,1,1,0
12/26/2014 02:00:00 AM,0,0,0
12/26/2014 03:00:00 AM,0,0,0
12/26/2014 04:00:00 AM,0,0,0
12/26/2014 05:00:00 AM,2,2,0
12/26/2014 06:00:00 AM,2,0,2
12/26/2014 07:00:00 AM,7,4,3
12/26/2014 08:00:00 AM,4,2,2
12/26/2014 09:00:00 AM,5,1,4
12/26/2014 10:00:00 AM,2,0,2
12/26/2014 11:00:00 AM,0,0,0
12/26/2014 12:00:00 PM,5,5,0
12/26/2014 01:00:00 PM,2,0,2
12/26/2014 02:00:00 PM,9,4,5
12/26/2014 03:00:00 PM,14,5,9
12/26/2014 04:00:00 PM,7,7,0
12/26/2014 05:00:00 PM,12,12,0
12/26/2014 06:00:00 PM,0,0,0
12/26/2014 07:00:00 PM,5,5,0
12/26/2014 08:00:00 PM,2,0,2
12/26/2014 09:00:00 PM,3,1,2
12/26/2014 10:00:00 PM,6,5,1
12/26/2014 11:00:00 PM,4,2,2
12/27/2014 12:00:00 AM,0,0,0
12/27/2014 01:00:00 AM,2,0,2
12/27/2014 02:00:00 AM,7,6,1
12/27/2014 03:00:00 AM,2,2,0
12/27/2014 04:00:00 AM,0,0,0
12/27/2014 05:00:00 AM,0,0,0
12/27/2014 06:00:00 AM,0,0,0
12/27/2014 07:00:00 AM,2,2,0
12/27/2014 08:00:00 AM,0,0,0
12/27/2014 09:00:00 AM,0,0,0
12/27/2014 10:00:00 AM,0,0,0
12/27/2014 11:00:00 AM,0,0,0
12/27/2014 12:00:00 PM,0,0,0
12/27/2014 01:00:00 PM,0,0,0
12/27/2014 02:00:00 PM,1,0,1
12/27/2014 03:00:00 PM,2,2,0
12/27/2014 04:00:00 PM,6,4,2
12/27/2014 05:00:00 PM,9,3,6
12/27/2014 06:00:00 PM,2,0,2
12/27/2014 07:00:00 PM,1,0,1
12/27/2014 08:00:00 PM,6,3,3
12/27/2014 09:00:00 PM,1,1,0
12/27/2014 10:00:00 PM,4,4,0
12/27/2014 11:00:00 PM,4,0,4
12/28/2014 12:00:00 AM,1,0,1
12/28/2014 01:00:00 AM,3,2,1
12/28/2014 02:00:00 AM,10,2,8
12/28/2014 03:00:00 AM,0,0,0
12/28/2014 04:00:00 AM,0,0,0
12/28/2014 05:00:00 AM,0,0,0
12/28/2014 06:00:00 AM,0,0,0
12/28/2014 07:00:00 AM,0,0,0
12/28/2014 08:00:00 AM,2,0,2
12/28/2014 09:00:00 AM,0,0,0
12/28/2014 10:00:00 AM,2,0,2
12/28/2014 11:00:00 AM,0,0,0
12/28/2014 12:00:00 PM,2,2,0
12/28/2014 01:00:00 PM,0,0,0
12/28/2014 02:00:00 PM,4,0,4
12/28/2014 03:00:00 PM,3,0,3
12/28/2014 04:00:00 PM,0,0,0
12/28/2014 05:00:00 PM,6,2,4
12/28/2014 06:00:00 PM,10,5,5
12/28/2014 07:00:00 PM,2,0,2
12/28/2014 08:00:00 PM,0,0,0
12/28/2014 09:00:00 PM,0,0,0
12/28/2014 10:00:00 PM,0,0,0
12/28/2014 11:00:00 PM,1,0,1
12/29/2014 12:00:00 AM,2,0,2
12/29/2014 01:00:00 AM,0,0,0
12/29/2014 02:00:00 AM,2,2,0
12/29/2014 03:00:00 AM,0,0,0
12/29/2014 04:00:00 AM,1,0,1
12/29/2014 05:00:00 AM,0,0,0
12/29/2014 06:00:00 AM,4,3,1
12/29/2014 07:00:00 AM,1,0,1
12/29/2014 08:00:00 AM,0,0,0
12/29/2014 09:00:00 AM,0,0,0
12/29/2014 10:00:00 AM,4,2,2
12/29/2014 11:00:00 AM,2,2,0
12/29/2014 12:00:00 PM,3,2,1
12/29/2014 01:00:00 PM,0,0,0
12/29/2014 02:00:00 PM,2,0,2
12/29/2014 03:00:00 PM,2,2,0
12/29/2014 04:00:00 PM,4,0,4
12/29/2014 05:00:00 PM,10,10,0
12/29/2014 06:00:00 PM,3,0,3
12/29/2014 07:00:00 PM,4,0,4
12/29/2014 08:00:00 PM,5,2,3
12/29/2014 09:00:00 PM,0,0,0
12/29/2014 10:00:00 PM,2,2,0
12/29/2014 11:00:00 PM,0,0,0
12/30/2014 12:00:00 AM,0,0,0
12/30/2014 01:00:00 AM,0,0,0
12/30/2014 02:00:00 AM,0,0,0
12/30/2014 03:00:00 AM,0,0,0
12/30/2014 04:00:00 AM,0,0,0
12/30/2014 05:00:00 AM,0,0,0
12/30/2014 06:00:00 AM,0,0,0
12/30/2014 07:00:00 AM,0,0,0
12/30/2014 08:00:00 AM,0,0,0
12/30/2014 09:00:00 AM,0,0,0
12/30/2014 10:00:00 AM,0,0,0
12/30/2014 11:00:00 AM,0,0,0
12/30/2014 12:00:00 PM,0,0,0
12/30/2014 01:00:00 PM,0,0,0
12/30/2014 02:00:00 PM,0,0,0
12/30/2014 03:00:00 PM,0,0,0
12/30/2014 04:00:00 PM,0,0,0
12/30/2014 05:00:00 PM,0,0,0
12/30/2014 06:00:00 PM,0,0,0
12/30/2014 07:00:00 PM,0,0,0
12/30/2014 08:00:00 PM,0,0,0
12/30/2014 09:00:00 PM,0,0,0
12/30/2014 10:00:00 PM,0,0,0
12/30/2014 11:00:00 PM,0,0,0
12/31/2014 12:00:00 AM,0,0,0
12/31/2014 01:00:00 AM,0,0,0
12/31/2014 02:00:00 AM,0,0,0
12/31/2014 03:00:00 AM,0,0,0
12/31/2014 04:00:00 AM,0,0,0
12/31/2014 05:00:00 AM,0,0,0
12/31/2014 06:00:00 AM,0,0,0
12/31/2014 07:00:00 AM,0,0,0
12/31/2014 08:00:00 AM,0,0,0
12/31/2014 09:00:00 AM,0,0,0
12/31/2014 10:00:00 AM,0,0,0
12/31/2014 11:00:00 AM,0,0,0
12/31/2014 12:00:00 PM,0,0,0
12/31/2014 01:00:00 PM,0,0,0
12/31/2014 02:00:00 PM,2,1,1
12/31/2014 03:00:00 PM,2,2,0
12/31/2014 04:00:00 PM,0,0,0
12/31/2014 05:00:00 PM,2,0,2
12/31/2014 06:00:00 PM,0,0,0
12/31/2014 07:00:00 PM,0,0,0
12/31/2014 08:00:00 PM,0,0,0
12/31/2014 09:00:00 PM,0,0,0
12/31/2014 10:00:00 PM,0,0,0
12/31/2014 11:00:00 PM,1,0,1
01/01/2015 12:00:00 AM,2,0,2
01/01/2015 01:00:00 AM,0,0,0
01/01/2015 02:00:00 AM,2,0,2
01/01/2015 03:00:00 AM,0,0,0
01/01/2015 04:00:00 AM,0,0,0
01/01/2015 05:00:00 AM,0,0,0
01/01/2015 06:00:00 AM,0,0,0
01/01/2015 07:00:00 AM,0,0,0
01/01/2015 08:00:00 AM,0,0,0
01/01/2015 09:00:00 AM,0,0,0
01/01/2015 10:00:00 AM,0,0,0
01/01/2015 11:00:00 AM,0,0,0
01/01/2015 12:00:00 PM,0,0,0
01/01/2015 01:00:00 PM,0,0,0
01/01/2015 02:00:00 PM,0,0,0
01/01/2015 03:00:00 PM,0,0,0
01/01/2015 04:00:00 PM,2,2,0
01/01/2015 05:00:00 PM,0,0,0
01/01/2015 06:00:00 PM,2,2,0
01/01/2015 07:00:00 PM,0,0,0
01/01/2015 08:00:00 PM,4,4,0
01/01/2015 09:00:00 PM,0,0,0
01/01/2015 10:00:00 PM,3,1,2
01/01/2015 11:00:00 PM,1,0,1
01/02/2015 12:00:00 AM,0,0,0
01/02/2015 01:00:00 AM,0,0,0
01/02/2015 02:00:00 AM,0,0,0
01/02/2015 03:00:00 AM,0,0,0
01/02/2015 04:00:00 AM,0,0,0
01/02/2015 05:00:00 AM,0,0,0
01/02/2015 06:00:00 AM,2,0,2
01/02/2015 07:00:00 AM,4,4,0
01/02/2015 08:00:00 AM,0,0,0
01/02/2015 09:00:00 AM,4,4,0
01/02/2015 10:00:00 AM,9,4,5
01/02/2015 11:00:00 AM,5,5,0
01/02/2015 12:00:00 PM,0,0,0
01/02/2015 01:00:00 PM,2,0,2
01/02/2015 02:00:00 PM,4,2,2
01/02/2015 03:00:00 PM,2,0,2
01/02/2015 04:00:00 PM,6,6,0
01/02/2015 05:00:00 PM,8,3,5
01/02/2015 06:00:00 PM,11,4,7
01/02/2015 07:00:00 PM,4,4,0
01/02/2015 08:00:00 PM,4,4,0
01/02/2015 09:00:00 PM,2,0,2
01/02/2015 10:00:00 PM,4,2,2
01/02/2015 11:00:00 PM,1,0,1
01/03/2015 12:00:00 AM,1,0,1
01/03/2015 01:00:00 AM,5,1,4
01/03/2015 02:00:00 AM,3,0,3
01/03/2015 03:00:00 AM,0,0,0
01/03/2015 04:00:00 AM,0,0,0
01/03/2015 05:00:00 AM,0,0,0
01/03/2015 06:00:00 AM,0,0,0
01/03/2015 07:00:00 AM,0,0,0
01/03/2015 08:00:00 AM,0,0,0
01/03/2015 09:00:00 AM,0,0,0
01/03/2015 10:00:00 AM,0,0,0
01/03/2015 11:00:00 AM,2,0,2
01/03/2015 12:00:00 PM,1,0,1
01/03/2015 01:00:00 PM,0,0,0
01/03/2015 02:00:00 PM,2,0,2
01/03/2015 03:00:00 PM,2,2,0
01/03/2015 04:00:00 PM,5,4,1
01/03/2015 05:00:00 PM,2,0,2
01/03/2015 06:00:00 PM,0,0,0
01/03/2015 07:00:00 PM,0,0,0
01/03/2015 08:00:00 PM,0,0,0
01/03/2015 09:00:00 PM,4,2,2
01/03/2015 10:00:00 PM,1,0,1
01/03/2015 11:00:00 PM,2,0,2
01/04/2015 12:00:00 AM,2,2,0
01/04/2015 01:00:00 AM,2,0,2
01/04/2015 02:00:00 AM,3,0,3
01/04/2015 03:00:00 AM,0,0,0
01/04/2015 04:00:00 AM,2,2,0
01/04/2015 05:00:00 AM,0,0,0
01/04/2015 06:00:00 AM,0,0,0
01/04/2015 07:00:00 AM,0,0,0
01/04/2015 08:00:00 AM,0,0,0
01/04/2015 09:00:00 AM,0,0,0
01/04/2015 10:00:00 AM,1,0,1
01/04/2015 11:00:00 AM,2,2,0
01/04/2015 12:00:00 PM,0,0,0
01/04/2015 01:00:00 PM,0,0,0
01/04/2015 02:00:00 PM,0,0,0
01/04/2015 03:00:00 PM,0,0,0
01/04/2015 04:00:00 PM,2,0,2
01/04/2015 05:00:00 PM,6,4,2
01/04/2015 06:00:00 PM,6,4,2
01/04/2015 07:00:00 PM,8,2,6
01/04/2015 08:00:00 PM,0,0,0
01/04/2015 09:00:00 PM,0,0,0
01/04/2015 10:00:00 PM,0,0,0
01/04/2015 11:00:00 PM,3,0,3
01/05/2015 12:00:00 AM,0,0,0
01/05/2015 01:00:00 AM,0,0,0
01/05/2015 02:00:00 AM,0,0,0
01/05/2015 03:00:00 AM,0,0,0
01/05/2015 04:00:00 AM,0,0,0
01/05/2015 05:00:00 AM,0,0,0
01/05/2015 06:00:00 AM,0,0,0
01/05/2015 07:00:00 AM,4,0,4
01/05/2015 08:00:00 AM,10,0,10
01/05/2015 09:00:00 AM,4,4,0
01/05/2015 10:00:00 AM,11,0,11
01/05/2015 11:00:00 AM,2,2,0
01/05/2015 12:00:00 PM,5,0,5
01/05/2015 01:00:00 PM,6,0,6
01/05/2015 02:00:00 PM,9,2,7
01/05/2015 03:00:00 PM,13,8,5
01/05/2015 04:00:00 PM,6,2,4
01/05/2015 05:00:00 PM,24,16,8
01/05/2015 06:00:00 PM,19,8,11
01/05/2015 07:00:00 PM,11,7,4
01/05/2015 08:00:00 PM,7,5,2
01/05/2015 09:00:00 PM,2,0,2
01/05/2015 10:00:00 PM,2,0,2
01/05/2015 11:00:00 PM,2,2,0
01/06/2015 12:00:00 AM,1,1,0
01/06/2015 01:00:00 AM,1,0,1
01/06/2015 02:00:00 AM,2,2,0
01/06/2015 03:00:00 AM,0,0,0
01/06/2015 04:00:00 AM,2,0,2
01/06/2015 05:00:00 AM,2,0,2
01/06/2015 06:00:00 AM,4,2,2
01/06/2015 07:00:00 AM,17,6,11
01/06/2015 08:00:00 AM,14,8,6
01/06/2015 09:00:00 AM,23,10,13
01/06/2015 10:00:00 AM,12,4,8
01/06/2015 11:00:00 AM,11,11,0
01/06/2015 12:00:00 PM,24,9,15
01/06/2015 01:00:00 PM,12,5,7
01/06/2015 02:00:00 PM,9,3,6
01/06/2015 03:00:00 PM,25,14,11
01/06/2015 04:00:00 PM,13,6,7
01/06/2015 05:00:00 PM,32,21,11
01/06/2015 06:00:00 PM,22,8,14
01/06/2015 07:00:00 PM,14,6,8
01/06/2015 08:00:00 PM,10,3,7
01/06/2015 09:00:00 PM,10,4,6
01/06/2015 10:00:00 PM,5,2,3
01/06/2015 11:00:00 PM,5,3,2
01/07/2015 12:00:00 AM,3,1,2
01/07/2015 01:00:00 AM,1,0,1
01/07/2015 02:00:00 AM,0,0,0
01/07/2015 03:00:00 AM,0,0,0
01/07/2015 04:00:00 AM,0,0,0
01/07/2015 05:00:00 AM,3,0,3
01/07/2015 06:00:00 AM,5,1,4
01/07/2015 07:00:00 AM,21,8,13
01/07/2015 08:00:00 AM,31,9,22
01/07/2015 09:00:00 AM,12,5,7
01/07/2015 10:00:00 AM,16,11,5
01/07/2015 11:00:00 AM,15,3,12
01/07/2015 12:00:00 PM,18,7,11
01/07/2015 01:00:00 PM,10,8,2
01/07/2015 02:00:00 PM,12,4,8
01/07/2015 03:00:00 PM,29,16,13
01/07/2015 04:00:00 PM,28,19,9
01/07/2015 05:00:00 PM,34,20,14
01/07/2015 06:00:00 PM,26,14,12
01/07/2015 07:00:00 PM,15,9,6
01/07/2015 08:00:00 PM,13,5,8
01/07/2015 09:00:00 PM,10,6,4
01/07/2015 10:00:00 PM,2,0,2
01/07/2015 11:00:00 PM,6,5,1
01/08/2015 12:00:00 AM,1,0,1
01/08/2015 01:00:00 AM,0,0,0
01/08/2015 02:00:00 AM,2,1,1
01/08/2015 03:00:00 AM,0,0,0
01/08/2015 04:00:00 AM,2,0,2
01/08/2015 05:00:00 AM,5,1,4
01/08/2015 06:00:00 AM,8,1,7
01/08/2015 07:00:00 AM,13,5,8
01/08/2015 08:00:00 AM,28,12,16
01/08/2015 09:00:00 AM,19,7,12
01/08/2015 10:00:00 AM,10,5,5
01/08/2015 11:00:00 AM,15,6,9
01/08/2015 12:00:00 PM,21,10,11
01/08/2015 01:00:00 PM,30,11,19
01/08/2015 02:00:00 PM,15,5,10
01/08/2015 03:00:00 PM,24,11,13
01/08/2015 04:00:00 PM,23,10,13
01/08/2015 05:00:00 PM,30,23,7
01/08/2015 06:00:00 PM,30,20,10
01/08/2015 07:00:00 PM,27,17,10
01/08/2015 08:00:00 PM,17,8,9
01/08/2015 09:00:00 PM,10,3,7
01/08/2015 10:00:00 PM,9,2,7
01/08/2015 11:00:00 PM,6,3,3
01/09/2015 12:00:00 AM,1,1,0
01/09/2015 01:00:00 AM,5,1,4
01/09/2015 02:00:00 AM,2,1,1
01/09/2015 03:00:00 AM,0,0,0
01/09/2015 04:00:00 AM,2,0,2
01/09/2015 05:00:00 AM,2,0,2
01/09/2015 06:00:00 AM,9,1,8
01/09/2015 07:00:00 AM,24,10,14
01/09/2015 08:00:00 AM,23,11,12
01/09/2015 09:00:00 AM,14,5,9
01/09/2015 10:00:00 AM,15,7,8
01/09/2015 11:00:00 AM,14,9,5
01/09/2015 12:00:00 PM,21,9,12
01/09/2015 01:00:00 PM,12,5,7
01/09/2015 02:00:00 PM,10,7,3
01/09/2015 03:00:00 PM,17,9,8
01/09/2015 04:00:00 PM,15,11,4
01/09/2015 05:00:00 PM,36,20,16
01/09/2015 06:00:00 PM,15,8,7
01/09/2015 07:00:00 PM,20,9,11
01/09/2015 08:00:00 PM,9,5,4
01/09/2015 09:00:00 PM,9,7,2
01/09/2015 10:00:00 PM,11,5,6
01/09/2015 11:00:00 PM,6,1,5
01/10/2015 12:00:00 AM,3,1,2
01/10/2015 01:00:00 AM,3,2,1
01/10/2015 02:00:00 AM,6,3,3
01/10/2015 03:00:00 AM,1,0,1
01/10/2015 04:00:00 AM,0,0,0
01/10/2015 05:00:00 AM,4,1,3
01/10/2015 06:00:00 AM,1,0,1
01/10/2015 07:00:00 AM,2,0,2
01/10/2015 08:00:00 AM,3,2,1
01/10/2015 09:00:00 AM,2,1,1
01/10/2015 10:00:00 AM,4,3,1
01/10/2015 11:00:00 AM,10,6,4
01/10/2015 12:00:00 PM,16,8,8
01/10/2015 01:00:00 PM,13,6,7
01/10/2015 02:00:00 PM,8,4,4
01/10/2015 03:00:00 PM,7,4,3
01/10/2015 04:00:00 PM,9,4,5
01/10/2015 05:00:00 PM,6,3,3
01/10/2015 06:00:00 PM,14,8,6
01/10/2015 07:00:00 PM,9,7,2
01/10/2015 08:00:00 PM,7,3,4
01/10/2015 09:00:00 PM,4,4,0
01/10/2015 10:00:00 PM,4,2,2
01/10/2015 11:00:00 PM,1,0,1
01/11/2015 12:00:00 AM,5,0,5
01/11/2015 01:00:00 AM,2,2,0
01/11/2015 02:00:00 AM,2,0,2
01/11/2015 03:00:00 AM,1,0,1
01/11/2015 04:00:00 AM,0,0,0
01/11/2015 05:00:00 AM,4,0,4
01/11/2015 06:00:00 AM,1,0,1
01/11/2015 07:00:00 AM,3,2,1
01/11/2015 08:00:00 AM,2,1,1
01/11/2015 09:00:00 AM,2,0,2
01/11/2015 10:00:00 AM,5,1,4
01/11/2015 11:00:00 AM,9,8,1
01/11/2015 12:00:00 PM,12,3,9
01/11/2015 01:00:00 PM,14,7,7
01/11/2015 02:00:00 PM,14,7,7
01/11/2015 03:00:00 PM,15,9,6
01/11/2015 04:00:00 PM,11,5,6
01/11/2015 05:00:00 PM,7,4,3
01/11/2015 06:00:00 PM,9,4,5
01/11/2015 07:00:00 PM,9,4,5
01/11/2015 08:00:00 PM,2,0,2
01/11/2015 09:00:00 PM,3,2,1
01/11/2015 10:00:00 PM,2,2,0
01/11/2015 11:00:00 PM,2,0,2
01/12/2015 12:00:00 AM,0,0,0
01/12/2015 01:00:00 AM,2,0,2
01/12/2015 02:00:00 AM,0,0,0
01/12/2015 03:00:00 AM,0,0,0
01/12/2015 04:00:00 AM,1,0,1
01/12/2015 05:00:00 AM,1,0,1
01/12/2015 06:00:00 AM,11,6,5
01/12/2015 07:00:00 AM,23,10,13
01/12/2015 08:00:00 AM,31,12,19
01/12/2015 09:00:00 AM,19,6,13
01/12/2015 10:00:00 AM,17,10,7
01/12/2015 11:00:00 AM,25,12,13
01/12/2015 12:00:00 PM,16,5,11
01/12/2015 01:00:00 PM,10,7,3
01/12/2015 02:00:00 PM,16,7,9
01/12/2015 03:00:00 PM,20,8,12
01/12/2015 04:00:00 PM,22,11,11
01/12/2015 05:00:00 PM,45,33,12
01/12/2015 06:00:00 PM,24,9,15
01/12/2015 07:00:00 PM,17,8,9
01/12/2015 08:00:00 PM,12,7,5
01/12/2015 09:00:00 PM,4,1,3
01/12/2015 10:00:00 PM,4,1,3
01/12/2015 11:00:00 PM,2,2,0
01/13/2015 12:00:00 AM,0,0,0
01/13/2015 01:00:00 AM,1,1,0
01/13/2015 02:00:00 AM,0,0,0
01/13/2015 03:00:00 AM,0,0,0
01/13/2015 04:00:00 AM,2,0,2
01/13/2015 05:00:00 AM,1,0,1
01/13/2015 06:00:00 AM,13,4,9
01/13/2015 07:00:00 AM,13,7,6
01/13/2015 08:00:00 AM,28,12,16
01/13/2015 09:00:00 AM,19,11,8
01/13/2015 10:00:00 AM,21,9,12
01/13/2015 11:00:00 AM,17,8,9
01/13/2015 12:00:00 PM,16,3,13
01/13/2015 01:00:00 PM,19,7,12
01/13/2015 02:00:00 PM,17,10,7
01/13/2015 03:00:00 PM,23,13,10
01/13/2015 04:00:00 PM,30,14,16
01/13/2015 05:00:00 PM,38,25,13
01/13/2015 06:00:00 PM,27,12,15
01/13/2015 07:00:00 PM,22,10,12
01/13/2015 08:00:00 PM,16,8,8
01/13/2015 09:00:00 PM,11,5,6
01/13/2015 10:00:00 PM,5,3,2
01/13/2015 11:00:00 PM,6,5,1
01/14/2015 12:00:00 AM,0,0,0
01/14/2015 01:00:00 AM,1,1,0
01/14/2015 02:00:00 AM,0,0,0
01/14/2015 03:00:00 AM,1,1,0
01/14/2015 04:00:00 AM,2,1,1
01/14/2015 05:00:00 AM,3,1,2
01/14/2015 06:00:00 AM,6,0,6
01/14/2015 07:00:00 AM,30,12,18
01/14/2015 08:00:00 AM,21,4,17
01/14/2015 09:00:00 AM,19,8,11
01/14/2015 10:00:00 AM,22,8,14
01/14/2015 11:00:00 AM,11,6,5
01/14/2015 12:00:00 PM,23,10,13
01/14/2015 01:00:00 PM,15,9,6
01/14/2015 02:00:00 PM,11,5,6
01/14/2015 03:00:00 PM,17,7,10
01/14/2015 04:00:00 PM,18,9,9
01/14/2015 05:00:00 PM,31,21,10
01/14/2015 06:00:00 PM,28,13,15
01/14/2015 07:00:00 PM,19,9,10
01/14/2015 08:00:00 PM,15,8,7
01/14/2015 09:00:00 PM,7,4,3
01/14/2015 10:00:00 PM,7,3,4
01/14/2015 11:00:00 PM,8,4,4
01/15/2015 12:00:00 AM,5,2,3
01/15/2015 01:00:00 AM,3,2,1
01/15/2015 02:00:00 AM,0,0,0
01/15/2015 03:00:00 AM,0,0,0
01/15/2015 04:00:00 AM,2,1,1
01/15/2015 05:00:00 AM,2,0,2
01/15/2015 06:00:00 AM,8,1,7
01/15/2015 07:00:00 AM,19,7,12
01/15/2015 08:00:00 AM,27,9,18
01/15/2015 09:00:00 AM,22,12,10
01/15/2015 10:00:00 AM,19,12,7
01/15/2015 11:00:00 AM,8,4,4
01/15/2015 12:00:00 PM,19,10,9
01/15/2015 01:00:00 PM,14,9,5
01/15/2015 02:00:00 PM,13,5,8
01/15/2015 03:00:00 PM,20,10,10
01/15/2015 04:00:00 PM,28,18,10
01/15/2015 05:00:00 PM,31,20,11
01/15/2015 06:00:00 PM,18,8,10
01/15/2015 07:00:00 PM,16,11,5
01/15/2015 08:00:00 PM,6,2,4
01/15/2015 09:00:00 PM,8,2,6
01/15/2015 10:00:00 PM,2,1,1
01/15/2015 11:00:00 PM,2,1,1
01/16/2015 12:00:00 AM,2,0,2
01/16/2015 01:00:00 AM,4,1,3
01/16/2015 02:00:00 AM,4,1,3
01/16/2015 03:00:00 AM,0,0,0
01/16/2015 04:00:00 AM,1,1,0
01/16/2015 05:00:00 AM,2,0,2
01/16/2015 06:00:00 AM,4,1,3
01/16/2015 07:00:00 AM,16,5,11
01/16/2015 08:00:00 AM,23,8,15
01/16/2015 09:00:00 AM,20,14,6
01/16/2015 10:00:00 AM,14,9,5
01/16/2015 11:00:00 AM,15,7,8
01/16/2015 12:00:00 PM,18,11,7
01/16/2015 01:00:00 PM,16,5,11
01/16/2015 02:00:00 PM,22,6,16
01/16/2015 03:00:00 PM,11,6,5
01/16/2015 04:00:00 PM,17,10,7
01/16/2015 05:00:00 PM,28,20,8
01/16/2015 06:00:00 PM,28,13,15
01/16/2015 07:00:00 PM,8,5,3
01/16/2015 08:00:00 PM,12,4,8
01/16/2015 09:00:00 PM,7,1,6
01/16/2015 10:00:00 PM,8,6,2
01/16/2015 11:00:00 PM,4,0,4
01/17/2015 12:00:00 AM,3,1,2
01/17/2015 01:00:00 AM,4,2,2
01/17/2015 02:00:00 AM,2,0,2
01/17/2015 03:00:00 AM,0,0,0
01/17/2015 04:00:00 AM,0,0,0
01/17/2015 05:00:00 AM,1,0,1
01/17/2015 06:00:00 AM,2,0,2
01/17/2015 07:00:00 AM,2,1,1
01/17/2015 08:00:00 AM,4,2,2
01/17/2015 09:00:00 AM,2,2,0
01/17/2015 10:00:00 AM,3,2,1
01/17/2015 11:00:00 AM,6,3,3
01/17/2015 12:00:00 PM,4,2,2
01/17/2015 01:00:00 PM,12,7,5
01/17/2015 02:00:00 PM,10,5,5
01/17/2015 03:00:00 PM,8,2,6
01/17/2015 04:00:00 PM,11,7,4
01/17/2015 05:00:00 PM,10,7,3
01/17/2015 06:00:00 PM,5,1,4
01/17/2015 07:00:00 PM,6,3,3
01/17/2015 08:00:00 PM,5,1,4
01/17/2015 09:00:00 PM,6,4,2
01/17/2015 10:00:00 PM,7,3,4
01/17/2015 11:00:00 PM,3,1,2
01/18/2015 12:00:00 AM,5,3,2
01/18/2015 01:00:00 AM,5,4,1
01/18/2015 02:00:00 AM,0,0,0
01/18/2015 03:00:00 AM,1,0,1
01/18/2015 04:00:00 AM,0,0,0
01/18/2015 05:00:00 AM,0,0,0
01/18/2015 06:00:00 AM,1,0,1
01/18/2015 07:00:00 AM,2,0,2
01/18/2015 08:00:00 AM,2,2,0
01/18/2015 09:00:00 AM,0,0,0
01/18/2015 10:00:00 AM,1,0,1
01/18/2015 11:00:00 AM,13,7,6
01/18/2015 12:00:00 PM,4,4,0
01/18/2015 01:00:00 PM,4,1,3
01/18/2015 02:00:00 PM,6,3,3
01/18/2015 03:00:00 PM,4,2,2
01/18/2015 04:00:00 PM,11,2,9
01/18/2015 05:00:00 PM,8,3,5
01/18/2015 06:00:00 PM,6,2,4
01/18/2015 07:00:00 PM,9,5,4
01/18/2015 08:00:00 PM,1,1,0
01/18/2015 09:00:00 PM,5,4,1
01/18/2015 10:00:00 PM,4,2,2
01/18/2015 11:00:00 PM,2,1,1
01/19/2015 12:00:00 AM,1,1,0
01/19/2015 01:00:00 AM,1,1,0
01/19/2015 02:00:00 AM,2,0,2
01/19/2015 03:00:00 AM,1,0,1
01/19/2015 04:00:00 AM,1,1,0
01/19/2015 05:00:00 AM,2,0,2
01/19/2015 06:00:00 AM,7,4,3
01/19/2015 07:00:00 AM,7,1,6
01/19/2015 08:00:00 AM,8,2,6
01/19/2015 09:00:00 AM,6,4,2
01/19/2015 10:00:00 AM,14,7,7
01/19/2015 11:00:00 AM,8,6,2
01/19/2015 12:00:00 PM,14,4,10
01/19/2015 01:00:00 PM,12,5,7
01/19/2015 02:00:00 PM,13,6,7
01/19/2015 03:00:00 PM,16,8,8
01/19/2015 04:00:00 PM,14,9,5
01/19/2015 05:00:00 PM,17,9,8
01/19/2015 06:00:00 PM,19,11,8
01/19/2015 07:00:00 PM,17,7,10
01/19/2015 08:00:00 PM,10,3,7
01/19/2015 09:00:00 PM,7,2,5
01/19/2015 10:00:00 PM,6,0,6
01/19/2015 11:00:00 PM,5,4,1
01/20/2015 12:00:00 AM,2,2,0
01/20/2015 01:00:00 AM,0,0,0
01/20/2015 02:00:00 AM,0,0,0
01/20/2015 03:00:00 AM,0,0,0
01/20/2015 04:00:00 AM,1,0,1
01/20/2015 05:00:00 AM,4,1,3
01/20/2015 06:00:00 AM,12,2,10
01/20/2015 07:00:00 AM,21,9,12
01/20/2015 08:00:00 AM,27,9,18
01/20/2015 09:00:00 AM,17,8,9
01/20/2015 10:00:00 AM,19,11,8
01/20/2015 11:00:00 AM,15,6,9
01/20/2015 12:00:00 PM,16,4,12
01/20/2015 01:00:00 PM,17,8,9
01/20/2015 02:00:00 PM,13,6,7
01/20/2015 03:00:00 PM,27,12,15
01/20/2015 04:00:00 PM,28,16,12
01/20/2015 05:00:00 PM,41,25,16
01/20/2015 06:00:00 PM,23,13,10
01/20/2015 07:00:00 PM,13,7,6
01/20/2015 08:00:00 PM,15,8,7
01/20/2015 09:00:00 PM,11,5,6
01/20/2015 10:00:00 PM,8,5,3
01/20/2015 11:00:00 PM,2,1,1
01/21/2015 12:00:00 AM,3,2,1
01/21/2015 01:00:00 AM,0,0,0
01/21/2015 02:00:00 AM,0,0,0
01/21/2015 03:00:00 AM,1,0,1
01/21/2015 04:00:00 AM,0,0,0
01/21/2015 05:00:00 AM,3,1,2
01/21/2015 06:00:00 AM,9,3,6
01/21/2015 07:00:00 AM,22,7,15
01/21/2015 08:00:00 AM,31,14,17
01/21/2015 09:00:00 AM,17,8,9
01/21/2015 10:00:00 AM,15,8,7
01/21/2015 11:00:00 AM,15,6,9
01/21/2015 12:00:00 PM,25,12,13
01/21/2015 01:00:00 PM,12,8,4
01/21/2015 02:00:00 PM,17,7,10
01/21/2015 03:00:00 PM,22,10,12
01/21/2015 04:00:00 PM,20,15,5
01/21/2015 05:00:00 PM,28,14,14
01/21/2015 06:00:00 PM,29,19,10
01/21/2015 07:00:00 PM,12,5,7
01/21/2015 08:00:00 PM,13,6,7
01/21/2015 09:00:00 PM,12,5,7
01/21/2015 10:00:00 PM,9,5,4
01/21/2015 11:00:00 PM,6,3,3
01/22/2015 12:00:00 AM,2,1,1
01/22/2015 01:00:00 AM,0,0,0
01/22/2015 02:00:00 AM,1,0,1
01/22/2015 03:00:00 AM,1,0,1
01/22/2015 04:00:00 AM,2,1,1
01/22/2015 05:00:00 AM,6,1,5
01/22/2015 06:00:00 AM,7,3,4
01/22/2015 07:00:00 AM,22,7,15
01/22/2015 08:00:00 AM,26,9,17
01/22/2015 09:00:00 AM,18,9,9
01/22/2015 10:00:00 AM,20,9,11
01/22/2015 11:00:00 AM,13,7,6
01/22/2015 12:00:00 PM,16,9,7
01/22/2015 01:00:00 PM,9,3,6
01/22/2015 02:00:00 PM,16,9,7
01/22/2015 03:00:00 PM,16,4,12
01/22/2015 04:00:00 PM,25,14,11
01/22/2015 05:00:00 PM,23,12,11
01/22/2015 06:00:00 PM,18,11,7
01/22/2015 07:00:00 PM,23,13,10
01/22/2015 08:00:00 PM,7,5,2
01/22/2015 09:00:00 PM,12,7,5
01/22/2015 10:00:00 PM,8,5,3
01/22/2015 11:00:00 PM,1,1,0
01/23/2015 12:00:00 AM,2,1,1
01/23/2015 01:00:00 AM,4,3,1
01/23/2015 02:00:00 AM,1,0,1
01/23/2015 03:00:00 AM,1,1,0
01/23/2015 04:00:00 AM,1,0,1
01/23/2015 05:00:00 AM,6,3,3
01/23/2015 06:00:00 AM,10,4,6
01/23/2015 07:00:00 AM,14,8,6
01/23/2015 08:00:00 AM,16,7,9
01/23/2015 09:00:00 AM,8,4,4
01/23/2015 10:00:00 AM,15,6,9
01/23/2015 11:00:00 AM,7,3,4
01/23/2015 12:00:00 PM,9,6,3
01/23/2015 01:00:00 PM,9,5,4
01/23/2015 02:00:00 PM,18,9,9
01/23/2015 03:00:00 PM,16,7,9
01/23/2015 04:00:00 PM,14,9,5
01/23/2015 05:00:00 PM,25,14,11
01/23/2015 06:00:00 PM,13,8,5
01/23/2015 07:00:00 PM,11,8,3
01/23/2015 08:00:00 PM,10,6,4
01/23/2015 09:00:00 PM,3,2,1
01/23/2015 10:00:00 PM,8,1,7
01/23/2015 11:00:00 PM,10,5,5
01/24/2015 12:00:00 AM,1,0,1
01/24/2015 01:00:00 AM,4,3,1
01/24/2015 02:00:00 AM,4,2,2
01/24/2015 03:00:00 AM,0,0,0
01/24/2015 04:00:00 AM,0,0,0
01/24/2015 05:00:00 AM,1,0,1
01/24/2015 06:00:00 AM,3,1,2
01/24/2015 07:00:00 AM,3,2,1
01/24/2015 08:00:00 AM,3,0,3
01/24/2015 09:00:00 AM,4,1,3
01/24/2015 10:00:00 AM,6,5,1
01/24/2015 11:00:00 AM,7,4,3
01/24/2015 12:00:00 PM,15,5,10
01/24/2015 01:00:00 PM,13,7,6
01/24/2015 02:00:00 PM,13,5,8
01/24/2015 03:00:00 PM,9,5,4
01/24/2015 04:00:00 PM,12,7,5
01/24/2015 05:00:00 PM,9,4,5
01/24/2015 06:00:00 PM,14,7,7
01/24/2015 07:00:00 PM,13,9,4
01/24/2015 08:00:00 PM,7,4,3
01/24/2015 09:00:00 PM,5,2,3
01/24/2015 10:00:00 PM,9,5,4
01/24/2015 11:00:00 PM,11,5,6
01/25/2015 12:00:00 AM,4,0,4
01/25/2015 01:00:00 AM,4,2,2
01/25/2015 02:00:00 AM,7,2,5
01/25/2015 03:00:00 AM,2,0,2
01/25/2015 04:00:00 AM,0,0,0
01/25/2015 05:00:00 AM,0,0,0
01/25/2015 06:00:00 AM,2,1,1
01/25/2015 07:00:00 AM,7,4,3
01/25/2015 08:00:00 AM,2,1,1
01/25/2015 09:00:00 AM,7,3,4
01/25/2015 10:00:00 AM,9,6,3
01/25/2015 11:00:00 AM,9,5,4
01/25/2015 12:00:00 PM,4,4,0
01/25/2015 01:00:00 PM,13,7,6
01/25/2015 02:00:00 PM,24,12,12
01/25/2015 03:00:00 PM,15,9,6
01/25/2015 04:00:00 PM,12,7,5
01/25/2015 05:00:00 PM,18,9,9
01/25/2015 06:00:00 PM,15,6,9
01/25/2015 07:00:00 PM,24,15,9
01/25/2015 08:00:00 PM,4,3,1
01/25/2015 09:00:00 PM,9,6,3
01/25/2015 10:00:00 PM,8,6,2
01/25/2015 11:00:00 PM,6,3,3
01/26/2015 12:00:00 AM,0,0,0
01/26/2015 01:00:00 AM,3,1,2
01/26/2015 02:00:00 AM,1,0,1
01/26/2015 03:00:00 AM,1,0,1
01/26/2015 04:00:00 AM,2,0,2
01/26/2015 05:00:00 AM,3,2,1
01/26/2015 06:00:00 AM,19,8,11
01/26/2015 07:00:00 AM,14,6,8
01/26/2015 08:00:00 AM,24,7,17
01/26/2015 09:00:00 AM,17,6,11
01/26/2015 10:00:00 AM,18,8,10
01/26/2015 11:00:00 AM,17,8,9
01/26/2015 12:00:00 PM,30,12,18
01/26/2015 01:00:00 PM,22,8,14
01/26/2015 02:00:00 PM,23,11,12
01/26/2015 03:00:00 PM,22,13,9
01/26/2015 04:00:00 PM,22,16,6
01/26/2015 05:00:00 PM,32,19,13
01/26/2015 06:00:00 PM,31,18,13
01/26/2015 07:00:00 PM,14,4,10
01/26/2015 08:00:00 PM,11,5,6
01/26/2015 09:00:00 PM,11,5,6
01/26/2015 10:00:00 PM,7,2,5
01/26/2015 11:00:00 PM,6,5,1
01/27/2015 12:00:00 AM,4,3,1
01/27/2015 01:00:00 AM,6,3,3
01/27/2015 02:00:00 AM,0,0,0
01/27/2015 03:00:00 AM,0,0,0
01/27/2015 04:00:00 AM,0,0,0
01/27/2015 05:00:00 AM,1,1,0
01/27/2015 06:00:00 AM,16,5,11
01/27/2015 07:00:00 AM,27,12,15
01/27/2015 08:00:00 AM,23,9,14
01/27/2015 09:00:00 AM,18,11,7
01/27/2015 10:00:00 AM,7,2,5
01/27/2015 11:00:00 AM,19,5,14
01/27/2015 12:00:00 PM,14,5,9
01/27/2015 01:00:00 PM,5,0,5
01/27/2015 02:00:00 PM,11,3,8
01/27/2015 03:00:00 PM,19,8,11
01/27/2015 04:00:00 PM,27,16,11
01/27/2015 05:00:00 PM,35,27,8
01/27/2015 06:00:00 PM,24,10,14
01/27/2015 07:00:00 PM,12,7,5
01/27/2015 08:00:00 PM,15,7,8
01/27/2015 09:00:00 PM,6,4,2
01/27/2015 10:00:00 PM,5,2,3
01/27/2015 11:00:00 PM,3,2,1
01/28/2015 12:00:00 AM,3,2,1
01/28/2015 01:00:00 AM,1,1,0
01/28/2015 02:00:00 AM,0,0,0
01/28/2015 03:00:00 AM,0,0,0
01/28/2015 04:00:00 AM,1,1,0
01/28/2015 05:00:00 AM,3,1,2
01/28/2015 06:00:00 AM,12,5,7
01/28/2015 07:00:00 AM,26,10,16
01/28/2015 08:00:00 AM,23,8,15
01/28/2015 09:00:00 AM,14,5,9
01/28/2015 10:00:00 AM,16,7,9
01/28/2015 11:00:00 AM,19,11,8
01/28/2015 12:00:00 PM,20,8,12
01/28/2015 01:00:00 PM,22,7,15
01/28/2015 02:00:00 PM,16,9,7
01/28/2015 03:00:00 PM,9,7,2
01/28/2015 04:00:00 PM,27,16,11
01/28/2015 05:00:00 PM,33,19,14
01/28/2015 06:00:00 PM,24,16,8
01/28/2015 07:00:00 PM,20,12,8
01/28/2015 08:00:00 PM,19,8,11
01/28/2015 09:00:00 PM,9,3,6
01/28/2015 10:00:00 PM,11,5,6
01/28/2015 11:00:00 PM,8,5,3
01/29/2015 12:00:00 AM,2,0,2
01/29/2015 01:00:00 AM,1,1,0
01/29/2015 02:00:00 AM,2,1,1
01/29/2015 03:00:00 AM,0,0,0
01/29/2015 04:00:00 AM,1,0,1
01/29/2015 05:00:00 AM,3,1,2
01/29/2015 06:00:00 AM,14,3,11
01/29/2015 07:00:00 AM,24,9,15
01/29/2015 08:00:00 AM,24,10,14
01/29/2015 09:00:00 AM,11,5,6
01/29/2015 10:00:00 AM,14,9,5
01/29/2015 11:00:00 AM,13,3,10
01/29/2015 12:00:00 PM,7,4,3
01/29/2015 01:00:00 PM,17,10,7
01/29/2015 02:00:00 PM,15,12,3
01/29/2015 03:00:00 PM,12,4,8
01/29/2015 04:00:00 PM,20,14,6
01/29/2015 05:00:00 PM,19,13,6
01/29/2015 06:00:00 PM,22,8,14
01/29/2015 07:00:00 PM,18,7,11
01/29/2015 08:00:00 PM,24,14,10
01/29/2015 09:00:00 PM,9,3,6
01/29/2015 10:00:00 PM,7,2,5
01/29/2015 11:00:00 PM,5,2,3
01/30/2015 12:00:00 AM,4,1,3
01/30/2015 01:00:00 AM,2,0,2
01/30/2015 02:00:00 AM,8,3,5
01/30/2015 03:00:00 AM,0,0,0
01/30/2015 04:00:00 AM,0,0,0
01/30/2015 05:00:00 AM,1,1,0
01/30/2015 06:00:00 AM,12,3,9
01/30/2015 07:00:00 AM,19,5,14
01/30/2015 08:00:00 AM,20,9,11
01/30/2015 09:00:00 AM,13,7,6
01/30/2015 10:00:00 AM,16,7,9
01/30/2015 11:00:00 AM,18,6,12
01/30/2015 12:00:00 PM,18,11,7
01/30/2015 01:00:00 PM,10,6,4
01/30/2015 02:00:00 PM,20,13,7
01/30/2015 03:00:00 PM,10,6,4
01/30/2015 04:00:00 PM,32,21,11
01/30/2015 05:00:00 PM,24,12,12
01/30/2015 06:00:00 PM,25,16,9
01/30/2015 07:00:00 PM,12,7,5
01/30/2015 08:00:00 PM,18,6,12
01/30/2015 09:00:00 PM,7,3,4
01/30/2015 10:00:00 PM,6,4,2
01/30/2015 11:00:00 PM,8,3,5
01/31/2015 12:00:00 AM,3,3,0
01/31/2015 01:00:00 AM,5,2,3
01/31/2015 02:00:00 AM,7,1,6
01/31/2015 03:00:00 AM,0,0,0
01/31/2015 04:00:00 AM,1,0,1
01/31/2015 05:00:00 AM,1,1,0
01/31/2015 06:00:00 AM,4,0,4
01/31/2015 07:00:00 AM,3,2,1
01/31/2015 08:00:00 AM,5,3,2
01/31/2015 09:00:00 AM,7,4,3
01/31/2015 10:00:00 AM,3,2,1
01/31/2015 11:00:00 AM,4,1,3
01/31/2015 12:00:00 PM,4,1,3
01/31/2015 01:00:00 PM,4,1,3
01/31/2015 02:00:00 PM,9,4,5
01/31/2015 03:00:00 PM,20,10,10
01/31/2015 04:00:00 PM,20,14,6
01/31/2015 05:00:00 PM,14,4,10
01/31/2015 06:00:00 PM,19,6,13
01/31/2015 07:00:00 PM,7,5,2
01/31/2015 08:00:00 PM,6,2,4
01/31/2015 09:00:00 PM,6,3,3
01/31/2015 10:00:00 PM,13,8,5
01/31/2015 11:00:00 PM,8,4,4
02/01/2015 12:00:00 AM,2,2,0
02/01/2015 01:00:00 AM,1,0,1
02/01/2015 02:00:00 AM,9,4,5
02/01/2015 03:00:00 AM,1,1,0
02/01/2015 04:00:00 AM,4,1,3
02/01/2015 05:00:00 AM,2,1,1
02/01/2015 06:00:00 AM,3,0,3
02/01/2015 07:00:00 AM,3,2,1
02/01/2015 08:00:00 AM,3,3,0
02/01/2015 09:00:00 AM,8,2,6
02/01/2015 10:00:00 AM,6,2,4
02/01/2015 11:00:00 AM,12,8,4
02/01/2015 12:00:00 PM,10,6,4
02/01/2015 01:00:00 PM,13,6,7
02/01/2015 02:00:00 PM,12,4,8
02/01/2015 03:00:00 PM,16,6,10
02/01/2015 04:00:00 PM,8,2,6
02/01/2015 05:00:00 PM,8,2,6
02/01/2015 06:00:00 PM,9,4,5
02/01/2015 07:00:00 PM,13,10,3
02/01/2015 08:00:00 PM,5,4,1
02/01/2015 09:00:00 PM,6,4,2
02/01/2015 10:00:00 PM,3,2,1
02/01/2015 11:00:00 PM,8,5,3
02/02/2015 12:00:00 AM,7,2,5
02/02/2015 01:00:00 AM,2,1,1
02/02/2015 02:00:00 AM,2,2,0
02/02/2015 03:00:00 AM,0,0,0
02/02/2015 04:00:00 AM,0,0,0
02/02/2015 05:00:00 AM,2,1,1
02/02/2015 06:00:00 AM,7,1,6
02/02/2015 07:00:00 AM,13,6,7
02/02/2015 08:00:00 AM,22,11,11
02/02/2015 09:00:00 AM,9,4,5
02/02/2015 10:00:00 AM,17,9,8
02/02/2015 11:00:00 AM,7,1,6
02/02/2015 12:00:00 PM,7,4,3
02/02/2015 01:00:00 PM,12,5,7
02/02/2015 02:00:00 PM,8,2,6
02/02/2015 03:00:00 PM,15,6,9
02/02/2015 04:00:00 PM,10,8,2
02/02/2015 05:00:00 PM,28,18,10
02/02/2015 06:00:00 PM,20,12,8
02/02/2015 07:00:00 PM,11,6,5
02/02/2015 08:00:00 PM,17,9,8
02/02/2015 09:00:00 PM,3,2,1
02/02/2015 10:00:00 PM,6,1,5
02/02/2015 11:00:00 PM,2,0,2
02/03/2015 12:00:00 AM,2,1,1
02/03/2015 01:00:00 AM,3,1,2
02/03/2015 02:00:00 AM,0,0,0
02/03/2015 03:00:00 AM,0,0,0
02/03/2015 04:00:00 AM,0,0,0
02/03/2015 05:00:00 AM,4,1,3
02/03/2015 06:00:00 AM,16,4,12
02/03/2015 07:00:00 AM,24,11,13
02/03/2015 08:00:00 AM,19,7,12
02/03/2015 09:00:00 AM,13,9,4
02/03/2015 10:00:00 AM,12,5,7
02/03/2015 11:00:00 AM,7,4,3
02/03/2015 12:00:00 PM,21,6,15
02/03/2015 01:00:00 PM,16,8,8
02/03/2015 02:00:00 PM,9,1,8
02/03/2015 03:00:00 PM,11,2,9
02/03/2015 04:00:00 PM,20,10,10
02/03/2015 05:00:00 PM,25,19,6
02/03/2015 06:00:00 PM,28,12,16
02/03/2015 07:00:00 PM,14,8,6
02/03/2015 08:00:00 PM,13,4,9
02/03/2015 09:00:00 PM,11,4,7
02/03/2015 10:00:00 PM,4,1,3
02/03/2015 11:00:00 PM,7,3,4
02/04/2015 12:00:00 AM,1,0,1
02/04/2015 01:00:00 AM,2,1,1
02/04/2015 02:00:00 AM,0,0,0
02/04/2015 03:00:00 AM,0,0,0
02/04/2015 04:00:00 AM,1,0,1
02/04/2015 05:00:00 AM,3,3,0
02/04/2015 06:00:00 AM,12,2,10
02/04/2015 07:00:00 AM,16,8,8
02/04/2015 08:00:00 AM,23,7,16
02/04/2015 09:00:00 AM,14,5,9
02/04/2015 10:00:00 AM,23,11,12
02/04/2015 11:00:00 AM,11,4,7
02/04/2015 12:00:00 PM,11,6,5
02/04/2015 01:00:00 PM,13,6,7
02/04/2015 02:00:00 PM,13,5,8
02/04/2015 03:00:00 PM,16,7,9
02/04/2015 04:00:00 PM,20,15,5
02/04/2015 05:00:00 PM,26,15,11
02/04/2015 06:00:00 PM,26,17,9
02/04/2015 07:00:00 PM,14,6,8
02/04/2015 08:00:00 PM,10,6,4
02/04/2015 09:00:00 PM,8,3,5
02/04/2015 10:00:00 PM,5,1,4
02/04/2015 11:00:00 PM,1,0,1
02/05/2015 12:00:00 AM,3,3,0
02/05/2015 01:00:00 AM,1,0,1
02/05/2015 02:00:00 AM,0,0,0
02/05/2015 03:00:00 AM,0,0,0
02/05/2015 04:00:00 AM,1,0,1
02/05/2015 05:00:00 AM,4,1,3
02/05/2015 06:00:00 AM,5,2,3
02/05/2015 07:00:00 AM,11,1,10
02/05/2015 08:00:00 AM,18,6,12
02/05/2015 09:00:00 AM,14,9,5
02/05/2015 10:00:00 AM,11,5,6
02/05/2015 11:00:00 AM,10,5,5
02/05/2015 12:00:00 PM,15,6,9
02/05/2015 01:00:00 PM,17,10,7
02/05/2015 02:00:00 PM,6,4,2
02/05/2015 03:00:00 PM,11,3,8
02/05/2015 04:00:00 PM,18,11,7
02/05/2015 05:00:00 PM,24,16,8
02/05/2015 06:00:00 PM,21,15,6
02/05/2015 07:00:00 PM,15,4,11
02/05/2015 08:00:00 PM,9,4,5
02/05/2015 09:00:00 PM,11,4,7
02/05/2015 10:00:00 PM,11,1,10
02/05/2015 11:00:00 PM,4,2,2
02/06/2015 12:00:00 AM,0,0,0
02/06/2015 01:00:00 AM,1,0,1
02/06/2015 02:00:00 AM,0,0,0
02/06/2015 03:00:00 AM,0,0,0
02/06/2015 04:00:00 AM,1,0,1
02/06/2015 05:00:00 AM,1,0,1
02/06/2015 06:00:00 AM,7,1,6
02/06/2015 07:00:00 AM,9,3,6
02/06/2015 08:00:00 AM,15,6,9
02/06/2015 09:00:00 AM,11,7,4
02/06/2015 10:00:00 AM,10,3,7
02/06/2015 11:00:00 AM,4,3,1
02/06/2015 12:00:00 PM,11,4,7
02/06/2015 01:00:00 PM,13,5,8
02/06/2015 02:00:00 PM,10,4,6
02/06/2015 03:00:00 PM,11,6,5
02/06/2015 04:00:00 PM,14,8,6
02/06/2015 05:00:00 PM,22,18,4
02/06/2015 06:00:00 PM,18,7,11
02/06/2015 07:00:00 PM,11,5,6
02/06/2015 08:00:00 PM,7,3,4
02/06/2015 09:00:00 PM,9,4,5
02/06/2015 10:00:00 PM,15,8,7
02/06/2015 11:00:00 PM,9,6,3
02/07/2015 12:00:00 AM,4,1,3
02/07/2015 01:00:00 AM,5,4,1
02/07/2015 02:00:00 AM,2,0,2
02/07/2015 03:00:00 AM,1,0,1
02/07/2015 04:00:00 AM,1,0,1
02/07/2015 05:00:00 AM,0,0,0
02/07/2015 06:00:00 AM,4,0,4
02/07/2015 07:00:00 AM,2,2,0
02/07/2015 08:00:00 AM,1,0,1
02/07/2015 09:00:00 AM,1,0,1
02/07/2015 10:00:00 AM,2,1,1
02/07/2015 11:00:00 AM,8,6,2
02/07/2015 12:00:00 PM,10,4,6
02/07/2015 01:00:00 PM,12,8,4
02/07/2015 02:00:00 PM,11,6,5
02/07/2015 03:00:00 PM,10,3,7
02/07/2015 04:00:00 PM,13,5,8
02/07/2015 05:00:00 PM,12,7,5
02/07/2015 06:00:00 PM,4,2,2
02/07/2015 07:00:00 PM,6,5,1
02/07/2015 08:00:00 PM,11,7,4
02/07/2015 09:00:00 PM,6,4,2
02/07/2015 10:00:00 PM,5,3,2
02/07/2015 11:00:00 PM,7,1,6
02/08/2015 12:00:00 AM,7,1,6
02/08/2015 01:00:00 AM,21,11,10
02/08/2015 02:00:00 AM,6,2,4
02/08/2015 03:00:00 AM,2,0,2
02/08/2015 04:00:00 AM,2,0,2
02/08/2015 05:00:00 AM,2,1,1
02/08/2015 06:00:00 AM,2,0,2
02/08/2015 07:00:00 AM,2,2,0
02/08/2015 08:00:00 AM,0,0,0
02/08/2015 09:00:00 AM,4,3,1
02/08/2015 10:00:00 AM,14,8,6
02/08/2015 11:00:00 AM,17,6,11
02/08/2015 12:00:00 PM,10,6,4
02/08/2015 01:00:00 PM,11,3,8
02/08/2015 02:00:00 PM,22,9,13
02/08/2015 03:00:00 PM,10,6,4
02/08/2015 04:00:00 PM,19,11,8
02/08/2015 05:00:00 PM,12,2,10
02/08/2015 06:00:00 PM,12,4,8
02/08/2015 07:00:00 PM,9,3,6
02/08/2015 08:00:00 PM,9,3,6
02/08/2015 09:00:00 PM,3,2,1
02/08/2015 10:00:00 PM,5,2,3
02/08/2015 11:00:00 PM,2,1,1
02/09/2015 12:00:00 AM,0,0,0
02/09/2015 01:00:00 AM,2,0,2
02/09/2015 02:00:00 AM,0,0,0
02/09/2015 03:00:00 AM,2,2,0
02/09/2015 04:00:00 AM,4,0,4
02/09/2015 05:00:00 AM,2,0,2
02/09/2015 06:00:00 AM,10,3,7
02/09/2015 07:00:00 AM,9,7,2
02/09/2015 08:00:00 AM,24,7,17
02/09/2015 09:00:00 AM,10,3,7
02/09/2015 10:00:00 AM,13,7,6
02/09/2015 11:00:00 AM,15,7,8
02/09/2015 12:00:00 PM,16,9,7
02/09/2015 01:00:00 PM,13,6,7
02/09/2015 02:00:00 PM,8,3,5
02/09/2015 03:00:00 PM,13,4,9
02/09/2015 04:00:00 PM,22,10,12
02/09/2015 05:00:00 PM,38,25,13
02/09/2015 06:00:00 PM,27,16,11
02/09/2015 07:00:00 PM,17,8,9
02/09/2015 08:00:00 PM,12,6,6
02/09/2015 09:00:00 PM,8,6,2
02/09/2015 10:00:00 PM,9,4,5
02/09/2015 11:00:00 PM,2,0,2
02/10/2015 12:00:00 AM,2,0,2
02/10/2015 01:00:00 AM,0,0,0
02/10/2015 02:00:00 AM,0,0,0
02/10/2015 03:00:00 AM,0,0,0
02/10/2015 04:00:00 AM,3,0,3
02/10/2015 05:00:00 AM,1,0,1
02/10/2015 06:00:00 AM,8,2,6
02/10/2015 07:00:00 AM,17,10,7
02/10/2015 08:00:00 AM,16,7,9
02/10/2015 09:00:00 AM,13,9,4
02/10/2015 10:00:00 AM,13,8,5
02/10/2015 11:00:00 AM,11,2,9
02/10/2015 12:00:00 PM,22,7,15
02/10/2015 01:00:00 PM,14,10,4
02/10/2015 02:00:00 PM,16,9,7
02/10/2015 03:00:00 PM,24,14,10
02/10/2015 04:00:00 PM,31,16,15
02/10/2015 05:00:00 PM,27,17,10
02/10/2015 06:00:00 PM,13,8,5
02/10/2015 07:00:00 PM,24,11,13
02/10/2015 08:00:00 PM,14,9,5
02/10/2015 09:00:00 PM,15,8,7
02/10/2015 10:00:00 PM,9,6,3
02/10/2015 11:00:00 PM,7,2,5
02/11/2015 12:00:00 AM,1,0,1
02/11/2015 01:00:00 AM,1,1,0
02/11/2015 02:00:00 AM,0,0,0
02/11/2015 03:00:00 AM,0,0,0
02/11/2015 04:00:00 AM,2,0,2
02/11/2015 05:00:00 AM,3,0,3
02/11/2015 06:00:00 AM,13,3,10
02/11/2015 07:00:00 AM,21,9,12
02/11/2015 08:00:00 AM,28,11,17
02/11/2015 09:00:00 AM,16,11,5
02/11/2015 10:00:00 AM,13,7,6
02/11/2015 11:00:00 AM,6,2,4
02/11/2015 12:00:00 PM,15,6,9
02/11/2015 01:00:00 PM,16,11,5
02/11/2015 02:00:00 PM,19,7,12
02/11/2015 03:00:00 PM,22,11,11
02/11/2015 04:00:00 PM,30,19,11
02/11/2015 05:00:00 PM,34,21,13
02/11/2015 06:00:00 PM,32,17,15
02/11/2015 07:00:00 PM,15,6,9
02/11/2015 08:00:00 PM,17,6,11
02/11/2015 09:00:00 PM,6,3,3
02/11/2015 10:00:00 PM,8,2,6
02/11/2015 11:00:00 PM,4,4,0
02/12/2015 12:00:00 AM,2,1,1
02/12/2015 01:00:00 AM,4,2,2
02/12/2015 02:00:00 AM,0,0,0
02/12/2015 03:00:00 AM,0,0,0
02/12/2015 04:00:00 AM,5,0,5
02/12/2015 05:00:00 AM,0,0,0
02/12/2015 06:00:00 AM,12,3,9
02/12/2015 07:00:00 AM,12,5,7
02/12/2015 08:00:00 AM,26,12,14
02/12/2015 09:00:00 AM,15,10,5
02/12/2015 10:00:00 AM,13,5,8
02/12/2015 11:00:00 AM,13,6,7
02/12/2015 12:00:00 PM,13,6,7
02/12/2015 01:00:00 PM,16,10,6
02/12/2015 02:00:00 PM,13,6,7
02/12/2015 03:00:00 PM,14,6,8
02/12/2015 04:00:00 PM,19,8,11
02/12/2015 05:00:00 PM,29,13,16
02/12/2015 06:00:00 PM,36,20,16
02/12/2015 07:00:00 PM,15,9,6
02/12/2015 08:00:00 PM,18,6,12
02/12/2015 09:00:00 PM,12,6,6
02/12/2015 10:00:00 PM,7,4,3
02/12/2015 11:00:00 PM,7,4,3
02/13/2015 12:00:00 AM,2,2,0
02/13/2015 01:00:00 AM,3,2,1
02/13/2015 02:00:00 AM,0,0,0
02/13/2015 03:00:00 AM,0,0,0
02/13/2015 04:00:00 AM,2,0,2
02/13/2015 05:00:00 AM,1,0,1
02/13/2015 06:00:00 AM,6,2,4
02/13/2015 07:00:00 AM,15,6,9
02/13/2015 08:00:00 AM,22,7,15
02/13/2015 09:00:00 AM,9,6,3
02/13/2015 10:00:00 AM,21,9,12
02/13/2015 11:00:00 AM,15,8,7
02/13/2015 12:00:00 PM,13,6,7
02/13/2015 01:00:00 PM,27,11,16
02/13/2015 02:00:00 PM,22,12,10
02/13/2015 03:00:00 PM,26,12,14
02/13/2015 04:00:00 PM,23,13,10
02/13/2015 05:00:00 PM,30,17,13
02/13/2015 06:00:00 PM,19,12,7
02/13/2015 07:00:00 PM,23,14,9
02/13/2015 08:00:00 PM,15,4,11
02/13/2015 09:00:00 PM,10,6,4
02/13/2015 10:00:00 PM,3,0,3
02/13/2015 11:00:00 PM,10,6,4
02/14/2015 12:00:00 AM,5,1,4
02/14/2015 01:00:00 AM,6,3,3
02/14/2015 02:00:00 AM,6,2,4
02/14/2015 03:00:00 AM,0,0,0
02/14/2015 04:00:00 AM,0,0,0
02/14/2015 05:00:00 AM,0,0,0
02/14/2015 06:00:00 AM,3,0,3
02/14/2015 07:00:00 AM,3,2,1
02/14/2015 08:00:00 AM,0,0,0
02/14/2015 09:00:00 AM,1,0,1
02/14/2015 10:00:00 AM,9,7,2
02/14/2015 11:00:00 AM,5,2,3
02/14/2015 12:00:00 PM,14,7,7
02/14/2015 01:00:00 PM,6,4,2
02/14/2015 02:00:00 PM,13,4,9
02/14/2015 03:00:00 PM,13,3,10
02/14/2015 04:00:00 PM,12,4,8
02/14/2015 05:00:00 PM,10,5,5
02/14/2015 06:00:00 PM,10,5,5
02/14/2015 07:00:00 PM,22,11,11
02/14/2015 08:00:00 PM,14,8,6
02/14/2015 09:00:00 PM,8,4,4
02/14/2015 10:00:00 PM,11,6,5
02/14/2015 11:00:00 PM,4,2,2
02/15/2015 12:00:00 AM,4,1,3
02/15/2015 01:00:00 AM,1,0,1
02/15/2015 02:00:00 AM,6,1,5
02/15/2015 03:00:00 AM,0,0,0
02/15/2015 04:00:00 AM,1,0,1
02/15/2015 05:00:00 AM,0,0,0
02/15/2015 06:00:00 AM,4,0,4
02/15/2015 07:00:00 AM,1,1,0
02/15/2015 08:00:00 AM,3,0,3
02/15/2015 09:00:00 AM,2,0,2
02/15/2015 10:00:00 AM,6,4,2
02/15/2015 11:00:00 AM,9,3,6
02/15/2015 12:00:00 PM,13,8,5
02/15/2015 01:00:00 PM,13,6,7
02/15/2015 02:00:00 PM,18,12,6
02/15/2015 03:00:00 PM,9,5,4
02/15/2015 04:00:00 PM,25,6,19
02/15/2015 05:00:00 PM,21,10,11
02/15/2015 06:00:00 PM,9,1,8
02/15/2015 07:00:00 PM,15,8,7
02/15/2015 08:00:00 PM,14,8,6
02/15/2015 09:00:00 PM,3,1,2
02/15/2015 10:00:00 PM,6,1,5
02/15/2015 11:00:00 PM,2,0,2
02/16/2015 12:00:00 AM,7,3,4
02/16/2015 01:00:00 AM,3,0,3
02/16/2015 02:00:00 AM,3,0,3
02/16/2015 03:00:00 AM,0,0,0
02/16/2015 04:00:00 AM,1,0,1
02/16/2015 05:00:00 AM,0,0,0
02/16/2015 06:00:00 AM,5,0,5
02/16/2015 07:00:00 AM,7,3,4
02/16/2015 08:00:00 AM,7,3,4
02/16/2015 09:00:00 AM,9,6,3
02/16/2015 10:00:00 AM,7,5,2
02/16/2015 11:00:00 AM,10,3,7
02/16/2015 12:00:00 PM,14,7,7
02/16/2015 01:00:00 PM,10,2,8
02/16/2015 02:00:00 PM,20,8,12
02/16/2015 03:00:00 PM,11,4,7
02/16/2015 04:00:00 PM,24,14,10
02/16/2015 05:00:00 PM,23,12,11
02/16/2015 06:00:00 PM,20,11,9
02/16/2015 07:00:00 PM,15,9,6
02/16/2015 08:00:00 PM,21,6,15
02/16/2015 09:00:00 PM,6,1,5
02/16/2015 10:00:00 PM,7,3,4
02/16/2015 11:00:00 PM,4,1,3
02/17/2015 12:00:00 AM,2,2,0
02/17/2015 01:00:00 AM,0,0,0
02/17/2015 02:00:00 AM,1,0,1
02/17/2015 03:00:00 AM,0,0,0
02/17/2015 04:00:00 AM,4,0,4
02/17/2015 05:00:00 AM,4,1,3
02/17/2015 06:00:00 AM,8,1,7
02/17/2015 07:00:00 AM,22,10,12
02/17/2015 08:00:00 AM,29,10,19
02/17/2015 09:00:00 AM,18,7,11
02/17/2015 10:00:00 AM,11,6,5
02/17/2015 11:00:00 AM,14,4,10
02/17/2015 12:00:00 PM,15,8,7
02/17/2015 01:00:00 PM,19,11,8
02/17/2015 02:00:00 PM,26,14,12
02/17/2015 03:00:00 PM,19,13,6
02/17/2015 04:00:00 PM,25,17,8
02/17/2015 05:00:00 PM,42,23,19
02/17/2015 06:00:00 PM,25,11,14
02/17/2015 07:00:00 PM,23,13,10
02/17/2015 08:00:00 PM,15,5,10
02/17/2015 09:00:00 PM,8,2,6
02/17/2015 10:00:00 PM,10,3,7
02/17/2015 11:00:00 PM,2,0,2
02/18/2015 12:00:00 AM,5,3,2
02/18/2015 01:00:00 AM,0,0,0
02/18/2015 02:00:00 AM,0,0,0
02/18/2015 03:00:00 AM,2,1,1
02/18/2015 04:00:00 AM,3,0,3
02/18/2015 05:00:00 AM,1,0,1
02/18/2015 06:00:00 AM,21,7,14
02/18/2015 07:00:00 AM,22,7,15
02/18/2015 08:00:00 AM,31,13,18
02/18/2015 09:00:00 AM,16,8,8
02/18/2015 10:00:00 AM,21,11,10
02/18/2015 11:00:00 AM,11,8,3
02/18/2015 12:00:00 PM,18,8,10
02/18/2015 01:00:00 PM,10,6,4
02/18/2015 02:00:00 PM,16,8,8
02/18/2015 03:00:00 PM,16,8,8
02/18/2015 04:00:00 PM,24,15,9
02/18/2015 05:00:00 PM,29,18,11
02/18/2015 06:00:00 PM,35,19,16
02/18/2015 07:00:00 PM,20,10,10
02/18/2015 08:00:00 PM,15,9,6
02/18/2015 09:00:00 PM,19,4,15
02/18/2015 10:00:00 PM,10,9,1
02/18/2015 11:00:00 PM,3,1,2
02/19/2015 12:00:00 AM,2,1,1
02/19/2015 01:00:00 AM,3,2,1
02/19/2015 02:00:00 AM,1,0,1
02/19/2015 03:00:00 AM,0,0,0
02/19/2015 04:00:00 AM,3,0,3
02/19/2015 05:00:00 AM,1,0,1
02/19/2015 06:00:00 AM,7,2,5
02/19/2015 07:00:00 AM,24,10,14
02/19/2015 08:00:00 AM,20,7,13
02/19/2015 09:00:00 AM,19,6,13
02/19/2015 10:00:00 AM,13,7,6
02/19/2015 11:00:00 AM,6,4,2
02/19/2015 12:00:00 PM,13,5,8
02/19/2015 01:00:00 PM,16,10,6
02/19/2015 02:00:00 PM,7,2,5
02/19/2015 03:00:00 PM,11,5,6
02/19/2015 04:00:00 PM,22,12,10
02/19/2015 05:00:00 PM,30,16,14
02/19/2015 06:00:00 PM,13,8,5
02/19/2015 07:00:00 PM,14,6,8
02/19/2015 08:00:00 PM,15,8,7
02/19/2015 09:00:00 PM,8,3,5
02/19/2015 10:00:00 PM,7,3,4
02/19/2015 11:00:00 PM,5,2,3
02/20/2015 12:00:00 AM,3,0,3
02/20/2015 01:00:00 AM,1,1,0
02/20/2015 02:00:00 AM,3,2,1
02/20/2015 03:00:00 AM,0,0,0
02/20/2015 04:00:00 AM,4,0,4
02/20/2015 05:00:00 AM,6,1,5
02/20/2015 06:00:00 AM,11,4,7
02/20/2015 07:00:00 AM,18,5,13
02/20/2015 08:00:00 AM,14,7,7
02/20/2015 09:00:00 AM,8,3,5
02/20/2015 10:00:00 AM,8,3,5
02/20/2015 11:00:00 AM,12,5,7
02/20/2015 12:00:00 PM,12,5,7
02/20/2015 01:00:00 PM,10,6,4
02/20/2015 02:00:00 PM,11,6,5
02/20/2015 03:00:00 PM,21,13,8
02/20/2015 04:00:00 PM,19,14,5
02/20/2015 05:00:00 PM,30,20,10
02/20/2015 06:00:00 PM,25,10,15
02/20/2015 07:00:00 PM,18,12,6
02/20/2015 08:00:00 PM,12,8,4
02/20/2015 09:00:00 PM,9,4,5
02/20/2015 10:00:00 PM,4,0,4
02/20/2015 11:00:00 PM,10,5,5
02/21/2015 12:00:00 AM,6,1,5
02/21/2015 01:00:00 AM,3,1,2
02/21/2015 02:00:00 AM,9,3,6
02/21/2015 03:00:00 AM,1,0,1
02/21/2015 04:00:00 AM,1,0,1
02/21/2015 05:00:00 AM,0,0,0
02/21/2015 06:00:00 AM,0,0,0
02/21/2015 07:00:00 AM,2,2,0
02/21/2015 08:00:00 AM,3,2,1
02/21/2015 09:00:00 AM,3,2,1
02/21/2015 10:00:00 AM,9,3,6
02/21/2015 11:00:00 AM,10,4,6
02/21/2015 12:00:00 PM,8,4,4
02/21/2015 01:00:00 PM,7,5,2
02/21/2015 02:00:00 PM,9,2,7
02/21/2015 03:00:00 PM,14,10,4
02/21/2015 04:00:00 PM,26,18,8
02/21/2015 05:00:00 PM,17,10,7
02/21/2015 06:00:00 PM,16,6,10
02/21/2015 07:00:00 PM,11,5,6
02/21/2015 08:00:00 PM,8,4,4
02/21/2015 09:00:00 PM,6,1,5
02/21/2015 10:00:00 PM,8,1,7
02/21/2015 11:00:00 PM,10,3,7
02/22/2015 12:00:00 AM,0,0,0
02/22/2015 01:00:00 AM,9,4,5
02/22/2015 02:00:00 AM,8,6,2
02/22/2015 03:00:00 AM,1,0,1
02/22/2015 04:00:00 AM,1,0,1
02/22/2015 05:00:00 AM,0,0,0
02/22/2015 06:00:00 AM,4,0,4
02/22/2015 07:00:00 AM,5,3,2
02/22/2015 08:00:00 AM,3,1,2
02/22/2015 09:00:00 AM,6,5,1
02/22/2015 10:00:00 AM,8,4,4
02/22/2015 11:00:00 AM,8,3,5
02/22/2015 12:00:00 PM,9,5,4
02/22/2015 01:00:00 PM,9,3,6
02/22/2015 02:00:00 PM,12,6,6
02/22/2015 03:00:00 PM,22,8,14
02/22/2015 04:00:00 PM,16,6,10
02/22/2015 05:00:00 PM,13,12,1
02/22/2015 06:00:00 PM,20,6,14
02/22/2015 07:00:00 PM,11,6,5
02/22/2015 08:00:00 PM,7,1,6
02/22/2015 09:00:00 PM,2,1,1
02/22/2015 10:00:00 PM,9,3,6
02/22/2015 11:00:00 PM,3,0,3
02/23/2015 12:00:00 AM,5,3,2
02/23/2015 01:00:00 AM,2,0,2
02/23/2015 02:00:00 AM,5,2,3
02/23/2015 03:00:00 AM,0,0,0
02/23/2015 04:00:00 AM,1,0,1
02/23/2015 05:00:00 AM,2,0,2
02/23/2015 06:00:00 AM,11,4,7
02/23/2015 07:00:00 AM,23,9,14
02/23/2015 08:00:00 AM,26,10,16
02/23/2015 09:00:00 AM,19,9,10
02/23/2015 10:00:00 AM,22,14,8
02/23/2015 11:00:00 AM,12,4,8
02/23/2015 12:00:00 PM,14,5,9
02/23/2015 01:00:00 PM,15,9,6
02/23/2015 02:00:00 PM,13,6,7
02/23/2015 03:00:00 PM,22,11,11
02/23/2015 04:00:00 PM,14,9,5
02/23/2015 05:00:00 PM,40,28,12
02/23/2015 06:00:00 PM,29,18,11
02/23/2015 07:00:00 PM,17,9,8
02/23/2015 08:00:00 PM,15,4,11
02/23/2015 09:00:00 PM,15,7,8
02/23/2015 10:00:00 PM,9,1,8
02/23/2015 11:00:00 PM,2,1,1
02/24/2015 12:00:00 AM,3,1,2
02/24/2015 01:00:00 AM,0,0,0
02/24/2015 02:00:00 AM,1,0,1
02/24/2015 03:00:00 AM,0,0,0
02/24/2015 04:00:00 AM,0,0,0
02/24/2015 05:00:00 AM,3,0,3
02/24/2015 06:00:00 AM,8,3,5
02/24/2015 07:00:00 AM,23,10,13
02/24/2015 08:00:00 AM,26,9,17
02/24/2015 09:00:00 AM,16,10,6
02/24/2015 10:00:00 AM,10,4,6
02/24/2015 11:00:00 AM,17,11,6
02/24/2015 12:00:00 PM,18,6,12
02/24/2015 01:00:00 PM,17,12,5
02/24/2015 02:00:00 PM,9,4,5
02/24/2015 03:00:00 PM,12,9,3
02/24/2015 04:00:00 PM,31,16,15
02/24/2015 05:00:00 PM,45,19,26
02/24/2015 06:00:00 PM,26,12,14
02/24/2015 07:00:00 PM,15,11,4
02/24/2015 08:00:00 PM,14,10,4
02/24/2015 09:00:00 PM,9,4,5
02/24/2015 10:00:00 PM,7,4,3
02/24/2015 11:00:00 PM,6,2,4
02/25/2015 12:00:00 AM,1,1,0
02/25/2015 01:00:00 AM,2,1,1
02/25/2015 02:00:00 AM,0,0,0
02/25/2015 03:00:00 AM,0,0,0
02/25/2015 04:00:00 AM,0,0,0
02/25/2015 05:00:00 AM,1,0,1
02/25/2015 06:00:00 AM,10,3,7
02/25/2015 07:00:00 AM,22,7,15
02/25/2015 08:00:00 AM,19,7,12
02/25/2015 09:00:00 AM,18,12,6
02/25/2015 10:00:00 AM,15,5,10
02/25/2015 11:00:00 AM,18,13,5
02/25/2015 12:00:00 PM,16,9,7
02/25/2015 01:00:00 PM,10,8,2
02/25/2015 02:00:00 PM,16,6,10
02/25/2015 03:00:00 PM,14,6,8
02/25/2015 04:00:00 PM,22,17,5
02/25/2015 05:00:00 PM,31,21,10
02/25/2015 06:00:00 PM,30,9,21
02/25/2015 07:00:00 PM,12,4,8
02/25/2015 08:00:00 PM,17,14,3
02/25/2015 09:00:00 PM,12,4,8
02/25/2015 10:00:00 PM,12,7,5
02/25/2015 11:00:00 PM,2,1,1
02/26/2015 12:00:00 AM,2,1,1
02/26/2015 01:00:00 AM,1,0,1
02/26/2015 02:00:00 AM,2,1,1
02/26/2015 03:00:00 AM,0,0,0
02/26/2015 04:00:00 AM,2,0,2
02/26/2015 05:00:00 AM,3,2,1
02/26/2015 06:00:00 AM,13,3,10
02/26/2015 07:00:00 AM,17,9,8
02/26/2015 08:00:00 AM,24,9,15
02/26/2015 09:00:00 AM,10,5,5
02/26/2015 10:00:00 AM,7,3,4
02/26/2015 11:00:00 AM,11,8,3
02/26/2015 12:00:00 PM,14,2,12
02/26/2015 01:00:00 PM,13,10,3
02/26/2015 02:00:00 PM,8,3,5
02/26/2015 03:00:00 PM,12,5,7
02/26/2015 04:00:00 PM,20,14,6
02/26/2015 05:00:00 PM,32,21,11
02/26/2015 06:00:00 PM,27,14,13
02/26/2015 07:00:00 PM,16,10,6
02/26/2015 08:00:00 PM,18,10,8
02/26/2015 09:00:00 PM,4,2,2
02/26/2015 10:00:00 PM,6,2,4
02/26/2015 11:00:00 PM,2,2,0
02/27/2015 12:00:00 AM,2,1,1
02/27/2015 01:00:00 AM,0,0,0
02/27/2015 02:00:00 AM,0,0,0
02/27/2015 03:00:00 AM,0,0,0
02/27/2015 04:00:00 AM,1,0,1
02/27/2015 05:00:00 AM,0,0,0
02/27/2015 06:00:00 AM,8,4,4
02/27/2015 07:00:00 AM,10,5,5
02/27/2015 08:00:00 AM,16,5,11
02/27/2015 09:00:00 AM,14,10,4
02/27/2015 10:00:00 AM,9,4,5
02/27/2015 11:00:00 AM,14,6,8
02/27/2015 12:00:00 PM,24,9,15
02/27/2015 01:00:00 PM,12,10,2
02/27/2015 02:00:00 PM,23,8,15
02/27/2015 03:00:00 PM,9,5,4
02/27/2015 04:00:00 PM,15,7,8
02/27/2015 05:00:00 PM,21,14,7
02/27/2015 06:00:00 PM,21,11,10
02/27/2015 07:00:00 PM,26,9,17
02/27/2015 08:00:00 PM,13,5,8
02/27/2015 09:00:00 PM,7,1,6
02/27/2015 10:00:00 PM,11,3,8
02/27/2015 11:00:00 PM,13,4,9
02/28/2015 12:00:00 AM,6,1,5
02/28/2015 01:00:00 AM,3,3,0
02/28/2015 02:00:00 AM,4,0,4
02/28/2015 03:00:00 AM,1,0,1
02/28/2015 04:00:00 AM,1,0,1
02/28/2015 05:00:00 AM,2,0,2
02/28/2015 06:00:00 AM,1,0,1
02/28/2015 07:00:00 AM,2,2,0
02/28/2015 08:00:00 AM,8,5,3
02/28/2015 09:00:00 AM,8,6,2
02/28/2015 10:00:00 AM,11,5,6
02/28/2015 11:00:00 AM,11,6,5
02/28/2015 12:00:00 PM,9,2,7
02/28/2015 01:00:00 PM,20,13,7
02/28/2015 02:00:00 PM,16,6,10
02/28/2015 03:00:00 PM,14,9,5
02/28/2015 04:00:00 PM,16,11,5
02/28/2015 05:00:00 PM,18,5,13
02/28/2015 06:00:00 PM,17,4,13
02/28/2015 07:00:00 PM,10,5,5
02/28/2015 08:00:00 PM,4,2,2
02/28/2015 09:00:00 PM,8,5,3
02/28/2015 10:00:00 PM,6,2,4
02/28/2015 11:00:00 PM,14,5,9
03/01/2015 12:00:00 AM,9,6,3
03/01/2015 01:00:00 AM,3,2,1
03/01/2015 02:00:00 AM,4,0,4
03/01/2015 03:00:00 AM,2,2,0
03/01/2015 04:00:00 AM,1,0,1
03/01/2015 05:00:00 AM,2,0,2
03/01/2015 06:00:00 AM,4,2,2
03/01/2015 07:00:00 AM,4,2,2
03/01/2015 08:00:00 AM,2,1,1
03/01/2015 09:00:00 AM,7,5,2
03/01/2015 10:00:00 AM,9,4,5
03/01/2015 11:00:00 AM,9,5,4
03/01/2015 12:00:00 PM,21,14,7
03/01/2015 01:00:00 PM,10,7,3
03/01/2015 02:00:00 PM,17,8,9
03/01/2015 03:00:00 PM,15,11,4
03/01/2015 04:00:00 PM,17,9,8
03/01/2015 05:00:00 PM,20,9,11
03/01/2015 06:00:00 PM,15,9,6
03/01/2015 07:00:00 PM,16,7,9
03/01/2015 08:00:00 PM,9,3,6
03/01/2015 09:00:00 PM,14,5,9
03/01/2015 10:00:00 PM,6,3,3
03/01/2015 11:00:00 PM,1,1,0
03/02/2015 12:00:00 AM,2,2,0
03/02/2015 01:00:00 AM,0,0,0
03/02/2015 02:00:00 AM,0,0,0
03/02/2015 03:00:00 AM,0,0,0
03/02/2015 04:00:00 AM,3,0,3
03/02/2015 05:00:00 AM,1,1,0
03/02/2015 06:00:00 AM,11,4,7
03/02/2015 07:00:00 AM,22,10,12
03/02/2015 08:00:00 AM,24,8,16
03/02/2015 09:00:00 AM,19,12,7
03/02/2015 10:00:00 AM,17,11,6
03/02/2015 11:00:00 AM,11,5,6
03/02/2015 12:00:00 PM,10,5,5
03/02/2015 01:00:00 PM,11,4,7
03/02/2015 02:00:00 PM,16,8,8
03/02/2015 03:00:00 PM,18,7,11
03/02/2015 04:00:00 PM,29,22,7
03/02/2015 05:00:00 PM,47,28,19
03/02/2015 06:00:00 PM,36,19,17
03/02/2015 07:00:00 PM,18,8,10
03/02/2015 08:00:00 PM,8,2,6
03/02/2015 09:00:00 PM,7,4,3
03/02/2015 10:00:00 PM,8,2,6
03/02/2015 11:00:00 PM,7,5,2
03/03/2015 12:00:00 AM,1,1,0
03/03/2015 01:00:00 AM,0,0,0
03/03/2015 02:00:00 AM,1,0,1
03/03/2015 03:00:00 AM,0,0,0
03/03/2015 04:00:00 AM,1,0,1
03/03/2015 05:00:00 AM,3,1,2
03/03/2015 06:00:00 AM,10,3,7
03/03/2015 07:00:00 AM,19,10,9
03/03/2015 08:00:00 AM,30,13,17
03/03/2015 09:00:00 AM,19,11,8
03/03/2015 10:00:00 AM,8,2,6
03/03/2015 11:00:00 AM,8,3,5
03/03/2015 12:00:00 PM,14,5,9
03/03/2015 01:00:00 PM,15,9,6
03/03/2015 02:00:00 PM,16,9,7
03/03/2015 03:00:00 PM,18,9,9
03/03/2015 04:00:00 PM,27,17,10
03/03/2015 05:00:00 PM,31,18,13
03/03/2015 06:00:00 PM,33,19,14
03/03/2015 07:00:00 PM,19,9,10
03/03/2015 08:00:00 PM,13,6,7
03/03/2015 09:00:00 PM,9,2,7
03/03/2015 10:00:00 PM,11,5,6
03/03/2015 11:00:00 PM,4,2,2
03/04/2015 12:00:00 AM,2,0,2
03/04/2015 01:00:00 AM,0,0,0
03/04/2015 02:00:00 AM,0,0,0
03/04/2015 03:00:00 AM,0,0,0
03/04/2015 04:00:00 AM,0,0,0
03/04/2015 05:00:00 AM,3,0,3
03/04/2015 06:00:00 AM,9,4,5
03/04/2015 07:00:00 AM,24,14,10
03/04/2015 08:00:00 AM,26,13,13
03/04/2015 09:00:00 AM,19,10,9
03/04/2015 10:00:00 AM,13,4,9
03/04/2015 11:00:00 AM,9,4,5
03/04/2015 12:00:00 PM,16,8,8
03/04/2015 01:00:00 PM,17,7,10
03/04/2015 02:00:00 PM,15,8,7
03/04/2015 03:00:00 PM,15,7,8
03/04/2015 04:00:00 PM,25,16,9
03/04/2015 05:00:00 PM,44,28,16
03/04/2015 06:00:00 PM,30,14,16
03/04/2015 07:00:00 PM,20,10,10
03/04/2015 08:00:00 PM,16,7,9
03/04/2015 09:00:00 PM,15,8,7
03/04/2015 10:00:00 PM,2,2,0
03/04/2015 11:00:00 PM,7,4,3
03/05/2015 12:00:00 AM,5,1,4
03/05/2015 01:00:00 AM,0,0,0
03/05/2015 02:00:00 AM,3,3,0
03/05/2015 03:00:00 AM,0,0,0
03/05/2015 04:00:00 AM,1,0,1
03/05/2015 05:00:00 AM,1,0,1
03/05/2015 06:00:00 AM,18,5,13
03/05/2015 07:00:00 AM,15,9,6
03/05/2015 08:00:00 AM,17,7,10
03/05/2015 09:00:00 AM,23,14,9
03/05/2015 10:00:00 AM,15,3,12
03/05/2015 11:00:00 AM,15,8,7
03/05/2015 12:00:00 PM,24,11,13
03/05/2015 01:00:00 PM,26,15,11
03/05/2015 02:00:00 PM,17,6,11
03/05/2015 03:00:00 PM,22,11,11
03/05/2015 04:00:00 PM,29,21,8
03/05/2015 05:00:00 PM,34,23,11
03/05/2015 06:00:00 PM,29,14,15
03/05/2015 07:00:00 PM,21,10,11
03/05/2015 08:00:00 PM,12,7,5
03/05/2015 09:00:00 PM,4,0,4
03/05/2015 10:00:00 PM,8,3,5
03/05/2015 11:00:00 PM,4,3,1
03/06/2015 12:00:00 AM,2,1,1
03/06/2015 01:00:00 AM,2,1,1
03/06/2015 02:00:00 AM,0,0,0
03/06/2015 03:00:00 AM,0,0,0
03/06/2015 04:00:00 AM,1,0,1
03/06/2015 05:00:00 AM,2,1,1
03/06/2015 06:00:00 AM,8,2,6
03/06/2015 07:00:00 AM,19,8,11
03/06/2015 08:00:00 AM,21,4,17
03/06/2015 09:00:00 AM,16,9,7
03/06/2015 10:00:00 AM,17,9,8
03/06/2015 11:00:00 AM,11,7,4
03/06/2015 12:00:00 PM,20,4,16
03/06/2015 01:00:00 PM,22,10,12
03/06/2015 02:00:00 PM,25,11,14
03/06/2015 03:00:00 PM,18,9,9
03/06/2015 04:00:00 PM,24,17,7
03/06/2015 05:00:00 PM,37,20,17
03/06/2015 06:00:00 PM,19,9,10
03/06/2015 07:00:00 PM,18,12,6
03/06/2015 08:00:00 PM,13,11,2
03/06/2015 09:00:00 PM,3,2,1
03/06/2015 10:00:00 PM,22,9,13
03/06/2015 11:00:00 PM,11,6,5
03/07/2015 12:00:00 AM,4,3,1
03/07/2015 01:00:00 AM,8,3,5
03/07/2015 02:00:00 AM,4,0,4
03/07/2015 03:00:00 AM,4,1,3
03/07/2015 04:00:00 AM,1,1,0
03/07/2015 05:00:00 AM,0,0,0
03/07/2015 06:00:00 AM,5,1,4
03/07/2015 07:00:00 AM,7,6,1
03/07/2015 08:00:00 AM,2,1,1
03/07/2015 09:00:00 AM,8,4,4
03/07/2015 10:00:00 AM,11,5,6
03/07/2015 11:00:00 AM,21,11,10
03/07/2015 12:00:00 PM,15,6,9
03/07/2015 01:00:00 PM,17,9,8
03/07/2015 02:00:00 PM,18,11,7
03/07/2015 03:00:00 PM,14,7,7
03/07/2015 04:00:00 PM,10,4,6
03/07/2015 05:00:00 PM,14,9,5
03/07/2015 06:00:00 PM,13,4,9
03/07/2015 07:00:00 PM,15,10,5
03/07/2015 08:00:00 PM,10,2,8
03/07/2015 09:00:00 PM,13,7,6
03/07/2015 10:00:00 PM,3,1,2
03/07/2015 11:00:00 PM,7,0,7
03/08/2015 12:00:00 AM,6,4,2
03/08/2015 01:00:00 AM,4,1,3
03/08/2015 02:00:00 AM,0,0,0
03/08/2015 03:00:00 AM,3,0,3
03/08/2015 04:00:00 AM,0,0,0
03/08/2015 05:00:00 AM,1,0,1
03/08/2015 06:00:00 AM,1,0,1
03/08/2015 07:00:00 AM,2,1,1
03/08/2015 08:00:00 AM,2,1,1
03/08/2015 09:00:00 AM,3,0,3
03/08/2015 10:00:00 AM,8,6,2
03/08/2015 11:00:00 AM,10,5,5
03/08/2015 12:00:00 PM,9,5,4
03/08/2015 01:00:00 PM,21,10,11
03/08/2015 02:00:00 PM,19,10,9
03/08/2015 03:00:00 PM,13,7,6
03/08/2015 04:00:00 PM,14,4,10
03/08/2015 05:00:00 PM,12,6,6
03/08/2015 06:00:00 PM,24,12,12
03/08/2015 07:00:00 PM,12,3,9
03/08/2015 08:00:00 PM,10,4,6
03/08/2015 09:00:00 PM,11,8,3
03/08/2015 10:00:00 PM,8,5,3
03/08/2015 11:00:00 PM,3,1,2
03/09/2015 12:00:00 AM,1,1,0
03/09/2015 01:00:00 AM,0,0,0
03/09/2015 02:00:00 AM,1,1,0
03/09/2015 03:00:00 AM,0,0,0
03/09/2015 04:00:00 AM,1,0,1
03/09/2015 05:00:00 AM,4,1,3
03/09/2015 06:00:00 AM,10,4,6
03/09/2015 07:00:00 AM,18,5,13
03/09/2015 08:00:00 AM,36,10,26
03/09/2015 09:00:00 AM,28,14,14
03/09/2015 10:00:00 AM,8,7,1
03/09/2015 11:00:00 AM,20,10,10
03/09/2015 12:00:00 PM,15,6,9
03/09/2015 01:00:00 PM,23,13,10
03/09/2015 02:00:00 PM,15,8,7
03/09/2015 03:00:00 PM,13,9,4
03/09/2015 04:00:00 PM,36,24,12
03/09/2015 05:00:00 PM,47,30,17
03/09/2015 06:00:00 PM,28,15,13
03/09/2015 07:00:00 PM,13,10,3
03/09/2015 08:00:00 PM,15,8,7
03/09/2015 09:00:00 PM,19,7,12
03/09/2015 10:00:00 PM,9,4,5
03/09/2015 11:00:00 PM,5,3,2
03/10/2015 12:00:00 AM,3,1,2
03/10/2015 01:00:00 AM,2,1,1
03/10/2015 02:00:00 AM,2,0,2
03/10/2015 03:00:00 AM,1,0,1
03/10/2015 04:00:00 AM,1,0,1
03/10/2015 05:00:00 AM,4,0,4
03/10/2015 06:00:00 AM,12,4,8
03/10/2015 07:00:00 AM,18,5,13
03/10/2015 08:00:00 AM,30,11,19
03/10/2015 09:00:00 AM,16,10,6
03/10/2015 10:00:00 AM,20,11,9
03/10/2015 11:00:00 AM,15,6,9
03/10/2015 12:00:00 PM,20,8,12
03/10/2015 01:00:00 PM,13,3,10
03/10/2015 02:00:00 PM,14,8,6
03/10/2015 03:00:00 PM,26,11,15
03/10/2015 04:00:00 PM,27,14,13
03/10/2015 05:00:00 PM,37,27,10
03/10/2015 06:00:00 PM,32,18,14
03/10/2015 07:00:00 PM,25,13,12
03/10/2015 08:00:00 PM,9,4,5
03/10/2015 09:00:00 PM,11,3,8
03/10/2015 10:00:00 PM,6,3,3
03/10/2015 11:00:00 PM,3,3,0
03/11/2015 12:00:00 AM,3,2,1
03/11/2015 01:00:00 AM,0,0,0
03/11/2015 02:00:00 AM,0,0,0
03/11/2015 03:00:00 AM,0,0,0
03/11/2015 04:00:00 AM,1,1,0
03/11/2015 05:00:00 AM,4,1,3
03/11/2015 06:00:00 AM,6,2,4
03/11/2015 07:00:00 AM,25,9,16
03/11/2015 08:00:00 AM,21,9,12
03/11/2015 09:00:00 AM,18,7,11
03/11/2015 10:00:00 AM,15,7,8
03/11/2015 11:00:00 AM,6,1,5
03/11/2015 12:00:00 PM,18,7,11
03/11/2015 01:00:00 PM,10,5,5
03/11/2015 02:00:00 PM,11,6,5
03/11/2015 03:00:00 PM,13,5,8
03/11/2015 04:00:00 PM,28,20,8
03/11/2015 05:00:00 PM,34,21,13
03/11/2015 06:00:00 PM,23,16,7
03/11/2015 07:00:00 PM,17,9,8
03/11/2015 08:00:00 PM,11,8,3
03/11/2015 09:00:00 PM,12,3,9
03/11/2015 10:00:00 PM,3,1,2
03/11/2015 11:00:00 PM,4,3,1
03/12/2015 12:00:00 AM,0,0,0
03/12/2015 01:00:00 AM,1,1,0
03/12/2015 02:00:00 AM,2,2,0
03/12/2015 03:00:00 AM,1,0,1
03/12/2015 04:00:00 AM,2,1,1
03/12/2015 05:00:00 AM,7,0,7
03/12/2015 06:00:00 AM,10,4,6
03/12/2015 07:00:00 AM,19,9,10
03/12/2015 08:00:00 AM,33,12,21
03/12/2015 09:00:00 AM,18,9,9
03/12/2015 10:00:00 AM,13,6,7
03/12/2015 11:00:00 AM,11,5,6
03/12/2015 12:00:00 PM,13,3,10
03/12/2015 01:00:00 PM,14,9,5
03/12/2015 02:00:00 PM,13,6,7
03/12/2015 03:00:00 PM,14,9,5
03/12/2015 04:00:00 PM,34,19,15
03/12/2015 05:00:00 PM,37,22,15
03/12/2015 06:00:00 PM,29,17,12
03/12/2015 07:00:00 PM,29,16,13
03/12/2015 08:00:00 PM,14,7,7
03/12/2015 09:00:00 PM,11,8,3
03/12/2015 10:00:00 PM,7,4,3
03/12/2015 11:00:00 PM,6,4,2
03/13/2015 12:00:00 AM,0,0,0
03/13/2015 01:00:00 AM,1,0,1
03/13/2015 02:00:00 AM,1,0,1
03/13/2015 03:00:00 AM,0,0,0
03/13/2015 04:00:00 AM,1,0,1
03/13/2015 05:00:00 AM,3,0,3
03/13/2015 06:00:00 AM,7,4,3
03/13/2015 07:00:00 AM,16,6,10
03/13/2015 08:00:00 AM,16,4,12
03/13/2015 09:00:00 AM,12,5,7
03/13/2015 10:00:00 AM,16,9,7
03/13/2015 11:00:00 AM,13,6,7
03/13/2015 12:00:00 PM,12,5,7
03/13/2015 01:00:00 PM,13,3,10
03/13/2015 02:00:00 PM,22,7,15
03/13/2015 03:00:00 PM,14,11,3
03/13/2015 04:00:00 PM,23,12,11
03/13/2015 05:00:00 PM,33,22,11
03/13/2015 06:00:00 PM,31,13,18
03/13/2015 07:00:00 PM,14,8,6
03/13/2015 08:00:00 PM,13,5,8
03/13/2015 09:00:00 PM,8,5,3
03/13/2015 10:00:00 PM,7,2,5
03/13/2015 11:00:00 PM,8,6,2
03/14/2015 12:00:00 AM,6,2,4
03/14/2015 01:00:00 AM,2,1,1
03/14/2015 02:00:00 AM,3,3,0
03/14/2015 03:00:00 AM,0,0,0
03/14/2015 04:00:00 AM,0,0,0
03/14/2015 05:00:00 AM,0,0,0
03/14/2015 06:00:00 AM,2,0,2
03/14/2015 07:00:00 AM,5,4,1
03/14/2015 08:00:00 AM,2,1,1
03/14/2015 09:00:00 AM,2,2,0
03/14/2015 10:00:00 AM,3,0,3
03/14/2015 11:00:00 AM,13,7,6
03/14/2015 12:00:00 PM,6,3,3
03/14/2015 01:00:00 PM,8,4,4
03/14/2015 02:00:00 PM,12,4,8
03/14/2015 03:00:00 PM,8,4,4
03/14/2015 04:00:00 PM,7,3,4
03/14/2015 05:00:00 PM,16,7,9
03/14/2015 06:00:00 PM,17,7,10
03/14/2015 07:00:00 PM,15,8,7
03/14/2015 08:00:00 PM,6,3,3
03/14/2015 09:00:00 PM,9,1,8
03/14/2015 10:00:00 PM,6,1,5
03/14/2015 11:00:00 PM,12,6,6
03/15/2015 12:00:00 AM,8,3,5
03/15/2015 01:00:00 AM,4,2,2
03/15/2015 02:00:00 AM,2,0,2
03/15/2015 03:00:00 AM,2,1,1
03/15/2015 04:00:00 AM,0,0,0
03/15/2015 05:00:00 AM,0,0,0
03/15/2015 06:00:00 AM,4,1,3
03/15/2015 07:00:00 AM,3,3,0
03/15/2015 08:00:00 AM,0,0,0
03/15/2015 09:00:00 AM,0,0,0
03/15/2015 10:00:00 AM,5,4,1
03/15/2015 11:00:00 AM,5,3,2
03/15/2015 12:00:00 PM,4,2,2
03/15/2015 01:00:00 PM,1,0,1
03/15/2015 02:00:00 PM,9,6,3
03/15/2015 03:00:00 PM,4,1,3
03/15/2015 04:00:00 PM,4,2,2
03/15/2015 05:00:00 PM,8,3,5
03/15/2015 06:00:00 PM,1,0,1
03/15/2015 07:00:00 PM,4,3,1
03/15/2015 08:00:00 PM,3,1,2
03/15/2015 09:00:00 PM,3,3,0
03/15/2015 10:00:00 PM,4,2,2
03/15/2015 11:00:00 PM,2,1,1
03/16/2015 12:00:00 AM,0,0,0
03/16/2015 01:00:00 AM,0,0,0
03/16/2015 02:00:00 AM,0,0,0
03/16/2015 03:00:00 AM,0,0,0
03/16/2015 04:00:00 AM,1,0,1
03/16/2015 05:00:00 AM,2,1,1
03/16/2015 06:00:00 AM,8,3,5
03/16/2015 07:00:00 AM,17,4,13
03/16/2015 08:00:00 AM,21,8,13
03/16/2015 09:00:00 AM,21,8,13
03/16/2015 10:00:00 AM,16,10,6
03/16/2015 11:00:00 AM,11,5,6
03/16/2015 12:00:00 PM,13,3,10
03/16/2015 01:00:00 PM,13,6,7
03/16/2015 02:00:00 PM,15,10,5
03/16/2015 03:00:00 PM,17,8,9
03/16/2015 04:00:00 PM,32,17,15
03/16/2015 05:00:00 PM,38,26,12
03/16/2015 06:00:00 PM,28,11,17
03/16/2015 07:00:00 PM,20,7,13
03/16/2015 08:00:00 PM,11,8,3
03/16/2015 09:00:00 PM,9,5,4
03/16/2015 10:00:00 PM,8,3,5
03/16/2015 11:00:00 PM,8,6,2
03/17/2015 12:00:00 AM,0,0,0
03/17/2015 01:00:00 AM,1,0,1
03/17/2015 02:00:00 AM,1,1,0
03/17/2015 03:00:00 AM,0,0,0
03/17/2015 04:00:00 AM,0,0,0
03/17/2015 05:00:00 AM,3,0,3
03/17/2015 06:00:00 AM,10,2,8
03/17/2015 07:00:00 AM,14,5,9
03/17/2015 08:00:00 AM,23,11,12
03/17/2015 09:00:00 AM,13,9,4
03/17/2015 10:00:00 AM,11,3,8
03/17/2015 11:00:00 AM,14,6,8
03/17/2015 12:00:00 PM,21,7,14
03/17/2015 01:00:00 PM,17,9,8
03/17/2015 02:00:00 PM,11,6,5
03/17/2015 03:00:00 PM,16,6,10
03/17/2015 04:00:00 PM,28,18,10
03/17/2015 05:00:00 PM,30,19,11
03/17/2015 06:00:00 PM,18,12,6
03/17/2015 07:00:00 PM,17,8,9
03/17/2015 08:00:00 PM,9,6,3
03/17/2015 09:00:00 PM,12,1,11
03/17/2015 10:00:00 PM,6,3,3
03/17/2015 11:00:00 PM,7,5,2
03/18/2015 12:00:00 AM,2,1,1
03/18/2015 01:00:00 AM,6,1,5
03/18/2015 02:00:00 AM,0,0,0
03/18/2015 03:00:00 AM,2,2,0
03/18/2015 04:00:00 AM,1,1,0
03/18/2015 05:00:00 AM,3,0,3
03/18/2015 06:00:00 AM,9,5,4
03/18/2015 07:00:00 AM,16,7,9
03/18/2015 08:00:00 AM,17,6,11
03/18/2015 09:00:00 AM,18,6,12
03/18/2015 10:00:00 AM,7,3,4
03/18/2015 11:00:00 AM,5,2,3
03/18/2015 12:00:00 PM,26,12,14
03/18/2015 01:00:00 PM,16,6,10
03/18/2015 02:00:00 PM,22,8,14
03/18/2015 03:00:00 PM,18,6,12
03/18/2015 04:00:00 PM,25,15,10
03/18/2015 05:00:00 PM,40,23,17
03/18/2015 06:00:00 PM,25,10,15
03/18/2015 07:00:00 PM,16,9,7
03/18/2015 08:00:00 PM,20,12,8
03/18/2015 09:00:00 PM,12,6,6
03/18/2015 10:00:00 PM,10,6,4
03/18/2015 11:00:00 PM,2,1,1
03/19/2015 12:00:00 AM,3,2,1
03/19/2015 01:00:00 AM,1,0,1
03/19/2015 02:00:00 AM,0,0,0
03/19/2015 03:00:00 AM,0,0,0
03/19/2015 04:00:00 AM,2,1,1
03/19/2015 05:00:00 AM,1,0,1
03/19/2015 06:00:00 AM,6,1,5
03/19/2015 07:00:00 AM,16,5,11
03/19/2015 08:00:00 AM,25,11,14
03/19/2015 09:00:00 AM,16,5,11
03/19/2015 10:00:00 AM,11,5,6
03/19/2015 11:00:00 AM,18,8,10
03/19/2015 12:00:00 PM,16,4,12
03/19/2015 01:00:00 PM,18,8,10
03/19/2015 02:00:00 PM,13,5,8
03/19/2015 03:00:00 PM,10,5,5
03/19/2015 04:00:00 PM,24,16,8
03/19/2015 05:00:00 PM,27,17,10
03/19/2015 06:00:00 PM,27,12,15
03/19/2015 07:00:00 PM,19,13,6
03/19/2015 08:00:00 PM,10,6,4
03/19/2015 09:00:00 PM,10,5,5
03/19/2015 10:00:00 PM,5,3,2
03/19/2015 11:00:00 PM,3,0,3
03/20/2015 12:00:00 AM,2,0,2
03/20/2015 01:00:00 AM,1,1,0
03/20/2015 02:00:00 AM,1,1,0
03/20/2015 03:00:00 AM,0,0,0
03/20/2015 04:00:00 AM,2,1,1
03/20/2015 05:00:00 AM,4,0,4
03/20/2015 06:00:00 AM,6,3,3
03/20/2015 07:00:00 AM,16,4,12
03/20/2015 08:00:00 AM,19,6,13
03/20/2015 09:00:00 AM,9,2,7
03/20/2015 10:00:00 AM,14,5,9
03/20/2015 11:00:00 AM,21,13,8
03/20/2015 12:00:00 PM,21,10,11
03/20/2015 01:00:00 PM,18,13,5
03/20/2015 02:00:00 PM,15,9,6
03/20/2015 03:00:00 PM,14,11,3
03/20/2015 04:00:00 PM,14,11,3
03/20/2015 05:00:00 PM,28,16,12
03/20/2015 06:00:00 PM,18,12,6
03/20/2015 07:00:00 PM,13,6,7
03/20/2015 08:00:00 PM,10,2,8
03/20/2015 09:00:00 PM,4,3,1
03/20/2015 10:00:00 PM,7,3,4
03/20/2015 11:00:00 PM,6,3,3
03/21/2015 12:00:00 AM,2,1,1
03/21/2015 01:00:00 AM,8,2,6
03/21/2015 02:00:00 AM,4,2,2
03/21/2015 03:00:00 AM,0,0,0
03/21/2015 04:00:00 AM,0,0,0
03/21/2015 05:00:00 AM,2,0,2
03/21/2015 06:00:00 AM,2,0,2
03/21/2015 07:00:00 AM,7,4,3
03/21/2015 08:00:00 AM,4,0,4
03/21/2015 09:00:00 AM,3,3,0
03/21/2015 10:00:00 AM,6,2,4
03/21/2015 11:00:00 AM,8,2,6
03/21/2015 12:00:00 PM,3,1,2
03/21/2015 01:00:00 PM,13,5,8
03/21/2015 02:00:00 PM,11,7,4
03/21/2015 03:00:00 PM,10,4,6
03/21/2015 04:00:00 PM,14,10,4
03/21/2015 05:00:00 PM,14,5,9
03/21/2015 06:00:00 PM,19,10,9
03/21/2015 07:00:00 PM,12,6,6
03/21/2015 08:00:00 PM,13,6,7
03/21/2015 09:00:00 PM,5,3,2
03/21/2015 10:00:00 PM,6,2,4
03/21/2015 11:00:00 PM,5,4,1
03/22/2015 12:00:00 AM,3,0,3
03/22/2015 01:00:00 AM,5,2,3
03/22/2015 02:00:00 AM,4,1,3
03/22/2015 03:00:00 AM,0,0,0
03/22/2015 04:00:00 AM,1,1,0
03/22/2015 05:00:00 AM,1,1,0
03/22/2015 06:00:00 AM,3,1,2
03/22/2015 07:00:00 AM,2,1,1
03/22/2015 08:00:00 AM,3,3,0
03/22/2015 09:00:00 AM,2,1,1
03/22/2015 10:00:00 AM,5,3,2
03/22/2015 11:00:00 AM,13,7,6
03/22/2015 12:00:00 PM,10,1,9
03/22/2015 01:00:00 PM,15,12,3
03/22/2015 02:00:00 PM,10,5,5
03/22/2015 03:00:00 PM,12,3,9
03/22/2015 04:00:00 PM,11,4,7
03/22/2015 05:00:00 PM,7,4,3
03/22/2015 06:00:00 PM,5,2,3
03/22/2015 07:00:00 PM,10,5,5
03/22/2015 08:00:00 PM,11,5,6
03/22/2015 09:00:00 PM,4,2,2
03/22/2015 10:00:00 PM,5,1,4
03/22/2015 11:00:00 PM,6,3,3
03/23/2015 12:00:00 AM,2,1,1
03/23/2015 01:00:00 AM,0,0,0
03/23/2015 02:00:00 AM,0,0,0
03/23/2015 03:00:00 AM,0,0,0
03/23/2015 04:00:00 AM,1,0,1
03/23/2015 05:00:00 AM,3,1,2
03/23/2015 06:00:00 AM,13,2,11
03/23/2015 07:00:00 AM,20,8,12
03/23/2015 08:00:00 AM,23,4,19
03/23/2015 09:00:00 AM,20,9,11
03/23/2015 10:00:00 AM,11,8,3
03/23/2015 11:00:00 AM,7,2,5
03/23/2015 12:00:00 PM,20,7,13
03/23/2015 01:00:00 PM,11,7,4
03/23/2015 02:00:00 PM,9,1,8
03/23/2015 03:00:00 PM,23,13,10
03/23/2015 04:00:00 PM,25,14,11
03/23/2015 05:00:00 PM,31,25,6
03/23/2015 06:00:00 PM,29,14,15
03/23/2015 07:00:00 PM,13,11,2
03/23/2015 08:00:00 PM,15,6,9
03/23/2015 09:00:00 PM,8,3,5
03/23/2015 10:00:00 PM,6,2,4
03/23/2015 11:00:00 PM,4,2,2
03/24/2015 12:00:00 AM,4,1,3
03/24/2015 01:00:00 AM,3,1,2
03/24/2015 02:00:00 AM,0,0,0
03/24/2015 03:00:00 AM,0,0,0
03/24/2015 04:00:00 AM,1,0,1
03/24/2015 05:00:00 AM,3,1,2
03/24/2015 06:00:00 AM,7,1,6
03/24/2015 07:00:00 AM,13,4,9
03/24/2015 08:00:00 AM,18,8,10
03/24/2015 09:00:00 AM,15,6,9
03/24/2015 10:00:00 AM,7,4,3
03/24/2015 11:00:00 AM,16,7,9
03/24/2015 12:00:00 PM,10,5,5
03/24/2015 01:00:00 PM,11,4,7
03/24/2015 02:00:00 PM,12,5,7
03/24/2015 03:00:00 PM,12,4,8
03/24/2015 04:00:00 PM,15,10,5
03/24/2015 05:00:00 PM,32,19,13
03/24/2015 06:00:00 PM,20,7,13
03/24/2015 07:00:00 PM,19,13,6
03/24/2015 08:00:00 PM,9,2,7
03/24/2015 09:00:00 PM,7,3,4
03/24/2015 10:00:00 PM,3,2,1
03/24/2015 11:00:00 PM,5,0,5
03/25/2015 12:00:00 AM,2,1,1
03/25/2015 01:00:00 AM,0,0,0
03/25/2015 02:00:00 AM,0,0,0
03/25/2015 03:00:00 AM,2,0,2
03/25/2015 04:00:00 AM,0,0,0
03/25/2015 05:00:00 AM,3,1,2
03/25/2015 06:00:00 AM,7,3,4
03/25/2015 07:00:00 AM,14,6,8
03/25/2015 08:00:00 AM,15,4,11
03/25/2015 09:00:00 AM,11,4,7
03/25/2015 10:00:00 AM,11,6,5
03/25/2015 11:00:00 AM,11,2,9
03/25/2015 12:00:00 PM,7,2,5
03/25/2015 01:00:00 PM,10,4,6
03/25/2015 02:00:00 PM,8,5,3
03/25/2015 03:00:00 PM,7,4,3
03/25/2015 04:00:00 PM,20,11,9
03/25/2015 05:00:00 PM,24,16,8
03/25/2015 06:00:00 PM,16,12,4
03/25/2015 07:00:00 PM,15,10,5
03/25/2015 08:00:00 PM,12,5,7
03/25/2015 09:00:00 PM,11,3,8
03/25/2015 10:00:00 PM,4,3,1
03/25/2015 11:00:00 PM,3,2,1
03/26/2015 12:00:00 AM,5,2,3
03/26/2015 01:00:00 AM,3,1,2
03/26/2015 02:00:00 AM,0,0,0
03/26/2015 03:00:00 AM,0,0,0
03/26/2015 04:00:00 AM,1,0,1
03/26/2015 05:00:00 AM,1,0,1
03/26/2015 06:00:00 AM,14,3,11
03/26/2015 07:00:00 AM,19,6,13
03/26/2015 08:00:00 AM,19,5,14
03/26/2015 09:00:00 AM,7,5,2
03/26/2015 10:00:00 AM,15,10,5
03/26/2015 11:00:00 AM,14,11,3
03/26/2015 12:00:00 PM,12,3,9
03/26/2015 01:00:00 PM,14,6,8
03/26/2015 02:00:00 PM,18,11,7
03/26/2015 03:00:00 PM,21,12,9
03/26/2015 04:00:00 PM,26,18,8
03/26/2015 05:00:00 PM,41,26,15
03/26/2015 06:00:00 PM,21,11,10
03/26/2015 07:00:00 PM,23,10,13
03/26/2015 08:00:00 PM,13,6,7
03/26/2015 09:00:00 PM,11,4,7
03/26/2015 10:00:00 PM,6,3,3
03/26/2015 11:00:00 PM,7,4,3
03/27/2015 12:00:00 AM,3,0,3
03/27/2015 01:00:00 AM,2,0,2
03/27/2015 02:00:00 AM,5,0,5
03/27/2015 03:00:00 AM,0,0,0
03/27/2015 04:00:00 AM,0,0,0
03/27/2015 05:00:00 AM,2,1,1
03/27/2015 06:00:00 AM,9,2,7
03/27/2015 07:00:00 AM,12,5,7
03/27/2015 08:00:00 AM,26,10,16
03/27/2015 09:00:00 AM,21,13,8
03/27/2015 10:00:00 AM,9,5,4
03/27/2015 11:00:00 AM,14,4,10
03/27/2015 12:00:00 PM,18,13,5
03/27/2015 01:00:00 PM,15,8,7
03/27/2015 02:00:00 PM,10,6,4
03/27/2015 03:00:00 PM,15,10,5
03/27/2015 04:00:00 PM,28,16,12
03/27/2015 05:00:00 PM,28,15,13
03/27/2015 06:00:00 PM,18,11,7
03/27/2015 07:00:00 PM,20,10,10
03/27/2015 08:00:00 PM,6,2,4
03/27/2015 09:00:00 PM,8,4,4
03/27/2015 10:00:00 PM,4,2,2
03/27/2015 11:00:00 PM,5,2,3
03/28/2015 12:00:00 AM,8,3,5
03/28/2015 01:00:00 AM,5,1,4
03/28/2015 02:00:00 AM,3,0,3
03/28/2015 03:00:00 AM,8,4,4
03/28/2015 04:00:00 AM,1,0,1
03/28/2015 05:00:00 AM,1,0,1
03/28/2015 06:00:00 AM,5,4,1
03/28/2015 07:00:00 AM,4,3,1
03/28/2015 08:00:00 AM,2,0,2
03/28/2015 09:00:00 AM,8,5,3
03/28/2015 10:00:00 AM,15,7,8
03/28/2015 11:00:00 AM,7,3,4
03/28/2015 12:00:00 PM,19,11,8
03/28/2015 01:00:00 PM,15,7,8
03/28/2015 02:00:00 PM,15,9,6
03/28/2015 03:00:00 PM,19,8,11
03/28/2015 04:00:00 PM,10,7,3
03/28/2015 05:00:00 PM,9,5,4
03/28/2015 06:00:00 PM,11,3,8
03/28/2015 07:00:00 PM,11,5,6
03/28/2015 08:00:00 PM,11,10,1
03/28/2015 09:00:00 PM,14,10,4
03/28/2015 10:00:00 PM,0,0,0
03/28/2015 11:00:00 PM,9,1,8
03/29/2015 12:00:00 AM,5,0,5
03/29/2015 01:00:00 AM,6,2,4
03/29/2015 02:00:00 AM,8,3,5
03/29/2015 03:00:00 AM,2,2,0
03/29/2015 04:00:00 AM,0,0,0
03/29/2015 05:00:00 AM,1,0,1
03/29/2015 06:00:00 AM,4,2,2
03/29/2015 07:00:00 AM,2,2,0
03/29/2015 08:00:00 AM,3,1,2
03/29/2015 09:00:00 AM,3,1,2
03/29/2015 10:00:00 AM,7,5,2
03/29/2015 11:00:00 AM,8,5,3
03/29/2015 12:00:00 PM,14,5,9
03/29/2015 01:00:00 PM,15,8,7
03/29/2015 02:00:00 PM,19,9,10
03/29/2015 03:00:00 PM,19,12,7
03/29/2015 04:00:00 PM,18,11,7
03/29/2015 05:00:00 PM,22,8,14
03/29/2015 06:00:00 PM,12,3,9
03/29/2015 07:00:00 PM,7,6,1
03/29/2015 08:00:00 PM,12,6,6
03/29/2015 09:00:00 PM,6,3,3
03/29/2015 10:00:00 PM,2,1,1
03/29/2015 11:00:00 PM,2,0,2
03/30/2015 12:00:00 AM,1,1,0
03/30/2015 01:00:00 AM,0,0,0
03/30/2015 02:00:00 AM,1,1,0
03/30/2015 03:00:00 AM,0,0,0
03/30/2015 04:00:00 AM,1,0,1
03/30/2015 05:00:00 AM,0,0,0
03/30/2015 06:00:00 AM,15,7,8
03/30/2015 07:00:00 AM,25,12,13
03/30/2015 08:00:00 AM,27,9,18
03/30/2015 09:00:00 AM,16,8,8
03/30/2015 10:00:00 AM,14,8,6
03/30/2015 11:00:00 AM,17,6,11
03/30/2015 12:00:00 PM,12,4,8
03/30/2015 01:00:00 PM,14,8,6
03/30/2015 02:00:00 PM,19,10,9
03/30/2015 03:00:00 PM,18,6,12
03/30/2015 04:00:00 PM,30,16,14
03/30/2015 05:00:00 PM,49,27,22
03/30/2015 06:00:00 PM,27,11,16
03/30/2015 07:00:00 PM,18,9,9
03/30/2015 08:00:00 PM,11,8,3
03/30/2015 09:00:00 PM,15,6,9
03/30/2015 10:00:00 PM,13,4,9
03/30/2015 11:00:00 PM,7,5,2
03/31/2015 12:00:00 AM,0,0,0
03/31/2015 01:00:00 AM,0,0,0
03/31/2015 02:00:00 AM,1,0,1
03/31/2015 03:00:00 AM,0,0,0
03/31/2015 04:00:00 AM,1,0,1
03/31/2015 05:00:00 AM,1,0,1
03/31/2015 06:00:00 AM,11,4,7
03/31/2015 07:00:00 AM,21,9,12
03/31/2015 08:00:00 AM,17,6,11
03/31/2015 09:00:00 AM,15,6,9
03/31/2015 10:00:00 AM,12,9,3
03/31/2015 11:00:00 AM,12,7,5
03/31/2015 12:00:00 PM,7,2,5
03/31/2015 01:00:00 PM,14,6,8
03/31/2015 02:00:00 PM,19,10,9
03/31/2015 03:00:00 PM,15,7,8
03/31/2015 04:00:00 PM,19,12,7
03/31/2015 05:00:00 PM,32,21,11
03/31/2015 06:00:00 PM,21,13,8
03/31/2015 07:00:00 PM,12,6,6
03/31/2015 08:00:00 PM,12,7,5
03/31/2015 09:00:00 PM,8,4,4
03/31/2015 10:00:00 PM,6,2,4
03/31/2015 11:00:00 PM,3,2,1
04/01/2015 12:00:00 AM,0,0,0
04/01/2015 01:00:00 AM,1,1,0
04/01/2015 02:00:00 AM,2,1,1
04/01/2015 03:00:00 AM,2,1,1
04/01/2015 04:00:00 AM,0,0,0
04/01/2015 05:00:00 AM,4,1,3
04/01/2015 06:00:00 AM,15,8,7
04/01/2015 07:00:00 AM,16,4,12
04/01/2015 08:00:00 AM,30,11,19
04/01/2015 09:00:00 AM,16,6,10
04/01/2015 10:00:00 AM,11,3,8
04/01/2015 11:00:00 AM,15,9,6
04/01/2015 12:00:00 PM,22,8,14
04/01/2015 01:00:00 PM,12,6,6
04/01/2015 02:00:00 PM,12,7,5
04/01/2015 03:00:00 PM,20,9,11
04/01/2015 04:00:00 PM,21,12,9
04/01/2015 05:00:00 PM,42,23,19
04/01/2015 06:00:00 PM,16,10,6
04/01/2015 07:00:00 PM,19,11,8
04/01/2015 08:00:00 PM,5,1,4
04/01/2015 09:00:00 PM,9,5,4
04/01/2015 10:00:00 PM,4,1,3
04/01/2015 11:00:00 PM,2,1,1
04/02/2015 12:00:00 AM,2,0,2
04/02/2015 01:00:00 AM,2,2,0
04/02/2015 02:00:00 AM,3,1,2
04/02/2015 03:00:00 AM,1,1,0
04/02/2015 04:00:00 AM,0,0,0
04/02/2015 05:00:00 AM,5,1,4
04/02/2015 06:00:00 AM,10,1,9
04/02/2015 07:00:00 AM,15,6,9
04/02/2015 08:00:00 AM,18,5,13
04/02/2015 09:00:00 AM,14,5,9
04/02/2015 10:00:00 AM,10,6,4
04/02/2015 11:00:00 AM,18,11,7
04/02/2015 12:00:00 PM,18,4,14
04/02/2015 01:00:00 PM,15,8,7
04/02/2015 02:00:00 PM,13,8,5
04/02/2015 03:00:00 PM,13,8,5
04/02/2015 04:00:00 PM,35,25,10
04/02/2015 05:00:00 PM,36,20,16
04/02/2015 06:00:00 PM,24,15,9
04/02/2015 07:00:00 PM,17,5,12
04/02/2015 08:00:00 PM,15,7,8
04/02/2015 09:00:00 PM,8,5,3
04/02/2015 10:00:00 PM,8,3,5
04/02/2015 11:00:00 PM,8,5,3
04/03/2015 12:00:00 AM,7,5,2
04/03/2015 01:00:00 AM,1,1,0
04/03/2015 02:00:00 AM,1,0,1
04/03/2015 03:00:00 AM,0,0,0
04/03/2015 04:00:00 AM,0,0,0
04/03/2015 05:00:00 AM,5,1,4
04/03/2015 06:00:00 AM,10,3,7
04/03/2015 07:00:00 AM,16,4,12
04/03/2015 08:00:00 AM,22,9,13
04/03/2015 09:00:00 AM,16,6,10
04/03/2015 10:00:00 AM,11,6,5
04/03/2015 11:00:00 AM,9,5,4
04/03/2015 12:00:00 PM,11,4,7
04/03/2015 01:00:00 PM,10,4,6
04/03/2015 02:00:00 PM,16,11,5
04/03/2015 03:00:00 PM,16,9,7
04/03/2015 04:00:00 PM,24,12,12
04/03/2015 05:00:00 PM,35,19,16
04/03/2015 06:00:00 PM,15,8,7
04/03/2015 07:00:00 PM,24,16,8
04/03/2015 08:00:00 PM,12,6,6
04/03/2015 09:00:00 PM,18,11,7
04/03/2015 10:00:00 PM,15,7,8
04/03/2015 11:00:00 PM,2,1,1
04/04/2015 12:00:00 AM,1,0,1
04/04/2015 01:00:00 AM,1,0,1
04/04/2015 02:00:00 AM,5,3,2
04/04/2015 03:00:00 AM,0,0,0
04/04/2015 04:00:00 AM,1,0,1
04/04/2015 05:00:00 AM,2,0,2
04/04/2015 06:00:00 AM,4,2,2
04/04/2015 07:00:00 AM,6,6,0
04/04/2015 08:00:00 AM,7,4,3
04/04/2015 09:00:00 AM,6,5,1
04/04/2015 10:00:00 AM,5,3,2
04/04/2015 11:00:00 AM,10,6,4
04/04/2015 12:00:00 PM,15,13,2
04/04/2015 01:00:00 PM,7,5,2
04/04/2015 02:00:00 PM,17,3,14
04/04/2015 03:00:00 PM,10,7,3
04/04/2015 04:00:00 PM,16,12,4
04/04/2015 05:00:00 PM,16,4,12
04/04/2015 06:00:00 PM,20,11,9
04/04/2015 07:00:00 PM,14,6,8
04/04/2015 08:00:00 PM,5,1,4
04/04/2015 09:00:00 PM,11,6,5
04/04/2015 10:00:00 PM,9,6,3
04/04/2015 11:00:00 PM,12,5,7
04/05/2015 12:00:00 AM,7,2,5
04/05/2015 01:00:00 AM,6,2,4
04/05/2015 02:00:00 AM,8,2,6
04/05/2015 03:00:00 AM,0,0,0
04/05/2015 04:00:00 AM,0,0,0
04/05/2015 05:00:00 AM,2,0,2
04/05/2015 06:00:00 AM,3,1,2
04/05/2015 07:00:00 AM,5,3,2
04/05/2015 08:00:00 AM,2,1,1
04/05/2015 09:00:00 AM,9,9,0
04/05/2015 10:00:00 AM,5,2,3
04/05/2015 11:00:00 AM,9,6,3
04/05/2015 12:00:00 PM,17,6,11
04/05/2015 01:00:00 PM,14,7,7
04/05/2015 02:00:00 PM,8,4,4
04/05/2015 03:00:00 PM,18,9,9
04/05/2015 04:00:00 PM,14,9,5
04/05/2015 05:00:00 PM,14,10,4
04/05/2015 06:00:00 PM,14,8,6
04/05/2015 07:00:00 PM,7,3,4
04/05/2015 08:00:00 PM,12,7,5
04/05/2015 09:00:00 PM,8,4,4
04/05/2015 10:00:00 PM,3,1,2
04/05/2015 11:00:00 PM,6,1,5
04/06/2015 12:00:00 AM,1,0,1
04/06/2015 01:00:00 AM,0,0,0
04/06/2015 02:00:00 AM,1,1,0
04/06/2015 03:00:00 AM,0,0,0
04/06/2015 04:00:00 AM,1,0,1
04/06/2015 05:00:00 AM,1,0,1
04/06/2015 06:00:00 AM,10,2,8
04/06/2015 07:00:00 AM,29,12,17
04/06/2015 08:00:00 AM,24,8,16
04/06/2015 09:00:00 AM,19,10,9
04/06/2015 10:00:00 AM,14,11,3
04/06/2015 11:00:00 AM,14,7,7
04/06/2015 12:00:00 PM,22,7,15
04/06/2015 01:00:00 PM,13,7,6
04/06/2015 02:00:00 PM,11,6,5
04/06/2015 03:00:00 PM,24,8,16
04/06/2015 04:00:00 PM,29,14,15
04/06/2015 05:00:00 PM,34,18,16
04/06/2015 06:00:00 PM,35,17,18
04/06/2015 07:00:00 PM,14,10,4
04/06/2015 08:00:00 PM,12,4,8
04/06/2015 09:00:00 PM,11,4,7
04/06/2015 10:00:00 PM,8,4,4
04/06/2015 11:00:00 PM,5,3,2
04/07/2015 12:00:00 AM,3,1,2
04/07/2015 01:00:00 AM,3,2,1
04/07/2015 02:00:00 AM,0,0,0
04/07/2015 03:00:00 AM,0,0,0
04/07/2015 04:00:00 AM,1,0,1
04/07/2015 05:00:00 AM,2,0,2
04/07/2015 06:00:00 AM,13,3,10
04/07/2015 07:00:00 AM,22,6,16
04/07/2015 08:00:00 AM,30,14,16
04/07/2015 09:00:00 AM,23,12,11
04/07/2015 10:00:00 AM,12,7,5
04/07/2015 11:00:00 AM,8,1,7
04/07/2015 12:00:00 PM,20,8,12
04/07/2015 01:00:00 PM,16,5,11
04/07/2015 02:00:00 PM,14,7,7
04/07/2015 03:00:00 PM,19,14,5
04/07/2015 04:00:00 PM,30,18,12
04/07/2015 05:00:00 PM,34,14,20
04/07/2015 06:00:00 PM,31,16,15
04/07/2015 07:00:00 PM,18,12,6
04/07/2015 08:00:00 PM,18,9,9
04/07/2015 09:00:00 PM,8,2,6
04/07/2015 10:00:00 PM,9,4,5
04/07/2015 11:00:00 PM,2,2,0
04/08/2015 12:00:00 AM,1,0,1
04/08/2015 01:00:00 AM,0,0,0
04/08/2015 02:00:00 AM,1,1,0
04/08/2015 03:00:00 AM,1,1,0
04/08/2015 04:00:00 AM,0,0,0
04/08/2015 05:00:00 AM,4,0,4
04/08/2015 06:00:00 AM,14,4,10
04/08/2015 07:00:00 AM,21,10,11
04/08/2015 08:00:00 AM,33,15,18
04/08/2015 09:00:00 AM,16,10,6
04/08/2015 10:00:00 AM,10,7,3
04/08/2015 11:00:00 AM,11,8,3
04/08/2015 12:00:00 PM,22,8,14
04/08/2015 01:00:00 PM,20,7,13
04/08/2015 02:00:00 PM,20,8,12
04/08/2015 03:00:00 PM,23,9,14
04/08/2015 04:00:00 PM,24,17,7
04/08/2015 05:00:00 PM,37,20,17
04/08/2015 06:00:00 PM,33,15,18
04/08/2015 07:00:00 PM,22,11,11
04/08/2015 08:00:00 PM,15,9,6
04/08/2015 09:00:00 PM,14,8,6
04/08/2015 10:00:00 PM,6,1,5
04/08/2015 11:00:00 PM,8,5,3
04/09/2015 12:00:00 AM,8,3,5
04/09/2015 01:00:00 AM,2,1,1
04/09/2015 02:00:00 AM,4,1,3
04/09/2015 03:00:00 AM,0,0,0
04/09/2015 04:00:00 AM,1,0,1
04/09/2015 05:00:00 AM,2,0,2
04/09/2015 06:00:00 AM,16,2,14
04/09/2015 07:00:00 AM,20,8,12
04/09/2015 08:00:00 AM,25,12,13
04/09/2015 09:00:00 AM,20,12,8
04/09/2015 10:00:00 AM,16,9,7
04/09/2015 11:00:00 AM,9,3,6
04/09/2015 12:00:00 PM,39,11,28
04/09/2015 01:00:00 PM,15,10,5
04/09/2015 02:00:00 PM,16,8,8
04/09/2015 03:00:00 PM,22,11,11
04/09/2015 04:00:00 PM,33,17,16
04/09/2015 05:00:00 PM,43,20,23
04/09/2015 06:00:00 PM,23,13,10
04/09/2015 07:00:00 PM,19,10,9
04/09/2015 08:00:00 PM,18,8,10
04/09/2015 09:00:00 PM,10,7,3
04/09/2015 10:00:00 PM,10,3,7
04/09/2015 11:00:00 PM,9,4,5
04/10/2015 12:00:00 AM,9,5,4
04/10/2015 01:00:00 AM,3,0,3
04/10/2015 02:00:00 AM,2,0,2
04/10/2015 03:00:00 AM,0,0,0
04/10/2015 04:00:00 AM,1,0,1
04/10/2015 05:00:00 AM,3,0,3
04/10/2015 06:00:00 AM,11,5,6
04/10/2015 07:00:00 AM,24,12,12
04/10/2015 08:00:00 AM,19,7,12
04/10/2015 09:00:00 AM,18,8,10
04/10/2015 10:00:00 AM,21,12,9
04/10/2015 11:00:00 AM,18,12,6
04/10/2015 12:00:00 PM,23,9,14
04/10/2015 01:00:00 PM,14,6,8
04/10/2015 02:00:00 PM,15,5,10
04/10/2015 03:00:00 PM,22,14,8
04/10/2015 04:00:00 PM,14,8,6
04/10/2015 05:00:00 PM,30,11,19
04/10/2015 06:00:00 PM,24,12,12
04/10/2015 07:00:00 PM,18,10,8
04/10/2015 08:00:00 PM,15,8,7
04/10/2015 09:00:00 PM,5,3,2
04/10/2015 10:00:00 PM,8,3,5
04/10/2015 11:00:00 PM,4,2,2
04/11/2015 12:00:00 AM,3,1,2
04/11/2015 01:00:00 AM,2,2,0
04/11/2015 02:00:00 AM,1,0,1
04/11/2015 03:00:00 AM,0,0,0
04/11/2015 04:00:00 AM,0,0,0
04/11/2015 05:00:00 AM,0,0,0
04/11/2015 06:00:00 AM,5,0,5
04/11/2015 07:00:00 AM,4,3,1
04/11/2015 08:00:00 AM,5,2,3
04/11/2015 09:00:00 AM,3,2,1
04/11/2015 10:00:00 AM,8,6,2
04/11/2015 11:00:00 AM,11,6,5
04/11/2015 12:00:00 PM,7,1,6
04/11/2015 01:00:00 PM,14,6,8
04/11/2015 02:00:00 PM,18,7,11
04/11/2015 03:00:00 PM,10,5,5
04/11/2015 04:00:00 PM,15,9,6
04/11/2015 05:00:00 PM,16,6,10
04/11/2015 06:00:00 PM,11,4,7
04/11/2015 07:00:00 PM,5,1,4
04/11/2015 08:00:00 PM,11,7,4
04/11/2015 09:00:00 PM,5,3,2
04/11/2015 10:00:00 PM,6,2,4
04/11/2015 11:00:00 PM,5,2,3
04/12/2015 12:00:00 AM,2,1,1
04/12/2015 01:00:00 AM,3,1,2
04/12/2015 02:00:00 AM,5,0,5
04/12/2015 03:00:00 AM,1,1,0
04/12/2015 04:00:00 AM,1,0,1
04/12/2015 05:00:00 AM,0,0,0
04/12/2015 06:00:00 AM,6,0,6
04/12/2015 07:00:00 AM,3,2,1
04/12/2015 08:00:00 AM,4,3,1
04/12/2015 09:00:00 AM,3,1,2
04/12/2015 10:00:00 AM,12,8,4
04/12/2015 11:00:00 AM,8,4,4
04/12/2015 12:00:00 PM,18,7,11
04/12/2015 01:00:00 PM,8,7,1
04/12/2015 02:00:00 PM,19,9,10
04/12/2015 03:00:00 PM,15,8,7
04/12/2015 04:00:00 PM,19,8,11
04/12/2015 05:00:00 PM,20,9,11
04/12/2015 06:00:00 PM,14,5,9
04/12/2015 07:00:00 PM,10,7,3
04/12/2015 08:00:00 PM,15,4,11
04/12/2015 09:00:00 PM,5,3,2
04/12/2015 10:00:00 PM,4,2,2
04/12/2015 11:00:00 PM,3,0,3
04/13/2015 12:00:00 AM,1,1,0
04/13/2015 01:00:00 AM,2,1,1
04/13/2015 02:00:00 AM,1,0,1
04/13/2015 03:00:00 AM,0,0,0
04/13/2015 04:00:00 AM,1,0,1
04/13/2015 05:00:00 AM,2,1,1
04/13/2015 06:00:00 AM,12,2,10
04/13/2015 07:00:00 AM,19,7,12
04/13/2015 08:00:00 AM,25,11,14
04/13/2015 09:00:00 AM,17,10,7
04/13/2015 10:00:00 AM,12,9,3
04/13/2015 11:00:00 AM,16,6,10
04/13/2015 12:00:00 PM,20,4,16
04/13/2015 01:00:00 PM,13,6,7
04/13/2015 02:00:00 PM,8,7,1
04/13/2015 03:00:00 PM,10,4,6
04/13/2015 04:00:00 PM,19,13,6
04/13/2015 05:00:00 PM,25,13,12
04/13/2015 06:00:00 PM,20,12,8
04/13/2015 07:00:00 PM,8,4,4
04/13/2015 08:00:00 PM,6,2,4
04/13/2015 09:00:00 PM,0,0,0
04/13/2015 10:00:00 PM,2,0,2
04/13/2015 11:00:00 PM,5,3,2
04/14/2015 12:00:00 AM,1,1,0
04/14/2015 01:00:00 AM,0,0,0
04/14/2015 02:00:00 AM,0,0,0
04/14/2015 03:00:00 AM,1,0,1
04/14/2015 04:00:00 AM,2,0,2
04/14/2015 05:00:00 AM,1,0,1
04/14/2015 06:00:00 AM,11,3,8
04/14/2015 07:00:00 AM,20,9,11
04/14/2015 08:00:00 AM,25,12,13
04/14/2015 09:00:00 AM,15,9,6
04/14/2015 10:00:00 AM,4,2,2
04/14/2015 11:00:00 AM,15,6,9
04/14/2015 12:00:00 PM,23,11,12
04/14/2015 01:00:00 PM,19,5,14
04/14/2015 02:00:00 PM,16,8,8
04/14/2015 03:00:00 PM,13,4,9
04/14/2015 04:00:00 PM,24,16,8
04/14/2015 05:00:00 PM,22,11,11
04/14/2015 06:00:00 PM,23,9,14
04/14/2015 07:00:00 PM,13,6,7
04/14/2015 08:00:00 PM,8,6,2
04/14/2015 09:00:00 PM,11,4,7
04/14/2015 10:00:00 PM,7,2,5
04/14/2015 11:00:00 PM,4,3,1
04/15/2015 12:00:00 AM,1,0,1
04/15/2015 01:00:00 AM,2,1,1
04/15/2015 02:00:00 AM,4,0,4
04/15/2015 03:00:00 AM,1,1,0
04/15/2015 04:00:00 AM,0,0,0
04/15/2015 05:00:00 AM,4,2,2
04/15/2015 06:00:00 AM,14,3,11
04/15/2015 07:00:00 AM,26,8,18
04/15/2015 08:00:00 AM,27,12,15
04/15/2015 09:00:00 AM,22,7,15
04/15/2015 10:00:00 AM,14,4,10
04/15/2015 11:00:00 AM,15,7,8
04/15/2015 12:00:00 PM,17,7,10
04/15/2015 01:00:00 PM,10,3,7
04/15/2015 02:00:00 PM,14,3,11
04/15/2015 03:00:00 PM,28,16,12
04/15/2015 04:00:00 PM,35,21,14
04/15/2015 05:00:00 PM,54,32,22
04/15/2015 06:00:00 PM,28,17,11
04/15/2015 07:00:00 PM,28,17,11
04/15/2015 08:00:00 PM,20,12,8
04/15/2015 09:00:00 PM,10,6,4
04/15/2015 10:00:00 PM,6,3,3
04/15/2015 11:00:00 PM,6,3,3
04/16/2015 12:00:00 AM,5,0,5
04/16/2015 01:00:00 AM,3,0,3
04/16/2015 02:00:00 AM,2,0,2
04/16/2015 03:00:00 AM,0,0,0
04/16/2015 04:00:00 AM,0,0,0
04/16/2015 05:00:00 AM,7,2,5
04/16/2015 06:00:00 AM,9,2,7
04/16/2015 07:00:00 AM,23,9,14
04/16/2015 08:00:00 AM,25,12,13
04/16/2015 09:00:00 AM,18,7,11
04/16/2015 10:00:00 AM,15,9,6
04/16/2015 11:00:00 AM,15,7,8
04/16/2015 12:00:00 PM,18,5,13
04/16/2015 01:00:00 PM,19,8,11
04/16/2015 02:00:00 PM,17,2,15
04/16/2015 03:00:00 PM,25,15,10
04/16/2015 04:00:00 PM,35,22,13
04/16/2015 05:00:00 PM,46,22,24
04/16/2015 06:00:00 PM,31,17,14
04/16/2015 07:00:00 PM,29,16,13
04/16/2015 08:00:00 PM,20,11,9
04/16/2015 09:00:00 PM,9,5,4
04/16/2015 10:00:00 PM,12,6,6
04/16/2015 11:00:00 PM,4,3,1
04/17/2015 12:00:00 AM,1,1,0
04/17/2015 01:00:00 AM,5,4,1
04/17/2015 02:00:00 AM,4,4,0
04/17/2015 03:00:00 AM,0,0,0
04/17/2015 04:00:00 AM,5,1,4
04/17/2015 05:00:00 AM,4,1,3
04/17/2015 06:00:00 AM,12,3,9
04/17/2015 07:00:00 AM,28,13,15
04/17/2015 08:00:00 AM,6,3,3
04/17/2015 09:00:00 AM,21,9,12
04/17/2015 10:00:00 AM,10,9,1
04/17/2015 11:00:00 AM,6,2,4
04/17/2015 12:00:00 PM,19,9,10
04/17/2015 01:00:00 PM,24,12,12
04/17/2015 02:00:00 PM,28,16,12
04/17/2015 03:00:00 PM,24,15,9
04/17/2015 04:00:00 PM,40,30,10
04/17/2015 05:00:00 PM,43,22,21
04/17/2015 06:00:00 PM,26,15,11
04/17/2015 07:00:00 PM,31,16,15
04/17/2015 08:00:00 PM,9,4,5
04/17/2015 09:00:00 PM,17,11,6
04/17/2015 10:00:00 PM,10,5,5
04/17/2015 11:00:00 PM,7,5,2
04/18/2015 12:00:00 AM,10,3,7
04/18/2015 01:00:00 AM,14,7,7
04/18/2015 02:00:00 AM,3,0,3
04/18/2015 03:00:00 AM,0,0,0
04/18/2015 04:00:00 AM,2,1,1
04/18/2015 05:00:00 AM,1,0,1
04/18/2015 06:00:00 AM,3,1,2
04/18/2015 07:00:00 AM,8,4,4
04/18/2015 08:00:00 AM,6,2,4
04/18/2015 09:00:00 AM,7,5,2
04/18/2015 10:00:00 AM,12,5,7
04/18/2015 11:00:00 AM,10,3,7
04/18/2015 12:00:00 PM,14,7,7
04/18/2015 01:00:00 PM,19,13,6
04/18/2015 02:00:00 PM,15,11,4
04/18/2015 03:00:00 PM,14,10,4
04/18/2015 04:00:00 PM,16,8,8
04/18/2015 05:00:00 PM,13,4,9
04/18/2015 06:00:00 PM,17,5,12
04/18/2015 07:00:00 PM,5,5,0
04/18/2015 08:00:00 PM,14,7,7
04/18/2015 09:00:00 PM,4,2,2
04/18/2015 10:00:00 PM,6,3,3
04/18/2015 11:00:00 PM,15,4,11
04/19/2015 12:00:00 AM,12,6,6
04/19/2015 01:00:00 AM,3,1,2
04/19/2015 02:00:00 AM,2,2,0
04/19/2015 03:00:00 AM,2,1,1
04/19/2015 04:00:00 AM,1,1,0
04/19/2015 05:00:00 AM,0,0,0
04/19/2015 06:00:00 AM,6,1,5
04/19/2015 07:00:00 AM,4,3,1
04/19/2015 08:00:00 AM,4,3,1
04/19/2015 09:00:00 AM,3,1,2
04/19/2015 10:00:00 AM,11,5,6
04/19/2015 11:00:00 AM,22,11,11
04/19/2015 12:00:00 PM,24,12,12
04/19/2015 01:00:00 PM,24,9,15
04/19/2015 02:00:00 PM,20,8,12
04/19/2015 03:00:00 PM,25,17,8
04/19/2015 04:00:00 PM,24,16,8
04/19/2015 05:00:00 PM,20,13,7
04/19/2015 06:00:00 PM,20,13,7
04/19/2015 07:00:00 PM,15,7,8
04/19/2015 08:00:00 PM,9,5,4
04/19/2015 09:00:00 PM,9,5,4
04/19/2015 10:00:00 PM,14,7,7
04/19/2015 11:00:00 PM,8,3,5
04/20/2015 12:00:00 AM,1,1,0
04/20/2015 01:00:00 AM,2,1,1
04/20/2015 02:00:00 AM,2,2,0
04/20/2015 03:00:00 AM,1,0,1
04/20/2015 04:00:00 AM,1,0,1
04/20/2015 05:00:00 AM,4,1,3
04/20/2015 06:00:00 AM,14,2,12
04/20/2015 07:00:00 AM,24,11,13
04/20/2015 08:00:00 AM,30,11,19
04/20/2015 09:00:00 AM,18,8,10
04/20/2015 10:00:00 AM,19,8,11
04/20/2015 11:00:00 AM,19,10,9
04/20/2015 12:00:00 PM,23,9,14
04/20/2015 01:00:00 PM,11,7,4
04/20/2015 02:00:00 PM,25,10,15
04/20/2015 03:00:00 PM,16,6,10
04/20/2015 04:00:00 PM,39,24,15
04/20/2015 05:00:00 PM,40,25,15
04/20/2015 06:00:00 PM,40,23,17
04/20/2015 07:00:00 PM,21,11,10
04/20/2015 08:00:00 PM,10,5,5
04/20/2015 09:00:00 PM,11,6,5
04/20/2015 10:00:00 PM,9,3,6
04/20/2015 11:00:00 PM,4,2,2
04/21/2015 12:00:00 AM,6,3,3
04/21/2015 01:00:00 AM,1,0,1
04/21/2015 02:00:00 AM,1,1,0
04/21/2015 03:00:00 AM,2,0,2
04/21/2015 04:00:00 AM,2,0,2
04/21/2015 05:00:00 AM,3,1,2
04/21/2015 06:00:00 AM,16,5,11
04/21/2015 07:00:00 AM,23,9,14
04/21/2015 08:00:00 AM,25,5,20
04/21/2015 09:00:00 AM,35,8,27
04/21/2015 10:00:00 AM,31,4,27
04/21/2015 11:00:00 AM,20,2,18
04/21/2015 12:00:00 PM,26,9,17
04/21/2015 01:00:00 PM,22,10,12
04/21/2015 02:00:00 PM,13,8,5
04/21/2015 03:00:00 PM,24,12,12
04/21/2015 04:00:00 PM,29,20,9
04/21/2015 05:00:00 PM,37,22,15
04/21/2015 06:00:00 PM,17,8,9
04/21/2015 07:00:00 PM,14,9,5
04/21/2015 08:00:00 PM,12,5,7
04/21/2015 09:00:00 PM,6,1,5
04/21/2015 10:00:00 PM,4,1,3
04/21/2015 11:00:00 PM,4,4,0
04/22/2015 12:00:00 AM,3,2,1
04/22/2015 01:00:00 AM,0,0,0
04/22/2015 02:00:00 AM,0,0,0
04/22/2015 03:00:00 AM,0,0,0
04/22/2015 04:00:00 AM,1,0,1
04/22/2015 05:00:00 AM,2,0,2
04/22/2015 06:00:00 AM,14,3,11
04/22/2015 07:00:00 AM,19,4,15
04/22/2015 08:00:00 AM,30,12,18
04/22/2015 09:00:00 AM,25,12,13
04/22/2015 10:00:00 AM,10,6,4
04/22/2015 11:00:00 AM,18,8,10
04/22/2015 12:00:00 PM,24,5,19
04/22/2015 01:00:00 PM,9,3,6
04/22/2015 02:00:00 PM,17,6,11
04/22/2015 03:00:00 PM,21,9,12
04/22/2015 04:00:00 PM,39,22,17
04/22/2015 05:00:00 PM,48,30,18
04/22/2015 06:00:00 PM,41,20,21
04/22/2015 07:00:00 PM,13,7,6
04/22/2015 08:00:00 PM,23,13,10
04/22/2015 09:00:00 PM,16,6,10
04/22/2015 10:00:00 PM,10,6,4
04/22/2015 11:00:00 PM,4,1,3
04/23/2015 12:00:00 AM,1,1,0
04/23/2015 01:00:00 AM,1,0,1
04/23/2015 02:00:00 AM,0,0,0
04/23/2015 03:00:00 AM,0,0,0
04/23/2015 04:00:00 AM,1,0,1
04/23/2015 05:00:00 AM,1,1,0
04/23/2015 06:00:00 AM,13,2,11
04/23/2015 07:00:00 AM,21,6,15
04/23/2015 08:00:00 AM,26,6,20
04/23/2015 09:00:00 AM,16,6,10
04/23/2015 10:00:00 AM,14,7,7
04/23/2015 11:00:00 AM,11,0,11
04/23/2015 12:00:00 PM,13,3,10
04/23/2015 01:00:00 PM,17,7,10
04/23/2015 02:00:00 PM,15,6,9
04/23/2015 03:00:00 PM,11,8,3
04/23/2015 04:00:00 PM,21,12,9
04/23/2015 05:00:00 PM,28,20,8
04/23/2015 06:00:00 PM,31,19,12
04/23/2015 07:00:00 PM,8,5,3
04/23/2015 08:00:00 PM,12,6,6
04/23/2015 09:00:00 PM,7,2,5
04/23/2015 10:00:00 PM,3,2,1
04/23/2015 11:00:00 PM,6,4,2
04/24/2015 12:00:00 AM,0,0,0
04/24/2015 01:00:00 AM,6,3,3
04/24/2015 02:00:00 AM,1,0,1
04/24/2015 03:00:00 AM,1,0,1
04/24/2015 04:00:00 AM,1,0,1
04/24/2015 05:00:00 AM,2,1,1
04/24/2015 06:00:00 AM,7,1,6
04/24/2015 07:00:00 AM,16,6,10
04/24/2015 08:00:00 AM,14,4,10
04/24/2015 09:00:00 AM,15,10,5
04/24/2015 10:00:00 AM,16,8,8
04/24/2015 11:00:00 AM,7,3,4
04/24/2015 12:00:00 PM,21,12,9
04/24/2015 01:00:00 PM,10,4,6
04/24/2015 02:00:00 PM,23,13,10
04/24/2015 03:00:00 PM,17,8,9
04/24/2015 04:00:00 PM,19,13,6
04/24/2015 05:00:00 PM,28,13,15
04/24/2015 06:00:00 PM,22,10,12
04/24/2015 07:00:00 PM,15,6,9
04/24/2015 08:00:00 PM,8,6,2
04/24/2015 09:00:00 PM,10,7,3
04/24/2015 10:00:00 PM,10,4,6
04/24/2015 11:00:00 PM,10,5,5
04/25/2015 12:00:00 AM,2,0,2
04/25/2015 01:00:00 AM,4,2,2
04/25/2015 02:00:00 AM,2,2,0
04/25/2015 03:00:00 AM,0,0,0
04/25/2015 04:00:00 AM,0,0,0
04/25/2015 05:00:00 AM,0,0,0
04/25/2015 06:00:00 AM,4,0,4
04/25/2015 07:00:00 AM,4,2,2
04/25/2015 08:00:00 AM,6,2,4
04/25/2015 09:00:00 AM,6,3,3
04/25/2015 10:00:00 AM,5,3,2
04/25/2015 11:00:00 AM,7,4,3
04/25/2015 12:00:00 PM,8,3,5
04/25/2015 01:00:00 PM,15,7,8
04/25/2015 02:00:00 PM,11,5,6
04/25/2015 03:00:00 PM,9,4,5
04/25/2015 04:00:00 PM,7,4,3
04/25/2015 05:00:00 PM,9,5,4
04/25/2015 06:00:00 PM,14,5,9
04/25/2015 07:00:00 PM,17,5,12
04/25/2015 08:00:00 PM,3,0,3
04/25/2015 09:00:00 PM,11,6,5
04/25/2015 10:00:00 PM,14,5,9
04/25/2015 11:00:00 PM,9,4,5
04/26/2015 12:00:00 AM,10,4,6
04/26/2015 01:00:00 AM,5,3,2
04/26/2015 02:00:00 AM,5,1,4
04/26/2015 03:00:00 AM,2,0,2
04/26/2015 04:00:00 AM,0,0,0
04/26/2015 05:00:00 AM,0,0,0
04/26/2015 06:00:00 AM,5,2,3
04/26/2015 07:00:00 AM,1,1,0
04/26/2015 08:00:00 AM,5,3,2
04/26/2015 09:00:00 AM,2,2,0
04/26/2015 10:00:00 AM,5,4,1
04/26/2015 11:00:00 AM,9,1,8
04/26/2015 12:00:00 PM,17,11,6
04/26/2015 01:00:00 PM,19,10,9
04/26/2015 02:00:00 PM,11,6,5
04/26/2015 03:00:00 PM,10,6,4
04/26/2015 04:00:00 PM,9,3,6
04/26/2015 05:00:00 PM,20,6,14
04/26/2015 06:00:00 PM,17,12,5
04/26/2015 07:00:00 PM,11,4,7
04/26/2015 08:00:00 PM,5,3,2
04/26/2015 09:00:00 PM,10,6,4
04/26/2015 10:00:00 PM,5,1,4
04/26/2015 11:00:00 PM,4,0,4
04/27/2015 12:00:00 AM,1,0,1
04/27/2015 01:00:00 AM,2,0,2
04/27/2015 02:00:00 AM,0,0,0
04/27/2015 03:00:00 AM,0,0,0
04/27/2015 04:00:00 AM,1,0,1
04/27/2015 05:00:00 AM,1,0,1
04/27/2015 06:00:00 AM,9,1,8
04/27/2015 07:00:00 AM,28,10,18
04/27/2015 08:00:00 AM,31,13,18
04/27/2015 09:00:00 AM,13,6,7
04/27/2015 10:00:00 AM,14,8,6
04/27/2015 11:00:00 AM,24,14,10
04/27/2015 12:00:00 PM,20,9,11
04/27/2015 01:00:00 PM,22,7,15
04/27/2015 02:00:00 PM,13,8,5
04/27/2015 03:00:00 PM,17,10,7
04/27/2015 04:00:00 PM,38,17,21
04/27/2015 05:00:00 PM,40,18,22
04/27/2015 06:00:00 PM,45,32,13
04/27/2015 07:00:00 PM,34,18,16
04/27/2015 08:00:00 PM,16,3,13
04/27/2015 09:00:00 PM,11,6,5
04/27/2015 10:00:00 PM,10,4,6
04/27/2015 11:00:00 PM,3,2,1
04/28/2015 12:00:00 AM,2,0,2
04/28/2015 01:00:00 AM,0,0,0
04/28/2015 02:00:00 AM,0,0,0
04/28/2015 03:00:00 AM,1,1,0
04/28/2015 04:00:00 AM,1,0,1
04/28/2015 05:00:00 AM,2,0,2
04/28/2015 06:00:00 AM,14,2,12
04/28/2015 07:00:00 AM,21,9,12
04/28/2015 08:00:00 AM,22,8,14
04/28/2015 09:00:00 AM,18,10,8
04/28/2015 10:00:00 AM,15,9,6
04/28/2015 11:00:00 AM,11,5,6
04/28/2015 12:00:00 PM,14,6,8
04/28/2015 01:00:00 PM,16,5,11
04/28/2015 02:00:00 PM,13,7,6
04/28/2015 03:00:00 PM,19,8,11
04/28/2015 04:00:00 PM,33,20,13
04/28/2015 05:00:00 PM,28,15,13
04/28/2015 06:00:00 PM,22,14,8
04/28/2015 07:00:00 PM,13,8,5
04/28/2015 08:00:00 PM,15,7,8
04/28/2015 09:00:00 PM,11,5,6
04/28/2015 10:00:00 PM,7,3,4
04/28/2015 11:00:00 PM,4,2,2
04/29/2015 12:00:00 AM,3,2,1
04/29/2015 01:00:00 AM,0,0,0
04/29/2015 02:00:00 AM,0,0,0
04/29/2015 03:00:00 AM,1,0,1
04/29/2015 04:00:00 AM,0,0,0
04/29/2015 05:00:00 AM,2,2,0
04/29/2015 06:00:00 AM,14,3,11
04/29/2015 07:00:00 AM,22,7,15
04/29/2015 08:00:00 AM,33,11,22
04/29/2015 09:00:00 AM,14,10,4
04/29/2015 10:00:00 AM,14,8,6
04/29/2015 11:00:00 AM,13,9,4
04/29/2015 12:00:00 PM,19,5,14
04/29/2015 01:00:00 PM,23,7,16
04/29/2015 02:00:00 PM,19,9,10
04/29/2015 03:00:00 PM,15,9,6
04/29/2015 04:00:00 PM,31,19,12
04/29/2015 05:00:00 PM,38,23,15
04/29/2015 06:00:00 PM,31,17,14
04/29/2015 07:00:00 PM,18,6,12
04/29/2015 08:00:00 PM,9,6,3
04/29/2015 09:00:00 PM,12,7,5
04/29/2015 10:00:00 PM,7,3,4
04/29/2015 11:00:00 PM,8,1,7
04/30/2015 12:00:00 AM,10,2,8
04/30/2015 01:00:00 AM,0,0,0
04/30/2015 02:00:00 AM,2,0,2
04/30/2015 03:00:00 AM,0,0,0
04/30/2015 04:00:00 AM,1,0,1
04/30/2015 05:00:00 AM,3,0,3
04/30/2015 06:00:00 AM,13,1,12
04/30/2015 07:00:00 AM,21,7,14
04/30/2015 08:00:00 AM,32,10,22
04/30/2015 09:00:00 AM,26,13,13
04/30/2015 10:00:00 AM,11,5,6
04/30/2015 11:00:00 AM,10,5,5
04/30/2015 12:00:00 PM,15,5,10
04/30/2015 01:00:00 PM,13,8,5
04/30/2015 02:00:00 PM,18,7,11
04/30/2015 03:00:00 PM,33,18,15
04/30/2015 04:00:00 PM,36,24,12
04/30/2015 05:00:00 PM,47,25,22
04/30/2015 06:00:00 PM,42,17,25
04/30/2015 07:00:00 PM,23,17,6
04/30/2015 08:00:00 PM,13,6,7
04/30/2015 09:00:00 PM,6,4,2
04/30/2015 10:00:00 PM,6,2,4
04/30/2015 11:00:00 PM,5,3,2
05/01/2015 12:00:00 AM,3,0,3
05/01/2015 01:00:00 AM,1,0,1
05/01/2015 02:00:00 AM,5,2,3
05/01/2015 03:00:00 AM,0,0,0
05/01/2015 04:00:00 AM,2,1,1
05/01/2015 05:00:00 AM,1,0,1
05/01/2015 06:00:00 AM,15,1,14
05/01/2015 07:00:00 AM,32,12,20
05/01/2015 08:00:00 AM,31,13,18
05/01/2015 09:00:00 AM,19,14,5
05/01/2015 10:00:00 AM,16,10,6
05/01/2015 11:00:00 AM,18,7,11
05/01/2015 12:00:00 PM,19,7,12
05/01/2015 01:00:00 PM,21,7,14
05/01/2015 02:00:00 PM,23,14,9
05/01/2015 03:00:00 PM,28,17,11
05/01/2015 04:00:00 PM,47,37,10
05/01/2015 05:00:00 PM,45,30,15
05/01/2015 06:00:00 PM,23,13,10
05/01/2015 07:00:00 PM,13,8,5
05/01/2015 08:00:00 PM,22,12,10
05/01/2015 09:00:00 PM,14,9,5
05/01/2015 10:00:00 PM,12,3,9
05/01/2015 11:00:00 PM,10,5,5
05/02/2015 12:00:00 AM,11,3,8
05/02/2015 01:00:00 AM,0,0,0
05/02/2015 02:00:00 AM,0,0,0
05/02/2015 03:00:00 AM,0,0,0
05/02/2015 04:00:00 AM,0,0,0
05/02/2015 05:00:00 AM,0,0,0
05/02/2015 06:00:00 AM,0,0,0
05/02/2015 07:00:00 AM,2,2,0
05/02/2015 08:00:00 AM,0,0,0
05/02/2015 09:00:00 AM,0,0,0
05/02/2015 10:00:00 AM,0,0,0
05/02/2015 11:00:00 AM,0,0,0
05/02/2015 12:00:00 PM,0,0,0
05/02/2015 01:00:00 PM,0,0,0
05/02/2015 02:00:00 PM,0,0,0
05/02/2015 03:00:00 PM,0,0,0
05/02/2015 04:00:00 PM,0,0,0
05/02/2015 05:00:00 PM,0,0,0
05/02/2015 06:00:00 PM,0,0,0
05/02/2015 07:00:00 PM,0,0,0
05/02/2015 08:00:00 PM,0,0,0
05/02/2015 09:00:00 PM,0,0,0
05/02/2015 10:00:00 PM,0,0,0
05/02/2015 11:00:00 PM,1,1,0
05/03/2015 12:00:00 AM,1,1,0
05/03/2015 01:00:00 AM,0,0,0
05/03/2015 02:00:00 AM,0,0,0
05/03/2015 03:00:00 AM,0,0,0
05/03/2015 04:00:00 AM,0,0,0
05/03/2015 05:00:00 AM,0,0,0
05/03/2015 06:00:00 AM,0,0,0
05/03/2015 07:00:00 AM,0,0,0
05/03/2015 08:00:00 AM,0,0,0
05/03/2015 09:00:00 AM,0,0,0
05/03/2015 10:00:00 AM,0,0,0
05/03/2015 11:00:00 AM,0,0,0
05/03/2015 12:00:00 PM,1,0,1
05/03/2015 01:00:00 PM,0,0,0
05/03/2015 02:00:00 PM,0,0,0
05/03/2015 03:00:00 PM,0,0,0
05/03/2015 04:00:00 PM,0,0,0
05/03/2015 05:00:00 PM,0,0,0
05/03/2015 06:00:00 PM,0,0,0
05/03/2015 07:00:00 PM,0,0,0
05/03/2015 08:00:00 PM,0,0,0
05/03/2015 09:00:00 PM,0,0,0
05/03/2015 10:00:00 PM,0,0,0
05/03/2015 11:00:00 PM,0,0,0
05/04/2015 12:00:00 AM,0,0,0
05/04/2015 01:00:00 AM,0,0,0
05/04/2015 02:00:00 AM,0,0,0
05/04/2015 03:00:00 AM,0,0,0
05/04/2015 04:00:00 AM,0,0,0
05/04/2015 05:00:00 AM,0,0,0
05/04/2015 06:00:00 AM,0,0,0
05/04/2015 07:00:00 AM,0,0,0
05/04/2015 08:00:00 AM,1,1,0
05/04/2015 09:00:00 AM,0,0,0
05/04/2015 10:00:00 AM,1,1,0
05/04/2015 11:00:00 AM,0,0,0
05/04/2015 12:00:00 PM,1,1,0
05/04/2015 01:00:00 PM,1,1,0
05/04/2015 02:00:00 PM,0,0,0
05/04/2015 03:00:00 PM,0,0,0
05/04/2015 04:00:00 PM,1,1,0
05/04/2015 05:00:00 PM,1,1,0
05/04/2015 06:00:00 PM,1,1,0
05/04/2015 07:00:00 PM,0,0,0
05/04/2015 08:00:00 PM,0,0,0
05/04/2015 09:00:00 PM,0,0,0
05/04/2015 10:00:00 PM,0,0,0
05/04/2015 11:00:00 PM,0,0,0
05/05/2015 12:00:00 AM,0,0,0
05/05/2015 01:00:00 AM,0,0,0
05/05/2015 02:00:00 AM,0,0,0
05/05/2015 03:00:00 AM,0,0,0
05/05/2015 04:00:00 AM,0,0,0
05/05/2015 05:00:00 AM,0,0,0
05/05/2015 06:00:00 AM,0,0,0
05/05/2015 07:00:00 AM,1,1,0
05/05/2015 08:00:00 AM,0,0,0
05/05/2015 09:00:00 AM,0,0,0
05/05/2015 10:00:00 AM,1,1,0
05/05/2015 11:00:00 AM,1,1,0
05/05/2015 12:00:00 PM,0,0,0
05/05/2015 01:00:00 PM,0,0,0
05/05/2015 02:00:00 PM,0,0,0
05/05/2015 03:00:00 PM,0,0,0
05/05/2015 04:00:00 PM,0,0,0
05/05/2015 05:00:00 PM,0,0,0
05/05/2015 06:00:00 PM,0,0,0
05/05/2015 07:00:00 PM,0,0,0
05/05/2015 08:00:00 PM,0,0,0
05/05/2015 09:00:00 PM,0,0,0
05/05/2015 10:00:00 PM,0,0,0
05/05/2015 11:00:00 PM,0,0,0
05/06/2015 12:00:00 AM,0,0,0
05/06/2015 01:00:00 AM,0,0,0
05/06/2015 02:00:00 AM,0,0,0
05/06/2015 03:00:00 AM,0,0,0
05/06/2015 04:00:00 AM,0,0,0
05/06/2015 05:00:00 AM,0,0,0
05/06/2015 06:00:00 AM,0,0,0
05/06/2015 07:00:00 AM,0,0,0
05/06/2015 08:00:00 AM,0,0,0
05/06/2015 09:00:00 AM,0,0,0
05/06/2015 10:00:00 AM,0,0,0
05/06/2015 11:00:00 AM,0,0,0
05/06/2015 12:00:00 PM,0,0,0
05/06/2015 01:00:00 PM,0,0,0
05/06/2015 02:00:00 PM,0,0,0
05/06/2015 03:00:00 PM,0,0,0
05/06/2015 04:00:00 PM,0,0,0
05/06/2015 05:00:00 PM,1,1,0
05/06/2015 06:00:00 PM,0,0,0
05/06/2015 07:00:00 PM,0,0,0
05/06/2015 08:00:00 PM,0,0,0
05/06/2015 09:00:00 PM,0,0,0
05/06/2015 10:00:00 PM,2,0,2
05/06/2015 11:00:00 PM,0,0,0
05/07/2015 12:00:00 AM,0,0,0
05/07/2015 01:00:00 AM,0,0,0
05/07/2015 02:00:00 AM,0,0,0
05/07/2015 03:00:00 AM,0,0,0
05/07/2015 04:00:00 AM,0,0,0
05/07/2015 05:00:00 AM,0,0,0
05/07/2015 06:00:00 AM,0,0,0
05/07/2015 07:00:00 AM,0,0,0
05/07/2015 08:00:00 AM,0,0,0
05/07/2015 09:00:00 AM,0,0,0
05/07/2015 10:00:00 AM,0,0,0
05/07/2015 11:00:00 AM,1,1,0
05/07/2015 12:00:00 PM,0,0,0
05/07/2015 01:00:00 PM,0,0,0
05/07/2015 02:00:00 PM,0,0,0
05/07/2015 03:00:00 PM,0,0,0
05/07/2015 04:00:00 PM,0,0,0
05/07/2015 05:00:00 PM,0,0,0
05/07/2015 06:00:00 PM,0,0,0
05/07/2015 07:00:00 PM,0,0,0
05/07/2015 08:00:00 PM,0,0,0
05/07/2015 09:00:00 PM,0,0,0
05/07/2015 10:00:00 PM,0,0,0
05/07/2015 11:00:00 PM,0,0,0
05/08/2015 12:00:00 AM,1,1,0
05/08/2015 01:00:00 AM,0,0,0
05/08/2015 02:00:00 AM,0,0,0
05/08/2015 03:00:00 AM,0,0,0
05/08/2015 04:00:00 AM,0,0,0
05/08/2015 05:00:00 AM,0,0,0
05/08/2015 06:00:00 AM,2,1,1
05/08/2015 07:00:00 AM,3,3,0
05/08/2015 08:00:00 AM,1,1,0
05/08/2015 09:00:00 AM,1,1,0
05/08/2015 10:00:00 AM,2,2,0
05/08/2015 11:00:00 AM,1,1,0
05/08/2015 12:00:00 PM,1,1,0
05/08/2015 01:00:00 PM,1,1,0
05/08/2015 02:00:00 PM,1,1,0
05/08/2015 03:00:00 PM,2,1,1
05/08/2015 04:00:00 PM,1,1,0
05/08/2015 05:00:00 PM,3,3,0
05/08/2015 06:00:00 PM,1,1,0
05/08/2015 07:00:00 PM,0,0,0
05/08/2015 08:00:00 PM,0,0,0
05/08/2015 09:00:00 PM,1,1,0
05/08/2015 10:00:00 PM,2,2,0
05/08/2015 11:00:00 PM,3,3,0
05/09/2015 12:00:00 AM,4,3,1
05/09/2015 01:00:00 AM,0,0,0
05/09/2015 02:00:00 AM,1,0,1
05/09/2015 03:00:00 AM,0,0,0
05/09/2015 04:00:00 AM,0,0,0
05/09/2015 05:00:00 AM,0,0,0
05/09/2015 06:00:00 AM,0,0,0
05/09/2015 07:00:00 AM,1,1,0
05/09/2015 08:00:00 AM,0,0,0
05/09/2015 09:00:00 AM,0,0,0
05/09/2015 10:00:00 AM,0,0,0
05/09/2015 11:00:00 AM,0,0,0
05/09/2015 12:00:00 PM,1,1,0
05/09/2015 01:00:00 PM,2,1,1
05/09/2015 02:00:00 PM,0,0,0
05/09/2015 03:00:00 PM,0,0,0
05/09/2015 04:00:00 PM,0,0,0
05/09/2015 05:00:00 PM,0,0,0
05/09/2015 06:00:00 PM,1,1,0
05/09/2015 07:00:00 PM,0,0,0
05/09/2015 08:00:00 PM,1,0,1
05/09/2015 09:00:00 PM,1,1,0
05/09/2015 10:00:00 PM,4,4,0
05/09/2015 11:00:00 PM,0,0,0
05/10/2015 12:00:00 AM,3,0,3
05/10/2015 01:00:00 AM,0,0,0
05/10/2015 02:00:00 AM,3,2,1
05/10/2015 03:00:00 AM,0,0,0
05/10/2015 04:00:00 AM,0,0,0
05/10/2015 05:00:00 AM,0,0,0
05/10/2015 06:00:00 AM,0,0,0
05/10/2015 07:00:00 AM,0,0,0
05/10/2015 08:00:00 AM,0,0,0
05/10/2015 09:00:00 AM,0,0,0
05/10/2015 10:00:00 AM,0,0,0
05/10/2015 11:00:00 AM,0,0,0
05/10/2015 12:00:00 PM,0,0,0
05/10/2015 01:00:00 PM,1,1,0
05/10/2015 02:00:00 PM,0,0,0
05/10/2015 03:00:00 PM,0,0,0
05/10/2015 04:00:00 PM,0,0,0
05/10/2015 05:00:00 PM,0,0,0
05/10/2015 06:00:00 PM,0,0,0
05/10/2015 07:00:00 PM,0,0,0
05/10/2015 08:00:00 PM,0,0,0
05/10/2015 09:00:00 PM,0,0,0
05/10/2015 10:00:00 PM,0,0,0
05/10/2015 11:00:00 PM,0,0,0
05/11/2015 12:00:00 AM,0,0,0
05/11/2015 01:00:00 AM,0,0,0
05/11/2015 02:00:00 AM,0,0,0
05/11/2015 03:00:00 AM,0,0,0
05/11/2015 04:00:00 AM,0,0,0
05/11/2015 05:00:00 AM,0,0,0
05/11/2015 06:00:00 AM,0,0,0
05/11/2015 07:00:00 AM,0,0,0
05/11/2015 08:00:00 AM,1,1,0
05/11/2015 09:00:00 AM,0,0,0
05/11/2015 10:00:00 AM,1,1,0
05/11/2015 11:00:00 AM,0,0,0
05/11/2015 12:00:00 PM,0,0,0
05/11/2015 01:00:00 PM,1,0,1
05/11/2015 02:00:00 PM,2,2,0
05/11/2015 03:00:00 PM,1,1,0
05/11/2015 04:00:00 PM,0,0,0
05/11/2015 05:00:00 PM,2,2,0
05/11/2015 06:00:00 PM,1,1,0
05/11/2015 07:00:00 PM,0,0,0
05/11/2015 08:00:00 PM,1,1,0
05/11/2015 09:00:00 PM,1,1,0
05/11/2015 10:00:00 PM,3,3,0
05/11/2015 11:00:00 PM,0,0,0
05/12/2015 12:00:00 AM,1,1,0
05/12/2015 01:00:00 AM,0,0,0
05/12/2015 02:00:00 AM,0,0,0
05/12/2015 03:00:00 AM,0,0,0
05/12/2015 04:00:00 AM,0,0,0
05/12/2015 05:00:00 AM,0,0,0
05/12/2015 06:00:00 AM,0,0,0
05/12/2015 07:00:00 AM,2,2,0
05/12/2015 08:00:00 AM,3,3,0
05/12/2015 09:00:00 AM,2,2,0
05/12/2015 10:00:00 AM,3,3,0
05/12/2015 11:00:00 AM,1,1,0
05/12/2015 12:00:00 PM,0,0,0
05/12/2015 01:00:00 PM,0,0,0
05/12/2015 02:00:00 PM,1,1,0
05/12/2015 03:00:00 PM,0,0,0
05/12/2015 04:00:00 PM,8,7,1
05/12/2015 05:00:00 PM,27,18,9
05/12/2015 06:00:00 PM,26,12,14
05/12/2015 07:00:00 PM,14,5,9
05/12/2015 08:00:00 PM,19,8,11
05/12/2015 09:00:00 PM,10,4,6
05/12/2015 10:00:00 PM,3,1,2
05/12/2015 11:00:00 PM,2,2,0
05/13/2015 12:00:00 AM,1,1,0
05/13/2015 01:00:00 AM,1,1,0
05/13/2015 02:00:00 AM,0,0,0
05/13/2015 03:00:00 AM,0,0,0
05/13/2015 04:00:00 AM,1,0,1
05/13/2015 05:00:00 AM,0,0,0
05/13/2015 06:00:00 AM,14,2,12
05/13/2015 07:00:00 AM,14,8,6
05/13/2015 08:00:00 AM,18,7,11
05/13/2015 09:00:00 AM,13,5,8
05/13/2015 10:00:00 AM,7,1,6
05/13/2015 11:00:00 AM,8,6,2
05/13/2015 12:00:00 PM,13,7,6
05/13/2015 01:00:00 PM,6,3,3
05/13/2015 02:00:00 PM,13,2,11
05/13/2015 03:00:00 PM,8,4,4
05/13/2015 04:00:00 PM,22,10,12
05/13/2015 05:00:00 PM,19,9,10
05/13/2015 06:00:00 PM,14,10,4
05/13/2015 07:00:00 PM,17,5,12
05/13/2015 08:00:00 PM,6,2,4
05/13/2015 09:00:00 PM,9,2,7
05/13/2015 10:00:00 PM,1,0,1
05/13/2015 11:00:00 PM,0,0,0
05/14/2015 12:00:00 AM,1,0,1
05/14/2015 01:00:00 AM,3,0,3
05/14/2015 02:00:00 AM,0,0,0
05/14/2015 03:00:00 AM,0,0,0
05/14/2015 04:00:00 AM,2,0,2
05/14/2015 05:00:00 AM,3,1,2
05/14/2015 06:00:00 AM,10,1,9
05/14/2015 07:00:00 AM,17,6,11
05/14/2015 08:00:00 AM,18,8,10
05/14/2015 09:00:00 AM,15,11,4
05/14/2015 10:00:00 AM,8,7,1
05/14/2015 11:00:00 AM,10,6,4
05/14/2015 12:00:00 PM,16,9,7
05/14/2015 01:00:00 PM,6,5,1
05/14/2015 02:00:00 PM,13,9,4
05/14/2015 03:00:00 PM,8,7,1
05/14/2015 04:00:00 PM,16,16,0
05/14/2015 05:00:00 PM,22,21,1
05/14/2015 06:00:00 PM,11,11,0
05/14/2015 07:00:00 PM,4,3,1
05/14/2015 08:00:00 PM,11,8,3
05/14/2015 09:00:00 PM,6,5,1
05/14/2015 10:00:00 PM,8,8,0
05/14/2015 11:00:00 PM,2,2,0
05/15/2015 12:00:00 AM,3,0,3
05/15/2015 01:00:00 AM,4,2,2
05/15/2015 02:00:00 AM,6,2,4
05/15/2015 03:00:00 AM,0,0,0
05/15/2015 04:00:00 AM,1,1,0
05/15/2015 05:00:00 AM,0,0,0
05/15/2015 06:00:00 AM,0,0,0
05/15/2015 07:00:00 AM,0,0,0
05/15/2015 08:00:00 AM,0,0,0
05/15/2015 09:00:00 AM,2,0,2
05/15/2015 10:00:00 AM,0,0,0
05/15/2015 11:00:00 AM,2,0,2
05/15/2015 12:00:00 PM,1,0,1
05/15/2015 01:00:00 PM,0,0,0
05/15/2015 02:00:00 PM,0,0,0
05/15/2015 03:00:00 PM,0,0,0
05/15/2015 04:00:00 PM,1,0,1
05/15/2015 05:00:00 PM,0,0,0
05/15/2015 06:00:00 PM,0,0,0
05/15/2015 07:00:00 PM,0,0,0
05/15/2015 08:00:00 PM,0,0,0
05/15/2015 09:00:00 PM,0,0,0
05/15/2015 10:00:00 PM,2,0,2
05/15/2015 11:00:00 PM,0,0,0
05/16/2015 12:00:00 AM,0,0,0
05/16/2015 01:00:00 AM,1,1,0
05/16/2015 02:00:00 AM,1,1,0
05/16/2015 03:00:00 AM,0,0,0
05/16/2015 04:00:00 AM,0,0,0
05/16/2015 05:00:00 AM,0,0,0
05/16/2015 06:00:00 AM,0,0,0
05/16/2015 07:00:00 AM,0,0,0
05/16/2015 08:00:00 AM,0,0,0
05/16/2015 09:00:00 AM,0,0,0
05/16/2015 10:00:00 AM,0,0,0
05/16/2015 11:00:00 AM,0,0,0
05/16/2015 12:00:00 PM,0,0,0
05/16/2015 01:00:00 PM,0,0,0
05/16/2015 02:00:00 PM,1,0,1
05/16/2015 03:00:00 PM,0,0,0
05/16/2015 04:00:00 PM,1,0,1
05/16/2015 05:00:00 PM,0,0,0
05/16/2015 06:00:00 PM,0,0,0
05/16/2015 07:00:00 PM,0,0,0
05/16/2015 08:00:00 PM,0,0,0
05/16/2015 09:00:00 PM,1,0,1
05/16/2015 10:00:00 PM,2,1,1
05/16/2015 11:00:00 PM,0,0,0
05/17/2015 12:00:00 AM,2,0,2
05/17/2015 01:00:00 AM,2,0,2
05/17/2015 02:00:00 AM,1,0,1
05/17/2015 03:00:00 AM,0,0,0
05/17/2015 04:00:00 AM,0,0,0
05/17/2015 05:00:00 AM,0,0,0
05/17/2015 06:00:00 AM,0,0,0
05/17/2015 07:00:00 AM,0,0,0
05/17/2015 08:00:00 AM,0,0,0
05/17/2015 09:00:00 AM,0,0,0
05/17/2015 10:00:00 AM,0,0,0
05/17/2015 11:00:00 AM,0,0,0
05/17/2015 12:00:00 PM,0,0,0
05/17/2015 01:00:00 PM,1,0,1
05/17/2015 02:00:00 PM,0,0,0
05/17/2015 03:00:00 PM,0,0,0
05/17/2015 04:00:00 PM,3,0,3
05/17/2015 05:00:00 PM,0,0,0
05/17/2015 06:00:00 PM,1,0,1
05/17/2015 07:00:00 PM,0,0,0
05/17/2015 08:00:00 PM,0,0,0
05/17/2015 09:00:00 PM,0,0,0
05/17/2015 10:00:00 PM,0,0,0
05/17/2015 11:00:00 PM,0,0,0
05/18/2015 12:00:00 AM,0,0,0
05/18/2015 01:00:00 AM,0,0,0
05/18/2015 02:00:00 AM,0,0,0
05/18/2015 03:00:00 AM,0,0,0
05/18/2015 04:00:00 AM,0,0,0
05/18/2015 05:00:00 AM,0,0,0
05/18/2015 06:00:00 AM,0,0,0
05/18/2015 07:00:00 AM,0,0,0
05/18/2015 08:00:00 AM,0,0,0
05/18/2015 09:00:00 AM,0,0,0
05/18/2015 10:00:00 AM,0,0,0
05/18/2015 11:00:00 AM,1,1,0
05/18/2015 12:00:00 PM,0,0,0
05/18/2015 01:00:00 PM,0,0,0
05/18/2015 02:00:00 PM,0,0,0
05/18/2015 03:00:00 PM,0,0,0
05/18/2015 04:00:00 PM,0,0,0
05/18/2015 05:00:00 PM,1,0,1
05/18/2015 06:00:00 PM,0,0,0
05/18/2015 07:00:00 PM,0,0,0
05/18/2015 08:00:00 PM,1,0,1
05/18/2015 09:00:00 PM,0,0,0
05/18/2015 10:00:00 PM,0,0,0
05/18/2015 11:00:00 PM,0,0,0
05/19/2015 12:00:00 AM,0,0,0
05/19/2015 01:00:00 AM,0,0,0
05/19/2015 02:00:00 AM,0,0,0
05/19/2015 03:00:00 AM,0,0,0
05/19/2015 04:00:00 AM,0,0,0
05/19/2015 05:00:00 AM,0,0,0
05/19/2015 06:00:00 AM,0,0,0
05/19/2015 07:00:00 AM,0,0,0
05/19/2015 08:00:00 AM,0,0,0
05/19/2015 09:00:00 AM,2,1,1
05/19/2015 10:00:00 AM,1,1,0
05/19/2015 11:00:00 AM,2,0,2
05/19/2015 12:00:00 PM,0,0,0
05/19/2015 01:00:00 PM,1,1,0
05/19/2015 02:00:00 PM,0,0,0
05/19/2015 03:00:00 PM,0,0,0
05/19/2015 04:00:00 PM,1,1,0
05/19/2015 05:00:00 PM,0,0,0
05/19/2015 06:00:00 PM,0,0,0
05/19/2015 07:00:00 PM,0,0,0
05/19/2015 08:00:00 PM,0,0,0
05/19/2015 09:00:00 PM,0,0,0
05/19/2015 10:00:00 PM,0,0,0
05/19/2015 11:00:00 PM,0,0,0
05/20/2015 12:00:00 AM,0,0,0
05/20/2015 01:00:00 AM,0,0,0
05/20/2015 02:00:00 AM,0,0,0
05/20/2015 03:00:00 AM,0,0,0
05/20/2015 04:00:00 AM,0,0,0
05/20/2015 05:00:00 AM,0,0,0
05/20/2015 06:00:00 AM,0,0,0
05/20/2015 07:00:00 AM,1,0,1
05/20/2015 08:00:00 AM,0,0,0
05/20/2015 09:00:00 AM,0,0,0
05/20/2015 10:00:00 AM,1,1,0
05/20/2015 11:00:00 AM,1,1,0
05/20/2015 12:00:00 PM,0,0,0
05/20/2015 01:00:00 PM,1,0,1
05/20/2015 02:00:00 PM,0,0,0
05/20/2015 03:00:00 PM,0,0,0
05/20/2015 04:00:00 PM,0,0,0
05/20/2015 05:00:00 PM,0,0,0
05/20/2015 06:00:00 PM,1,0,1
05/20/2015 07:00:00 PM,0,0,0
05/20/2015 08:00:00 PM,0,0,0
05/20/2015 09:00:00 PM,0,0,0
05/20/2015 10:00:00 PM,1,1,0
05/20/2015 11:00:00 PM,0,0,0
05/21/2015 12:00:00 AM,0,0,0
05/21/2015 01:00:00 AM,0,0,0
05/21/2015 02:00:00 AM,0,0,0
05/21/2015 03:00:00 AM,0,0,0
05/21/2015 04:00:00 AM,0,0,0
05/21/2015 05:00:00 AM,0,0,0
05/21/2015 06:00:00 AM,0,0,0
05/21/2015 07:00:00 AM,24,12,12
05/21/2015 08:00:00 AM,30,10,20
05/21/2015 09:00:00 AM,23,15,8
05/21/2015 10:00:00 AM,19,10,9
05/21/2015 11:00:00 AM,19,10,9
05/21/2015 12:00:00 PM,16,8,8
05/21/2015 01:00:00 PM,19,13,6
05/21/2015 02:00:00 PM,30,12,18
05/21/2015 03:00:00 PM,32,19,13
05/21/2015 04:00:00 PM,34,20,14
05/21/2015 05:00:00 PM,55,35,20
05/21/2015 06:00:00 PM,40,21,19
05/21/2015 07:00:00 PM,24,16,8
05/21/2015 08:00:00 PM,19,9,10
05/21/2015 09:00:00 PM,13,7,6
05/21/2015 10:00:00 PM,10,4,6
05/21/2015 11:00:00 PM,9,2,7
05/22/2015 12:00:00 AM,2,2,0
05/22/2015 01:00:00 AM,1,0,1
05/22/2015 02:00:00 AM,0,0,0
05/22/2015 03:00:00 AM,0,0,0
05/22/2015 04:00:00 AM,1,0,1
05/22/2015 05:00:00 AM,2,0,2
05/22/2015 06:00:00 AM,11,5,6
05/22/2015 07:00:00 AM,25,9,16
05/22/2015 08:00:00 AM,20,9,11
05/22/2015 09:00:00 AM,20,15,5
05/22/2015 10:00:00 AM,14,9,5
05/22/2015 11:00:00 AM,10,4,6
05/22/2015 12:00:00 PM,22,11,11
05/22/2015 01:00:00 PM,20,12,8
05/22/2015 02:00:00 PM,14,9,5
05/22/2015 03:00:00 PM,17,13,4
05/22/2015 04:00:00 PM,33,26,7
05/22/2015 05:00:00 PM,27,19,8
05/22/2015 06:00:00 PM,17,14,3
05/22/2015 07:00:00 PM,18,14,4
05/22/2015 08:00:00 PM,20,13,7
05/22/2015 09:00:00 PM,7,4,3
05/22/2015 10:00:00 PM,6,4,2
05/22/2015 11:00:00 PM,5,3,2
05/23/2015 12:00:00 AM,4,4,0
05/23/2015 01:00:00 AM,6,4,2
05/23/2015 02:00:00 AM,2,0,2
05/23/2015 03:00:00 AM,1,0,1
05/23/2015 04:00:00 AM,0,0,0
05/23/2015 05:00:00 AM,6,2,4
05/23/2015 06:00:00 AM,0,0,0
05/23/2015 07:00:00 AM,1,1,0
05/23/2015 08:00:00 AM,3,3,0
05/23/2015 09:00:00 AM,0,0,0
05/23/2015 10:00:00 AM,6,5,1
05/23/2015 11:00:00 AM,3,2,1
05/23/2015 12:00:00 PM,7,7,0
05/23/2015 01:00:00 PM,7,7,0
05/23/2015 02:00:00 PM,8,8,0
05/23/2015 03:00:00 PM,6,6,0
05/23/2015 04:00:00 PM,10,7,3
05/23/2015 05:00:00 PM,9,7,2
05/23/2015 06:00:00 PM,8,7,1
05/23/2015 07:00:00 PM,9,9,0
05/23/2015 08:00:00 PM,6,5,1
05/23/2015 09:00:00 PM,3,1,2
05/23/2015 10:00:00 PM,5,5,0
05/23/2015 11:00:00 PM,1,1,0
05/24/2015 12:00:00 AM,9,8,1
05/24/2015 01:00:00 AM,6,5,1
05/24/2015 02:00:00 AM,2,2,0
05/24/2015 03:00:00 AM,0,0,0
05/24/2015 04:00:00 AM,0,0,0
05/24/2015 05:00:00 AM,1,0,1
05/24/2015 06:00:00 AM,2,2,0
05/24/2015 07:00:00 AM,1,1,0
05/24/2015 08:00:00 AM,1,1,0
05/24/2015 09:00:00 AM,1,1,0
05/24/2015 10:00:00 AM,4,4,0
05/24/2015 11:00:00 AM,4,4,0
05/24/2015 12:00:00 PM,11,9,2
05/24/2015 01:00:00 PM,4,4,0
05/24/2015 02:00:00 PM,5,5,0
05/24/2015 03:00:00 PM,6,5,1
05/24/2015 04:00:00 PM,7,7,0
05/24/2015 05:00:00 PM,5,4,1
05/24/2015 06:00:00 PM,5,4,1
05/24/2015 07:00:00 PM,3,3,0
05/24/2015 08:00:00 PM,7,7,0
05/24/2015 09:00:00 PM,2,2,0
05/24/2015 10:00:00 PM,7,7,0
05/24/2015 11:00:00 PM,1,1,0
05/25/2015 12:00:00 AM,0,0,0
05/25/2015 01:00:00 AM,0,0,0
05/25/2015 02:00:00 AM,0,0,0
05/25/2015 03:00:00 AM,0,0,0
05/25/2015 04:00:00 AM,0,0,0
05/25/2015 05:00:00 AM,3,3,0
05/25/2015 06:00:00 AM,0,0,0
05/25/2015 07:00:00 AM,1,1,0
05/25/2015 08:00:00 AM,4,4,0
05/25/2015 09:00:00 AM,6,6,0
05/25/2015 10:00:00 AM,3,3,0
05/25/2015 11:00:00 AM,2,2,0
05/25/2015 12:00:00 PM,7,5,2
05/25/2015 01:00:00 PM,10,7,3
05/25/2015 02:00:00 PM,12,3,9
05/25/2015 03:00:00 PM,11,2,9
05/25/2015 04:00:00 PM,14,8,6
05/25/2015 05:00:00 PM,13,6,7
05/25/2015 06:00:00 PM,12,5,7
05/25/2015 07:00:00 PM,12,5,7
05/25/2015 08:00:00 PM,12,8,4
05/25/2015 09:00:00 PM,4,1,3
05/25/2015 10:00:00 PM,3,1,2
05/25/2015 11:00:00 PM,3,2,1
05/26/2015 12:00:00 AM,3,0,3
05/26/2015 01:00:00 AM,1,1,0
05/26/2015 02:00:00 AM,1,0,1
05/26/2015 03:00:00 AM,0,0,0
05/26/2015 04:00:00 AM,2,0,2
05/26/2015 05:00:00 AM,6,2,4
05/26/2015 06:00:00 AM,16,4,12
05/26/2015 07:00:00 AM,30,15,15
05/26/2015 08:00:00 AM,27,8,19
05/26/2015 09:00:00 AM,17,12,5
05/26/2015 10:00:00 AM,11,4,7
05/26/2015 11:00:00 AM,17,6,11
05/26/2015 12:00:00 PM,20,4,16
05/26/2015 01:00:00 PM,17,6,11
05/26/2015 02:00:00 PM,12,2,10
05/26/2015 03:00:00 PM,12,2,10
05/26/2015 04:00:00 PM,23,3,20
05/26/2015 05:00:00 PM,18,1,17
05/26/2015 06:00:00 PM,14,1,13
05/26/2015 07:00:00 PM,17,1,16
05/26/2015 08:00:00 PM,11,1,10
05/26/2015 09:00:00 PM,5,0,5
05/26/2015 10:00:00 PM,5,1,4
05/26/2015 11:00:00 PM,2,0,2
05/27/2015 12:00:00 AM,2,0,2
05/27/2015 01:00:00 AM,3,1,2
05/27/2015 02:00:00 AM,0,0,0
05/27/2015 03:00:00 AM,1,1,0
05/27/2015 04:00:00 AM,0,0,0
05/27/2015 05:00:00 AM,5,0,5
05/27/2015 06:00:00 AM,8,0,8
05/27/2015 07:00:00 AM,23,0,23
05/27/2015 08:00:00 AM,22,1,21
05/27/2015 09:00:00 AM,12,0,12
05/27/2015 10:00:00 AM,12,4,8
05/27/2015 11:00:00 AM,13,2,11
05/27/2015 12:00:00 PM,20,2,18
05/27/2015 01:00:00 PM,8,1,7
05/27/2015 02:00:00 PM,13,2,11
05/27/2015 03:00:00 PM,19,9,10
05/27/2015 04:00:00 PM,36,20,16
05/27/2015 05:00:00 PM,63,35,28
05/27/2015 06:00:00 PM,36,18,18
05/27/2015 07:00:00 PM,24,11,13
05/27/2015 08:00:00 PM,20,11,9
05/27/2015 09:00:00 PM,19,8,11
05/27/2015 10:00:00 PM,14,6,8
05/27/2015 11:00:00 PM,5,3,2
05/28/2015 12:00:00 AM,1,1,0
05/28/2015 01:00:00 AM,0,0,0
05/28/2015 02:00:00 AM,2,2,0
05/28/2015 03:00:00 AM,0,0,0
05/28/2015 04:00:00 AM,2,1,1
05/28/2015 05:00:00 AM,5,3,2
05/28/2015 06:00:00 AM,17,4,13
05/28/2015 07:00:00 AM,33,10,23
05/28/2015 08:00:00 AM,31,14,17
05/28/2015 09:00:00 AM,23,12,11
05/28/2015 10:00:00 AM,30,18,12
05/28/2015 11:00:00 AM,13,8,5
05/28/2015 12:00:00 PM,22,4,18
05/28/2015 01:00:00 PM,18,12,6
05/28/2015 02:00:00 PM,21,14,7
05/28/2015 03:00:00 PM,22,12,10
05/28/2015 04:00:00 PM,45,34,11
05/28/2015 05:00:00 PM,48,32,16
05/28/2015 06:00:00 PM,25,15,10
05/28/2015 07:00:00 PM,23,13,10
05/28/2015 08:00:00 PM,19,13,6
05/28/2015 09:00:00 PM,12,6,6
05/28/2015 10:00:00 PM,14,8,6
05/28/2015 11:00:00 PM,11,5,6
05/29/2015 12:00:00 AM,9,6,3
05/29/2015 01:00:00 AM,4,1,3
05/29/2015 02:00:00 AM,2,1,1
05/29/2015 03:00:00 AM,0,0,0
05/29/2015 04:00:00 AM,2,0,2
05/29/2015 05:00:00 AM,2,1,1
05/29/2015 06:00:00 AM,6,1,5
05/29/2015 07:00:00 AM,24,12,12
05/29/2015 08:00:00 AM,16,10,6
05/29/2015 09:00:00 AM,21,15,6
05/29/2015 10:00:00 AM,15,9,6
05/29/2015 11:00:00 AM,10,8,2
05/29/2015 12:00:00 PM,11,7,4
05/29/2015 01:00:00 PM,16,9,7
05/29/2015 02:00:00 PM,17,11,6
05/29/2015 03:00:00 PM,17,12,5
05/29/2015 04:00:00 PM,23,20,3
05/29/2015 05:00:00 PM,26,23,3
05/29/2015 06:00:00 PM,22,17,5
05/29/2015 07:00:00 PM,14,11,3
05/29/2015 08:00:00 PM,13,10,3
05/29/2015 09:00:00 PM,9,8,1
05/29/2015 10:00:00 PM,6,3,3
05/29/2015 11:00:00 PM,4,4,0
05/30/2015 12:00:00 AM,5,3,2
05/30/2015 01:00:00 AM,0,0,0
05/30/2015 02:00:00 AM,0,0,0
05/30/2015 03:00:00 AM,0,0,0
05/30/2015 04:00:00 AM,0,0,0
05/30/2015 05:00:00 AM,0,0,0
05/30/2015 06:00:00 AM,0,0,0
05/30/2015 07:00:00 AM,0,0,0
05/30/2015 08:00:00 AM,0,0,0
05/30/2015 09:00:00 AM,0,0,0
05/30/2015 10:00:00 AM,1,1,0
05/30/2015 11:00:00 AM,0,0,0
05/30/2015 12:00:00 PM,0,0,0
05/30/2015 01:00:00 PM,0,0,0
05/30/2015 02:00:00 PM,0,0,0
05/30/2015 03:00:00 PM,0,0,0
05/30/2015 04:00:00 PM,1,1,0
05/30/2015 05:00:00 PM,0,0,0
05/30/2015 06:00:00 PM,0,0,0
05/30/2015 07:00:00 PM,0,0,0
05/30/2015 08:00:00 PM,0,0,0
05/30/2015 09:00:00 PM,0,0,0
05/30/2015 10:00:00 PM,1,1,0
05/30/2015 11:00:00 PM,0,0,0
05/31/2015 12:00:00 AM,2,2,0
05/31/2015 01:00:00 AM,1,1,0
05/31/2015 02:00:00 AM,2,2,0
05/31/2015 03:00:00 AM,0,0,0
05/31/2015 04:00:00 AM,0,0,0
05/31/2015 05:00:00 AM,0,0,0
05/31/2015 06:00:00 AM,0,0,0
05/31/2015 07:00:00 AM,0,0,0
05/31/2015 08:00:00 AM,0,0,0
05/31/2015 09:00:00 AM,0,0,0
05/31/2015 10:00:00 AM,0,0,0
05/31/2015 11:00:00 AM,1,1,0
05/31/2015 12:00:00 PM,1,1,0
05/31/2015 01:00:00 PM,0,0,0
05/31/2015 02:00:00 PM,1,1,0
05/31/2015 03:00:00 PM,0,0,0
05/31/2015 04:00:00 PM,2,2,0
05/31/2015 05:00:00 PM,2,2,0
05/31/2015 06:00:00 PM,0,0,0
05/31/2015 07:00:00 PM,0,0,0
05/31/2015 08:00:00 PM,0,0,0
05/31/2015 09:00:00 PM,0,0,0
05/31/2015 10:00:00 PM,0,0,0
05/31/2015 11:00:00 PM,8,2,6
06/01/2015 12:00:00 AM,0,0,0
06/01/2015 01:00:00 AM,0,0,0
06/01/2015 02:00:00 AM,0,0,0
06/01/2015 03:00:00 AM,0,0,0
06/01/2015 04:00:00 AM,0,0,0
06/01/2015 05:00:00 AM,0,0,0
06/01/2015 06:00:00 AM,0,0,0
06/01/2015 07:00:00 AM,0,0,0
06/01/2015 08:00:00 AM,0,0,0
06/01/2015 09:00:00 AM,0,0,0
06/01/2015 10:00:00 AM,0,0,0
06/01/2015 11:00:00 AM,21,7,14
06/01/2015 12:00:00 PM,22,10,12
06/01/2015 01:00:00 PM,17,9,8
06/01/2015 02:00:00 PM,13,6,7
06/01/2015 03:00:00 PM,23,10,13
06/01/2015 04:00:00 PM,18,9,9
06/01/2015 05:00:00 PM,53,30,23
06/01/2015 06:00:00 PM,29,16,13
06/01/2015 07:00:00 PM,21,15,6
06/01/2015 08:00:00 PM,11,9,2
06/01/2015 09:00:00 PM,8,3,5
06/01/2015 10:00:00 PM,3,1,2
06/01/2015 11:00:00 PM,5,1,4
06/02/2015 12:00:00 AM,4,4,0
06/02/2015 01:00:00 AM,1,0,1
06/02/2015 02:00:00 AM,0,0,0
06/02/2015 03:00:00 AM,0,0,0
06/02/2015 04:00:00 AM,0,0,0
06/02/2015 05:00:00 AM,6,2,4
06/02/2015 06:00:00 AM,13,2,11
06/02/2015 07:00:00 AM,22,8,14
06/02/2015 08:00:00 AM,20,6,14
06/02/2015 09:00:00 AM,19,14,5
06/02/2015 10:00:00 AM,9,5,4
06/02/2015 11:00:00 AM,20,13,7
06/02/2015 12:00:00 PM,11,5,6
06/02/2015 01:00:00 PM,15,8,7
06/02/2015 02:00:00 PM,16,7,9
06/02/2015 03:00:00 PM,16,10,6
06/02/2015 04:00:00 PM,25,10,15
06/02/2015 05:00:00 PM,48,29,19
06/02/2015 06:00:00 PM,21,9,12
06/02/2015 07:00:00 PM,31,16,15
06/02/2015 08:00:00 PM,18,8,10
06/02/2015 09:00:00 PM,16,8,8
06/02/2015 10:00:00 PM,10,5,5
06/02/2015 11:00:00 PM,4,3,1
06/03/2015 12:00:00 AM,3,0,3
06/03/2015 01:00:00 AM,1,1,0
06/03/2015 02:00:00 AM,1,0,1
06/03/2015 03:00:00 AM,0,0,0
06/03/2015 04:00:00 AM,2,0,2
06/03/2015 05:00:00 AM,2,0,2
06/03/2015 06:00:00 AM,20,6,14
06/03/2015 07:00:00 AM,30,7,23
06/03/2015 08:00:00 AM,19,9,10
06/03/2015 09:00:00 AM,21,9,12
06/03/2015 10:00:00 AM,14,10,4
06/03/2015 11:00:00 AM,16,8,8
06/03/2015 12:00:00 PM,24,9,15
06/03/2015 01:00:00 PM,15,10,5
06/03/2015 02:00:00 PM,25,11,14
06/03/2015 03:00:00 PM,26,10,16
06/03/2015 04:00:00 PM,33,21,12
06/03/2015 05:00:00 PM,46,26,20
06/03/2015 06:00:00 PM,37,18,19
06/03/2015 07:00:00 PM,31,14,17
06/03/2015 08:00:00 PM,27,12,15
06/03/2015 09:00:00 PM,21,10,11
06/03/2015 10:00:00 PM,14,8,6
06/03/2015 11:00:00 PM,4,2,2
06/04/2015 12:00:00 AM,4,1,3
06/04/2015 01:00:00 AM,3,0,3
06/04/2015 02:00:00 AM,2,2,0
06/04/2015 03:00:00 AM,1,0,1
06/04/2015 04:00:00 AM,1,0,1
06/04/2015 05:00:00 AM,3,1,2
06/04/2015 06:00:00 AM,20,2,18
06/04/2015 07:00:00 AM,27,9,18
06/04/2015 08:00:00 AM,28,12,16
06/04/2015 09:00:00 AM,22,13,9
06/04/2015 10:00:00 AM,13,8,5
06/04/2015 11:00:00 AM,23,10,13
06/04/2015 12:00:00 PM,27,11,16
06/04/2015 01:00:00 PM,14,5,9
06/04/2015 02:00:00 PM,24,14,10
06/04/2015 03:00:00 PM,19,8,11
06/04/2015 04:00:00 PM,33,18,15
06/04/2015 05:00:00 PM,54,30,24
06/04/2015 06:00:00 PM,37,15,22
06/04/2015 07:00:00 PM,24,14,10
06/04/2015 08:00:00 PM,21,10,11
06/04/2015 09:00:00 PM,16,8,8
06/04/2015 10:00:00 PM,11,4,7
06/04/2015 11:00:00 PM,13,2,11
06/05/2015 12:00:00 AM,3,3,0
06/05/2015 01:00:00 AM,4,3,1
06/05/2015 02:00:00 AM,3,2,1
06/05/2015 03:00:00 AM,2,1,1
06/05/2015 04:00:00 AM,2,1,1
06/05/2015 05:00:00 AM,4,2,2
06/05/2015 06:00:00 AM,14,5,9
06/05/2015 07:00:00 AM,29,8,21
06/05/2015 08:00:00 AM,23,3,20
06/05/2015 09:00:00 AM,21,10,11
06/05/2015 10:00:00 AM,19,11,8
06/05/2015 11:00:00 AM,15,5,10
06/05/2015 12:00:00 PM,29,16,13
06/05/2015 01:00:00 PM,21,7,14
06/05/2015 02:00:00 PM,29,16,13
06/05/2015 03:00:00 PM,26,12,14
06/05/2015 04:00:00 PM,35,21,14
06/05/2015 05:00:00 PM,45,27,18
06/05/2015 06:00:00 PM,22,12,10
06/05/2015 07:00:00 PM,25,6,19
06/05/2015 08:00:00 PM,16,9,7
06/05/2015 09:00:00 PM,22,9,13
06/05/2015 10:00:00 PM,4,3,1
06/05/2015 11:00:00 PM,11,3,8
06/06/2015 12:00:00 AM,15,7,8
06/06/2015 01:00:00 AM,12,5,7
06/06/2015 02:00:00 AM,2,1,1
06/06/2015 03:00:00 AM,2,0,2
06/06/2015 04:00:00 AM,0,0,0
06/06/2015 05:00:00 AM,2,0,2
06/06/2015 06:00:00 AM,8,3,5
06/06/2015 07:00:00 AM,8,3,5
06/06/2015 08:00:00 AM,9,5,4
06/06/2015 09:00:00 AM,8,3,5
06/06/2015 10:00:00 AM,14,8,6
06/06/2015 11:00:00 AM,11,5,6
06/06/2015 12:00:00 PM,17,10,7
06/06/2015 01:00:00 PM,20,11,9
06/06/2015 02:00:00 PM,16,5,11
06/06/2015 03:00:00 PM,22,14,8
06/06/2015 04:00:00 PM,20,10,10
06/06/2015 05:00:00 PM,21,11,10
06/06/2015 06:00:00 PM,16,5,11
06/06/2015 07:00:00 PM,12,4,8
06/06/2015 08:00:00 PM,15,7,8
06/06/2015 09:00:00 PM,13,7,6
06/06/2015 10:00:00 PM,11,8,3
06/06/2015 11:00:00 PM,7,1,6
06/07/2015 12:00:00 AM,5,1,4
06/07/2015 01:00:00 AM,8,2,6
06/07/2015 02:00:00 AM,8,3,5
06/07/2015 03:00:00 AM,4,2,2
06/07/2015 04:00:00 AM,1,0,1
06/07/2015 05:00:00 AM,0,0,0
06/07/2015 06:00:00 AM,6,1,5
06/07/2015 07:00:00 AM,6,2,4
06/07/2015 08:00:00 AM,9,6,3
06/07/2015 09:00:00 AM,8,2,6
06/07/2015 10:00:00 AM,9,6,3
06/07/2015 11:00:00 AM,24,9,15
06/07/2015 12:00:00 PM,21,10,11
06/07/2015 01:00:00 PM,25,16,9
06/07/2015 02:00:00 PM,19,7,12
06/07/2015 03:00:00 PM,13,2,11
06/07/2015 04:00:00 PM,14,8,6
06/07/2015 05:00:00 PM,19,12,7
06/07/2015 06:00:00 PM,24,10,14
06/07/2015 07:00:00 PM,12,6,6
06/07/2015 08:00:00 PM,21,10,11
06/07/2015 09:00:00 PM,8,2,6
06/07/2015 10:00:00 PM,10,2,8
06/07/2015 11:00:00 PM,7,3,4
06/08/2015 12:00:00 AM,7,4,3
06/08/2015 01:00:00 AM,2,1,1
06/08/2015 02:00:00 AM,4,3,1
06/08/2015 03:00:00 AM,0,0,0
06/08/2015 04:00:00 AM,2,0,2
06/08/2015 05:00:00 AM,6,2,4
06/08/2015 06:00:00 AM,15,6,9
06/08/2015 07:00:00 AM,38,18,20
06/08/2015 08:00:00 AM,26,10,16
06/08/2015 09:00:00 AM,28,13,15
06/08/2015 10:00:00 AM,19,11,8
06/08/2015 11:00:00 AM,21,11,10
06/08/2015 12:00:00 PM,18,7,11
06/08/2015 01:00:00 PM,25,11,14
06/08/2015 02:00:00 PM,20,14,6
06/08/2015 03:00:00 PM,20,8,12
06/08/2015 04:00:00 PM,35,14,21
06/08/2015 05:00:00 PM,46,25,21
06/08/2015 06:00:00 PM,40,25,15
06/08/2015 07:00:00 PM,20,9,11
06/08/2015 08:00:00 PM,20,8,12
06/08/2015 09:00:00 PM,10,7,3
06/08/2015 10:00:00 PM,7,2,5
06/08/2015 11:00:00 PM,5,2,3
06/09/2015 12:00:00 AM,4,0,4
06/09/2015 01:00:00 AM,0,0,0
06/09/2015 02:00:00 AM,0,0,0
06/09/2015 03:00:00 AM,0,0,0
06/09/2015 04:00:00 AM,4,1,3
06/09/2015 05:00:00 AM,3,1,2
06/09/2015 06:00:00 AM,16,8,8
06/09/2015 07:00:00 AM,37,8,29
06/09/2015 08:00:00 AM,28,15,13
06/09/2015 09:00:00 AM,14,8,6
06/09/2015 10:00:00 AM,15,8,7
06/09/2015 11:00:00 AM,16,6,10
06/09/2015 12:00:00 PM,27,11,16
06/09/2015 01:00:00 PM,18,9,9
06/09/2015 02:00:00 PM,31,17,14
06/09/2015 03:00:00 PM,21,11,10
06/09/2015 04:00:00 PM,42,21,21
06/09/2015 05:00:00 PM,53,32,21
06/09/2015 06:00:00 PM,41,22,19
06/09/2015 07:00:00 PM,26,10,16
06/09/2015 08:00:00 PM,23,6,17
06/09/2015 09:00:00 PM,13,3,10
06/09/2015 10:00:00 PM,9,1,8
06/09/2015 11:00:00 PM,8,5,3
06/10/2015 12:00:00 AM,5,3,2
06/10/2015 01:00:00 AM,3,0,3
06/10/2015 02:00:00 AM,0,0,0
06/10/2015 03:00:00 AM,0,0,0
06/10/2015 04:00:00 AM,1,0,1
06/10/2015 05:00:00 AM,7,3,4
06/10/2015 06:00:00 AM,14,6,8
06/10/2015 07:00:00 AM,34,13,21
06/10/2015 08:00:00 AM,32,20,12
06/10/2015 09:00:00 AM,23,10,13
06/10/2015 10:00:00 AM,17,11,6
06/10/2015 11:00:00 AM,29,14,15
06/10/2015 12:00:00 PM,27,10,17
06/10/2015 01:00:00 PM,32,15,17
06/10/2015 02:00:00 PM,18,13,5
06/10/2015 03:00:00 PM,20,13,7
06/10/2015 04:00:00 PM,38,22,16
06/10/2015 05:00:00 PM,51,27,24
06/10/2015 06:00:00 PM,37,20,17
06/10/2015 07:00:00 PM,31,15,16
06/10/2015 08:00:00 PM,32,11,21
06/10/2015 09:00:00 PM,14,4,10
06/10/2015 10:00:00 PM,9,4,5
06/10/2015 11:00:00 PM,13,6,7
06/11/2015 12:00:00 AM,5,2,3
06/11/2015 01:00:00 AM,4,3,1
06/11/2015 02:00:00 AM,0,0,0
06/11/2015 03:00:00 AM,0,0,0
06/11/2015 04:00:00 AM,0,0,0
06/11/2015 05:00:00 AM,7,2,5
06/11/2015 06:00:00 AM,13,3,10
06/11/2015 07:00:00 AM,28,10,18
06/11/2015 08:00:00 AM,27,10,17
06/11/2015 09:00:00 AM,23,12,11
06/11/2015 10:00:00 AM,15,6,9
06/11/2015 11:00:00 AM,22,13,9
06/11/2015 12:00:00 PM,27,10,17
06/11/2015 01:00:00 PM,26,19,7
06/11/2015 02:00:00 PM,20,9,11
06/11/2015 03:00:00 PM,19,8,11
06/11/2015 04:00:00 PM,34,25,9
06/11/2015 05:00:00 PM,46,29,17
06/11/2015 06:00:00 PM,42,19,23
06/11/2015 07:00:00 PM,25,15,10
06/11/2015 08:00:00 PM,23,10,13
06/11/2015 09:00:00 PM,9,4,5
06/11/2015 10:00:00 PM,16,5,11
06/11/2015 11:00:00 PM,11,5,6
06/12/2015 12:00:00 AM,7,3,4
06/12/2015 01:00:00 AM,6,3,3
06/12/2015 02:00:00 AM,4,2,2
06/12/2015 03:00:00 AM,0,0,0
06/12/2015 04:00:00 AM,3,0,3
06/12/2015 05:00:00 AM,2,0,2
06/12/2015 06:00:00 AM,12,2,10
06/12/2015 07:00:00 AM,23,7,16
06/12/2015 08:00:00 AM,26,6,20
06/12/2015 09:00:00 AM,22,9,13
06/12/2015 10:00:00 AM,12,5,7
06/12/2015 11:00:00 AM,13,9,4
06/12/2015 12:00:00 PM,22,10,12
06/12/2015 01:00:00 PM,29,11,18
06/12/2015 02:00:00 PM,18,11,7
06/12/2015 03:00:00 PM,31,19,12
06/12/2015 04:00:00 PM,35,16,19
06/12/2015 05:00:00 PM,55,37,18
06/12/2015 06:00:00 PM,32,13,19
06/12/2015 07:00:00 PM,17,9,8
06/12/2015 08:00:00 PM,21,13,8
06/12/2015 09:00:00 PM,14,7,7
06/12/2015 10:00:00 PM,7,4,3
06/12/2015 11:00:00 PM,17,7,10
06/13/2015 12:00:00 AM,5,3,2
06/13/2015 01:00:00 AM,15,1,14
06/13/2015 02:00:00 AM,1,0,1
06/13/2015 03:00:00 AM,1,1,0
06/13/2015 04:00:00 AM,0,0,0
06/13/2015 05:00:00 AM,1,0,1
06/13/2015 06:00:00 AM,10,6,4
06/13/2015 07:00:00 AM,14,5,9
06/13/2015 08:00:00 AM,5,4,1
06/13/2015 09:00:00 AM,6,4,2
06/13/2015 10:00:00 AM,18,10,8
06/13/2015 11:00:00 AM,18,10,8
06/13/2015 12:00:00 PM,20,7,13
06/13/2015 01:00:00 PM,13,7,6
06/13/2015 02:00:00 PM,19,10,9
06/13/2015 03:00:00 PM,11,8,3
06/13/2015 04:00:00 PM,21,6,15
06/13/2015 05:00:00 PM,14,8,6
06/13/2015 06:00:00 PM,21,10,11
06/13/2015 07:00:00 PM,17,8,9
06/13/2015 08:00:00 PM,7,3,4
06/13/2015 09:00:00 PM,12,6,6
06/13/2015 10:00:00 PM,8,2,6
06/13/2015 11:00:00 PM,10,6,4
06/14/2015 12:00:00 AM,14,5,9
06/14/2015 01:00:00 AM,10,5,5
06/14/2015 02:00:00 AM,9,4,5
06/14/2015 03:00:00 AM,0,0,0
06/14/2015 04:00:00 AM,0,0,0
06/14/2015 05:00:00 AM,1,0,1
06/14/2015 06:00:00 AM,8,4,4
06/14/2015 07:00:00 AM,6,2,4
06/14/2015 08:00:00 AM,6,3,3
06/14/2015 09:00:00 AM,12,9,3
06/14/2015 10:00:00 AM,6,5,1
06/14/2015 11:00:00 AM,13,9,4
06/14/2015 12:00:00 PM,21,12,9
06/14/2015 01:00:00 PM,26,14,12
06/14/2015 02:00:00 PM,21,9,12
06/14/2015 03:00:00 PM,13,8,5
06/14/2015 04:00:00 PM,12,5,7
06/14/2015 05:00:00 PM,20,8,12
06/14/2015 06:00:00 PM,17,12,5
06/14/2015 07:00:00 PM,12,7,5
06/14/2015 08:00:00 PM,8,5,3
06/14/2015 09:00:00 PM,12,5,7
06/14/2015 10:00:00 PM,10,4,6
06/14/2015 11:00:00 PM,2,2,0
06/15/2015 12:00:00 AM,3,2,1
06/15/2015 01:00:00 AM,6,2,4
06/15/2015 02:00:00 AM,4,2,2
06/15/2015 03:00:00 AM,0,0,0
06/15/2015 04:00:00 AM,3,0,3
06/15/2015 05:00:00 AM,4,2,2
06/15/2015 06:00:00 AM,16,6,10
06/15/2015 07:00:00 AM,31,10,21
06/15/2015 08:00:00 AM,27,9,18
06/15/2015 09:00:00 AM,22,12,10
06/15/2015 10:00:00 AM,12,9,3
06/15/2015 11:00:00 AM,24,12,12
06/15/2015 12:00:00 PM,18,7,11
06/15/2015 01:00:00 PM,19,9,10
06/15/2015 02:00:00 PM,31,18,13
06/15/2015 03:00:00 PM,24,8,16
06/15/2015 04:00:00 PM,35,22,13
06/15/2015 05:00:00 PM,47,27,20
06/15/2015 06:00:00 PM,47,21,26
06/15/2015 07:00:00 PM,21,13,8
06/15/2015 08:00:00 PM,18,6,12
06/15/2015 09:00:00 PM,14,9,5
06/15/2015 10:00:00 PM,8,2,6
06/15/2015 11:00:00 PM,9,5,4
06/16/2015 12:00:00 AM,2,1,1
06/16/2015 01:00:00 AM,2,1,1
06/16/2015 02:00:00 AM,0,0,0
06/16/2015 03:00:00 AM,2,1,1
06/16/2015 04:00:00 AM,5,1,4
06/16/2015 05:00:00 AM,8,2,6
06/16/2015 06:00:00 AM,16,5,11
06/16/2015 07:00:00 AM,35,11,24
06/16/2015 08:00:00 AM,30,14,16
06/16/2015 09:00:00 AM,27,12,15
06/16/2015 10:00:00 AM,26,16,10
06/16/2015 11:00:00 AM,25,12,13
06/16/2015 12:00:00 PM,29,20,9
06/16/2015 01:00:00 PM,26,12,14
06/16/2015 02:00:00 PM,27,16,11
06/16/2015 03:00:00 PM,23,12,11
06/16/2015 04:00:00 PM,35,21,14
06/16/2015 05:00:00 PM,60,37,23
06/16/2015 06:00:00 PM,40,23,17
06/16/2015 07:00:00 PM,21,10,11
06/16/2015 08:00:00 PM,13,5,8
06/16/2015 09:00:00 PM,13,7,6
06/16/2015 10:00:00 PM,9,3,6
06/16/2015 11:00:00 PM,10,5,5
06/17/2015 12:00:00 AM,8,6,2
06/17/2015 01:00:00 AM,6,3,3
06/17/2015 02:00:00 AM,0,0,0
06/17/2015 03:00:00 AM,1,1,0
06/17/2015 04:00:00 AM,4,1,3
06/17/2015 05:00:00 AM,6,2,4
06/17/2015 06:00:00 AM,19,5,14
06/17/2015 07:00:00 AM,33,7,26
06/17/2015 08:00:00 AM,26,9,17
06/17/2015 09:00:00 AM,24,13,11
06/17/2015 10:00:00 AM,21,16,5
06/17/2015 11:00:00 AM,18,7,11
06/17/2015 12:00:00 PM,12,4,8
06/17/2015 01:00:00 PM,19,9,10
06/17/2015 02:00:00 PM,23,11,12
06/17/2015 03:00:00 PM,22,11,11
06/17/2015 04:00:00 PM,44,21,23
06/17/2015 05:00:00 PM,45,30,15
06/17/2015 06:00:00 PM,39,15,24
06/17/2015 07:00:00 PM,32,19,13
06/17/2015 08:00:00 PM,26,13,13
06/17/2015 09:00:00 PM,17,12,5
06/17/2015 10:00:00 PM,10,4,6
06/17/2015 11:00:00 PM,10,6,4
06/18/2015 12:00:00 AM,5,1,4
06/18/2015 01:00:00 AM,5,1,4
06/18/2015 02:00:00 AM,3,0,3
06/18/2015 03:00:00 AM,0,0,0
06/18/2015 04:00:00 AM,3,0,3
06/18/2015 05:00:00 AM,5,1,4
06/18/2015 06:00:00 AM,16,2,14
06/18/2015 07:00:00 AM,27,5,22
06/18/2015 08:00:00 AM,27,12,15
06/18/2015 09:00:00 AM,26,14,12
06/18/2015 10:00:00 AM,13,9,4
06/18/2015 11:00:00 AM,26,14,12
06/18/2015 12:00:00 PM,20,6,14
06/18/2015 01:00:00 PM,15,5,10
06/18/2015 02:00:00 PM,19,8,11
06/18/2015 03:00:00 PM,25,15,10
06/18/2015 04:00:00 PM,34,18,16
06/18/2015 05:00:00 PM,38,26,12
06/18/2015 06:00:00 PM,22,13,9
06/18/2015 07:00:00 PM,29,13,16
06/18/2015 08:00:00 PM,16,10,6
06/18/2015 09:00:00 PM,9,6,3
06/18/2015 10:00:00 PM,9,4,5
06/18/2015 11:00:00 PM,11,5,6
06/19/2015 12:00:00 AM,9,4,5
06/19/2015 01:00:00 AM,4,2,2
06/19/2015 02:00:00 AM,1,1,0
06/19/2015 03:00:00 AM,2,0,2
06/19/2015 04:00:00 AM,3,0,3
06/19/2015 05:00:00 AM,3,0,3
06/19/2015 06:00:00 AM,10,3,7
06/19/2015 07:00:00 AM,27,9,18
06/19/2015 08:00:00 AM,27,10,17
06/19/2015 09:00:00 AM,17,5,12
06/19/2015 10:00:00 AM,12,9,3
06/19/2015 11:00:00 AM,20,9,11
06/19/2015 12:00:00 PM,12,2,10
06/19/2015 01:00:00 PM,26,7,19
06/19/2015 02:00:00 PM,20,16,4
06/19/2015 03:00:00 PM,23,16,7
06/19/2015 04:00:00 PM,37,27,10
06/19/2015 05:00:00 PM,38,16,22
06/19/2015 06:00:00 PM,21,11,10
06/19/2015 07:00:00 PM,25,11,14
06/19/2015 08:00:00 PM,23,14,9
06/19/2015 09:00:00 PM,14,4,10
06/19/2015 10:00:00 PM,16,11,5
06/19/2015 11:00:00 PM,13,6,7
06/20/2015 12:00:00 AM,6,2,4
06/20/2015 01:00:00 AM,11,2,9
06/20/2015 02:00:00 AM,12,3,9
06/20/2015 03:00:00 AM,1,1,0
06/20/2015 04:00:00 AM,0,0,0
06/20/2015 05:00:00 AM,2,0,2
06/20/2015 06:00:00 AM,9,3,6
06/20/2015 07:00:00 AM,5,2,3
06/20/2015 08:00:00 AM,5,3,2
06/20/2015 09:00:00 AM,7,6,1
06/20/2015 10:00:00 AM,20,11,9
06/20/2015 11:00:00 AM,19,6,13
06/20/2015 12:00:00 PM,33,16,17
06/20/2015 01:00:00 PM,18,10,8
06/20/2015 02:00:00 PM,11,9,2
06/20/2015 03:00:00 PM,18,7,11
06/20/2015 04:00:00 PM,24,13,11
06/20/2015 05:00:00 PM,13,3,10
06/20/2015 06:00:00 PM,18,8,10
06/20/2015 07:00:00 PM,11,6,5
06/20/2015 08:00:00 PM,9,4,5
06/20/2015 09:00:00 PM,17,9,8
06/20/2015 10:00:00 PM,12,4,8
06/20/2015 11:00:00 PM,12,5,7
06/21/2015 12:00:00 AM,6,2,4
06/21/2015 01:00:00 AM,6,3,3
06/21/2015 02:00:00 AM,8,2,6
06/21/2015 03:00:00 AM,5,3,2
06/21/2015 04:00:00 AM,1,0,1
06/21/2015 05:00:00 AM,0,0,0
06/21/2015 06:00:00 AM,4,1,3
06/21/2015 07:00:00 AM,7,4,3
06/21/2015 08:00:00 AM,5,3,2
06/21/2015 09:00:00 AM,12,8,4
06/21/2015 10:00:00 AM,12,8,4
06/21/2015 11:00:00 AM,18,9,9
06/21/2015 12:00:00 PM,13,9,4
06/21/2015 01:00:00 PM,21,11,10
06/21/2015 02:00:00 PM,19,4,15
06/21/2015 03:00:00 PM,15,2,13
06/21/2015 04:00:00 PM,17,8,9
06/21/2015 05:00:00 PM,13,2,11
06/21/2015 06:00:00 PM,17,4,13
06/21/2015 07:00:00 PM,13,9,4
06/21/2015 08:00:00 PM,11,7,4
06/21/2015 09:00:00 PM,5,1,4
06/21/2015 10:00:00 PM,5,1,4
06/21/2015 11:00:00 PM,5,3,2
06/22/2015 12:00:00 AM,2,2,0
06/22/2015 01:00:00 AM,2,0,2
06/22/2015 02:00:00 AM,3,1,2
06/22/2015 03:00:00 AM,1,0,1
06/22/2015 04:00:00 AM,2,1,1
06/22/2015 05:00:00 AM,5,1,4
06/22/2015 06:00:00 AM,10,2,8
06/22/2015 07:00:00 AM,29,5,24
06/22/2015 08:00:00 AM,40,11,29
06/22/2015 09:00:00 AM,13,5,8
06/22/2015 10:00:00 AM,11,6,5
06/22/2015 11:00:00 AM,18,7,11
06/22/2015 12:00:00 PM,15,6,9
06/22/2015 01:00:00 PM,24,10,14
06/22/2015 02:00:00 PM,31,10,21
06/22/2015 03:00:00 PM,22,16,6
06/22/2015 04:00:00 PM,41,26,15
06/22/2015 05:00:00 PM,28,17,11
06/22/2015 06:00:00 PM,34,17,17
06/22/2015 07:00:00 PM,25,14,11
06/22/2015 08:00:00 PM,16,7,9
06/22/2015 09:00:00 PM,10,5,5
06/22/2015 10:00:00 PM,11,6,5
06/22/2015 11:00:00 PM,9,4,5
06/23/2015 12:00:00 AM,3,1,2
06/23/2015 01:00:00 AM,1,0,1
06/23/2015 02:00:00 AM,0,0,0
06/23/2015 03:00:00 AM,1,1,0
06/23/2015 04:00:00 AM,1,0,1
06/23/2015 05:00:00 AM,8,3,5
06/23/2015 06:00:00 AM,17,2,15
06/23/2015 07:00:00 AM,38,10,28
06/23/2015 08:00:00 AM,28,6,22
06/23/2015 09:00:00 AM,31,15,16
06/23/2015 10:00:00 AM,18,14,4
06/23/2015 11:00:00 AM,17,6,11
06/23/2015 12:00:00 PM,10,3,7
06/23/2015 01:00:00 PM,15,9,6
06/23/2015 02:00:00 PM,13,10,3
06/23/2015 03:00:00 PM,30,17,13
06/23/2015 04:00:00 PM,38,24,14
06/23/2015 05:00:00 PM,62,37,25
06/23/2015 06:00:00 PM,50,24,26
06/23/2015 07:00:00 PM,31,16,15
06/23/2015 08:00:00 PM,24,13,11
06/23/2015 09:00:00 PM,15,9,6
06/23/2015 10:00:00 PM,11,6,5
06/23/2015 11:00:00 PM,5,2,3
06/24/2015 12:00:00 AM,2,1,1
06/24/2015 01:00:00 AM,2,0,2
06/24/2015 02:00:00 AM,5,2,3
06/24/2015 03:00:00 AM,0,0,0
06/24/2015 04:00:00 AM,2,2,0
06/24/2015 05:00:00 AM,6,1,5
06/24/2015 06:00:00 AM,14,4,10
06/24/2015 07:00:00 AM,37,6,31
06/24/2015 08:00:00 AM,25,7,18
06/24/2015 09:00:00 AM,27,12,15
06/24/2015 10:00:00 AM,15,10,5
06/24/2015 11:00:00 AM,22,10,12
06/24/2015 12:00:00 PM,31,15,16
06/24/2015 01:00:00 PM,24,12,12
06/24/2015 02:00:00 PM,16,9,7
06/24/2015 03:00:00 PM,23,13,10
06/24/2015 04:00:00 PM,42,24,18
06/24/2015 05:00:00 PM,49,28,21
06/24/2015 06:00:00 PM,42,23,19
06/24/2015 07:00:00 PM,39,18,21
06/24/2015 08:00:00 PM,16,6,10
06/24/2015 09:00:00 PM,8,5,3
06/24/2015 10:00:00 PM,9,4,5
06/24/2015 11:00:00 PM,8,6,2
06/25/2015 12:00:00 AM,5,1,4
06/25/2015 01:00:00 AM,7,2,5
06/25/2015 02:00:00 AM,1,0,1
06/25/2015 03:00:00 AM,0,0,0
06/25/2015 04:00:00 AM,2,2,0
06/25/2015 05:00:00 AM,8,2,6
06/25/2015 06:00:00 AM,26,3,23
06/25/2015 07:00:00 AM,33,11,22
06/25/2015 08:00:00 AM,29,4,25
06/25/2015 09:00:00 AM,24,10,14
06/25/2015 10:00:00 AM,18,9,9
06/25/2015 11:00:00 AM,10,4,6
06/25/2015 12:00:00 PM,19,10,9
06/25/2015 01:00:00 PM,24,11,13
06/25/2015 02:00:00 PM,15,8,7
06/25/2015 03:00:00 PM,29,18,11
06/25/2015 04:00:00 PM,44,30,14
06/25/2015 05:00:00 PM,69,37,32
06/25/2015 06:00:00 PM,44,16,28
06/25/2015 07:00:00 PM,22,14,8
06/25/2015 08:00:00 PM,30,15,15
06/25/2015 09:00:00 PM,15,7,8
06/25/2015 10:00:00 PM,10,6,4
06/25/2015 11:00:00 PM,17,5,12
06/26/2015 12:00:00 AM,5,2,3
06/26/2015 01:00:00 AM,5,1,4
06/26/2015 02:00:00 AM,5,1,4
06/26/2015 03:00:00 AM,0,0,0
06/26/2015 04:00:00 AM,3,0,3
06/26/2015 05:00:00 AM,5,3,2
06/26/2015 06:00:00 AM,19,7,12
06/26/2015 07:00:00 AM,31,7,24
06/26/2015 08:00:00 AM,28,11,17
06/26/2015 09:00:00 AM,22,10,12
06/26/2015 10:00:00 AM,14,9,5
06/26/2015 11:00:00 AM,34,14,20
06/26/2015 12:00:00 PM,16,7,9
06/26/2015 01:00:00 PM,18,6,12
06/26/2015 02:00:00 PM,32,22,10
06/26/2015 03:00:00 PM,26,15,11
06/26/2015 04:00:00 PM,48,22,26
06/26/2015 05:00:00 PM,38,18,20
06/26/2015 06:00:00 PM,37,23,14
06/26/2015 07:00:00 PM,24,13,11
06/26/2015 08:00:00 PM,21,11,10
06/26/2015 09:00:00 PM,19,4,15
06/26/2015 10:00:00 PM,18,7,11
06/26/2015 11:00:00 PM,23,9,14
06/27/2015 12:00:00 AM,12,6,6
06/27/2015 01:00:00 AM,11,4,7
06/27/2015 02:00:00 AM,12,5,7
06/27/2015 03:00:00 AM,1,0,1
06/27/2015 04:00:00 AM,0,0,0
06/27/2015 05:00:00 AM,7,2,5
06/27/2015 06:00:00 AM,11,3,8
06/27/2015 07:00:00 AM,10,1,9
06/27/2015 08:00:00 AM,13,7,6
06/27/2015 09:00:00 AM,12,5,7
06/27/2015 10:00:00 AM,9,7,2
06/27/2015 11:00:00 AM,14,6,8
06/27/2015 12:00:00 PM,22,10,12
06/27/2015 01:00:00 PM,16,9,7
06/27/2015 02:00:00 PM,29,16,13
06/27/2015 03:00:00 PM,28,12,16
06/27/2015 04:00:00 PM,23,17,6
06/27/2015 05:00:00 PM,19,11,8
06/27/2015 06:00:00 PM,20,12,8
06/27/2015 07:00:00 PM,31,19,12
06/27/2015 08:00:00 PM,15,4,11
06/27/2015 09:00:00 PM,12,8,4
06/27/2015 10:00:00 PM,14,5,9
06/27/2015 11:00:00 PM,24,10,14
06/28/2015 12:00:00 AM,17,2,15
06/28/2015 01:00:00 AM,28,10,18
06/28/2015 02:00:00 AM,18,4,14
06/28/2015 03:00:00 AM,5,2,3
06/28/2015 04:00:00 AM,1,1,0
06/28/2015 05:00:00 AM,4,2,2
06/28/2015 06:00:00 AM,9,1,8
06/28/2015 07:00:00 AM,8,3,5
06/28/2015 08:00:00 AM,12,3,9
06/28/2015 09:00:00 AM,6,4,2
06/28/2015 10:00:00 AM,11,8,3
06/28/2015 11:00:00 AM,15,11,4
06/28/2015 12:00:00 PM,17,8,9
06/28/2015 01:00:00 PM,22,11,11
06/28/2015 02:00:00 PM,19,5,14
06/28/2015 03:00:00 PM,25,9,16
06/28/2015 04:00:00 PM,26,12,14
06/28/2015 05:00:00 PM,19,8,11
06/28/2015 06:00:00 PM,17,5,12
06/28/2015 07:00:00 PM,17,9,8
06/28/2015 08:00:00 PM,7,5,2
06/28/2015 09:00:00 PM,13,6,7
06/28/2015 10:00:00 PM,8,2,6
06/28/2015 11:00:00 PM,6,4,2
06/29/2015 12:00:00 AM,3,1,2
06/29/2015 01:00:00 AM,1,0,1
06/29/2015 02:00:00 AM,5,2,3
06/29/2015 03:00:00 AM,0,0,0
06/29/2015 04:00:00 AM,3,0,3
06/29/2015 05:00:00 AM,6,0,6
06/29/2015 06:00:00 AM,22,8,14
06/29/2015 07:00:00 AM,36,10,26
06/29/2015 08:00:00 AM,34,8,26
06/29/2015 09:00:00 AM,20,9,11
06/29/2015 10:00:00 AM,16,7,9
06/29/2015 11:00:00 AM,19,11,8
06/29/2015 12:00:00 PM,20,8,12
06/29/2015 01:00:00 PM,35,17,18
06/29/2015 02:00:00 PM,24,12,12
06/29/2015 03:00:00 PM,32,18,14
06/29/2015 04:00:00 PM,34,20,14
06/29/2015 05:00:00 PM,52,35,17
06/29/2015 06:00:00 PM,36,21,15
06/29/2015 07:00:00 PM,24,12,12
06/29/2015 08:00:00 PM,15,9,6
06/29/2015 09:00:00 PM,14,10,4
06/29/2015 10:00:00 PM,11,6,5
06/29/2015 11:00:00 PM,8,5,3
06/30/2015 12:00:00 AM,2,0,2
06/30/2015 01:00:00 AM,1,0,1
06/30/2015 02:00:00 AM,0,0,0
06/30/2015 03:00:00 AM,1,0,1
06/30/2015 04:00:00 AM,2,0,2
06/30/2015 05:00:00 AM,6,0,6
06/30/2015 06:00:00 AM,22,4,18
06/30/2015 07:00:00 AM,41,9,32
06/30/2015 08:00:00 AM,38,10,28
06/30/2015 09:00:00 AM,23,16,7
06/30/2015 10:00:00 AM,20,12,8
06/30/2015 11:00:00 AM,27,10,17
06/30/2015 12:00:00 PM,25,13,12
06/30/2015 01:00:00 PM,17,4,13
06/30/2015 02:00:00 PM,34,16,18
06/30/2015 03:00:00 PM,27,17,10
06/30/2015 04:00:00 PM,51,35,16
06/30/2015 05:00:00 PM,53,36,17
06/30/2015 06:00:00 PM,45,26,19
06/30/2015 07:00:00 PM,27,16,11
06/30/2015 08:00:00 PM,23,7,16
06/30/2015 09:00:00 PM,21,5,16
06/30/2015 10:00:00 PM,7,5,2
06/30/2015 11:00:00 PM,17,12,5
07/01/2015 12:00:00 AM,6,2,4
07/01/2015 01:00:00 AM,1,1,0
07/01/2015 02:00:00 AM,2,0,2
07/01/2015 03:00:00 AM,3,0,3
07/01/2015 04:00:00 AM,1,0,1
07/01/2015 05:00:00 AM,3,0,3
07/01/2015 06:00:00 AM,25,6,19
07/01/2015 07:00:00 AM,38,9,29
07/01/2015 08:00:00 AM,43,13,30
07/01/2015 09:00:00 AM,22,8,14
07/01/2015 10:00:00 AM,27,15,12
07/01/2015 11:00:00 AM,22,12,10
07/01/2015 12:00:00 PM,26,8,18
07/01/2015 01:00:00 PM,19,9,10
07/01/2015 02:00:00 PM,16,8,8
07/01/2015 03:00:00 PM,28,12,16
07/01/2015 04:00:00 PM,46,31,15
07/01/2015 05:00:00 PM,58,39,19
07/01/2015 06:00:00 PM,53,31,22
07/01/2015 07:00:00 PM,26,15,11
07/01/2015 08:00:00 PM,31,17,14
07/01/2015 09:00:00 PM,17,7,10
07/01/2015 10:00:00 PM,17,7,10
07/01/2015 11:00:00 PM,12,7,5
07/02/2015 12:00:00 AM,12,1,11
07/02/2015 01:00:00 AM,44,13,31
07/02/2015 02:00:00 AM,6,2,4
07/02/2015 03:00:00 AM,2,0,2
07/02/2015 04:00:00 AM,1,1,0
07/02/2015 05:00:00 AM,4,2,2
07/02/2015 06:00:00 AM,25,4,21
07/02/2015 07:00:00 AM,30,8,22
07/02/2015 08:00:00 AM,39,12,27
07/02/2015 09:00:00 AM,25,12,13
07/02/2015 10:00:00 AM,16,11,5
07/02/2015 11:00:00 AM,17,9,8
07/02/2015 12:00:00 PM,32,15,17
07/02/2015 01:00:00 PM,20,14,6
07/02/2015 02:00:00 PM,25,17,8
07/02/2015 03:00:00 PM,19,9,10
07/02/2015 04:00:00 PM,41,19,22
07/02/2015 05:00:00 PM,43,29,14
07/02/2015 06:00:00 PM,26,12,14
07/02/2015 07:00:00 PM,30,13,17
07/02/2015 08:00:00 PM,28,11,17
07/02/2015 09:00:00 PM,15,8,7
07/02/2015 10:00:00 PM,9,2,7
07/02/2015 11:00:00 PM,18,9,9
07/03/2015 12:00:00 AM,7,3,4
07/03/2015 01:00:00 AM,11,4,7
07/03/2015 02:00:00 AM,0,0,0
07/03/2015 03:00:00 AM,1,0,1
07/03/2015 04:00:00 AM,2,1,1
07/03/2015 05:00:00 AM,4,1,3
07/03/2015 06:00:00 AM,14,4,10
07/03/2015 07:00:00 AM,11,4,7
07/03/2015 08:00:00 AM,10,5,5
07/03/2015 09:00:00 AM,6,3,3
07/03/2015 10:00:00 AM,13,6,7
07/03/2015 11:00:00 AM,19,6,13
07/03/2015 12:00:00 PM,21,12,9
07/03/2015 01:00:00 PM,29,16,13
07/03/2015 02:00:00 PM,20,10,10
07/03/2015 03:00:00 PM,18,13,5
07/03/2015 04:00:00 PM,19,6,13
07/03/2015 05:00:00 PM,17,7,10
07/03/2015 06:00:00 PM,20,7,13
07/03/2015 07:00:00 PM,17,11,6
07/03/2015 08:00:00 PM,8,4,4
07/03/2015 09:00:00 PM,9,6,3
07/03/2015 10:00:00 PM,15,8,7
07/03/2015 11:00:00 PM,9,3,6
07/04/2015 12:00:00 AM,7,3,4
07/04/2015 01:00:00 AM,8,5,3
07/04/2015 02:00:00 AM,10,2,8
07/04/2015 03:00:00 AM,1,0,1
07/04/2015 04:00:00 AM,1,1,0
07/04/2015 05:00:00 AM,5,2,3
07/04/2015 06:00:00 AM,6,1,5
07/04/2015 07:00:00 AM,5,0,5
07/04/2015 08:00:00 AM,4,2,2
07/04/2015 09:00:00 AM,1,0,1
07/04/2015 10:00:00 AM,3,3,0
07/04/2015 11:00:00 AM,11,7,4
07/04/2015 12:00:00 PM,16,8,8
07/04/2015 01:00:00 PM,10,8,2
07/04/2015 02:00:00 PM,12,6,6
07/04/2015 03:00:00 PM,12,8,4
07/04/2015 04:00:00 PM,20,11,9
07/04/2015 05:00:00 PM,15,4,11
07/04/2015 06:00:00 PM,7,3,4
07/04/2015 07:00:00 PM,5,4,1
07/04/2015 08:00:00 PM,5,1,4
07/04/2015 09:00:00 PM,15,12,3
07/04/2015 10:00:00 PM,4,0,4
07/04/2015 11:00:00 PM,11,5,6
07/05/2015 12:00:00 AM,5,3,2
07/05/2015 01:00:00 AM,11,4,7
07/05/2015 02:00:00 AM,5,1,4
07/05/2015 03:00:00 AM,1,0,1
07/05/2015 04:00:00 AM,0,0,0
07/05/2015 05:00:00 AM,2,0,2
07/05/2015 06:00:00 AM,5,0,5
07/05/2015 07:00:00 AM,10,2,8
07/05/2015 08:00:00 AM,6,2,4
07/05/2015 09:00:00 AM,9,3,6
07/05/2015 10:00:00 AM,15,7,8
07/05/2015 11:00:00 AM,11,8,3
07/05/2015 12:00:00 PM,15,8,7
07/05/2015 01:00:00 PM,21,12,9
07/05/2015 02:00:00 PM,10,5,5
07/05/2015 03:00:00 PM,25,8,17
07/05/2015 04:00:00 PM,12,3,9
07/05/2015 05:00:00 PM,8,5,3
07/05/2015 06:00:00 PM,15,9,6
07/05/2015 07:00:00 PM,11,4,7
07/05/2015 08:00:00 PM,10,8,2
07/05/2015 09:00:00 PM,6,4,2
07/05/2015 10:00:00 PM,11,5,6
07/05/2015 11:00:00 PM,5,3,2
07/06/2015 12:00:00 AM,4,2,2
07/06/2015 01:00:00 AM,0,0,0
07/06/2015 02:00:00 AM,3,1,2
07/06/2015 03:00:00 AM,1,0,1
07/06/2015 04:00:00 AM,2,1,1
07/06/2015 05:00:00 AM,7,1,6
07/06/2015 06:00:00 AM,25,4,21
07/06/2015 07:00:00 AM,39,14,25
07/06/2015 08:00:00 AM,40,15,25
07/06/2015 09:00:00 AM,20,10,10
07/06/2015 10:00:00 AM,19,10,9
07/06/2015 11:00:00 AM,15,7,8
07/06/2015 12:00:00 PM,15,7,8
07/06/2015 01:00:00 PM,29,13,16
07/06/2015 02:00:00 PM,21,12,9
07/06/2015 03:00:00 PM,23,13,10
07/06/2015 04:00:00 PM,32,20,12
07/06/2015 05:00:00 PM,44,25,19
07/06/2015 06:00:00 PM,30,18,12
07/06/2015 07:00:00 PM,28,13,15
07/06/2015 08:00:00 PM,20,10,10
07/06/2015 09:00:00 PM,17,8,9
07/06/2015 10:00:00 PM,10,3,7
07/06/2015 11:00:00 PM,8,3,5
07/07/2015 12:00:00 AM,4,3,1
07/07/2015 01:00:00 AM,1,1,0
07/07/2015 02:00:00 AM,1,0,1
07/07/2015 03:00:00 AM,0,0,0
07/07/2015 04:00:00 AM,2,0,2
07/07/2015 05:00:00 AM,10,0,10
07/07/2015 06:00:00 AM,24,8,16
07/07/2015 07:00:00 AM,39,13,26
07/07/2015 08:00:00 AM,36,16,20
07/07/2015 09:00:00 AM,29,14,15
07/07/2015 10:00:00 AM,17,13,4
07/07/2015 11:00:00 AM,15,6,9
07/07/2015 12:00:00 PM,28,16,12
07/07/2015 01:00:00 PM,17,7,10
07/07/2015 02:00:00 PM,20,8,12
07/07/2015 03:00:00 PM,27,18,9
07/07/2015 04:00:00 PM,41,25,16
07/07/2015 05:00:00 PM,54,31,23
07/07/2015 06:00:00 PM,42,23,19
07/07/2015 07:00:00 PM,29,15,14
07/07/2015 08:00:00 PM,14,9,5
07/07/2015 09:00:00 PM,16,9,7
07/07/2015 10:00:00 PM,16,3,13
07/07/2015 11:00:00 PM,6,4,2
07/08/2015 12:00:00 AM,1,1,0
07/08/2015 01:00:00 AM,0,0,0
07/08/2015 02:00:00 AM,2,1,1
07/08/2015 03:00:00 AM,1,1,0
07/08/2015 04:00:00 AM,2,0,2
07/08/2015 05:00:00 AM,6,0,6
07/08/2015 06:00:00 AM,27,8,19
07/08/2015 07:00:00 AM,39,11,28
07/08/2015 08:00:00 AM,32,11,21
07/08/2015 09:00:00 AM,25,9,16
07/08/2015 10:00:00 AM,10,8,2
07/08/2015 11:00:00 AM,21,9,12
07/08/2015 12:00:00 PM,20,10,10
07/08/2015 01:00:00 PM,14,5,9
07/08/2015 02:00:00 PM,19,10,9
07/08/2015 03:00:00 PM,20,10,10
07/08/2015 04:00:00 PM,36,19,17
07/08/2015 05:00:00 PM,57,32,25
07/08/2015 06:00:00 PM,53,28,25
07/08/2015 07:00:00 PM,33,21,12
07/08/2015 08:00:00 PM,22,10,12
07/08/2015 09:00:00 PM,26,12,14
07/08/2015 10:00:00 PM,25,13,12
07/08/2015 11:00:00 PM,3,1,2
07/09/2015 12:00:00 AM,3,1,2
07/09/2015 01:00:00 AM,4,2,2
07/09/2015 02:00:00 AM,3,1,2
07/09/2015 03:00:00 AM,1,1,0
07/09/2015 04:00:00 AM,3,2,1
07/09/2015 05:00:00 AM,12,0,12
07/09/2015 06:00:00 AM,23,4,19
07/09/2015 07:00:00 AM,27,6,21
07/09/2015 08:00:00 AM,39,12,27
07/09/2015 09:00:00 AM,34,19,15
07/09/2015 10:00:00 AM,12,6,6
07/09/2015 11:00:00 AM,16,9,7
07/09/2015 12:00:00 PM,26,12,14
07/09/2015 01:00:00 PM,12,7,5
07/09/2015 02:00:00 PM,28,13,15
07/09/2015 03:00:00 PM,18,11,7
07/09/2015 04:00:00 PM,39,26,13
07/09/2015 05:00:00 PM,52,35,17
07/09/2015 06:00:00 PM,43,22,21
07/09/2015 07:00:00 PM,35,29,6
07/09/2015 08:00:00 PM,17,8,9
07/09/2015 09:00:00 PM,9,5,4
07/09/2015 10:00:00 PM,13,8,5
07/09/2015 11:00:00 PM,10,2,8
07/10/2015 12:00:00 AM,9,3,6
07/10/2015 01:00:00 AM,3,1,2
07/10/2015 02:00:00 AM,3,1,2
07/10/2015 03:00:00 AM,0,0,0
07/10/2015 04:00:00 AM,4,0,4
07/10/2015 05:00:00 AM,6,1,5
07/10/2015 06:00:00 AM,18,2,16
07/10/2015 07:00:00 AM,29,10,19
07/10/2015 08:00:00 AM,24,10,14
07/10/2015 09:00:00 AM,17,9,8
07/10/2015 10:00:00 AM,12,7,5
07/10/2015 11:00:00 AM,19,11,8
07/10/2015 12:00:00 PM,13,4,9
07/10/2015 01:00:00 PM,27,17,10
07/10/2015 02:00:00 PM,16,9,7
07/10/2015 03:00:00 PM,25,11,14
07/10/2015 04:00:00 PM,40,27,13
07/10/2015 05:00:00 PM,52,33,19
07/10/2015 06:00:00 PM,35,19,16
07/10/2015 07:00:00 PM,23,9,14
07/10/2015 08:00:00 PM,14,8,6
07/10/2015 09:00:00 PM,12,8,4
07/10/2015 10:00:00 PM,9,4,5
07/10/2015 11:00:00 PM,15,5,10
07/11/2015 12:00:00 AM,7,4,3
07/11/2015 01:00:00 AM,10,4,6
07/11/2015 02:00:00 AM,9,4,5
07/11/2015 03:00:00 AM,0,0,0
07/11/2015 04:00:00 AM,4,0,4
07/11/2015 05:00:00 AM,6,0,6
07/11/2015 06:00:00 AM,9,2,7
07/11/2015 07:00:00 AM,8,2,6
07/11/2015 08:00:00 AM,7,4,3
07/11/2015 09:00:00 AM,7,5,2
07/11/2015 10:00:00 AM,8,3,5
07/11/2015 11:00:00 AM,22,17,5
07/11/2015 12:00:00 PM,14,5,9
07/11/2015 01:00:00 PM,19,15,4
07/11/2015 02:00:00 PM,16,5,11
07/11/2015 03:00:00 PM,11,3,8
07/11/2015 04:00:00 PM,16,10,6
07/11/2015 05:00:00 PM,20,7,13
07/11/2015 06:00:00 PM,17,8,9
07/11/2015 07:00:00 PM,6,4,2
07/11/2015 08:00:00 PM,12,4,8
07/11/2015 09:00:00 PM,8,2,6
07/11/2015 10:00:00 PM,12,6,6
07/11/2015 11:00:00 PM,8,4,4
07/12/2015 12:00:00 AM,15,8,7
07/12/2015 01:00:00 AM,8,1,7
07/12/2015 02:00:00 AM,6,2,4
07/12/2015 03:00:00 AM,8,1,7
07/12/2015 04:00:00 AM,5,1,4
07/12/2015 05:00:00 AM,2,0,2
07/12/2015 06:00:00 AM,6,2,4
07/12/2015 07:00:00 AM,3,0,3
07/12/2015 08:00:00 AM,2,2,0
07/12/2015 09:00:00 AM,11,6,5
07/12/2015 10:00:00 AM,12,6,6
07/12/2015 11:00:00 AM,16,8,8
07/12/2015 12:00:00 PM,14,5,9
07/12/2015 01:00:00 PM,23,10,13
07/12/2015 02:00:00 PM,11,6,5
07/12/2015 03:00:00 PM,18,7,11
07/12/2015 04:00:00 PM,29,14,15
07/12/2015 05:00:00 PM,22,13,9
07/12/2015 06:00:00 PM,14,8,6
07/12/2015 07:00:00 PM,10,7,3
07/12/2015 08:00:00 PM,13,7,6
07/12/2015 09:00:00 PM,4,1,3
07/12/2015 10:00:00 PM,8,4,4
07/12/2015 11:00:00 PM,7,4,3
07/13/2015 12:00:00 AM,4,0,4
07/13/2015 01:00:00 AM,0,0,0
07/13/2015 02:00:00 AM,4,1,3
07/13/2015 03:00:00 AM,1,1,0
07/13/2015 04:00:00 AM,1,0,1
07/13/2015 05:00:00 AM,8,0,8
07/13/2015 06:00:00 AM,24,7,17
07/13/2015 07:00:00 AM,44,14,30
07/13/2015 08:00:00 AM,29,7,22
07/13/2015 09:00:00 AM,27,13,14
07/13/2015 10:00:00 AM,15,8,7
07/13/2015 11:00:00 AM,20,6,14
07/13/2015 12:00:00 PM,24,12,12
07/13/2015 01:00:00 PM,31,10,21
07/13/2015 02:00:00 PM,23,9,14
07/13/2015 03:00:00 PM,35,22,13
07/13/2015 04:00:00 PM,36,21,15
07/13/2015 05:00:00 PM,51,32,19
07/13/2015 06:00:00 PM,36,18,18
07/13/2015 07:00:00 PM,31,14,17
07/13/2015 08:00:00 PM,17,8,9
07/13/2015 09:00:00 PM,14,7,7
07/13/2015 10:00:00 PM,11,2,9
07/13/2015 11:00:00 PM,8,4,4
07/14/2015 12:00:00 AM,1,1,0
07/14/2015 01:00:00 AM,1,0,1
07/14/2015 02:00:00 AM,1,0,1
07/14/2015 03:00:00 AM,3,2,1
07/14/2015 04:00:00 AM,3,1,2
07/14/2015 05:00:00 AM,5,0,5
07/14/2015 06:00:00 AM,32,9,23
07/14/2015 07:00:00 AM,47,16,31
07/14/2015 08:00:00 AM,35,12,23
07/14/2015 09:00:00 AM,23,13,10
07/14/2015 10:00:00 AM,12,7,5
07/14/2015 11:00:00 AM,17,9,8
07/14/2015 12:00:00 PM,20,7,13
07/14/2015 01:00:00 PM,28,12,16
07/14/2015 02:00:00 PM,16,6,10
07/14/2015 03:00:00 PM,24,11,13
07/14/2015 04:00:00 PM,49,31,18
07/14/2015 05:00:00 PM,48,35,13
07/14/2015 06:00:00 PM,38,18,20
07/14/2015 07:00:00 PM,23,13,10
07/14/2015 08:00:00 PM,21,7,14
07/14/2015 09:00:00 PM,8,3,5
07/14/2015 10:00:00 PM,16,8,8
07/14/2015 11:00:00 PM,13,7,6
07/15/2015 12:00:00 AM,3,1,2
07/15/2015 01:00:00 AM,4,4,0
07/15/2015 02:00:00 AM,2,0,2
07/15/2015 03:00:00 AM,0,0,0
07/15/2015 04:00:00 AM,2,1,1
07/15/2015 05:00:00 AM,8,3,5
07/15/2015 06:00:00 AM,24,8,16
07/15/2015 07:00:00 AM,40,11,29
07/15/2015 08:00:00 AM,37,14,23
07/15/2015 09:00:00 AM,19,11,8
07/15/2015 10:00:00 AM,13,4,9
07/15/2015 11:00:00 AM,18,7,11
07/15/2015 12:00:00 PM,16,7,9
07/15/2015 01:00:00 PM,14,5,9
07/15/2015 02:00:00 PM,19,10,9
07/15/2015 03:00:00 PM,27,14,13
07/15/2015 04:00:00 PM,48,29,19
07/15/2015 05:00:00 PM,63,33,30
07/15/2015 06:00:00 PM,41,22,19
07/15/2015 07:00:00 PM,29,15,14
07/15/2015 08:00:00 PM,25,13,12
07/15/2015 09:00:00 PM,18,7,11
07/15/2015 10:00:00 PM,14,8,6
07/15/2015 11:00:00 PM,9,3,6
07/16/2015 12:00:00 AM,4,3,1
07/16/2015 01:00:00 AM,8,4,4
07/16/2015 02:00:00 AM,1,0,1
07/16/2015 03:00:00 AM,0,0,0
07/16/2015 04:00:00 AM,6,3,3
07/16/2015 05:00:00 AM,9,2,7
07/16/2015 06:00:00 AM,20,6,14
07/16/2015 07:00:00 AM,33,5,28
07/16/2015 08:00:00 AM,23,11,12
07/16/2015 09:00:00 AM,25,11,14
07/16/2015 10:00:00 AM,19,14,5
07/16/2015 11:00:00 AM,26,14,12
07/16/2015 12:00:00 PM,24,11,13
07/16/2015 01:00:00 PM,30,10,20
07/16/2015 02:00:00 PM,14,6,8
07/16/2015 03:00:00 PM,21,17,4
07/16/2015 04:00:00 PM,37,21,16
07/16/2015 05:00:00 PM,43,24,19
07/16/2015 06:00:00 PM,44,24,20
07/16/2015 07:00:00 PM,21,9,12
07/16/2015 08:00:00 PM,28,16,12
07/16/2015 09:00:00 PM,13,7,6
07/16/2015 10:00:00 PM,15,8,7
07/16/2015 11:00:00 PM,10,6,4
07/17/2015 12:00:00 AM,8,4,4
07/17/2015 01:00:00 AM,7,4,3
07/17/2015 02:00:00 AM,5,2,3
07/17/2015 03:00:00 AM,1,1,0
07/17/2015 04:00:00 AM,4,1,3
07/17/2015 05:00:00 AM,10,3,7
07/17/2015 06:00:00 AM,13,4,9
07/17/2015 07:00:00 AM,44,8,36
07/17/2015 08:00:00 AM,25,6,19
07/17/2015 09:00:00 AM,16,8,8
07/17/2015 10:00:00 AM,17,13,4
07/17/2015 11:00:00 AM,26,15,11
07/17/2015 12:00:00 PM,15,8,7
07/17/2015 01:00:00 PM,19,10,9
07/17/2015 02:00:00 PM,19,11,8
07/17/2015 03:00:00 PM,30,18,12
07/17/2015 04:00:00 PM,30,24,6
07/17/2015 05:00:00 PM,47,22,25
07/17/2015 06:00:00 PM,29,17,12
07/17/2015 07:00:00 PM,21,10,11
07/17/2015 08:00:00 PM,11,5,6
07/17/2015 09:00:00 PM,12,4,8
07/17/2015 10:00:00 PM,15,10,5
07/17/2015 11:00:00 PM,10,6,4
07/18/2015 12:00:00 AM,13,7,6
07/18/2015 01:00:00 AM,18,8,10
07/18/2015 02:00:00 AM,6,0,6
07/18/2015 03:00:00 AM,3,3,0
07/18/2015 04:00:00 AM,2,0,2
07/18/2015 05:00:00 AM,6,1,5
07/18/2015 06:00:00 AM,9,3,6
07/18/2015 07:00:00 AM,11,4,7
07/18/2015 08:00:00 AM,7,3,4
07/18/2015 09:00:00 AM,10,9,1
07/18/2015 10:00:00 AM,7,3,4
07/18/2015 11:00:00 AM,25,16,9
07/18/2015 12:00:00 PM,18,7,11
07/18/2015 01:00:00 PM,22,7,15
07/18/2015 02:00:00 PM,20,12,8
07/18/2015 03:00:00 PM,19,5,14
07/18/2015 04:00:00 PM,19,8,11
07/18/2015 05:00:00 PM,13,9,4
07/18/2015 06:00:00 PM,11,1,10
07/18/2015 07:00:00 PM,15,11,4
07/18/2015 08:00:00 PM,8,4,4
07/18/2015 09:00:00 PM,9,6,3
07/18/2015 10:00:00 PM,11,4,7
07/18/2015 11:00:00 PM,14,7,7
07/19/2015 12:00:00 AM,5,3,2
07/19/2015 01:00:00 AM,21,5,16
07/19/2015 02:00:00 AM,7,1,6
07/19/2015 03:00:00 AM,3,0,3
07/19/2015 04:00:00 AM,1,0,1
07/19/2015 05:00:00 AM,4,1,3
07/19/2015 06:00:00 AM,7,3,4
07/19/2015 07:00:00 AM,9,3,6
07/19/2015 08:00:00 AM,9,6,3
07/19/2015 09:00:00 AM,7,4,3
07/19/2015 10:00:00 AM,7,5,2
07/19/2015 11:00:00 AM,18,7,11
07/19/2015 12:00:00 PM,14,5,9
07/19/2015 01:00:00 PM,12,8,4
07/19/2015 02:00:00 PM,23,11,12
07/19/2015 03:00:00 PM,12,6,6
07/19/2015 04:00:00 PM,12,7,5
07/19/2015 05:00:00 PM,9,5,4
07/19/2015 06:00:00 PM,12,6,6
07/19/2015 07:00:00 PM,14,5,9
07/19/2015 08:00:00 PM,16,8,8
07/19/2015 09:00:00 PM,11,3,8
07/19/2015 10:00:00 PM,13,7,6
07/19/2015 11:00:00 PM,5,2,3
07/20/2015 12:00:00 AM,6,3,3
07/20/2015 01:00:00 AM,8,4,4
07/20/2015 02:00:00 AM,1,0,1
07/20/2015 03:00:00 AM,3,1,2
07/20/2015 04:00:00 AM,2,0,2
07/20/2015 05:00:00 AM,6,1,5
07/20/2015 06:00:00 AM,18,3,15
07/20/2015 07:00:00 AM,37,13,24
07/20/2015 08:00:00 AM,45,16,29
07/20/2015 09:00:00 AM,25,14,11
07/20/2015 10:00:00 AM,19,6,13
07/20/2015 11:00:00 AM,25,11,14
07/20/2015 12:00:00 PM,25,17,8
07/20/2015 01:00:00 PM,17,8,9
07/20/2015 02:00:00 PM,27,12,15
07/20/2015 03:00:00 PM,19,11,8
07/20/2015 04:00:00 PM,39,29,10
07/20/2015 05:00:00 PM,53,31,22
07/20/2015 06:00:00 PM,43,21,22
07/20/2015 07:00:00 PM,33,14,19
07/20/2015 08:00:00 PM,29,15,14
07/20/2015 09:00:00 PM,7,4,3
07/20/2015 10:00:00 PM,15,6,9
07/20/2015 11:00:00 PM,11,2,9
07/21/2015 12:00:00 AM,3,1,2
07/21/2015 01:00:00 AM,4,2,2
07/21/2015 02:00:00 AM,2,0,2
07/21/2015 03:00:00 AM,0,0,0
07/21/2015 04:00:00 AM,1,0,1
07/21/2015 05:00:00 AM,6,2,4
07/21/2015 06:00:00 AM,21,5,16
07/21/2015 07:00:00 AM,38,11,27
07/21/2015 08:00:00 AM,34,10,24
07/21/2015 09:00:00 AM,19,13,6
07/21/2015 10:00:00 AM,12,7,5
07/21/2015 11:00:00 AM,19,10,9
07/21/2015 12:00:00 PM,16,13,3
07/21/2015 01:00:00 PM,22,7,15
07/21/2015 02:00:00 PM,20,13,7
07/21/2015 03:00:00 PM,23,16,7
07/21/2015 04:00:00 PM,36,21,15
07/21/2015 05:00:00 PM,57,34,23
07/21/2015 06:00:00 PM,37,20,17
07/21/2015 07:00:00 PM,29,18,11
07/21/2015 08:00:00 PM,23,8,15
07/21/2015 09:00:00 PM,11,7,4
07/21/2015 10:00:00 PM,22,11,11
07/21/2015 11:00:00 PM,14,7,7
07/22/2015 12:00:00 AM,4,1,3
07/22/2015 01:00:00 AM,1,0,1
07/22/2015 02:00:00 AM,3,2,1
07/22/2015 03:00:00 AM,0,0,0
07/22/2015 04:00:00 AM,1,0,1
07/22/2015 05:00:00 AM,4,2,2
07/22/2015 06:00:00 AM,28,5,23
07/22/2015 07:00:00 AM,42,9,33
07/22/2015 08:00:00 AM,31,16,15
07/22/2015 09:00:00 AM,32,23,9
07/22/2015 10:00:00 AM,14,10,4
07/22/2015 11:00:00 AM,20,11,9
07/22/2015 12:00:00 PM,22,10,12
07/22/2015 01:00:00 PM,25,13,12
07/22/2015 02:00:00 PM,22,11,11
07/22/2015 03:00:00 PM,20,11,9
07/22/2015 04:00:00 PM,45,19,26
07/22/2015 05:00:00 PM,61,33,28
07/22/2015 06:00:00 PM,50,33,17
07/22/2015 07:00:00 PM,41,18,23
07/22/2015 08:00:00 PM,13,9,4
07/22/2015 09:00:00 PM,12,5,7
07/22/2015 10:00:00 PM,20,9,11
07/22/2015 11:00:00 PM,5,1,4
07/23/2015 12:00:00 AM,7,4,3
07/23/2015 01:00:00 AM,1,1,0
07/23/2015 02:00:00 AM,4,2,2
07/23/2015 03:00:00 AM,1,0,1
07/23/2015 04:00:00 AM,1,0,1
07/23/2015 05:00:00 AM,8,2,6
07/23/2015 06:00:00 AM,35,6,29
07/23/2015 07:00:00 AM,36,5,31
07/23/2015 08:00:00 AM,31,11,20
07/23/2015 09:00:00 AM,16,9,7
07/23/2015 10:00:00 AM,11,6,5
07/23/2015 11:00:00 AM,19,11,8
07/23/2015 12:00:00 PM,22,16,6
07/23/2015 01:00:00 PM,20,6,14
07/23/2015 02:00:00 PM,12,9,3
07/23/2015 03:00:00 PM,30,13,17
07/23/2015 04:00:00 PM,29,21,8
07/23/2015 05:00:00 PM,51,33,18
07/23/2015 06:00:00 PM,46,28,18
07/23/2015 07:00:00 PM,28,17,11
07/23/2015 08:00:00 PM,20,8,12
07/23/2015 09:00:00 PM,12,7,5
07/23/2015 10:00:00 PM,12,6,6
07/23/2015 11:00:00 PM,7,6,1
07/24/2015 12:00:00 AM,2,2,0
07/24/2015 01:00:00 AM,8,3,5
07/24/2015 02:00:00 AM,4,1,3
07/24/2015 03:00:00 AM,1,0,1
07/24/2015 04:00:00 AM,3,1,2
07/24/2015 05:00:00 AM,0,0,0
07/24/2015 06:00:00 AM,1,0,1
07/24/2015 07:00:00 AM,0,0,0
07/24/2015 08:00:00 AM,3,3,0
07/24/2015 09:00:00 AM,4,4,0
07/24/2015 10:00:00 AM,2,1,1
07/24/2015 11:00:00 AM,2,0,2
07/24/2015 12:00:00 PM,3,1,2
07/24/2015 01:00:00 PM,5,0,5
07/24/2015 02:00:00 PM,5,0,5
07/24/2015 03:00:00 PM,7,0,7
07/24/2015 04:00:00 PM,6,0,6
07/24/2015 05:00:00 PM,59,30,29
07/24/2015 06:00:00 PM,43,23,20
07/24/2015 07:00:00 PM,43,16,27
07/24/2015 08:00:00 PM,51,25,26
07/24/2015 09:00:00 PM,28,12,16
07/24/2015 10:00:00 PM,29,14,15
07/24/2015 11:00:00 PM,30,15,15
07/25/2015 12:00:00 AM,16,4,12
07/25/2015 01:00:00 AM,7,1,6
07/25/2015 02:00:00 AM,0,0,0
07/25/2015 03:00:00 AM,0,0,0
07/25/2015 04:00:00 AM,0,0,0
07/25/2015 05:00:00 AM,2,1,1
07/25/2015 06:00:00 AM,4,0,4
07/25/2015 07:00:00 AM,6,1,5
07/25/2015 08:00:00 AM,6,4,2
07/25/2015 09:00:00 AM,6,3,3
07/25/2015 10:00:00 AM,8,6,2
07/25/2015 11:00:00 AM,13,11,2
07/25/2015 12:00:00 PM,22,10,12
07/25/2015 01:00:00 PM,18,13,5
07/25/2015 02:00:00 PM,8,4,4
07/25/2015 03:00:00 PM,18,9,9
07/25/2015 04:00:00 PM,22,10,12
07/25/2015 05:00:00 PM,23,12,11
07/25/2015 06:00:00 PM,20,9,11
07/25/2015 07:00:00 PM,29,18,11
07/25/2015 08:00:00 PM,2,1,1
07/25/2015 09:00:00 PM,0,0,0
07/25/2015 10:00:00 PM,8,1,7
07/25/2015 11:00:00 PM,6,4,2
07/26/2015 12:00:00 AM,3,0,3
07/26/2015 01:00:00 AM,3,1,2
07/26/2015 02:00:00 AM,2,0,2
07/26/2015 03:00:00 AM,0,0,0
07/26/2015 04:00:00 AM,0,0,0
07/26/2015 05:00:00 AM,2,2,0
07/26/2015 06:00:00 AM,1,0,1
07/26/2015 07:00:00 AM,4,0,4
07/26/2015 08:00:00 AM,0,0,0
07/26/2015 09:00:00 AM,0,0,0
07/26/2015 10:00:00 AM,0,0,0
07/26/2015 11:00:00 AM,3,2,1
07/26/2015 12:00:00 PM,0,0,0
07/26/2015 01:00:00 PM,0,0,0
07/26/2015 02:00:00 PM,0,0,0
07/26/2015 03:00:00 PM,4,0,4
07/26/2015 04:00:00 PM,1,0,1
07/26/2015 05:00:00 PM,0,0,0
07/26/2015 06:00:00 PM,2,0,2
07/26/2015 07:00:00 PM,0,0,0
07/26/2015 08:00:00 PM,0,0,0
07/26/2015 09:00:00 PM,2,0,2
07/26/2015 10:00:00 PM,0,0,0
07/26/2015 11:00:00 PM,0,0,0
07/27/2015 12:00:00 AM,0,0,0
07/27/2015 01:00:00 AM,0,0,0
07/27/2015 02:00:00 AM,0,0,0
07/27/2015 03:00:00 AM,2,0,2
07/27/2015 04:00:00 AM,0,0,0
07/27/2015 05:00:00 AM,12,2,10
07/27/2015 06:00:00 AM,23,4,19
07/27/2015 07:00:00 AM,24,7,17
07/27/2015 08:00:00 AM,23,7,16
07/27/2015 09:00:00 AM,27,13,14
07/27/2015 10:00:00 AM,9,7,2
07/27/2015 11:00:00 AM,21,8,13
07/27/2015 12:00:00 PM,19,10,9
07/27/2015 01:00:00 PM,15,11,4
07/27/2015 02:00:00 PM,21,10,11
07/27/2015 03:00:00 PM,17,9,8
07/27/2015 04:00:00 PM,35,20,15
07/27/2015 05:00:00 PM,41,23,18
07/27/2015 06:00:00 PM,23,13,10
07/27/2015 07:00:00 PM,29,18,11
07/27/2015 08:00:00 PM,20,12,8
07/27/2015 09:00:00 PM,13,4,9
07/27/2015 10:00:00 PM,6,3,3
07/27/2015 11:00:00 PM,7,1,6
07/28/2015 12:00:00 AM,4,2,2
07/28/2015 01:00:00 AM,1,0,1
07/28/2015 02:00:00 AM,1,0,1
07/28/2015 03:00:00 AM,0,0,0
07/28/2015 04:00:00 AM,1,0,1
07/28/2015 05:00:00 AM,5,2,3
07/28/2015 06:00:00 AM,14,2,12
07/28/2015 07:00:00 AM,34,14,20
07/28/2015 08:00:00 AM,36,13,23
07/28/2015 09:00:00 AM,27,10,17
07/28/2015 10:00:00 AM,15,9,6
07/28/2015 11:00:00 AM,17,9,8
07/28/2015 12:00:00 PM,17,10,7
07/28/2015 01:00:00 PM,20,7,13
07/28/2015 02:00:00 PM,11,3,8
07/28/2015 03:00:00 PM,25,12,13
07/28/2015 04:00:00 PM,34,22,12
07/28/2015 05:00:00 PM,62,43,19
07/28/2015 06:00:00 PM,26,15,11
07/28/2015 07:00:00 PM,27,10,17
07/28/2015 08:00:00 PM,18,9,9
07/28/2015 09:00:00 PM,13,7,6
07/28/2015 10:00:00 PM,8,6,2
07/28/2015 11:00:00 PM,8,6,2
07/29/2015 12:00:00 AM,2,2,0
07/29/2015 01:00:00 AM,2,0,2
07/29/2015 02:00:00 AM,6,4,2
07/29/2015 03:00:00 AM,1,0,1
07/29/2015 04:00:00 AM,2,2,0
07/29/2015 05:00:00 AM,6,1,5
07/29/2015 06:00:00 AM,17,4,13
07/29/2015 07:00:00 AM,32,9,23
07/29/2015 08:00:00 AM,33,14,19
07/29/2015 09:00:00 AM,22,10,12
07/29/2015 10:00:00 AM,14,8,6
07/29/2015 11:00:00 AM,22,9,13
07/29/2015 12:00:00 PM,26,15,11
07/29/2015 01:00:00 PM,11,4,7
07/29/2015 02:00:00 PM,21,10,11
07/29/2015 03:00:00 PM,16,6,10
07/29/2015 04:00:00 PM,41,26,15
07/29/2015 05:00:00 PM,44,24,20
07/29/2015 06:00:00 PM,35,18,17
07/29/2015 07:00:00 PM,26,9,17
07/29/2015 08:00:00 PM,25,15,10
07/29/2015 09:00:00 PM,21,13,8
07/29/2015 10:00:00 PM,10,3,7
07/29/2015 11:00:00 PM,6,5,1
07/30/2015 12:00:00 AM,6,2,4
07/30/2015 01:00:00 AM,3,0,3
07/30/2015 02:00:00 AM,17,8,9
07/30/2015 03:00:00 AM,1,0,1
07/30/2015 04:00:00 AM,2,1,1
07/30/2015 05:00:00 AM,10,2,8
07/30/2015 06:00:00 AM,13,4,9
07/30/2015 07:00:00 AM,38,14,24
07/30/2015 08:00:00 AM,33,8,25
07/30/2015 09:00:00 AM,19,8,11
07/30/2015 10:00:00 AM,12,7,5
07/30/2015 11:00:00 AM,17,7,10
07/30/2015 12:00:00 PM,18,10,8
07/30/2015 01:00:00 PM,17,8,9
07/30/2015 02:00:00 PM,13,5,8
07/30/2015 03:00:00 PM,17,9,8
07/30/2015 04:00:00 PM,35,22,13
07/30/2015 05:00:00 PM,38,20,18
07/30/2015 06:00:00 PM,44,24,20
07/30/2015 07:00:00 PM,16,10,6
07/30/2015 08:00:00 PM,20,7,13
07/30/2015 09:00:00 PM,16,9,7
07/30/2015 10:00:00 PM,11,5,6
07/30/2015 11:00:00 PM,20,11,9
07/31/2015 12:00:00 AM,12,7,5
07/31/2015 01:00:00 AM,3,0,3
07/31/2015 02:00:00 AM,0,0,0
07/31/2015 03:00:00 AM,1,0,1
07/31/2015 04:00:00 AM,2,1,1
07/31/2015 05:00:00 AM,3,1,2
07/31/2015 06:00:00 AM,17,3,14
07/31/2015 07:00:00 AM,33,8,25
07/31/2015 08:00:00 AM,38,15,23
07/31/2015 09:00:00 AM,20,11,9
07/31/2015 10:00:00 AM,7,4,3
07/31/2015 11:00:00 AM,11,3,8
07/31/2015 12:00:00 PM,13,3,10
07/31/2015 01:00:00 PM,21,9,12
07/31/2015 02:00:00 PM,25,13,12
07/31/2015 03:00:00 PM,25,18,7
07/31/2015 04:00:00 PM,32,18,14
07/31/2015 05:00:00 PM,39,23,16
07/31/2015 06:00:00 PM,24,16,8
07/31/2015 07:00:00 PM,16,8,8
07/31/2015 08:00:00 PM,16,9,7
07/31/2015 09:00:00 PM,13,10,3
07/31/2015 10:00:00 PM,15,6,9
07/31/2015 11:00:00 PM,15,11,4
08/01/2015 12:00:00 AM,10,5,5
08/01/2015 01:00:00 AM,14,3,11
08/01/2015 02:00:00 AM,9,5,4
08/01/2015 03:00:00 AM,0,0,0
08/01/2015 04:00:00 AM,1,0,1
08/01/2015 05:00:00 AM,7,1,6
08/01/2015 06:00:00 AM,3,0,3
08/01/2015 07:00:00 AM,7,5,2
08/01/2015 08:00:00 AM,6,2,4
08/01/2015 09:00:00 AM,10,6,4
08/01/2015 10:00:00 AM,13,7,6
08/01/2015 11:00:00 AM,18,9,9
08/01/2015 12:00:00 PM,14,6,8
08/01/2015 01:00:00 PM,13,5,8
08/01/2015 02:00:00 PM,11,7,4
08/01/2015 03:00:00 PM,19,6,13
08/01/2015 04:00:00 PM,27,12,15
08/01/2015 05:00:00 PM,19,8,11
08/01/2015 06:00:00 PM,26,10,16
08/01/2015 07:00:00 PM,15,8,7
08/01/2015 08:00:00 PM,8,1,7
08/01/2015 09:00:00 PM,14,8,6
08/01/2015 10:00:00 PM,14,5,9
08/01/2015 11:00:00 PM,14,7,7
08/02/2015 12:00:00 AM,10,5,5
08/02/2015 01:00:00 AM,11,8,3
08/02/2015 02:00:00 AM,9,2,7
08/02/2015 03:00:00 AM,1,0,1
08/02/2015 04:00:00 AM,0,0,0
08/02/2015 05:00:00 AM,4,1,3
08/02/2015 06:00:00 AM,10,1,9
08/02/2015 07:00:00 AM,2,1,1
08/02/2015 08:00:00 AM,6,4,2
08/02/2015 09:00:00 AM,5,3,2
08/02/2015 10:00:00 AM,12,5,7
08/02/2015 11:00:00 AM,13,7,6
08/02/2015 12:00:00 PM,11,4,7
08/02/2015 01:00:00 PM,22,9,13
08/02/2015 02:00:00 PM,18,6,12
08/02/2015 03:00:00 PM,13,8,5
08/02/2015 04:00:00 PM,17,10,7
08/02/2015 05:00:00 PM,18,7,11
08/02/2015 06:00:00 PM,17,11,6
08/02/2015 07:00:00 PM,18,9,9
08/02/2015 08:00:00 PM,10,3,7
08/02/2015 09:00:00 PM,8,4,4
08/02/2015 10:00:00 PM,11,3,8
08/02/2015 11:00:00 PM,7,4,3
08/03/2015 12:00:00 AM,6,5,1
08/03/2015 01:00:00 AM,3,1,2
08/03/2015 02:00:00 AM,3,2,1
08/03/2015 03:00:00 AM,0,0,0
08/03/2015 04:00:00 AM,3,1,2
08/03/2015 05:00:00 AM,6,1,5
08/03/2015 06:00:00 AM,29,6,23
08/03/2015 07:00:00 AM,22,7,15
08/03/2015 08:00:00 AM,34,9,25
08/03/2015 09:00:00 AM,22,11,11
08/03/2015 10:00:00 AM,19,10,9
08/03/2015 11:00:00 AM,20,5,15
08/03/2015 12:00:00 PM,20,6,14
08/03/2015 01:00:00 PM,16,6,10
08/03/2015 02:00:00 PM,18,8,10
08/03/2015 03:00:00 PM,24,15,9
08/03/2015 04:00:00 PM,38,23,15
08/03/2015 05:00:00 PM,53,27,26
08/03/2015 06:00:00 PM,42,25,17
08/03/2015 07:00:00 PM,24,11,13
08/03/2015 08:00:00 PM,24,9,15
08/03/2015 09:00:00 PM,21,11,10
08/03/2015 10:00:00 PM,13,7,6
08/03/2015 11:00:00 PM,8,3,5
08/04/2015 12:00:00 AM,3,1,2
08/04/2015 01:00:00 AM,0,0,0
08/04/2015 02:00:00 AM,2,0,2
08/04/2015 03:00:00 AM,2,0,2
08/04/2015 04:00:00 AM,3,0,3
08/04/2015 05:00:00 AM,7,1,6
08/04/2015 06:00:00 AM,18,6,12
08/04/2015 07:00:00 AM,27,5,22
08/04/2015 08:00:00 AM,36,10,26
08/04/2015 09:00:00 AM,23,12,11
08/04/2015 10:00:00 AM,15,11,4
08/04/2015 11:00:00 AM,18,9,9
08/04/2015 12:00:00 PM,22,13,9
08/04/2015 01:00:00 PM,21,8,13
08/04/2015 02:00:00 PM,18,14,4
08/04/2015 03:00:00 PM,21,12,9
08/04/2015 04:00:00 PM,43,27,16
08/04/2015 05:00:00 PM,53,32,21
08/04/2015 06:00:00 PM,36,21,15
08/04/2015 07:00:00 PM,30,15,15
08/04/2015 08:00:00 PM,23,13,10
08/04/2015 09:00:00 PM,14,4,10
08/04/2015 10:00:00 PM,10,3,7
08/04/2015 11:00:00 PM,4,3,1
08/05/2015 12:00:00 AM,4,1,3
08/05/2015 01:00:00 AM,3,2,1
08/05/2015 02:00:00 AM,2,0,2
08/05/2015 03:00:00 AM,1,0,1
08/05/2015 04:00:00 AM,2,0,2
08/05/2015 05:00:00 AM,8,1,7
08/05/2015 06:00:00 AM,27,8,19
08/05/2015 07:00:00 AM,28,2,26
08/05/2015 08:00:00 AM,29,9,20
08/05/2015 09:00:00 AM,23,14,9
08/05/2015 10:00:00 AM,13,7,6
08/05/2015 11:00:00 AM,26,14,12
08/05/2015 12:00:00 PM,26,11,15
08/05/2015 01:00:00 PM,18,7,11
08/05/2015 02:00:00 PM,19,5,14
08/05/2015 03:00:00 PM,23,12,11
08/05/2015 04:00:00 PM,50,29,21
08/05/2015 05:00:00 PM,55,30,25
08/05/2015 06:00:00 PM,49,31,18
08/05/2015 07:00:00 PM,27,15,12
08/05/2015 08:00:00 PM,20,11,9
08/05/2015 09:00:00 PM,13,6,7
08/05/2015 10:00:00 PM,9,2,7
08/05/2015 11:00:00 PM,6,2,4
08/06/2015 12:00:00 AM,9,2,7
08/06/2015 01:00:00 AM,1,1,0
08/06/2015 02:00:00 AM,5,4,1
08/06/2015 03:00:00 AM,2,1,1
08/06/2015 04:00:00 AM,2,1,1
08/06/2015 05:00:00 AM,10,1,9
08/06/2015 06:00:00 AM,20,5,15
08/06/2015 07:00:00 AM,32,4,28
08/06/2015 08:00:00 AM,30,9,21
08/06/2015 09:00:00 AM,17,6,11
08/06/2015 10:00:00 AM,11,9,2
08/06/2015 11:00:00 AM,20,6,14
08/06/2015 12:00:00 PM,16,11,5
08/06/2015 01:00:00 PM,22,14,8
08/06/2015 02:00:00 PM,15,8,7
08/06/2015 03:00:00 PM,19,11,8
08/06/2015 04:00:00 PM,45,30,15
08/06/2015 05:00:00 PM,46,25,21
08/06/2015 06:00:00 PM,38,22,16
08/06/2015 07:00:00 PM,21,10,11
08/06/2015 08:00:00 PM,21,15,6
08/06/2015 09:00:00 PM,16,6,10
08/06/2015 10:00:00 PM,5,2,3
08/06/2015 11:00:00 PM,15,6,9
08/07/2015 12:00:00 AM,21,11,10
08/07/2015 01:00:00 AM,16,8,8
08/07/2015 02:00:00 AM,4,0,4
08/07/2015 03:00:00 AM,2,1,1
08/07/2015 04:00:00 AM,3,0,3
08/07/2015 05:00:00 AM,9,2,7
08/07/2015 06:00:00 AM,22,8,14
08/07/2015 07:00:00 AM,30,6,24
08/07/2015 08:00:00 AM,28,3,25
08/07/2015 09:00:00 AM,16,10,6
08/07/2015 10:00:00 AM,15,7,8
08/07/2015 11:00:00 AM,20,11,9
08/07/2015 12:00:00 PM,18,14,4
08/07/2015 01:00:00 PM,13,10,3
08/07/2015 02:00:00 PM,20,12,8
08/07/2015 03:00:00 PM,21,16,5
08/07/2015 04:00:00 PM,44,32,12
08/07/2015 05:00:00 PM,69,50,19
08/07/2015 06:00:00 PM,52,32,20
08/07/2015 07:00:00 PM,26,15,11
08/07/2015 08:00:00 PM,14,8,6
08/07/2015 09:00:00 PM,7,5,2
08/07/2015 10:00:00 PM,10,5,5
08/07/2015 11:00:00 PM,19,13,6
08/08/2015 12:00:00 AM,13,8,5
08/08/2015 01:00:00 AM,16,5,11
08/08/2015 02:00:00 AM,21,12,9
08/08/2015 03:00:00 AM,1,0,1
08/08/2015 04:00:00 AM,1,0,1
08/08/2015 05:00:00 AM,2,0,2
08/08/2015 06:00:00 AM,8,2,6
08/08/2015 07:00:00 AM,6,2,4
08/08/2015 08:00:00 AM,8,6,2
08/08/2015 09:00:00 AM,8,4,4
08/08/2015 10:00:00 AM,5,5,0
08/08/2015 11:00:00 AM,14,5,9
08/08/2015 12:00:00 PM,11,5,6
08/08/2015 01:00:00 PM,14,7,7
08/08/2015 02:00:00 PM,15,8,7
08/08/2015 03:00:00 PM,14,8,6
08/08/2015 04:00:00 PM,14,8,6
08/08/2015 05:00:00 PM,8,2,6
08/08/2015 06:00:00 PM,12,5,7
08/08/2015 07:00:00 PM,17,8,9
08/08/2015 08:00:00 PM,12,7,5
08/08/2015 09:00:00 PM,11,4,7
08/08/2015 10:00:00 PM,12,7,5
08/08/2015 11:00:00 PM,15,7,8
08/09/2015 12:00:00 AM,13,5,8
08/09/2015 01:00:00 AM,10,1,9
08/09/2015 02:00:00 AM,6,3,3
08/09/2015 03:00:00 AM,0,0,0
08/09/2015 04:00:00 AM,1,1,0
08/09/2015 05:00:00 AM,3,0,3
08/09/2015 06:00:00 AM,8,1,7
08/09/2015 07:00:00 AM,6,2,4
08/09/2015 08:00:00 AM,8,3,5
08/09/2015 09:00:00 AM,8,5,3
08/09/2015 10:00:00 AM,6,6,0
08/09/2015 11:00:00 AM,15,7,8
08/09/2015 12:00:00 PM,10,6,4
08/09/2015 01:00:00 PM,22,11,11
08/09/2015 02:00:00 PM,24,15,9
08/09/2015 03:00:00 PM,17,9,8
08/09/2015 04:00:00 PM,19,10,9
08/09/2015 05:00:00 PM,13,6,7
08/09/2015 06:00:00 PM,16,5,11
08/09/2015 07:00:00 PM,12,8,4
08/09/2015 08:00:00 PM,9,5,4
08/09/2015 09:00:00 PM,11,4,7
08/09/2015 10:00:00 PM,12,3,9
08/09/2015 11:00:00 PM,9,3,6
08/10/2015 12:00:00 AM,5,3,2
08/10/2015 01:00:00 AM,4,3,1
08/10/2015 02:00:00 AM,0,0,0
08/10/2015 03:00:00 AM,0,0,0
08/10/2015 04:00:00 AM,2,0,2
08/10/2015 05:00:00 AM,7,1,6
08/10/2015 06:00:00 AM,18,5,13
08/10/2015 07:00:00 AM,30,8,22
08/10/2015 08:00:00 AM,23,4,19
08/10/2015 09:00:00 AM,18,7,11
08/10/2015 10:00:00 AM,7,5,2
08/10/2015 11:00:00 AM,24,9,15
08/10/2015 12:00:00 PM,14,6,8
08/10/2015 01:00:00 PM,17,12,5
08/10/2015 02:00:00 PM,16,9,7
08/10/2015 03:00:00 PM,28,14,14
08/10/2015 04:00:00 PM,41,28,13
08/10/2015 05:00:00 PM,48,29,19
08/10/2015 06:00:00 PM,41,23,18
08/10/2015 07:00:00 PM,24,13,11
08/10/2015 08:00:00 PM,16,8,8
08/10/2015 09:00:00 PM,9,2,7
08/10/2015 10:00:00 PM,13,7,6
08/10/2015 11:00:00 PM,6,1,5
08/11/2015 12:00:00 AM,4,0,4
08/11/2015 01:00:00 AM,2,0,2
08/11/2015 02:00:00 AM,1,1,0
08/11/2015 03:00:00 AM,4,1,3
08/11/2015 04:00:00 AM,1,1,0
08/11/2015 05:00:00 AM,12,2,10
08/11/2015 06:00:00 AM,17,3,14
08/11/2015 07:00:00 AM,32,9,23
08/11/2015 08:00:00 AM,30,12,18
08/11/2015 09:00:00 AM,22,8,14
08/11/2015 10:00:00 AM,17,10,7
08/11/2015 11:00:00 AM,23,10,13
08/11/2015 12:00:00 PM,27,16,11
08/11/2015 01:00:00 PM,16,10,6
08/11/2015 02:00:00 PM,24,11,13
08/11/2015 03:00:00 PM,18,7,11
08/11/2015 04:00:00 PM,34,23,11
08/11/2015 05:00:00 PM,55,29,26
08/11/2015 06:00:00 PM,45,25,20
08/11/2015 07:00:00 PM,15,6,9
08/11/2015 08:00:00 PM,18,8,10
08/11/2015 09:00:00 PM,20,13,7
08/11/2015 10:00:00 PM,7,5,2
08/11/2015 11:00:00 PM,10,4,6
08/12/2015 12:00:00 AM,5,4,1
08/12/2015 01:00:00 AM,4,3,1
08/12/2015 02:00:00 AM,5,1,4
08/12/2015 03:00:00 AM,2,1,1
08/12/2015 04:00:00 AM,2,0,2
08/12/2015 05:00:00 AM,7,1,6
08/12/2015 06:00:00 AM,19,6,13
08/12/2015 07:00:00 AM,35,10,25
08/12/2015 08:00:00 AM,38,13,25
08/12/2015 09:00:00 AM,30,15,15
08/12/2015 10:00:00 AM,10,7,3
08/12/2015 11:00:00 AM,22,10,12
08/12/2015 12:00:00 PM,15,9,6
08/12/2015 01:00:00 PM,21,11,10
08/12/2015 02:00:00 PM,21,10,11
08/12/2015 03:00:00 PM,25,15,10
08/12/2015 04:00:00 PM,45,25,20
08/12/2015 05:00:00 PM,51,34,17
08/12/2015 06:00:00 PM,41,23,18
08/12/2015 07:00:00 PM,30,10,20
08/12/2015 08:00:00 PM,16,5,11
08/12/2015 09:00:00 PM,12,8,4
08/12/2015 10:00:00 PM,10,2,8
08/12/2015 11:00:00 PM,4,2,2
08/13/2015 12:00:00 AM,4,2,2
08/13/2015 01:00:00 AM,7,2,5
08/13/2015 02:00:00 AM,5,4,1
08/13/2015 03:00:00 AM,2,0,2
08/13/2015 04:00:00 AM,4,2,2
08/13/2015 05:00:00 AM,14,3,11
08/13/2015 06:00:00 AM,19,9,10
08/13/2015 07:00:00 AM,30,7,23
08/13/2015 08:00:00 AM,33,11,22
08/13/2015 09:00:00 AM,12,4,8
08/13/2015 10:00:00 AM,11,3,8
08/13/2015 11:00:00 AM,20,13,7
08/13/2015 12:00:00 PM,17,9,8
08/13/2015 01:00:00 PM,20,6,14
08/13/2015 02:00:00 PM,16,9,7
08/13/2015 03:00:00 PM,22,13,9
08/13/2015 04:00:00 PM,28,18,10
08/13/2015 05:00:00 PM,48,31,17
08/13/2015 06:00:00 PM,57,30,27
08/13/2015 07:00:00 PM,24,16,8
08/13/2015 08:00:00 PM,21,13,8
08/13/2015 09:00:00 PM,14,5,9
08/13/2015 10:00:00 PM,15,3,12
08/13/2015 11:00:00 PM,3,1,2
08/14/2015 12:00:00 AM,9,2,7
08/14/2015 01:00:00 AM,4,2,2
08/14/2015 02:00:00 AM,5,1,4
08/14/2015 03:00:00 AM,1,0,1
08/14/2015 04:00:00 AM,4,1,3
08/14/2015 05:00:00 AM,7,1,6
08/14/2015 06:00:00 AM,11,4,7
08/14/2015 07:00:00 AM,29,7,22
08/14/2015 08:00:00 AM,17,8,9
08/14/2015 09:00:00 AM,18,5,13
08/14/2015 10:00:00 AM,8,5,3
08/14/2015 11:00:00 AM,15,6,9
08/14/2015 12:00:00 PM,18,13,5
08/14/2015 01:00:00 PM,3,1,2
08/14/2015 02:00:00 PM,15,8,7
08/14/2015 03:00:00 PM,18,14,4
08/14/2015 04:00:00 PM,23,15,8
08/14/2015 05:00:00 PM,21,15,6
08/14/2015 06:00:00 PM,14,9,5
08/14/2015 07:00:00 PM,7,5,2
08/14/2015 08:00:00 PM,15,8,7
08/14/2015 09:00:00 PM,5,1,4
08/14/2015 10:00:00 PM,3,1,2
08/14/2015 11:00:00 PM,10,5,5
08/15/2015 12:00:00 AM,5,1,4
08/15/2015 01:00:00 AM,2,2,0
08/15/2015 02:00:00 AM,1,0,1
08/15/2015 03:00:00 AM,3,2,1
08/15/2015 04:00:00 AM,1,1,0
08/15/2015 05:00:00 AM,33,29,4
08/15/2015 06:00:00 AM,11,3,8
08/15/2015 07:00:00 AM,10,3,7
08/15/2015 08:00:00 AM,6,3,3
08/15/2015 09:00:00 AM,4,2,2
08/15/2015 10:00:00 AM,2,0,2
08/15/2015 11:00:00 AM,14,8,6
08/15/2015 12:00:00 PM,7,3,4
08/15/2015 01:00:00 PM,19,9,10
08/15/2015 02:00:00 PM,15,8,7
08/15/2015 03:00:00 PM,12,7,5
08/15/2015 04:00:00 PM,13,8,5
08/15/2015 05:00:00 PM,16,7,9
08/15/2015 06:00:00 PM,10,4,6
08/15/2015 07:00:00 PM,12,6,6
08/15/2015 08:00:00 PM,13,7,6
08/15/2015 09:00:00 PM,17,7,10
08/15/2015 10:00:00 PM,13,6,7
08/15/2015 11:00:00 PM,13,4,9
08/16/2015 12:00:00 AM,13,1,12
08/16/2015 01:00:00 AM,13,4,9
08/16/2015 02:00:00 AM,12,4,8
08/16/2015 03:00:00 AM,3,2,1
08/16/2015 04:00:00 AM,1,1,0
08/16/2015 05:00:00 AM,4,0,4
08/16/2015 06:00:00 AM,5,3,2
08/16/2015 07:00:00 AM,1,1,0
08/16/2015 08:00:00 AM,5,3,2
08/16/2015 09:00:00 AM,4,3,1
08/16/2015 10:00:00 AM,8,3,5
08/16/2015 11:00:00 AM,8,2,6
08/16/2015 12:00:00 PM,22,8,14
08/16/2015 01:00:00 PM,16,5,11
08/16/2015 02:00:00 PM,20,4,16
08/16/2015 03:00:00 PM,8,3,5
08/16/2015 04:00:00 PM,19,9,10
08/16/2015 05:00:00 PM,17,12,5
08/16/2015 06:00:00 PM,13,8,5
08/16/2015 07:00:00 PM,12,7,5
08/16/2015 08:00:00 PM,9,3,6
08/16/2015 09:00:00 PM,15,9,6
08/16/2015 10:00:00 PM,12,5,7
08/16/2015 11:00:00 PM,4,1,3
08/17/2015 12:00:00 AM,1,0,1
08/17/2015 01:00:00 AM,1,1,0
08/17/2015 02:00:00 AM,0,0,0
08/17/2015 03:00:00 AM,0,0,0
08/17/2015 04:00:00 AM,1,1,0
08/17/2015 05:00:00 AM,9,0,9
08/17/2015 06:00:00 AM,24,5,19
08/17/2015 07:00:00 AM,26,5,21
08/17/2015 08:00:00 AM,29,10,19
08/17/2015 09:00:00 AM,20,9,11
08/17/2015 10:00:00 AM,13,9,4
08/17/2015 11:00:00 AM,25,17,8
08/17/2015 12:00:00 PM,22,11,11
08/17/2015 01:00:00 PM,21,6,15
08/17/2015 02:00:00 PM,22,15,7
08/17/2015 03:00:00 PM,25,17,8
08/17/2015 04:00:00 PM,41,25,16
08/17/2015 05:00:00 PM,53,30,23
08/17/2015 06:00:00 PM,33,19,14
08/17/2015 07:00:00 PM,19,12,7
08/17/2015 08:00:00 PM,18,6,12
08/17/2015 09:00:00 PM,12,4,8
08/17/2015 10:00:00 PM,8,1,7
08/17/2015 11:00:00 PM,6,2,4
08/18/2015 12:00:00 AM,8,5,3
08/18/2015 01:00:00 AM,1,0,1
08/18/2015 02:00:00 AM,3,1,2
08/18/2015 03:00:00 AM,2,1,1
08/18/2015 04:00:00 AM,1,0,1
08/18/2015 05:00:00 AM,9,0,9
08/18/2015 06:00:00 AM,20,5,15
08/18/2015 07:00:00 AM,33,9,24
08/18/2015 08:00:00 AM,29,10,19
08/18/2015 09:00:00 AM,18,14,4
08/18/2015 10:00:00 AM,16,11,5
08/18/2015 11:00:00 AM,20,8,12
08/18/2015 12:00:00 PM,23,11,12
08/18/2015 01:00:00 PM,25,18,7
08/18/2015 02:00:00 PM,23,9,14
08/18/2015 03:00:00 PM,22,16,6
08/18/2015 04:00:00 PM,33,24,9
08/18/2015 05:00:00 PM,53,30,23
08/18/2015 06:00:00 PM,50,26,24
08/18/2015 07:00:00 PM,23,12,11
08/18/2015 08:00:00 PM,24,10,14
08/18/2015 09:00:00 PM,12,6,6
08/18/2015 10:00:00 PM,15,8,7
08/18/2015 11:00:00 PM,9,5,4
08/19/2015 12:00:00 AM,5,4,1
08/19/2015 01:00:00 AM,1,0,1
08/19/2015 02:00:00 AM,0,0,0
08/19/2015 03:00:00 AM,1,0,1
08/19/2015 04:00:00 AM,2,2,0
08/19/2015 05:00:00 AM,8,0,8
08/19/2015 06:00:00 AM,23,10,13
08/19/2015 07:00:00 AM,35,7,28
08/19/2015 08:00:00 AM,30,11,19
08/19/2015 09:00:00 AM,23,16,7
08/19/2015 10:00:00 AM,13,7,6
08/19/2015 11:00:00 AM,17,11,6
08/19/2015 12:00:00 PM,20,8,12
08/19/2015 01:00:00 PM,23,12,11
08/19/2015 02:00:00 PM,27,12,15
08/19/2015 03:00:00 PM,27,14,13
08/19/2015 04:00:00 PM,49,36,13
08/19/2015 05:00:00 PM,42,24,18
08/19/2015 06:00:00 PM,46,22,24
08/19/2015 07:00:00 PM,34,20,14
08/19/2015 08:00:00 PM,18,7,11
08/19/2015 09:00:00 PM,11,5,6
08/19/2015 10:00:00 PM,10,5,5
08/19/2015 11:00:00 PM,7,1,6
08/20/2015 12:00:00 AM,5,2,3
08/20/2015 01:00:00 AM,25,9,16
08/20/2015 02:00:00 AM,5,3,2
08/20/2015 03:00:00 AM,2,1,1
08/20/2015 04:00:00 AM,2,0,2
08/20/2015 05:00:00 AM,14,1,13
08/20/2015 06:00:00 AM,14,3,11
08/20/2015 07:00:00 AM,34,12,22
08/20/2015 08:00:00 AM,21,6,15
08/20/2015 09:00:00 AM,12,8,4
08/20/2015 10:00:00 AM,11,6,5
08/20/2015 11:00:00 AM,20,8,12
08/20/2015 12:00:00 PM,18,8,10
08/20/2015 01:00:00 PM,23,11,12
08/20/2015 02:00:00 PM,18,8,10
08/20/2015 03:00:00 PM,20,18,2
08/20/2015 04:00:00 PM,37,26,11
08/20/2015 05:00:00 PM,52,33,19
08/20/2015 06:00:00 PM,32,18,14
08/20/2015 07:00:00 PM,19,9,10
08/20/2015 08:00:00 PM,30,19,11
08/20/2015 09:00:00 PM,16,5,11
08/20/2015 10:00:00 PM,10,2,8
08/20/2015 11:00:00 PM,4,3,1
08/21/2015 12:00:00 AM,6,4,2
08/21/2015 01:00:00 AM,4,2,2
08/21/2015 02:00:00 AM,1,0,1
08/21/2015 03:00:00 AM,1,0,1
08/21/2015 04:00:00 AM,4,0,4
08/21/2015 05:00:00 AM,5,0,5
08/21/2015 06:00:00 AM,13,1,12
08/21/2015 07:00:00 AM,28,3,25
08/21/2015 08:00:00 AM,29,5,24
08/21/2015 09:00:00 AM,11,2,9
08/21/2015 10:00:00 AM,14,7,7
08/21/2015 11:00:00 AM,16,8,8
08/21/2015 12:00:00 PM,20,11,9
08/21/2015 01:00:00 PM,23,8,15
08/21/2015 02:00:00 PM,24,18,6
08/21/2015 03:00:00 PM,22,15,7
08/21/2015 04:00:00 PM,31,20,11
08/21/2015 05:00:00 PM,38,24,14
08/21/2015 06:00:00 PM,21,11,10
08/21/2015 07:00:00 PM,13,6,7
08/21/2015 08:00:00 PM,10,4,6
08/21/2015 09:00:00 PM,7,4,3
08/21/2015 10:00:00 PM,10,6,4
08/21/2015 11:00:00 PM,11,6,5
08/22/2015 12:00:00 AM,9,6,3
08/22/2015 01:00:00 AM,10,0,10
08/22/2015 02:00:00 AM,9,1,8
08/22/2015 03:00:00 AM,3,1,2
08/22/2015 04:00:00 AM,1,0,1
08/22/2015 05:00:00 AM,6,1,5
08/22/2015 06:00:00 AM,6,1,5
08/22/2015 07:00:00 AM,10,4,6
08/22/2015 08:00:00 AM,5,5,0
08/22/2015 09:00:00 AM,7,5,2
08/22/2015 10:00:00 AM,7,4,3
08/22/2015 11:00:00 AM,13,5,8
08/22/2015 12:00:00 PM,18,9,9
08/22/2015 01:00:00 PM,19,7,12
08/22/2015 02:00:00 PM,16,9,7
08/22/2015 03:00:00 PM,12,4,8
08/22/2015 04:00:00 PM,16,10,6
08/22/2015 05:00:00 PM,15,4,11
08/22/2015 06:00:00 PM,11,4,7
08/22/2015 07:00:00 PM,19,10,9
08/22/2015 08:00:00 PM,19,11,8
08/22/2015 09:00:00 PM,10,1,9
08/22/2015 10:00:00 PM,10,5,5
08/22/2015 11:00:00 PM,13,6,7
08/23/2015 12:00:00 AM,6,2,4
08/23/2015 01:00:00 AM,12,2,10
08/23/2015 02:00:00 AM,12,3,9
08/23/2015 03:00:00 AM,0,0,0
08/23/2015 04:00:00 AM,2,1,1
08/23/2015 05:00:00 AM,3,0,3
08/23/2015 06:00:00 AM,7,1,6
08/23/2015 07:00:00 AM,7,2,5
08/23/2015 08:00:00 AM,2,1,1
08/23/2015 09:00:00 AM,14,9,5
08/23/2015 10:00:00 AM,9,8,1
08/23/2015 11:00:00 AM,14,7,7
08/23/2015 12:00:00 PM,22,9,13
08/23/2015 01:00:00 PM,24,10,14
08/23/2015 02:00:00 PM,24,9,15
08/23/2015 03:00:00 PM,19,10,9
08/23/2015 04:00:00 PM,23,12,11
08/23/2015 05:00:00 PM,13,8,5
08/23/2015 06:00:00 PM,7,6,1
08/23/2015 07:00:00 PM,16,12,4
08/23/2015 08:00:00 PM,14,6,8
08/23/2015 09:00:00 PM,20,9,11
08/23/2015 10:00:00 PM,4,1,3
08/23/2015 11:00:00 PM,8,4,4
08/24/2015 12:00:00 AM,3,1,2
08/24/2015 01:00:00 AM,1,0,1
08/24/2015 02:00:00 AM,1,1,0
08/24/2015 03:00:00 AM,1,0,1
08/24/2015 04:00:00 AM,2,1,1
08/24/2015 05:00:00 AM,11,0,11
08/24/2015 06:00:00 AM,15,3,12
08/24/2015 07:00:00 AM,22,7,15
08/24/2015 08:00:00 AM,30,7,23
08/24/2015 09:00:00 AM,23,9,14
08/24/2015 10:00:00 AM,16,12,4
08/24/2015 11:00:00 AM,26,11,15
08/24/2015 12:00:00 PM,29,15,14
08/24/2015 01:00:00 PM,23,11,12
08/24/2015 02:00:00 PM,21,11,10
08/24/2015 03:00:00 PM,22,13,9
08/24/2015 04:00:00 PM,28,17,11
08/24/2015 05:00:00 PM,64,41,23
08/24/2015 06:00:00 PM,34,27,7
08/24/2015 07:00:00 PM,29,15,14
08/24/2015 08:00:00 PM,27,12,15
08/24/2015 09:00:00 PM,9,3,6
08/24/2015 10:00:00 PM,7,4,3
08/24/2015 11:00:00 PM,11,5,6
08/25/2015 12:00:00 AM,5,3,2
08/25/2015 01:00:00 AM,4,2,2
08/25/2015 02:00:00 AM,0,0,0
08/25/2015 03:00:00 AM,0,0,0
08/25/2015 04:00:00 AM,1,0,1
08/25/2015 05:00:00 AM,7,0,7
08/25/2015 06:00:00 AM,21,4,17
08/25/2015 07:00:00 AM,34,8,26
08/25/2015 08:00:00 AM,31,10,21
08/25/2015 09:00:00 AM,14,10,4
08/25/2015 10:00:00 AM,15,11,4
08/25/2015 11:00:00 AM,16,8,8
08/25/2015 12:00:00 PM,25,11,14
08/25/2015 01:00:00 PM,30,9,21
08/25/2015 02:00:00 PM,18,11,7
08/25/2015 03:00:00 PM,23,15,8
08/25/2015 04:00:00 PM,38,23,15
08/25/2015 05:00:00 PM,57,34,23
08/25/2015 06:00:00 PM,33,18,15
08/25/2015 07:00:00 PM,35,18,17
08/25/2015 08:00:00 PM,18,9,9
08/25/2015 09:00:00 PM,17,7,10
08/25/2015 10:00:00 PM,8,3,5
08/25/2015 11:00:00 PM,4,2,2
08/26/2015 12:00:00 AM,1,1,0
08/26/2015 01:00:00 AM,6,3,3
08/26/2015 02:00:00 AM,3,3,0
08/26/2015 03:00:00 AM,0,0,0
08/26/2015 04:00:00 AM,3,0,3
08/26/2015 05:00:00 AM,5,0,5
08/26/2015 06:00:00 AM,20,3,17
08/26/2015 07:00:00 AM,33,8,25
08/26/2015 08:00:00 AM,35,9,26
08/26/2015 09:00:00 AM,21,10,11
08/26/2015 10:00:00 AM,18,11,7
08/26/2015 11:00:00 AM,15,6,9
08/26/2015 12:00:00 PM,15,5,10
08/26/2015 01:00:00 PM,19,7,12
08/26/2015 02:00:00 PM,17,9,8
08/26/2015 03:00:00 PM,28,18,10
08/26/2015 04:00:00 PM,43,21,22
08/26/2015 05:00:00 PM,62,37,25
08/26/2015 06:00:00 PM,42,24,18
08/26/2015 07:00:00 PM,25,11,14
08/26/2015 08:00:00 PM,36,14,22
08/26/2015 09:00:00 PM,8,2,6
08/26/2015 10:00:00 PM,9,4,5
08/26/2015 11:00:00 PM,12,8,4
08/27/2015 12:00:00 AM,6,0,6
08/27/2015 01:00:00 AM,3,2,1
08/27/2015 02:00:00 AM,3,2,1
08/27/2015 03:00:00 AM,0,0,0
08/27/2015 04:00:00 AM,1,0,1
08/27/2015 05:00:00 AM,7,1,6
08/27/2015 06:00:00 AM,20,4,16
08/27/2015 07:00:00 AM,27,8,19
08/27/2015 08:00:00 AM,22,3,19
08/27/2015 09:00:00 AM,18,10,8
08/27/2015 10:00:00 AM,14,8,6
08/27/2015 11:00:00 AM,11,7,4
08/27/2015 12:00:00 PM,25,7,18
08/27/2015 01:00:00 PM,20,9,11
08/27/2015 02:00:00 PM,9,4,5
08/27/2015 03:00:00 PM,18,9,9
08/27/2015 04:00:00 PM,33,19,14
08/27/2015 05:00:00 PM,53,32,21
08/27/2015 06:00:00 PM,37,15,22
08/27/2015 07:00:00 PM,36,16,20
08/27/2015 08:00:00 PM,21,13,8
08/27/2015 09:00:00 PM,18,7,11
08/27/2015 10:00:00 PM,19,5,14
08/27/2015 11:00:00 PM,10,8,2
08/28/2015 12:00:00 AM,13,10,3
08/28/2015 01:00:00 AM,11,3,8
08/28/2015 02:00:00 AM,2,1,1
08/28/2015 03:00:00 AM,2,1,1
08/28/2015 04:00:00 AM,3,1,2
08/28/2015 05:00:00 AM,5,0,5
08/28/2015 06:00:00 AM,13,5,8
08/28/2015 07:00:00 AM,15,3,12
08/28/2015 08:00:00 AM,25,11,14
08/28/2015 09:00:00 AM,16,8,8
08/28/2015 10:00:00 AM,10,7,3
08/28/2015 11:00:00 AM,24,12,12
08/28/2015 12:00:00 PM,12,7,5
08/28/2015 01:00:00 PM,16,7,9
08/28/2015 02:00:00 PM,18,4,14
08/28/2015 03:00:00 PM,10,7,3
08/28/2015 04:00:00 PM,32,19,13
08/28/2015 05:00:00 PM,34,20,14
08/28/2015 06:00:00 PM,33,20,13
08/28/2015 07:00:00 PM,21,11,10
08/28/2015 08:00:00 PM,10,5,5
08/28/2015 09:00:00 PM,11,5,6
08/28/2015 10:00:00 PM,12,5,7
08/28/2015 11:00:00 PM,12,6,6
08/29/2015 12:00:00 AM,6,3,3
08/29/2015 01:00:00 AM,7,1,6
08/29/2015 02:00:00 AM,3,1,2
08/29/2015 03:00:00 AM,0,0,0
08/29/2015 04:00:00 AM,0,0,0
08/29/2015 05:00:00 AM,1,0,1
08/29/2015 06:00:00 AM,2,2,0
08/29/2015 07:00:00 AM,3,2,1
08/29/2015 08:00:00 AM,6,5,1
08/29/2015 09:00:00 AM,2,0,2
08/29/2015 10:00:00 AM,6,2,4
08/29/2015 11:00:00 AM,6,4,2
08/29/2015 12:00:00 PM,11,4,7
08/29/2015 01:00:00 PM,6,2,4
08/29/2015 02:00:00 PM,11,3,8
08/29/2015 03:00:00 PM,6,3,3
08/29/2015 04:00:00 PM,9,5,4
08/29/2015 05:00:00 PM,8,1,7
08/29/2015 06:00:00 PM,7,2,5
08/29/2015 07:00:00 PM,13,5,8
08/29/2015 08:00:00 PM,9,4,5
08/29/2015 09:00:00 PM,2,0,2
08/29/2015 10:00:00 PM,0,0,0
08/29/2015 11:00:00 PM,3,1,2
08/30/2015 12:00:00 AM,1,0,1
08/30/2015 01:00:00 AM,4,1,3
08/30/2015 02:00:00 AM,0,0,0
08/30/2015 03:00:00 AM,0,0,0
08/30/2015 04:00:00 AM,0,0,0
08/30/2015 05:00:00 AM,0,0,0
08/30/2015 06:00:00 AM,0,0,0
08/30/2015 07:00:00 AM,0,0,0
08/30/2015 08:00:00 AM,0,0,0
08/30/2015 09:00:00 AM,0,0,0
08/30/2015 10:00:00 AM,0,0,0
08/30/2015 11:00:00 AM,0,0,0
08/30/2015 12:00:00 PM,2,0,2
08/30/2015 01:00:00 PM,1,0,1
08/30/2015 02:00:00 PM,2,0,2
08/30/2015 03:00:00 PM,0,0,0
08/30/2015 04:00:00 PM,2,0,2
08/30/2015 05:00:00 PM,3,0,3
08/30/2015 06:00:00 PM,24,9,15
08/30/2015 07:00:00 PM,3,0,3
08/30/2015 08:00:00 PM,3,0,3
08/30/2015 09:00:00 PM,2,1,1
08/30/2015 10:00:00 PM,5,0,5
08/30/2015 11:00:00 PM,1,0,1
08/31/2015 12:00:00 AM,1,1,0
08/31/2015 01:00:00 AM,0,0,0
08/31/2015 02:00:00 AM,0,0,0
08/31/2015 03:00:00 AM,0,0,0
08/31/2015 04:00:00 AM,0,0,0
08/31/2015 05:00:00 AM,2,0,2
08/31/2015 06:00:00 AM,3,1,2
08/31/2015 07:00:00 AM,4,0,4
08/31/2015 08:00:00 AM,4,0,4
08/31/2015 09:00:00 AM,3,0,3
08/31/2015 10:00:00 AM,3,0,3
08/31/2015 11:00:00 AM,4,0,4
08/31/2015 12:00:00 PM,3,0,3
08/31/2015 01:00:00 PM,4,0,4
08/31/2015 02:00:00 PM,8,0,8
08/31/2015 03:00:00 PM,7,0,7
08/31/2015 04:00:00 PM,9,0,9
08/31/2015 05:00:00 PM,15,0,15
08/31/2015 06:00:00 PM,18,0,18
08/31/2015 07:00:00 PM,5,0,5
08/31/2015 08:00:00 PM,3,0,3
08/31/2015 09:00:00 PM,1,0,1
08/31/2015 10:00:00 PM,5,0,5
08/31/2015 11:00:00 PM,3,0,3
09/01/2015 12:00:00 AM,0,0,0
09/01/2015 01:00:00 AM,1,0,1
09/01/2015 02:00:00 AM,0,0,0
09/01/2015 03:00:00 AM,1,0,1
09/01/2015 04:00:00 AM,0,0,0
09/01/2015 05:00:00 AM,1,0,1
09/01/2015 06:00:00 AM,3,0,3
09/01/2015 07:00:00 AM,3,0,3
09/01/2015 08:00:00 AM,7,0,7
09/01/2015 09:00:00 AM,4,0,4
09/01/2015 10:00:00 AM,10,4,6
09/01/2015 11:00:00 AM,14,6,8
09/01/2015 12:00:00 PM,15,5,10
09/01/2015 01:00:00 PM,17,7,10
09/01/2015 02:00:00 PM,12,5,7
09/01/2015 03:00:00 PM,22,13,9
09/01/2015 04:00:00 PM,19,14,5
09/01/2015 05:00:00 PM,41,24,17
09/01/2015 06:00:00 PM,29,15,14
09/01/2015 07:00:00 PM,19,9,10
09/01/2015 08:00:00 PM,11,7,4
09/01/2015 09:00:00 PM,9,3,6
09/01/2015 10:00:00 PM,3,1,2
09/01/2015 11:00:00 PM,6,5,1
09/02/2015 12:00:00 AM,2,2,0
09/02/2015 01:00:00 AM,1,0,1
09/02/2015 02:00:00 AM,2,1,1
09/02/2015 03:00:00 AM,0,0,0
09/02/2015 04:00:00 AM,1,0,1
09/02/2015 05:00:00 AM,5,2,3
09/02/2015 06:00:00 AM,14,1,13
09/02/2015 07:00:00 AM,28,9,19
09/02/2015 08:00:00 AM,28,6,22
09/02/2015 09:00:00 AM,13,5,8
09/02/2015 10:00:00 AM,12,8,4
09/02/2015 11:00:00 AM,6,1,5
09/02/2015 12:00:00 PM,22,12,10
09/02/2015 01:00:00 PM,18,8,10
09/02/2015 02:00:00 PM,15,11,4
09/02/2015 03:00:00 PM,24,14,10
09/02/2015 04:00:00 PM,28,13,15
09/02/2015 05:00:00 PM,43,21,22
09/02/2015 06:00:00 PM,39,23,16
09/02/2015 07:00:00 PM,26,12,14
09/02/2015 08:00:00 PM,26,11,15
09/02/2015 09:00:00 PM,14,7,7
09/02/2015 10:00:00 PM,11,0,11
09/02/2015 11:00:00 PM,10,5,5
09/03/2015 12:00:00 AM,2,1,1
09/03/2015 01:00:00 AM,1,0,1
09/03/2015 02:00:00 AM,2,0,2
09/03/2015 03:00:00 AM,0,0,0
09/03/2015 04:00:00 AM,2,0,2
09/03/2015 05:00:00 AM,4,1,3
09/03/2015 06:00:00 AM,13,2,11
09/03/2015 07:00:00 AM,15,2,13
09/03/2015 08:00:00 AM,23,9,14
09/03/2015 09:00:00 AM,17,5,12
09/03/2015 10:00:00 AM,14,7,7
09/03/2015 11:00:00 AM,15,10,5
09/03/2015 12:00:00 PM,14,7,7
09/03/2015 01:00:00 PM,14,3,11
09/03/2015 02:00:00 PM,17,6,11
09/03/2015 03:00:00 PM,22,12,10
09/03/2015 04:00:00 PM,23,15,8
09/03/2015 05:00:00 PM,25,15,10
09/03/2015 06:00:00 PM,32,14,18
09/03/2015 07:00:00 PM,16,3,13
09/03/2015 08:00:00 PM,17,11,6
09/03/2015 09:00:00 PM,11,4,7
09/03/2015 10:00:00 PM,10,5,5
09/03/2015 11:00:00 PM,6,3,3
09/04/2015 12:00:00 AM,8,3,5
09/04/2015 01:00:00 AM,5,1,4
09/04/2015 02:00:00 AM,0,0,0
09/04/2015 03:00:00 AM,0,0,0
09/04/2015 04:00:00 AM,4,1,3
09/04/2015 05:00:00 AM,4,1,3
09/04/2015 06:00:00 AM,15,3,12
09/04/2015 07:00:00 AM,8,0,8
09/04/2015 08:00:00 AM,23,12,11
09/04/2015 09:00:00 AM,11,4,7
09/04/2015 10:00:00 AM,7,5,2
09/04/2015 11:00:00 AM,10,3,7
09/04/2015 12:00:00 PM,0,0,0
09/04/2015 01:00:00 PM,0,0,0
09/04/2015 02:00:00 PM,0,0,0
09/04/2015 03:00:00 PM,0,0,0
09/04/2015 04:00:00 PM,0,0,0
09/04/2015 05:00:00 PM,0,0,0
09/04/2015 06:00:00 PM,0,0,0
09/04/2015 07:00:00 PM,0,0,0
09/04/2015 08:00:00 PM,0,0,0
09/04/2015 09:00:00 PM,0,0,0
09/04/2015 10:00:00 PM,0,0,0
09/04/2015 11:00:00 PM,0,0,0
09/05/2015 12:00:00 AM,0,0,0
09/05/2015 01:00:00 AM,0,0,0
09/05/2015 02:00:00 AM,1,1,0
09/05/2015 03:00:00 AM,0,0,0
09/05/2015 04:00:00 AM,0,0,0
09/05/2015 05:00:00 AM,0,0,0
09/05/2015 06:00:00 AM,0,0,0
09/05/2015 07:00:00 AM,0,0,0
09/05/2015 08:00:00 AM,0,0,0
09/05/2015 09:00:00 AM,0,0,0
09/05/2015 10:00:00 AM,0,0,0
09/05/2015 11:00:00 AM,0,0,0
09/05/2015 12:00:00 PM,0,0,0
09/05/2015 01:00:00 PM,2,0,2
09/05/2015 02:00:00 PM,0,0,0
09/05/2015 03:00:00 PM,0,0,0
09/05/2015 04:00:00 PM,0,0,0
09/05/2015 05:00:00 PM,0,0,0
09/05/2015 06:00:00 PM,0,0,0
09/05/2015 07:00:00 PM,0,0,0
09/05/2015 08:00:00 PM,0,0,0
09/05/2015 09:00:00 PM,0,0,0
09/05/2015 10:00:00 PM,0,0,0
09/05/2015 11:00:00 PM,0,0,0
09/06/2015 12:00:00 AM,0,0,0
09/06/2015 01:00:00 AM,0,0,0
09/06/2015 02:00:00 AM,0,0,0
09/06/2015 03:00:00 AM,0,0,0
09/06/2015 04:00:00 AM,0,0,0
09/06/2015 05:00:00 AM,0,0,0
09/06/2015 06:00:00 AM,0,0,0
09/06/2015 07:00:00 AM,0,0,0
09/06/2015 08:00:00 AM,0,0,0
09/06/2015 09:00:00 AM,0,0,0
09/06/2015 10:00:00 AM,0,0,0
09/06/2015 11:00:00 AM,0,0,0
09/06/2015 12:00:00 PM,0,0,0
09/06/2015 01:00:00 PM,0,0,0
09/06/2015 02:00:00 PM,1,0,1
09/06/2015 03:00:00 PM,0,0,0
09/06/2015 04:00:00 PM,0,0,0
09/06/2015 05:00:00 PM,1,0,1
09/06/2015 06:00:00 PM,0,0,0
09/06/2015 07:00:00 PM,0,0,0
09/06/2015 08:00:00 PM,0,0,0
09/06/2015 09:00:00 PM,0,0,0
09/06/2015 10:00:00 PM,0,0,0
09/06/2015 11:00:00 PM,0,0,0
09/07/2015 12:00:00 AM,0,0,0
09/07/2015 01:00:00 AM,0,0,0
09/07/2015 02:00:00 AM,0,0,0
09/07/2015 03:00:00 AM,0,0,0
09/07/2015 04:00:00 AM,0,0,0
09/07/2015 05:00:00 AM,0,0,0
09/07/2015 06:00:00 AM,0,0,0
09/07/2015 07:00:00 AM,0,0,0
09/07/2015 08:00:00 AM,0,0,0
09/07/2015 09:00:00 AM,0,0,0
09/07/2015 10:00:00 AM,0,0,0
09/07/2015 11:00:00 AM,0,0,0
09/07/2015 12:00:00 PM,0,0,0
09/07/2015 01:00:00 PM,0,0,0
09/07/2015 02:00:00 PM,0,0,0
09/07/2015 03:00:00 PM,0,0,0
09/07/2015 04:00:00 PM,0,0,0
09/07/2015 05:00:00 PM,0,0,0
09/07/2015 06:00:00 PM,0,0,0
09/07/2015 07:00:00 PM,0,0,0
09/07/2015 08:00:00 PM,0,0,0
09/07/2015 09:00:00 PM,0,0,0
09/07/2015 10:00:00 PM,0,0,0
09/07/2015 11:00:00 PM,0,0,0
09/08/2015 12:00:00 AM,0,0,0
09/08/2015 01:00:00 AM,0,0,0
09/08/2015 02:00:00 AM,0,0,0
09/08/2015 03:00:00 AM,0,0,0
09/08/2015 04:00:00 AM,0,0,0
09/08/2015 05:00:00 AM,0,0,0
09/08/2015 06:00:00 AM,0,0,0
09/08/2015 07:00:00 AM,0,0,0
09/08/2015 08:00:00 AM,0,0,0
09/08/2015 09:00:00 AM,0,0,0
09/08/2015 10:00:00 AM,0,0,0
09/08/2015 11:00:00 AM,0,0,0
09/08/2015 12:00:00 PM,0,0,0
09/08/2015 01:00:00 PM,0,0,0
09/08/2015 02:00:00 PM,0,0,0
09/08/2015 03:00:00 PM,0,0,0
09/08/2015 04:00:00 PM,1,0,1
09/08/2015 05:00:00 PM,0,0,0
09/08/2015 06:00:00 PM,0,0,0
09/08/2015 07:00:00 PM,0,0,0
09/08/2015 08:00:00 PM,0,0,0
09/08/2015 09:00:00 PM,0,0,0
09/08/2015 10:00:00 PM,0,0,0
09/08/2015 11:00:00 PM,0,0,0
09/09/2015 12:00:00 AM,0,0,0
09/09/2015 01:00:00 AM,0,0,0
09/09/2015 02:00:00 AM,0,0,0
09/09/2015 03:00:00 AM,0,0,0
09/09/2015 04:00:00 AM,0,0,0
09/09/2015 05:00:00 AM,0,0,0
09/09/2015 06:00:00 AM,0,0,0
09/09/2015 07:00:00 AM,0,0,0
09/09/2015 08:00:00 AM,0,0,0
09/09/2015 09:00:00 AM,0,0,0
09/09/2015 10:00:00 AM,0,0,0
09/09/2015 11:00:00 AM,2,0,2
09/09/2015 12:00:00 PM,0,0,0
09/09/2015 01:00:00 PM,0,0,0
09/09/2015 02:00:00 PM,0,0,0
09/09/2015 03:00:00 PM,2,0,2
09/09/2015 04:00:00 PM,0,0,0
09/09/2015 05:00:00 PM,0,0,0
09/09/2015 06:00:00 PM,0,0,0
09/09/2015 07:00:00 PM,0,0,0
09/09/2015 08:00:00 PM,0,0,0
09/09/2015 09:00:00 PM,0,0,0
09/09/2015 10:00:00 PM,1,0,1
09/09/2015 11:00:00 PM,1,0,1
09/10/2015 12:00:00 AM,0,0,0
09/10/2015 01:00:00 AM,1,0,1
09/10/2015 02:00:00 AM,1,0,1
09/10/2015 03:00:00 AM,0,0,0
09/10/2015 04:00:00 AM,0,0,0
09/10/2015 05:00:00 AM,0,0,0
09/10/2015 06:00:00 AM,0,0,0
09/10/2015 07:00:00 AM,0,0,0
09/10/2015 08:00:00 AM,0,0,0
09/10/2015 09:00:00 AM,0,0,0
09/10/2015 10:00:00 AM,0,0,0
09/10/2015 11:00:00 AM,0,0,0
09/10/2015 12:00:00 PM,0,0,0
09/10/2015 01:00:00 PM,0,0,0
09/10/2015 02:00:00 PM,0,0,0
09/10/2015 03:00:00 PM,0,0,0
09/10/2015 04:00:00 PM,0,0,0
09/10/2015 05:00:00 PM,1,0,1
09/10/2015 06:00:00 PM,0,0,0
09/10/2015 07:00:00 PM,0,0,0
09/10/2015 08:00:00 PM,0,0,0
09/10/2015 09:00:00 PM,0,0,0
09/10/2015 10:00:00 PM,0,0,0
09/10/2015 11:00:00 PM,1,1,0
09/11/2015 12:00:00 AM,10,4,6
09/11/2015 01:00:00 AM,1,0,1
09/11/2015 02:00:00 AM,0,0,0
09/11/2015 03:00:00 AM,0,0,0
09/11/2015 04:00:00 AM,0,0,0
09/11/2015 05:00:00 AM,0,0,0
09/11/2015 06:00:00 AM,0,0,0
09/11/2015 07:00:00 AM,0,0,0
09/11/2015 08:00:00 AM,0,0,0
09/11/2015 09:00:00 AM,0,0,0
09/11/2015 10:00:00 AM,0,0,0
09/11/2015 11:00:00 AM,0,0,0
09/11/2015 12:00:00 PM,0,0,0
09/11/2015 01:00:00 PM,0,0,0
09/11/2015 02:00:00 PM,0,0,0
09/11/2015 03:00:00 PM,0,0,0
09/11/2015 04:00:00 PM,0,0,0
09/11/2015 05:00:00 PM,0,0,0
09/11/2015 06:00:00 PM,0,0,0
09/11/2015 07:00:00 PM,0,0,0
09/11/2015 08:00:00 PM,0,0,0
09/11/2015 09:00:00 PM,0,0,0
09/11/2015 10:00:00 PM,0,0,0
09/11/2015 11:00:00 PM,0,0,0
09/12/2015 12:00:00 AM,0,0,0
09/12/2015 01:00:00 AM,0,0,0
09/12/2015 02:00:00 AM,0,0,0
09/12/2015 03:00:00 AM,0,0,0
09/12/2015 04:00:00 AM,0,0,0
09/12/2015 05:00:00 AM,0,0,0
09/12/2015 06:00:00 AM,0,0,0
09/12/2015 07:00:00 AM,0,0,0
09/12/2015 08:00:00 AM,0,0,0
09/12/2015 09:00:00 AM,0,0,0
09/12/2015 10:00:00 AM,0,0,0
09/12/2015 11:00:00 AM,0,0,0
09/12/2015 12:00:00 PM,0,0,0
09/12/2015 01:00:00 PM,0,0,0
09/12/2015 02:00:00 PM,0,0,0
09/12/2015 03:00:00 PM,0,0,0
09/12/2015 04:00:00 PM,0,0,0
09/12/2015 05:00:00 PM,0,0,0
09/12/2015 06:00:00 PM,0,0,0
09/12/2015 07:00:00 PM,0,0,0
09/12/2015 08:00:00 PM,0,0,0
09/12/2015 09:00:00 PM,0,0,0
09/12/2015 10:00:00 PM,0,0,0
09/12/2015 11:00:00 PM,0,0,0
09/13/2015 12:00:00 AM,0,0,0
09/13/2015 01:00:00 AM,1,0,1
09/13/2015 02:00:00 AM,0,0,0
09/13/2015 03:00:00 AM,0,0,0
09/13/2015 04:00:00 AM,0,0,0
09/13/2015 05:00:00 AM,0,0,0
09/13/2015 06:00:00 AM,0,0,0
09/13/2015 07:00:00 AM,0,0,0
09/13/2015 08:00:00 AM,0,0,0
09/13/2015 09:00:00 AM,0,0,0
09/13/2015 10:00:00 AM,0,0,0
09/13/2015 11:00:00 AM,0,0,0
09/13/2015 12:00:00 PM,0,0,0
09/13/2015 01:00:00 PM,0,0,0
09/13/2015 02:00:00 PM,0,0,0
09/13/2015 03:00:00 PM,0,0,0
09/13/2015 04:00:00 PM,0,0,0
09/13/2015 05:00:00 PM,0,0,0
09/13/2015 06:00:00 PM,0,0,0
09/13/2015 07:00:00 PM,0,0,0
09/13/2015 08:00:00 PM,0,0,0
09/13/2015 09:00:00 PM,0,0,0
09/13/2015 10:00:00 PM,0,0,0
09/13/2015 11:00:00 PM,0,0,0
09/14/2015 12:00:00 AM,0,0,0
09/14/2015 01:00:00 AM,0,0,0
09/14/2015 02:00:00 AM,0,0,0
09/14/2015 03:00:00 AM,0,0,0
09/14/2015 04:00:00 AM,0,0,0
09/14/2015 05:00:00 AM,0,0,0
09/14/2015 06:00:00 AM,0,0,0
09/14/2015 07:00:00 AM,0,0,0
09/14/2015 08:00:00 AM,0,0,0
09/14/2015 09:00:00 AM,0,0,0
09/14/2015 10:00:00 AM,0,0,0
09/14/2015 11:00:00 AM,0,0,0
09/14/2015 12:00:00 PM,0,0,0
09/14/2015 01:00:00 PM,0,0,0
09/14/2015 02:00:00 PM,0,0,0
09/14/2015 03:00:00 PM,0,0,0
09/14/2015 04:00:00 PM,0,0,0
09/14/2015 05:00:00 PM,0,0,0
09/14/2015 06:00:00 PM,0,0,0
09/14/2015 07:00:00 PM,0,0,0
09/14/2015 08:00:00 PM,0,0,0
09/14/2015 09:00:00 PM,0,0,0
09/14/2015 10:00:00 PM,0,0,0
09/14/2015 11:00:00 PM,0,0,0
09/15/2015 12:00:00 AM,0,0,0
09/15/2015 01:00:00 AM,0,0,0
09/15/2015 02:00:00 AM,0,0,0
09/15/2015 03:00:00 AM,0,0,0
09/15/2015 04:00:00 AM,0,0,0
09/15/2015 05:00:00 AM,0,0,0
09/15/2015 06:00:00 AM,0,0,0
09/15/2015 07:00:00 AM,0,0,0
09/15/2015 08:00:00 AM,0,0,0
09/15/2015 09:00:00 AM,0,0,0
09/15/2015 10:00:00 AM,0,0,0
09/15/2015 11:00:00 AM,0,0,0
09/15/2015 12:00:00 PM,0,0,0
09/15/2015 01:00:00 PM,0,0,0
09/15/2015 02:00:00 PM,0,0,0
09/15/2015 03:00:00 PM,0,0,0
09/15/2015 04:00:00 PM,0,0,0
09/15/2015 05:00:00 PM,0,0,0
09/15/2015 06:00:00 PM,0,0,0
09/15/2015 07:00:00 PM,0,0,0
09/15/2015 08:00:00 PM,0,0,0
09/15/2015 09:00:00 PM,0,0,0
09/15/2015 10:00:00 PM,0,0,0
09/15/2015 11:00:00 PM,0,0,0
09/16/2015 12:00:00 AM,0,0,0
09/16/2015 01:00:00 AM,0,0,0
09/16/2015 02:00:00 AM,2,0,2
09/16/2015 03:00:00 AM,0,0,0
09/16/2015 04:00:00 AM,0,0,0
09/16/2015 05:00:00 AM,0,0,0
09/16/2015 06:00:00 AM,0,0,0
09/16/2015 07:00:00 AM,0,0,0
09/16/2015 08:00:00 AM,0,0,0
09/16/2015 09:00:00 AM,0,0,0
09/16/2015 10:00:00 AM,0,0,0
09/16/2015 11:00:00 AM,0,0,0
09/16/2015 12:00:00 PM,0,0,0
09/16/2015 01:00:00 PM,0,0,0
09/16/2015 02:00:00 PM,0,0,0
09/16/2015 03:00:00 PM,0,0,0
09/16/2015 04:00:00 PM,0,0,0
09/16/2015 05:00:00 PM,0,0,0
09/16/2015 06:00:00 PM,0,0,0
09/16/2015 07:00:00 PM,0,0,0
09/16/2015 08:00:00 PM,0,0,0
09/16/2015 09:00:00 PM,0,0,0
09/16/2015 10:00:00 PM,0,0,0
09/16/2015 11:00:00 PM,0,0,0
09/17/2015 12:00:00 AM,0,0,0
09/17/2015 01:00:00 AM,0,0,0
09/17/2015 02:00:00 AM,0,0,0
09/17/2015 03:00:00 AM,0,0,0
09/17/2015 04:00:00 AM,0,0,0
09/17/2015 05:00:00 AM,0,0,0
09/17/2015 06:00:00 AM,0,0,0
09/17/2015 07:00:00 AM,0,0,0
09/17/2015 08:00:00 AM,0,0,0
09/17/2015 09:00:00 AM,0,0,0
09/17/2015 10:00:00 AM,0,0,0
09/17/2015 11:00:00 AM,0,0,0
09/17/2015 12:00:00 PM,0,0,0
09/17/2015 01:00:00 PM,0,0,0
09/17/2015 02:00:00 PM,0,0,0
09/17/2015 03:00:00 PM,0,0,0
09/17/2015 04:00:00 PM,0,0,0
09/17/2015 05:00:00 PM,0,0,0
09/17/2015 06:00:00 PM,0,0,0
09/17/2015 07:00:00 PM,0,0,0
09/17/2015 08:00:00 PM,0,0,0
09/17/2015 09:00:00 PM,0,0,0
09/17/2015 10:00:00 PM,0,0,0
09/17/2015 11:00:00 PM,0,0,0
09/18/2015 12:00:00 AM,0,0,0
09/18/2015 01:00:00 AM,0,0,0
09/18/2015 02:00:00 AM,2,0,2
09/18/2015 03:00:00 AM,0,0,0
09/18/2015 04:00:00 AM,0,0,0
09/18/2015 05:00:00 AM,0,0,0
09/18/2015 06:00:00 AM,0,0,0
09/18/2015 07:00:00 AM,0,0,0
09/18/2015 08:00:00 AM,0,0,0
09/18/2015 09:00:00 AM,0,0,0
09/18/2015 10:00:00 AM,0,0,0
09/18/2015 11:00:00 AM,0,0,0
09/18/2015 12:00:00 PM,0,0,0
09/18/2015 01:00:00 PM,0,0,0
09/18/2015 02:00:00 PM,45,19,26
09/18/2015 03:00:00 PM,23,15,8
09/18/2015 04:00:00 PM,22,11,11
09/18/2015 05:00:00 PM,41,26,15
09/18/2015 06:00:00 PM,24,13,11
09/18/2015 07:00:00 PM,32,18,14
09/18/2015 08:00:00 PM,12,3,9
09/18/2015 09:00:00 PM,8,4,4
09/18/2015 10:00:00 PM,9,6,3
09/18/2015 11:00:00 PM,10,4,6
09/19/2015 12:00:00 AM,22,5,17
09/19/2015 01:00:00 AM,6,3,3
09/19/2015 02:00:00 AM,6,4,2
09/19/2015 03:00:00 AM,1,1,0
09/19/2015 04:00:00 AM,0,0,0
09/19/2015 05:00:00 AM,4,1,3
09/19/2015 06:00:00 AM,5,2,3
09/19/2015 07:00:00 AM,3,1,2
09/19/2015 08:00:00 AM,11,5,6
09/19/2015 09:00:00 AM,6,5,1
09/19/2015 10:00:00 AM,11,6,5
09/19/2015 11:00:00 AM,9,5,4
09/19/2015 12:00:00 PM,22,12,10
09/19/2015 01:00:00 PM,22,16,6
09/19/2015 02:00:00 PM,12,4,8
09/19/2015 03:00:00 PM,17,9,8
09/19/2015 04:00:00 PM,10,8,2
09/19/2015 05:00:00 PM,14,7,7
09/19/2015 06:00:00 PM,23,15,8
09/19/2015 07:00:00 PM,11,2,9
09/19/2015 08:00:00 PM,10,4,6
09/19/2015 09:00:00 PM,4,1,3
09/19/2015 10:00:00 PM,10,7,3
09/19/2015 11:00:00 PM,10,5,5
09/20/2015 12:00:00 AM,9,3,6
09/20/2015 01:00:00 AM,6,1,5
09/20/2015 02:00:00 AM,23,13,10
09/20/2015 03:00:00 AM,2,0,2
09/20/2015 04:00:00 AM,2,1,1
09/20/2015 05:00:00 AM,1,0,1
09/20/2015 06:00:00 AM,4,1,3
09/20/2015 07:00:00 AM,5,3,2
09/20/2015 08:00:00 AM,1,0,1
09/20/2015 09:00:00 AM,3,2,1
09/20/2015 10:00:00 AM,4,1,3
09/20/2015 11:00:00 AM,5,1,4
09/20/2015 12:00:00 PM,10,7,3
09/20/2015 01:00:00 PM,11,5,6
09/20/2015 02:00:00 PM,10,6,4
09/20/2015 03:00:00 PM,20,9,11
09/20/2015 04:00:00 PM,21,10,11
09/20/2015 05:00:00 PM,23,11,12
09/20/2015 06:00:00 PM,6,4,2
09/20/2015 07:00:00 PM,10,5,5
09/20/2015 08:00:00 PM,2,0,2
09/20/2015 09:00:00 PM,5,3,2
09/20/2015 10:00:00 PM,3,1,2
09/20/2015 11:00:00 PM,2,1,1
09/21/2015 12:00:00 AM,3,0,3
09/21/2015 01:00:00 AM,0,0,0
09/21/2015 02:00:00 AM,0,0,0
09/21/2015 03:00:00 AM,0,0,0
09/21/2015 04:00:00 AM,1,0,1
09/21/2015 05:00:00 AM,7,1,6
09/21/2015 06:00:00 AM,15,2,13
09/21/2015 07:00:00 AM,19,2,17
09/21/2015 08:00:00 AM,33,9,24
09/21/2015 09:00:00 AM,18,8,10
09/21/2015 10:00:00 AM,19,13,6
09/21/2015 11:00:00 AM,12,7,5
09/21/2015 12:00:00 PM,23,9,14
09/21/2015 01:00:00 PM,16,7,9
09/21/2015 02:00:00 PM,15,5,10
09/21/2015 03:00:00 PM,23,16,7
09/21/2015 04:00:00 PM,33,24,9
09/21/2015 05:00:00 PM,35,19,16
09/21/2015 06:00:00 PM,37,22,15
09/21/2015 07:00:00 PM,23,12,11
09/21/2015 08:00:00 PM,9,3,6
09/21/2015 09:00:00 PM,9,5,4
09/21/2015 10:00:00 PM,4,2,2
09/21/2015 11:00:00 PM,3,2,1
09/22/2015 12:00:00 AM,2,1,1
09/22/2015 01:00:00 AM,0,0,0
09/22/2015 02:00:00 AM,1,0,1
09/22/2015 03:00:00 AM,0,0,0
09/22/2015 04:00:00 AM,1,0,1
09/22/2015 05:00:00 AM,3,1,2
09/22/2015 06:00:00 AM,17,2,15
09/22/2015 07:00:00 AM,29,4,25
09/22/2015 08:00:00 AM,31,7,24
09/22/2015 09:00:00 AM,23,10,13
09/22/2015 10:00:00 AM,11,6,5
09/22/2015 11:00:00 AM,23,12,11
09/22/2015 12:00:00 PM,15,7,8
09/22/2015 01:00:00 PM,20,6,14
09/22/2015 02:00:00 PM,16,8,8
09/22/2015 03:00:00 PM,29,19,10
09/22/2015 04:00:00 PM,28,20,8
09/22/2015 05:00:00 PM,52,34,18
09/22/2015 06:00:00 PM,26,15,11
09/22/2015 07:00:00 PM,22,10,12
09/22/2015 08:00:00 PM,19,7,12
09/22/2015 09:00:00 PM,14,8,6
09/22/2015 10:00:00 PM,6,3,3
09/22/2015 11:00:00 PM,6,6,0
09/23/2015 12:00:00 AM,4,1,3
09/23/2015 01:00:00 AM,0,0,0
09/23/2015 02:00:00 AM,0,0,0
09/23/2015 03:00:00 AM,0,0,0
09/23/2015 04:00:00 AM,1,0,1
09/23/2015 05:00:00 AM,5,0,5
09/23/2015 06:00:00 AM,14,3,11
09/23/2015 07:00:00 AM,29,5,24
09/23/2015 08:00:00 AM,34,9,25
09/23/2015 09:00:00 AM,23,6,17
09/23/2015 10:00:00 AM,16,9,7
09/23/2015 11:00:00 AM,13,5,8
09/23/2015 12:00:00 PM,27,15,12
09/23/2015 01:00:00 PM,19,10,9
09/23/2015 02:00:00 PM,16,8,8
09/23/2015 03:00:00 PM,12,9,3
09/23/2015 04:00:00 PM,41,24,17
09/23/2015 05:00:00 PM,42,25,17
09/23/2015 06:00:00 PM,36,19,17
09/23/2015 07:00:00 PM,25,11,14
09/23/2015 08:00:00 PM,19,14,5
09/23/2015 09:00:00 PM,14,7,7
09/23/2015 10:00:00 PM,7,2,5
09/23/2015 11:00:00 PM,4,3,1
09/24/2015 12:00:00 AM,4,0,4
09/24/2015 01:00:00 AM,9,4,5
09/24/2015 02:00:00 AM,2,0,2
09/24/2015 03:00:00 AM,0,0,0
09/24/2015 04:00:00 AM,3,2,1
09/24/2015 05:00:00 AM,5,1,4
09/24/2015 06:00:00 AM,16,0,16
09/24/2015 07:00:00 AM,24,3,21
09/24/2015 08:00:00 AM,36,10,26
09/24/2015 09:00:00 AM,26,14,12
09/24/2015 10:00:00 AM,14,8,6
09/24/2015 11:00:00 AM,12,9,3
09/24/2015 12:00:00 PM,24,11,13
09/24/2015 01:00:00 PM,16,8,8
09/24/2015 02:00:00 PM,18,8,10
09/24/2015 03:00:00 PM,21,15,6
09/24/2015 04:00:00 PM,33,21,12
09/24/2015 05:00:00 PM,52,28,24
09/24/2015 06:00:00 PM,41,23,18
09/24/2015 07:00:00 PM,25,11,14
09/24/2015 08:00:00 PM,18,8,10
09/24/2015 09:00:00 PM,20,9,11
09/24/2015 10:00:00 PM,8,5,3
09/24/2015 11:00:00 PM,1,1,0
09/25/2015 12:00:00 AM,6,2,4
09/25/2015 01:00:00 AM,2,2,0
09/25/2015 02:00:00 AM,2,0,2
09/25/2015 03:00:00 AM,5,3,2
09/25/2015 04:00:00 AM,3,1,2
09/25/2015 05:00:00 AM,2,2,0
09/25/2015 06:00:00 AM,9,1,8
09/25/2015 07:00:00 AM,22,4,18
09/25/2015 08:00:00 AM,21,6,15
09/25/2015 09:00:00 AM,15,5,10
09/25/2015 10:00:00 AM,13,6,7
09/25/2015 11:00:00 AM,21,15,6
09/25/2015 12:00:00 PM,19,12,7
09/25/2015 01:00:00 PM,21,9,12
09/25/2015 02:00:00 PM,12,8,4
09/25/2015 03:00:00 PM,22,11,11
09/25/2015 04:00:00 PM,28,15,13
09/25/2015 05:00:00 PM,35,21,14
09/25/2015 06:00:00 PM,25,15,10
09/25/2015 07:00:00 PM,21,12,9
09/25/2015 08:00:00 PM,17,9,8
09/25/2015 09:00:00 PM,15,5,10
09/25/2015 10:00:00 PM,10,7,3
09/25/2015 11:00:00 PM,8,4,4
09/26/2015 12:00:00 AM,6,4,2
09/26/2015 01:00:00 AM,4,1,3
09/26/2015 02:00:00 AM,11,2,9
09/26/2015 03:00:00 AM,2,1,1
09/26/2015 04:00:00 AM,7,4,3
09/26/2015 05:00:00 AM,4,2,2
09/26/2015 06:00:00 AM,11,3,8
09/26/2015 07:00:00 AM,4,0,4
09/26/2015 08:00:00 AM,7,4,3
09/26/2015 09:00:00 AM,9,6,3
09/26/2015 10:00:00 AM,1,0,1
09/26/2015 11:00:00 AM,10,4,6
09/26/2015 12:00:00 PM,14,9,5
09/26/2015 01:00:00 PM,9,3,6
09/26/2015 02:00:00 PM,12,8,4
09/26/2015 03:00:00 PM,29,15,14
09/26/2015 04:00:00 PM,19,10,9
09/26/2015 05:00:00 PM,21,10,11
09/26/2015 06:00:00 PM,11,3,8
09/26/2015 07:00:00 PM,20,14,6
09/26/2015 08:00:00 PM,6,3,3
09/26/2015 09:00:00 PM,11,7,4
09/26/2015 10:00:00 PM,17,8,9
09/26/2015 11:00:00 PM,20,10,10
09/27/2015 12:00:00 AM,6,3,3
09/27/2015 01:00:00 AM,11,2,9
09/27/2015 02:00:00 AM,18,4,14
09/27/2015 03:00:00 AM,1,1,0
09/27/2015 04:00:00 AM,7,5,2
09/27/2015 05:00:00 AM,4,0,4
09/27/2015 06:00:00 AM,11,1,10
09/27/2015 07:00:00 AM,4,3,1
09/27/2015 08:00:00 AM,4,2,2
09/27/2015 09:00:00 AM,9,6,3
09/27/2015 10:00:00 AM,11,4,7
09/27/2015 11:00:00 AM,11,5,6
09/27/2015 12:00:00 PM,18,14,4
09/27/2015 01:00:00 PM,13,5,8
09/27/2015 02:00:00 PM,17,4,13
09/27/2015 03:00:00 PM,23,8,15
09/27/2015 04:00:00 PM,20,13,7
09/27/2015 05:00:00 PM,15,7,8
09/27/2015 06:00:00 PM,23,10,13
09/27/2015 07:00:00 PM,12,4,8
09/27/2015 08:00:00 PM,6,4,2
09/27/2015 09:00:00 PM,8,3,5
09/27/2015 10:00:00 PM,2,1,1
09/27/2015 11:00:00 PM,3,1,2
09/28/2015 12:00:00 AM,4,1,3
09/28/2015 01:00:00 AM,3,0,3
09/28/2015 02:00:00 AM,5,3,2
09/28/2015 03:00:00 AM,1,0,1
09/28/2015 04:00:00 AM,0,0,0
09/28/2015 05:00:00 AM,3,1,2
09/28/2015 06:00:00 AM,16,4,12
09/28/2015 07:00:00 AM,26,12,14
09/28/2015 08:00:00 AM,26,12,14
09/28/2015 09:00:00 AM,33,16,17
09/28/2015 10:00:00 AM,10,5,5
09/28/2015 11:00:00 AM,25,10,15
09/28/2015 12:00:00 PM,21,11,10
09/28/2015 01:00:00 PM,32,18,14
09/28/2015 02:00:00 PM,24,10,14
09/28/2015 03:00:00 PM,26,15,11
09/28/2015 04:00:00 PM,32,19,13
09/28/2015 05:00:00 PM,46,23,23
09/28/2015 06:00:00 PM,36,19,17
09/28/2015 07:00:00 PM,30,16,14
09/28/2015 08:00:00 PM,16,6,10
09/28/2015 09:00:00 PM,12,7,5
09/28/2015 10:00:00 PM,6,2,4
09/28/2015 11:00:00 PM,5,2,3
09/29/2015 12:00:00 AM,4,1,3
09/29/2015 01:00:00 AM,0,0,0
09/29/2015 02:00:00 AM,1,0,1
09/29/2015 03:00:00 AM,1,1,0
09/29/2015 04:00:00 AM,3,1,2
09/29/2015 05:00:00 AM,5,1,4
09/29/2015 06:00:00 AM,14,0,14
09/29/2015 07:00:00 AM,36,11,25
09/29/2015 08:00:00 AM,32,11,21
09/29/2015 09:00:00 AM,24,10,14
09/29/2015 10:00:00 AM,12,5,7
09/29/2015 11:00:00 AM,23,13,10
09/29/2015 12:00:00 PM,25,16,9
09/29/2015 01:00:00 PM,21,8,13
09/29/2015 02:00:00 PM,21,7,14
09/29/2015 03:00:00 PM,31,24,7
09/29/2015 04:00:00 PM,29,19,10
09/29/2015 05:00:00 PM,47,27,20
09/29/2015 06:00:00 PM,43,24,19
09/29/2015 07:00:00 PM,26,12,14
09/29/2015 08:00:00 PM,23,7,16
09/29/2015 09:00:00 PM,15,5,10
09/29/2015 10:00:00 PM,4,4,0
09/29/2015 11:00:00 PM,7,3,4
09/30/2015 12:00:00 AM,3,1,2
09/30/2015 01:00:00 AM,1,0,1
09/30/2015 02:00:00 AM,0,0,0
09/30/2015 03:00:00 AM,0,0,0
09/30/2015 04:00:00 AM,0,0,0
09/30/2015 05:00:00 AM,6,1,5
09/30/2015 06:00:00 AM,16,2,14
09/30/2015 07:00:00 AM,37,11,26
09/30/2015 08:00:00 AM,32,12,20
09/30/2015 09:00:00 AM,20,7,13
09/30/2015 10:00:00 AM,17,7,10
09/30/2015 11:00:00 AM,32,14,18
09/30/2015 12:00:00 PM,21,9,12
09/30/2015 01:00:00 PM,18,6,12
09/30/2015 02:00:00 PM,12,6,6
09/30/2015 03:00:00 PM,17,6,11
09/30/2015 04:00:00 PM,39,24,15
09/30/2015 05:00:00 PM,58,27,31
09/30/2015 06:00:00 PM,35,16,19
09/30/2015 07:00:00 PM,34,16,18
09/30/2015 08:00:00 PM,24,8,16
09/30/2015 09:00:00 PM,8,4,4
09/30/2015 10:00:00 PM,7,5,2
09/30/2015 11:00:00 PM,7,6,1
10/01/2015 12:00:00 AM,3,1,2
10/01/2015 01:00:00 AM,5,1,4
10/01/2015 02:00:00 AM,1,0,1
10/01/2015 03:00:00 AM,1,0,1
10/01/2015 04:00:00 AM,2,1,1
10/01/2015 05:00:00 AM,6,0,6
10/01/2015 06:00:00 AM,21,2,19
10/01/2015 07:00:00 AM,26,6,20
10/01/2015 08:00:00 AM,27,13,14
10/01/2015 09:00:00 AM,23,10,13
10/01/2015 10:00:00 AM,32,17,15
10/01/2015 11:00:00 AM,24,16,8
10/01/2015 12:00:00 PM,36,12,24
10/01/2015 01:00:00 PM,20,10,10
10/01/2015 02:00:00 PM,22,13,9
10/01/2015 03:00:00 PM,22,11,11
10/01/2015 04:00:00 PM,30,16,14
10/01/2015 05:00:00 PM,46,26,20
10/01/2015 06:00:00 PM,27,9,18
10/01/2015 07:00:00 PM,29,14,15
10/01/2015 08:00:00 PM,24,11,13
10/01/2015 09:00:00 PM,15,7,8
10/01/2015 10:00:00 PM,8,4,4
10/01/2015 11:00:00 PM,13,5,8
10/02/2015 12:00:00 AM,5,2,3
10/02/2015 01:00:00 AM,5,3,2
10/02/2015 02:00:00 AM,2,1,1
10/02/2015 03:00:00 AM,1,1,0
10/02/2015 04:00:00 AM,2,0,2
10/02/2015 05:00:00 AM,2,1,1
10/02/2015 06:00:00 AM,23,3,20
10/02/2015 07:00:00 AM,29,8,21
10/02/2015 08:00:00 AM,17,9,8
10/02/2015 09:00:00 AM,21,6,15
10/02/2015 10:00:00 AM,12,7,5
10/02/2015 11:00:00 AM,17,11,6
10/02/2015 12:00:00 PM,20,9,11
10/02/2015 01:00:00 PM,16,6,10
10/02/2015 02:00:00 PM,19,11,8
10/02/2015 03:00:00 PM,26,18,8
10/02/2015 04:00:00 PM,44,21,23
10/02/2015 05:00:00 PM,39,26,13
10/02/2015 06:00:00 PM,38,19,19
10/02/2015 07:00:00 PM,17,15,2
10/02/2015 08:00:00 PM,14,2,12
10/02/2015 09:00:00 PM,13,8,5
10/02/2015 10:00:00 PM,7,4,3
10/02/2015 11:00:00 PM,5,2,3
10/03/2015 12:00:00 AM,12,5,7
10/03/2015 01:00:00 AM,6,1,5
10/03/2015 02:00:00 AM,5,2,3
10/03/2015 03:00:00 AM,0,0,0
10/03/2015 04:00:00 AM,0,0,0
10/03/2015 05:00:00 AM,5,1,4
10/03/2015 06:00:00 AM,4,1,3
10/03/2015 07:00:00 AM,3,1,2
10/03/2015 08:00:00 AM,7,5,2
10/03/2015 09:00:00 AM,15,7,8
10/03/2015 10:00:00 AM,11,4,7
10/03/2015 11:00:00 AM,27,13,14
10/03/2015 12:00:00 PM,18,15,3
10/03/2015 01:00:00 PM,22,11,11
10/03/2015 02:00:00 PM,22,9,13
10/03/2015 03:00:00 PM,20,8,12
10/03/2015 04:00:00 PM,15,10,5
10/03/2015 05:00:00 PM,22,13,9
10/03/2015 06:00:00 PM,11,6,5
10/03/2015 07:00:00 PM,17,8,9
10/03/2015 08:00:00 PM,15,7,8
10/03/2015 09:00:00 PM,12,7,5
10/03/2015 10:00:00 PM,10,4,6
10/03/2015 11:00:00 PM,14,5,9
10/04/2015 12:00:00 AM,12,1,11
10/04/2015 01:00:00 AM,4,1,3
10/04/2015 02:00:00 AM,7,3,4
10/04/2015 03:00:00 AM,0,0,0
10/04/2015 04:00:00 AM,1,1,0
10/04/2015 05:00:00 AM,2,0,2
10/04/2015 06:00:00 AM,4,0,4
10/04/2015 07:00:00 AM,3,1,2
10/04/2015 08:00:00 AM,7,1,6
10/04/2015 09:00:00 AM,4,3,1
10/04/2015 10:00:00 AM,12,7,5
10/04/2015 11:00:00 AM,12,6,6
10/04/2015 12:00:00 PM,15,7,8
10/04/2015 01:00:00 PM,24,9,15
10/04/2015 02:00:00 PM,16,5,11
10/04/2015 03:00:00 PM,25,13,12
10/04/2015 04:00:00 PM,21,10,11
10/04/2015 05:00:00 PM,25,14,11
10/04/2015 06:00:00 PM,22,9,13
10/04/2015 07:00:00 PM,16,7,9
10/04/2015 08:00:00 PM,11,8,3
10/04/2015 09:00:00 PM,6,3,3
10/04/2015 10:00:00 PM,12,6,6
10/04/2015 11:00:00 PM,2,0,2
10/05/2015 12:00:00 AM,3,0,3
10/05/2015 01:00:00 AM,2,0,2
10/05/2015 02:00:00 AM,1,0,1
10/05/2015 03:00:00 AM,1,0,1
10/05/2015 04:00:00 AM,0,0,0
10/05/2015 05:00:00 AM,5,0,5
10/05/2015 06:00:00 AM,14,3,11
10/05/2015 07:00:00 AM,36,9,27
10/05/2015 08:00:00 AM,36,13,23
10/05/2015 09:00:00 AM,25,9,16
10/05/2015 10:00:00 AM,14,6,8
10/05/2015 11:00:00 AM,36,18,18
10/05/2015 12:00:00 PM,18,11,7
10/05/2015 01:00:00 PM,19,6,13
10/05/2015 02:00:00 PM,25,9,16
10/05/2015 03:00:00 PM,26,16,10
10/05/2015 04:00:00 PM,49,23,26
10/05/2015 05:00:00 PM,51,29,22
10/05/2015 06:00:00 PM,44,25,19
10/05/2015 07:00:00 PM,20,12,8
10/05/2015 08:00:00 PM,11,6,5
10/05/2015 09:00:00 PM,10,4,6
10/05/2015 10:00:00 PM,7,3,4
10/05/2015 11:00:00 PM,4,1,3
10/06/2015 12:00:00 AM,2,0,2
10/06/2015 01:00:00 AM,5,3,2
10/06/2015 02:00:00 AM,0,0,0
10/06/2015 03:00:00 AM,0,0,0
10/06/2015 04:00:00 AM,2,1,1
10/06/2015 05:00:00 AM,6,1,5
10/06/2015 06:00:00 AM,18,3,15
10/06/2015 07:00:00 AM,35,13,22
10/06/2015 08:00:00 AM,29,11,18
10/06/2015 09:00:00 AM,25,9,16
10/06/2015 10:00:00 AM,19,9,10
10/06/2015 11:00:00 AM,10,4,6
10/06/2015 12:00:00 PM,11,5,6
10/06/2015 01:00:00 PM,20,7,13
10/06/2015 02:00:00 PM,20,9,11
10/06/2015 03:00:00 PM,28,15,13
10/06/2015 04:00:00 PM,28,17,11
10/06/2015 05:00:00 PM,59,33,26
10/06/2015 06:00:00 PM,38,23,15
10/06/2015 07:00:00 PM,24,12,12
10/06/2015 08:00:00 PM,16,7,9
10/06/2015 09:00:00 PM,15,6,9
10/06/2015 10:00:00 PM,4,1,3
10/06/2015 11:00:00 PM,4,1,3
10/07/2015 12:00:00 AM,2,1,1
10/07/2015 01:00:00 AM,2,1,1
10/07/2015 02:00:00 AM,4,3,1
10/07/2015 03:00:00 AM,0,0,0
10/07/2015 04:00:00 AM,0,0,0
10/07/2015 05:00:00 AM,3,1,2
10/07/2015 06:00:00 AM,13,4,9
10/07/2015 07:00:00 AM,23,7,16
10/07/2015 08:00:00 AM,18,7,11
10/07/2015 09:00:00 AM,15,5,10
10/07/2015 10:00:00 AM,13,7,6
10/07/2015 11:00:00 AM,17,10,7
10/07/2015 12:00:00 PM,14,8,6
10/07/2015 01:00:00 PM,9,6,3
10/07/2015 02:00:00 PM,18,8,10
10/07/2015 03:00:00 PM,13,9,4
10/07/2015 04:00:00 PM,23,14,9
10/07/2015 05:00:00 PM,36,19,17
10/07/2015 06:00:00 PM,28,16,12
10/07/2015 07:00:00 PM,22,7,15
10/07/2015 08:00:00 PM,5,1,4
10/07/2015 09:00:00 PM,11,5,6
10/07/2015 10:00:00 PM,12,7,5
10/07/2015 11:00:00 PM,4,2,2
10/08/2015 12:00:00 AM,3,1,2
10/08/2015 01:00:00 AM,1,0,1
10/08/2015 02:00:00 AM,1,1,0
10/08/2015 03:00:00 AM,0,0,0
10/08/2015 04:00:00 AM,1,1,0
10/08/2015 05:00:00 AM,3,1,2
10/08/2015 06:00:00 AM,10,1,9
10/08/2015 07:00:00 AM,31,10,21
10/08/2015 08:00:00 AM,26,14,12
10/08/2015 09:00:00 AM,18,8,10
10/08/2015 10:00:00 AM,19,7,12
10/08/2015 11:00:00 AM,18,10,8
10/08/2015 12:00:00 PM,26,9,17
10/08/2015 01:00:00 PM,25,13,12
10/08/2015 02:00:00 PM,16,8,8
10/08/2015 03:00:00 PM,30,17,13
10/08/2015 04:00:00 PM,29,19,10
10/08/2015 05:00:00 PM,42,22,20
10/08/2015 06:00:00 PM,41,21,20
10/08/2015 07:00:00 PM,17,7,10
10/08/2015 08:00:00 PM,22,7,15
10/08/2015 09:00:00 PM,12,5,7
10/08/2015 10:00:00 PM,7,5,2
10/08/2015 11:00:00 PM,5,2,3
10/09/2015 12:00:00 AM,6,4,2
10/09/2015 01:00:00 AM,0,0,0
10/09/2015 02:00:00 AM,1,0,1
10/09/2015 03:00:00 AM,1,1,0
10/09/2015 04:00:00 AM,2,0,2
10/09/2015 05:00:00 AM,7,1,6
10/09/2015 06:00:00 AM,16,2,14
10/09/2015 07:00:00 AM,33,12,21
10/09/2015 08:00:00 AM,25,11,14
10/09/2015 09:00:00 AM,21,5,16
10/09/2015 10:00:00 AM,15,8,7
10/09/2015 11:00:00 AM,17,9,8
10/09/2015 12:00:00 PM,28,14,14
10/09/2015 01:00:00 PM,21,7,14
10/09/2015 02:00:00 PM,22,10,12
10/09/2015 03:00:00 PM,26,17,9
10/09/2015 04:00:00 PM,30,20,10
10/09/2015 05:00:00 PM,43,28,15
10/09/2015 06:00:00 PM,21,7,14
10/09/2015 07:00:00 PM,25,13,12
10/09/2015 08:00:00 PM,20,9,11
10/09/2015 09:00:00 PM,10,5,5
10/09/2015 10:00:00 PM,8,4,4
10/09/2015 11:00:00 PM,7,2,5
10/10/2015 12:00:00 AM,7,4,3
10/10/2015 01:00:00 AM,6,1,5
10/10/2015 02:00:00 AM,4,1,3
10/10/2015 03:00:00 AM,2,0,2
10/10/2015 04:00:00 AM,0,0,0
10/10/2015 05:00:00 AM,3,1,2
10/10/2015 06:00:00 AM,4,0,4
10/10/2015 07:00:00 AM,3,2,1
10/10/2015 08:00:00 AM,7,5,2
10/10/2015 09:00:00 AM,4,0,4
10/10/2015 10:00:00 AM,1,0,1
10/10/2015 11:00:00 AM,6,4,2
10/10/2015 12:00:00 PM,10,8,2
10/10/2015 01:00:00 PM,13,6,7
10/10/2015 02:00:00 PM,12,5,7
10/10/2015 03:00:00 PM,8,3,5
10/10/2015 04:00:00 PM,7,4,3
10/10/2015 05:00:00 PM,20,7,13
10/10/2015 06:00:00 PM,13,6,7
10/10/2015 07:00:00 PM,10,4,6
10/10/2015 08:00:00 PM,7,5,2
10/10/2015 09:00:00 PM,12,9,3
10/10/2015 10:00:00 PM,7,2,5
10/10/2015 11:00:00 PM,6,2,4
10/11/2015 12:00:00 AM,7,3,4
10/11/2015 01:00:00 AM,10,6,4
10/11/2015 02:00:00 AM,3,2,1
10/11/2015 03:00:00 AM,1,0,1
10/11/2015 04:00:00 AM,0,0,0
10/11/2015 05:00:00 AM,1,1,0
10/11/2015 06:00:00 AM,10,2,8
10/11/2015 07:00:00 AM,1,0,1
10/11/2015 08:00:00 AM,3,2,1
10/11/2015 09:00:00 AM,10,3,7
10/11/2015 10:00:00 AM,5,4,1
10/11/2015 11:00:00 AM,11,5,6
10/11/2015 12:00:00 PM,14,9,5
10/11/2015 01:00:00 PM,19,8,11
10/11/2015 02:00:00 PM,25,7,18
10/11/2015 03:00:00 PM,18,10,8
10/11/2015 04:00:00 PM,15,6,9
10/11/2015 05:00:00 PM,10,3,7
10/11/2015 06:00:00 PM,19,6,13
10/11/2015 07:00:00 PM,5,4,1
10/11/2015 08:00:00 PM,11,8,3
10/11/2015 09:00:00 PM,15,8,7
10/11/2015 10:00:00 PM,9,2,7
10/11/2015 11:00:00 PM,7,5,2
10/12/2015 12:00:00 AM,2,2,0
10/12/2015 01:00:00 AM,1,1,0
10/12/2015 02:00:00 AM,0,0,0
10/12/2015 03:00:00 AM,1,0,1
10/12/2015 04:00:00 AM,1,0,1
10/12/2015 05:00:00 AM,3,1,2
10/12/2015 06:00:00 AM,14,2,12
10/12/2015 07:00:00 AM,33,8,25
10/12/2015 08:00:00 AM,26,7,19
10/12/2015 09:00:00 AM,24,15,9
10/12/2015 10:00:00 AM,14,3,11
10/12/2015 11:00:00 AM,20,9,11
10/12/2015 12:00:00 PM,19,9,10
10/12/2015 01:00:00 PM,17,11,6
10/12/2015 02:00:00 PM,24,9,15
10/12/2015 03:00:00 PM,23,15,8
10/12/2015 04:00:00 PM,30,20,10
10/12/2015 05:00:00 PM,37,21,16
10/12/2015 06:00:00 PM,45,23,22
10/12/2015 07:00:00 PM,15,6,9
10/12/2015 08:00:00 PM,11,6,5
10/12/2015 09:00:00 PM,7,4,3
10/12/2015 10:00:00 PM,1,1,0
10/12/2015 11:00:00 PM,5,2,3
10/13/2015 12:00:00 AM,1,0,1
10/13/2015 01:00:00 AM,1,1,0
10/13/2015 02:00:00 AM,0,0,0
10/13/2015 03:00:00 AM,1,1,0
10/13/2015 04:00:00 AM,0,0,0
10/13/2015 05:00:00 AM,5,0,5
10/13/2015 06:00:00 AM,18,3,15
10/13/2015 07:00:00 AM,26,8,18
10/13/2015 08:00:00 AM,29,9,20
10/13/2015 09:00:00 AM,18,12,6
10/13/2015 10:00:00 AM,17,8,9
10/13/2015 11:00:00 AM,18,8,10
10/13/2015 12:00:00 PM,22,8,14
10/13/2015 01:00:00 PM,13,7,6
10/13/2015 02:00:00 PM,17,7,10
10/13/2015 03:00:00 PM,20,11,9
10/13/2015 04:00:00 PM,35,26,9
10/13/2015 05:00:00 PM,62,39,23
10/13/2015 06:00:00 PM,34,17,17
10/13/2015 07:00:00 PM,21,10,11
10/13/2015 08:00:00 PM,24,10,14
10/13/2015 09:00:00 PM,18,8,10
10/13/2015 10:00:00 PM,8,3,5
10/13/2015 11:00:00 PM,5,2,3
10/14/2015 12:00:00 AM,3,1,2
10/14/2015 01:00:00 AM,3,2,1
10/14/2015 02:00:00 AM,0,0,0
10/14/2015 03:00:00 AM,0,0,0
10/14/2015 04:00:00 AM,0,0,0
10/14/2015 05:00:00 AM,5,3,2
10/14/2015 06:00:00 AM,21,3,18
10/14/2015 07:00:00 AM,30,6,24
10/14/2015 08:00:00 AM,28,12,16
10/14/2015 09:00:00 AM,29,11,18
10/14/2015 10:00:00 AM,11,4,7
10/14/2015 11:00:00 AM,15,11,4
10/14/2015 12:00:00 PM,12,9,3
10/14/2015 01:00:00 PM,21,7,14
10/14/2015 02:00:00 PM,21,9,12
10/14/2015 03:00:00 PM,20,10,10
10/14/2015 04:00:00 PM,40,30,10
10/14/2015 05:00:00 PM,54,34,20
10/14/2015 06:00:00 PM,50,26,24
10/14/2015 07:00:00 PM,22,11,11
10/14/2015 08:00:00 PM,24,15,9
10/14/2015 09:00:00 PM,9,1,8
10/14/2015 10:00:00 PM,14,4,10
10/14/2015 11:00:00 PM,5,3,2
10/15/2015 12:00:00 AM,5,2,3
10/15/2015 01:00:00 AM,2,0,2
10/15/2015 02:00:00 AM,0,0,0
10/15/2015 03:00:00 AM,0,0,0
10/15/2015 04:00:00 AM,2,0,2
10/15/2015 05:00:00 AM,5,1,4
10/15/2015 06:00:00 AM,24,4,20
10/15/2015 07:00:00 AM,36,10,26
10/15/2015 08:00:00 AM,21,9,12
10/15/2015 09:00:00 AM,32,11,21
10/15/2015 10:00:00 AM,20,10,10
10/15/2015 11:00:00 AM,20,12,8
10/15/2015 12:00:00 PM,25,14,11
10/15/2015 01:00:00 PM,22,10,12
10/15/2015 02:00:00 PM,17,10,7
10/15/2015 03:00:00 PM,34,25,9
10/15/2015 04:00:00 PM,36,23,13
10/15/2015 05:00:00 PM,56,35,21
10/15/2015 06:00:00 PM,48,19,29
10/15/2015 07:00:00 PM,23,15,8
10/15/2015 08:00:00 PM,25,15,10
10/15/2015 09:00:00 PM,20,12,8
10/15/2015 10:00:00 PM,7,2,5
10/15/2015 11:00:00 PM,5,3,2
10/16/2015 12:00:00 AM,1,0,1
10/16/2015 01:00:00 AM,6,2,4
10/16/2015 02:00:00 AM,0,0,0
10/16/2015 03:00:00 AM,0,0,0
10/16/2015 04:00:00 AM,2,0,2
10/16/2015 05:00:00 AM,0,0,0
10/16/2015 06:00:00 AM,0,0,0
10/16/2015 07:00:00 AM,0,0,0
10/16/2015 08:00:00 AM,11,4,7
10/16/2015 09:00:00 AM,26,13,13
10/16/2015 10:00:00 AM,34,17,17
10/16/2015 11:00:00 AM,15,10,5
10/16/2015 12:00:00 PM,22,11,11
10/16/2015 01:00:00 PM,24,13,11
10/16/2015 02:00:00 PM,31,16,15
10/16/2015 03:00:00 PM,32,22,10
10/16/2015 04:00:00 PM,30,15,15
10/16/2015 05:00:00 PM,37,21,16
10/16/2015 06:00:00 PM,34,21,13
10/16/2015 07:00:00 PM,21,12,9
10/16/2015 08:00:00 PM,15,9,6
10/16/2015 09:00:00 PM,10,5,5
10/16/2015 10:00:00 PM,5,1,4
10/16/2015 11:00:00 PM,19,8,11
10/17/2015 12:00:00 AM,10,4,6
10/17/2015 01:00:00 AM,15,5,10
10/17/2015 02:00:00 AM,26,6,20
10/17/2015 03:00:00 AM,2,1,1
10/17/2015 04:00:00 AM,0,0,0
10/17/2015 05:00:00 AM,3,0,3
10/17/2015 06:00:00 AM,10,3,7
10/17/2015 07:00:00 AM,3,1,2
10/17/2015 08:00:00 AM,5,3,2
10/17/2015 09:00:00 AM,7,3,4
10/17/2015 10:00:00 AM,9,3,6
10/17/2015 11:00:00 AM,18,9,9
10/17/2015 12:00:00 PM,13,8,5
10/17/2015 01:00:00 PM,16,11,5
10/17/2015 02:00:00 PM,8,3,5
10/17/2015 03:00:00 PM,7,4,3
10/17/2015 04:00:00 PM,12,6,6
10/17/2015 05:00:00 PM,18,11,7
10/17/2015 06:00:00 PM,14,6,8
10/17/2015 07:00:00 PM,12,7,5
10/17/2015 08:00:00 PM,11,7,4
10/17/2015 09:00:00 PM,6,5,1
10/17/2015 10:00:00 PM,15,4,11
10/17/2015 11:00:00 PM,6,2,4
10/18/2015 12:00:00 AM,4,1,3
10/18/2015 01:00:00 AM,0,0,0
10/18/2015 02:00:00 AM,10,1,9
10/18/2015 03:00:00 AM,1,0,1
10/18/2015 04:00:00 AM,0,0,0
10/18/2015 05:00:00 AM,0,0,0
10/18/2015 06:00:00 AM,5,1,4
10/18/2015 07:00:00 AM,3,1,2
10/18/2015 08:00:00 AM,6,3,3
10/18/2015 09:00:00 AM,3,1,2
10/18/2015 10:00:00 AM,6,3,3
10/18/2015 11:00:00 AM,9,3,6
10/18/2015 12:00:00 PM,9,6,3
10/18/2015 01:00:00 PM,6,1,5
10/18/2015 02:00:00 PM,9,7,2
10/18/2015 03:00:00 PM,7,2,5
10/18/2015 04:00:00 PM,9,3,6
10/18/2015 05:00:00 PM,12,6,6
10/18/2015 06:00:00 PM,11,6,5
10/18/2015 07:00:00 PM,13,7,6
10/18/2015 08:00:00 PM,10,4,6
10/18/2015 09:00:00 PM,9,4,5
10/18/2015 10:00:00 PM,5,1,4
10/18/2015 11:00:00 PM,5,4,1
10/19/2015 12:00:00 AM,4,2,2
10/19/2015 01:00:00 AM,3,2,1
10/19/2015 02:00:00 AM,1,1,0
10/19/2015 03:00:00 AM,1,1,0
10/19/2015 04:00:00 AM,1,0,1
10/19/2015 05:00:00 AM,4,0,4
10/19/2015 06:00:00 AM,15,2,13
10/19/2015 07:00:00 AM,23,8,15
10/19/2015 08:00:00 AM,33,14,19
10/19/2015 09:00:00 AM,22,7,15
10/19/2015 10:00:00 AM,7,3,4
10/19/2015 11:00:00 AM,19,12,7
10/19/2015 12:00:00 PM,21,8,13
10/19/2015 01:00:00 PM,23,8,15
10/19/2015 02:00:00 PM,15,7,8
10/19/2015 03:00:00 PM,21,14,7
10/19/2015 04:00:00 PM,28,15,13
10/19/2015 05:00:00 PM,38,22,16
10/19/2015 06:00:00 PM,39,26,13
10/19/2015 07:00:00 PM,34,10,24
10/19/2015 08:00:00 PM,21,12,9
10/19/2015 09:00:00 PM,14,6,8
10/19/2015 10:00:00 PM,3,0,3
10/19/2015 11:00:00 PM,3,1,2
10/20/2015 12:00:00 AM,2,0,2
10/20/2015 01:00:00 AM,1,0,1
10/20/2015 02:00:00 AM,0,0,0
10/20/2015 03:00:00 AM,1,0,1
10/20/2015 04:00:00 AM,0,0,0
10/20/2015 05:00:00 AM,7,1,6
10/20/2015 06:00:00 AM,22,4,18
10/20/2015 07:00:00 AM,30,12,18
10/20/2015 08:00:00 AM,26,7,19
10/20/2015 09:00:00 AM,27,14,13
10/20/2015 10:00:00 AM,23,13,10
10/20/2015 11:00:00 AM,12,7,5
10/20/2015 12:00:00 PM,13,6,7
10/20/2015 01:00:00 PM,18,9,9
10/20/2015 02:00:00 PM,23,12,11
10/20/2015 03:00:00 PM,22,11,11
10/20/2015 04:00:00 PM,32,17,15
10/20/2015 05:00:00 PM,56,35,21
10/20/2015 06:00:00 PM,45,26,19
10/20/2015 07:00:00 PM,30,15,15
10/20/2015 08:00:00 PM,23,9,14
10/20/2015 09:00:00 PM,9,4,5
10/20/2015 10:00:00 PM,14,6,8
10/20/2015 11:00:00 PM,6,1,5
10/21/2015 12:00:00 AM,3,1,2
10/21/2015 01:00:00 AM,1,1,0
10/21/2015 02:00:00 AM,1,0,1
10/21/2015 03:00:00 AM,1,0,1
10/21/2015 04:00:00 AM,2,1,1
10/21/2015 05:00:00 AM,6,3,3
10/21/2015 06:00:00 AM,15,2,13
10/21/2015 07:00:00 AM,24,8,16
10/21/2015 08:00:00 AM,28,11,17
10/21/2015 09:00:00 AM,26,11,15
10/21/2015 10:00:00 AM,15,5,10
10/21/2015 11:00:00 AM,12,5,7
10/21/2015 12:00:00 PM,18,8,10
10/21/2015 01:00:00 PM,25,11,14
10/21/2015 02:00:00 PM,25,12,13
10/21/2015 03:00:00 PM,25,14,11
10/21/2015 04:00:00 PM,29,21,8
10/21/2015 05:00:00 PM,35,23,12
10/21/2015 06:00:00 PM,45,22,23
10/21/2015 07:00:00 PM,24,8,16
10/21/2015 08:00:00 PM,18,8,10
10/21/2015 09:00:00 PM,13,5,8
10/21/2015 10:00:00 PM,9,7,2
10/21/2015 11:00:00 PM,5,3,2
10/22/2015 12:00:00 AM,3,0,3
10/22/2015 01:00:00 AM,2,1,1
10/22/2015 02:00:00 AM,2,1,1
10/22/2015 03:00:00 AM,2,0,2
10/22/2015 04:00:00 AM,4,1,3
10/22/2015 05:00:00 AM,5,0,5
10/22/2015 06:00:00 AM,12,1,11
10/22/2015 07:00:00 AM,26,6,20
10/22/2015 08:00:00 AM,30,11,19
10/22/2015 09:00:00 AM,15,7,8
10/22/2015 10:00:00 AM,15,8,7
10/22/2015 11:00:00 AM,16,6,10
10/22/2015 12:00:00 PM,14,6,8
10/22/2015 01:00:00 PM,26,10,16
10/22/2015 02:00:00 PM,24,17,7
10/22/2015 03:00:00 PM,22,10,12
10/22/2015 04:00:00 PM,31,18,13
10/22/2015 05:00:00 PM,39,26,13
10/22/2015 06:00:00 PM,44,24,20
10/22/2015 07:00:00 PM,31,16,15
10/22/2015 08:00:00 PM,24,11,13
10/22/2015 09:00:00 PM,16,11,5
10/22/2015 10:00:00 PM,13,10,3
10/22/2015 11:00:00 PM,3,0,3
10/23/2015 12:00:00 AM,3,1,2
10/23/2015 01:00:00 AM,2,0,2
10/23/2015 02:00:00 AM,4,0,4
10/23/2015 03:00:00 AM,0,0,0
10/23/2015 04:00:00 AM,4,2,2
10/23/2015 05:00:00 AM,3,1,2
10/23/2015 06:00:00 AM,13,1,12
10/23/2015 07:00:00 AM,19,6,13
10/23/2015 08:00:00 AM,32,13,19
10/23/2015 09:00:00 AM,21,7,14
10/23/2015 10:00:00 AM,14,7,7
10/23/2015 11:00:00 AM,25,10,15
10/23/2015 12:00:00 PM,14,8,6
10/23/2015 01:00:00 PM,21,10,11
10/23/2015 02:00:00 PM,25,11,14
10/23/2015 03:00:00 PM,23,16,7
10/23/2015 04:00:00 PM,31,15,16
10/23/2015 05:00:00 PM,40,25,15
10/23/2015 06:00:00 PM,22,11,11
10/23/2015 07:00:00 PM,20,10,10
10/23/2015 08:00:00 PM,20,13,7
10/23/2015 09:00:00 PM,11,4,7
10/23/2015 10:00:00 PM,9,2,7
10/23/2015 11:00:00 PM,5,4,1
10/24/2015 12:00:00 AM,9,3,6
10/24/2015 01:00:00 AM,7,3,4
10/24/2015 02:00:00 AM,4,0,4
10/24/2015 03:00:00 AM,3,0,3
10/24/2015 04:00:00 AM,1,1,0
10/24/2015 05:00:00 AM,5,2,3
10/24/2015 06:00:00 AM,4,1,3
10/24/2015 07:00:00 AM,8,4,4
10/24/2015 08:00:00 AM,3,3,0
10/24/2015 09:00:00 AM,6,3,3
10/24/2015 10:00:00 AM,11,8,3
10/24/2015 11:00:00 AM,14,8,6
10/24/2015 12:00:00 PM,15,6,9
10/24/2015 01:00:00 PM,14,8,6
10/24/2015 02:00:00 PM,14,6,8
10/24/2015 03:00:00 PM,12,4,8
10/24/2015 04:00:00 PM,15,7,8
10/24/2015 05:00:00 PM,19,10,9
10/24/2015 06:00:00 PM,8,2,6
10/24/2015 07:00:00 PM,25,5,20
10/24/2015 08:00:00 PM,11,3,8
10/24/2015 09:00:00 PM,9,6,3
10/24/2015 10:00:00 PM,10,3,7
10/24/2015 11:00:00 PM,11,5,6
10/25/2015 12:00:00 AM,9,6,3
10/25/2015 01:00:00 AM,4,1,3
10/25/2015 02:00:00 AM,7,3,4
10/25/2015 03:00:00 AM,2,1,1
10/25/2015 04:00:00 AM,0,0,0
10/25/2015 05:00:00 AM,0,0,0
10/25/2015 06:00:00 AM,6,0,6
10/25/2015 07:00:00 AM,5,2,3
10/25/2015 08:00:00 AM,4,4,0
10/25/2015 09:00:00 AM,1,1,0
10/25/2015 10:00:00 AM,9,5,4
10/25/2015 11:00:00 AM,9,5,4
10/25/2015 12:00:00 PM,13,7,6
10/25/2015 01:00:00 PM,13,6,7
10/25/2015 02:00:00 PM,18,8,10
10/25/2015 03:00:00 PM,21,13,8
10/25/2015 04:00:00 PM,12,4,8
10/25/2015 05:00:00 PM,8,4,4
10/25/2015 06:00:00 PM,8,5,3
10/25/2015 07:00:00 PM,2,1,1
10/25/2015 08:00:00 PM,6,3,3
10/25/2015 09:00:00 PM,7,3,4
10/25/2015 10:00:00 PM,4,1,3
10/25/2015 11:00:00 PM,3,1,2
10/26/2015 12:00:00 AM,0,0,0
10/26/2015 01:00:00 AM,1,0,1
10/26/2015 02:00:00 AM,1,1,0
10/26/2015 03:00:00 AM,1,1,0
10/26/2015 04:00:00 AM,3,1,2
10/26/2015 05:00:00 AM,4,0,4
10/26/2015 06:00:00 AM,10,0,10
10/26/2015 07:00:00 AM,23,7,16
10/26/2015 08:00:00 AM,20,9,11
10/26/2015 09:00:00 AM,12,4,8
10/26/2015 10:00:00 AM,8,3,5
10/26/2015 11:00:00 AM,10,4,6
10/26/2015 12:00:00 PM,15,7,8
10/26/2015 01:00:00 PM,11,3,8
10/26/2015 02:00:00 PM,8,5,3
10/26/2015 03:00:00 PM,19,13,6
10/26/2015 04:00:00 PM,21,11,10
10/26/2015 05:00:00 PM,44,29,15
10/26/2015 06:00:00 PM,25,9,16
10/26/2015 07:00:00 PM,15,4,11
10/26/2015 08:00:00 PM,18,8,10
10/26/2015 09:00:00 PM,15,8,7
10/26/2015 10:00:00 PM,9,1,8
10/26/2015 11:00:00 PM,2,2,0
10/27/2015 12:00:00 AM,3,2,1
10/27/2015 01:00:00 AM,1,1,0
10/27/2015 02:00:00 AM,2,2,0
10/27/2015 03:00:00 AM,0,0,0
10/27/2015 04:00:00 AM,0,0,0
10/27/2015 05:00:00 AM,6,1,5
10/27/2015 06:00:00 AM,9,0,9
10/27/2015 07:00:00 AM,32,6,26
10/27/2015 08:00:00 AM,39,17,22
10/27/2015 09:00:00 AM,25,14,11
10/27/2015 10:00:00 AM,11,6,5
10/27/2015 11:00:00 AM,11,8,3
10/27/2015 12:00:00 PM,23,11,12
10/27/2015 01:00:00 PM,17,7,10
10/27/2015 02:00:00 PM,19,7,12
10/27/2015 03:00:00 PM,18,13,5
10/27/2015 04:00:00 PM,29,12,17
10/27/2015 05:00:00 PM,46,29,17
10/27/2015 06:00:00 PM,27,13,14
10/27/2015 07:00:00 PM,25,14,11
10/27/2015 08:00:00 PM,19,5,14
10/27/2015 09:00:00 PM,18,8,10
10/27/2015 10:00:00 PM,3,0,3
10/27/2015 11:00:00 PM,6,3,3
10/28/2015 12:00:00 AM,4,1,3
10/28/2015 01:00:00 AM,1,1,0
10/28/2015 02:00:00 AM,1,0,1
10/28/2015 03:00:00 AM,1,0,1
10/28/2015 04:00:00 AM,0,0,0
10/28/2015 05:00:00 AM,6,0,6
10/28/2015 06:00:00 AM,15,2,13
10/28/2015 07:00:00 AM,26,6,20
10/28/2015 08:00:00 AM,21,11,10
10/28/2015 09:00:00 AM,20,7,13
10/28/2015 10:00:00 AM,12,5,7
10/28/2015 11:00:00 AM,14,4,10
10/28/2015 12:00:00 PM,16,6,10
10/28/2015 01:00:00 PM,20,11,9
10/28/2015 02:00:00 PM,10,4,6
10/28/2015 03:00:00 PM,17,11,6
10/28/2015 04:00:00 PM,29,14,15
10/28/2015 05:00:00 PM,44,29,15
10/28/2015 06:00:00 PM,32,15,17
10/28/2015 07:00:00 PM,23,13,10
10/28/2015 08:00:00 PM,15,5,10
10/28/2015 09:00:00 PM,14,8,6
10/28/2015 10:00:00 PM,6,3,3
10/28/2015 11:00:00 PM,6,4,2
10/29/2015 12:00:00 AM,2,0,2
10/29/2015 01:00:00 AM,3,0,3
10/29/2015 02:00:00 AM,2,1,1
10/29/2015 03:00:00 AM,1,1,0
10/29/2015 04:00:00 AM,1,0,1
10/29/2015 05:00:00 AM,3,1,2
10/29/2015 06:00:00 AM,21,4,17
10/29/2015 07:00:00 AM,20,5,15
10/29/2015 08:00:00 AM,27,13,14
10/29/2015 09:00:00 AM,19,9,10
10/29/2015 10:00:00 AM,16,7,9
10/29/2015 11:00:00 AM,14,8,6
10/29/2015 12:00:00 PM,18,6,12
10/29/2015 01:00:00 PM,12,5,7
10/29/2015 02:00:00 PM,17,6,11
10/29/2015 03:00:00 PM,15,10,5
10/29/2015 04:00:00 PM,24,10,14
10/29/2015 05:00:00 PM,45,24,21
10/29/2015 06:00:00 PM,29,16,13
10/29/2015 07:00:00 PM,24,11,13
10/29/2015 08:00:00 PM,59,49,10
10/29/2015 09:00:00 PM,11,2,9
10/29/2015 10:00:00 PM,11,5,6
10/29/2015 11:00:00 PM,8,3,5
10/30/2015 12:00:00 AM,2,0,2
10/30/2015 01:00:00 AM,3,1,2
10/30/2015 02:00:00 AM,1,0,1
10/30/2015 03:00:00 AM,1,1,0
10/30/2015 04:00:00 AM,0,0,0
10/30/2015 05:00:00 AM,3,1,2
10/30/2015 06:00:00 AM,10,3,7
10/30/2015 07:00:00 AM,12,5,7
10/30/2015 08:00:00 AM,17,7,10
10/30/2015 09:00:00 AM,15,4,11
10/30/2015 10:00:00 AM,8,4,4
10/30/2015 11:00:00 AM,10,8,2
10/30/2015 12:00:00 PM,11,4,7
10/30/2015 01:00:00 PM,19,7,12
10/30/2015 02:00:00 PM,16,6,10
10/30/2015 03:00:00 PM,21,12,9
10/30/2015 04:00:00 PM,18,11,7
10/30/2015 05:00:00 PM,17,11,6
10/30/2015 06:00:00 PM,19,11,8
10/30/2015 07:00:00 PM,14,8,6
10/30/2015 08:00:00 PM,11,3,8
10/30/2015 09:00:00 PM,15,6,9
10/30/2015 10:00:00 PM,12,6,6
10/30/2015 11:00:00 PM,8,4,4
10/31/2015 12:00:00 AM,2,1,1
10/31/2015 01:00:00 AM,1,1,0
10/31/2015 02:00:00 AM,0,0,0
10/31/2015 03:00:00 AM,3,0,3
10/31/2015 04:00:00 AM,1,0,1
10/31/2015 05:00:00 AM,2,1,1
10/31/2015 06:00:00 AM,3,1,2
10/31/2015 07:00:00 AM,4,2,2
10/31/2015 08:00:00 AM,0,0,0
10/31/2015 09:00:00 AM,7,5,2
10/31/2015 10:00:00 AM,5,3,2
10/31/2015 11:00:00 AM,9,3,6
10/31/2015 12:00:00 PM,12,11,1
10/31/2015 01:00:00 PM,20,7,13
10/31/2015 02:00:00 PM,2,2,0
10/31/2015 03:00:00 PM,4,2,2
10/31/2015 04:00:00 PM,9,7,2
10/31/2015 05:00:00 PM,8,1,7
10/31/2015 06:00:00 PM,12,3,9
10/31/2015 07:00:00 PM,9,5,4
10/31/2015 08:00:00 PM,10,7,3
10/31/2015 09:00:00 PM,12,7,5
10/31/2015 10:00:00 PM,6,3,3
10/31/2015 11:00:00 PM,9,4,5
11/01/2015 12:00:00 AM,11,6,5
11/01/2015 01:00:00 AM,6,1,5
11/01/2015 02:00:00 AM,4,1,3
11/01/2015 03:00:00 AM,1,0,1
11/01/2015 04:00:00 AM,2,1,1
11/01/2015 05:00:00 AM,1,0,1
11/01/2015 06:00:00 AM,3,1,2
11/01/2015 07:00:00 AM,3,2,1
11/01/2015 08:00:00 AM,2,1,1
11/01/2015 09:00:00 AM,5,2,3
11/01/2015 10:00:00 AM,12,7,5
11/01/2015 11:00:00 AM,7,6,1
11/01/2015 12:00:00 PM,5,1,4
11/01/2015 01:00:00 PM,21,11,10
11/01/2015 02:00:00 PM,9,4,5
11/01/2015 03:00:00 PM,9,6,3
11/01/2015 04:00:00 PM,8,4,4
11/01/2015 05:00:00 PM,16,6,10
11/01/2015 06:00:00 PM,8,2,6
11/01/2015 07:00:00 PM,9,5,4
11/01/2015 08:00:00 PM,6,6,0
11/01/2015 09:00:00 PM,12,6,6
11/01/2015 10:00:00 PM,5,2,3
11/01/2015 11:00:00 PM,3,2,1
11/02/2015 12:00:00 AM,2,1,1
11/02/2015 01:00:00 AM,1,1,0
11/02/2015 02:00:00 AM,0,0,0
11/02/2015 03:00:00 AM,0,0,0
11/02/2015 04:00:00 AM,0,0,0
11/02/2015 05:00:00 AM,4,0,4
11/02/2015 06:00:00 AM,12,1,11
11/02/2015 07:00:00 AM,29,12,17
11/02/2015 08:00:00 AM,29,11,18
11/02/2015 09:00:00 AM,23,8,15
11/02/2015 10:00:00 AM,15,8,7
11/02/2015 11:00:00 AM,14,6,8
11/02/2015 12:00:00 PM,14,5,9
11/02/2015 01:00:00 PM,13,6,7
11/02/2015 02:00:00 PM,13,5,8
11/02/2015 03:00:00 PM,28,14,14
11/02/2015 04:00:00 PM,25,15,10
11/02/2015 05:00:00 PM,46,21,25
11/02/2015 06:00:00 PM,30,20,10
11/02/2015 07:00:00 PM,21,12,9
11/02/2015 08:00:00 PM,21,10,11
11/02/2015 09:00:00 PM,6,2,4
11/02/2015 10:00:00 PM,6,3,3
11/02/2015 11:00:00 PM,7,2,5
11/03/2015 12:00:00 AM,5,2,3
11/03/2015 01:00:00 AM,0,0,0
11/03/2015 02:00:00 AM,1,0,1
11/03/2015 03:00:00 AM,1,0,1
11/03/2015 04:00:00 AM,1,0,1
11/03/2015 05:00:00 AM,3,1,2
11/03/2015 06:00:00 AM,11,1,10
11/03/2015 07:00:00 AM,24,4,20
11/03/2015 08:00:00 AM,31,18,13
11/03/2015 09:00:00 AM,30,13,17
11/03/2015 10:00:00 AM,9,5,4
11/03/2015 11:00:00 AM,18,8,10
11/03/2015 12:00:00 PM,13,3,10
11/03/2015 01:00:00 PM,12,8,4
11/03/2015 02:00:00 PM,27,12,15
11/03/2015 03:00:00 PM,19,9,10
11/03/2015 04:00:00 PM,24,16,8
11/03/2015 05:00:00 PM,34,24,10
11/03/2015 06:00:00 PM,42,22,20
11/03/2015 07:00:00 PM,27,16,11
11/03/2015 08:00:00 PM,12,6,6
11/03/2015 09:00:00 PM,17,8,9
11/03/2015 10:00:00 PM,6,4,2
11/03/2015 11:00:00 PM,5,2,3
11/04/2015 12:00:00 AM,3,2,1
11/04/2015 01:00:00 AM,3,0,3
11/04/2015 02:00:00 AM,1,0,1
11/04/2015 03:00:00 AM,1,1,0
11/04/2015 04:00:00 AM,2,1,1
11/04/2015 05:00:00 AM,2,0,2
11/04/2015 06:00:00 AM,13,1,12
11/04/2015 07:00:00 AM,25,5,20
11/04/2015 08:00:00 AM,33,9,24
11/04/2015 09:00:00 AM,29,11,18
11/04/2015 10:00:00 AM,14,10,4
11/04/2015 11:00:00 AM,13,9,4
11/04/2015 12:00:00 PM,13,7,6
11/04/2015 01:00:00 PM,15,8,7
11/04/2015 02:00:00 PM,21,8,13
11/04/2015 03:00:00 PM,15,11,4
11/04/2015 04:00:00 PM,42,21,21
11/04/2015 05:00:00 PM,38,18,20
11/04/2015 06:00:00 PM,34,15,19
11/04/2015 07:00:00 PM,16,9,7
11/04/2015 08:00:00 PM,20,9,11
11/04/2015 09:00:00 PM,14,5,9
11/04/2015 10:00:00 PM,4,0,4
11/04/2015 11:00:00 PM,3,1,2
11/05/2015 12:00:00 AM,4,2,2
11/05/2015 01:00:00 AM,6,1,5
11/05/2015 02:00:00 AM,4,2,2
11/05/2015 03:00:00 AM,1,0,1
11/05/2015 04:00:00 AM,1,1,0
11/05/2015 05:00:00 AM,4,0,4
11/05/2015 06:00:00 AM,9,2,7
11/05/2015 07:00:00 AM,26,5,21
11/05/2015 08:00:00 AM,29,12,17
11/05/2015 09:00:00 AM,26,14,12
11/05/2015 10:00:00 AM,17,8,9
11/05/2015 11:00:00 AM,10,3,7
11/05/2015 12:00:00 PM,20,10,10
11/05/2015 01:00:00 PM,17,9,8
11/05/2015 02:00:00 PM,21,11,10
11/05/2015 03:00:00 PM,30,16,14
11/05/2015 04:00:00 PM,28,20,8
11/05/2015 05:00:00 PM,38,23,15
11/05/2015 06:00:00 PM,25,10,15
11/05/2015 07:00:00 PM,20,10,10
11/05/2015 08:00:00 PM,22,12,10
11/05/2015 09:00:00 PM,15,8,7
11/05/2015 10:00:00 PM,8,3,5
11/05/2015 11:00:00 PM,4,4,0
11/06/2015 12:00:00 AM,1,0,1
11/06/2015 01:00:00 AM,4,1,3
11/06/2015 02:00:00 AM,3,1,2
11/06/2015 03:00:00 AM,1,0,1
11/06/2015 04:00:00 AM,1,0,1
11/06/2015 05:00:00 AM,3,0,3
11/06/2015 06:00:00 AM,8,0,8
11/06/2015 07:00:00 AM,22,7,15
11/06/2015 08:00:00 AM,21,6,15
11/06/2015 09:00:00 AM,20,11,9
11/06/2015 10:00:00 AM,11,8,3
11/06/2015 11:00:00 AM,17,8,9
11/06/2015 12:00:00 PM,15,10,5
11/06/2015 01:00:00 PM,19,9,10
11/06/2015 02:00:00 PM,17,7,10
11/06/2015 03:00:00 PM,22,12,10
11/06/2015 04:00:00 PM,23,14,9
11/06/2015 05:00:00 PM,26,17,9
11/06/2015 06:00:00 PM,20,9,11
11/06/2015 07:00:00 PM,24,7,17
11/06/2015 08:00:00 PM,14,8,6
11/06/2015 09:00:00 PM,8,4,4
11/06/2015 10:00:00 PM,7,4,3
11/06/2015 11:00:00 PM,6,2,4
11/07/2015 12:00:00 AM,5,2,3
11/07/2015 01:00:00 AM,5,0,5
11/07/2015 02:00:00 AM,10,1,9
11/07/2015 03:00:00 AM,2,1,1
11/07/2015 04:00:00 AM,0,0,0
11/07/2015 05:00:00 AM,2,0,2
11/07/2015 06:00:00 AM,3,0,3
11/07/2015 07:00:00 AM,2,0,2
11/07/2015 08:00:00 AM,5,2,3
11/07/2015 09:00:00 AM,4,2,2
11/07/2015 10:00:00 AM,2,1,1
11/07/2015 11:00:00 AM,5,2,3
11/07/2015 12:00:00 PM,11,6,5
11/07/2015 01:00:00 PM,8,5,3
11/07/2015 02:00:00 PM,7,2,5
11/07/2015 03:00:00 PM,6,4,2
11/07/2015 04:00:00 PM,8,6,2
11/07/2015 05:00:00 PM,10,4,6
11/07/2015 06:00:00 PM,8,4,4
11/07/2015 07:00:00 PM,2,1,1
11/07/2015 08:00:00 PM,8,6,2
11/07/2015 09:00:00 PM,2,1,1
11/07/2015 10:00:00 PM,1,0,1
11/07/2015 11:00:00 PM,6,1,5
11/08/2015 12:00:00 AM,2,0,2
11/08/2015 01:00:00 AM,1,0,1
11/08/2015 02:00:00 AM,5,3,2
11/08/2015 03:00:00 AM,1,0,1
11/08/2015 04:00:00 AM,2,1,1
11/08/2015 05:00:00 AM,1,0,1
11/08/2015 06:00:00 AM,4,0,4
11/08/2015 07:00:00 AM,6,3,3
11/08/2015 08:00:00 AM,9,5,4
11/08/2015 09:00:00 AM,7,4,3
11/08/2015 10:00:00 AM,4,0,4
11/08/2015 11:00:00 AM,7,4,3
11/08/2015 12:00:00 PM,8,2,6
11/08/2015 01:00:00 PM,10,6,4
11/08/2015 02:00:00 PM,12,6,6
11/08/2015 03:00:00 PM,13,9,4
11/08/2015 04:00:00 PM,21,6,15
11/08/2015 05:00:00 PM,12,6,6
11/08/2015 06:00:00 PM,3,0,3
11/08/2015 07:00:00 PM,10,7,3
11/08/2015 08:00:00 PM,11,5,6
11/08/2015 09:00:00 PM,7,4,3
11/08/2015 10:00:00 PM,3,0,3
11/08/2015 11:00:00 PM,0,0,0
11/09/2015 12:00:00 AM,1,0,1
11/09/2015 01:00:00 AM,3,1,2
11/09/2015 02:00:00 AM,1,0,1
11/09/2015 03:00:00 AM,0,0,0
11/09/2015 04:00:00 AM,3,1,2
11/09/2015 05:00:00 AM,4,0,4
11/09/2015 06:00:00 AM,10,1,9
11/09/2015 07:00:00 AM,21,5,16
11/09/2015 08:00:00 AM,25,9,16
11/09/2015 09:00:00 AM,20,8,12
11/09/2015 10:00:00 AM,13,9,4
11/09/2015 11:00:00 AM,8,4,4
11/09/2015 12:00:00 PM,13,3,10
11/09/2015 01:00:00 PM,7,2,5
11/09/2015 02:00:00 PM,11,2,9
11/09/2015 03:00:00 PM,10,8,2
11/09/2015 04:00:00 PM,24,16,8
11/09/2015 05:00:00 PM,49,29,20
11/09/2015 06:00:00 PM,26,17,9
11/09/2015 07:00:00 PM,6,5,1
11/09/2015 08:00:00 PM,7,3,4
11/09/2015 09:00:00 PM,12,6,6
11/09/2015 10:00:00 PM,4,0,4
11/09/2015 11:00:00 PM,4,0,4
11/10/2015 12:00:00 AM,4,1,3
11/10/2015 01:00:00 AM,0,0,0
11/10/2015 02:00:00 AM,1,0,1
11/10/2015 03:00:00 AM,0,0,0
11/10/2015 04:00:00 AM,2,1,1
11/10/2015 05:00:00 AM,5,0,5
11/10/2015 06:00:00 AM,13,3,10
11/10/2015 07:00:00 AM,34,11,23
11/10/2015 08:00:00 AM,33,15,18
11/10/2015 09:00:00 AM,21,11,10
11/10/2015 10:00:00 AM,19,7,12
11/10/2015 11:00:00 AM,18,6,12
11/10/2015 12:00:00 PM,16,3,13
11/10/2015 01:00:00 PM,11,4,7
11/10/2015 02:00:00 PM,21,9,12
11/10/2015 03:00:00 PM,19,11,8
11/10/2015 04:00:00 PM,32,21,11
11/10/2015 05:00:00 PM,45,25,20
11/10/2015 06:00:00 PM,45,25,20
11/10/2015 07:00:00 PM,15,6,9
11/10/2015 08:00:00 PM,14,8,6
11/10/2015 09:00:00 PM,9,2,7
11/10/2015 10:00:00 PM,4,0,4
11/10/2015 11:00:00 PM,6,6,0
11/11/2015 12:00:00 AM,2,2,0
11/11/2015 01:00:00 AM,1,0,1
11/11/2015 02:00:00 AM,1,0,1
11/11/2015 03:00:00 AM,0,0,0
11/11/2015 04:00:00 AM,0,0,0
11/11/2015 05:00:00 AM,1,0,1
11/11/2015 06:00:00 AM,7,1,6
11/11/2015 07:00:00 AM,17,6,11
11/11/2015 08:00:00 AM,12,4,8
11/11/2015 09:00:00 AM,12,5,7
11/11/2015 10:00:00 AM,8,3,5
11/11/2015 11:00:00 AM,14,8,6
11/11/2015 12:00:00 PM,20,9,11
11/11/2015 01:00:00 PM,11,7,4
11/11/2015 02:00:00 PM,15,12,3
11/11/2015 03:00:00 PM,19,9,10
11/11/2015 04:00:00 PM,17,11,6
11/11/2015 05:00:00 PM,20,11,9
11/11/2015 06:00:00 PM,26,15,11
11/11/2015 07:00:00 PM,18,11,7
11/11/2015 08:00:00 PM,10,9,1
11/11/2015 09:00:00 PM,10,2,8
11/11/2015 10:00:00 PM,3,1,2
11/11/2015 11:00:00 PM,3,3,0
11/12/2015 12:00:00 AM,5,3,2
11/12/2015 01:00:00 AM,1,0,1
11/12/2015 02:00:00 AM,3,0,3
11/12/2015 03:00:00 AM,2,0,2
11/12/2015 04:00:00 AM,1,0,1
11/12/2015 05:00:00 AM,3,0,3
11/12/2015 06:00:00 AM,11,5,6
11/12/2015 07:00:00 AM,24,5,19
11/12/2015 08:00:00 AM,27,13,14
11/12/2015 09:00:00 AM,18,9,9
11/12/2015 10:00:00 AM,18,8,10
11/12/2015 11:00:00 AM,14,7,7
11/12/2015 12:00:00 PM,20,11,9
11/12/2015 01:00:00 PM,12,4,8
11/12/2015 02:00:00 PM,16,9,7
11/12/2015 03:00:00 PM,19,10,9
11/12/2015 04:00:00 PM,28,16,12
11/12/2015 05:00:00 PM,26,12,14
11/12/2015 06:00:00 PM,36,22,14
11/12/2015 07:00:00 PM,10,4,6
11/12/2015 08:00:00 PM,10,5,5
11/12/2015 09:00:00 PM,11,5,6
11/12/2015 10:00:00 PM,4,1,3
11/12/2015 11:00:00 PM,5,3,2
11/13/2015 12:00:00 AM,4,1,3
11/13/2015 01:00:00 AM,1,1,0
11/13/2015 02:00:00 AM,1,0,1
11/13/2015 03:00:00 AM,1,0,1
11/13/2015 04:00:00 AM,0,0,0
11/13/2015 05:00:00 AM,1,0,1
11/13/2015 06:00:00 AM,10,2,8
11/13/2015 07:00:00 AM,21,6,15
11/13/2015 08:00:00 AM,21,9,12
11/13/2015 09:00:00 AM,17,7,10
11/13/2015 10:00:00 AM,12,7,5
11/13/2015 11:00:00 AM,7,5,2
11/13/2015 12:00:00 PM,10,6,4
11/13/2015 01:00:00 PM,9,5,4
11/13/2015 02:00:00 PM,11,5,6
11/13/2015 03:00:00 PM,9,4,5
11/13/2015 04:00:00 PM,23,14,9
11/13/2015 05:00:00 PM,23,15,8
11/13/2015 06:00:00 PM,24,14,10
11/13/2015 07:00:00 PM,17,8,9
11/13/2015 08:00:00 PM,4,2,2
11/13/2015 09:00:00 PM,3,2,1
11/13/2015 10:00:00 PM,9,1,8
11/13/2015 11:00:00 PM,2,2,0
11/14/2015 12:00:00 AM,4,3,1
11/14/2015 01:00:00 AM,0,0,0
11/14/2015 02:00:00 AM,2,0,2
11/14/2015 03:00:00 AM,0,0,0
11/14/2015 04:00:00 AM,2,0,2
11/14/2015 05:00:00 AM,0,0,0
11/14/2015 06:00:00 AM,7,6,1
11/14/2015 07:00:00 AM,2,0,2
11/14/2015 08:00:00 AM,8,5,3
11/14/2015 09:00:00 AM,5,4,1
11/14/2015 10:00:00 AM,8,3,5
11/14/2015 11:00:00 AM,3,2,1
11/14/2015 12:00:00 PM,10,9,1
11/14/2015 01:00:00 PM,9,6,3
11/14/2015 02:00:00 PM,12,7,5
11/14/2015 03:00:00 PM,7,3,4
11/14/2015 04:00:00 PM,6,2,4
11/14/2015 05:00:00 PM,6,2,4
11/14/2015 06:00:00 PM,3,2,1
11/14/2015 07:00:00 PM,5,3,2
11/14/2015 08:00:00 PM,6,3,3
11/14/2015 09:00:00 PM,5,4,1
11/14/2015 10:00:00 PM,3,0,3
11/14/2015 11:00:00 PM,5,1,4
11/15/2015 12:00:00 AM,4,1,3
11/15/2015 01:00:00 AM,2,0,2
11/15/2015 02:00:00 AM,0,0,0
11/15/2015 03:00:00 AM,2,1,1
11/15/2015 04:00:00 AM,0,0,0
11/15/2015 05:00:00 AM,0,0,0
11/15/2015 06:00:00 AM,3,1,2
11/15/2015 07:00:00 AM,2,0,2
11/15/2015 08:00:00 AM,3,2,1
11/15/2015 09:00:00 AM,5,3,2
11/15/2015 10:00:00 AM,2,1,1
11/15/2015 11:00:00 AM,12,5,7
11/15/2015 12:00:00 PM,15,5,10
11/15/2015 01:00:00 PM,13,6,7
11/15/2015 02:00:00 PM,6,2,4
11/15/2015 03:00:00 PM,16,6,10
11/15/2015 04:00:00 PM,11,5,6
11/15/2015 05:00:00 PM,13,4,9
11/15/2015 06:00:00 PM,11,7,4
11/15/2015 07:00:00 PM,10,3,7
11/15/2015 08:00:00 PM,4,1,3
11/15/2015 09:00:00 PM,4,1,3
11/15/2015 10:00:00 PM,8,3,5
11/15/2015 11:00:00 PM,2,0,2
11/16/2015 12:00:00 AM,1,0,1
11/16/2015 01:00:00 AM,2,1,1
11/16/2015 02:00:00 AM,1,0,1
11/16/2015 03:00:00 AM,0,0,0
11/16/2015 04:00:00 AM,2,1,1
11/16/2015 05:00:00 AM,3,0,3
11/16/2015 06:00:00 AM,9,2,7
11/16/2015 07:00:00 AM,22,4,18
11/16/2015 08:00:00 AM,27,6,21
11/16/2015 09:00:00 AM,21,6,15
11/16/2015 10:00:00 AM,12,4,8
11/16/2015 11:00:00 AM,7,5,2
11/16/2015 12:00:00 PM,16,6,10
11/16/2015 01:00:00 PM,12,8,4
11/16/2015 02:00:00 PM,16,10,6
11/16/2015 03:00:00 PM,9,7,2
11/16/2015 04:00:00 PM,21,14,7
11/16/2015 05:00:00 PM,40,29,11
11/16/2015 06:00:00 PM,21,13,8
11/16/2015 07:00:00 PM,19,9,10
11/16/2015 08:00:00 PM,7,3,4
11/16/2015 09:00:00 PM,13,6,7
11/16/2015 10:00:00 PM,7,4,3
11/16/2015 11:00:00 PM,3,2,1
11/17/2015 12:00:00 AM,1,1,0
11/17/2015 01:00:00 AM,2,0,2
11/17/2015 02:00:00 AM,3,1,2
11/17/2015 03:00:00 AM,0,0,0
11/17/2015 04:00:00 AM,1,1,0
11/17/2015 05:00:00 AM,4,2,2
11/17/2015 06:00:00 AM,8,1,7
11/17/2015 07:00:00 AM,19,4,15
11/17/2015 08:00:00 AM,21,13,8
11/17/2015 09:00:00 AM,12,4,8
11/17/2015 10:00:00 AM,7,1,6
11/17/2015 11:00:00 AM,7,3,4
11/17/2015 12:00:00 PM,8,4,4
11/17/2015 01:00:00 PM,10,4,6
11/17/2015 02:00:00 PM,7,3,4
11/17/2015 03:00:00 PM,8,7,1
11/17/2015 04:00:00 PM,25,16,9
11/17/2015 05:00:00 PM,35,28,7
11/17/2015 06:00:00 PM,17,6,11
11/17/2015 07:00:00 PM,17,8,9
11/17/2015 08:00:00 PM,12,5,7
11/17/2015 09:00:00 PM,6,2,4
11/17/2015 10:00:00 PM,5,2,3
11/17/2015 11:00:00 PM,3,3,0
11/18/2015 12:00:00 AM,2,0,2
11/18/2015 01:00:00 AM,1,0,1
11/18/2015 02:00:00 AM,0,0,0
11/18/2015 03:00:00 AM,1,0,1
11/18/2015 04:00:00 AM,1,1,0
11/18/2015 05:00:00 AM,3,0,3
11/18/2015 06:00:00 AM,10,1,9
11/18/2015 07:00:00 AM,26,5,21
11/18/2015 08:00:00 AM,28,10,18
11/18/2015 09:00:00 AM,20,8,12
11/18/2015 10:00:00 AM,15,7,8
11/18/2015 11:00:00 AM,23,14,9
11/18/2015 12:00:00 PM,24,8,16
11/18/2015 01:00:00 PM,9,2,7
11/18/2015 02:00:00 PM,19,6,13
11/18/2015 03:00:00 PM,19,10,9
11/18/2015 04:00:00 PM,35,25,10
11/18/2015 05:00:00 PM,33,23,10
11/18/2015 06:00:00 PM,28,14,14
11/18/2015 07:00:00 PM,20,14,6
11/18/2015 08:00:00 PM,14,6,8
11/18/2015 09:00:00 PM,13,9,4
11/18/2015 10:00:00 PM,2,0,2
11/18/2015 11:00:00 PM,8,6,2
11/19/2015 12:00:00 AM,0,0,0
11/19/2015 01:00:00 AM,2,0,2
11/19/2015 02:00:00 AM,2,0,2
11/19/2015 03:00:00 AM,0,0,0
11/19/2015 04:00:00 AM,0,0,0
11/19/2015 05:00:00 AM,5,1,4
11/19/2015 06:00:00 AM,9,1,8
11/19/2015 07:00:00 AM,19,3,16
11/19/2015 08:00:00 AM,25,14,11
11/19/2015 09:00:00 AM,20,7,13
11/19/2015 10:00:00 AM,14,7,7
11/19/2015 11:00:00 AM,16,8,8
11/19/2015 12:00:00 PM,25,8,17
11/19/2015 01:00:00 PM,21,6,15
11/19/2015 02:00:00 PM,12,6,6
11/19/2015 03:00:00 PM,19,15,4
11/19/2015 04:00:00 PM,31,22,9
11/19/2015 05:00:00 PM,33,18,15
11/19/2015 06:00:00 PM,36,15,21
11/19/2015 07:00:00 PM,22,9,13
11/19/2015 08:00:00 PM,16,5,11
11/19/2015 09:00:00 PM,13,7,6
11/19/2015 10:00:00 PM,8,4,4
11/19/2015 11:00:00 PM,9,6,3
11/20/2015 12:00:00 AM,4,3,1
11/20/2015 01:00:00 AM,4,1,3
11/20/2015 02:00:00 AM,0,0,0
11/20/2015 03:00:00 AM,1,1,0
11/20/2015 04:00:00 AM,1,0,1
11/20/2015 05:00:00 AM,2,0,2
11/20/2015 06:00:00 AM,6,0,6
11/20/2015 07:00:00 AM,19,5,14
11/20/2015 08:00:00 AM,20,7,13
11/20/2015 09:00:00 AM,16,7,9
11/20/2015 10:00:00 AM,11,5,6
11/20/2015 11:00:00 AM,15,7,8
11/20/2015 12:00:00 PM,16,8,8
11/20/2015 01:00:00 PM,17,11,6
11/20/2015 02:00:00 PM,15,5,10
11/20/2015 03:00:00 PM,14,8,6
11/20/2015 04:00:00 PM,18,9,9
11/20/2015 05:00:00 PM,37,26,11
11/20/2015 06:00:00 PM,29,19,10
11/20/2015 07:00:00 PM,13,4,9
11/20/2015 08:00:00 PM,15,7,8
11/20/2015 09:00:00 PM,6,2,4
11/20/2015 10:00:00 PM,6,2,4
11/20/2015 11:00:00 PM,6,3,3
11/21/2015 12:00:00 AM,6,3,3
11/21/2015 01:00:00 AM,7,0,7
11/21/2015 02:00:00 AM,10,2,8
11/21/2015 03:00:00 AM,1,0,1
11/21/2015 04:00:00 AM,1,1,0
11/21/2015 05:00:00 AM,2,0,2
11/21/2015 06:00:00 AM,4,1,3
11/21/2015 07:00:00 AM,6,3,3
11/21/2015 08:00:00 AM,6,5,1
11/21/2015 09:00:00 AM,6,2,4
11/21/2015 10:00:00 AM,7,5,2
11/21/2015 11:00:00 AM,16,7,9
11/21/2015 12:00:00 PM,22,9,13
11/21/2015 01:00:00 PM,13,6,7
11/21/2015 02:00:00 PM,16,7,9
11/21/2015 03:00:00 PM,16,10,6
11/21/2015 04:00:00 PM,11,7,4
11/21/2015 05:00:00 PM,16,8,8
11/21/2015 06:00:00 PM,9,4,5
11/21/2015 07:00:00 PM,8,3,5
11/21/2015 08:00:00 PM,14,8,6
11/21/2015 09:00:00 PM,4,1,3
11/21/2015 10:00:00 PM,13,7,6
11/21/2015 11:00:00 PM,3,1,2
11/22/2015 12:00:00 AM,8,5,3
11/22/2015 01:00:00 AM,5,1,4
11/22/2015 02:00:00 AM,4,0,4
11/22/2015 03:00:00 AM,0,0,0
11/22/2015 04:00:00 AM,0,0,0
11/22/2015 05:00:00 AM,1,1,0
11/22/2015 06:00:00 AM,4,1,3
11/22/2015 07:00:00 AM,3,0,3
11/22/2015 08:00:00 AM,3,2,1
11/22/2015 09:00:00 AM,9,7,2
11/22/2015 10:00:00 AM,2,1,1
11/22/2015 11:00:00 AM,10,7,3
11/22/2015 12:00:00 PM,8,1,7
11/22/2015 01:00:00 PM,16,13,3
11/22/2015 02:00:00 PM,10,7,3
11/22/2015 03:00:00 PM,17,2,15
11/22/2015 04:00:00 PM,19,9,10
11/22/2015 05:00:00 PM,16,7,9
11/22/2015 06:00:00 PM,7,5,2
11/22/2015 07:00:00 PM,3,1,2
11/22/2015 08:00:00 PM,9,3,6
11/22/2015 09:00:00 PM,5,2,3
11/22/2015 10:00:00 PM,3,0,3
11/22/2015 11:00:00 PM,1,0,1
11/23/2015 12:00:00 AM,1,0,1
11/23/2015 01:00:00 AM,1,1,0
11/23/2015 02:00:00 AM,0,0,0
11/23/2015 03:00:00 AM,1,1,0
11/23/2015 04:00:00 AM,1,1,0
11/23/2015 05:00:00 AM,2,0,2
11/23/2015 06:00:00 AM,15,4,11
11/23/2015 07:00:00 AM,29,4,25
11/23/2015 08:00:00 AM,15,3,12
11/23/2015 09:00:00 AM,14,5,9
11/23/2015 10:00:00 AM,12,5,7
11/23/2015 11:00:00 AM,10,4,6
11/23/2015 12:00:00 PM,12,4,8
11/23/2015 01:00:00 PM,9,2,7
11/23/2015 02:00:00 PM,15,4,11
11/23/2015 03:00:00 PM,18,13,5
11/23/2015 04:00:00 PM,43,27,16
11/23/2015 05:00:00 PM,38,27,11
11/23/2015 06:00:00 PM,20,14,6
11/23/2015 07:00:00 PM,14,9,5
11/23/2015 08:00:00 PM,8,3,5
11/23/2015 09:00:00 PM,5,3,2
11/23/2015 10:00:00 PM,7,3,4
11/23/2015 11:00:00 PM,3,2,1
11/24/2015 12:00:00 AM,1,0,1
11/24/2015 01:00:00 AM,0,0,0
11/24/2015 02:00:00 AM,0,0,0
11/24/2015 03:00:00 AM,1,0,1
11/24/2015 04:00:00 AM,0,0,0
11/24/2015 05:00:00 AM,3,1,2
11/24/2015 06:00:00 AM,6,1,5
11/24/2015 07:00:00 AM,16,2,14
11/24/2015 08:00:00 AM,21,8,13
11/24/2015 09:00:00 AM,11,5,6
11/24/2015 10:00:00 AM,9,4,5
11/24/2015 11:00:00 AM,14,5,9
11/24/2015 12:00:00 PM,10,4,6
11/24/2015 01:00:00 PM,13,4,9
11/24/2015 02:00:00 PM,15,11,4
11/24/2015 03:00:00 PM,14,7,7
11/24/2015 04:00:00 PM,22,12,10
11/24/2015 05:00:00 PM,31,21,10
11/24/2015 06:00:00 PM,27,11,16
11/24/2015 07:00:00 PM,12,4,8
11/24/2015 08:00:00 PM,10,4,6
11/24/2015 09:00:00 PM,8,4,4
11/24/2015 10:00:00 PM,8,2,6
11/24/2015 11:00:00 PM,3,2,1
11/25/2015 12:00:00 AM,3,2,1
11/25/2015 01:00:00 AM,0,0,0
11/25/2015 02:00:00 AM,0,0,0
11/25/2015 03:00:00 AM,0,0,0
11/25/2015 04:00:00 AM,0,0,0
11/25/2015 05:00:00 AM,0,0,0
11/25/2015 06:00:00 AM,13,1,12
11/25/2015 07:00:00 AM,14,5,9
11/25/2015 08:00:00 AM,14,2,12
11/25/2015 09:00:00 AM,21,8,13
11/25/2015 10:00:00 AM,9,5,4
11/25/2015 11:00:00 AM,9,7,2
11/25/2015 12:00:00 PM,13,4,9
11/25/2015 01:00:00 PM,20,11,9
11/25/2015 02:00:00 PM,15,10,5
11/25/2015 03:00:00 PM,18,9,9
11/25/2015 04:00:00 PM,20,14,6
11/25/2015 05:00:00 PM,20,13,7
11/25/2015 06:00:00 PM,14,10,4
11/25/2015 07:00:00 PM,11,7,4
11/25/2015 08:00:00 PM,7,2,5
11/25/2015 09:00:00 PM,4,2,2
11/25/2015 10:00:00 PM,8,6,2
11/25/2015 11:00:00 PM,1,0,1
11/26/2015 12:00:00 AM,0,0,0
11/26/2015 01:00:00 AM,2,1,1
11/26/2015 02:00:00 AM,1,1,0
11/26/2015 03:00:00 AM,1,0,1
11/26/2015 04:00:00 AM,0,0,0
11/26/2015 05:00:00 AM,1,0,1
11/26/2015 06:00:00 AM,3,0,3
11/26/2015 07:00:00 AM,2,0,2
11/26/2015 08:00:00 AM,3,2,1
11/26/2015 09:00:00 AM,1,0,1
11/26/2015 10:00:00 AM,4,1,3
11/26/2015 11:00:00 AM,4,2,2
11/26/2015 12:00:00 PM,5,1,4
11/26/2015 01:00:00 PM,3,3,0
11/26/2015 02:00:00 PM,4,2,2
11/26/2015 03:00:00 PM,3,2,1
11/26/2015 04:00:00 PM,3,1,2
11/26/2015 05:00:00 PM,7,5,2
11/26/2015 06:00:00 PM,1,0,1
11/26/2015 07:00:00 PM,1,1,0
11/26/2015 08:00:00 PM,3,2,1
11/26/2015 09:00:00 PM,1,0,1
11/26/2015 10:00:00 PM,3,3,0
11/26/2015 11:00:00 PM,1,0,1
11/27/2015 12:00:00 AM,0,0,0
11/27/2015 01:00:00 AM,3,0,3
11/27/2015 02:00:00 AM,0,0,0
11/27/2015 03:00:00 AM,1,0,1
11/27/2015 04:00:00 AM,1,0,1
11/27/2015 05:00:00 AM,0,0,0
11/27/2015 06:00:00 AM,4,2,2
11/27/2015 07:00:00 AM,5,3,2
11/27/2015 08:00:00 AM,3,3,0
11/27/2015 09:00:00 AM,3,2,1
11/27/2015 10:00:00 AM,4,4,0
11/27/2015 11:00:00 AM,9,7,2
11/27/2015 12:00:00 PM,16,6,10
11/27/2015 01:00:00 PM,14,11,3
11/27/2015 02:00:00 PM,13,4,9
11/27/2015 03:00:00 PM,7,3,4
11/27/2015 04:00:00 PM,13,7,6
11/27/2015 05:00:00 PM,9,7,2
11/27/2015 06:00:00 PM,9,3,6
11/27/2015 07:00:00 PM,11,4,7
11/27/2015 08:00:00 PM,6,3,3
11/27/2015 09:00:00 PM,2,0,2
11/27/2015 10:00:00 PM,5,1,4
11/27/2015 11:00:00 PM,4,3,1
11/28/2015 12:00:00 AM,3,2,1
11/28/2015 01:00:00 AM,1,0,1
11/28/2015 02:00:00 AM,5,0,5
11/28/2015 03:00:00 AM,0,0,0
11/28/2015 04:00:00 AM,1,0,1
11/28/2015 05:00:00 AM,3,0,3
11/28/2015 06:00:00 AM,3,1,2
11/28/2015 07:00:00 AM,4,3,1
11/28/2015 08:00:00 AM,1,1,0
11/28/2015 09:00:00 AM,4,2,2
11/28/2015 10:00:00 AM,3,2,1
11/28/2015 11:00:00 AM,0,0,0
11/28/2015 12:00:00 PM,11,4,7
11/28/2015 01:00:00 PM,12,8,4
11/28/2015 02:00:00 PM,19,8,11
11/28/2015 03:00:00 PM,18,8,10
11/28/2015 04:00:00 PM,7,5,2
11/28/2015 05:00:00 PM,6,3,3
11/28/2015 06:00:00 PM,8,3,5
11/28/2015 07:00:00 PM,10,4,6
11/28/2015 08:00:00 PM,7,1,6
11/28/2015 09:00:00 PM,3,1,2
11/28/2015 10:00:00 PM,4,1,3
11/28/2015 11:00:00 PM,3,1,2
11/29/2015 12:00:00 AM,3,0,3
11/29/2015 01:00:00 AM,1,0,1
11/29/2015 02:00:00 AM,0,0,0
11/29/2015 03:00:00 AM,0,0,0
11/29/2015 04:00:00 AM,0,0,0
11/29/2015 05:00:00 AM,2,1,1
11/29/2015 06:00:00 AM,5,3,2
11/29/2015 07:00:00 AM,3,0,3
11/29/2015 08:00:00 AM,4,2,2
11/29/2015 09:00:00 AM,11,10,1
11/29/2015 10:00:00 AM,6,3,3
11/29/2015 11:00:00 AM,7,4,3
11/29/2015 12:00:00 PM,9,5,4
11/29/2015 01:00:00 PM,13,3,10
11/29/2015 02:00:00 PM,8,5,3
11/29/2015 03:00:00 PM,9,5,4
11/29/2015 04:00:00 PM,8,3,5
11/29/2015 05:00:00 PM,13,6,7
11/29/2015 06:00:00 PM,13,7,6
11/29/2015 07:00:00 PM,5,3,2
11/29/2015 08:00:00 PM,7,2,5
11/29/2015 09:00:00 PM,6,4,2
11/29/2015 10:00:00 PM,3,1,2
11/29/2015 11:00:00 PM,0,0,0
11/30/2015 12:00:00 AM,2,0,2
11/30/2015 01:00:00 AM,0,0,0
11/30/2015 02:00:00 AM,0,0,0
11/30/2015 03:00:00 AM,1,1,0
11/30/2015 04:00:00 AM,0,0,0
11/30/2015 05:00:00 AM,2,0,2
11/30/2015 06:00:00 AM,6,2,4
11/30/2015 07:00:00 AM,17,2,15
11/30/2015 08:00:00 AM,22,8,14
11/30/2015 09:00:00 AM,13,2,11
11/30/2015 10:00:00 AM,7,2,5
11/30/2015 11:00:00 AM,9,7,2
11/30/2015 12:00:00 PM,18,5,13
11/30/2015 01:00:00 PM,14,9,5
11/30/2015 02:00:00 PM,18,8,10
11/30/2015 03:00:00 PM,11,7,4
11/30/2015 04:00:00 PM,24,12,12
11/30/2015 05:00:00 PM,39,26,13
11/30/2015 06:00:00 PM,25,11,14
11/30/2015 07:00:00 PM,11,5,6
11/30/2015 08:00:00 PM,7,2,5
11/30/2015 09:00:00 PM,7,2,5
11/30/2015 10:00:00 PM,6,4,2
11/30/2015 11:00:00 PM,3,1,2
12/01/2015 12:00:00 AM,2,0,2
12/01/2015 01:00:00 AM,1,1,0
12/01/2015 02:00:00 AM,0,0,0
12/01/2015 03:00:00 AM,0,0,0
12/01/2015 04:00:00 AM,2,1,1
12/01/2015 05:00:00 AM,1,0,1
12/01/2015 06:00:00 AM,10,4,6
12/01/2015 07:00:00 AM,21,4,17
12/01/2015 08:00:00 AM,24,9,15
12/01/2015 09:00:00 AM,13,3,10
12/01/2015 10:00:00 AM,20,9,11
12/01/2015 11:00:00 AM,12,7,5
12/01/2015 12:00:00 PM,15,4,11
12/01/2015 01:00:00 PM,18,7,11
12/01/2015 02:00:00 PM,9,4,5
12/01/2015 03:00:00 PM,18,13,5
12/01/2015 04:00:00 PM,23,11,12
12/01/2015 05:00:00 PM,45,28,17
12/01/2015 06:00:00 PM,29,17,12
12/01/2015 07:00:00 PM,20,12,8
12/01/2015 08:00:00 PM,12,7,5
12/01/2015 09:00:00 PM,5,3,2
12/01/2015 10:00:00 PM,6,3,3
12/01/2015 11:00:00 PM,4,3,1
12/02/2015 12:00:00 AM,0,0,0
12/02/2015 01:00:00 AM,0,0,0
12/02/2015 02:00:00 AM,0,0,0
12/02/2015 03:00:00 AM,0,0,0
12/02/2015 04:00:00 AM,1,0,1
12/02/2015 05:00:00 AM,4,0,4
12/02/2015 06:00:00 AM,10,1,9
12/02/2015 07:00:00 AM,17,6,11
12/02/2015 08:00:00 AM,21,9,12
12/02/2015 09:00:00 AM,15,3,12
12/02/2015 10:00:00 AM,10,7,3
12/02/2015 11:00:00 AM,10,6,4
12/02/2015 12:00:00 PM,9,0,9
12/02/2015 01:00:00 PM,16,8,8
12/02/2015 02:00:00 PM,14,7,7
12/02/2015 03:00:00 PM,7,3,4
12/02/2015 04:00:00 PM,30,20,10
12/02/2015 05:00:00 PM,26,22,4
12/02/2015 06:00:00 PM,27,17,10
12/02/2015 07:00:00 PM,10,6,4
12/02/2015 08:00:00 PM,22,9,13
12/02/2015 09:00:00 PM,12,6,6
12/02/2015 10:00:00 PM,9,6,3
12/02/2015 11:00:00 PM,2,1,1
12/03/2015 12:00:00 AM,3,0,3
12/03/2015 01:00:00 AM,1,1,0
12/03/2015 02:00:00 AM,2,0,2
12/03/2015 03:00:00 AM,0,0,0
12/03/2015 04:00:00 AM,0,0,0
12/03/2015 05:00:00 AM,5,1,4
12/03/2015 06:00:00 AM,9,2,7
12/03/2015 07:00:00 AM,17,6,11
12/03/2015 08:00:00 AM,19,7,12
12/03/2015 09:00:00 AM,12,5,7
12/03/2015 10:00:00 AM,14,10,4
12/03/2015 11:00:00 AM,7,4,3
12/03/2015 12:00:00 PM,17,5,12
12/03/2015 01:00:00 PM,7,3,4
12/03/2015 02:00:00 PM,8,2,6
12/03/2015 03:00:00 PM,18,8,10
12/03/2015 04:00:00 PM,16,8,8
12/03/2015 05:00:00 PM,24,11,13
12/03/2015 06:00:00 PM,17,9,8
12/03/2015 07:00:00 PM,17,9,8
12/03/2015 08:00:00 PM,12,6,6
12/03/2015 09:00:00 PM,9,5,4
12/03/2015 10:00:00 PM,7,4,3
12/03/2015 11:00:00 PM,4,4,0
12/04/2015 12:00:00 AM,4,2,2
12/04/2015 01:00:00 AM,3,0,3
12/04/2015 02:00:00 AM,2,0,2
12/04/2015 03:00:00 AM,0,0,0
12/04/2015 04:00:00 AM,1,1,0
12/04/2015 05:00:00 AM,2,0,2
12/04/2015 06:00:00 AM,3,0,3
12/04/2015 07:00:00 AM,11,1,10
12/04/2015 08:00:00 AM,19,5,14
12/04/2015 09:00:00 AM,10,3,7
12/04/2015 10:00:00 AM,6,2,4
12/04/2015 11:00:00 AM,12,8,4
12/04/2015 12:00:00 PM,17,11,6
12/04/2015 01:00:00 PM,12,4,8
12/04/2015 02:00:00 PM,15,5,10
12/04/2015 03:00:00 PM,17,11,6
12/04/2015 04:00:00 PM,29,13,16
12/04/2015 05:00:00 PM,28,14,14
12/04/2015 06:00:00 PM,15,8,7
12/04/2015 07:00:00 PM,15,8,7
12/04/2015 08:00:00 PM,8,4,4
12/04/2015 09:00:00 PM,10,4,6
12/04/2015 10:00:00 PM,10,7,3
12/04/2015 11:00:00 PM,7,6,1
12/05/2015 12:00:00 AM,7,4,3
12/05/2015 01:00:00 AM,4,0,4
12/05/2015 02:00:00 AM,6,3,3
12/05/2015 03:00:00 AM,0,0,0
12/05/2015 04:00:00 AM,2,1,1
12/05/2015 05:00:00 AM,4,0,4
12/05/2015 06:00:00 AM,0,0,0
12/05/2015 07:00:00 AM,1,0,1
12/05/2015 08:00:00 AM,3,3,0
12/05/2015 09:00:00 AM,5,3,2
12/05/2015 10:00:00 AM,5,3,2
12/05/2015 11:00:00 AM,6,3,3
12/05/2015 12:00:00 PM,3,2,1
12/05/2015 01:00:00 PM,4,2,2
12/05/2015 02:00:00 PM,7,6,1
12/05/2015 03:00:00 PM,6,1,5
12/05/2015 04:00:00 PM,5,3,2
12/05/2015 05:00:00 PM,14,7,7
12/05/2015 06:00:00 PM,8,2,6
12/05/2015 07:00:00 PM,3,2,1
12/05/2015 08:00:00 PM,5,4,1
12/05/2015 09:00:00 PM,1,1,0
12/05/2015 10:00:00 PM,4,1,3
12/05/2015 11:00:00 PM,4,2,2
12/06/2015 12:00:00 AM,3,2,1
12/06/2015 01:00:00 AM,0,0,0
12/06/2015 02:00:00 AM,1,1,0
12/06/2015 03:00:00 AM,2,1,1
12/06/2015 04:00:00 AM,0,0,0
12/06/2015 05:00:00 AM,1,0,1
12/06/2015 06:00:00 AM,0,0,0
12/06/2015 07:00:00 AM,3,1,2
12/06/2015 08:00:00 AM,2,1,1
12/06/2015 09:00:00 AM,3,2,1
12/06/2015 10:00:00 AM,3,1,2
12/06/2015 11:00:00 AM,6,5,1
12/06/2015 12:00:00 PM,7,3,4
12/06/2015 01:00:00 PM,13,6,7
12/06/2015 02:00:00 PM,17,8,9
12/06/2015 03:00:00 PM,18,8,10
12/06/2015 04:00:00 PM,10,4,6
12/06/2015 05:00:00 PM,11,5,6
12/06/2015 06:00:00 PM,7,2,5
12/06/2015 07:00:00 PM,6,1,5
12/06/2015 08:00:00 PM,2,2,0
12/06/2015 09:00:00 PM,3,1,2
12/06/2015 10:00:00 PM,3,1,2
12/06/2015 11:00:00 PM,1,1,0
12/07/2015 12:00:00 AM,0,0,0
12/07/2015 01:00:00 AM,1,1,0
12/07/2015 02:00:00 AM,0,0,0
12/07/2015 03:00:00 AM,0,0,0
12/07/2015 04:00:00 AM,1,1,0
12/07/2015 05:00:00 AM,4,0,4
12/07/2015 06:00:00 AM,7,1,6
12/07/2015 07:00:00 AM,19,4,15
12/07/2015 08:00:00 AM,21,6,15
12/07/2015 09:00:00 AM,7,3,4
12/07/2015 10:00:00 AM,7,3,4
12/07/2015 11:00:00 AM,5,0,5
12/07/2015 12:00:00 PM,8,5,3
12/07/2015 01:00:00 PM,8,3,5
12/07/2015 02:00:00 PM,7,2,5
12/07/2015 03:00:00 PM,12,11,1
12/07/2015 04:00:00 PM,20,9,11
12/07/2015 05:00:00 PM,27,17,10
12/07/2015 06:00:00 PM,31,17,14
12/07/2015 07:00:00 PM,15,9,6
12/07/2015 08:00:00 PM,17,11,6
12/07/2015 09:00:00 PM,6,3,3
12/07/2015 10:00:00 PM,2,1,1
12/07/2015 11:00:00 PM,3,1,2
12/08/2015 12:00:00 AM,1,0,1
12/08/2015 01:00:00 AM,0,0,0
12/08/2015 02:00:00 AM,1,0,1
12/08/2015 03:00:00 AM,1,0,1
12/08/2015 04:00:00 AM,1,1,0
12/08/2015 05:00:00 AM,2,0,2
12/08/2015 06:00:00 AM,6,1,5
12/08/2015 07:00:00 AM,22,5,17
12/08/2015 08:00:00 AM,21,8,13
12/08/2015 09:00:00 AM,9,3,6
12/08/2015 10:00:00 AM,6,3,3
12/08/2015 11:00:00 AM,4,3,1
12/08/2015 12:00:00 PM,8,2,6
12/08/2015 01:00:00 PM,10,2,8
12/08/2015 02:00:00 PM,15,8,7
12/08/2015 03:00:00 PM,7,5,2
12/08/2015 04:00:00 PM,18,12,6
12/08/2015 05:00:00 PM,29,17,12
12/08/2015 06:00:00 PM,19,13,6
12/08/2015 07:00:00 PM,19,10,9
12/08/2015 08:00:00 PM,12,3,9
12/08/2015 09:00:00 PM,2,1,1
12/08/2015 10:00:00 PM,2,1,1
12/08/2015 11:00:00 PM,5,2,3
12/09/2015 12:00:00 AM,2,0,2
12/09/2015 01:00:00 AM,1,1,0
12/09/2015 02:00:00 AM,0,0,0
12/09/2015 03:00:00 AM,0,0,0
12/09/2015 04:00:00 AM,1,1,0
12/09/2015 05:00:00 AM,1,0,1
12/09/2015 06:00:00 AM,4,0,4
12/09/2015 07:00:00 AM,17,4,13
12/09/2015 08:00:00 AM,16,7,9
12/09/2015 09:00:00 AM,6,3,3
12/09/2015 10:00:00 AM,7,5,2
12/09/2015 11:00:00 AM,10,4,6
12/09/2015 12:00:00 PM,18,8,10
12/09/2015 01:00:00 PM,16,4,12
12/09/2015 02:00:00 PM,11,8,3
12/09/2015 03:00:00 PM,16,11,5
12/09/2015 04:00:00 PM,33,16,17
12/09/2015 05:00:00 PM,27,18,9
12/09/2015 06:00:00 PM,20,7,13
12/09/2015 07:00:00 PM,9,5,4
12/09/2015 08:00:00 PM,12,4,8
12/09/2015 09:00:00 PM,3,1,2
12/09/2015 10:00:00 PM,7,2,5
12/09/2015 11:00:00 PM,2,1,1
12/10/2015 12:00:00 AM,1,1,0
12/10/2015 01:00:00 AM,0,0,0
12/10/2015 02:00:00 AM,1,0,1
12/10/2015 03:00:00 AM,1,0,1
12/10/2015 04:00:00 AM,1,0,1
12/10/2015 05:00:00 AM,3,0,3
12/10/2015 06:00:00 AM,2,0,2
12/10/2015 07:00:00 AM,14,1,13
12/10/2015 08:00:00 AM,26,10,16
12/10/2015 09:00:00 AM,7,2,5
12/10/2015 10:00:00 AM,9,5,4
12/10/2015 11:00:00 AM,8,3,5
12/10/2015 12:00:00 PM,8,2,6
12/10/2015 01:00:00 PM,6,2,4
12/10/2015 02:00:00 PM,8,1,7
12/10/2015 03:00:00 PM,11,7,4
12/10/2015 04:00:00 PM,14,6,8
12/10/2015 05:00:00 PM,29,18,11
12/10/2015 06:00:00 PM,18,15,3
12/10/2015 07:00:00 PM,15,7,8
12/10/2015 08:00:00 PM,9,3,6
12/10/2015 09:00:00 PM,10,5,5
12/10/2015 10:00:00 PM,6,4,2
12/10/2015 11:00:00 PM,6,3,3
12/11/2015 12:00:00 AM,1,1,0
12/11/2015 01:00:00 AM,0,0,0
12/11/2015 02:00:00 AM,1,1,0
12/11/2015 03:00:00 AM,0,0,0
12/11/2015 04:00:00 AM,2,1,1
12/11/2015 05:00:00 AM,4,0,4
12/11/2015 06:00:00 AM,6,0,6
12/11/2015 07:00:00 AM,19,5,14
12/11/2015 08:00:00 AM,22,7,15
12/11/2015 09:00:00 AM,15,9,6
12/11/2015 10:00:00 AM,7,4,3
12/11/2015 11:00:00 AM,7,3,4
12/11/2015 12:00:00 PM,11,7,4
12/11/2015 01:00:00 PM,10,4,6
12/11/2015 02:00:00 PM,14,7,7
12/11/2015 03:00:00 PM,14,6,8
12/11/2015 04:00:00 PM,29,18,11
12/11/2015 05:00:00 PM,31,17,14
12/11/2015 06:00:00 PM,19,7,12
12/11/2015 07:00:00 PM,14,5,9
12/11/2015 08:00:00 PM,12,7,5
12/11/2015 09:00:00 PM,12,7,5
12/11/2015 10:00:00 PM,2,1,1
12/11/2015 11:00:00 PM,8,7,1
12/12/2015 12:00:00 AM,3,2,1
12/12/2015 01:00:00 AM,3,1,2
12/12/2015 02:00:00 AM,1,1,0
12/12/2015 03:00:00 AM,1,0,1
12/12/2015 04:00:00 AM,0,0,0
12/12/2015 05:00:00 AM,2,0,2
12/12/2015 06:00:00 AM,2,0,2
12/12/2015 07:00:00 AM,2,2,0
12/12/2015 08:00:00 AM,9,6,3
12/12/2015 09:00:00 AM,4,3,1
12/12/2015 10:00:00 AM,3,3,0
12/12/2015 11:00:00 AM,8,6,2
12/12/2015 12:00:00 PM,4,2,2
12/12/2015 01:00:00 PM,8,4,4
12/12/2015 02:00:00 PM,7,3,4
12/12/2015 03:00:00 PM,11,1,10
12/12/2015 04:00:00 PM,5,2,3
12/12/2015 05:00:00 PM,7,4,3
12/12/2015 06:00:00 PM,8,5,3
12/12/2015 07:00:00 PM,6,1,5
12/12/2015 08:00:00 PM,5,5,0
12/12/2015 09:00:00 PM,3,0,3
12/12/2015 10:00:00 PM,4,1,3
12/12/2015 11:00:00 PM,2,2,0
12/13/2015 12:00:00 AM,6,2,4
12/13/2015 01:00:00 AM,9,2,7
12/13/2015 02:00:00 AM,2,1,1
12/13/2015 03:00:00 AM,0,0,0
12/13/2015 04:00:00 AM,1,0,1
12/13/2015 05:00:00 AM,1,0,1
12/13/2015 06:00:00 AM,2,0,2
12/13/2015 07:00:00 AM,5,3,2
12/13/2015 08:00:00 AM,3,1,2
12/13/2015 09:00:00 AM,10,5,5
12/13/2015 10:00:00 AM,8,5,3
12/13/2015 11:00:00 AM,6,5,1
12/13/2015 12:00:00 PM,8,4,4
12/13/2015 01:00:00 PM,19,10,9
12/13/2015 02:00:00 PM,14,7,7
12/13/2015 03:00:00 PM,12,6,6
12/13/2015 04:00:00 PM,9,5,4
12/13/2015 05:00:00 PM,5,4,1
12/13/2015 06:00:00 PM,7,4,3
12/13/2015 07:00:00 PM,9,5,4
12/13/2015 08:00:00 PM,3,0,3
12/13/2015 09:00:00 PM,4,2,2
12/13/2015 10:00:00 PM,3,0,3
12/13/2015 11:00:00 PM,1,1,0
12/14/2015 12:00:00 AM,2,1,1
12/14/2015 01:00:00 AM,3,1,2
12/14/2015 02:00:00 AM,0,0,0
12/14/2015 03:00:00 AM,0,0,0
12/14/2015 04:00:00 AM,0,0,0
12/14/2015 05:00:00 AM,3,0,3
12/14/2015 06:00:00 AM,13,3,10
12/14/2015 07:00:00 AM,19,6,13
12/14/2015 08:00:00 AM,23,7,16
12/14/2015 09:00:00 AM,12,4,8
12/14/2015 10:00:00 AM,16,7,9
12/14/2015 11:00:00 AM,9,4,5
12/14/2015 12:00:00 PM,15,5,10
12/14/2015 01:00:00 PM,11,5,6
12/14/2015 02:00:00 PM,9,5,4
12/14/2015 03:00:00 PM,11,7,4
12/14/2015 04:00:00 PM,21,14,7
12/14/2015 05:00:00 PM,32,20,12
12/14/2015 06:00:00 PM,21,12,9
12/14/2015 07:00:00 PM,17,11,6
12/14/2015 08:00:00 PM,2,1,1
12/14/2015 09:00:00 PM,7,4,3
12/14/2015 10:00:00 PM,5,2,3
12/14/2015 11:00:00 PM,5,2,3
12/15/2015 12:00:00 AM,3,0,3
12/15/2015 01:00:00 AM,0,0,0
12/15/2015 02:00:00 AM,0,0,0
12/15/2015 03:00:00 AM,0,0,0
12/15/2015 04:00:00 AM,1,1,0
12/15/2015 05:00:00 AM,4,1,3
12/15/2015 06:00:00 AM,11,3,8
12/15/2015 07:00:00 AM,14,2,12
12/15/2015 08:00:00 AM,20,10,10
12/15/2015 09:00:00 AM,16,6,10
12/15/2015 10:00:00 AM,16,7,9
12/15/2015 11:00:00 AM,12,7,5
12/15/2015 12:00:00 PM,15,4,11
12/15/2015 01:00:00 PM,8,4,4
12/15/2015 02:00:00 PM,19,10,9
12/15/2015 03:00:00 PM,13,7,6
12/15/2015 04:00:00 PM,25,21,4
12/15/2015 05:00:00 PM,27,19,8
12/15/2015 06:00:00 PM,27,17,10
12/15/2015 07:00:00 PM,14,8,6
12/15/2015 08:00:00 PM,10,2,8
12/15/2015 09:00:00 PM,11,2,9
12/15/2015 10:00:00 PM,1,1,0
12/15/2015 11:00:00 PM,6,3,3
12/16/2015 12:00:00 AM,2,2,0
12/16/2015 01:00:00 AM,1,1,0
12/16/2015 02:00:00 AM,0,0,0
12/16/2015 03:00:00 AM,0,0,0
12/16/2015 04:00:00 AM,2,1,1
12/16/2015 05:00:00 AM,3,0,3
12/16/2015 06:00:00 AM,10,1,9
12/16/2015 07:00:00 AM,15,5,10
12/16/2015 08:00:00 AM,24,12,12
12/16/2015 09:00:00 AM,15,3,12
12/16/2015 10:00:00 AM,16,5,11
12/16/2015 11:00:00 AM,10,5,5
12/16/2015 12:00:00 PM,15,6,9
12/16/2015 01:00:00 PM,13,8,5
12/16/2015 02:00:00 PM,14,6,8
12/16/2015 03:00:00 PM,10,3,7
12/16/2015 04:00:00 PM,22,17,5
12/16/2015 05:00:00 PM,30,23,7
12/16/2015 06:00:00 PM,38,15,23
12/16/2015 07:00:00 PM,17,14,3
12/16/2015 08:00:00 PM,8,4,4
12/16/2015 09:00:00 PM,3,1,2
12/16/2015 10:00:00 PM,5,3,2
12/16/2015 11:00:00 PM,8,4,4
12/17/2015 12:00:00 AM,5,1,4
12/17/2015 01:00:00 AM,3,1,2
12/17/2015 02:00:00 AM,6,1,5
12/17/2015 03:00:00 AM,0,0,0
12/17/2015 04:00:00 AM,0,0,0
12/17/2015 05:00:00 AM,6,1,5
12/17/2015 06:00:00 AM,7,1,6
12/17/2015 07:00:00 AM,15,3,12
12/17/2015 08:00:00 AM,18,2,16
12/17/2015 09:00:00 AM,7,5,2
12/17/2015 10:00:00 AM,6,1,5
12/17/2015 11:00:00 AM,10,5,5
12/17/2015 12:00:00 PM,8,1,7
12/17/2015 01:00:00 PM,11,3,8
12/17/2015 02:00:00 PM,6,4,2
12/17/2015 03:00:00 PM,10,6,4
12/17/2015 04:00:00 PM,17,13,4
12/17/2015 05:00:00 PM,16,10,6
12/17/2015 06:00:00 PM,20,12,8
12/17/2015 07:00:00 PM,15,8,7
12/17/2015 08:00:00 PM,9,4,5
12/17/2015 09:00:00 PM,7,5,2
12/17/2015 10:00:00 PM,3,2,1
12/17/2015 11:00:00 PM,2,2,0
12/18/2015 12:00:00 AM,0,0,0
12/18/2015 01:00:00 AM,1,1,0
12/18/2015 02:00:00 AM,2,1,1
12/18/2015 03:00:00 AM,0,0,0
12/18/2015 04:00:00 AM,0,0,0
12/18/2015 05:00:00 AM,4,0,4
12/18/2015 06:00:00 AM,7,1,6
12/18/2015 07:00:00 AM,23,7,16
12/18/2015 08:00:00 AM,14,2,12
12/18/2015 09:00:00 AM,7,3,4
12/18/2015 10:00:00 AM,9,6,3
12/18/2015 11:00:00 AM,11,6,5
12/18/2015 12:00:00 PM,11,6,5
12/18/2015 01:00:00 PM,5,1,4
12/18/2015 02:00:00 PM,12,8,4
12/18/2015 03:00:00 PM,8,3,5
12/18/2015 04:00:00 PM,20,13,7
12/18/2015 05:00:00 PM,18,10,8
12/18/2015 06:00:00 PM,16,11,5
12/18/2015 07:00:00 PM,4,1,3
12/18/2015 08:00:00 PM,12,7,5
12/18/2015 09:00:00 PM,9,5,4
12/18/2015 10:00:00 PM,9,5,4
12/18/2015 11:00:00 PM,2,2,0
12/19/2015 12:00:00 AM,2,2,0
12/19/2015 01:00:00 AM,1,1,0
12/19/2015 02:00:00 AM,6,0,6
12/19/2015 03:00:00 AM,1,0,1
12/19/2015 04:00:00 AM,1,1,0
12/19/2015 05:00:00 AM,1,0,1
12/19/2015 06:00:00 AM,3,0,3
12/19/2015 07:00:00 AM,3,1,2
12/19/2015 08:00:00 AM,1,1,0
12/19/2015 09:00:00 AM,4,2,2
12/19/2015 10:00:00 AM,7,3,4
12/19/2015 11:00:00 AM,4,3,1
12/19/2015 12:00:00 PM,9,4,5
12/19/2015 01:00:00 PM,6,3,3
12/19/2015 02:00:00 PM,4,3,1
12/19/2015 03:00:00 PM,8,4,4
12/19/2015 04:00:00 PM,16,3,13
12/19/2015 05:00:00 PM,6,3,3
12/19/2015 06:00:00 PM,11,6,5
12/19/2015 07:00:00 PM,8,6,2
12/19/2015 08:00:00 PM,8,3,5
12/19/2015 09:00:00 PM,5,2,3
12/19/2015 10:00:00 PM,4,1,3
12/19/2015 11:00:00 PM,5,4,1
12/20/2015 12:00:00 AM,2,1,1
12/20/2015 01:00:00 AM,9,4,5
12/20/2015 02:00:00 AM,5,3,2
12/20/2015 03:00:00 AM,1,0,1
12/20/2015 04:00:00 AM,0,0,0
12/20/2015 05:00:00 AM,1,0,1
12/20/2015 06:00:00 AM,3,2,1
12/20/2015 07:00:00 AM,1,0,1
12/20/2015 08:00:00 AM,2,2,0
12/20/2015 09:00:00 AM,3,2,1
12/20/2015 10:00:00 AM,6,1,5
12/20/2015 11:00:00 AM,6,6,0
12/20/2015 12:00:00 PM,12,10,2
12/20/2015 01:00:00 PM,7,4,3
12/20/2015 02:00:00 PM,12,2,10
12/20/2015 03:00:00 PM,5,3,2
12/20/2015 04:00:00 PM,2,2,0
12/20/2015 05:00:00 PM,2,1,1
12/20/2015 06:00:00 PM,7,4,3
12/20/2015 07:00:00 PM,4,2,2
12/20/2015 08:00:00 PM,1,1,0
12/20/2015 09:00:00 PM,5,1,4
12/20/2015 10:00:00 PM,3,1,2
12/20/2015 11:00:00 PM,1,0,1
12/21/2015 12:00:00 AM,1,0,1
12/21/2015 01:00:00 AM,0,0,0
12/21/2015 02:00:00 AM,0,0,0
12/21/2015 03:00:00 AM,1,1,0
12/21/2015 04:00:00 AM,0,0,0
12/21/2015 05:00:00 AM,3,0,3
12/21/2015 06:00:00 AM,5,2,3
12/21/2015 07:00:00 AM,14,6,8
12/21/2015 08:00:00 AM,10,3,7
12/21/2015 09:00:00 AM,8,3,5
12/21/2015 10:00:00 AM,4,2,2
12/21/2015 11:00:00 AM,6,3,3
12/21/2015 12:00:00 PM,9,6,3
12/21/2015 01:00:00 PM,3,1,2
12/21/2015 02:00:00 PM,3,2,1
12/21/2015 03:00:00 PM,4,0,4
12/21/2015 04:00:00 PM,12,8,4
12/21/2015 05:00:00 PM,17,14,3
12/21/2015 06:00:00 PM,16,9,7
12/21/2015 07:00:00 PM,15,6,9
12/21/2015 08:00:00 PM,7,5,2
12/21/2015 09:00:00 PM,2,1,1
12/21/2015 10:00:00 PM,2,0,2
12/21/2015 11:00:00 PM,5,2,3
12/22/2015 12:00:00 AM,0,0,0
12/22/2015 01:00:00 AM,0,0,0
12/22/2015 02:00:00 AM,0,0,0
12/22/2015 03:00:00 AM,0,0,0
12/22/2015 04:00:00 AM,1,1,0
12/22/2015 05:00:00 AM,3,0,3
12/22/2015 06:00:00 AM,7,1,6
12/22/2015 07:00:00 AM,13,2,11
12/22/2015 08:00:00 AM,15,4,11
12/22/2015 09:00:00 AM,10,4,6
12/22/2015 10:00:00 AM,5,2,3
12/22/2015 11:00:00 AM,8,6,2
12/22/2015 12:00:00 PM,9,4,5
12/22/2015 01:00:00 PM,9,2,7
12/22/2015 02:00:00 PM,10,3,7
12/22/2015 03:00:00 PM,8,3,5
12/22/2015 04:00:00 PM,23,17,6
12/22/2015 05:00:00 PM,24,19,5
12/22/2015 06:00:00 PM,13,7,6
12/22/2015 07:00:00 PM,8,4,4
12/22/2015 08:00:00 PM,6,2,4
12/22/2015 09:00:00 PM,3,3,0
12/22/2015 10:00:00 PM,3,1,2
12/22/2015 11:00:00 PM,6,2,4
12/23/2015 12:00:00 AM,1,1,0
12/23/2015 01:00:00 AM,0,0,0
12/23/2015 02:00:00 AM,1,0,1
12/23/2015 03:00:00 AM,0,0,0
12/23/2015 04:00:00 AM,1,1,0
12/23/2015 05:00:00 AM,6,1,5
12/23/2015 06:00:00 AM,7,0,7
12/23/2015 07:00:00 AM,9,0,9
12/23/2015 08:00:00 AM,7,2,5
12/23/2015 09:00:00 AM,8,4,4
12/23/2015 10:00:00 AM,9,3,6
12/23/2015 11:00:00 AM,5,4,1
12/23/2015 12:00:00 PM,5,0,5
12/23/2015 01:00:00 PM,12,6,6
12/23/2015 02:00:00 PM,2,1,1
12/23/2015 03:00:00 PM,13,8,5
12/23/2015 04:00:00 PM,14,10,4
12/23/2015 05:00:00 PM,15,11,4
12/23/2015 06:00:00 PM,11,4,7
12/23/2015 07:00:00 PM,8,7,1
12/23/2015 08:00:00 PM,7,2,5
12/23/2015 09:00:00 PM,1,0,1
12/23/2015 10:00:00 PM,5,3,2
12/23/2015 11:00:00 PM,4,4,0
12/24/2015 12:00:00 AM,3,0,3
12/24/2015 01:00:00 AM,3,1,2
12/24/2015 02:00:00 AM,2,2,0
12/24/2015 03:00:00 AM,0,0,0
12/24/2015 04:00:00 AM,1,1,0
12/24/2015 05:00:00 AM,2,0,2
12/24/2015 06:00:00 AM,8,2,6
12/24/2015 07:00:00 AM,10,2,8
12/24/2015 08:00:00 AM,3,1,2
12/24/2015 09:00:00 AM,1,0,1
12/24/2015 10:00:00 AM,4,2,2
12/24/2015 11:00:00 AM,8,5,3
12/24/2015 12:00:00 PM,8,6,2
12/24/2015 01:00:00 PM,10,7,3
12/24/2015 02:00:00 PM,12,4,8
12/24/2015 03:00:00 PM,11,7,4
12/24/2015 04:00:00 PM,7,7,0
12/24/2015 05:00:00 PM,5,2,3
12/24/2015 06:00:00 PM,4,2,2
12/24/2015 07:00:00 PM,7,4,3
12/24/2015 08:00:00 PM,3,2,1
12/24/2015 09:00:00 PM,1,1,0
12/24/2015 10:00:00 PM,0,0,0
12/24/2015 11:00:00 PM,2,1,1
12/25/2015 12:00:00 AM,2,1,1
12/25/2015 01:00:00 AM,2,1,1
12/25/2015 02:00:00 AM,1,0,1
12/25/2015 03:00:00 AM,0,0,0
12/25/2015 04:00:00 AM,1,0,1
12/25/2015 05:00:00 AM,1,0,1
12/25/2015 06:00:00 AM,2,1,1
12/25/2015 07:00:00 AM,2,1,1
12/25/2015 08:00:00 AM,2,2,0
12/25/2015 09:00:00 AM,0,0,0
12/25/2015 10:00:00 AM,3,2,1
12/25/2015 11:00:00 AM,0,0,0
12/25/2015 12:00:00 PM,4,3,1
12/25/2015 01:00:00 PM,2,1,1
12/25/2015 02:00:00 PM,3,1,2
12/25/2015 03:00:00 PM,0,0,0
12/25/2015 04:00:00 PM,2,1,1
12/25/2015 05:00:00 PM,3,3,0
12/25/2015 06:00:00 PM,2,1,1
12/25/2015 07:00:00 PM,1,0,1
12/25/2015 08:00:00 PM,0,0,0
12/25/2015 09:00:00 PM,2,1,1
12/25/2015 10:00:00 PM,1,1,0
12/25/2015 11:00:00 PM,0,0,0
12/26/2015 12:00:00 AM,0,0,0
12/26/2015 01:00:00 AM,0,0,0
12/26/2015 02:00:00 AM,1,1,0
12/26/2015 03:00:00 AM,0,0,0
12/26/2015 04:00:00 AM,0,0,0
12/26/2015 05:00:00 AM,2,0,2
12/26/2015 06:00:00 AM,3,1,2
12/26/2015 07:00:00 AM,3,0,3
12/26/2015 08:00:00 AM,3,1,2
12/26/2015 09:00:00 AM,0,0,0
12/26/2015 10:00:00 AM,5,2,3
12/26/2015 11:00:00 AM,4,2,2
12/26/2015 12:00:00 PM,10,6,4
12/26/2015 01:00:00 PM,5,2,3
12/26/2015 02:00:00 PM,5,2,3
12/26/2015 03:00:00 PM,6,4,2
12/26/2015 04:00:00 PM,6,3,3
12/26/2015 05:00:00 PM,6,4,2
12/26/2015 06:00:00 PM,9,5,4
12/26/2015 07:00:00 PM,4,2,2
12/26/2015 08:00:00 PM,4,1,3
12/26/2015 09:00:00 PM,0,0,0
12/26/2015 10:00:00 PM,8,1,7
12/26/2015 11:00:00 PM,0,0,0
12/27/2015 12:00:00 AM,4,4,0
12/27/2015 01:00:00 AM,2,2,0
12/27/2015 02:00:00 AM,3,0,3
12/27/2015 03:00:00 AM,0,0,0
12/27/2015 04:00:00 AM,0,0,0
12/27/2015 05:00:00 AM,0,0,0
12/27/2015 06:00:00 AM,2,0,2
12/27/2015 07:00:00 AM,4,3,1
12/27/2015 08:00:00 AM,3,2,1
12/27/2015 09:00:00 AM,1,0,1
12/27/2015 10:00:00 AM,2,2,0
12/27/2015 11:00:00 AM,2,1,1
12/27/2015 12:00:00 PM,9,5,4
12/27/2015 01:00:00 PM,4,3,1
12/27/2015 02:00:00 PM,5,2,3
12/27/2015 03:00:00 PM,3,0,3
12/27/2015 04:00:00 PM,2,1,1
12/27/2015 05:00:00 PM,4,3,1
12/27/2015 06:00:00 PM,6,1,5
12/27/2015 07:00:00 PM,7,3,4
12/27/2015 08:00:00 PM,3,2,1
12/27/2015 09:00:00 PM,2,0,2
12/27/2015 10:00:00 PM,0,0,0
12/27/2015 11:00:00 PM,5,2,3
12/28/2015 12:00:00 AM,2,1,1
12/28/2015 01:00:00 AM,1,1,0
12/28/2015 02:00:00 AM,1,0,1
12/28/2015 03:00:00 AM,0,0,0
12/28/2015 04:00:00 AM,2,1,1
12/28/2015 05:00:00 AM,1,0,1
12/28/2015 06:00:00 AM,4,1,3
12/28/2015 07:00:00 AM,9,3,6
12/28/2015 08:00:00 AM,5,3,2
12/28/2015 09:00:00 AM,5,1,4
12/28/2015 10:00:00 AM,2,1,1
12/28/2015 11:00:00 AM,6,3,3
12/28/2015 12:00:00 PM,8,2,6
12/28/2015 01:00:00 PM,7,3,4
12/28/2015 02:00:00 PM,8,4,4
12/28/2015 03:00:00 PM,5,3,2
12/28/2015 04:00:00 PM,17,9,8
12/28/2015 05:00:00 PM,24,16,8
12/28/2015 06:00:00 PM,15,4,11
12/28/2015 07:00:00 PM,13,8,5
12/28/2015 08:00:00 PM,1,1,0
12/28/2015 09:00:00 PM,3,1,2
12/28/2015 10:00:00 PM,4,3,1
12/28/2015 11:00:00 PM,3,3,0
12/29/2015 12:00:00 AM,4,3,1
12/29/2015 01:00:00 AM,3,0,3
12/29/2015 02:00:00 AM,0,0,0
12/29/2015 03:00:00 AM,0,0,0
12/29/2015 04:00:00 AM,1,1,0
12/29/2015 05:00:00 AM,4,0,4
12/29/2015 06:00:00 AM,6,1,5
12/29/2015 07:00:00 AM,15,6,9
12/29/2015 08:00:00 AM,7,1,6
12/29/2015 09:00:00 AM,5,1,4
12/29/2015 10:00:00 AM,6,3,3
12/29/2015 11:00:00 AM,11,4,7
12/29/2015 12:00:00 PM,5,3,2
12/29/2015 01:00:00 PM,11,3,8
12/29/2015 02:00:00 PM,8,6,2
12/29/2015 03:00:00 PM,15,7,8
12/29/2015 04:00:00 PM,19,14,5
12/29/2015 05:00:00 PM,19,16,3
12/29/2015 06:00:00 PM,17,9,8
12/29/2015 07:00:00 PM,10,7,3
12/29/2015 08:00:00 PM,5,3,2
12/29/2015 09:00:00 PM,6,1,5
12/29/2015 10:00:00 PM,2,0,2
12/29/2015 11:00:00 PM,3,2,1
12/30/2015 12:00:00 AM,3,1,2
12/30/2015 01:00:00 AM,0,0,0
12/30/2015 02:00:00 AM,0,0,0
12/30/2015 03:00:00 AM,0,0,0
12/30/2015 04:00:00 AM,1,0,1
12/30/2015 05:00:00 AM,2,0,2
12/30/2015 06:00:00 AM,5,1,4
12/30/2015 07:00:00 AM,9,0,9
12/30/2015 08:00:00 AM,7,1,6
12/30/2015 09:00:00 AM,8,1,7
12/30/2015 10:00:00 AM,6,3,3
12/30/2015 11:00:00 AM,13,6,7
12/30/2015 12:00:00 PM,18,6,12
12/30/2015 01:00:00 PM,9,3,6
12/30/2015 02:00:00 PM,6,4,2
12/30/2015 03:00:00 PM,9,5,4
12/30/2015 04:00:00 PM,17,12,5
12/30/2015 05:00:00 PM,22,15,7
12/30/2015 06:00:00 PM,21,13,8
12/30/2015 07:00:00 PM,15,13,2
12/30/2015 08:00:00 PM,5,1,4
12/30/2015 09:00:00 PM,7,3,4
12/30/2015 10:00:00 PM,6,2,4
12/30/2015 11:00:00 PM,3,2,1
12/31/2015 12:00:00 AM,1,1,0
12/31/2015 01:00:00 AM,2,2,0
12/31/2015 02:00:00 AM,4,0,4
12/31/2015 03:00:00 AM,2,0,2
12/31/2015 04:00:00 AM,0,0,0
12/31/2015 05:00:00 AM,1,0,1
12/31/2015 06:00:00 AM,6,1,5
12/31/2015 07:00:00 AM,10,2,8
12/31/2015 08:00:00 AM,11,5,6
12/31/2015 09:00:00 AM,8,5,3
12/31/2015 10:00:00 AM,10,2,8
12/31/2015 11:00:00 AM,13,5,8
12/31/2015 12:00:00 PM,18,10,8
12/31/2015 01:00:00 PM,10,6,4
12/31/2015 02:00:00 PM,9,6,3
12/31/2015 03:00:00 PM,5,5,0
12/31/2015 04:00:00 PM,18,10,8
12/31/2015 05:00:00 PM,9,6,3
12/31/2015 06:00:00 PM,16,9,7
12/31/2015 07:00:00 PM,15,8,7
12/31/2015 08:00:00 PM,4,2,2
12/31/2015 09:00:00 PM,4,3,1
12/31/2015 10:00:00 PM,2,0,2
12/31/2015 11:00:00 PM,3,1,2
01/01/2016 12:00:00 AM,7,3,4
01/01/2016 01:00:00 AM,4,3,1
01/01/2016 02:00:00 AM,4,0,4
01/01/2016 03:00:00 AM,1,0,1
01/01/2016 04:00:00 AM,0,0,0
01/01/2016 05:00:00 AM,0,0,0
01/01/2016 06:00:00 AM,1,0,1
01/01/2016 07:00:00 AM,1,1,0
01/01/2016 08:00:00 AM,3,2,1
01/01/2016 09:00:00 AM,3,2,1
01/01/2016 10:00:00 AM,1,1,0
01/01/2016 11:00:00 AM,2,2,0
01/01/2016 12:00:00 PM,7,4,3
01/01/2016 01:00:00 PM,4,1,3
01/01/2016 02:00:00 PM,5,4,1
01/01/2016 03:00:00 PM,6,5,1
01/01/2016 04:00:00 PM,5,4,1
01/01/2016 05:00:00 PM,4,3,1
01/01/2016 06:00:00 PM,3,2,1
01/01/2016 07:00:00 PM,10,6,4
01/01/2016 08:00:00 PM,3,2,1
01/01/2016 09:00:00 PM,20,2,18
01/01/2016 10:00:00 PM,0,0,0
01/01/2016 11:00:00 PM,1,0,1
01/02/2016 12:00:00 AM,1,1,0
01/02/2016 01:00:00 AM,0,0,0
01/02/2016 02:00:00 AM,2,1,1
01/02/2016 03:00:00 AM,0,0,0
01/02/2016 04:00:00 AM,1,0,1
01/02/2016 05:00:00 AM,3,0,3
01/02/2016 06:00:00 AM,4,1,3
01/02/2016 07:00:00 AM,2,0,2
01/02/2016 08:00:00 AM,4,2,2
01/02/2016 09:00:00 AM,5,5,0
01/02/2016 10:00:00 AM,2,2,0
01/02/2016 11:00:00 AM,12,6,6
01/02/2016 12:00:00 PM,22,8,14
01/02/2016 01:00:00 PM,8,5,3
01/02/2016 02:00:00 PM,9,5,4
01/02/2016 03:00:00 PM,17,8,9
01/02/2016 04:00:00 PM,14,7,7
01/02/2016 05:00:00 PM,6,2,4
01/02/2016 06:00:00 PM,5,2,3
01/02/2016 07:00:00 PM,6,3,3
01/02/2016 08:00:00 PM,8,4,4
01/02/2016 09:00:00 PM,12,2,10
01/02/2016 10:00:00 PM,3,0,3
01/02/2016 11:00:00 PM,2,1,1
01/03/2016 12:00:00 AM,5,3,2
01/03/2016 01:00:00 AM,3,0,3
01/03/2016 02:00:00 AM,1,0,1
01/03/2016 03:00:00 AM,1,1,0
01/03/2016 04:00:00 AM,0,0,0
01/03/2016 05:00:00 AM,1,0,1
01/03/2016 06:00:00 AM,5,3,2
01/03/2016 07:00:00 AM,3,2,1
01/03/2016 08:00:00 AM,2,0,2
01/03/2016 09:00:00 AM,2,1,1
01/03/2016 10:00:00 AM,4,3,1
01/03/2016 11:00:00 AM,8,5,3
01/03/2016 12:00:00 PM,13,9,4
01/03/2016 01:00:00 PM,10,7,3
01/03/2016 02:00:00 PM,5,0,5
01/03/2016 03:00:00 PM,12,4,8
01/03/2016 04:00:00 PM,10,5,5
01/03/2016 05:00:00 PM,6,2,4
01/03/2016 06:00:00 PM,4,2,2
01/03/2016 07:00:00 PM,6,1,5
01/03/2016 08:00:00 PM,4,3,1
01/03/2016 09:00:00 PM,3,0,3
01/03/2016 10:00:00 PM,3,3,0
01/03/2016 11:00:00 PM,2,1,1
01/04/2016 12:00:00 AM,1,0,1
01/04/2016 01:00:00 AM,0,0,0
01/04/2016 02:00:00 AM,0,0,0
01/04/2016 03:00:00 AM,0,0,0
01/04/2016 04:00:00 AM,0,0,0
01/04/2016 05:00:00 AM,0,0,0
01/04/2016 06:00:00 AM,2,0,2
01/04/2016 07:00:00 AM,13,3,10
01/04/2016 08:00:00 AM,18,6,12
01/04/2016 09:00:00 AM,10,6,4
01/04/2016 10:00:00 AM,26,7,19
01/04/2016 11:00:00 AM,10,4,6
01/04/2016 12:00:00 PM,8,3,5
01/04/2016 01:00:00 PM,8,3,5
01/04/2016 02:00:00 PM,8,3,5
01/04/2016 03:00:00 PM,13,7,6
01/04/2016 04:00:00 PM,20,11,9
01/04/2016 05:00:00 PM,23,15,8
01/04/2016 06:00:00 PM,22,11,11
01/04/2016 07:00:00 PM,11,6,5
01/04/2016 08:00:00 PM,10,5,5
01/04/2016 09:00:00 PM,6,3,3
01/04/2016 10:00:00 PM,1,1,0
01/04/2016 11:00:00 PM,2,2,0
01/05/2016 12:00:00 AM,1,0,1
01/05/2016 01:00:00 AM,0,0,0
01/05/2016 02:00:00 AM,1,1,0
01/05/2016 03:00:00 AM,0,0,0
01/05/2016 04:00:00 AM,2,0,2
01/05/2016 05:00:00 AM,3,0,3
01/05/2016 06:00:00 AM,7,2,5
01/05/2016 07:00:00 AM,18,5,13
01/05/2016 08:00:00 AM,24,8,16
01/05/2016 09:00:00 AM,13,5,8
01/05/2016 10:00:00 AM,12,6,6
01/05/2016 11:00:00 AM,8,5,3
01/05/2016 12:00:00 PM,15,7,8
01/05/2016 01:00:00 PM,10,5,5
01/05/2016 02:00:00 PM,14,5,9
01/05/2016 03:00:00 PM,7,3,4
01/05/2016 04:00:00 PM,17,8,9
01/05/2016 05:00:00 PM,34,24,10
01/05/2016 06:00:00 PM,22,14,8
01/05/2016 07:00:00 PM,13,8,5
01/05/2016 08:00:00 PM,3,2,1
01/05/2016 09:00:00 PM,6,3,3
01/05/2016 10:00:00 PM,2,0,2
01/05/2016 11:00:00 PM,1,1,0
01/06/2016 12:00:00 AM,1,1,0
01/06/2016 01:00:00 AM,2,0,2
01/06/2016 02:00:00 AM,0,0,0
01/06/2016 03:00:00 AM,0,0,0
01/06/2016 04:00:00 AM,1,0,1
01/06/2016 05:00:00 AM,2,1,1
01/06/2016 06:00:00 AM,10,1,9
01/06/2016 07:00:00 AM,17,5,12
01/06/2016 08:00:00 AM,26,12,14
01/06/2016 09:00:00 AM,14,3,11
01/06/2016 10:00:00 AM,13,7,6
01/06/2016 11:00:00 AM,16,6,10
01/06/2016 12:00:00 PM,17,8,9
01/06/2016 01:00:00 PM,15,8,7
01/06/2016 02:00:00 PM,20,8,12
01/06/2016 03:00:00 PM,14,10,4
01/06/2016 04:00:00 PM,21,13,8
01/06/2016 05:00:00 PM,36,23,13
01/06/2016 06:00:00 PM,35,20,15
01/06/2016 07:00:00 PM,20,10,10
01/06/2016 08:00:00 PM,13,4,9
01/06/2016 09:00:00 PM,9,4,5
01/06/2016 10:00:00 PM,4,3,1
01/06/2016 11:00:00 PM,4,3,1
01/07/2016 12:00:00 AM,4,1,3
01/07/2016 01:00:00 AM,2,1,1
01/07/2016 02:00:00 AM,2,0,2
01/07/2016 03:00:00 AM,1,0,1
01/07/2016 04:00:00 AM,1,0,1
01/07/2016 05:00:00 AM,3,0,3
01/07/2016 06:00:00 AM,7,2,5
01/07/2016 07:00:00 AM,17,1,16
01/07/2016 08:00:00 AM,31,13,18
01/07/2016 09:00:00 AM,16,5,11
01/07/2016 10:00:00 AM,13,7,6
01/07/2016 11:00:00 AM,13,6,7
01/07/2016 12:00:00 PM,9,6,3
01/07/2016 01:00:00 PM,10,7,3
01/07/2016 02:00:00 PM,14,10,4
01/07/2016 03:00:00 PM,18,9,9
01/07/2016 04:00:00 PM,27,15,12
01/07/2016 05:00:00 PM,29,18,11
01/07/2016 06:00:00 PM,22,10,12
01/07/2016 07:00:00 PM,14,6,8
01/07/2016 08:00:00 PM,10,6,4
01/07/2016 09:00:00 PM,7,3,4
01/07/2016 10:00:00 PM,2,0,2
01/07/2016 11:00:00 PM,3,1,2
01/08/2016 12:00:00 AM,1,0,1
01/08/2016 01:00:00 AM,1,0,1
01/08/2016 02:00:00 AM,2,0,2
01/08/2016 03:00:00 AM,0,0,0
01/08/2016 04:00:00 AM,1,0,1
01/08/2016 05:00:00 AM,3,0,3
01/08/2016 06:00:00 AM,7,2,5
01/08/2016 07:00:00 AM,25,5,20
01/08/2016 08:00:00 AM,19,5,14
01/08/2016 09:00:00 AM,12,7,5
01/08/2016 10:00:00 AM,11,7,4
01/08/2016 11:00:00 AM,10,3,7
01/08/2016 12:00:00 PM,10,6,4
01/08/2016 01:00:00 PM,5,2,3
01/08/2016 02:00:00 PM,11,3,8
01/08/2016 03:00:00 PM,16,6,10
01/08/2016 04:00:00 PM,18,12,6
01/08/2016 05:00:00 PM,28,21,7
01/08/2016 06:00:00 PM,15,5,10
01/08/2016 07:00:00 PM,16,7,9
01/08/2016 08:00:00 PM,10,7,3
01/08/2016 09:00:00 PM,7,5,2
01/08/2016 10:00:00 PM,11,3,8
01/08/2016 11:00:00 PM,10,8,2
01/09/2016 12:00:00 AM,4,4,0
01/09/2016 01:00:00 AM,3,0,3
01/09/2016 02:00:00 AM,3,0,3
01/09/2016 03:00:00 AM,0,0,0
01/09/2016 04:00:00 AM,1,0,1
01/09/2016 05:00:00 AM,4,1,3
01/09/2016 06:00:00 AM,2,0,2
01/09/2016 07:00:00 AM,3,0,3
01/09/2016 08:00:00 AM,6,5,1
01/09/2016 09:00:00 AM,2,2,0
01/09/2016 10:00:00 AM,9,5,4
01/09/2016 11:00:00 AM,4,2,2
01/09/2016 12:00:00 PM,6,3,3
01/09/2016 01:00:00 PM,15,4,11
01/09/2016 02:00:00 PM,8,5,3
01/09/2016 03:00:00 PM,14,4,10
01/09/2016 04:00:00 PM,17,10,7
01/09/2016 05:00:00 PM,9,4,5
01/09/2016 06:00:00 PM,11,6,5
01/09/2016 07:00:00 PM,11,4,7
01/09/2016 08:00:00 PM,4,2,2
01/09/2016 09:00:00 PM,7,4,3
01/09/2016 10:00:00 PM,6,2,4
01/09/2016 11:00:00 PM,3,2,1
01/10/2016 12:00:00 AM,5,2,3
01/10/2016 01:00:00 AM,3,2,1
01/10/2016 02:00:00 AM,3,2,1
01/10/2016 03:00:00 AM,0,0,0
01/10/2016 04:00:00 AM,0,0,0
01/10/2016 05:00:00 AM,0,0,0
01/10/2016 06:00:00 AM,3,0,3
01/10/2016 07:00:00 AM,3,1,2
01/10/2016 08:00:00 AM,7,5,2
01/10/2016 09:00:00 AM,4,3,1
01/10/2016 10:00:00 AM,12,6,6
01/10/2016 11:00:00 AM,17,9,8
01/10/2016 12:00:00 PM,11,8,3
01/10/2016 01:00:00 PM,11,6,5
01/10/2016 02:00:00 PM,11,5,6
01/10/2016 03:00:00 PM,16,7,9
01/10/2016 04:00:00 PM,12,3,9
01/10/2016 05:00:00 PM,8,3,5
01/10/2016 06:00:00 PM,9,6,3
01/10/2016 07:00:00 PM,6,3,3
01/10/2016 08:00:00 PM,9,2,7
01/10/2016 09:00:00 PM,8,4,4
01/10/2016 10:00:00 PM,5,2,3
01/10/2016 11:00:00 PM,2,1,1
01/11/2016 12:00:00 AM,1,1,0
01/11/2016 01:00:00 AM,3,0,3
01/11/2016 02:00:00 AM,3,2,1
01/11/2016 03:00:00 AM,0,0,0
01/11/2016 04:00:00 AM,1,0,1
01/11/2016 05:00:00 AM,2,0,2
01/11/2016 06:00:00 AM,9,1,8
01/11/2016 07:00:00 AM,15,4,11
01/11/2016 08:00:00 AM,21,10,11
01/11/2016 09:00:00 AM,14,6,8
01/11/2016 10:00:00 AM,8,3,5
01/11/2016 11:00:00 AM,11,4,7
01/11/2016 12:00:00 PM,11,6,5
01/11/2016 01:00:00 PM,14,9,5
01/11/2016 02:00:00 PM,13,6,7
01/11/2016 03:00:00 PM,11,9,2
01/11/2016 04:00:00 PM,25,18,7
01/11/2016 05:00:00 PM,25,15,10
01/11/2016 06:00:00 PM,15,7,8
01/11/2016 07:00:00 PM,13,7,6
01/11/2016 08:00:00 PM,10,4,6
01/11/2016 09:00:00 PM,9,5,4
01/11/2016 10:00:00 PM,2,1,1
01/11/2016 11:00:00 PM,4,4,0
01/12/2016 12:00:00 AM,2,1,1
01/12/2016 01:00:00 AM,1,0,1
01/12/2016 02:00:00 AM,2,0,2
01/12/2016 03:00:00 AM,0,0,0
01/12/2016 04:00:00 AM,1,0,1
01/12/2016 05:00:00 AM,0,0,0
01/12/2016 06:00:00 AM,8,3,5
01/12/2016 07:00:00 AM,27,5,22
01/12/2016 08:00:00 AM,21,3,18
01/12/2016 09:00:00 AM,13,3,10
01/12/2016 10:00:00 AM,9,3,6
01/12/2016 11:00:00 AM,14,4,10
01/12/2016 12:00:00 PM,18,10,8
01/12/2016 01:00:00 PM,8,6,2
01/12/2016 02:00:00 PM,15,8,7
01/12/2016 03:00:00 PM,10,6,4
01/12/2016 04:00:00 PM,17,9,8
01/12/2016 05:00:00 PM,34,25,9
01/12/2016 06:00:00 PM,22,13,9
01/12/2016 07:00:00 PM,9,7,2
01/12/2016 08:00:00 PM,17,10,7
01/12/2016 09:00:00 PM,9,2,7
01/12/2016 10:00:00 PM,3,0,3
01/12/2016 11:00:00 PM,16,11,5
01/13/2016 12:00:00 AM,0,0,0
01/13/2016 01:00:00 AM,0,0,0
01/13/2016 02:00:00 AM,0,0,0
01/13/2016 03:00:00 AM,0,0,0
01/13/2016 04:00:00 AM,1,0,1
01/13/2016 05:00:00 AM,4,1,3
01/13/2016 06:00:00 AM,7,1,6
01/13/2016 07:00:00 AM,14,5,9
01/13/2016 08:00:00 AM,19,6,13
01/13/2016 09:00:00 AM,6,3,3
01/13/2016 10:00:00 AM,9,3,6
01/13/2016 11:00:00 AM,7,4,3
01/13/2016 12:00:00 PM,11,6,5
01/13/2016 01:00:00 PM,7,3,4
01/13/2016 02:00:00 PM,12,5,7
01/13/2016 03:00:00 PM,10,4,6
01/13/2016 04:00:00 PM,15,10,5
01/13/2016 05:00:00 PM,25,15,10
01/13/2016 06:00:00 PM,27,13,14
01/13/2016 07:00:00 PM,15,8,7
01/13/2016 08:00:00 PM,15,8,7
01/13/2016 09:00:00 PM,11,5,6
01/13/2016 10:00:00 PM,3,2,1
01/13/2016 11:00:00 PM,2,2,0
01/14/2016 12:00:00 AM,1,1,0
01/14/2016 01:00:00 AM,1,0,1
01/14/2016 02:00:00 AM,2,1,1
01/14/2016 03:00:00 AM,1,1,0
01/14/2016 04:00:00 AM,1,0,1
01/14/2016 05:00:00 AM,3,0,3
01/14/2016 06:00:00 AM,7,3,4
01/14/2016 07:00:00 AM,21,5,16
01/14/2016 08:00:00 AM,25,9,16
01/14/2016 09:00:00 AM,18,9,9
01/14/2016 10:00:00 AM,11,3,8
01/14/2016 11:00:00 AM,12,5,7
01/14/2016 12:00:00 PM,18,11,7
01/14/2016 01:00:00 PM,8,4,4
01/14/2016 02:00:00 PM,13,9,4
01/14/2016 03:00:00 PM,7,3,4
01/14/2016 04:00:00 PM,20,12,8
01/14/2016 05:00:00 PM,32,18,14
01/14/2016 06:00:00 PM,26,13,13
01/14/2016 07:00:00 PM,16,9,7
01/14/2016 08:00:00 PM,13,5,8
01/14/2016 09:00:00 PM,10,4,6
01/14/2016 10:00:00 PM,11,8,3
01/14/2016 11:00:00 PM,4,3,1
01/15/2016 12:00:00 AM,4,1,3
01/15/2016 01:00:00 AM,2,1,1
01/15/2016 02:00:00 AM,1,0,1
01/15/2016 03:00:00 AM,1,0,1
01/15/2016 04:00:00 AM,2,0,2
01/15/2016 05:00:00 AM,5,0,5
01/15/2016 06:00:00 AM,6,1,5
01/15/2016 07:00:00 AM,22,6,16
01/15/2016 08:00:00 AM,17,5,12
01/15/2016 09:00:00 AM,9,5,4
01/15/2016 10:00:00 AM,8,3,5
01/15/2016 11:00:00 AM,9,5,4
01/15/2016 12:00:00 PM,22,16,6
01/15/2016 01:00:00 PM,13,8,5
01/15/2016 02:00:00 PM,13,7,6
01/15/2016 03:00:00 PM,18,4,14
01/15/2016 04:00:00 PM,22,10,12
01/15/2016 05:00:00 PM,26,18,8
01/15/2016 06:00:00 PM,35,27,8
01/15/2016 07:00:00 PM,19,12,7
01/15/2016 08:00:00 PM,7,5,2
01/15/2016 09:00:00 PM,4,1,3
01/15/2016 10:00:00 PM,8,2,6
01/15/2016 11:00:00 PM,8,6,2
01/16/2016 12:00:00 AM,3,3,0
01/16/2016 01:00:00 AM,2,0,2
01/16/2016 02:00:00 AM,3,1,2
01/16/2016 03:00:00 AM,2,1,1
01/16/2016 04:00:00 AM,0,0,0
01/16/2016 05:00:00 AM,1,0,1
01/16/2016 06:00:00 AM,3,0,3
01/16/2016 07:00:00 AM,3,0,3
01/16/2016 08:00:00 AM,4,3,1
01/16/2016 09:00:00 AM,1,1,0
01/16/2016 10:00:00 AM,1,0,1
01/16/2016 11:00:00 AM,7,4,3
01/16/2016 12:00:00 PM,9,4,5
01/16/2016 01:00:00 PM,7,2,5
01/16/2016 02:00:00 PM,8,3,5
01/16/2016 03:00:00 PM,8,5,3
01/16/2016 04:00:00 PM,4,1,3
01/16/2016 05:00:00 PM,9,3,6
01/16/2016 06:00:00 PM,11,6,5
01/16/2016 07:00:00 PM,8,1,7
01/16/2016 08:00:00 PM,5,2,3
01/16/2016 09:00:00 PM,7,4,3
01/16/2016 10:00:00 PM,9,3,6
01/16/2016 11:00:00 PM,11,10,1
01/17/2016 12:00:00 AM,7,3,4
01/17/2016 01:00:00 AM,0,0,0
01/17/2016 02:00:00 AM,5,3,2
01/17/2016 03:00:00 AM,0,0,0
01/17/2016 04:00:00 AM,3,1,2
01/17/2016 05:00:00 AM,0,0,0
01/17/2016 06:00:00 AM,3,0,3
01/17/2016 07:00:00 AM,4,1,3
01/17/2016 08:00:00 AM,4,3,1
01/17/2016 09:00:00 AM,3,2,1
01/17/2016 10:00:00 AM,3,2,1
01/17/2016 11:00:00 AM,8,3,5
01/17/2016 12:00:00 PM,5,2,3
01/17/2016 01:00:00 PM,4,3,1
01/17/2016 02:00:00 PM,7,2,5
01/17/2016 03:00:00 PM,8,3,5
01/17/2016 04:00:00 PM,8,3,5
01/17/2016 05:00:00 PM,13,9,4
01/17/2016 06:00:00 PM,9,3,6
01/17/2016 07:00:00 PM,6,2,4
01/17/2016 08:00:00 PM,9,6,3
01/17/2016 09:00:00 PM,6,2,4
01/17/2016 10:00:00 PM,3,1,2
01/17/2016 11:00:00 PM,3,2,1
01/18/2016 12:00:00 AM,1,1,0
01/18/2016 01:00:00 AM,0,0,0
01/18/2016 02:00:00 AM,0,0,0
01/18/2016 03:00:00 AM,0,0,0
01/18/2016 04:00:00 AM,0,0,0
01/18/2016 05:00:00 AM,3,0,3
01/18/2016 06:00:00 AM,7,3,4
01/18/2016 07:00:00 AM,5,1,4
01/18/2016 08:00:00 AM,10,4,6
01/18/2016 09:00:00 AM,7,4,3
01/18/2016 10:00:00 AM,5,3,2
01/18/2016 11:00:00 AM,13,10,3
01/18/2016 12:00:00 PM,4,1,3
01/18/2016 01:00:00 PM,13,7,6
01/18/2016 02:00:00 PM,14,11,3
01/18/2016 03:00:00 PM,15,8,7
01/18/2016 04:00:00 PM,13,9,4
01/18/2016 05:00:00 PM,25,12,13
01/18/2016 06:00:00 PM,13,4,9
01/18/2016 07:00:00 PM,9,5,4
01/18/2016 08:00:00 PM,9,5,4
01/18/2016 09:00:00 PM,10,6,4
01/18/2016 10:00:00 PM,6,3,3
01/18/2016 11:00:00 PM,5,3,2
01/19/2016 12:00:00 AM,1,0,1
01/19/2016 01:00:00 AM,0,0,0
01/19/2016 02:00:00 AM,1,0,1
01/19/2016 03:00:00 AM,1,0,1
01/19/2016 04:00:00 AM,2,0,2
01/19/2016 05:00:00 AM,4,1,3
01/19/2016 06:00:00 AM,6,1,5
01/19/2016 07:00:00 AM,24,7,17
01/19/2016 08:00:00 AM,23,8,15
01/19/2016 09:00:00 AM,14,7,7
01/19/2016 10:00:00 AM,10,7,3
01/19/2016 11:00:00 AM,8,4,4
01/19/2016 12:00:00 PM,10,5,5
01/19/2016 01:00:00 PM,8,3,5
01/19/2016 02:00:00 PM,13,8,5
01/19/2016 03:00:00 PM,9,4,5
01/19/2016 04:00:00 PM,18,10,8
01/19/2016 05:00:00 PM,29,23,6
01/19/2016 06:00:00 PM,8,4,4
01/19/2016 07:00:00 PM,10,6,4
01/19/2016 08:00:00 PM,7,4,3
01/19/2016 09:00:00 PM,3,2,1
01/19/2016 10:00:00 PM,8,4,4
01/19/2016 11:00:00 PM,1,1,0
01/20/2016 12:00:00 AM,0,0,0
01/20/2016 01:00:00 AM,0,0,0
01/20/2016 02:00:00 AM,1,1,0
01/20/2016 03:00:00 AM,0,0,0
01/20/2016 04:00:00 AM,1,0,1
01/20/2016 05:00:00 AM,7,1,6
01/20/2016 06:00:00 AM,12,3,9
01/20/2016 07:00:00 AM,19,3,16
01/20/2016 08:00:00 AM,25,7,18
01/20/2016 09:00:00 AM,9,4,5
01/20/2016 10:00:00 AM,8,8,0
01/20/2016 11:00:00 AM,11,5,6
01/20/2016 12:00:00 PM,13,4,9
01/20/2016 01:00:00 PM,11,6,5
01/20/2016 02:00:00 PM,15,7,8
01/20/2016 03:00:00 PM,15,6,9
01/20/2016 04:00:00 PM,17,11,6
01/20/2016 05:00:00 PM,44,28,16
01/20/2016 06:00:00 PM,35,23,12
01/20/2016 07:00:00 PM,19,10,9
01/20/2016 08:00:00 PM,15,6,9
01/20/2016 09:00:00 PM,10,4,6
01/20/2016 10:00:00 PM,3,2,1
01/20/2016 11:00:00 PM,2,2,0
01/21/2016 12:00:00 AM,5,3,2
01/21/2016 01:00:00 AM,3,1,2
01/21/2016 02:00:00 AM,0,0,0
01/21/2016 03:00:00 AM,0,0,0
01/21/2016 04:00:00 AM,1,0,1
01/21/2016 05:00:00 AM,0,0,0
01/21/2016 06:00:00 AM,9,1,8
01/21/2016 07:00:00 AM,19,7,12
01/21/2016 08:00:00 AM,16,4,12
01/21/2016 09:00:00 AM,9,5,4
01/21/2016 10:00:00 AM,8,1,7
01/21/2016 11:00:00 AM,6,1,5
01/21/2016 12:00:00 PM,5,3,2
01/21/2016 01:00:00 PM,9,3,6
01/21/2016 02:00:00 PM,13,4,9
01/21/2016 03:00:00 PM,15,8,7
01/21/2016 04:00:00 PM,10,7,3
01/21/2016 05:00:00 PM,28,17,11
01/21/2016 06:00:00 PM,19,11,8
01/21/2016 07:00:00 PM,17,11,6
01/21/2016 08:00:00 PM,9,3,6
01/21/2016 09:00:00 PM,6,2,4
01/21/2016 10:00:00 PM,1,1,0
01/21/2016 11:00:00 PM,4,2,2
01/22/2016 12:00:00 AM,2,2,0
01/22/2016 01:00:00 AM,3,2,1
01/22/2016 02:00:00 AM,0,0,0
01/22/2016 03:00:00 AM,1,0,1
01/22/2016 04:00:00 AM,2,0,2
01/22/2016 05:00:00 AM,1,1,0
01/22/2016 06:00:00 AM,8,2,6
01/22/2016 07:00:00 AM,14,3,11
01/22/2016 08:00:00 AM,12,6,6
01/22/2016 09:00:00 AM,14,6,8
01/22/2016 10:00:00 AM,10,0,10
01/22/2016 11:00:00 AM,3,1,2
01/22/2016 12:00:00 PM,10,5,5
01/22/2016 01:00:00 PM,11,6,5
01/22/2016 02:00:00 PM,13,8,5
01/22/2016 03:00:00 PM,12,6,6
01/22/2016 04:00:00 PM,20,10,10
01/22/2016 05:00:00 PM,32,17,15
01/22/2016 06:00:00 PM,34,19,15
01/22/2016 07:00:00 PM,15,9,6
01/22/2016 08:00:00 PM,8,1,7
01/22/2016 09:00:00 PM,9,3,6
01/22/2016 10:00:00 PM,4,3,1
01/22/2016 11:00:00 PM,14,4,10
01/23/2016 12:00:00 AM,6,3,3
01/23/2016 01:00:00 AM,2,2,0
01/23/2016 02:00:00 AM,0,0,0
01/23/2016 03:00:00 AM,0,0,0
01/23/2016 04:00:00 AM,1,0,1
01/23/2016 05:00:00 AM,3,1,2
01/23/2016 06:00:00 AM,4,1,3
01/23/2016 07:00:00 AM,2,1,1
01/23/2016 08:00:00 AM,4,4,0
01/23/2016 09:00:00 AM,1,1,0
01/23/2016 10:00:00 AM,3,1,2
01/23/2016 11:00:00 AM,6,4,2
01/23/2016 12:00:00 PM,12,7,5
01/23/2016 01:00:00 PM,5,0,5
01/23/2016 02:00:00 PM,6,3,3
01/23/2016 03:00:00 PM,6,3,3
01/23/2016 04:00:00 PM,5,4,1
01/23/2016 05:00:00 PM,6,3,3
01/23/2016 06:00:00 PM,8,4,4
01/23/2016 07:00:00 PM,15,9,6
01/23/2016 08:00:00 PM,11,5,6
01/23/2016 09:00:00 PM,7,1,6
01/23/2016 10:00:00 PM,4,1,3
01/23/2016 11:00:00 PM,4,3,1
01/24/2016 12:00:00 AM,6,3,3
01/24/2016 01:00:00 AM,3,2,1
01/24/2016 02:00:00 AM,3,1,2
01/24/2016 03:00:00 AM,0,0,0
01/24/2016 04:00:00 AM,0,0,0
01/24/2016 05:00:00 AM,4,1,3
01/24/2016 06:00:00 AM,5,1,4
01/24/2016 07:00:00 AM,4,3,1
01/24/2016 08:00:00 AM,4,1,3
01/24/2016 09:00:00 AM,5,2,3
01/24/2016 10:00:00 AM,7,6,1
01/24/2016 11:00:00 AM,13,7,6
01/24/2016 12:00:00 PM,14,5,9
01/24/2016 01:00:00 PM,14,7,7
01/24/2016 02:00:00 PM,17,12,5
01/24/2016 03:00:00 PM,25,13,12
01/24/2016 04:00:00 PM,18,8,10
01/24/2016 05:00:00 PM,15,8,7
01/24/2016 06:00:00 PM,12,4,8
01/24/2016 07:00:00 PM,8,4,4
01/24/2016 08:00:00 PM,12,5,7
01/24/2016 09:00:00 PM,6,2,4
01/24/2016 10:00:00 PM,2,1,1
01/24/2016 11:00:00 PM,5,3,2
01/25/2016 12:00:00 AM,0,0,0
01/25/2016 01:00:00 AM,0,0,0
01/25/2016 02:00:00 AM,0,0,0
01/25/2016 03:00:00 AM,0,0,0
01/25/2016 04:00:00 AM,0,0,0
01/25/2016 05:00:00 AM,3,0,3
01/25/2016 06:00:00 AM,8,1,7
01/25/2016 07:00:00 AM,23,5,18
01/25/2016 08:00:00 AM,23,7,16
01/25/2016 09:00:00 AM,15,5,10
01/25/2016 10:00:00 AM,6,3,3
01/25/2016 11:00:00 AM,7,3,4
01/25/2016 12:00:00 PM,14,4,10
01/25/2016 01:00:00 PM,9,4,5
01/25/2016 02:00:00 PM,10,5,5
01/25/2016 03:00:00 PM,4,4,0
01/25/2016 04:00:00 PM,20,13,7
01/25/2016 05:00:00 PM,52,31,21
01/25/2016 06:00:00 PM,37,19,18
01/25/2016 07:00:00 PM,31,21,10
01/25/2016 08:00:00 PM,27,11,16
01/25/2016 09:00:00 PM,14,8,6
01/25/2016 10:00:00 PM,9,4,5
01/25/2016 11:00:00 PM,4,4,0
01/26/2016 12:00:00 AM,2,0,2
01/26/2016 01:00:00 AM,2,1,1
01/26/2016 02:00:00 AM,0,0,0
01/26/2016 03:00:00 AM,0,0,0
01/26/2016 04:00:00 AM,4,2,2
01/26/2016 05:00:00 AM,3,2,1
01/26/2016 06:00:00 AM,2,1,1
01/26/2016 07:00:00 AM,22,6,16
01/26/2016 08:00:00 AM,19,5,14
01/26/2016 09:00:00 AM,12,3,9
01/26/2016 10:00:00 AM,12,5,7
01/26/2016 11:00:00 AM,6,5,1
01/26/2016 12:00:00 PM,9,3,6
01/26/2016 01:00:00 PM,11,5,6
01/26/2016 02:00:00 PM,14,4,10
01/26/2016 03:00:00 PM,11,4,7
01/26/2016 04:00:00 PM,22,13,9
01/26/2016 05:00:00 PM,44,28,16
01/26/2016 06:00:00 PM,25,12,13
01/26/2016 07:00:00 PM,23,17,6
01/26/2016 08:00:00 PM,20,11,9
01/26/2016 09:00:00 PM,8,4,4
01/26/2016 10:00:00 PM,8,3,5
01/26/2016 11:00:00 PM,3,3,0
01/27/2016 12:00:00 AM,3,3,0
01/27/2016 01:00:00 AM,1,0,1
01/27/2016 02:00:00 AM,0,0,0
01/27/2016 03:00:00 AM,2,1,1
01/27/2016 04:00:00 AM,4,3,1
01/27/2016 05:00:00 AM,2,2,0
01/27/2016 06:00:00 AM,11,2,9
01/27/2016 07:00:00 AM,17,1,16
01/27/2016 08:00:00 AM,17,5,12
01/27/2016 09:00:00 AM,18,5,13
01/27/2016 10:00:00 AM,10,6,4
01/27/2016 11:00:00 AM,17,10,7
01/27/2016 12:00:00 PM,17,10,7
01/27/2016 01:00:00 PM,8,4,4
01/27/2016 02:00:00 PM,11,4,7
01/27/2016 03:00:00 PM,13,9,4
01/27/2016 04:00:00 PM,16,10,6
01/27/2016 05:00:00 PM,26,21,5
01/27/2016 06:00:00 PM,22,12,10
01/27/2016 07:00:00 PM,10,6,4
01/27/2016 08:00:00 PM,7,5,2
01/27/2016 09:00:00 PM,11,6,5
01/27/2016 10:00:00 PM,3,1,2
01/27/2016 11:00:00 PM,5,2,3
01/28/2016 12:00:00 AM,3,2,1
01/28/2016 01:00:00 AM,0,0,0
01/28/2016 02:00:00 AM,0,0,0
01/28/2016 03:00:00 AM,0,0,0
01/28/2016 04:00:00 AM,1,0,1
01/28/2016 05:00:00 AM,1,0,1
01/28/2016 06:00:00 AM,2,0,2
01/28/2016 07:00:00 AM,24,6,18
01/28/2016 08:00:00 AM,18,7,11
01/28/2016 09:00:00 AM,9,4,5
01/28/2016 10:00:00 AM,4,1,3
01/28/2016 11:00:00 AM,5,3,2
01/28/2016 12:00:00 PM,11,1,10
01/28/2016 01:00:00 PM,12,7,5
01/28/2016 02:00:00 PM,9,4,5
01/28/2016 03:00:00 PM,12,7,5
01/28/2016 04:00:00 PM,14,8,6
01/28/2016 05:00:00 PM,20,13,7
01/28/2016 06:00:00 PM,31,16,15
01/28/2016 07:00:00 PM,21,11,10
01/28/2016 08:00:00 PM,16,9,7
01/28/2016 09:00:00 PM,10,3,7
01/28/2016 10:00:00 PM,4,3,1
01/28/2016 11:00:00 PM,9,3,6
01/29/2016 12:00:00 AM,5,4,1
01/29/2016 01:00:00 AM,0,0,0
01/29/2016 02:00:00 AM,0,0,0
01/29/2016 03:00:00 AM,0,0,0
01/29/2016 04:00:00 AM,1,0,1
01/29/2016 05:00:00 AM,1,1,0
01/29/2016 06:00:00 AM,8,2,6
01/29/2016 07:00:00 AM,23,9,14
01/29/2016 08:00:00 AM,15,5,10
01/29/2016 09:00:00 AM,11,6,5
01/29/2016 10:00:00 AM,4,1,3
01/29/2016 11:00:00 AM,8,7,1
01/29/2016 12:00:00 PM,8,3,5
01/29/2016 01:00:00 PM,15,6,9
01/29/2016 02:00:00 PM,16,6,10
01/29/2016 03:00:00 PM,14,6,8
01/29/2016 04:00:00 PM,19,12,7
01/29/2016 05:00:00 PM,33,21,12
01/29/2016 06:00:00 PM,17,10,7
01/29/2016 07:00:00 PM,12,7,5
01/29/2016 08:00:00 PM,16,8,8
01/29/2016 09:00:00 PM,10,3,7
01/29/2016 10:00:00 PM,6,3,3
01/29/2016 11:00:00 PM,7,4,3
01/30/2016 12:00:00 AM,4,3,1
01/30/2016 01:00:00 AM,3,2,1
01/30/2016 02:00:00 AM,3,2,1
01/30/2016 03:00:00 AM,1,0,1
01/30/2016 04:00:00 AM,2,1,1
01/30/2016 05:00:00 AM,3,0,3
01/30/2016 06:00:00 AM,6,0,6
01/30/2016 07:00:00 AM,3,0,3
01/30/2016 08:00:00 AM,4,4,0
01/30/2016 09:00:00 AM,9,5,4
01/30/2016 10:00:00 AM,2,2,0
01/30/2016 11:00:00 AM,8,3,5
01/30/2016 12:00:00 PM,11,3,8
01/30/2016 01:00:00 PM,13,4,9
01/30/2016 02:00:00 PM,9,5,4
01/30/2016 03:00:00 PM,17,8,9
01/30/2016 04:00:00 PM,8,6,2
01/30/2016 05:00:00 PM,17,5,12
01/30/2016 06:00:00 PM,13,7,6
01/30/2016 07:00:00 PM,16,9,7
01/30/2016 08:00:00 PM,21,8,13
01/30/2016 09:00:00 PM,6,3,3
01/30/2016 10:00:00 PM,5,2,3
01/30/2016 11:00:00 PM,10,8,2
01/31/2016 12:00:00 AM,4,1,3
01/31/2016 01:00:00 AM,0,0,0
01/31/2016 02:00:00 AM,2,1,1
01/31/2016 03:00:00 AM,0,0,0
01/31/2016 04:00:00 AM,1,0,1
01/31/2016 05:00:00 AM,1,0,1
01/31/2016 06:00:00 AM,5,0,5
01/31/2016 07:00:00 AM,2,0,2
01/31/2016 08:00:00 AM,4,2,2
01/31/2016 09:00:00 AM,6,5,1
01/31/2016 10:00:00 AM,9,6,3
01/31/2016 11:00:00 AM,16,9,7
01/31/2016 12:00:00 PM,13,1,12
01/31/2016 01:00:00 PM,13,7,6
01/31/2016 02:00:00 PM,6,4,2
01/31/2016 03:00:00 PM,16,5,11
01/31/2016 04:00:00 PM,12,5,7
01/31/2016 05:00:00 PM,11,5,6
01/31/2016 06:00:00 PM,10,5,5
01/31/2016 07:00:00 PM,6,3,3
01/31/2016 08:00:00 PM,10,7,3
01/31/2016 09:00:00 PM,7,3,4
01/31/2016 10:00:00 PM,6,2,4
01/31/2016 11:00:00 PM,1,1,0
02/01/2016 12:00:00 AM,5,2,3
02/01/2016 01:00:00 AM,0,0,0
02/01/2016 02:00:00 AM,0,0,0
02/01/2016 03:00:00 AM,0,0,0
02/01/2016 04:00:00 AM,1,0,1
02/01/2016 05:00:00 AM,2,1,1
02/01/2016 06:00:00 AM,12,3,9
02/01/2016 07:00:00 AM,28,8,20
02/01/2016 08:00:00 AM,24,6,18
02/01/2016 09:00:00 AM,20,8,12
02/01/2016 10:00:00 AM,15,6,9
02/01/2016 11:00:00 AM,10,5,5
02/01/2016 12:00:00 PM,7,4,3
02/01/2016 01:00:00 PM,9,4,5
02/01/2016 02:00:00 PM,14,10,4
02/01/2016 03:00:00 PM,16,14,2
02/01/2016 04:00:00 PM,14,10,4
02/01/2016 05:00:00 PM,45,25,20
02/01/2016 06:00:00 PM,22,12,10
02/01/2016 07:00:00 PM,17,8,9
02/01/2016 08:00:00 PM,19,8,11
02/01/2016 09:00:00 PM,8,5,3
02/01/2016 10:00:00 PM,2,1,1
02/01/2016 11:00:00 PM,3,3,0
02/02/2016 12:00:00 AM,1,0,1
02/02/2016 01:00:00 AM,1,0,1
02/02/2016 02:00:00 AM,1,0,1
02/02/2016 03:00:00 AM,1,0,1
02/02/2016 04:00:00 AM,1,0,1
02/02/2016 05:00:00 AM,4,1,3
02/02/2016 06:00:00 AM,11,2,9
02/02/2016 07:00:00 AM,26,6,20
02/02/2016 08:00:00 AM,32,13,19
02/02/2016 09:00:00 AM,18,8,10
02/02/2016 10:00:00 AM,5,2,3
02/02/2016 11:00:00 AM,15,7,8
02/02/2016 12:00:00 PM,16,8,8
02/02/2016 01:00:00 PM,10,3,7
02/02/2016 02:00:00 PM,13,8,5
02/02/2016 03:00:00 PM,24,18,6
02/02/2016 04:00:00 PM,20,10,10
02/02/2016 05:00:00 PM,35,23,12
02/02/2016 06:00:00 PM,44,22,22
02/02/2016 07:00:00 PM,16,7,9
02/02/2016 08:00:00 PM,21,11,10
02/02/2016 09:00:00 PM,14,7,7
02/02/2016 10:00:00 PM,5,1,4
02/02/2016 11:00:00 PM,6,5,1
02/03/2016 12:00:00 AM,1,0,1
02/03/2016 01:00:00 AM,0,0,0
02/03/2016 02:00:00 AM,1,1,0
02/03/2016 03:00:00 AM,0,0,0
02/03/2016 04:00:00 AM,2,1,1
02/03/2016 05:00:00 AM,3,1,2
02/03/2016 06:00:00 AM,19,3,16
02/03/2016 07:00:00 AM,17,2,15
02/03/2016 08:00:00 AM,28,11,17
02/03/2016 09:00:00 AM,16,4,12
02/03/2016 10:00:00 AM,8,1,7
02/03/2016 11:00:00 AM,13,9,4
02/03/2016 12:00:00 PM,12,5,7
02/03/2016 01:00:00 PM,10,5,5
02/03/2016 02:00:00 PM,8,1,7
02/03/2016 03:00:00 PM,12,8,4
02/03/2016 04:00:00 PM,15,7,8
02/03/2016 05:00:00 PM,30,17,13
02/03/2016 06:00:00 PM,22,8,14
02/03/2016 07:00:00 PM,14,7,7
02/03/2016 08:00:00 PM,15,5,10
02/03/2016 09:00:00 PM,10,5,5
02/03/2016 10:00:00 PM,7,5,2
02/03/2016 11:00:00 PM,3,2,1
02/04/2016 12:00:00 AM,1,0,1
02/04/2016 01:00:00 AM,0,0,0
02/04/2016 02:00:00 AM,0,0,0
02/04/2016 03:00:00 AM,0,0,0
02/04/2016 04:00:00 AM,1,1,0
02/04/2016 05:00:00 AM,2,1,1
02/04/2016 06:00:00 AM,11,0,11
02/04/2016 07:00:00 AM,19,5,14
02/04/2016 08:00:00 AM,22,7,15
02/04/2016 09:00:00 AM,16,5,11
02/04/2016 10:00:00 AM,9,6,3
02/04/2016 11:00:00 AM,13,8,5
02/04/2016 12:00:00 PM,10,5,5
02/04/2016 01:00:00 PM,11,4,7
02/04/2016 02:00:00 PM,9,6,3
02/04/2016 03:00:00 PM,21,10,11
02/04/2016 04:00:00 PM,19,11,8
02/04/2016 05:00:00 PM,37,20,17
02/04/2016 06:00:00 PM,32,18,14
02/04/2016 07:00:00 PM,26,13,13
02/04/2016 08:00:00 PM,15,5,10
02/04/2016 09:00:00 PM,8,4,4
02/04/2016 10:00:00 PM,6,4,2
02/04/2016 11:00:00 PM,5,2,3
02/05/2016 12:00:00 AM,0,0,0
02/05/2016 01:00:00 AM,2,1,1
02/05/2016 02:00:00 AM,2,1,1
02/05/2016 03:00:00 AM,4,0,4
02/05/2016 04:00:00 AM,2,0,2
02/05/2016 05:00:00 AM,2,1,1
02/05/2016 06:00:00 AM,4,1,3
02/05/2016 07:00:00 AM,25,5,20
02/05/2016 08:00:00 AM,23,9,14
02/05/2016 09:00:00 AM,11,2,9
02/05/2016 10:00:00 AM,14,10,4
02/05/2016 11:00:00 AM,11,5,6
02/05/2016 12:00:00 PM,15,7,8
02/05/2016 01:00:00 PM,19,10,9
02/05/2016 02:00:00 PM,16,4,12
02/05/2016 03:00:00 PM,11,8,3
02/05/2016 04:00:00 PM,23,14,9
02/05/2016 05:00:00 PM,29,15,14
02/05/2016 06:00:00 PM,17,9,8
02/05/2016 07:00:00 PM,7,2,5
02/05/2016 08:00:00 PM,5,2,3
02/05/2016 09:00:00 PM,9,3,6
02/05/2016 10:00:00 PM,6,4,2
02/05/2016 11:00:00 PM,2,0,2
02/06/2016 12:00:00 AM,6,3,3
02/06/2016 01:00:00 AM,4,0,4
02/06/2016 02:00:00 AM,3,1,2
02/06/2016 03:00:00 AM,0,0,0
02/06/2016 04:00:00 AM,0,0,0
02/06/2016 05:00:00 AM,2,1,1
02/06/2016 06:00:00 AM,6,2,4
02/06/2016 07:00:00 AM,6,2,4
02/06/2016 08:00:00 AM,4,2,2
02/06/2016 09:00:00 AM,6,4,2
02/06/2016 10:00:00 AM,6,3,3
02/06/2016 11:00:00 AM,10,1,9
02/06/2016 12:00:00 PM,6,4,2
02/06/2016 01:00:00 PM,12,5,7
02/06/2016 02:00:00 PM,23,19,4
02/06/2016 03:00:00 PM,14,5,9
02/06/2016 04:00:00 PM,21,13,8
02/06/2016 05:00:00 PM,18,8,10
02/06/2016 06:00:00 PM,11,6,5
02/06/2016 07:00:00 PM,11,6,5
02/06/2016 08:00:00 PM,9,5,4
02/06/2016 09:00:00 PM,2,0,2
02/06/2016 10:00:00 PM,4,1,3
02/06/2016 11:00:00 PM,7,4,3
02/07/2016 12:00:00 AM,4,3,1
02/07/2016 01:00:00 AM,2,0,2
02/07/2016 02:00:00 AM,2,0,2
02/07/2016 03:00:00 AM,1,1,0
02/07/2016 04:00:00 AM,0,0,0
02/07/2016 05:00:00 AM,0,0,0
02/07/2016 06:00:00 AM,5,1,4
02/07/2016 07:00:00 AM,2,1,1
02/07/2016 08:00:00 AM,7,3,4
02/07/2016 09:00:00 AM,1,1,0
02/07/2016 10:00:00 AM,10,7,3
02/07/2016 11:00:00 AM,17,7,10
02/07/2016 12:00:00 PM,24,11,13
02/07/2016 01:00:00 PM,18,12,6
02/07/2016 02:00:00 PM,17,8,9
02/07/2016 03:00:00 PM,20,7,13
02/07/2016 04:00:00 PM,9,5,4
02/07/2016 05:00:00 PM,13,8,5
02/07/2016 06:00:00 PM,13,6,7
02/07/2016 07:00:00 PM,6,1,5
02/07/2016 08:00:00 PM,9,6,3
02/07/2016 09:00:00 PM,4,2,2
02/07/2016 10:00:00 PM,7,2,5
02/07/2016 11:00:00 PM,3,2,1
02/08/2016 12:00:00 AM,0,0,0
02/08/2016 01:00:00 AM,1,0,1
02/08/2016 02:00:00 AM,1,1,0
02/08/2016 03:00:00 AM,0,0,0
02/08/2016 04:00:00 AM,0,0,0
02/08/2016 05:00:00 AM,1,1,0
02/08/2016 06:00:00 AM,12,2,10
02/08/2016 07:00:00 AM,37,6,31
02/08/2016 08:00:00 AM,26,8,18
02/08/2016 09:00:00 AM,9,5,4
02/08/2016 10:00:00 AM,9,4,5
02/08/2016 11:00:00 AM,16,12,4
02/08/2016 12:00:00 PM,18,13,5
02/08/2016 01:00:00 PM,14,5,9
02/08/2016 02:00:00 PM,13,4,9
02/08/2016 03:00:00 PM,16,9,7
02/08/2016 04:00:00 PM,21,12,9
02/08/2016 05:00:00 PM,45,25,20
02/08/2016 06:00:00 PM,30,15,15
02/08/2016 07:00:00 PM,17,8,9
02/08/2016 08:00:00 PM,14,3,11
02/08/2016 09:00:00 PM,13,5,8
02/08/2016 10:00:00 PM,7,4,3
02/08/2016 11:00:00 PM,4,2,2
02/09/2016 12:00:00 AM,0,0,0
02/09/2016 01:00:00 AM,1,0,1
02/09/2016 02:00:00 AM,0,0,0
02/09/2016 03:00:00 AM,0,0,0
02/09/2016 04:00:00 AM,1,0,1
02/09/2016 05:00:00 AM,4,1,3
02/09/2016 06:00:00 AM,12,2,10
02/09/2016 07:00:00 AM,34,8,26
02/09/2016 08:00:00 AM,24,7,17
02/09/2016 09:00:00 AM,14,4,10
02/09/2016 10:00:00 AM,14,7,7
02/09/2016 11:00:00 AM,18,6,12
02/09/2016 12:00:00 PM,15,7,8
02/09/2016 01:00:00 PM,12,5,7
02/09/2016 02:00:00 PM,21,11,10
02/09/2016 03:00:00 PM,14,7,7
02/09/2016 04:00:00 PM,28,18,10
02/09/2016 05:00:00 PM,47,30,17
02/09/2016 06:00:00 PM,30,16,14
02/09/2016 07:00:00 PM,26,16,10
02/09/2016 08:00:00 PM,16,7,9
02/09/2016 09:00:00 PM,22,9,13
02/09/2016 10:00:00 PM,8,3,5
02/09/2016 11:00:00 PM,5,5,0
02/10/2016 12:00:00 AM,1,0,1
02/10/2016 01:00:00 AM,4,1,3
02/10/2016 02:00:00 AM,4,0,4
02/10/2016 03:00:00 AM,1,1,0
02/10/2016 04:00:00 AM,1,0,1
02/10/2016 05:00:00 AM,2,0,2
02/10/2016 06:00:00 AM,15,3,12
02/10/2016 07:00:00 AM,18,3,15
02/10/2016 08:00:00 AM,26,4,22
02/10/2016 09:00:00 AM,17,7,10
02/10/2016 10:00:00 AM,7,4,3
02/10/2016 11:00:00 AM,17,7,10
02/10/2016 12:00:00 PM,9,5,4
02/10/2016 01:00:00 PM,19,7,12
02/10/2016 02:00:00 PM,12,6,6
02/10/2016 03:00:00 PM,14,8,6
02/10/2016 04:00:00 PM,29,15,14
02/10/2016 05:00:00 PM,35,22,13
02/10/2016 06:00:00 PM,40,24,16
02/10/2016 07:00:00 PM,18,7,11
02/10/2016 08:00:00 PM,11,4,7
02/10/2016 09:00:00 PM,12,7,5
02/10/2016 10:00:00 PM,8,5,3
02/10/2016 11:00:00 PM,4,2,2
02/11/2016 12:00:00 AM,5,4,1
02/11/2016 01:00:00 AM,0,0,0
02/11/2016 02:00:00 AM,1,0,1
02/11/2016 03:00:00 AM,0,0,0
02/11/2016 04:00:00 AM,3,0,3
02/11/2016 05:00:00 AM,4,2,2
02/11/2016 06:00:00 AM,11,3,8
02/11/2016 07:00:00 AM,24,7,17
02/11/2016 08:00:00 AM,18,4,14
02/11/2016 09:00:00 AM,11,5,6
02/11/2016 10:00:00 AM,18,8,10
02/11/2016 11:00:00 AM,7,3,4
02/11/2016 12:00:00 PM,12,6,6
02/11/2016 01:00:00 PM,10,4,6
02/11/2016 02:00:00 PM,12,4,8
02/11/2016 03:00:00 PM,9,6,3
02/11/2016 04:00:00 PM,14,8,6
02/11/2016 05:00:00 PM,42,27,15
02/11/2016 06:00:00 PM,25,14,11
02/11/2016 07:00:00 PM,12,9,3
02/11/2016 08:00:00 PM,7,6,1
02/11/2016 09:00:00 PM,12,7,5
02/11/2016 10:00:00 PM,2,2,0
02/11/2016 11:00:00 PM,6,5,1
02/12/2016 12:00:00 AM,0,0,0
02/12/2016 01:00:00 AM,4,2,2
02/12/2016 02:00:00 AM,5,4,1
02/12/2016 03:00:00 AM,0,0,0
02/12/2016 04:00:00 AM,1,0,1
02/12/2016 05:00:00 AM,2,1,1
02/12/2016 06:00:00 AM,5,0,5
02/12/2016 07:00:00 AM,17,4,13
02/12/2016 08:00:00 AM,19,8,11
02/12/2016 09:00:00 AM,10,5,5
02/12/2016 10:00:00 AM,5,3,2
02/12/2016 11:00:00 AM,14,7,7
02/12/2016 12:00:00 PM,9,7,2
02/12/2016 01:00:00 PM,13,7,6
02/12/2016 02:00:00 PM,15,5,10
02/12/2016 03:00:00 PM,13,5,8
02/12/2016 04:00:00 PM,18,10,8
02/12/2016 05:00:00 PM,20,12,8
02/12/2016 06:00:00 PM,21,12,9
02/12/2016 07:00:00 PM,16,11,5
02/12/2016 08:00:00 PM,9,3,6
02/12/2016 09:00:00 PM,11,5,6
02/12/2016 10:00:00 PM,7,4,3
02/12/2016 11:00:00 PM,8,4,4
02/13/2016 12:00:00 AM,2,1,1
02/13/2016 01:00:00 AM,4,2,2
02/13/2016 02:00:00 AM,2,1,1
02/13/2016 03:00:00 AM,0,0,0
02/13/2016 04:00:00 AM,0,0,0
02/13/2016 05:00:00 AM,2,1,1
02/13/2016 06:00:00 AM,3,0,3
02/13/2016 07:00:00 AM,10,3,7
02/13/2016 08:00:00 AM,4,1,3
02/13/2016 09:00:00 AM,8,3,5
02/13/2016 10:00:00 AM,7,4,3
02/13/2016 11:00:00 AM,12,10,2
02/13/2016 12:00:00 PM,11,5,6
02/13/2016 01:00:00 PM,11,6,5
02/13/2016 02:00:00 PM,10,6,4
02/13/2016 03:00:00 PM,13,8,5
02/13/2016 04:00:00 PM,9,4,5
02/13/2016 05:00:00 PM,4,2,2
02/13/2016 06:00:00 PM,10,4,6
02/13/2016 07:00:00 PM,13,8,5
02/13/2016 08:00:00 PM,3,3,0
02/13/2016 09:00:00 PM,11,4,7
02/13/2016 10:00:00 PM,3,0,3
02/13/2016 11:00:00 PM,1,1,0
02/14/2016 12:00:00 AM,4,1,3
02/14/2016 01:00:00 AM,4,3,1
02/14/2016 02:00:00 AM,0,0,0
02/14/2016 03:00:00 AM,0,0,0
02/14/2016 04:00:00 AM,0,0,0
02/14/2016 05:00:00 AM,0,0,0
02/14/2016 06:00:00 AM,4,0,4
02/14/2016 07:00:00 AM,2,0,2
02/14/2016 08:00:00 AM,2,1,1
02/14/2016 09:00:00 AM,5,3,2
02/14/2016 10:00:00 AM,8,3,5
02/14/2016 11:00:00 AM,9,6,3
02/14/2016 12:00:00 PM,12,6,6
02/14/2016 01:00:00 PM,8,5,3
02/14/2016 02:00:00 PM,9,7,2
02/14/2016 03:00:00 PM,12,6,6
02/14/2016 04:00:00 PM,12,10,2
02/14/2016 05:00:00 PM,8,5,3
02/14/2016 06:00:00 PM,4,2,2
02/14/2016 07:00:00 PM,4,1,3
02/14/2016 08:00:00 PM,3,3,0
02/14/2016 09:00:00 PM,3,2,1
02/14/2016 10:00:00 PM,0,0,0
02/14/2016 11:00:00 PM,2,2,0
02/15/2016 12:00:00 AM,1,0,1
02/15/2016 01:00:00 AM,0,0,0
02/15/2016 02:00:00 AM,2,1,1
02/15/2016 03:00:00 AM,1,1,0
02/15/2016 04:00:00 AM,0,0,0
02/15/2016 05:00:00 AM,0,0,0
02/15/2016 06:00:00 AM,2,0,2
02/15/2016 07:00:00 AM,8,3,5
02/15/2016 08:00:00 AM,6,3,3
02/15/2016 09:00:00 AM,5,2,3
02/15/2016 10:00:00 AM,11,5,6
02/15/2016 11:00:00 AM,4,4,0
02/15/2016 12:00:00 PM,10,8,2
02/15/2016 01:00:00 PM,9,3,6
02/15/2016 02:00:00 PM,6,4,2
02/15/2016 03:00:00 PM,9,4,5
02/15/2016 04:00:00 PM,13,10,3
02/15/2016 05:00:00 PM,18,9,9
02/15/2016 06:00:00 PM,17,10,7
02/15/2016 07:00:00 PM,17,8,9
02/15/2016 08:00:00 PM,2,1,1
02/15/2016 09:00:00 PM,6,4,2
02/15/2016 10:00:00 PM,3,3,0
02/15/2016 11:00:00 PM,3,1,2
02/16/2016 12:00:00 AM,2,0,2
02/16/2016 01:00:00 AM,0,0,0
02/16/2016 02:00:00 AM,0,0,0
02/16/2016 03:00:00 AM,1,0,1
02/16/2016 04:00:00 AM,1,0,1
02/16/2016 05:00:00 AM,0,0,0
02/16/2016 06:00:00 AM,6,1,5
02/16/2016 07:00:00 AM,27,6,21
02/16/2016 08:00:00 AM,18,4,14
02/16/2016 09:00:00 AM,18,8,10
02/16/2016 10:00:00 AM,13,5,8
02/16/2016 11:00:00 AM,12,5,7
02/16/2016 12:00:00 PM,17,7,10
02/16/2016 01:00:00 PM,19,9,10
02/16/2016 02:00:00 PM,14,7,7
02/16/2016 03:00:00 PM,11,9,2
02/16/2016 04:00:00 PM,21,9,12
02/16/2016 05:00:00 PM,41,30,11
02/16/2016 06:00:00 PM,21,12,9
02/16/2016 07:00:00 PM,22,10,12
02/16/2016 08:00:00 PM,11,4,7
02/16/2016 09:00:00 PM,10,5,5
02/16/2016 10:00:00 PM,6,0,6
02/16/2016 11:00:00 PM,5,5,0
02/17/2016 12:00:00 AM,1,0,1
02/17/2016 01:00:00 AM,1,0,1
02/17/2016 02:00:00 AM,0,0,0
02/17/2016 03:00:00 AM,1,1,0
02/17/2016 04:00:00 AM,1,0,1
02/17/2016 05:00:00 AM,2,0,2
02/17/2016 06:00:00 AM,13,1,12
02/17/2016 07:00:00 AM,28,8,20
02/17/2016 08:00:00 AM,14,5,9
02/17/2016 09:00:00 AM,20,7,13
02/17/2016 10:00:00 AM,12,7,5
02/17/2016 11:00:00 AM,17,12,5
02/17/2016 12:00:00 PM,8,6,2
02/17/2016 01:00:00 PM,15,7,8
02/17/2016 02:00:00 PM,13,7,6
02/17/2016 03:00:00 PM,17,12,5
02/17/2016 04:00:00 PM,29,15,14
02/17/2016 05:00:00 PM,29,21,8
02/17/2016 06:00:00 PM,37,18,19
02/17/2016 07:00:00 PM,15,8,7
02/17/2016 08:00:00 PM,8,5,3
02/17/2016 09:00:00 PM,8,4,4
02/17/2016 10:00:00 PM,3,1,2
02/17/2016 11:00:00 PM,3,2,1
02/18/2016 12:00:00 AM,6,3,3
02/18/2016 01:00:00 AM,3,1,2
02/18/2016 02:00:00 AM,3,2,1
02/18/2016 03:00:00 AM,0,0,0
02/18/2016 04:00:00 AM,1,0,1
02/18/2016 05:00:00 AM,4,0,4
02/18/2016 06:00:00 AM,9,2,7
02/18/2016 07:00:00 AM,25,2,23
02/18/2016 08:00:00 AM,21,9,12
02/18/2016 09:00:00 AM,8,5,3
02/18/2016 10:00:00 AM,14,10,4
02/18/2016 11:00:00 AM,7,5,2
02/18/2016 12:00:00 PM,8,5,3
02/18/2016 01:00:00 PM,14,7,7
02/18/2016 02:00:00 PM,10,6,4
02/18/2016 03:00:00 PM,19,10,9
02/18/2016 04:00:00 PM,21,11,10
02/18/2016 05:00:00 PM,30,16,14
02/18/2016 06:00:00 PM,22,15,7
02/18/2016 07:00:00 PM,15,12,3
02/18/2016 08:00:00 PM,14,9,5
02/18/2016 09:00:00 PM,5,2,3
02/18/2016 10:00:00 PM,3,1,2
02/18/2016 11:00:00 PM,5,3,2
02/19/2016 12:00:00 AM,2,0,2
02/19/2016 01:00:00 AM,0,0,0
02/19/2016 02:00:00 AM,2,0,2
02/19/2016 03:00:00 AM,0,0,0
02/19/2016 04:00:00 AM,2,0,2
02/19/2016 05:00:00 AM,1,0,1
02/19/2016 06:00:00 AM,6,1,5
02/19/2016 07:00:00 AM,17,3,14
02/19/2016 08:00:00 AM,18,8,10
02/19/2016 09:00:00 AM,8,5,3
02/19/2016 10:00:00 AM,9,7,2
02/19/2016 11:00:00 AM,9,3,6
02/19/2016 12:00:00 PM,10,5,5
02/19/2016 01:00:00 PM,5,2,3
02/19/2016 02:00:00 PM,9,3,6
02/19/2016 03:00:00 PM,12,7,5
02/19/2016 04:00:00 PM,19,9,10
02/19/2016 05:00:00 PM,23,14,9
02/19/2016 06:00:00 PM,15,8,7
02/19/2016 07:00:00 PM,15,10,5
02/19/2016 08:00:00 PM,5,3,2
02/19/2016 09:00:00 PM,16,10,6
02/19/2016 10:00:00 PM,6,0,6
02/19/2016 11:00:00 PM,6,2,4
02/20/2016 12:00:00 AM,5,5,0
02/20/2016 01:00:00 AM,1,0,1
02/20/2016 02:00:00 AM,3,1,2
02/20/2016 03:00:00 AM,0,0,0
02/20/2016 04:00:00 AM,0,0,0
02/20/2016 05:00:00 AM,4,1,3
02/20/2016 06:00:00 AM,6,1,5
02/20/2016 07:00:00 AM,3,0,3
02/20/2016 08:00:00 AM,4,4,0
02/20/2016 09:00:00 AM,8,4,4
02/20/2016 10:00:00 AM,11,5,6
02/20/2016 11:00:00 AM,5,4,1
02/20/2016 12:00:00 PM,11,6,5
02/20/2016 01:00:00 PM,23,15,8
02/20/2016 02:00:00 PM,26,12,14
02/20/2016 03:00:00 PM,22,10,12
02/20/2016 04:00:00 PM,9,7,2
02/20/2016 05:00:00 PM,13,5,8
02/20/2016 06:00:00 PM,11,4,7
02/20/2016 07:00:00 PM,13,9,4
02/20/2016 08:00:00 PM,12,5,7
02/20/2016 09:00:00 PM,6,3,3
02/20/2016 10:00:00 PM,5,1,4
02/20/2016 11:00:00 PM,10,7,3
02/21/2016 12:00:00 AM,3,2,1
02/21/2016 01:00:00 AM,7,3,4
02/21/2016 02:00:00 AM,3,2,1
02/21/2016 03:00:00 AM,0,0,0
02/21/2016 04:00:00 AM,0,0,0
02/21/2016 05:00:00 AM,1,0,1
02/21/2016 06:00:00 AM,5,0,5
02/21/2016 07:00:00 AM,2,1,1
02/21/2016 08:00:00 AM,5,2,3
02/21/2016 09:00:00 AM,6,4,2
02/21/2016 10:00:00 AM,7,4,3
02/21/2016 11:00:00 AM,10,4,6
02/21/2016 12:00:00 PM,4,1,3
02/21/2016 01:00:00 PM,9,6,3
02/21/2016 02:00:00 PM,11,8,3
02/21/2016 03:00:00 PM,14,7,7
02/21/2016 04:00:00 PM,8,4,4
02/21/2016 05:00:00 PM,13,7,6
02/21/2016 06:00:00 PM,11,5,6
02/21/2016 07:00:00 PM,7,4,3
02/21/2016 08:00:00 PM,6,3,3
02/21/2016 09:00:00 PM,5,3,2
02/21/2016 10:00:00 PM,7,3,4
02/21/2016 11:00:00 PM,2,0,2
02/22/2016 12:00:00 AM,0,0,0
02/22/2016 01:00:00 AM,2,2,0
02/22/2016 02:00:00 AM,0,0,0
02/22/2016 03:00:00 AM,0,0,0
02/22/2016 04:00:00 AM,2,0,2
02/22/2016 05:00:00 AM,2,0,2
02/22/2016 06:00:00 AM,11,1,10
02/22/2016 07:00:00 AM,32,8,24
02/22/2016 08:00:00 AM,28,7,21
02/22/2016 09:00:00 AM,18,8,10
02/22/2016 10:00:00 AM,11,8,3
02/22/2016 11:00:00 AM,11,6,5
02/22/2016 12:00:00 PM,10,2,8
02/22/2016 01:00:00 PM,12,6,6
02/22/2016 02:00:00 PM,16,7,9
02/22/2016 03:00:00 PM,16,11,5
02/22/2016 04:00:00 PM,28,20,8
02/22/2016 05:00:00 PM,35,28,7
02/22/2016 06:00:00 PM,29,16,13
02/22/2016 07:00:00 PM,18,10,8
02/22/2016 08:00:00 PM,13,5,8
02/22/2016 09:00:00 PM,13,8,5
02/22/2016 10:00:00 PM,3,1,2
02/22/2016 11:00:00 PM,4,2,2
02/23/2016 12:00:00 AM,2,1,1
02/23/2016 01:00:00 AM,0,0,0
02/23/2016 02:00:00 AM,1,0,1
02/23/2016 03:00:00 AM,0,0,0
02/23/2016 04:00:00 AM,2,0,2
02/23/2016 05:00:00 AM,0,0,0
02/23/2016 06:00:00 AM,7,0,7
02/23/2016 07:00:00 AM,25,5,20
02/23/2016 08:00:00 AM,27,13,14
02/23/2016 09:00:00 AM,14,9,5
02/23/2016 10:00:00 AM,30,13,17
02/23/2016 11:00:00 AM,14,7,7
02/23/2016 12:00:00 PM,13,7,6
02/23/2016 01:00:00 PM,20,7,13
02/23/2016 02:00:00 PM,17,9,8
02/23/2016 03:00:00 PM,19,9,10
02/23/2016 04:00:00 PM,23,15,8
02/23/2016 05:00:00 PM,39,23,16
02/23/2016 06:00:00 PM,32,18,14
02/23/2016 07:00:00 PM,21,10,11
02/23/2016 08:00:00 PM,10,3,7
02/23/2016 09:00:00 PM,14,8,6
02/23/2016 10:00:00 PM,6,3,3
02/23/2016 11:00:00 PM,6,5,1
02/24/2016 12:00:00 AM,1,1,0
02/24/2016 01:00:00 AM,0,0,0
02/24/2016 02:00:00 AM,2,1,1
02/24/2016 03:00:00 AM,1,1,0
02/24/2016 04:00:00 AM,1,0,1
02/24/2016 05:00:00 AM,3,0,3
02/24/2016 06:00:00 AM,8,2,6
02/24/2016 07:00:00 AM,26,8,18
02/24/2016 08:00:00 AM,25,5,20
02/24/2016 09:00:00 AM,21,10,11
02/24/2016 10:00:00 AM,13,9,4
02/24/2016 11:00:00 AM,15,11,4
02/24/2016 12:00:00 PM,18,7,11
02/24/2016 01:00:00 PM,11,4,7
02/24/2016 02:00:00 PM,6,4,2
02/24/2016 03:00:00 PM,15,8,7
02/24/2016 04:00:00 PM,29,13,16
02/24/2016 05:00:00 PM,53,34,19
02/24/2016 06:00:00 PM,26,15,11
02/24/2016 07:00:00 PM,15,10,5
02/24/2016 08:00:00 PM,13,5,8
02/24/2016 09:00:00 PM,4,0,4
02/24/2016 10:00:00 PM,1,0,1
02/24/2016 11:00:00 PM,6,4,2
02/25/2016 12:00:00 AM,2,1,1
02/25/2016 01:00:00 AM,1,0,1
02/25/2016 02:00:00 AM,0,0,0
02/25/2016 03:00:00 AM,1,1,0
02/25/2016 04:00:00 AM,0,0,0
02/25/2016 05:00:00 AM,4,1,3
02/25/2016 06:00:00 AM,7,0,7
02/25/2016 07:00:00 AM,29,6,23
02/25/2016 08:00:00 AM,34,12,22
02/25/2016 09:00:00 AM,13,7,6
02/25/2016 10:00:00 AM,7,1,6
02/25/2016 11:00:00 AM,12,6,6
02/25/2016 12:00:00 PM,15,8,7
02/25/2016 01:00:00 PM,17,6,11
02/25/2016 02:00:00 PM,19,13,6
02/25/2016 03:00:00 PM,22,9,13
02/25/2016 04:00:00 PM,27,21,6
02/25/2016 05:00:00 PM,40,31,9
02/25/2016 06:00:00 PM,29,15,14
02/25/2016 07:00:00 PM,16,9,7
02/25/2016 08:00:00 PM,14,6,8
02/25/2016 09:00:00 PM,7,1,6
02/25/2016 10:00:00 PM,8,3,5
02/25/2016 11:00:00 PM,1,0,1
02/26/2016 12:00:00 AM,3,0,3
02/26/2016 01:00:00 AM,3,2,1
02/26/2016 02:00:00 AM,2,0,2
02/26/2016 03:00:00 AM,0,0,0
02/26/2016 04:00:00 AM,2,0,2
02/26/2016 05:00:00 AM,2,1,1
02/26/2016 06:00:00 AM,6,2,4
02/26/2016 07:00:00 AM,36,7,29
02/26/2016 08:00:00 AM,21,6,15
02/26/2016 09:00:00 AM,16,7,9
02/26/2016 10:00:00 AM,8,3,5
02/26/2016 11:00:00 AM,12,8,4
02/26/2016 12:00:00 PM,24,7,17
02/26/2016 01:00:00 PM,11,7,4
02/26/2016 02:00:00 PM,12,7,5
02/26/2016 03:00:00 PM,17,8,9
02/26/2016 04:00:00 PM,26,16,10
02/26/2016 05:00:00 PM,29,18,11
02/26/2016 06:00:00 PM,24,15,9
02/26/2016 07:00:00 PM,18,10,8
02/26/2016 08:00:00 PM,9,7,2
02/26/2016 09:00:00 PM,6,2,4
02/26/2016 10:00:00 PM,7,3,4
02/26/2016 11:00:00 PM,8,3,5
02/27/2016 12:00:00 AM,1,1,0
02/27/2016 01:00:00 AM,3,3,0
02/27/2016 02:00:00 AM,7,1,6
02/27/2016 03:00:00 AM,2,0,2
02/27/2016 04:00:00 AM,0,0,0
02/27/2016 05:00:00 AM,3,0,3
02/27/2016 06:00:00 AM,2,0,2
02/27/2016 07:00:00 AM,9,4,5
02/27/2016 08:00:00 AM,1,1,0
02/27/2016 09:00:00 AM,7,3,4
02/27/2016 10:00:00 AM,5,3,2
02/27/2016 11:00:00 AM,11,6,5
02/27/2016 12:00:00 PM,14,6,8
02/27/2016 01:00:00 PM,12,6,6
02/27/2016 02:00:00 PM,16,8,8
02/27/2016 03:00:00 PM,12,4,8
02/27/2016 04:00:00 PM,15,11,4
02/27/2016 05:00:00 PM,14,8,6
02/27/2016 06:00:00 PM,14,8,6
02/27/2016 07:00:00 PM,12,6,6
02/27/2016 08:00:00 PM,18,6,12
02/27/2016 09:00:00 PM,6,4,2
02/27/2016 10:00:00 PM,3,2,1
02/27/2016 11:00:00 PM,4,2,2
02/28/2016 12:00:00 AM,5,1,4
02/28/2016 01:00:00 AM,5,2,3
02/28/2016 02:00:00 AM,4,3,1
02/28/2016 03:00:00 AM,2,0,2
02/28/2016 04:00:00 AM,0,0,0
02/28/2016 05:00:00 AM,1,0,1
02/28/2016 06:00:00 AM,4,0,4
02/28/2016 07:00:00 AM,4,0,4
02/28/2016 08:00:00 AM,4,3,1
02/28/2016 09:00:00 AM,6,0,6
02/28/2016 10:00:00 AM,4,2,2
02/28/2016 11:00:00 AM,14,5,9
02/28/2016 12:00:00 PM,7,3,4
02/28/2016 01:00:00 PM,6,5,1
02/28/2016 02:00:00 PM,6,0,6
02/28/2016 03:00:00 PM,15,3,12
02/28/2016 04:00:00 PM,13,8,5
02/28/2016 05:00:00 PM,7,2,5
02/28/2016 06:00:00 PM,12,7,5
02/28/2016 07:00:00 PM,8,5,3
02/28/2016 08:00:00 PM,9,2,7
02/28/2016 09:00:00 PM,8,4,4
02/28/2016 10:00:00 PM,2,2,0
02/28/2016 11:00:00 PM,4,2,2
02/29/2016 12:00:00 AM,1,0,1
02/29/2016 01:00:00 AM,0,0,0
02/29/2016 02:00:00 AM,0,0,0
02/29/2016 03:00:00 AM,0,0,0
02/29/2016 04:00:00 AM,1,0,1
02/29/2016 05:00:00 AM,1,0,1
02/29/2016 06:00:00 AM,6,0,6
02/29/2016 07:00:00 AM,28,7,21
02/29/2016 08:00:00 AM,26,7,19
02/29/2016 09:00:00 AM,22,11,11
02/29/2016 10:00:00 AM,11,6,5
02/29/2016 11:00:00 AM,9,6,3
02/29/2016 12:00:00 PM,11,3,8
02/29/2016 01:00:00 PM,12,3,9
02/29/2016 02:00:00 PM,13,5,8
02/29/2016 03:00:00 PM,14,10,4
02/29/2016 04:00:00 PM,24,16,8
02/29/2016 05:00:00 PM,31,23,8
02/29/2016 06:00:00 PM,27,17,10
02/29/2016 07:00:00 PM,12,6,6
02/29/2016 08:00:00 PM,14,7,7
02/29/2016 09:00:00 PM,6,2,4
02/29/2016 10:00:00 PM,5,2,3
02/29/2016 11:00:00 PM,7,4,3
03/01/2016 12:00:00 AM,4,0,4
03/01/2016 01:00:00 AM,1,0,1
03/01/2016 02:00:00 AM,0,0,0
03/01/2016 03:00:00 AM,0,0,0
03/01/2016 04:00:00 AM,1,0,1
03/01/2016 05:00:00 AM,1,0,1
03/01/2016 06:00:00 AM,8,1,7
03/01/2016 07:00:00 AM,21,4,17
03/01/2016 08:00:00 AM,22,7,15
03/01/2016 09:00:00 AM,5,4,1
03/01/2016 10:00:00 AM,15,2,13
03/01/2016 11:00:00 AM,9,6,3
03/01/2016 12:00:00 PM,9,4,5
03/01/2016 01:00:00 PM,9,5,4
03/01/2016 02:00:00 PM,13,8,5
03/01/2016 03:00:00 PM,14,9,5
03/01/2016 04:00:00 PM,13,9,4
03/01/2016 05:00:00 PM,29,18,11
03/01/2016 06:00:00 PM,22,16,6
03/01/2016 07:00:00 PM,12,7,5
03/01/2016 08:00:00 PM,10,6,4
03/01/2016 09:00:00 PM,2,1,1
03/01/2016 10:00:00 PM,3,2,1
03/01/2016 11:00:00 PM,0,0,0
03/02/2016 12:00:00 AM,3,0,3
03/02/2016 01:00:00 AM,0,0,0
03/02/2016 02:00:00 AM,0,0,0
03/02/2016 03:00:00 AM,0,0,0
03/02/2016 04:00:00 AM,1,0,1
03/02/2016 05:00:00 AM,4,1,3
03/02/2016 06:00:00 AM,8,2,6
03/02/2016 07:00:00 AM,22,4,18
03/02/2016 08:00:00 AM,22,6,16
03/02/2016 09:00:00 AM,11,3,8
03/02/2016 10:00:00 AM,13,4,9
03/02/2016 11:00:00 AM,16,13,3
03/02/2016 12:00:00 PM,13,10,3
03/02/2016 01:00:00 PM,13,5,8
03/02/2016 02:00:00 PM,13,7,6
03/02/2016 03:00:00 PM,15,6,9
03/02/2016 04:00:00 PM,20,11,9
03/02/2016 05:00:00 PM,33,19,14
03/02/2016 06:00:00 PM,20,15,5
03/02/2016 07:00:00 PM,13,7,6
03/02/2016 08:00:00 PM,11,5,6
03/02/2016 09:00:00 PM,14,5,9
03/02/2016 10:00:00 PM,3,1,2
03/02/2016 11:00:00 PM,7,6,1
03/03/2016 12:00:00 AM,1,1,0
03/03/2016 01:00:00 AM,0,0,0
03/03/2016 02:00:00 AM,1,0,1
03/03/2016 03:00:00 AM,0,0,0
03/03/2016 04:00:00 AM,2,1,1
03/03/2016 05:00:00 AM,2,0,2
03/03/2016 06:00:00 AM,11,1,10
03/03/2016 07:00:00 AM,20,6,14
03/03/2016 08:00:00 AM,29,12,17
03/03/2016 09:00:00 AM,14,3,11
03/03/2016 10:00:00 AM,9,6,3
03/03/2016 11:00:00 AM,13,10,3
03/03/2016 12:00:00 PM,10,6,4
03/03/2016 01:00:00 PM,17,9,8
03/03/2016 02:00:00 PM,16,6,10
03/03/2016 03:00:00 PM,16,8,8
03/03/2016 04:00:00 PM,19,14,5
03/03/2016 05:00:00 PM,37,19,18
03/03/2016 06:00:00 PM,26,13,13
03/03/2016 07:00:00 PM,14,9,5
03/03/2016 08:00:00 PM,11,8,3
03/03/2016 09:00:00 PM,16,8,8
03/03/2016 10:00:00 PM,1,1,0
03/03/2016 11:00:00 PM,3,2,1
03/04/2016 12:00:00 AM,3,2,1
03/04/2016 01:00:00 AM,7,4,3
03/04/2016 02:00:00 AM,3,0,3
03/04/2016 03:00:00 AM,0,0,0
03/04/2016 04:00:00 AM,2,0,2
03/04/2016 05:00:00 AM,5,1,4
03/04/2016 06:00:00 AM,10,3,7
03/04/2016 07:00:00 AM,18,5,13
03/04/2016 08:00:00 AM,31,14,17
03/04/2016 09:00:00 AM,18,10,8
03/04/2016 10:00:00 AM,9,5,4
03/04/2016 11:00:00 AM,12,4,8
03/04/2016 12:00:00 PM,12,5,7
03/04/2016 01:00:00 PM,18,9,9
03/04/2016 02:00:00 PM,8,6,2
03/04/2016 03:00:00 PM,14,11,3
03/04/2016 04:00:00 PM,21,14,7
03/04/2016 05:00:00 PM,24,17,7
03/04/2016 06:00:00 PM,22,14,8
03/04/2016 07:00:00 PM,15,6,9
03/04/2016 08:00:00 PM,9,3,6
03/04/2016 09:00:00 PM,6,1,5
03/04/2016 10:00:00 PM,8,3,5
03/04/2016 11:00:00 PM,6,4,2
03/05/2016 12:00:00 AM,4,3,1
03/05/2016 01:00:00 AM,3,2,1
03/05/2016 02:00:00 AM,4,0,4
03/05/2016 03:00:00 AM,1,0,1
03/05/2016 04:00:00 AM,0,0,0
03/05/2016 05:00:00 AM,2,0,2
03/05/2016 06:00:00 AM,0,0,0
03/05/2016 07:00:00 AM,5,1,4
03/05/2016 08:00:00 AM,6,5,1
03/05/2016 09:00:00 AM,6,4,2
03/05/2016 10:00:00 AM,9,5,4
03/05/2016 11:00:00 AM,16,7,9
03/05/2016 12:00:00 PM,10,5,5
03/05/2016 01:00:00 PM,27,16,11
03/05/2016 02:00:00 PM,21,11,10
03/05/2016 03:00:00 PM,22,17,5
03/05/2016 04:00:00 PM,18,9,9
03/05/2016 05:00:00 PM,25,11,14
03/05/2016 06:00:00 PM,15,10,5
03/05/2016 07:00:00 PM,15,4,11
03/05/2016 08:00:00 PM,6,0,6
03/05/2016 09:00:00 PM,6,1,5
03/05/2016 10:00:00 PM,2,1,1
03/05/2016 11:00:00 PM,6,4,2
03/06/2016 12:00:00 AM,2,2,0
03/06/2016 01:00:00 AM,1,0,1
03/06/2016 02:00:00 AM,3,1,2
03/06/2016 03:00:00 AM,1,0,1
03/06/2016 04:00:00 AM,0,0,0
03/06/2016 05:00:00 AM,3,2,1
03/06/2016 06:00:00 AM,4,1,3
03/06/2016 07:00:00 AM,2,1,1
03/06/2016 08:00:00 AM,2,0,2
03/06/2016 09:00:00 AM,2,1,1
03/06/2016 10:00:00 AM,5,2,3
03/06/2016 11:00:00 AM,5,4,1
03/06/2016 12:00:00 PM,4,4,0
03/06/2016 01:00:00 PM,4,3,1
03/06/2016 02:00:00 PM,12,7,5
03/06/2016 03:00:00 PM,13,8,5
03/06/2016 04:00:00 PM,7,1,6
03/06/2016 05:00:00 PM,13,4,9
03/06/2016 06:00:00 PM,13,7,6
03/06/2016 07:00:00 PM,10,6,4
03/06/2016 08:00:00 PM,11,3,8
03/06/2016 09:00:00 PM,7,2,5
03/06/2016 10:00:00 PM,2,1,1
03/06/2016 11:00:00 PM,2,1,1
03/07/2016 12:00:00 AM,1,0,1
03/07/2016 01:00:00 AM,0,0,0
03/07/2016 02:00:00 AM,2,1,1
03/07/2016 03:00:00 AM,0,0,0
03/07/2016 04:00:00 AM,2,1,1
03/07/2016 05:00:00 AM,2,0,2
03/07/2016 06:00:00 AM,11,1,10
03/07/2016 07:00:00 AM,14,3,11
03/07/2016 08:00:00 AM,20,4,16
03/07/2016 09:00:00 AM,11,3,8
03/07/2016 10:00:00 AM,4,1,3
03/07/2016 11:00:00 AM,10,5,5
03/07/2016 12:00:00 PM,7,5,2
03/07/2016 01:00:00 PM,11,4,7
03/07/2016 02:00:00 PM,15,12,3
03/07/2016 03:00:00 PM,24,14,10
03/07/2016 04:00:00 PM,18,8,10
03/07/2016 05:00:00 PM,26,17,9
03/07/2016 06:00:00 PM,22,12,10
03/07/2016 07:00:00 PM,16,9,7
03/07/2016 08:00:00 PM,10,3,7
03/07/2016 09:00:00 PM,9,4,5
03/07/2016 10:00:00 PM,4,3,1
03/07/2016 11:00:00 PM,6,6,0
03/08/2016 12:00:00 AM,2,1,1
03/08/2016 01:00:00 AM,2,0,2
03/08/2016 02:00:00 AM,0,0,0
03/08/2016 03:00:00 AM,0,0,0
03/08/2016 04:00:00 AM,0,0,0
03/08/2016 05:00:00 AM,5,1,4
03/08/2016 06:00:00 AM,16,5,11
03/08/2016 07:00:00 AM,20,5,15
03/08/2016 08:00:00 AM,26,4,22
03/08/2016 09:00:00 AM,21,14,7
03/08/2016 10:00:00 AM,10,4,6
03/08/2016 11:00:00 AM,15,6,9
03/08/2016 12:00:00 PM,10,4,6
03/08/2016 01:00:00 PM,20,6,14
03/08/2016 02:00:00 PM,16,12,4
03/08/2016 03:00:00 PM,21,11,10
03/08/2016 04:00:00 PM,25,12,13
03/08/2016 05:00:00 PM,36,25,11
03/08/2016 06:00:00 PM,37,25,12
03/08/2016 07:00:00 PM,22,16,6
03/08/2016 08:00:00 PM,19,7,12
03/08/2016 09:00:00 PM,13,2,11
03/08/2016 10:00:00 PM,5,2,3
03/08/2016 11:00:00 PM,5,1,4
03/09/2016 12:00:00 AM,2,1,1
03/09/2016 01:00:00 AM,1,1,0
03/09/2016 02:00:00 AM,2,2,0
03/09/2016 03:00:00 AM,1,0,1
03/09/2016 04:00:00 AM,2,0,2
03/09/2016 05:00:00 AM,5,2,3
03/09/2016 06:00:00 AM,11,2,9
03/09/2016 07:00:00 AM,23,4,19
03/09/2016 08:00:00 AM,27,9,18
03/09/2016 09:00:00 AM,11,4,7
03/09/2016 10:00:00 AM,12,7,5
03/09/2016 11:00:00 AM,18,9,9
03/09/2016 12:00:00 PM,12,6,6
03/09/2016 01:00:00 PM,13,8,5
03/09/2016 02:00:00 PM,11,6,5
03/09/2016 03:00:00 PM,9,4,5
03/09/2016 04:00:00 PM,19,12,7
03/09/2016 05:00:00 PM,25,24,1
03/09/2016 06:00:00 PM,34,20,14
03/09/2016 07:00:00 PM,9,2,7
03/09/2016 08:00:00 PM,9,4,5
03/09/2016 09:00:00 PM,7,4,3
03/09/2016 10:00:00 PM,3,2,1
03/09/2016 11:00:00 PM,5,4,1
03/10/2016 12:00:00 AM,3,1,2
03/10/2016 01:00:00 AM,0,0,0
03/10/2016 02:00:00 AM,2,0,2
03/10/2016 03:00:00 AM,0,0,0
03/10/2016 04:00:00 AM,1,0,1
03/10/2016 05:00:00 AM,2,0,2
03/10/2016 06:00:00 AM,4,0,4
03/10/2016 07:00:00 AM,15,3,12
03/10/2016 08:00:00 AM,19,7,12
03/10/2016 09:00:00 AM,16,5,11
03/10/2016 10:00:00 AM,11,4,7
03/10/2016 11:00:00 AM,8,5,3
03/10/2016 12:00:00 PM,18,8,10
03/10/2016 01:00:00 PM,5,4,1
03/10/2016 02:00:00 PM,12,5,7
03/10/2016 03:00:00 PM,15,9,6
03/10/2016 04:00:00 PM,15,8,7
03/10/2016 05:00:00 PM,31,16,15
03/10/2016 06:00:00 PM,23,16,7
03/10/2016 07:00:00 PM,24,12,12
03/10/2016 08:00:00 PM,22,13,9
03/10/2016 09:00:00 PM,12,7,5
03/10/2016 10:00:00 PM,4,0,4
03/10/2016 11:00:00 PM,8,6,2
03/11/2016 12:00:00 AM,1,1,0
03/11/2016 01:00:00 AM,2,2,0
03/11/2016 02:00:00 AM,4,2,2
03/11/2016 03:00:00 AM,0,0,0
03/11/2016 04:00:00 AM,4,0,4
03/11/2016 05:00:00 AM,4,3,1
03/11/2016 06:00:00 AM,9,1,8
03/11/2016 07:00:00 AM,22,6,16
03/11/2016 08:00:00 AM,20,3,17
03/11/2016 09:00:00 AM,22,12,10
03/11/2016 10:00:00 AM,13,7,6
03/11/2016 11:00:00 AM,16,10,6
03/11/2016 12:00:00 PM,25,13,12
03/11/2016 01:00:00 PM,13,4,9
03/11/2016 02:00:00 PM,14,9,5
03/11/2016 03:00:00 PM,11,9,2
03/11/2016 04:00:00 PM,21,11,10
03/11/2016 05:00:00 PM,30,20,10
03/11/2016 06:00:00 PM,29,17,12
03/11/2016 07:00:00 PM,15,8,7
03/11/2016 08:00:00 PM,13,6,7
03/11/2016 09:00:00 PM,13,6,7
03/11/2016 10:00:00 PM,10,4,6
03/11/2016 11:00:00 PM,2,0,2
03/12/2016 12:00:00 AM,2,2,0
03/12/2016 01:00:00 AM,1,1,0
03/12/2016 02:00:00 AM,1,0,1
03/12/2016 03:00:00 AM,0,0,0
03/12/2016 04:00:00 AM,1,0,1
03/12/2016 05:00:00 AM,2,0,2
03/12/2016 06:00:00 AM,5,0,5
03/12/2016 07:00:00 AM,6,3,3
03/12/2016 08:00:00 AM,3,3,0
03/12/2016 09:00:00 AM,5,3,2
03/12/2016 10:00:00 AM,7,5,2
03/12/2016 11:00:00 AM,14,11,3
03/12/2016 12:00:00 PM,8,1,7
03/12/2016 01:00:00 PM,10,5,5
03/12/2016 02:00:00 PM,13,4,9
03/12/2016 03:00:00 PM,12,7,5
03/12/2016 04:00:00 PM,10,4,6
03/12/2016 05:00:00 PM,8,6,2
03/12/2016 06:00:00 PM,13,6,7
03/12/2016 07:00:00 PM,4,3,1
03/12/2016 08:00:00 PM,8,4,4
03/12/2016 09:00:00 PM,6,0,6
03/12/2016 10:00:00 PM,4,2,2
03/12/2016 11:00:00 PM,4,3,1
03/13/2016 12:00:00 AM,6,3,3
03/13/2016 01:00:00 AM,1,1,0
03/13/2016 02:00:00 AM,0,0,0
03/13/2016 03:00:00 AM,4,1,3
03/13/2016 04:00:00 AM,0,0,0
03/13/2016 05:00:00 AM,0,0,0
03/13/2016 06:00:00 AM,4,0,4
03/13/2016 07:00:00 AM,4,2,2
03/13/2016 08:00:00 AM,3,1,2
03/13/2016 09:00:00 AM,5,4,1
03/13/2016 10:00:00 AM,4,2,2
03/13/2016 11:00:00 AM,3,2,1
03/13/2016 12:00:00 PM,14,8,6
03/13/2016 01:00:00 PM,6,1,5
03/13/2016 02:00:00 PM,16,7,9
03/13/2016 03:00:00 PM,7,3,4
03/13/2016 04:00:00 PM,9,6,3
03/13/2016 05:00:00 PM,8,4,4
03/13/2016 06:00:00 PM,14,6,8
03/13/2016 07:00:00 PM,7,2,5
03/13/2016 08:00:00 PM,11,7,4
03/13/2016 09:00:00 PM,3,0,3
03/13/2016 10:00:00 PM,6,3,3
03/13/2016 11:00:00 PM,5,4,1
03/14/2016 12:00:00 AM,5,1,4
03/14/2016 01:00:00 AM,0,0,0
03/14/2016 02:00:00 AM,0,0,0
03/14/2016 03:00:00 AM,0,0,0
03/14/2016 04:00:00 AM,1,1,0
03/14/2016 05:00:00 AM,2,0,2
03/14/2016 06:00:00 AM,10,2,8
03/14/2016 07:00:00 AM,18,9,9
03/14/2016 08:00:00 AM,18,4,14
03/14/2016 09:00:00 AM,9,3,6
03/14/2016 10:00:00 AM,11,5,6
03/14/2016 11:00:00 AM,10,7,3
03/14/2016 12:00:00 PM,11,5,6
03/14/2016 01:00:00 PM,10,7,3
03/14/2016 02:00:00 PM,10,8,2
03/14/2016 03:00:00 PM,16,6,10
03/14/2016 04:00:00 PM,10,5,5
03/14/2016 05:00:00 PM,22,11,11
03/14/2016 06:00:00 PM,25,15,10
03/14/2016 07:00:00 PM,12,6,6
03/14/2016 08:00:00 PM,13,8,5
03/14/2016 09:00:00 PM,9,4,5
03/14/2016 10:00:00 PM,7,1,6
03/14/2016 11:00:00 PM,3,2,1
03/15/2016 12:00:00 AM,2,0,2
03/15/2016 01:00:00 AM,2,2,0
03/15/2016 02:00:00 AM,0,0,0
03/15/2016 03:00:00 AM,1,0,1
03/15/2016 04:00:00 AM,0,0,0
03/15/2016 05:00:00 AM,2,0,2
03/15/2016 06:00:00 AM,11,1,10
03/15/2016 07:00:00 AM,25,6,19
03/15/2016 08:00:00 AM,30,8,22
03/15/2016 09:00:00 AM,18,10,8
03/15/2016 10:00:00 AM,8,4,4
03/15/2016 11:00:00 AM,7,3,4
03/15/2016 12:00:00 PM,12,3,9
03/15/2016 01:00:00 PM,12,6,6
03/15/2016 02:00:00 PM,15,7,8
03/15/2016 03:00:00 PM,12,6,6
03/15/2016 04:00:00 PM,14,7,7
03/15/2016 05:00:00 PM,32,18,14
03/15/2016 06:00:00 PM,25,13,12
03/15/2016 07:00:00 PM,19,7,12
03/15/2016 08:00:00 PM,18,10,8
03/15/2016 09:00:00 PM,14,7,7
03/15/2016 10:00:00 PM,7,4,3
03/15/2016 11:00:00 PM,4,1,3
03/16/2016 12:00:00 AM,6,2,4
03/16/2016 01:00:00 AM,1,0,1
03/16/2016 02:00:00 AM,0,0,0
03/16/2016 03:00:00 AM,0,0,0
03/16/2016 04:00:00 AM,0,0,0
03/16/2016 05:00:00 AM,4,1,3
03/16/2016 06:00:00 AM,12,0,12
03/16/2016 07:00:00 AM,30,9,21
03/16/2016 08:00:00 AM,27,6,21
03/16/2016 09:00:00 AM,17,7,10
03/16/2016 10:00:00 AM,6,3,3
03/16/2016 11:00:00 AM,17,7,10
03/16/2016 12:00:00 PM,11,5,6
03/16/2016 01:00:00 PM,17,9,8
03/16/2016 02:00:00 PM,14,5,9
03/16/2016 03:00:00 PM,11,9,2
03/16/2016 04:00:00 PM,23,12,11
03/16/2016 05:00:00 PM,31,20,11
03/16/2016 06:00:00 PM,36,21,15
03/16/2016 07:00:00 PM,21,9,12
03/16/2016 08:00:00 PM,22,13,9
03/16/2016 09:00:00 PM,6,1,5
03/16/2016 10:00:00 PM,9,6,3
03/16/2016 11:00:00 PM,5,3,2
03/17/2016 12:00:00 AM,4,3,1
03/17/2016 01:00:00 AM,1,1,0
03/17/2016 02:00:00 AM,0,0,0
03/17/2016 03:00:00 AM,0,0,0
03/17/2016 04:00:00 AM,0,0,0
03/17/2016 05:00:00 AM,4,1,3
03/17/2016 06:00:00 AM,14,2,12
03/17/2016 07:00:00 AM,25,6,19
03/17/2016 08:00:00 AM,29,9,20
03/17/2016 09:00:00 AM,23,9,14
03/17/2016 10:00:00 AM,4,3,1
03/17/2016 11:00:00 AM,20,11,9
03/17/2016 12:00:00 PM,18,8,10
03/17/2016 01:00:00 PM,18,6,12
03/17/2016 02:00:00 PM,19,7,12
03/17/2016 03:00:00 PM,18,10,8
03/17/2016 04:00:00 PM,22,15,7
03/17/2016 05:00:00 PM,38,24,14
03/17/2016 06:00:00 PM,31,14,17
03/17/2016 07:00:00 PM,23,13,10
03/17/2016 08:00:00 PM,13,9,4
03/17/2016 09:00:00 PM,13,4,9
03/17/2016 10:00:00 PM,8,2,6
03/17/2016 11:00:00 PM,8,5,3
03/18/2016 12:00:00 AM,2,2,0
03/18/2016 01:00:00 AM,5,3,2
03/18/2016 02:00:00 AM,1,0,1
03/18/2016 03:00:00 AM,1,0,1
03/18/2016 04:00:00 AM,3,2,1
03/18/2016 05:00:00 AM,3,1,2
03/18/2016 06:00:00 AM,7,1,6
03/18/2016 07:00:00 AM,20,8,12
03/18/2016 08:00:00 AM,25,10,15
03/18/2016 09:00:00 AM,9,3,6
03/18/2016 10:00:00 AM,8,4,4
03/18/2016 11:00:00 AM,18,10,8
03/18/2016 12:00:00 PM,22,11,11
03/18/2016 01:00:00 PM,9,6,3
03/18/2016 02:00:00 PM,18,7,11
03/18/2016 03:00:00 PM,24,19,5
03/18/2016 04:00:00 PM,25,14,11
03/18/2016 05:00:00 PM,33,16,17
03/18/2016 06:00:00 PM,18,12,6
03/18/2016 07:00:00 PM,22,10,12
03/18/2016 08:00:00 PM,14,7,7
03/18/2016 09:00:00 PM,12,3,9
03/18/2016 10:00:00 PM,9,2,7
03/18/2016 11:00:00 PM,1,1,0
03/19/2016 12:00:00 AM,6,3,3
03/19/2016 01:00:00 AM,6,3,3
03/19/2016 02:00:00 AM,5,0,5
03/19/2016 03:00:00 AM,2,1,1
03/19/2016 04:00:00 AM,2,2,0
03/19/2016 05:00:00 AM,5,2,3
03/19/2016 06:00:00 AM,3,2,1
03/19/2016 07:00:00 AM,4,2,2
03/19/2016 08:00:00 AM,5,2,3
03/19/2016 09:00:00 AM,10,7,3
03/19/2016 10:00:00 AM,11,5,6
03/19/2016 11:00:00 AM,12,8,4
03/19/2016 12:00:00 PM,19,9,10
03/19/2016 01:00:00 PM,37,20,17
03/19/2016 02:00:00 PM,23,19,4
03/19/2016 03:00:00 PM,15,8,7
03/19/2016 04:00:00 PM,22,13,9
03/19/2016 05:00:00 PM,13,9,4
03/19/2016 06:00:00 PM,12,3,9
03/19/2016 07:00:00 PM,16,8,8
03/19/2016 08:00:00 PM,15,7,8
03/19/2016 09:00:00 PM,14,5,9
03/19/2016 10:00:00 PM,6,4,2
03/19/2016 11:00:00 PM,7,5,2
03/20/2016 12:00:00 AM,11,5,6
03/20/2016 01:00:00 AM,4,4,0
03/20/2016 02:00:00 AM,6,3,3
03/20/2016 03:00:00 AM,3,3,0
03/20/2016 04:00:00 AM,0,0,0
03/20/2016 05:00:00 AM,2,1,1
03/20/2016 06:00:00 AM,1,0,1
03/20/2016 07:00:00 AM,1,0,1
03/20/2016 08:00:00 AM,5,1,4
03/20/2016 09:00:00 AM,5,3,2
03/20/2016 10:00:00 AM,7,0,7
03/20/2016 11:00:00 AM,8,5,3
03/20/2016 12:00:00 PM,8,3,5
03/20/2016 01:00:00 PM,4,1,3
03/20/2016 02:00:00 PM,4,1,3
03/20/2016 03:00:00 PM,14,8,6
03/20/2016 04:00:00 PM,14,9,5
03/20/2016 05:00:00 PM,7,3,4
03/20/2016 06:00:00 PM,7,4,3
03/20/2016 07:00:00 PM,5,2,3
03/20/2016 08:00:00 PM,9,5,4
03/20/2016 09:00:00 PM,7,4,3
03/20/2016 10:00:00 PM,3,0,3
03/20/2016 11:00:00 PM,1,0,1
03/21/2016 12:00:00 AM,4,2,2
03/21/2016 01:00:00 AM,2,0,2
03/21/2016 02:00:00 AM,1,1,0
03/21/2016 03:00:00 AM,2,0,2
03/21/2016 04:00:00 AM,1,0,1
03/21/2016 05:00:00 AM,6,1,5
03/21/2016 06:00:00 AM,5,1,4
03/21/2016 07:00:00 AM,19,7,12
03/21/2016 08:00:00 AM,17,5,12
03/21/2016 09:00:00 AM,11,7,4
03/21/2016 10:00:00 AM,5,1,4
03/21/2016 11:00:00 AM,4,1,3
03/21/2016 12:00:00 PM,6,2,4
03/21/2016 01:00:00 PM,12,6,6
03/21/2016 02:00:00 PM,13,7,6
03/21/2016 03:00:00 PM,11,6,5
03/21/2016 04:00:00 PM,8,4,4
03/21/2016 05:00:00 PM,32,19,13
03/21/2016 06:00:00 PM,25,14,11
03/21/2016 07:00:00 PM,13,7,6
03/21/2016 08:00:00 PM,11,5,6
03/21/2016 09:00:00 PM,8,5,3
03/21/2016 10:00:00 PM,2,0,2
03/21/2016 11:00:00 PM,5,4,1
03/22/2016 12:00:00 AM,1,1,0
03/22/2016 01:00:00 AM,1,0,1
03/22/2016 02:00:00 AM,0,0,0
03/22/2016 03:00:00 AM,0,0,0
03/22/2016 04:00:00 AM,3,1,2
03/22/2016 05:00:00 AM,3,1,2
03/22/2016 06:00:00 AM,11,1,10
03/22/2016 07:00:00 AM,29,8,21
03/22/2016 08:00:00 AM,26,12,14
03/22/2016 09:00:00 AM,20,8,12
03/22/2016 10:00:00 AM,16,7,9
03/22/2016 11:00:00 AM,15,6,9
03/22/2016 12:00:00 PM,10,7,3
03/22/2016 01:00:00 PM,12,3,9
03/22/2016 02:00:00 PM,13,6,7
03/22/2016 03:00:00 PM,20,7,13
03/22/2016 04:00:00 PM,14,9,5
03/22/2016 05:00:00 PM,32,20,12
03/22/2016 06:00:00 PM,25,17,8
03/22/2016 07:00:00 PM,28,15,13
03/22/2016 08:00:00 PM,13,4,9
03/22/2016 09:00:00 PM,17,6,11
03/22/2016 10:00:00 PM,4,1,3
03/22/2016 11:00:00 PM,6,3,3
03/23/2016 12:00:00 AM,3,2,1
03/23/2016 01:00:00 AM,1,0,1
03/23/2016 02:00:00 AM,2,2,0
03/23/2016 03:00:00 AM,1,1,0
03/23/2016 04:00:00 AM,3,1,2
03/23/2016 05:00:00 AM,4,0,4
03/23/2016 06:00:00 AM,6,0,6
03/23/2016 07:00:00 AM,24,5,19
03/23/2016 08:00:00 AM,21,0,21
03/23/2016 09:00:00 AM,18,7,11
03/23/2016 10:00:00 AM,7,3,4
03/23/2016 11:00:00 AM,10,6,4
03/23/2016 12:00:00 PM,13,7,6
03/23/2016 01:00:00 PM,12,9,3
03/23/2016 02:00:00 PM,7,3,4
03/23/2016 03:00:00 PM,11,6,5
03/23/2016 04:00:00 PM,22,12,10
03/23/2016 05:00:00 PM,31,17,14
03/23/2016 06:00:00 PM,25,16,9
03/23/2016 07:00:00 PM,20,10,10
03/23/2016 08:00:00 PM,15,7,8
03/23/2016 09:00:00 PM,7,3,4
03/23/2016 10:00:00 PM,9,2,7
03/23/2016 11:00:00 PM,4,4,0
03/24/2016 12:00:00 AM,3,3,0
03/24/2016 01:00:00 AM,2,2,0
03/24/2016 02:00:00 AM,0,0,0
03/24/2016 03:00:00 AM,0,0,0
03/24/2016 04:00:00 AM,2,1,1
03/24/2016 05:00:00 AM,2,0,2
03/24/2016 06:00:00 AM,9,1,8
03/24/2016 07:00:00 AM,20,4,16
03/24/2016 08:00:00 AM,32,13,19
03/24/2016 09:00:00 AM,20,7,13
03/24/2016 10:00:00 AM,9,5,4
03/24/2016 11:00:00 AM,12,5,7
03/24/2016 12:00:00 PM,13,8,5
03/24/2016 01:00:00 PM,16,8,8
03/24/2016 02:00:00 PM,11,3,8
03/24/2016 03:00:00 PM,20,15,5
03/24/2016 04:00:00 PM,17,12,5
03/24/2016 05:00:00 PM,31,23,8
03/24/2016 06:00:00 PM,25,13,12
03/24/2016 07:00:00 PM,18,9,9
03/24/2016 08:00:00 PM,16,11,5
03/24/2016 09:00:00 PM,13,6,7
03/24/2016 10:00:00 PM,11,6,5
03/24/2016 11:00:00 PM,7,3,4
03/25/2016 12:00:00 AM,3,3,0
03/25/2016 01:00:00 AM,2,1,1
03/25/2016 02:00:00 AM,2,0,2
03/25/2016 03:00:00 AM,1,0,1
03/25/2016 04:00:00 AM,2,0,2
03/25/2016 05:00:00 AM,2,1,1
03/25/2016 06:00:00 AM,7,1,6
03/25/2016 07:00:00 AM,26,6,20
03/25/2016 08:00:00 AM,25,6,19
03/25/2016 09:00:00 AM,16,9,7
03/25/2016 10:00:00 AM,14,7,7
03/25/2016 11:00:00 AM,11,5,6
03/25/2016 12:00:00 PM,13,8,5
03/25/2016 01:00:00 PM,11,7,4
03/25/2016 02:00:00 PM,9,4,5
03/25/2016 03:00:00 PM,13,8,5
03/25/2016 04:00:00 PM,28,17,11
03/25/2016 05:00:00 PM,38,19,19
03/25/2016 06:00:00 PM,20,9,11
03/25/2016 07:00:00 PM,22,10,12
03/25/2016 08:00:00 PM,11,2,9
03/25/2016 09:00:00 PM,10,4,6
03/25/2016 10:00:00 PM,15,7,8
03/25/2016 11:00:00 PM,8,6,2
03/26/2016 12:00:00 AM,1,1,0
03/26/2016 01:00:00 AM,0,0,0
03/26/2016 02:00:00 AM,3,2,1
03/26/2016 03:00:00 AM,1,1,0
03/26/2016 04:00:00 AM,1,0,1
03/26/2016 05:00:00 AM,2,1,1
03/26/2016 06:00:00 AM,12,4,8
03/26/2016 07:00:00 AM,5,2,3
03/26/2016 08:00:00 AM,3,3,0
03/26/2016 09:00:00 AM,6,1,5
03/26/2016 10:00:00 AM,15,10,5
03/26/2016 11:00:00 AM,9,7,2
03/26/2016 12:00:00 PM,8,2,6
03/26/2016 01:00:00 PM,17,6,11
03/26/2016 02:00:00 PM,18,6,12
03/26/2016 03:00:00 PM,20,11,9
03/26/2016 04:00:00 PM,21,12,9
03/26/2016 05:00:00 PM,19,11,8
03/26/2016 06:00:00 PM,10,6,4
03/26/2016 07:00:00 PM,10,4,6
03/26/2016 08:00:00 PM,7,3,4
03/26/2016 09:00:00 PM,7,2,5
03/26/2016 10:00:00 PM,1,1,0
03/26/2016 11:00:00 PM,5,2,3
03/27/2016 12:00:00 AM,5,4,1
03/27/2016 01:00:00 AM,3,1,2
03/27/2016 02:00:00 AM,1,1,0
03/27/2016 03:00:00 AM,0,0,0
03/27/2016 04:00:00 AM,2,0,2
03/27/2016 05:00:00 AM,0,0,0
03/27/2016 06:00:00 AM,7,0,7
03/27/2016 07:00:00 AM,4,0,4
03/27/2016 08:00:00 AM,1,1,0
03/27/2016 09:00:00 AM,4,1,3
03/27/2016 10:00:00 AM,4,2,2
03/27/2016 11:00:00 AM,11,5,6
03/27/2016 12:00:00 PM,7,5,2
03/27/2016 01:00:00 PM,2,2,0
03/27/2016 02:00:00 PM,8,4,4
03/27/2016 03:00:00 PM,11,4,7
03/27/2016 04:00:00 PM,6,4,2
03/27/2016 05:00:00 PM,5,1,4
03/27/2016 06:00:00 PM,3,1,2
03/27/2016 07:00:00 PM,4,2,2
03/27/2016 08:00:00 PM,6,4,2
03/27/2016 09:00:00 PM,4,2,2
03/27/2016 10:00:00 PM,4,1,3
03/27/2016 11:00:00 PM,6,4,2
03/28/2016 12:00:00 AM,5,2,3
03/28/2016 01:00:00 AM,1,1,0
03/28/2016 02:00:00 AM,0,0,0
03/28/2016 03:00:00 AM,1,1,0
03/28/2016 04:00:00 AM,3,3,0
03/28/2016 05:00:00 AM,3,1,2
03/28/2016 06:00:00 AM,10,1,9
03/28/2016 07:00:00 AM,31,6,25
03/28/2016 08:00:00 AM,26,5,21
03/28/2016 09:00:00 AM,14,9,5
03/28/2016 10:00:00 AM,7,4,3
03/28/2016 11:00:00 AM,8,4,4
03/28/2016 12:00:00 PM,15,10,5
03/28/2016 01:00:00 PM,14,4,10
03/28/2016 02:00:00 PM,10,4,6
03/28/2016 03:00:00 PM,19,12,7
03/28/2016 04:00:00 PM,29,21,8
03/28/2016 05:00:00 PM,39,25,14
03/28/2016 06:00:00 PM,26,11,15
03/28/2016 07:00:00 PM,20,8,12
03/28/2016 08:00:00 PM,23,11,12
03/28/2016 09:00:00 PM,16,11,5
03/28/2016 10:00:00 PM,1,0,1
03/28/2016 11:00:00 PM,7,3,4
03/29/2016 12:00:00 AM,1,1,0
03/29/2016 01:00:00 AM,0,0,0
03/29/2016 02:00:00 AM,2,2,0
03/29/2016 03:00:00 AM,0,0,0
03/29/2016 04:00:00 AM,0,0,0
03/29/2016 05:00:00 AM,4,3,1
03/29/2016 06:00:00 AM,17,4,13
03/29/2016 07:00:00 AM,32,7,25
03/29/2016 08:00:00 AM,35,7,28
03/29/2016 09:00:00 AM,23,9,14
03/29/2016 10:00:00 AM,11,3,8
03/29/2016 11:00:00 AM,18,6,12
03/29/2016 12:00:00 PM,15,8,7
03/29/2016 01:00:00 PM,18,11,7
03/29/2016 02:00:00 PM,18,9,9
03/29/2016 03:00:00 PM,27,14,13
03/29/2016 04:00:00 PM,23,11,12
03/29/2016 05:00:00 PM,66,38,28
03/29/2016 06:00:00 PM,40,27,13
03/29/2016 07:00:00 PM,22,11,11
03/29/2016 08:00:00 PM,13,3,10
03/29/2016 09:00:00 PM,8,4,4
03/29/2016 10:00:00 PM,4,1,3
03/29/2016 11:00:00 PM,3,3,0
03/30/2016 12:00:00 AM,2,1,1
03/30/2016 01:00:00 AM,1,0,1
03/30/2016 02:00:00 AM,0,0,0
03/30/2016 03:00:00 AM,0,0,0
03/30/2016 04:00:00 AM,2,2,0
03/30/2016 05:00:00 AM,5,4,1
03/30/2016 06:00:00 AM,12,0,12
03/30/2016 07:00:00 AM,39,7,32
03/30/2016 08:00:00 AM,36,6,30
03/30/2016 09:00:00 AM,28,14,14
03/30/2016 10:00:00 AM,18,7,11
03/30/2016 11:00:00 AM,14,10,4
03/30/2016 12:00:00 PM,21,12,9
03/30/2016 01:00:00 PM,21,10,11
03/30/2016 02:00:00 PM,15,8,7
03/30/2016 03:00:00 PM,24,12,12
03/30/2016 04:00:00 PM,29,17,12
03/30/2016 05:00:00 PM,50,32,18
03/30/2016 06:00:00 PM,37,15,22
03/30/2016 07:00:00 PM,20,12,8
03/30/2016 08:00:00 PM,16,8,8
03/30/2016 09:00:00 PM,12,6,6
03/30/2016 10:00:00 PM,9,6,3
03/30/2016 11:00:00 PM,7,4,3
03/31/2016 12:00:00 AM,4,3,1
03/31/2016 01:00:00 AM,5,1,4
03/31/2016 02:00:00 AM,8,1,7
03/31/2016 03:00:00 AM,0,0,0
03/31/2016 04:00:00 AM,4,4,0
03/31/2016 05:00:00 AM,4,4,0
03/31/2016 06:00:00 AM,18,1,17
03/31/2016 07:00:00 AM,27,5,22
03/31/2016 08:00:00 AM,30,7,23
03/31/2016 09:00:00 AM,26,12,14
03/31/2016 10:00:00 AM,12,5,7
03/31/2016 11:00:00 AM,19,9,10
03/31/2016 12:00:00 PM,24,12,12
03/31/2016 01:00:00 PM,16,7,9
03/31/2016 02:00:00 PM,18,8,10
03/31/2016 03:00:00 PM,24,13,11
03/31/2016 04:00:00 PM,22,15,7
03/31/2016 05:00:00 PM,49,27,22
03/31/2016 06:00:00 PM,27,11,16
03/31/2016 07:00:00 PM,29,11,18
03/31/2016 08:00:00 PM,24,13,11
03/31/2016 09:00:00 PM,11,4,7
03/31/2016 10:00:00 PM,3,1,2
03/31/2016 11:00:00 PM,7,5,2
04/01/2016 12:00:00 AM,9,7,2
04/01/2016 01:00:00 AM,3,0,3
04/01/2016 02:00:00 AM,1,0,1
04/01/2016 03:00:00 AM,0,0,0
04/01/2016 04:00:00 AM,3,2,1
04/01/2016 05:00:00 AM,1,0,1
04/01/2016 06:00:00 AM,7,0,7
04/01/2016 07:00:00 AM,35,7,28
04/01/2016 08:00:00 AM,37,6,31
04/01/2016 09:00:00 AM,19,8,11
04/01/2016 10:00:00 AM,35,12,23
04/01/2016 11:00:00 AM,11,6,5
04/01/2016 12:00:00 PM,17,6,11
04/01/2016 01:00:00 PM,17,8,9
04/01/2016 02:00:00 PM,15,7,8
04/01/2016 03:00:00 PM,24,14,10
04/01/2016 04:00:00 PM,37,25,12
04/01/2016 05:00:00 PM,40,27,13
04/01/2016 06:00:00 PM,27,12,15
04/01/2016 07:00:00 PM,30,23,7
04/01/2016 08:00:00 PM,21,6,15
04/01/2016 09:00:00 PM,18,7,11
04/01/2016 10:00:00 PM,2,1,1
04/01/2016 11:00:00 PM,19,10,9
04/02/2016 12:00:00 AM,6,4,2
04/02/2016 01:00:00 AM,2,0,2
04/02/2016 02:00:00 AM,5,0,5
04/02/2016 03:00:00 AM,2,0,2
04/02/2016 04:00:00 AM,0,0,0
04/02/2016 05:00:00 AM,3,1,2
04/02/2016 06:00:00 AM,6,1,5
04/02/2016 07:00:00 AM,3,1,2
04/02/2016 08:00:00 AM,5,2,3
04/02/2016 09:00:00 AM,12,3,9
04/02/2016 10:00:00 AM,9,7,2
04/02/2016 11:00:00 AM,9,0,9
04/02/2016 12:00:00 PM,9,5,4
04/02/2016 01:00:00 PM,17,5,12
04/02/2016 02:00:00 PM,37,15,22
04/02/2016 03:00:00 PM,15,6,9
04/02/2016 04:00:00 PM,29,17,12
04/02/2016 05:00:00 PM,19,8,11
04/02/2016 06:00:00 PM,30,15,15
04/02/2016 07:00:00 PM,17,6,11
04/02/2016 08:00:00 PM,12,5,7
04/02/2016 09:00:00 PM,9,2,7
04/02/2016 10:00:00 PM,6,3,3
04/02/2016 11:00:00 PM,7,1,6
04/03/2016 12:00:00 AM,11,8,3
04/03/2016 01:00:00 AM,8,2,6
04/03/2016 02:00:00 AM,5,1,4
04/03/2016 03:00:00 AM,1,1,0
04/03/2016 04:00:00 AM,0,0,0
04/03/2016 05:00:00 AM,2,2,0
04/03/2016 06:00:00 AM,18,15,3
04/03/2016 07:00:00 AM,11,7,4
04/03/2016 08:00:00 AM,8,3,5
04/03/2016 09:00:00 AM,24,7,17
04/03/2016 10:00:00 AM,20,10,10
04/03/2016 11:00:00 AM,58,13,45
04/03/2016 12:00:00 PM,26,16,10
04/03/2016 01:00:00 PM,40,22,18
04/03/2016 02:00:00 PM,20,8,12
04/03/2016 03:00:00 PM,15,6,9
04/03/2016 04:00:00 PM,19,7,12
04/03/2016 05:00:00 PM,16,6,10
04/03/2016 06:00:00 PM,13,8,5
04/03/2016 07:00:00 PM,16,7,9
04/03/2016 08:00:00 PM,11,3,8
04/03/2016 09:00:00 PM,8,1,7
04/03/2016 10:00:00 PM,8,2,6
04/03/2016 11:00:00 PM,3,2,1
04/04/2016 12:00:00 AM,1,1,0
04/04/2016 01:00:00 AM,1,1,0
04/04/2016 02:00:00 AM,0,0,0
04/04/2016 03:00:00 AM,0,0,0
04/04/2016 04:00:00 AM,0,0,0
04/04/2016 05:00:00 AM,4,1,3
04/04/2016 06:00:00 AM,11,1,10
04/04/2016 07:00:00 AM,22,6,16
04/04/2016 08:00:00 AM,35,8,27
04/04/2016 09:00:00 AM,13,7,6
04/04/2016 10:00:00 AM,16,7,9
04/04/2016 11:00:00 AM,19,7,12
04/04/2016 12:00:00 PM,17,3,14
04/04/2016 01:00:00 PM,15,1,14
04/04/2016 02:00:00 PM,15,7,8
04/04/2016 03:00:00 PM,21,7,14
04/04/2016 04:00:00 PM,38,20,18
04/04/2016 05:00:00 PM,42,23,19
04/04/2016 06:00:00 PM,37,23,14
04/04/2016 07:00:00 PM,26,12,14
04/04/2016 08:00:00 PM,17,8,9
04/04/2016 09:00:00 PM,7,2,5
04/04/2016 10:00:00 PM,13,3,10
04/04/2016 11:00:00 PM,4,1,3
04/05/2016 12:00:00 AM,1,0,1
04/05/2016 01:00:00 AM,3,2,1
04/05/2016 02:00:00 AM,1,0,1
04/05/2016 03:00:00 AM,1,0,1
04/05/2016 04:00:00 AM,3,2,1
04/05/2016 05:00:00 AM,7,2,5
04/05/2016 06:00:00 AM,12,1,11
04/05/2016 07:00:00 AM,27,7,20
04/05/2016 08:00:00 AM,38,11,27
04/05/2016 09:00:00 AM,26,13,13
04/05/2016 10:00:00 AM,23,6,17
04/05/2016 11:00:00 AM,8,2,6
04/05/2016 12:00:00 PM,16,3,13
04/05/2016 01:00:00 PM,14,4,10
04/05/2016 02:00:00 PM,12,6,6
04/05/2016 03:00:00 PM,19,8,11
04/05/2016 04:00:00 PM,27,9,18
04/05/2016 05:00:00 PM,46,24,22
04/05/2016 06:00:00 PM,47,26,21
04/05/2016 07:00:00 PM,29,14,15
04/05/2016 08:00:00 PM,17,6,11
04/05/2016 09:00:00 PM,13,6,7
04/05/2016 10:00:00 PM,9,2,7
04/05/2016 11:00:00 PM,3,1,2
04/06/2016 12:00:00 AM,2,1,1
04/06/2016 01:00:00 AM,1,0,1
04/06/2016 02:00:00 AM,3,2,1
04/06/2016 03:00:00 AM,0,0,0
04/06/2016 04:00:00 AM,0,0,0
04/06/2016 05:00:00 AM,2,1,1
04/06/2016 06:00:00 AM,24,4,20
04/06/2016 07:00:00 AM,32,7,25
04/06/2016 08:00:00 AM,38,10,28
04/06/2016 09:00:00 AM,22,7,15
04/06/2016 10:00:00 AM,22,10,12
04/06/2016 11:00:00 AM,13,7,6
04/06/2016 12:00:00 PM,22,12,10
04/06/2016 01:00:00 PM,20,4,16
04/06/2016 02:00:00 PM,25,13,12
04/06/2016 03:00:00 PM,26,21,5
04/06/2016 04:00:00 PM,35,19,16
04/06/2016 05:00:00 PM,61,43,18
04/06/2016 06:00:00 PM,35,18,17
04/06/2016 07:00:00 PM,29,15,14
04/06/2016 08:00:00 PM,16,8,8
04/06/2016 09:00:00 PM,18,11,7
04/06/2016 10:00:00 PM,10,4,6
04/06/2016 11:00:00 PM,7,7,0
04/07/2016 12:00:00 AM,1,1,0
04/07/2016 01:00:00 AM,2,0,2
04/07/2016 02:00:00 AM,2,0,2
04/07/2016 03:00:00 AM,0,0,0
04/07/2016 04:00:00 AM,0,0,0
04/07/2016 05:00:00 AM,6,1,5
04/07/2016 06:00:00 AM,12,1,11
04/07/2016 07:00:00 AM,40,11,29
04/07/2016 08:00:00 AM,27,4,23
04/07/2016 09:00:00 AM,29,19,10
04/07/2016 10:00:00 AM,15,3,12
04/07/2016 11:00:00 AM,16,10,6
04/07/2016 12:00:00 PM,20,7,13
04/07/2016 01:00:00 PM,20,8,12
04/07/2016 02:00:00 PM,20,8,12
04/07/2016 03:00:00 PM,21,12,9
04/07/2016 04:00:00 PM,40,27,13
04/07/2016 05:00:00 PM,53,33,20
04/07/2016 06:00:00 PM,46,23,23
04/07/2016 07:00:00 PM,35,20,15
04/07/2016 08:00:00 PM,22,9,13
04/07/2016 09:00:00 PM,19,10,9
04/07/2016 10:00:00 PM,4,3,1
04/07/2016 11:00:00 PM,14,7,7
04/08/2016 12:00:00 AM,4,3,1
04/08/2016 01:00:00 AM,7,0,7
04/08/2016 02:00:00 AM,3,2,1
04/08/2016 03:00:00 AM,1,0,1
04/08/2016 04:00:00 AM,2,0,2
04/08/2016 05:00:00 AM,2,0,2
04/08/2016 06:00:00 AM,16,2,14
04/08/2016 07:00:00 AM,27,7,20
04/08/2016 08:00:00 AM,32,9,23
04/08/2016 09:00:00 AM,30,18,12
04/08/2016 10:00:00 AM,18,9,9
04/08/2016 11:00:00 AM,9,5,4
04/08/2016 12:00:00 PM,25,13,12
04/08/2016 01:00:00 PM,25,10,15
04/08/2016 02:00:00 PM,20,11,9
04/08/2016 03:00:00 PM,27,16,11
04/08/2016 04:00:00 PM,44,23,21
04/08/2016 05:00:00 PM,50,29,21
04/08/2016 06:00:00 PM,36,15,21
04/08/2016 07:00:00 PM,26,18,8
04/08/2016 08:00:00 PM,24,10,14
04/08/2016 09:00:00 PM,14,5,9
04/08/2016 10:00:00 PM,13,7,6
04/08/2016 11:00:00 PM,22,11,11
04/09/2016 12:00:00 AM,5,2,3
04/09/2016 01:00:00 AM,0,0,0
04/09/2016 02:00:00 AM,2,1,1
04/09/2016 03:00:00 AM,1,0,1
04/09/2016 04:00:00 AM,1,1,0
04/09/2016 05:00:00 AM,3,0,3
04/09/2016 06:00:00 AM,6,1,5
04/09/2016 07:00:00 AM,6,2,4
04/09/2016 08:00:00 AM,7,4,3
04/09/2016 09:00:00 AM,17,9,8
04/09/2016 10:00:00 AM,19,11,8
04/09/2016 11:00:00 AM,12,5,7
04/09/2016 12:00:00 PM,12,5,7
04/09/2016 01:00:00 PM,20,9,11
04/09/2016 02:00:00 PM,18,7,11
04/09/2016 03:00:00 PM,15,9,6
04/09/2016 04:00:00 PM,25,10,15
04/09/2016 05:00:00 PM,24,16,8
04/09/2016 06:00:00 PM,20,10,10
04/09/2016 07:00:00 PM,16,6,10
04/09/2016 08:00:00 PM,17,11,6
04/09/2016 09:00:00 PM,14,4,10
04/09/2016 10:00:00 PM,3,2,1
04/09/2016 11:00:00 PM,5,2,3
04/10/2016 12:00:00 AM,3,0,3
04/10/2016 01:00:00 AM,4,1,3
04/10/2016 02:00:00 AM,1,0,1
04/10/2016 03:00:00 AM,1,1,0
04/10/2016 04:00:00 AM,1,0,1
04/10/2016 05:00:00 AM,0,0,0
04/10/2016 06:00:00 AM,6,1,5
04/10/2016 07:00:00 AM,5,2,3
04/10/2016 08:00:00 AM,2,0,2
04/10/2016 09:00:00 AM,4,0,4
04/10/2016 10:00:00 AM,4,0,4
04/10/2016 11:00:00 AM,9,6,3
04/10/2016 12:00:00 PM,15,5,10
04/10/2016 01:00:00 PM,10,6,4
04/10/2016 02:00:00 PM,21,9,12
04/10/2016 03:00:00 PM,19,9,10
04/10/2016 04:00:00 PM,17,11,6
04/10/2016 05:00:00 PM,19,5,14
04/10/2016 06:00:00 PM,13,6,7
04/10/2016 07:00:00 PM,17,7,10
04/10/2016 08:00:00 PM,11,3,8
04/10/2016 09:00:00 PM,11,3,8
04/10/2016 10:00:00 PM,8,6,2
04/10/2016 11:00:00 PM,2,1,1
04/11/2016 12:00:00 AM,1,0,1
04/11/2016 01:00:00 AM,0,0,0
04/11/2016 02:00:00 AM,1,0,1
04/11/2016 03:00:00 AM,0,0,0
04/11/2016 04:00:00 AM,0,0,0
04/11/2016 05:00:00 AM,6,0,6
04/11/2016 06:00:00 AM,17,3,14
04/11/2016 07:00:00 AM,31,4,27
04/11/2016 08:00:00 AM,29,7,22
04/11/2016 09:00:00 AM,26,15,11
04/11/2016 10:00:00 AM,15,7,8
04/11/2016 11:00:00 AM,17,7,10
04/11/2016 12:00:00 PM,19,12,7
04/11/2016 01:00:00 PM,16,12,4
04/11/2016 02:00:00 PM,14,7,7
04/11/2016 03:00:00 PM,18,13,5
04/11/2016 04:00:00 PM,32,16,16
04/11/2016 05:00:00 PM,41,25,16
04/11/2016 06:00:00 PM,26,16,10
04/11/2016 07:00:00 PM,15,8,7
04/11/2016 08:00:00 PM,15,9,6
04/11/2016 09:00:00 PM,5,2,3
04/11/2016 10:00:00 PM,8,5,3
04/11/2016 11:00:00 PM,12,6,6
04/12/2016 12:00:00 AM,6,2,4
04/12/2016 01:00:00 AM,1,1,0
04/12/2016 02:00:00 AM,3,1,2
04/12/2016 03:00:00 AM,2,0,2
04/12/2016 04:00:00 AM,2,0,2
04/12/2016 05:00:00 AM,6,1,5
04/12/2016 06:00:00 AM,11,1,10
04/12/2016 07:00:00 AM,32,8,24
04/12/2016 08:00:00 AM,26,5,21
04/12/2016 09:00:00 AM,18,12,6
04/12/2016 10:00:00 AM,18,7,11
04/12/2016 11:00:00 AM,21,8,13
04/12/2016 12:00:00 PM,16,8,8
04/12/2016 01:00:00 PM,18,7,11
04/12/2016 02:00:00 PM,19,8,11
04/12/2016 03:00:00 PM,17,8,9
04/12/2016 04:00:00 PM,16,11,5
04/12/2016 05:00:00 PM,32,19,13
04/12/2016 06:00:00 PM,27,17,10
04/12/2016 07:00:00 PM,22,12,10
04/12/2016 08:00:00 PM,12,4,8
04/12/2016 09:00:00 PM,11,5,6
04/12/2016 10:00:00 PM,5,3,2
04/12/2016 11:00:00 PM,3,3,0
04/13/2016 12:00:00 AM,1,1,0
04/13/2016 01:00:00 AM,2,1,1
04/13/2016 02:00:00 AM,0,0,0
04/13/2016 03:00:00 AM,0,0,0
04/13/2016 04:00:00 AM,0,0,0
04/13/2016 05:00:00 AM,7,2,5
04/13/2016 06:00:00 AM,15,2,13
04/13/2016 07:00:00 AM,21,6,15
04/13/2016 08:00:00 AM,33,10,23
04/13/2016 09:00:00 AM,21,11,10
04/13/2016 10:00:00 AM,16,8,8
04/13/2016 11:00:00 AM,14,7,7
04/13/2016 12:00:00 PM,17,9,8
04/13/2016 01:00:00 PM,13,9,4
04/13/2016 02:00:00 PM,17,9,8
04/13/2016 03:00:00 PM,25,13,12
04/13/2016 04:00:00 PM,31,16,15
04/13/2016 05:00:00 PM,30,16,14
04/13/2016 06:00:00 PM,34,18,16
04/13/2016 07:00:00 PM,22,14,8
04/13/2016 08:00:00 PM,18,8,10
04/13/2016 09:00:00 PM,21,8,13
04/13/2016 10:00:00 PM,8,1,7
04/13/2016 11:00:00 PM,9,9,0
04/14/2016 12:00:00 AM,4,3,1
04/14/2016 01:00:00 AM,0,0,0
04/14/2016 02:00:00 AM,1,1,0
04/14/2016 03:00:00 AM,0,0,0
04/14/2016 04:00:00 AM,1,0,1
04/14/2016 05:00:00 AM,7,2,5
04/14/2016 06:00:00 AM,7,0,7
04/14/2016 07:00:00 AM,30,5,25
04/14/2016 08:00:00 AM,41,10,31
04/14/2016 09:00:00 AM,23,14,9
04/14/2016 10:00:00 AM,19,6,13
04/14/2016 11:00:00 AM,15,9,6
04/14/2016 12:00:00 PM,14,4,10
04/14/2016 01:00:00 PM,19,8,11
04/14/2016 02:00:00 PM,13,7,6
04/14/2016 03:00:00 PM,23,15,8
04/14/2016 04:00:00 PM,31,19,12
04/14/2016 05:00:00 PM,42,19,23
04/14/2016 06:00:00 PM,32,17,15
04/14/2016 07:00:00 PM,19,10,9
04/14/2016 08:00:00 PM,17,7,10
04/14/2016 09:00:00 PM,10,4,6
04/14/2016 10:00:00 PM,1,1,0
04/14/2016 11:00:00 PM,7,5,2
04/15/2016 12:00:00 AM,1,0,1
04/15/2016 01:00:00 AM,2,0,2
04/15/2016 02:00:00 AM,2,0,2
04/15/2016 03:00:00 AM,0,0,0
04/15/2016 04:00:00 AM,2,1,1
04/15/2016 05:00:00 AM,5,2,3
04/15/2016 06:00:00 AM,12,0,12
04/15/2016 07:00:00 AM,37,10,27
04/15/2016 08:00:00 AM,24,3,21
04/15/2016 09:00:00 AM,23,9,14
04/15/2016 10:00:00 AM,18,10,8
04/15/2016 11:00:00 AM,17,7,10
04/15/2016 12:00:00 PM,12,4,8
04/15/2016 01:00:00 PM,19,10,9
04/15/2016 02:00:00 PM,18,6,12
04/15/2016 03:00:00 PM,14,5,9
04/15/2016 04:00:00 PM,30,20,10
04/15/2016 05:00:00 PM,38,22,16
04/15/2016 06:00:00 PM,15,7,8
04/15/2016 07:00:00 PM,26,9,17
04/15/2016 08:00:00 PM,20,8,12
04/15/2016 09:00:00 PM,11,5,6
04/15/2016 10:00:00 PM,12,7,5
04/15/2016 11:00:00 PM,9,4,5
04/16/2016 12:00:00 AM,5,0,5
04/16/2016 01:00:00 AM,6,0,6
04/16/2016 02:00:00 AM,3,2,1
04/16/2016 03:00:00 AM,1,0,1
04/16/2016 04:00:00 AM,3,0,3
04/16/2016 05:00:00 AM,1,0,1
04/16/2016 06:00:00 AM,4,0,4
04/16/2016 07:00:00 AM,10,3,7
04/16/2016 08:00:00 AM,8,6,2
04/16/2016 09:00:00 AM,16,7,9
04/16/2016 10:00:00 AM,17,6,11
04/16/2016 11:00:00 AM,14,6,8
04/16/2016 12:00:00 PM,16,5,11
04/16/2016 01:00:00 PM,25,7,18
04/16/2016 02:00:00 PM,13,5,8
04/16/2016 03:00:00 PM,21,13,8
04/16/2016 04:00:00 PM,22,12,10
04/16/2016 05:00:00 PM,26,11,15
04/16/2016 06:00:00 PM,10,5,5
04/16/2016 07:00:00 PM,10,4,6
04/16/2016 08:00:00 PM,18,11,7
04/16/2016 09:00:00 PM,13,7,6
04/16/2016 10:00:00 PM,5,0,5
04/16/2016 11:00:00 PM,9,3,6
04/17/2016 12:00:00 AM,8,6,2
04/17/2016 01:00:00 AM,11,7,4
04/17/2016 02:00:00 AM,6,4,2
04/17/2016 03:00:00 AM,0,0,0
04/17/2016 04:00:00 AM,0,0,0
04/17/2016 05:00:00 AM,1,0,1
04/17/2016 06:00:00 AM,7,2,5
04/17/2016 07:00:00 AM,9,4,5
04/17/2016 08:00:00 AM,6,2,4
04/17/2016 09:00:00 AM,7,4,3
04/17/2016 10:00:00 AM,21,10,11
04/17/2016 11:00:00 AM,23,7,16
04/17/2016 12:00:00 PM,15,8,7
04/17/2016 01:00:00 PM,24,11,13
04/17/2016 02:00:00 PM,25,9,16
04/17/2016 03:00:00 PM,16,9,7
04/17/2016 04:00:00 PM,14,4,10
04/17/2016 05:00:00 PM,26,13,13
04/17/2016 06:00:00 PM,21,9,12
04/17/2016 07:00:00 PM,22,11,11
04/17/2016 08:00:00 PM,13,5,8
04/17/2016 09:00:00 PM,7,1,6
04/17/2016 10:00:00 PM,4,2,2
04/17/2016 11:00:00 PM,5,4,1
04/18/2016 12:00:00 AM,6,3,3
04/18/2016 01:00:00 AM,0,0,0
04/18/2016 02:00:00 AM,0,0,0
04/18/2016 03:00:00 AM,1,1,0
04/18/2016 04:00:00 AM,1,0,1
04/18/2016 05:00:00 AM,4,0,4
04/18/2016 06:00:00 AM,15,6,9
04/18/2016 07:00:00 AM,41,7,34
04/18/2016 08:00:00 AM,34,9,25
04/18/2016 09:00:00 AM,22,12,10
04/18/2016 10:00:00 AM,19,8,11
04/18/2016 11:00:00 AM,17,10,7
04/18/2016 12:00:00 PM,10,5,5
04/18/2016 01:00:00 PM,13,6,7
04/18/2016 02:00:00 PM,20,11,9
04/18/2016 03:00:00 PM,14,3,11
04/18/2016 04:00:00 PM,38,22,16
04/18/2016 05:00:00 PM,44,22,22
04/18/2016 06:00:00 PM,55,22,33
04/18/2016 07:00:00 PM,31,13,18
04/18/2016 08:00:00 PM,13,4,9
04/18/2016 09:00:00 PM,25,11,14
04/18/2016 10:00:00 PM,5,2,3
04/18/2016 11:00:00 PM,4,2,2
04/19/2016 12:00:00 AM,4,0,4
04/19/2016 01:00:00 AM,1,1,0
04/19/2016 02:00:00 AM,0,0,0
04/19/2016 03:00:00 AM,0,0,0
04/19/2016 04:00:00 AM,0,0,0
04/19/2016 05:00:00 AM,5,2,3
04/19/2016 06:00:00 AM,15,2,13
04/19/2016 07:00:00 AM,52,10,42
04/19/2016 08:00:00 AM,44,15,29
04/19/2016 09:00:00 AM,19,10,9
04/19/2016 10:00:00 AM,24,9,15
04/19/2016 11:00:00 AM,16,6,10
04/19/2016 12:00:00 PM,18,11,7
04/19/2016 01:00:00 PM,25,10,15
04/19/2016 02:00:00 PM,27,18,9
04/19/2016 03:00:00 PM,23,7,16
04/19/2016 04:00:00 PM,30,20,10
04/19/2016 05:00:00 PM,61,41,20
04/19/2016 06:00:00 PM,40,25,15
04/19/2016 07:00:00 PM,27,14,13
04/19/2016 08:00:00 PM,21,11,10
04/19/2016 09:00:00 PM,24,11,13
04/19/2016 10:00:00 PM,9,1,8
04/19/2016 11:00:00 PM,2,1,1
04/20/2016 12:00:00 AM,1,1,0
04/20/2016 01:00:00 AM,2,2,0
04/20/2016 02:00:00 AM,1,1,0
04/20/2016 03:00:00 AM,0,0,0
04/20/2016 04:00:00 AM,2,1,1
04/20/2016 05:00:00 AM,2,1,1
04/20/2016 06:00:00 AM,14,1,13
04/20/2016 07:00:00 AM,48,11,37
04/20/2016 08:00:00 AM,43,12,31
04/20/2016 09:00:00 AM,16,3,13
04/20/2016 10:00:00 AM,14,8,6
04/20/2016 11:00:00 AM,14,9,5
04/20/2016 12:00:00 PM,20,7,13
04/20/2016 01:00:00 PM,24,12,12
04/20/2016 02:00:00 PM,33,13,20
04/20/2016 03:00:00 PM,28,16,12
04/20/2016 04:00:00 PM,36,19,17
04/20/2016 05:00:00 PM,51,30,21
04/20/2016 06:00:00 PM,45,25,20
04/20/2016 07:00:00 PM,38,25,13
04/20/2016 08:00:00 PM,38,13,25
04/20/2016 09:00:00 PM,19,11,8
04/20/2016 10:00:00 PM,11,4,7
04/20/2016 11:00:00 PM,10,4,6
04/21/2016 12:00:00 AM,3,0,3
04/21/2016 01:00:00 AM,4,2,2
04/21/2016 02:00:00 AM,1,0,1
04/21/2016 03:00:00 AM,0,0,0
04/21/2016 04:00:00 AM,2,0,2
04/21/2016 05:00:00 AM,4,2,2
04/21/2016 06:00:00 AM,11,1,10
04/21/2016 07:00:00 AM,33,3,30
04/21/2016 08:00:00 AM,42,11,31
04/21/2016 09:00:00 AM,27,13,14
04/21/2016 10:00:00 AM,15,5,10
04/21/2016 11:00:00 AM,19,8,11
04/21/2016 12:00:00 PM,22,12,10
04/21/2016 01:00:00 PM,24,11,13
04/21/2016 02:00:00 PM,23,11,12
04/21/2016 03:00:00 PM,34,18,16
04/21/2016 04:00:00 PM,26,19,7
04/21/2016 05:00:00 PM,63,31,32
04/21/2016 06:00:00 PM,45,24,21
04/21/2016 07:00:00 PM,36,22,14
04/21/2016 08:00:00 PM,21,7,14
04/21/2016 09:00:00 PM,13,4,9
04/21/2016 10:00:00 PM,7,3,4
04/21/2016 11:00:00 PM,5,3,2
04/22/2016 12:00:00 AM,18,2,16
04/22/2016 01:00:00 AM,9,7,2
04/22/2016 02:00:00 AM,1,0,1
04/22/2016 03:00:00 AM,0,0,0
04/22/2016 04:00:00 AM,3,0,3
04/22/2016 05:00:00 AM,2,1,1
04/22/2016 06:00:00 AM,14,0,14
04/22/2016 07:00:00 AM,32,4,28
04/22/2016 08:00:00 AM,33,9,24
04/22/2016 09:00:00 AM,13,8,5
04/22/2016 10:00:00 AM,19,9,10
04/22/2016 11:00:00 AM,25,13,12
04/22/2016 12:00:00 PM,11,7,4
04/22/2016 01:00:00 PM,21,8,13
04/22/2016 02:00:00 PM,17,9,8
04/22/2016 03:00:00 PM,23,15,8
04/22/2016 04:00:00 PM,24,17,7
04/22/2016 05:00:00 PM,37,22,15
04/22/2016 06:00:00 PM,30,20,10
04/22/2016 07:00:00 PM,23,13,10
04/22/2016 08:00:00 PM,10,6,4
04/22/2016 09:00:00 PM,8,4,4
04/22/2016 10:00:00 PM,10,6,4
04/22/2016 11:00:00 PM,9,4,5
04/23/2016 12:00:00 AM,11,5,6
04/23/2016 01:00:00 AM,10,4,6
04/23/2016 02:00:00 AM,2,2,0
04/23/2016 03:00:00 AM,0,0,0
04/23/2016 04:00:00 AM,0,0,0
04/23/2016 05:00:00 AM,3,1,2
04/23/2016 06:00:00 AM,6,0,6
04/23/2016 07:00:00 AM,5,2,3
04/23/2016 08:00:00 AM,10,2,8
04/23/2016 09:00:00 AM,8,6,2
04/23/2016 10:00:00 AM,9,4,5
04/23/2016 11:00:00 AM,11,7,4
04/23/2016 12:00:00 PM,22,12,10
04/23/2016 01:00:00 PM,23,9,14
04/23/2016 02:00:00 PM,19,9,10
04/23/2016 03:00:00 PM,17,8,9
04/23/2016 04:00:00 PM,14,9,5
04/23/2016 05:00:00 PM,15,7,8
04/23/2016 06:00:00 PM,17,12,5
04/23/2016 07:00:00 PM,6,4,2
04/23/2016 08:00:00 PM,17,11,6
04/23/2016 09:00:00 PM,5,1,4
04/23/2016 10:00:00 PM,5,2,3
04/23/2016 11:00:00 PM,3,0,3
04/24/2016 12:00:00 AM,4,2,2
04/24/2016 01:00:00 AM,5,1,4
04/24/2016 02:00:00 AM,5,0,5
04/24/2016 03:00:00 AM,0,0,0
04/24/2016 04:00:00 AM,0,0,0
04/24/2016 05:00:00 AM,1,0,1
04/24/2016 06:00:00 AM,7,0,7
04/24/2016 07:00:00 AM,2,0,2
04/24/2016 08:00:00 AM,3,1,2
04/24/2016 09:00:00 AM,4,0,4
04/24/2016 10:00:00 AM,4,1,3
04/24/2016 11:00:00 AM,9,6,3
04/24/2016 12:00:00 PM,7,4,3
04/24/2016 01:00:00 PM,6,2,4
04/24/2016 02:00:00 PM,10,5,5
04/24/2016 03:00:00 PM,10,6,4
04/24/2016 04:00:00 PM,9,5,4
04/24/2016 05:00:00 PM,9,5,4
04/24/2016 06:00:00 PM,13,10,3
04/24/2016 07:00:00 PM,3,3,0
04/24/2016 08:00:00 PM,8,3,5
04/24/2016 09:00:00 PM,1,1,0
04/24/2016 10:00:00 PM,0,0,0
04/24/2016 11:00:00 PM,1,1,0
04/25/2016 12:00:00 AM,1,0,1
04/25/2016 01:00:00 AM,2,2,0
04/25/2016 02:00:00 AM,1,0,1
04/25/2016 03:00:00 AM,0,0,0
04/25/2016 04:00:00 AM,1,0,1
04/25/2016 05:00:00 AM,4,1,3
04/25/2016 06:00:00 AM,13,2,11
04/25/2016 07:00:00 AM,30,12,18
04/25/2016 08:00:00 AM,35,4,31
04/25/2016 09:00:00 AM,18,7,11
04/25/2016 10:00:00 AM,6,4,2
04/25/2016 11:00:00 AM,15,6,9
04/25/2016 12:00:00 PM,17,10,7
04/25/2016 01:00:00 PM,12,3,9
04/25/2016 02:00:00 PM,21,9,12
04/25/2016 03:00:00 PM,22,16,6
04/25/2016 04:00:00 PM,29,15,14
04/25/2016 05:00:00 PM,45,31,14
04/25/2016 06:00:00 PM,42,25,17
04/25/2016 07:00:00 PM,19,8,11
04/25/2016 08:00:00 PM,10,6,4
04/25/2016 09:00:00 PM,15,8,7
04/25/2016 10:00:00 PM,5,3,2
04/25/2016 11:00:00 PM,6,3,3
04/26/2016 12:00:00 AM,1,0,1
04/26/2016 01:00:00 AM,2,1,1
04/26/2016 02:00:00 AM,0,0,0
04/26/2016 03:00:00 AM,1,1,0
04/26/2016 04:00:00 AM,3,2,1
04/26/2016 05:00:00 AM,1,1,0
04/26/2016 06:00:00 AM,22,4,18
04/26/2016 07:00:00 AM,47,8,39
04/26/2016 08:00:00 AM,45,14,31
04/26/2016 09:00:00 AM,26,16,10
04/26/2016 10:00:00 AM,19,7,12
04/26/2016 11:00:00 AM,9,5,4
04/26/2016 12:00:00 PM,19,7,12
04/26/2016 01:00:00 PM,18,4,14
04/26/2016 02:00:00 PM,22,10,12
04/26/2016 03:00:00 PM,20,13,7
04/26/2016 04:00:00 PM,29,18,11
04/26/2016 05:00:00 PM,50,22,28
04/26/2016 06:00:00 PM,30,13,17
04/26/2016 07:00:00 PM,30,19,11
04/26/2016 08:00:00 PM,17,8,9
04/26/2016 09:00:00 PM,12,4,8
04/26/2016 10:00:00 PM,11,5,6
04/26/2016 11:00:00 PM,6,5,1
04/27/2016 12:00:00 AM,0,0,0
04/27/2016 01:00:00 AM,1,1,0
04/27/2016 02:00:00 AM,1,1,0
04/27/2016 03:00:00 AM,0,0,0
04/27/2016 04:00:00 AM,2,1,1
04/27/2016 05:00:00 AM,5,1,4
04/27/2016 06:00:00 AM,12,0,12
04/27/2016 07:00:00 AM,29,4,25
04/27/2016 08:00:00 AM,46,14,32
04/27/2016 09:00:00 AM,22,8,14
04/27/2016 10:00:00 AM,17,7,10
04/27/2016 11:00:00 AM,19,10,9
04/27/2016 12:00:00 PM,15,5,10
04/27/2016 01:00:00 PM,16,7,9
04/27/2016 02:00:00 PM,16,6,10
04/27/2016 03:00:00 PM,17,10,7
04/27/2016 04:00:00 PM,31,22,9
04/27/2016 05:00:00 PM,43,25,18
04/27/2016 06:00:00 PM,42,21,21
04/27/2016 07:00:00 PM,16,10,6
04/27/2016 08:00:00 PM,15,4,11
04/27/2016 09:00:00 PM,21,10,11
04/27/2016 10:00:00 PM,8,4,4
04/27/2016 11:00:00 PM,5,3,2
04/28/2016 12:00:00 AM,4,2,2
04/28/2016 01:00:00 AM,5,0,5
04/28/2016 02:00:00 AM,2,0,2
04/28/2016 03:00:00 AM,0,0,0
04/28/2016 04:00:00 AM,0,0,0
04/28/2016 05:00:00 AM,4,2,2
04/28/2016 06:00:00 AM,15,4,11
04/28/2016 07:00:00 AM,34,3,31
04/28/2016 08:00:00 AM,35,8,27
04/28/2016 09:00:00 AM,29,12,17
04/28/2016 10:00:00 AM,15,10,5
04/28/2016 11:00:00 AM,14,5,9
04/28/2016 12:00:00 PM,22,9,13
04/28/2016 01:00:00 PM,17,4,13
04/28/2016 02:00:00 PM,30,18,12
04/28/2016 03:00:00 PM,26,16,10
04/28/2016 04:00:00 PM,21,14,7
04/28/2016 05:00:00 PM,56,30,26
04/28/2016 06:00:00 PM,43,22,21
04/28/2016 07:00:00 PM,38,17,21
04/28/2016 08:00:00 PM,19,8,11
04/28/2016 09:00:00 PM,15,7,8
04/28/2016 10:00:00 PM,5,1,4
04/28/2016 11:00:00 PM,4,3,1
04/29/2016 12:00:00 AM,8,2,6
04/29/2016 01:00:00 AM,1,0,1
04/29/2016 02:00:00 AM,0,0,0
04/29/2016 03:00:00 AM,6,4,2
04/29/2016 04:00:00 AM,8,7,1
04/29/2016 05:00:00 AM,4,0,4
04/29/2016 06:00:00 AM,11,0,11
04/29/2016 07:00:00 AM,31,6,25
04/29/2016 08:00:00 AM,31,9,22
04/29/2016 09:00:00 AM,19,10,9
04/29/2016 10:00:00 AM,15,2,13
04/29/2016 11:00:00 AM,16,7,9
04/29/2016 12:00:00 PM,19,9,10
04/29/2016 01:00:00 PM,14,9,5
04/29/2016 02:00:00 PM,18,10,8
04/29/2016 03:00:00 PM,25,16,9
04/29/2016 04:00:00 PM,31,18,13
04/29/2016 05:00:00 PM,27,14,13
04/29/2016 06:00:00 PM,34,19,15
04/29/2016 07:00:00 PM,17,9,8
04/29/2016 08:00:00 PM,15,8,7
04/29/2016 09:00:00 PM,10,3,7
04/29/2016 10:00:00 PM,13,2,11
04/29/2016 11:00:00 PM,13,6,7
04/30/2016 12:00:00 AM,3,3,0
04/30/2016 01:00:00 AM,8,2,6
04/30/2016 02:00:00 AM,0,0,0
04/30/2016 03:00:00 AM,1,0,1
04/30/2016 04:00:00 AM,1,1,0
04/30/2016 05:00:00 AM,4,1,3
04/30/2016 06:00:00 AM,5,0,5
04/30/2016 07:00:00 AM,6,3,3
04/30/2016 08:00:00 AM,8,4,4
04/30/2016 09:00:00 AM,7,2,5
04/30/2016 10:00:00 AM,16,10,6
04/30/2016 11:00:00 AM,23,10,13
04/30/2016 12:00:00 PM,15,7,8
04/30/2016 01:00:00 PM,29,16,13
04/30/2016 02:00:00 PM,30,15,15
04/30/2016 03:00:00 PM,27,16,11
04/30/2016 04:00:00 PM,28,15,13
04/30/2016 05:00:00 PM,24,13,11
04/30/2016 06:00:00 PM,27,14,13
04/30/2016 07:00:00 PM,12,3,9
04/30/2016 08:00:00 PM,8,3,5
04/30/2016 09:00:00 PM,12,4,8
04/30/2016 10:00:00 PM,10,6,4
04/30/2016 11:00:00 PM,3,3,0
05/01/2016 12:00:00 AM,2,0,2
05/01/2016 01:00:00 AM,2,1,1
05/01/2016 02:00:00 AM,1,0,1
05/01/2016 03:00:00 AM,0,0,0
05/01/2016 04:00:00 AM,3,2,1
05/01/2016 05:00:00 AM,1,1,0
05/01/2016 06:00:00 AM,6,0,6
05/01/2016 07:00:00 AM,8,3,5
05/01/2016 08:00:00 AM,4,3,1
05/01/2016 09:00:00 AM,19,7,12
05/01/2016 10:00:00 AM,15,7,8
05/01/2016 11:00:00 AM,10,6,4
05/01/2016 12:00:00 PM,26,11,15
05/01/2016 01:00:00 PM,23,4,19
05/01/2016 02:00:00 PM,26,11,15
05/01/2016 03:00:00 PM,22,5,17
05/01/2016 04:00:00 PM,35,25,10
05/01/2016 05:00:00 PM,28,15,13
05/01/2016 06:00:00 PM,25,7,18
05/01/2016 07:00:00 PM,24,7,17
05/01/2016 08:00:00 PM,16,9,7
05/01/2016 09:00:00 PM,11,7,4
05/01/2016 10:00:00 PM,5,0,5
05/01/2016 11:00:00 PM,6,3,3
05/02/2016 12:00:00 AM,1,1,0
05/02/2016 01:00:00 AM,0,0,0
05/02/2016 02:00:00 AM,1,0,1
05/02/2016 03:00:00 AM,0,0,0
05/02/2016 04:00:00 AM,0,0,0
05/02/2016 05:00:00 AM,5,1,4
05/02/2016 06:00:00 AM,20,6,14
05/02/2016 07:00:00 AM,42,9,33
05/02/2016 08:00:00 AM,45,4,41
05/02/2016 09:00:00 AM,19,7,12
05/02/2016 10:00:00 AM,33,7,26
05/02/2016 11:00:00 AM,24,14,10
05/02/2016 12:00:00 PM,21,10,11
05/02/2016 01:00:00 PM,17,12,5
05/02/2016 02:00:00 PM,27,15,12
05/02/2016 03:00:00 PM,29,17,12
05/02/2016 04:00:00 PM,34,15,19
05/02/2016 05:00:00 PM,51,29,22
05/02/2016 06:00:00 PM,50,24,26
05/02/2016 07:00:00 PM,22,14,8
05/02/2016 08:00:00 PM,29,11,18
05/02/2016 09:00:00 PM,20,9,11
05/02/2016 10:00:00 PM,14,2,12
05/02/2016 11:00:00 PM,4,3,1
05/03/2016 12:00:00 AM,4,2,2
05/03/2016 01:00:00 AM,0,0,0
05/03/2016 02:00:00 AM,0,0,0
05/03/2016 03:00:00 AM,3,1,2
05/03/2016 04:00:00 AM,2,1,1
05/03/2016 05:00:00 AM,4,2,2
05/03/2016 06:00:00 AM,25,3,22
05/03/2016 07:00:00 AM,43,11,32
05/03/2016 08:00:00 AM,49,16,33
05/03/2016 09:00:00 AM,28,11,17
05/03/2016 10:00:00 AM,18,7,11
05/03/2016 11:00:00 AM,25,12,13
05/03/2016 12:00:00 PM,20,9,11
05/03/2016 01:00:00 PM,18,9,9
05/03/2016 02:00:00 PM,24,10,14
05/03/2016 03:00:00 PM,26,19,7
05/03/2016 04:00:00 PM,46,22,24
05/03/2016 05:00:00 PM,61,37,24
05/03/2016 06:00:00 PM,47,28,19
05/03/2016 07:00:00 PM,26,16,10
05/03/2016 08:00:00 PM,25,11,14
05/03/2016 09:00:00 PM,21,5,16
05/03/2016 10:00:00 PM,7,2,5
05/03/2016 11:00:00 PM,6,2,4
05/04/2016 12:00:00 AM,0,0,0
05/04/2016 01:00:00 AM,0,0,0
05/04/2016 02:00:00 AM,1,1,0
05/04/2016 03:00:00 AM,0,0,0
05/04/2016 04:00:00 AM,2,2,0
05/04/2016 05:00:00 AM,4,0,4
05/04/2016 06:00:00 AM,20,3,17
05/04/2016 07:00:00 AM,34,7,27
05/04/2016 08:00:00 AM,32,4,28
05/04/2016 09:00:00 AM,18,10,8
05/04/2016 10:00:00 AM,14,9,5
05/04/2016 11:00:00 AM,20,14,6
05/04/2016 12:00:00 PM,25,13,12
05/04/2016 01:00:00 PM,11,1,10
05/04/2016 02:00:00 PM,17,4,13
05/04/2016 03:00:00 PM,29,13,16
05/04/2016 04:00:00 PM,38,26,12
05/04/2016 05:00:00 PM,53,28,25
05/04/2016 06:00:00 PM,47,34,13
05/04/2016 07:00:00 PM,28,16,12
05/04/2016 08:00:00 PM,27,11,16
05/04/2016 09:00:00 PM,16,11,5
05/04/2016 10:00:00 PM,7,2,5
05/04/2016 11:00:00 PM,7,2,5
05/05/2016 12:00:00 AM,4,3,1
05/05/2016 01:00:00 AM,2,0,2
05/05/2016 02:00:00 AM,4,2,2
05/05/2016 03:00:00 AM,0,0,0
05/05/2016 04:00:00 AM,2,0,2
05/05/2016 05:00:00 AM,5,2,3
05/05/2016 06:00:00 AM,18,2,16
05/05/2016 07:00:00 AM,31,8,23
05/05/2016 08:00:00 AM,46,15,31
05/05/2016 09:00:00 AM,24,10,14
05/05/2016 10:00:00 AM,10,5,5
05/05/2016 11:00:00 AM,23,13,10
05/05/2016 12:00:00 PM,21,9,12
05/05/2016 01:00:00 PM,21,13,8
05/05/2016 02:00:00 PM,24,8,16
05/05/2016 03:00:00 PM,21,11,10
05/05/2016 04:00:00 PM,32,14,18
05/05/2016 05:00:00 PM,57,30,27
05/05/2016 06:00:00 PM,62,37,25
05/05/2016 07:00:00 PM,27,8,19
05/05/2016 08:00:00 PM,19,10,9
05/05/2016 09:00:00 PM,17,12,5
05/05/2016 10:00:00 PM,13,5,8
05/05/2016 11:00:00 PM,4,3,1
05/06/2016 12:00:00 AM,10,3,7
05/06/2016 01:00:00 AM,5,2,3
05/06/2016 02:00:00 AM,3,1,2
05/06/2016 03:00:00 AM,1,1,0
05/06/2016 04:00:00 AM,2,1,1
05/06/2016 05:00:00 AM,6,2,4
05/06/2016 06:00:00 AM,17,1,16
05/06/2016 07:00:00 AM,39,6,33
05/06/2016 08:00:00 AM,37,7,30
05/06/2016 09:00:00 AM,24,11,13
05/06/2016 10:00:00 AM,16,6,10
05/06/2016 11:00:00 AM,25,11,14
05/06/2016 12:00:00 PM,24,17,7
05/06/2016 01:00:00 PM,19,8,11
05/06/2016 02:00:00 PM,41,21,20
05/06/2016 03:00:00 PM,22,10,12
05/06/2016 04:00:00 PM,41,27,14
05/06/2016 05:00:00 PM,50,26,24
05/06/2016 06:00:00 PM,38,24,14
05/06/2016 07:00:00 PM,28,16,12
05/06/2016 08:00:00 PM,18,9,9
05/06/2016 09:00:00 PM,9,6,3
05/06/2016 10:00:00 PM,23,11,12
05/06/2016 11:00:00 PM,17,9,8
05/07/2016 12:00:00 AM,13,7,6
05/07/2016 01:00:00 AM,8,3,5
05/07/2016 02:00:00 AM,9,4,5
05/07/2016 03:00:00 AM,2,2,0
05/07/2016 04:00:00 AM,3,2,1
05/07/2016 05:00:00 AM,3,2,1
05/07/2016 06:00:00 AM,4,0,4
05/07/2016 07:00:00 AM,11,2,9
05/07/2016 08:00:00 AM,12,7,5
05/07/2016 09:00:00 AM,13,5,8
05/07/2016 10:00:00 AM,17,9,8
05/07/2016 11:00:00 AM,15,6,9
05/07/2016 12:00:00 PM,41,12,29
05/07/2016 01:00:00 PM,20,12,8
05/07/2016 02:00:00 PM,25,8,17
05/07/2016 03:00:00 PM,32,13,19
05/07/2016 04:00:00 PM,25,12,13
05/07/2016 05:00:00 PM,23,11,12
05/07/2016 06:00:00 PM,22,14,8
05/07/2016 07:00:00 PM,38,26,12
05/07/2016 08:00:00 PM,11,5,6
05/07/2016 09:00:00 PM,12,4,8
05/07/2016 10:00:00 PM,10,4,6
05/07/2016 11:00:00 PM,14,7,7
05/08/2016 12:00:00 AM,11,6,5
05/08/2016 01:00:00 AM,14,9,5
05/08/2016 02:00:00 AM,12,5,7
05/08/2016 03:00:00 AM,1,0,1
05/08/2016 04:00:00 AM,1,0,1
05/08/2016 05:00:00 AM,1,1,0
05/08/2016 06:00:00 AM,5,2,3
05/08/2016 07:00:00 AM,5,3,2
05/08/2016 08:00:00 AM,12,5,7
05/08/2016 09:00:00 AM,14,6,8
05/08/2016 10:00:00 AM,9,8,1
05/08/2016 11:00:00 AM,11,5,6
05/08/2016 12:00:00 PM,20,6,14
05/08/2016 01:00:00 PM,18,7,11
05/08/2016 02:00:00 PM,26,17,9
05/08/2016 03:00:00 PM,12,5,7
05/08/2016 04:00:00 PM,17,8,9
05/08/2016 05:00:00 PM,20,12,8
05/08/2016 06:00:00 PM,24,9,15
05/08/2016 07:00:00 PM,20,11,9
05/08/2016 08:00:00 PM,9,2,7
05/08/2016 09:00:00 PM,11,5,6
05/08/2016 10:00:00 PM,2,1,1
05/08/2016 11:00:00 PM,3,1,2
05/09/2016 12:00:00 AM,2,2,0
05/09/2016 01:00:00 AM,0,0,0
05/09/2016 02:00:00 AM,0,0,0
05/09/2016 03:00:00 AM,0,0,0
05/09/2016 04:00:00 AM,1,0,1
05/09/2016 05:00:00 AM,3,0,3
05/09/2016 06:00:00 AM,15,1,14
05/09/2016 07:00:00 AM,25,3,22
05/09/2016 08:00:00 AM,46,11,35
05/09/2016 09:00:00 AM,29,15,14
05/09/2016 10:00:00 AM,8,3,5
05/09/2016 11:00:00 AM,14,10,4
05/09/2016 12:00:00 PM,14,7,7
05/09/2016 01:00:00 PM,12,6,6
05/09/2016 02:00:00 PM,17,11,6
05/09/2016 03:00:00 PM,24,15,9
05/09/2016 04:00:00 PM,39,17,22
05/09/2016 05:00:00 PM,61,40,21
05/09/2016 06:00:00 PM,47,22,25
05/09/2016 07:00:00 PM,27,15,12
05/09/2016 08:00:00 PM,17,11,6
05/09/2016 09:00:00 PM,19,9,10
05/09/2016 10:00:00 PM,7,2,5
05/09/2016 11:00:00 PM,3,1,2
05/10/2016 12:00:00 AM,6,2,4
05/10/2016 01:00:00 AM,2,1,1
05/10/2016 02:00:00 AM,0,0,0
05/10/2016 03:00:00 AM,0,0,0
05/10/2016 04:00:00 AM,1,0,1
05/10/2016 05:00:00 AM,5,3,2
05/10/2016 06:00:00 AM,19,5,14
05/10/2016 07:00:00 AM,35,5,30
05/10/2016 08:00:00 AM,43,14,29
05/10/2016 09:00:00 AM,25,10,15
05/10/2016 10:00:00 AM,16,5,11
05/10/2016 11:00:00 AM,10,5,5
05/10/2016 12:00:00 PM,21,9,12
05/10/2016 01:00:00 PM,17,10,7
05/10/2016 02:00:00 PM,15,8,7
05/10/2016 03:00:00 PM,30,18,12
05/10/2016 04:00:00 PM,33,18,15
05/10/2016 05:00:00 PM,57,36,21
05/10/2016 06:00:00 PM,40,16,24
05/10/2016 07:00:00 PM,32,22,10
05/10/2016 08:00:00 PM,18,8,10
05/10/2016 09:00:00 PM,11,7,4
05/10/2016 10:00:00 PM,16,11,5
05/10/2016 11:00:00 PM,7,3,4
05/11/2016 12:00:00 AM,8,4,4
05/11/2016 01:00:00 AM,5,2,3
05/11/2016 02:00:00 AM,4,2,2
05/11/2016 03:00:00 AM,1,0,1
05/11/2016 04:00:00 AM,2,1,1
05/11/2016 05:00:00 AM,6,2,4
05/11/2016 06:00:00 AM,22,2,20
05/11/2016 07:00:00 AM,39,7,32
05/11/2016 08:00:00 AM,49,13,36
05/11/2016 09:00:00 AM,24,9,15
05/11/2016 10:00:00 AM,18,9,9
05/11/2016 11:00:00 AM,19,8,11
05/11/2016 12:00:00 PM,20,10,10
05/11/2016 01:00:00 PM,25,10,15
05/11/2016 02:00:00 PM,17,10,7
05/11/2016 03:00:00 PM,27,9,18
05/11/2016 04:00:00 PM,38,24,14
05/11/2016 05:00:00 PM,44,24,20
05/11/2016 06:00:00 PM,45,21,24
05/11/2016 07:00:00 PM,24,10,14
05/11/2016 08:00:00 PM,33,11,22
05/11/2016 09:00:00 PM,16,7,9
05/11/2016 10:00:00 PM,12,2,10
05/11/2016 11:00:00 PM,14,10,4
05/12/2016 12:00:00 AM,4,0,4
05/12/2016 01:00:00 AM,2,1,1
05/12/2016 02:00:00 AM,2,1,1
05/12/2016 03:00:00 AM,0,0,0
05/12/2016 04:00:00 AM,0,0,0
05/12/2016 05:00:00 AM,4,2,2
05/12/2016 06:00:00 AM,8,0,8
05/12/2016 07:00:00 AM,28,4,24
05/12/2016 08:00:00 AM,38,17,21
05/12/2016 09:00:00 AM,27,11,16
05/12/2016 10:00:00 AM,16,3,13
05/12/2016 11:00:00 AM,20,6,14
05/12/2016 12:00:00 PM,20,10,10
05/12/2016 01:00:00 PM,18,11,7
05/12/2016 02:00:00 PM,16,4,12
05/12/2016 03:00:00 PM,34,22,12
05/12/2016 04:00:00 PM,38,20,18
05/12/2016 05:00:00 PM,59,30,29
05/12/2016 06:00:00 PM,49,22,27
05/12/2016 07:00:00 PM,29,14,15
05/12/2016 08:00:00 PM,12,6,6
05/12/2016 09:00:00 PM,30,10,20
05/12/2016 10:00:00 PM,12,5,7
05/12/2016 11:00:00 PM,9,7,2
05/13/2016 12:00:00 AM,5,3,2
05/13/2016 01:00:00 AM,2,1,1
05/13/2016 02:00:00 AM,2,0,2
05/13/2016 03:00:00 AM,1,1,0
05/13/2016 04:00:00 AM,2,0,2
05/13/2016 05:00:00 AM,4,1,3
05/13/2016 06:00:00 AM,17,4,13
05/13/2016 07:00:00 AM,34,7,27
05/13/2016 08:00:00 AM,40,11,29
05/13/2016 09:00:00 AM,22,8,14
05/13/2016 10:00:00 AM,17,7,10
05/13/2016 11:00:00 AM,13,8,5
05/13/2016 12:00:00 PM,28,14,14
05/13/2016 01:00:00 PM,19,8,11
05/13/2016 02:00:00 PM,15,9,6
05/13/2016 03:00:00 PM,38,19,19
05/13/2016 04:00:00 PM,40,24,16
05/13/2016 05:00:00 PM,31,17,14
05/13/2016 06:00:00 PM,37,15,22
05/13/2016 07:00:00 PM,28,13,15
05/13/2016 08:00:00 PM,22,11,11
05/13/2016 09:00:00 PM,13,2,11
05/13/2016 10:00:00 PM,19,8,11
05/13/2016 11:00:00 PM,17,8,9
05/14/2016 12:00:00 AM,12,5,7
05/14/2016 01:00:00 AM,11,3,8
05/14/2016 02:00:00 AM,12,4,8
05/14/2016 03:00:00 AM,3,1,2
05/14/2016 04:00:00 AM,0,0,0
05/14/2016 05:00:00 AM,3,1,2
05/14/2016 06:00:00 AM,7,2,5
05/14/2016 07:00:00 AM,8,2,6
05/14/2016 08:00:00 AM,10,7,3
05/14/2016 09:00:00 AM,11,7,4
05/14/2016 10:00:00 AM,11,4,7
05/14/2016 11:00:00 AM,10,6,4
05/14/2016 12:00:00 PM,7,1,6
05/14/2016 01:00:00 PM,9,9,0
05/14/2016 02:00:00 PM,14,9,5
05/14/2016 03:00:00 PM,10,4,6
05/14/2016 04:00:00 PM,10,4,6
05/14/2016 05:00:00 PM,15,7,8
05/14/2016 06:00:00 PM,21,6,15
05/14/2016 07:00:00 PM,18,8,10
05/14/2016 08:00:00 PM,8,4,4
05/14/2016 09:00:00 PM,8,5,3
05/14/2016 10:00:00 PM,7,2,5
05/14/2016 11:00:00 PM,6,4,2
05/15/2016 12:00:00 AM,7,1,6
05/15/2016 01:00:00 AM,5,3,2
05/15/2016 02:00:00 AM,5,0,5
05/15/2016 03:00:00 AM,1,0,1
05/15/2016 04:00:00 AM,1,0,1
05/15/2016 05:00:00 AM,0,0,0
05/15/2016 06:00:00 AM,6,0,6
05/15/2016 07:00:00 AM,3,2,1
05/15/2016 08:00:00 AM,4,4,0
05/15/2016 09:00:00 AM,6,2,4
05/15/2016 10:00:00 AM,15,3,12
05/15/2016 11:00:00 AM,9,5,4
05/15/2016 12:00:00 PM,4,1,3
05/15/2016 01:00:00 PM,13,8,5
05/15/2016 02:00:00 PM,11,7,4
05/15/2016 03:00:00 PM,14,4,10
05/15/2016 04:00:00 PM,9,6,3
05/15/2016 05:00:00 PM,11,7,4
05/15/2016 06:00:00 PM,11,5,6
05/15/2016 07:00:00 PM,7,5,2
05/15/2016 08:00:00 PM,10,1,9
05/15/2016 09:00:00 PM,7,0,7
05/15/2016 10:00:00 PM,4,2,2
05/15/2016 11:00:00 PM,3,2,1
05/16/2016 12:00:00 AM,1,1,0
05/16/2016 01:00:00 AM,2,0,2
05/16/2016 02:00:00 AM,0,0,0
05/16/2016 03:00:00 AM,0,0,0
05/16/2016 04:00:00 AM,3,2,1
05/16/2016 05:00:00 AM,5,1,4
05/16/2016 06:00:00 AM,17,2,15
05/16/2016 07:00:00 AM,34,5,29
05/16/2016 08:00:00 AM,45,7,38
05/16/2016 09:00:00 AM,15,5,10
05/16/2016 10:00:00 AM,11,5,6
05/16/2016 11:00:00 AM,11,6,5
05/16/2016 12:00:00 PM,18,9,9
05/16/2016 01:00:00 PM,18,10,8
05/16/2016 02:00:00 PM,18,11,7
05/16/2016 03:00:00 PM,27,15,12
05/16/2016 04:00:00 PM,28,19,9
05/16/2016 05:00:00 PM,48,29,19
05/16/2016 06:00:00 PM,51,30,21
05/16/2016 07:00:00 PM,26,13,13
05/16/2016 08:00:00 PM,9,6,3
05/16/2016 09:00:00 PM,21,9,12
05/16/2016 10:00:00 PM,10,2,8
05/16/2016 11:00:00 PM,3,3,0
05/17/2016 12:00:00 AM,1,0,1
05/17/2016 01:00:00 AM,1,0,1
05/17/2016 02:00:00 AM,0,0,0
05/17/2016 03:00:00 AM,0,0,0
05/17/2016 04:00:00 AM,1,0,1
05/17/2016 05:00:00 AM,4,1,3
05/17/2016 06:00:00 AM,15,2,13
05/17/2016 07:00:00 AM,39,7,32
05/17/2016 08:00:00 AM,44,11,33
05/17/2016 09:00:00 AM,27,12,15
05/17/2016 10:00:00 AM,14,2,12
05/17/2016 11:00:00 AM,14,8,6
05/17/2016 12:00:00 PM,15,7,8
05/17/2016 01:00:00 PM,29,15,14
05/17/2016 02:00:00 PM,21,12,9
05/17/2016 03:00:00 PM,32,21,11
05/17/2016 04:00:00 PM,25,19,6
05/17/2016 05:00:00 PM,62,31,31
05/17/2016 06:00:00 PM,47,28,19
05/17/2016 07:00:00 PM,41,24,17
05/17/2016 08:00:00 PM,32,19,13
05/17/2016 09:00:00 PM,9,4,5
05/17/2016 10:00:00 PM,3,0,3
05/17/2016 11:00:00 PM,5,3,2
05/18/2016 12:00:00 AM,3,2,1
05/18/2016 01:00:00 AM,5,3,2
05/18/2016 02:00:00 AM,2,2,0
05/18/2016 03:00:00 AM,0,0,0
05/18/2016 04:00:00 AM,2,1,1
05/18/2016 05:00:00 AM,5,0,5
05/18/2016 06:00:00 AM,23,4,19
05/18/2016 07:00:00 AM,28,6,22
05/18/2016 08:00:00 AM,47,12,35
05/18/2016 09:00:00 AM,18,7,11
05/18/2016 10:00:00 AM,10,4,6
05/18/2016 11:00:00 AM,20,6,14
05/18/2016 12:00:00 PM,28,13,15
05/18/2016 01:00:00 PM,21,11,10
05/18/2016 02:00:00 PM,16,11,5
05/18/2016 03:00:00 PM,13,9,4
05/18/2016 04:00:00 PM,31,17,14
05/18/2016 05:00:00 PM,62,37,25
05/18/2016 06:00:00 PM,27,17,10
05/18/2016 07:00:00 PM,24,9,15
05/18/2016 08:00:00 PM,22,12,10
05/18/2016 09:00:00 PM,13,4,9
05/18/2016 10:00:00 PM,9,3,6
05/18/2016 11:00:00 PM,4,3,1
05/19/2016 12:00:00 AM,1,1,0
05/19/2016 01:00:00 AM,1,0,1
05/19/2016 02:00:00 AM,0,0,0
05/19/2016 03:00:00 AM,1,1,0
05/19/2016 04:00:00 AM,1,0,1
05/19/2016 05:00:00 AM,3,0,3
05/19/2016 06:00:00 AM,17,3,14
05/19/2016 07:00:00 AM,34,10,24
05/19/2016 08:00:00 AM,31,10,21
05/19/2016 09:00:00 AM,24,8,16
05/19/2016 10:00:00 AM,9,2,7
05/19/2016 11:00:00 AM,10,7,3
05/19/2016 12:00:00 PM,12,4,8
05/19/2016 01:00:00 PM,13,3,10
05/19/2016 02:00:00 PM,25,16,9
05/19/2016 03:00:00 PM,16,7,9
05/19/2016 04:00:00 PM,23,16,7
05/19/2016 05:00:00 PM,33,15,18
05/19/2016 06:00:00 PM,42,23,19
05/19/2016 07:00:00 PM,27,15,12
05/19/2016 08:00:00 PM,11,7,4
05/19/2016 09:00:00 PM,9,4,5
05/19/2016 10:00:00 PM,8,2,6
05/19/2016 11:00:00 PM,6,4,2
05/20/2016 12:00:00 AM,7,3,4
05/20/2016 01:00:00 AM,0,0,0
05/20/2016 02:00:00 AM,2,0,2
05/20/2016 03:00:00 AM,0,0,0
05/20/2016 04:00:00 AM,1,0,1
05/20/2016 05:00:00 AM,6,1,5
05/20/2016 06:00:00 AM,11,0,11
05/20/2016 07:00:00 AM,38,9,29
05/20/2016 08:00:00 AM,46,17,29
05/20/2016 09:00:00 AM,29,10,19
05/20/2016 10:00:00 AM,19,8,11
05/20/2016 11:00:00 AM,15,4,11
05/20/2016 12:00:00 PM,20,9,11
05/20/2016 01:00:00 PM,27,15,12
05/20/2016 02:00:00 PM,21,8,13
05/20/2016 03:00:00 PM,22,12,10
05/20/2016 04:00:00 PM,46,28,18
05/20/2016 05:00:00 PM,53,37,16
05/20/2016 06:00:00 PM,33,9,24
05/20/2016 07:00:00 PM,34,15,19
05/20/2016 08:00:00 PM,18,6,12
05/20/2016 09:00:00 PM,15,10,5
05/20/2016 10:00:00 PM,11,3,8
05/20/2016 11:00:00 PM,9,6,3
05/21/2016 12:00:00 AM,7,6,1
05/21/2016 01:00:00 AM,5,4,1
05/21/2016 02:00:00 AM,15,5,10
05/21/2016 03:00:00 AM,0,0,0
05/21/2016 04:00:00 AM,0,0,0
05/21/2016 05:00:00 AM,2,1,1
05/21/2016 06:00:00 AM,6,0,6
05/21/2016 07:00:00 AM,5,1,4
05/21/2016 08:00:00 AM,10,7,3
05/21/2016 09:00:00 AM,2,0,2
05/21/2016 10:00:00 AM,2,1,1
05/21/2016 11:00:00 AM,8,5,3
05/21/2016 12:00:00 PM,9,4,5
05/21/2016 01:00:00 PM,5,1,4
05/21/2016 02:00:00 PM,7,2,5
05/21/2016 03:00:00 PM,5,2,3
05/21/2016 04:00:00 PM,11,5,6
05/21/2016 05:00:00 PM,14,5,9
05/21/2016 06:00:00 PM,13,7,6
05/21/2016 07:00:00 PM,16,5,11
05/21/2016 08:00:00 PM,10,5,5
05/21/2016 09:00:00 PM,9,3,6
05/21/2016 10:00:00 PM,5,3,2
05/21/2016 11:00:00 PM,8,5,3
05/22/2016 12:00:00 AM,8,4,4
05/22/2016 01:00:00 AM,9,0,9
05/22/2016 02:00:00 AM,2,0,2
05/22/2016 03:00:00 AM,2,2,0
05/22/2016 04:00:00 AM,0,0,0
05/22/2016 05:00:00 AM,5,1,4
05/22/2016 06:00:00 AM,7,2,5
05/22/2016 07:00:00 AM,2,1,1
05/22/2016 08:00:00 AM,6,4,2
05/22/2016 09:00:00 AM,10,3,7
05/22/2016 10:00:00 AM,8,5,3
05/22/2016 11:00:00 AM,17,10,7
05/22/2016 12:00:00 PM,16,13,3
05/22/2016 01:00:00 PM,22,11,11
05/22/2016 02:00:00 PM,26,14,12
05/22/2016 03:00:00 PM,25,13,12
05/22/2016 04:00:00 PM,25,16,9
05/22/2016 05:00:00 PM,14,9,5
05/22/2016 06:00:00 PM,27,14,13
05/22/2016 07:00:00 PM,9,3,6
05/22/2016 08:00:00 PM,11,9,2
05/22/2016 09:00:00 PM,8,1,7
05/22/2016 10:00:00 PM,4,2,2
05/22/2016 11:00:00 PM,8,7,1
05/23/2016 12:00:00 AM,4,2,2
05/23/2016 01:00:00 AM,5,2,3
05/23/2016 02:00:00 AM,4,0,4
05/23/2016 03:00:00 AM,0,0,0
05/23/2016 04:00:00 AM,0,0,0
05/23/2016 05:00:00 AM,6,1,5
05/23/2016 06:00:00 AM,8,0,8
05/23/2016 07:00:00 AM,32,7,25
05/23/2016 08:00:00 AM,46,13,33
05/23/2016 09:00:00 AM,22,8,14
05/23/2016 10:00:00 AM,10,4,6
05/23/2016 11:00:00 AM,14,10,4
05/23/2016 12:00:00 PM,17,9,8
05/23/2016 01:00:00 PM,12,4,8
05/23/2016 02:00:00 PM,15,10,5
05/23/2016 03:00:00 PM,21,14,7
05/23/2016 04:00:00 PM,31,19,12
05/23/2016 05:00:00 PM,38,26,12
05/23/2016 06:00:00 PM,43,18,25
05/23/2016 07:00:00 PM,28,14,14
05/23/2016 08:00:00 PM,20,9,11
05/23/2016 09:00:00 PM,13,4,9
05/23/2016 10:00:00 PM,9,1,8
05/23/2016 11:00:00 PM,3,2,1
05/24/2016 12:00:00 AM,1,1,0
05/24/2016 01:00:00 AM,3,2,1
05/24/2016 02:00:00 AM,1,1,0
05/24/2016 03:00:00 AM,0,0,0
05/24/2016 04:00:00 AM,5,1,4
05/24/2016 05:00:00 AM,7,1,6
05/24/2016 06:00:00 AM,16,3,13
05/24/2016 07:00:00 AM,38,5,33
05/24/2016 08:00:00 AM,44,12,32
05/24/2016 09:00:00 AM,28,14,14
05/24/2016 10:00:00 AM,16,4,12
05/24/2016 11:00:00 AM,9,3,6
05/24/2016 12:00:00 PM,20,6,14
05/24/2016 01:00:00 PM,9,4,5
05/24/2016 02:00:00 PM,26,12,14
05/24/2016 03:00:00 PM,20,11,9
05/24/2016 04:00:00 PM,29,17,12
05/24/2016 05:00:00 PM,58,35,23
05/24/2016 06:00:00 PM,48,22,26
05/24/2016 07:00:00 PM,40,23,17
05/24/2016 08:00:00 PM,35,22,13
05/24/2016 09:00:00 PM,14,6,8
05/24/2016 10:00:00 PM,13,6,7
05/24/2016 11:00:00 PM,7,2,5
05/25/2016 12:00:00 AM,3,3,0
05/25/2016 01:00:00 AM,1,1,0
05/25/2016 02:00:00 AM,1,0,1
05/25/2016 03:00:00 AM,1,1,0
05/25/2016 04:00:00 AM,0,0,0
05/25/2016 05:00:00 AM,11,4,7
05/25/2016 06:00:00 AM,17,0,17
05/25/2016 07:00:00 AM,34,3,31
05/25/2016 08:00:00 AM,41,10,31
05/25/2016 09:00:00 AM,29,9,20
05/25/2016 10:00:00 AM,30,18,12
05/25/2016 11:00:00 AM,14,7,7
05/25/2016 12:00:00 PM,17,8,9
05/25/2016 01:00:00 PM,24,10,14
05/25/2016 02:00:00 PM,31,12,19
05/25/2016 03:00:00 PM,26,16,10
05/25/2016 04:00:00 PM,34,22,12
05/25/2016 05:00:00 PM,38,26,12
05/25/2016 06:00:00 PM,40,15,25
05/25/2016 07:00:00 PM,34,11,23
05/25/2016 08:00:00 PM,12,3,9
05/25/2016 09:00:00 PM,26,10,16
05/25/2016 10:00:00 PM,8,3,5
05/25/2016 11:00:00 PM,10,6,4
05/26/2016 12:00:00 AM,2,0,2
05/26/2016 01:00:00 AM,5,3,2
05/26/2016 02:00:00 AM,2,0,2
05/26/2016 03:00:00 AM,1,1,0
05/26/2016 04:00:00 AM,1,1,0
05/26/2016 05:00:00 AM,7,4,3
05/26/2016 06:00:00 AM,18,1,17
05/26/2016 07:00:00 AM,30,4,26
05/26/2016 08:00:00 AM,46,15,31
05/26/2016 09:00:00 AM,17,8,9
05/26/2016 10:00:00 AM,9,5,4
05/26/2016 11:00:00 AM,18,9,9
05/26/2016 12:00:00 PM,20,9,11
05/26/2016 01:00:00 PM,19,5,14
05/26/2016 02:00:00 PM,13,7,6
05/26/2016 03:00:00 PM,23,15,8
05/26/2016 04:00:00 PM,31,23,8
05/26/2016 05:00:00 PM,34,18,16
05/26/2016 06:00:00 PM,29,11,18
05/26/2016 07:00:00 PM,25,10,15
05/26/2016 08:00:00 PM,13,5,8
05/26/2016 09:00:00 PM,15,8,7
05/26/2016 10:00:00 PM,9,2,7
05/26/2016 11:00:00 PM,9,5,4
05/27/2016 12:00:00 AM,7,4,3
05/27/2016 01:00:00 AM,0,0,0
05/27/2016 02:00:00 AM,1,1,0
05/27/2016 03:00:00 AM,0,0,0
05/27/2016 04:00:00 AM,3,1,2
05/27/2016 05:00:00 AM,6,1,5
05/27/2016 06:00:00 AM,2,0,2
05/27/2016 07:00:00 AM,19,3,16
05/27/2016 08:00:00 AM,29,9,20
05/27/2016 09:00:00 AM,19,7,12
05/27/2016 10:00:00 AM,10,4,6
05/27/2016 11:00:00 AM,10,3,7
05/27/2016 12:00:00 PM,17,10,7
05/27/2016 01:00:00 PM,13,8,5
05/27/2016 02:00:00 PM,13,9,4
05/27/2016 03:00:00 PM,22,12,10
05/27/2016 04:00:00 PM,28,19,9
05/27/2016 05:00:00 PM,33,16,17
05/27/2016 06:00:00 PM,17,12,5
05/27/2016 07:00:00 PM,25,6,19
05/27/2016 08:00:00 PM,16,10,6
05/27/2016 09:00:00 PM,8,5,3
05/27/2016 10:00:00 PM,7,5,2
05/27/2016 11:00:00 PM,12,7,5
05/28/2016 12:00:00 AM,3,1,2
05/28/2016 01:00:00 AM,5,2,3
05/28/2016 02:00:00 AM,5,0,5
05/28/2016 03:00:00 AM,0,0,0
05/28/2016 04:00:00 AM,1,0,1
05/28/2016 05:00:00 AM,3,0,3
05/28/2016 06:00:00 AM,4,1,3
05/28/2016 07:00:00 AM,4,3,1
05/28/2016 08:00:00 AM,4,3,1
05/28/2016 09:00:00 AM,7,4,3
05/28/2016 10:00:00 AM,6,2,4
05/28/2016 11:00:00 AM,13,6,7
05/28/2016 12:00:00 PM,15,6,9
05/28/2016 01:00:00 PM,17,6,11
05/28/2016 02:00:00 PM,9,2,7
05/28/2016 03:00:00 PM,12,8,4
05/28/2016 04:00:00 PM,7,5,2
05/28/2016 05:00:00 PM,10,2,8
05/28/2016 06:00:00 PM,13,5,8
05/28/2016 07:00:00 PM,13,8,5
05/28/2016 08:00:00 PM,7,2,5
05/28/2016 09:00:00 PM,6,3,3
05/28/2016 10:00:00 PM,10,2,8
05/28/2016 11:00:00 PM,2,0,2
05/29/2016 12:00:00 AM,6,3,3
05/29/2016 01:00:00 AM,5,1,4
05/29/2016 02:00:00 AM,5,3,2
05/29/2016 03:00:00 AM,2,0,2
05/29/2016 04:00:00 AM,1,0,1
05/29/2016 05:00:00 AM,2,0,2
05/29/2016 06:00:00 AM,4,2,2
05/29/2016 07:00:00 AM,3,2,1
05/29/2016 08:00:00 AM,3,2,1
05/29/2016 09:00:00 AM,8,7,1
05/29/2016 10:00:00 AM,5,1,4
05/29/2016 11:00:00 AM,5,2,3
05/29/2016 12:00:00 PM,4,1,3
05/29/2016 01:00:00 PM,11,6,5
05/29/2016 02:00:00 PM,12,6,6
05/29/2016 03:00:00 PM,9,4,5
05/29/2016 04:00:00 PM,11,5,6
05/29/2016 05:00:00 PM,16,10,6
05/29/2016 06:00:00 PM,10,3,7
05/29/2016 07:00:00 PM,13,9,4
05/29/2016 08:00:00 PM,6,3,3
05/29/2016 09:00:00 PM,6,3,3
05/29/2016 10:00:00 PM,3,3,0
05/29/2016 11:00:00 PM,7,3,4
05/30/2016 12:00:00 AM,3,1,2
05/30/2016 01:00:00 AM,1,0,1
05/30/2016 02:00:00 AM,1,0,1
05/30/2016 03:00:00 AM,0,0,0
05/30/2016 04:00:00 AM,1,0,1
05/30/2016 05:00:00 AM,1,0,1
05/30/2016 06:00:00 AM,4,1,3
05/30/2016 07:00:00 AM,5,0,5
05/30/2016 08:00:00 AM,9,3,6
05/30/2016 09:00:00 AM,5,3,2
05/30/2016 10:00:00 AM,14,7,7
05/30/2016 11:00:00 AM,14,5,9
05/30/2016 12:00:00 PM,22,11,11
05/30/2016 01:00:00 PM,17,6,11
05/30/2016 02:00:00 PM,16,11,5
05/30/2016 03:00:00 PM,19,8,11
05/30/2016 04:00:00 PM,12,9,3
05/30/2016 05:00:00 PM,26,16,10
05/30/2016 06:00:00 PM,18,7,11
05/30/2016 07:00:00 PM,15,7,8
05/30/2016 08:00:00 PM,21,7,14
05/30/2016 09:00:00 PM,11,2,9
05/30/2016 10:00:00 PM,6,3,3
05/30/2016 11:00:00 PM,0,0,0
05/31/2016 12:00:00 AM,1,1,0
05/31/2016 01:00:00 AM,2,0,2
05/31/2016 02:00:00 AM,0,0,0
05/31/2016 03:00:00 AM,0,0,0
05/31/2016 04:00:00 AM,2,0,2
05/31/2016 05:00:00 AM,4,1,3
05/31/2016 06:00:00 AM,17,4,13
05/31/2016 07:00:00 AM,36,4,32
05/31/2016 08:00:00 AM,36,9,27
05/31/2016 09:00:00 AM,21,13,8
05/31/2016 10:00:00 AM,16,5,11
05/31/2016 11:00:00 AM,15,9,6
05/31/2016 12:00:00 PM,26,10,16
05/31/2016 01:00:00 PM,13,7,6
05/31/2016 02:00:00 PM,19,8,11
05/31/2016 03:00:00 PM,20,7,13
05/31/2016 04:00:00 PM,31,19,12
05/31/2016 05:00:00 PM,57,29,28
05/31/2016 06:00:00 PM,54,26,28
05/31/2016 07:00:00 PM,41,22,19
05/31/2016 08:00:00 PM,24,13,11
05/31/2016 09:00:00 PM,5,4,1
05/31/2016 10:00:00 PM,11,2,9
05/31/2016 11:00:00 PM,9,3,6
06/01/2016 12:00:00 AM,4,2,2
06/01/2016 01:00:00 AM,3,2,1
06/01/2016 02:00:00 AM,2,2,0
06/01/2016 03:00:00 AM,0,0,0
06/01/2016 04:00:00 AM,0,0,0
06/01/2016 05:00:00 AM,10,3,7
06/01/2016 06:00:00 AM,19,3,16
06/01/2016 07:00:00 AM,39,11,28
06/01/2016 08:00:00 AM,45,11,34
06/01/2016 09:00:00 AM,26,8,18
06/01/2016 10:00:00 AM,31,13,18
06/01/2016 11:00:00 AM,13,7,6
06/01/2016 12:00:00 PM,23,8,15
06/01/2016 01:00:00 PM,24,11,13
06/01/2016 02:00:00 PM,29,11,18
06/01/2016 03:00:00 PM,33,19,14
06/01/2016 04:00:00 PM,40,18,22
06/01/2016 05:00:00 PM,48,24,24
06/01/2016 06:00:00 PM,49,24,25
06/01/2016 07:00:00 PM,20,11,9
06/01/2016 08:00:00 PM,17,11,6
06/01/2016 09:00:00 PM,18,9,9
06/01/2016 10:00:00 PM,15,8,7
06/01/2016 11:00:00 PM,9,1,8
06/02/2016 12:00:00 AM,8,1,7
06/02/2016 01:00:00 AM,2,0,2
06/02/2016 02:00:00 AM,1,0,1
06/02/2016 03:00:00 AM,0,0,0
06/02/2016 04:00:00 AM,1,1,0
06/02/2016 05:00:00 AM,5,1,4
06/02/2016 06:00:00 AM,14,1,13
06/02/2016 07:00:00 AM,41,13,28
06/02/2016 08:00:00 AM,47,13,34
06/02/2016 09:00:00 AM,21,11,10
06/02/2016 10:00:00 AM,16,3,13
06/02/2016 11:00:00 AM,17,6,11
06/02/2016 12:00:00 PM,23,9,14
06/02/2016 01:00:00 PM,26,13,13
06/02/2016 02:00:00 PM,19,9,10
06/02/2016 03:00:00 PM,18,12,6
06/02/2016 04:00:00 PM,29,20,9
06/02/2016 05:00:00 PM,45,28,17
06/02/2016 06:00:00 PM,31,17,14
06/02/2016 07:00:00 PM,29,14,15
06/02/2016 08:00:00 PM,20,10,10
06/02/2016 09:00:00 PM,13,4,9
06/02/2016 10:00:00 PM,16,9,7
06/02/2016 11:00:00 PM,6,5,1
06/03/2016 12:00:00 AM,5,2,3
06/03/2016 01:00:00 AM,2,1,1
06/03/2016 02:00:00 AM,3,1,2
06/03/2016 03:00:00 AM,1,1,0
06/03/2016 04:00:00 AM,3,1,2
06/03/2016 05:00:00 AM,11,1,10
06/03/2016 06:00:00 AM,19,1,18
06/03/2016 07:00:00 AM,40,9,31
06/03/2016 08:00:00 AM,38,15,23
06/03/2016 09:00:00 AM,24,10,14
06/03/2016 10:00:00 AM,15,3,12
06/03/2016 11:00:00 AM,18,5,13
06/03/2016 12:00:00 PM,24,10,14
06/03/2016 01:00:00 PM,30,14,16
06/03/2016 02:00:00 PM,33,14,19
06/03/2016 03:00:00 PM,24,12,12
06/03/2016 04:00:00 PM,48,28,20
06/03/2016 05:00:00 PM,41,25,16
06/03/2016 06:00:00 PM,34,18,16
06/03/2016 07:00:00 PM,32,18,14
06/03/2016 08:00:00 PM,23,14,9
06/03/2016 09:00:00 PM,16,7,9
06/03/2016 10:00:00 PM,9,6,3
06/03/2016 11:00:00 PM,13,5,8
06/04/2016 12:00:00 AM,8,3,5
06/04/2016 01:00:00 AM,12,3,9
06/04/2016 02:00:00 AM,1,0,1
06/04/2016 03:00:00 AM,0,0,0
06/04/2016 04:00:00 AM,0,0,0
06/04/2016 05:00:00 AM,1,1,0
06/04/2016 06:00:00 AM,6,0,6
06/04/2016 07:00:00 AM,11,5,6
06/04/2016 08:00:00 AM,17,7,10
06/04/2016 09:00:00 AM,11,3,8
06/04/2016 10:00:00 AM,15,7,8
06/04/2016 11:00:00 AM,14,6,8
06/04/2016 12:00:00 PM,22,12,10
06/04/2016 01:00:00 PM,23,12,11
06/04/2016 02:00:00 PM,16,10,6
06/04/2016 03:00:00 PM,18,7,11
06/04/2016 04:00:00 PM,15,7,8
06/04/2016 05:00:00 PM,21,9,12
06/04/2016 06:00:00 PM,20,11,9
06/04/2016 07:00:00 PM,24,8,16
06/04/2016 08:00:00 PM,21,12,9
06/04/2016 09:00:00 PM,11,8,3
06/04/2016 10:00:00 PM,17,7,10
06/04/2016 11:00:00 PM,14,7,7
06/05/2016 12:00:00 AM,7,5,2
06/05/2016 01:00:00 AM,10,3,7
06/05/2016 02:00:00 AM,11,4,7
06/05/2016 03:00:00 AM,2,0,2
06/05/2016 04:00:00 AM,1,1,0
06/05/2016 05:00:00 AM,0,0,0
06/05/2016 06:00:00 AM,4,0,4
06/05/2016 07:00:00 AM,5,2,3
06/05/2016 08:00:00 AM,6,3,3
06/05/2016 09:00:00 AM,9,4,5
06/05/2016 10:00:00 AM,8,5,3
06/05/2016 11:00:00 AM,13,9,4
06/05/2016 12:00:00 PM,18,11,7
06/05/2016 01:00:00 PM,19,11,8
06/05/2016 02:00:00 PM,14,2,12
06/05/2016 03:00:00 PM,13,3,10
06/05/2016 04:00:00 PM,16,9,7
06/05/2016 05:00:00 PM,11,7,4
06/05/2016 06:00:00 PM,14,4,10
06/05/2016 07:00:00 PM,21,9,12
06/05/2016 08:00:00 PM,5,1,4
06/05/2016 09:00:00 PM,7,1,6
06/05/2016 10:00:00 PM,10,4,6
06/05/2016 11:00:00 PM,4,1,3
06/06/2016 12:00:00 AM,3,1,2
06/06/2016 01:00:00 AM,0,0,0
06/06/2016 02:00:00 AM,2,2,0
06/06/2016 03:00:00 AM,0,0,0
06/06/2016 04:00:00 AM,1,1,0
06/06/2016 05:00:00 AM,3,1,2
06/06/2016 06:00:00 AM,13,2,11
06/06/2016 07:00:00 AM,36,6,30
06/06/2016 08:00:00 AM,42,8,34
06/06/2016 09:00:00 AM,19,8,11
06/06/2016 10:00:00 AM,19,11,8
06/06/2016 11:00:00 AM,16,4,12
06/06/2016 12:00:00 PM,16,11,5
06/06/2016 01:00:00 PM,15,8,7
06/06/2016 02:00:00 PM,23,15,8
06/06/2016 03:00:00 PM,28,18,10
06/06/2016 04:00:00 PM,33,17,16
06/06/2016 05:00:00 PM,49,22,27
06/06/2016 06:00:00 PM,52,29,23
06/06/2016 07:00:00 PM,24,10,14
06/06/2016 08:00:00 PM,19,11,8
06/06/2016 09:00:00 PM,23,9,14
06/06/2016 10:00:00 PM,17,5,12
06/06/2016 11:00:00 PM,8,5,3
06/07/2016 12:00:00 AM,5,1,4
06/07/2016 01:00:00 AM,1,0,1
06/07/2016 02:00:00 AM,1,0,1
06/07/2016 03:00:00 AM,1,1,0
06/07/2016 04:00:00 AM,0,0,0
06/07/2016 05:00:00 AM,3,1,2
06/07/2016 06:00:00 AM,19,4,15
06/07/2016 07:00:00 AM,45,7,38
06/07/2016 08:00:00 AM,47,12,35
06/07/2016 09:00:00 AM,26,14,12
06/07/2016 10:00:00 AM,18,7,11
06/07/2016 11:00:00 AM,12,6,6
06/07/2016 12:00:00 PM,15,7,8
06/07/2016 01:00:00 PM,25,6,19
06/07/2016 02:00:00 PM,20,12,8
06/07/2016 03:00:00 PM,20,12,8
06/07/2016 04:00:00 PM,35,25,10
06/07/2016 05:00:00 PM,55,30,25
06/07/2016 06:00:00 PM,45,23,22
06/07/2016 07:00:00 PM,36,20,16
06/07/2016 08:00:00 PM,25,14,11
06/07/2016 09:00:00 PM,13,5,8
06/07/2016 10:00:00 PM,7,4,3
06/07/2016 11:00:00 PM,14,5,9
06/08/2016 12:00:00 AM,3,1,2
06/08/2016 01:00:00 AM,4,3,1
06/08/2016 02:00:00 AM,1,1,0
06/08/2016 03:00:00 AM,1,0,1
06/08/2016 04:00:00 AM,1,0,1
06/08/2016 05:00:00 AM,8,0,8
06/08/2016 06:00:00 AM,14,2,12
06/08/2016 07:00:00 AM,44,7,37
06/08/2016 08:00:00 AM,47,12,35
06/08/2016 09:00:00 AM,24,9,15
06/08/2016 10:00:00 AM,9,4,5
06/08/2016 11:00:00 AM,17,9,8
06/08/2016 12:00:00 PM,15,6,9
06/08/2016 01:00:00 PM,23,8,15
06/08/2016 02:00:00 PM,30,17,13
06/08/2016 03:00:00 PM,15,8,7
06/08/2016 04:00:00 PM,24,13,11
06/08/2016 05:00:00 PM,37,21,16
06/08/2016 06:00:00 PM,29,22,7
06/08/2016 07:00:00 PM,33,15,18
06/08/2016 08:00:00 PM,16,9,7
06/08/2016 09:00:00 PM,7,1,6
06/08/2016 10:00:00 PM,10,2,8
06/08/2016 11:00:00 PM,8,6,2
06/09/2016 12:00:00 AM,6,5,1
06/09/2016 01:00:00 AM,4,3,1
06/09/2016 02:00:00 AM,1,0,1
06/09/2016 03:00:00 AM,0,0,0
06/09/2016 04:00:00 AM,0,0,0
06/09/2016 05:00:00 AM,5,1,4
06/09/2016 06:00:00 AM,12,1,11
06/09/2016 07:00:00 AM,25,4,21
06/09/2016 08:00:00 AM,39,12,27
06/09/2016 09:00:00 AM,24,9,15
06/09/2016 10:00:00 AM,16,1,15
06/09/2016 11:00:00 AM,9,3,6
06/09/2016 12:00:00 PM,16,6,10
06/09/2016 01:00:00 PM,17,9,8
06/09/2016 02:00:00 PM,13,5,8
06/09/2016 03:00:00 PM,22,12,10
06/09/2016 04:00:00 PM,30,19,11
06/09/2016 05:00:00 PM,43,26,17
06/09/2016 06:00:00 PM,30,13,17
06/09/2016 07:00:00 PM,37,24,13
06/09/2016 08:00:00 PM,25,8,17
06/09/2016 09:00:00 PM,14,11,3
06/09/2016 10:00:00 PM,9,3,6
06/09/2016 11:00:00 PM,7,3,4
06/10/2016 12:00:00 AM,2,0,2
06/10/2016 01:00:00 AM,4,2,2
06/10/2016 02:00:00 AM,3,1,2
06/10/2016 03:00:00 AM,0,0,0
06/10/2016 04:00:00 AM,1,0,1
06/10/2016 05:00:00 AM,2,0,2
06/10/2016 06:00:00 AM,10,1,9
06/10/2016 07:00:00 AM,29,3,26
06/10/2016 08:00:00 AM,30,7,23
06/10/2016 09:00:00 AM,15,4,11
06/10/2016 10:00:00 AM,17,5,12
06/10/2016 11:00:00 AM,19,15,4
06/10/2016 12:00:00 PM,13,3,10
06/10/2016 01:00:00 PM,22,15,7
06/10/2016 02:00:00 PM,18,8,10
06/10/2016 03:00:00 PM,28,12,16
06/10/2016 04:00:00 PM,31,18,13
06/10/2016 05:00:00 PM,30,21,9
06/10/2016 06:00:00 PM,34,15,19
06/10/2016 07:00:00 PM,17,9,8
06/10/2016 08:00:00 PM,14,8,6
06/10/2016 09:00:00 PM,16,9,7
06/10/2016 10:00:00 PM,10,5,5
06/10/2016 11:00:00 PM,8,2,6
06/11/2016 12:00:00 AM,23,7,16
06/11/2016 01:00:00 AM,3,2,1
06/11/2016 02:00:00 AM,13,4,9
06/11/2016 03:00:00 AM,0,0,0
06/11/2016 04:00:00 AM,0,0,0
06/11/2016 05:00:00 AM,2,1,1
06/11/2016 06:00:00 AM,8,3,5
06/11/2016 07:00:00 AM,3,2,1
06/11/2016 08:00:00 AM,6,4,2
06/11/2016 09:00:00 AM,9,5,4
06/11/2016 10:00:00 AM,11,4,7
06/11/2016 11:00:00 AM,10,4,6
06/11/2016 12:00:00 PM,14,6,8
06/11/2016 01:00:00 PM,20,12,8
06/11/2016 02:00:00 PM,13,9,4
06/11/2016 03:00:00 PM,11,3,8
06/11/2016 04:00:00 PM,17,6,11
06/11/2016 05:00:00 PM,19,6,13
06/11/2016 06:00:00 PM,12,6,6
06/11/2016 07:00:00 PM,17,7,10
06/11/2016 08:00:00 PM,12,7,5
06/11/2016 09:00:00 PM,5,1,4
06/11/2016 10:00:00 PM,14,3,11
06/11/2016 11:00:00 PM,8,5,3
06/12/2016 12:00:00 AM,7,3,4
06/12/2016 01:00:00 AM,6,0,6
06/12/2016 02:00:00 AM,5,0,5
06/12/2016 03:00:00 AM,0,0,0
06/12/2016 04:00:00 AM,4,3,1
06/12/2016 05:00:00 AM,3,1,2
06/12/2016 06:00:00 AM,10,1,9
06/12/2016 07:00:00 AM,7,4,3
06/12/2016 08:00:00 AM,4,2,2
06/12/2016 09:00:00 AM,7,3,4
06/12/2016 10:00:00 AM,20,14,6
06/12/2016 11:00:00 AM,15,6,9
06/12/2016 12:00:00 PM,16,9,7
06/12/2016 01:00:00 PM,11,2,9
06/12/2016 02:00:00 PM,18,8,10
06/12/2016 03:00:00 PM,23,11,12
06/12/2016 04:00:00 PM,19,11,8
06/12/2016 05:00:00 PM,25,13,12
06/12/2016 06:00:00 PM,19,11,8
06/12/2016 07:00:00 PM,15,10,5
06/12/2016 08:00:00 PM,9,6,3
06/12/2016 09:00:00 PM,6,3,3
06/12/2016 10:00:00 PM,5,3,2
06/12/2016 11:00:00 PM,4,3,1
06/13/2016 12:00:00 AM,1,0,1
06/13/2016 01:00:00 AM,3,1,2
06/13/2016 02:00:00 AM,1,1,0
06/13/2016 03:00:00 AM,1,1,0
06/13/2016 04:00:00 AM,3,2,1
06/13/2016 05:00:00 AM,5,1,4
06/13/2016 06:00:00 AM,19,3,16
06/13/2016 07:00:00 AM,28,5,23
06/13/2016 08:00:00 AM,35,7,28
06/13/2016 09:00:00 AM,19,10,9
06/13/2016 10:00:00 AM,11,3,8
06/13/2016 11:00:00 AM,12,7,5
06/13/2016 12:00:00 PM,16,7,9
06/13/2016 01:00:00 PM,10,4,6
06/13/2016 02:00:00 PM,15,6,9
06/13/2016 03:00:00 PM,21,10,11
06/13/2016 04:00:00 PM,22,10,12
06/13/2016 05:00:00 PM,35,18,17
06/13/2016 06:00:00 PM,44,19,25
06/13/2016 07:00:00 PM,24,14,10
06/13/2016 08:00:00 PM,15,4,11
06/13/2016 09:00:00 PM,19,7,12
06/13/2016 10:00:00 PM,7,3,4
06/13/2016 11:00:00 PM,5,3,2
06/14/2016 12:00:00 AM,1,0,1
06/14/2016 01:00:00 AM,3,3,0
06/14/2016 02:00:00 AM,1,0,1
06/14/2016 03:00:00 AM,0,0,0
06/14/2016 04:00:00 AM,0,0,0
06/14/2016 05:00:00 AM,5,1,4
06/14/2016 06:00:00 AM,20,5,15
06/14/2016 07:00:00 AM,18,4,14
06/14/2016 08:00:00 AM,37,10,27
06/14/2016 09:00:00 AM,14,7,7
06/14/2016 10:00:00 AM,10,4,6
06/14/2016 11:00:00 AM,18,7,11
06/14/2016 12:00:00 PM,13,8,5
06/14/2016 01:00:00 PM,17,5,12
06/14/2016 02:00:00 PM,18,7,11
06/14/2016 03:00:00 PM,19,11,8
06/14/2016 04:00:00 PM,29,20,9
06/14/2016 05:00:00 PM,42,19,23
06/14/2016 06:00:00 PM,30,15,15
06/14/2016 07:00:00 PM,20,9,11
06/14/2016 08:00:00 PM,14,9,5
06/14/2016 09:00:00 PM,9,5,4
06/14/2016 10:00:00 PM,7,5,2
06/14/2016 11:00:00 PM,7,7,0
06/15/2016 12:00:00 AM,5,4,1
06/15/2016 01:00:00 AM,1,1,0
06/15/2016 02:00:00 AM,0,0,0
06/15/2016 03:00:00 AM,0,0,0
06/15/2016 04:00:00 AM,1,0,1
06/15/2016 05:00:00 AM,7,1,6
06/15/2016 06:00:00 AM,17,10,7
06/15/2016 07:00:00 AM,24,4,20
06/15/2016 08:00:00 AM,42,13,29
06/15/2016 09:00:00 AM,21,7,14
06/15/2016 10:00:00 AM,16,5,11
06/15/2016 11:00:00 AM,9,4,5
06/15/2016 12:00:00 PM,12,7,5
06/15/2016 01:00:00 PM,22,7,15
06/15/2016 02:00:00 PM,23,15,8
06/15/2016 03:00:00 PM,16,10,6
06/15/2016 04:00:00 PM,32,15,17
06/15/2016 05:00:00 PM,54,35,19
06/15/2016 06:00:00 PM,36,17,19
06/15/2016 07:00:00 PM,19,10,9
06/15/2016 08:00:00 PM,19,7,12
06/15/2016 09:00:00 PM,19,11,8
06/15/2016 10:00:00 PM,11,6,5
06/15/2016 11:00:00 PM,13,10,3
06/16/2016 12:00:00 AM,7,3,4
06/16/2016 01:00:00 AM,4,2,2
06/16/2016 02:00:00 AM,2,0,2
06/16/2016 03:00:00 AM,0,0,0
06/16/2016 04:00:00 AM,0,0,0
06/16/2016 05:00:00 AM,11,4,7
06/16/2016 06:00:00 AM,17,1,16
06/16/2016 07:00:00 AM,34,10,24
06/16/2016 08:00:00 AM,34,17,17
06/16/2016 09:00:00 AM,30,15,15
06/16/2016 10:00:00 AM,9,4,5
06/16/2016 11:00:00 AM,8,4,4
06/16/2016 12:00:00 PM,20,10,10
06/16/2016 01:00:00 PM,28,16,12
06/16/2016 02:00:00 PM,22,12,10
06/16/2016 03:00:00 PM,13,9,4
06/16/2016 04:00:00 PM,25,15,10
06/16/2016 05:00:00 PM,60,21,39
06/16/2016 06:00:00 PM,36,22,14
06/16/2016 07:00:00 PM,30,17,13
06/16/2016 08:00:00 PM,17,7,10
06/16/2016 09:00:00 PM,20,13,7
06/16/2016 10:00:00 PM,7,3,4
06/16/2016 11:00:00 PM,14,7,7
06/17/2016 12:00:00 AM,10,4,6
06/17/2016 01:00:00 AM,4,2,2
06/17/2016 02:00:00 AM,4,0,4
06/17/2016 03:00:00 AM,5,3,2
06/17/2016 04:00:00 AM,2,0,2
06/17/2016 05:00:00 AM,4,0,4
06/17/2016 06:00:00 AM,12,1,11
06/17/2016 07:00:00 AM,30,9,21
06/17/2016 08:00:00 AM,39,11,28
06/17/2016 09:00:00 AM,24,10,14
06/17/2016 10:00:00 AM,12,6,6
06/17/2016 11:00:00 AM,21,10,11
06/17/2016 12:00:00 PM,19,7,12
06/17/2016 01:00:00 PM,21,10,11
06/17/2016 02:00:00 PM,26,15,11
06/17/2016 03:00:00 PM,24,13,11
06/17/2016 04:00:00 PM,25,12,13
06/17/2016 05:00:00 PM,32,24,8
06/17/2016 06:00:00 PM,31,15,16
06/17/2016 07:00:00 PM,24,16,8
06/17/2016 08:00:00 PM,10,5,5
06/17/2016 09:00:00 PM,10,5,5
06/17/2016 10:00:00 PM,11,4,7
06/17/2016 11:00:00 PM,6,3,3
06/18/2016 12:00:00 AM,2,1,1
06/18/2016 01:00:00 AM,0,0,0
06/18/2016 02:00:00 AM,3,2,1
06/18/2016 03:00:00 AM,1,0,1
06/18/2016 04:00:00 AM,0,0,0
06/18/2016 05:00:00 AM,2,0,2
06/18/2016 06:00:00 AM,7,4,3
06/18/2016 07:00:00 AM,5,4,1
06/18/2016 08:00:00 AM,8,7,1
06/18/2016 09:00:00 AM,4,2,2
06/18/2016 10:00:00 AM,6,1,5
06/18/2016 11:00:00 AM,10,5,5
06/18/2016 12:00:00 PM,6,3,3
06/18/2016 01:00:00 PM,16,7,9
06/18/2016 02:00:00 PM,17,13,4
06/18/2016 03:00:00 PM,11,7,4
06/18/2016 04:00:00 PM,23,8,15
06/18/2016 05:00:00 PM,17,9,8
06/18/2016 06:00:00 PM,26,12,14
06/18/2016 07:00:00 PM,23,12,11
06/18/2016 08:00:00 PM,5,2,3
06/18/2016 09:00:00 PM,5,2,3
06/18/2016 10:00:00 PM,4,2,2
06/18/2016 11:00:00 PM,14,4,10
06/19/2016 12:00:00 AM,9,2,7
06/19/2016 01:00:00 AM,5,3,2
06/19/2016 02:00:00 AM,6,1,5
06/19/2016 03:00:00 AM,2,0,2
06/19/2016 04:00:00 AM,0,0,0
06/19/2016 05:00:00 AM,0,0,0
06/19/2016 06:00:00 AM,5,1,4
06/19/2016 07:00:00 AM,1,1,0
06/19/2016 08:00:00 AM,7,0,7
06/19/2016 09:00:00 AM,18,10,8
06/19/2016 10:00:00 AM,10,3,7
06/19/2016 11:00:00 AM,17,10,7
06/19/2016 12:00:00 PM,23,10,13
06/19/2016 01:00:00 PM,21,14,7
06/19/2016 02:00:00 PM,28,14,14
06/19/2016 03:00:00 PM,19,6,13
06/19/2016 04:00:00 PM,18,9,9
06/19/2016 05:00:00 PM,20,9,11
06/19/2016 06:00:00 PM,15,7,8
06/19/2016 07:00:00 PM,19,8,11
06/19/2016 08:00:00 PM,14,4,10
06/19/2016 09:00:00 PM,8,4,4
06/19/2016 10:00:00 PM,5,2,3
06/19/2016 11:00:00 PM,4,3,1
06/20/2016 12:00:00 AM,3,1,2
06/20/2016 01:00:00 AM,0,0,0
06/20/2016 02:00:00 AM,0,0,0
06/20/2016 03:00:00 AM,1,1,0
06/20/2016 04:00:00 AM,6,2,4
06/20/2016 05:00:00 AM,10,2,8
06/20/2016 06:00:00 AM,9,2,7
06/20/2016 07:00:00 AM,35,9,26
06/20/2016 08:00:00 AM,49,13,36
06/20/2016 09:00:00 AM,17,2,15
06/20/2016 10:00:00 AM,13,7,6
06/20/2016 11:00:00 AM,15,7,8
06/20/2016 12:00:00 PM,22,11,11
06/20/2016 01:00:00 PM,17,10,7
06/20/2016 02:00:00 PM,15,8,7
06/20/2016 03:00:00 PM,21,11,10
06/20/2016 04:00:00 PM,32,21,11
06/20/2016 05:00:00 PM,46,27,19
06/20/2016 06:00:00 PM,41,16,25
06/20/2016 07:00:00 PM,35,14,21
06/20/2016 08:00:00 PM,24,13,11
06/20/2016 09:00:00 PM,18,7,11
06/20/2016 10:00:00 PM,8,2,6
06/20/2016 11:00:00 PM,4,3,1
06/21/2016 12:00:00 AM,0,0,0
06/21/2016 01:00:00 AM,0,0,0
06/21/2016 02:00:00 AM,0,0,0
06/21/2016 03:00:00 AM,0,0,0
06/21/2016 04:00:00 AM,3,1,2
06/21/2016 05:00:00 AM,8,1,7
06/21/2016 06:00:00 AM,16,2,14
06/21/2016 07:00:00 AM,30,7,23
06/21/2016 08:00:00 AM,48,11,37
06/21/2016 09:00:00 AM,29,17,12
06/21/2016 10:00:00 AM,7,2,5
06/21/2016 11:00:00 AM,16,8,8
06/21/2016 12:00:00 PM,12,5,7
06/21/2016 01:00:00 PM,14,8,6
06/21/2016 02:00:00 PM,24,9,15
06/21/2016 03:00:00 PM,22,10,12
06/21/2016 04:00:00 PM,25,13,12
06/21/2016 05:00:00 PM,46,33,13
06/21/2016 06:00:00 PM,40,26,14
06/21/2016 07:00:00 PM,23,14,9
06/21/2016 08:00:00 PM,13,4,9
06/21/2016 09:00:00 PM,12,4,8
06/21/2016 10:00:00 PM,3,0,3
06/21/2016 11:00:00 PM,9,4,5
06/22/2016 12:00:00 AM,7,5,2
06/22/2016 01:00:00 AM,4,1,3
06/22/2016 02:00:00 AM,0,0,0
06/22/2016 03:00:00 AM,0,0,0
06/22/2016 04:00:00 AM,0,0,0
06/22/2016 05:00:00 AM,7,0,7
06/22/2016 06:00:00 AM,20,5,15
06/22/2016 07:00:00 AM,43,12,31
06/22/2016 08:00:00 AM,37,8,29
06/22/2016 09:00:00 AM,21,7,14
06/22/2016 10:00:00 AM,21,11,10
06/22/2016 11:00:00 AM,14,6,8
06/22/2016 12:00:00 PM,20,9,11
06/22/2016 01:00:00 PM,20,9,11
06/22/2016 02:00:00 PM,25,12,13
06/22/2016 03:00:00 PM,22,12,10
06/22/2016 04:00:00 PM,36,21,15
06/22/2016 05:00:00 PM,44,18,26
06/22/2016 06:00:00 PM,44,25,19
06/22/2016 07:00:00 PM,35,15,20
06/22/2016 08:00:00 PM,16,6,10
06/22/2016 09:00:00 PM,17,6,11
06/22/2016 10:00:00 PM,11,3,8
06/22/2016 11:00:00 PM,8,3,5
06/23/2016 12:00:00 AM,5,3,2
06/23/2016 01:00:00 AM,0,0,0
06/23/2016 02:00:00 AM,2,0,2
06/23/2016 03:00:00 AM,0,0,0
06/23/2016 04:00:00 AM,3,1,2
06/23/2016 05:00:00 AM,3,0,3
06/23/2016 06:00:00 AM,11,3,8
06/23/2016 07:00:00 AM,23,5,18
06/23/2016 08:00:00 AM,34,8,26
06/23/2016 09:00:00 AM,18,5,13
06/23/2016 10:00:00 AM,9,3,6
06/23/2016 11:00:00 AM,10,6,4
06/23/2016 12:00:00 PM,19,13,6
06/23/2016 01:00:00 PM,15,6,9
06/23/2016 02:00:00 PM,12,5,7
06/23/2016 03:00:00 PM,18,9,9
06/23/2016 04:00:00 PM,26,18,8
06/23/2016 05:00:00 PM,38,25,13
06/23/2016 06:00:00 PM,31,18,13
06/23/2016 07:00:00 PM,14,4,10
06/23/2016 08:00:00 PM,25,12,13
06/23/2016 09:00:00 PM,8,1,7
06/23/2016 10:00:00 PM,7,4,3
06/23/2016 11:00:00 PM,9,6,3
06/24/2016 12:00:00 AM,2,1,1
06/24/2016 01:00:00 AM,3,0,3
06/24/2016 02:00:00 AM,0,0,0
06/24/2016 03:00:00 AM,1,1,0
06/24/2016 04:00:00 AM,1,0,1
06/24/2016 05:00:00 AM,2,0,2
06/24/2016 06:00:00 AM,11,1,10
06/24/2016 07:00:00 AM,17,3,14
06/24/2016 08:00:00 AM,28,9,19
06/24/2016 09:00:00 AM,17,8,9
06/24/2016 10:00:00 AM,9,5,4
06/24/2016 11:00:00 AM,14,5,9
06/24/2016 12:00:00 PM,17,10,7
06/24/2016 01:00:00 PM,15,5,10
06/24/2016 02:00:00 PM,24,9,15
06/24/2016 03:00:00 PM,22,15,7
06/24/2016 04:00:00 PM,23,12,11
06/24/2016 05:00:00 PM,40,23,17
06/24/2016 06:00:00 PM,44,29,15
06/24/2016 07:00:00 PM,19,8,11
06/24/2016 08:00:00 PM,16,11,5
06/24/2016 09:00:00 PM,17,4,13
06/24/2016 10:00:00 PM,7,3,4
06/24/2016 11:00:00 PM,10,4,6
06/25/2016 12:00:00 AM,12,9,3
06/25/2016 01:00:00 AM,6,2,4
06/25/2016 02:00:00 AM,6,0,6
06/25/2016 03:00:00 AM,1,0,1
06/25/2016 04:00:00 AM,0,0,0
06/25/2016 05:00:00 AM,1,0,1
06/25/2016 06:00:00 AM,5,0,5
06/25/2016 07:00:00 AM,7,3,4
06/25/2016 08:00:00 AM,6,3,3
06/25/2016 09:00:00 AM,12,9,3
06/25/2016 10:00:00 AM,12,6,6
06/25/2016 11:00:00 AM,16,8,8
06/25/2016 12:00:00 PM,24,10,14
06/25/2016 01:00:00 PM,22,14,8
06/25/2016 02:00:00 PM,14,9,5
06/25/2016 03:00:00 PM,22,13,9
06/25/2016 04:00:00 PM,28,14,14
06/25/2016 05:00:00 PM,21,10,11
06/25/2016 06:00:00 PM,16,3,13
06/25/2016 07:00:00 PM,17,10,7
06/25/2016 08:00:00 PM,19,9,10
06/25/2016 09:00:00 PM,13,6,7
06/25/2016 10:00:00 PM,22,9,13
06/25/2016 11:00:00 PM,14,5,9
06/26/2016 12:00:00 AM,7,6,1
06/26/2016 01:00:00 AM,13,1,12
06/26/2016 02:00:00 AM,6,2,4
06/26/2016 03:00:00 AM,7,0,7
06/26/2016 04:00:00 AM,2,0,2
06/26/2016 05:00:00 AM,0,0,0
06/26/2016 06:00:00 AM,7,0,7
06/26/2016 07:00:00 AM,2,1,1
06/26/2016 08:00:00 AM,6,3,3
06/26/2016 09:00:00 AM,10,5,5
06/26/2016 10:00:00 AM,17,7,10
06/26/2016 11:00:00 AM,25,15,10
06/26/2016 12:00:00 PM,24,18,6
06/26/2016 01:00:00 PM,37,19,18
06/26/2016 02:00:00 PM,22,11,11
06/26/2016 03:00:00 PM,22,11,11
06/26/2016 04:00:00 PM,30,11,19
06/26/2016 05:00:00 PM,22,8,14
06/26/2016 06:00:00 PM,20,6,14
06/26/2016 07:00:00 PM,19,12,7
06/26/2016 08:00:00 PM,17,5,12
06/26/2016 09:00:00 PM,12,1,11
06/26/2016 10:00:00 PM,8,4,4
06/26/2016 11:00:00 PM,11,7,4
06/27/2016 12:00:00 AM,4,4,0
06/27/2016 01:00:00 AM,4,3,1
06/27/2016 02:00:00 AM,0,0,0
06/27/2016 03:00:00 AM,1,0,1
06/27/2016 04:00:00 AM,2,0,2
06/27/2016 05:00:00 AM,8,2,6
06/27/2016 06:00:00 AM,15,1,14
06/27/2016 07:00:00 AM,32,6,26
06/27/2016 08:00:00 AM,37,7,30
06/27/2016 09:00:00 AM,19,7,12
06/27/2016 10:00:00 AM,13,9,4
06/27/2016 11:00:00 AM,20,9,11
06/27/2016 12:00:00 PM,16,12,4
06/27/2016 01:00:00 PM,18,9,9
06/27/2016 02:00:00 PM,21,9,12
06/27/2016 03:00:00 PM,25,15,10
06/27/2016 04:00:00 PM,25,15,10
06/27/2016 05:00:00 PM,32,21,11
06/27/2016 06:00:00 PM,44,26,18
06/27/2016 07:00:00 PM,26,18,8
06/27/2016 08:00:00 PM,21,12,9
06/27/2016 09:00:00 PM,13,9,4
06/27/2016 10:00:00 PM,11,2,9
06/27/2016 11:00:00 PM,7,5,2
06/28/2016 12:00:00 AM,3,1,2
06/28/2016 01:00:00 AM,2,0,2
06/28/2016 02:00:00 AM,1,0,1
06/28/2016 03:00:00 AM,1,1,0
06/28/2016 04:00:00 AM,2,0,2
06/28/2016 05:00:00 AM,6,0,6
06/28/2016 06:00:00 AM,20,5,15
06/28/2016 07:00:00 AM,37,9,28
06/28/2016 08:00:00 AM,36,11,25
06/28/2016 09:00:00 AM,30,14,16
06/28/2016 10:00:00 AM,12,7,5
06/28/2016 11:00:00 AM,17,7,10
06/28/2016 12:00:00 PM,21,7,14
06/28/2016 01:00:00 PM,17,6,11
06/28/2016 02:00:00 PM,23,11,12
06/28/2016 03:00:00 PM,30,17,13
06/28/2016 04:00:00 PM,23,16,7
06/28/2016 05:00:00 PM,52,28,24
06/28/2016 06:00:00 PM,46,23,23
06/28/2016 07:00:00 PM,33,21,12
06/28/2016 08:00:00 PM,21,8,13
06/28/2016 09:00:00 PM,20,10,10
06/28/2016 10:00:00 PM,8,3,5
06/28/2016 11:00:00 PM,9,5,4
06/29/2016 12:00:00 AM,2,0,2
06/29/2016 01:00:00 AM,0,0,0
06/29/2016 02:00:00 AM,0,0,0
06/29/2016 03:00:00 AM,0,0,0
06/29/2016 04:00:00 AM,2,1,1
06/29/2016 05:00:00 AM,7,1,6
06/29/2016 06:00:00 AM,18,0,18
06/29/2016 07:00:00 AM,25,4,21
06/29/2016 08:00:00 AM,40,7,33
06/29/2016 09:00:00 AM,25,11,14
06/29/2016 10:00:00 AM,12,2,10
06/29/2016 11:00:00 AM,17,9,8
06/29/2016 12:00:00 PM,18,4,14
06/29/2016 01:00:00 PM,18,8,10
06/29/2016 02:00:00 PM,24,15,9
06/29/2016 03:00:00 PM,27,14,13
06/29/2016 04:00:00 PM,29,14,15
06/29/2016 05:00:00 PM,55,32,23
06/29/2016 06:00:00 PM,32,18,14
06/29/2016 07:00:00 PM,37,9,28
06/29/2016 08:00:00 PM,17,9,8
06/29/2016 09:00:00 PM,21,8,13
06/29/2016 10:00:00 PM,13,6,7
06/29/2016 11:00:00 PM,4,2,2
06/30/2016 12:00:00 AM,13,6,7
06/30/2016 01:00:00 AM,5,0,5
06/30/2016 02:00:00 AM,2,0,2
06/30/2016 03:00:00 AM,1,0,1
06/30/2016 04:00:00 AM,0,0,0
06/30/2016 05:00:00 AM,2,0,2
06/30/2016 06:00:00 AM,13,1,12
06/30/2016 07:00:00 AM,36,6,30
06/30/2016 08:00:00 AM,47,11,36
06/30/2016 09:00:00 AM,26,9,17
06/30/2016 10:00:00 AM,11,5,6
06/30/2016 11:00:00 AM,19,7,12
06/30/2016 12:00:00 PM,19,9,10
06/30/2016 01:00:00 PM,26,12,14
06/30/2016 02:00:00 PM,20,7,13
06/30/2016 03:00:00 PM,26,16,10
06/30/2016 04:00:00 PM,26,15,11
06/30/2016 05:00:00 PM,41,21,20
06/30/2016 06:00:00 PM,33,24,9
06/30/2016 07:00:00 PM,17,12,5
06/30/2016 08:00:00 PM,28,18,10
06/30/2016 09:00:00 PM,10,3,7
06/30/2016 10:00:00 PM,17,11,6
06/30/2016 11:00:00 PM,16,3,13
07/01/2016 12:00:00 AM,4,1,3
07/01/2016 01:00:00 AM,4,0,4
07/01/2016 02:00:00 AM,5,2,3
07/01/2016 03:00:00 AM,0,0,0
07/01/2016 04:00:00 AM,1,0,1
07/01/2016 05:00:00 AM,8,3,5
07/01/2016 06:00:00 AM,18,3,15
07/01/2016 07:00:00 AM,35,4,31
07/01/2016 08:00:00 AM,28,6,22
07/01/2016 09:00:00 AM,14,6,8
07/01/2016 10:00:00 AM,20,9,11
07/01/2016 11:00:00 AM,17,12,5
07/01/2016 12:00:00 PM,20,10,10
07/01/2016 01:00:00 PM,22,10,12
07/01/2016 02:00:00 PM,20,9,11
07/01/2016 03:00:00 PM,29,16,13
07/01/2016 04:00:00 PM,24,18,6
07/01/2016 05:00:00 PM,35,20,15
07/01/2016 06:00:00 PM,47,25,22
07/01/2016 07:00:00 PM,23,11,12
07/01/2016 08:00:00 PM,16,9,7
07/01/2016 09:00:00 PM,13,6,7
07/01/2016 10:00:00 PM,8,2,6
07/01/2016 11:00:00 PM,16,8,8
07/02/2016 12:00:00 AM,6,2,4
07/02/2016 01:00:00 AM,8,1,7
07/02/2016 02:00:00 AM,7,3,4
07/02/2016 03:00:00 AM,1,1,0
07/02/2016 04:00:00 AM,1,0,1
07/02/2016 05:00:00 AM,2,0,2
07/02/2016 06:00:00 AM,10,1,9
07/02/2016 07:00:00 AM,7,2,5
07/02/2016 08:00:00 AM,11,7,4
07/02/2016 09:00:00 AM,23,11,12
07/02/2016 10:00:00 AM,12,3,9
07/02/2016 11:00:00 AM,14,8,6
07/02/2016 12:00:00 PM,6,4,2
07/02/2016 01:00:00 PM,20,13,7
07/02/2016 02:00:00 PM,9,2,7
07/02/2016 03:00:00 PM,15,12,3
07/02/2016 04:00:00 PM,18,13,5
07/02/2016 05:00:00 PM,16,7,9
07/02/2016 06:00:00 PM,9,4,5
07/02/2016 07:00:00 PM,16,10,6
07/02/2016 08:00:00 PM,13,3,10
07/02/2016 09:00:00 PM,7,5,2
07/02/2016 10:00:00 PM,7,2,5
07/02/2016 11:00:00 PM,9,5,4
07/03/2016 12:00:00 AM,5,1,4
07/03/2016 01:00:00 AM,6,4,2
07/03/2016 02:00:00 AM,4,1,3
07/03/2016 03:00:00 AM,3,3,0
07/03/2016 04:00:00 AM,0,0,0
07/03/2016 05:00:00 AM,3,1,2
07/03/2016 06:00:00 AM,8,2,6
07/03/2016 07:00:00 AM,6,3,3
07/03/2016 08:00:00 AM,3,1,2
07/03/2016 09:00:00 AM,6,2,4
07/03/2016 10:00:00 AM,12,7,5
07/03/2016 11:00:00 AM,13,9,4
07/03/2016 12:00:00 PM,9,6,3
07/03/2016 01:00:00 PM,14,10,4
07/03/2016 02:00:00 PM,14,7,7
07/03/2016 03:00:00 PM,13,6,7
07/03/2016 04:00:00 PM,24,14,10
07/03/2016 05:00:00 PM,5,1,4
07/03/2016 06:00:00 PM,14,7,7
07/03/2016 07:00:00 PM,19,13,6
07/03/2016 08:00:00 PM,9,4,5
07/03/2016 09:00:00 PM,13,3,10
07/03/2016 10:00:00 PM,5,0,5
07/03/2016 11:00:00 PM,8,3,5
07/04/2016 12:00:00 AM,14,3,11
07/04/2016 01:00:00 AM,1,0,1
07/04/2016 02:00:00 AM,6,4,2
07/04/2016 03:00:00 AM,0,0,0
07/04/2016 04:00:00 AM,0,0,0
07/04/2016 05:00:00 AM,3,0,3
07/04/2016 06:00:00 AM,9,2,7
07/04/2016 07:00:00 AM,7,2,5
07/04/2016 08:00:00 AM,8,2,6
07/04/2016 09:00:00 AM,4,1,3
07/04/2016 10:00:00 AM,18,10,8
07/04/2016 11:00:00 AM,11,2,9
07/04/2016 12:00:00 PM,21,9,12
07/04/2016 01:00:00 PM,13,6,7
07/04/2016 02:00:00 PM,9,6,3
07/04/2016 03:00:00 PM,19,9,10
07/04/2016 04:00:00 PM,18,11,7
07/04/2016 05:00:00 PM,5,3,2
07/04/2016 06:00:00 PM,11,2,9
07/04/2016 07:00:00 PM,10,6,4
07/04/2016 08:00:00 PM,6,2,4
07/04/2016 09:00:00 PM,8,4,4
07/04/2016 10:00:00 PM,4,1,3
07/04/2016 11:00:00 PM,14,8,6
07/05/2016 12:00:00 AM,2,1,1
07/05/2016 01:00:00 AM,3,1,2
07/05/2016 02:00:00 AM,1,0,1
07/05/2016 03:00:00 AM,0,0,0
07/05/2016 04:00:00 AM,0,0,0
07/05/2016 05:00:00 AM,3,0,3
07/05/2016 06:00:00 AM,16,4,12
07/05/2016 07:00:00 AM,20,2,18
07/05/2016 08:00:00 AM,28,7,21
07/05/2016 09:00:00 AM,20,9,11
07/05/2016 10:00:00 AM,14,9,5
07/05/2016 11:00:00 AM,18,8,10
07/05/2016 12:00:00 PM,17,8,9
07/05/2016 01:00:00 PM,10,2,8
07/05/2016 02:00:00 PM,13,8,5
07/05/2016 03:00:00 PM,17,9,8
07/05/2016 04:00:00 PM,25,17,8
07/05/2016 05:00:00 PM,33,22,11
07/05/2016 06:00:00 PM,37,21,16
07/05/2016 07:00:00 PM,37,21,16
07/05/2016 08:00:00 PM,21,11,10
07/05/2016 09:00:00 PM,11,6,5
07/05/2016 10:00:00 PM,12,5,7
07/05/2016 11:00:00 PM,7,4,3
07/06/2016 12:00:00 AM,3,0,3
07/06/2016 01:00:00 AM,2,1,1
07/06/2016 02:00:00 AM,0,0,0
07/06/2016 03:00:00 AM,0,0,0
07/06/2016 04:00:00 AM,5,4,1
07/06/2016 05:00:00 AM,3,0,3
07/06/2016 06:00:00 AM,22,2,20
07/06/2016 07:00:00 AM,31,7,24
07/06/2016 08:00:00 AM,40,12,28
07/06/2016 09:00:00 AM,23,9,14
07/06/2016 10:00:00 AM,12,4,8
07/06/2016 11:00:00 AM,24,10,14
07/06/2016 12:00:00 PM,14,4,10
07/06/2016 01:00:00 PM,15,5,10
07/06/2016 02:00:00 PM,22,9,13
07/06/2016 03:00:00 PM,19,12,7
07/06/2016 04:00:00 PM,38,24,14
07/06/2016 05:00:00 PM,54,38,16
07/06/2016 06:00:00 PM,35,17,18
07/06/2016 07:00:00 PM,29,12,17
07/06/2016 08:00:00 PM,23,10,13
07/06/2016 09:00:00 PM,23,10,13
07/06/2016 10:00:00 PM,5,4,1
07/06/2016 11:00:00 PM,10,8,2
07/07/2016 12:00:00 AM,6,1,5
07/07/2016 01:00:00 AM,1,1,0
07/07/2016 02:00:00 AM,0,0,0
07/07/2016 03:00:00 AM,0,0,0
07/07/2016 04:00:00 AM,1,0,1
07/07/2016 05:00:00 AM,5,1,4
07/07/2016 06:00:00 AM,23,1,22
07/07/2016 07:00:00 AM,18,4,14
07/07/2016 08:00:00 AM,35,12,23
07/07/2016 09:00:00 AM,17,9,8
07/07/2016 10:00:00 AM,12,3,9
07/07/2016 11:00:00 AM,23,6,17
07/07/2016 12:00:00 PM,25,11,14
07/07/2016 01:00:00 PM,13,7,6
07/07/2016 02:00:00 PM,26,16,10
07/07/2016 03:00:00 PM,25,18,7
07/07/2016 04:00:00 PM,29,15,14
07/07/2016 05:00:00 PM,40,23,17
07/07/2016 06:00:00 PM,30,14,16
07/07/2016 07:00:00 PM,27,11,16
07/07/2016 08:00:00 PM,21,10,11
07/07/2016 09:00:00 PM,16,6,10
07/07/2016 10:00:00 PM,8,4,4
07/07/2016 11:00:00 PM,9,4,5
07/08/2016 12:00:00 AM,4,1,3
07/08/2016 01:00:00 AM,4,0,4
07/08/2016 02:00:00 AM,1,0,1
07/08/2016 03:00:00 AM,0,0,0
07/08/2016 04:00:00 AM,1,0,1
07/08/2016 05:00:00 AM,5,0,5
07/08/2016 06:00:00 AM,20,2,18
07/08/2016 07:00:00 AM,24,2,22
07/08/2016 08:00:00 AM,34,10,24
07/08/2016 09:00:00 AM,16,6,10
07/08/2016 10:00:00 AM,9,6,3
07/08/2016 11:00:00 AM,12,3,9
07/08/2016 12:00:00 PM,16,8,8
07/08/2016 01:00:00 PM,17,8,9
07/08/2016 02:00:00 PM,16,9,7
07/08/2016 03:00:00 PM,23,14,9
07/08/2016 04:00:00 PM,40,26,14
07/08/2016 05:00:00 PM,32,20,12
07/08/2016 06:00:00 PM,25,11,14
07/08/2016 07:00:00 PM,26,11,15
07/08/2016 08:00:00 PM,19,10,9
07/08/2016 09:00:00 PM,22,7,15
07/08/2016 10:00:00 PM,12,6,6
07/08/2016 11:00:00 PM,9,5,4
07/09/2016 12:00:00 AM,3,2,1
07/09/2016 01:00:00 AM,4,0,4
07/09/2016 02:00:00 AM,7,2,5
07/09/2016 03:00:00 AM,1,0,1
07/09/2016 04:00:00 AM,1,1,0
07/09/2016 05:00:00 AM,3,0,3
07/09/2016 06:00:00 AM,5,2,3
07/09/2016 07:00:00 AM,9,4,5
07/09/2016 08:00:00 AM,9,5,4
07/09/2016 09:00:00 AM,4,1,3
07/09/2016 10:00:00 AM,28,21,7
07/09/2016 11:00:00 AM,16,10,6
07/09/2016 12:00:00 PM,14,6,8
07/09/2016 01:00:00 PM,22,11,11
07/09/2016 02:00:00 PM,23,15,8
07/09/2016 03:00:00 PM,16,11,5
07/09/2016 04:00:00 PM,21,15,6
07/09/2016 05:00:00 PM,30,10,20
07/09/2016 06:00:00 PM,11,5,6
07/09/2016 07:00:00 PM,12,2,10
07/09/2016 08:00:00 PM,8,4,4
07/09/2016 09:00:00 PM,14,8,6
07/09/2016 10:00:00 PM,10,3,7
07/09/2016 11:00:00 PM,11,5,6
07/10/2016 12:00:00 AM,10,5,5
07/10/2016 01:00:00 AM,16,8,8
07/10/2016 02:00:00 AM,32,12,20
07/10/2016 03:00:00 AM,0,0,0
07/10/2016 04:00:00 AM,3,1,2
07/10/2016 05:00:00 AM,4,0,4
07/10/2016 06:00:00 AM,6,1,5
07/10/2016 07:00:00 AM,5,2,3
07/10/2016 08:00:00 AM,10,5,5
07/10/2016 09:00:00 AM,11,3,8
07/10/2016 10:00:00 AM,10,7,3
07/10/2016 11:00:00 AM,10,5,5
07/10/2016 12:00:00 PM,38,15,23
07/10/2016 01:00:00 PM,19,6,13
07/10/2016 02:00:00 PM,20,13,7
07/10/2016 03:00:00 PM,23,13,10
07/10/2016 04:00:00 PM,15,9,6
07/10/2016 05:00:00 PM,20,10,10
07/10/2016 06:00:00 PM,20,7,13
07/10/2016 07:00:00 PM,19,9,10
07/10/2016 08:00:00 PM,19,7,12
07/10/2016 09:00:00 PM,15,6,9
07/10/2016 10:00:00 PM,13,6,7
07/10/2016 11:00:00 PM,5,1,4
07/11/2016 12:00:00 AM,4,2,2
07/11/2016 01:00:00 AM,2,0,2
07/11/2016 02:00:00 AM,2,2,0
07/11/2016 03:00:00 AM,0,0,0
07/11/2016 04:00:00 AM,4,2,2
07/11/2016 05:00:00 AM,6,2,4
07/11/2016 06:00:00 AM,21,3,18
07/11/2016 07:00:00 AM,38,9,29
07/11/2016 08:00:00 AM,37,6,31
07/11/2016 09:00:00 AM,13,1,12
07/11/2016 10:00:00 AM,9,5,4
07/11/2016 11:00:00 AM,13,8,5
07/11/2016 12:00:00 PM,11,7,4
07/11/2016 01:00:00 PM,11,3,8
07/11/2016 02:00:00 PM,15,5,10
07/11/2016 03:00:00 PM,19,12,7
07/11/2016 04:00:00 PM,33,24,9
07/11/2016 05:00:00 PM,45,28,17
07/11/2016 06:00:00 PM,51,25,26
07/11/2016 07:00:00 PM,27,13,14
07/11/2016 08:00:00 PM,24,13,11
07/11/2016 09:00:00 PM,20,12,8
07/11/2016 10:00:00 PM,9,4,5
07/11/2016 11:00:00 PM,9,6,3
07/12/2016 12:00:00 AM,2,1,1
07/12/2016 01:00:00 AM,1,1,0
07/12/2016 02:00:00 AM,1,1,0
07/12/2016 03:00:00 AM,0,0,0
07/12/2016 04:00:00 AM,4,1,3
07/12/2016 05:00:00 AM,3,0,3
07/12/2016 06:00:00 AM,19,3,16
07/12/2016 07:00:00 AM,36,9,27
07/12/2016 08:00:00 AM,42,15,27
07/12/2016 09:00:00 AM,25,11,14
07/12/2016 10:00:00 AM,17,8,9
07/12/2016 11:00:00 AM,23,10,13
07/12/2016 12:00:00 PM,23,10,13
07/12/2016 01:00:00 PM,14,4,10
07/12/2016 02:00:00 PM,10,2,8
07/12/2016 03:00:00 PM,24,17,7
07/12/2016 04:00:00 PM,42,27,15
07/12/2016 05:00:00 PM,44,28,16
07/12/2016 06:00:00 PM,39,22,17
07/12/2016 07:00:00 PM,44,27,17
07/12/2016 08:00:00 PM,23,9,14
07/12/2016 09:00:00 PM,16,5,11
07/12/2016 10:00:00 PM,16,7,9
07/12/2016 11:00:00 PM,4,2,2
07/13/2016 12:00:00 AM,7,4,3
07/13/2016 01:00:00 AM,1,1,0
07/13/2016 02:00:00 AM,1,0,1
07/13/2016 03:00:00 AM,0,0,0
07/13/2016 04:00:00 AM,1,0,1
07/13/2016 05:00:00 AM,8,2,6
07/13/2016 06:00:00 AM,10,1,9
07/13/2016 07:00:00 AM,34,6,28
07/13/2016 08:00:00 AM,46,16,30
07/13/2016 09:00:00 AM,30,9,21
07/13/2016 10:00:00 AM,16,7,9
07/13/2016 11:00:00 AM,12,5,7
07/13/2016 12:00:00 PM,18,9,9
07/13/2016 01:00:00 PM,24,10,14
07/13/2016 02:00:00 PM,22,10,12
07/13/2016 03:00:00 PM,26,17,9
07/13/2016 04:00:00 PM,43,30,13
07/13/2016 05:00:00 PM,49,28,21
07/13/2016 06:00:00 PM,58,24,34
07/13/2016 07:00:00 PM,30,14,16
07/13/2016 08:00:00 PM,18,8,10
07/13/2016 09:00:00 PM,15,8,7
07/13/2016 10:00:00 PM,15,8,7
07/13/2016 11:00:00 PM,8,2,6
07/14/2016 12:00:00 AM,1,1,0
07/14/2016 01:00:00 AM,4,2,2
07/14/2016 02:00:00 AM,5,0,5
07/14/2016 03:00:00 AM,0,0,0
07/14/2016 04:00:00 AM,2,0,2
07/14/2016 05:00:00 AM,11,5,6
07/14/2016 06:00:00 AM,30,7,23
07/14/2016 07:00:00 AM,36,14,22
07/14/2016 08:00:00 AM,39,19,20
07/14/2016 09:00:00 AM,28,12,16
07/14/2016 10:00:00 AM,22,10,12
07/14/2016 11:00:00 AM,19,6,13
07/14/2016 12:00:00 PM,16,8,8
07/14/2016 01:00:00 PM,23,9,14
07/14/2016 02:00:00 PM,17,9,8
07/14/2016 03:00:00 PM,17,11,6
07/14/2016 04:00:00 PM,33,17,16
07/14/2016 05:00:00 PM,40,22,18
07/14/2016 06:00:00 PM,47,23,24
07/14/2016 07:00:00 PM,38,20,18
07/14/2016 08:00:00 PM,24,7,17
07/14/2016 09:00:00 PM,20,11,9
07/14/2016 10:00:00 PM,19,13,6
07/14/2016 11:00:00 PM,10,7,3
07/15/2016 12:00:00 AM,2,2,0
07/15/2016 01:00:00 AM,7,3,4
07/15/2016 02:00:00 AM,5,1,4
07/15/2016 03:00:00 AM,1,0,1
07/15/2016 04:00:00 AM,4,2,2
07/15/2016 05:00:00 AM,8,2,6
07/15/2016 06:00:00 AM,17,4,13
07/15/2016 07:00:00 AM,25,5,20
07/15/2016 08:00:00 AM,32,10,22
07/15/2016 09:00:00 AM,18,3,15
07/15/2016 10:00:00 AM,18,12,6
07/15/2016 11:00:00 AM,13,7,6
07/15/2016 12:00:00 PM,12,4,8
07/15/2016 01:00:00 PM,18,11,7
07/15/2016 02:00:00 PM,25,12,13
07/15/2016 03:00:00 PM,17,6,11
07/15/2016 04:00:00 PM,31,20,11
07/15/2016 05:00:00 PM,32,15,17
07/15/2016 06:00:00 PM,22,13,9
07/15/2016 07:00:00 PM,25,9,16
07/15/2016 08:00:00 PM,28,12,16
07/15/2016 09:00:00 PM,14,9,5
07/15/2016 10:00:00 PM,8,5,3
07/15/2016 11:00:00 PM,17,8,9
07/16/2016 12:00:00 AM,7,2,5
07/16/2016 01:00:00 AM,2,1,1
07/16/2016 02:00:00 AM,11,3,8
07/16/2016 03:00:00 AM,5,1,4
07/16/2016 04:00:00 AM,1,1,0
07/16/2016 05:00:00 AM,9,5,4
07/16/2016 06:00:00 AM,8,1,7
07/16/2016 07:00:00 AM,7,1,6
07/16/2016 08:00:00 AM,3,2,1
07/16/2016 09:00:00 AM,8,3,5
07/16/2016 10:00:00 AM,14,7,7
07/16/2016 11:00:00 AM,7,2,5
07/16/2016 12:00:00 PM,12,5,7
07/16/2016 01:00:00 PM,19,8,11
07/16/2016 02:00:00 PM,27,14,13
07/16/2016 03:00:00 PM,16,9,7
07/16/2016 04:00:00 PM,13,7,6
07/16/2016 05:00:00 PM,13,5,8
07/16/2016 06:00:00 PM,10,4,6
07/16/2016 07:00:00 PM,20,10,10
07/16/2016 08:00:00 PM,7,3,4
07/16/2016 09:00:00 PM,13,5,8
07/16/2016 10:00:00 PM,13,5,8
07/16/2016 11:00:00 PM,8,1,7
07/17/2016 12:00:00 AM,8,4,4
07/17/2016 01:00:00 AM,3,0,3
07/17/2016 02:00:00 AM,5,1,4
07/17/2016 03:00:00 AM,0,0,0
07/17/2016 04:00:00 AM,0,0,0
07/17/2016 05:00:00 AM,3,2,1
07/17/2016 06:00:00 AM,3,0,3
07/17/2016 07:00:00 AM,4,1,3
07/17/2016 08:00:00 AM,6,2,4
07/17/2016 09:00:00 AM,9,5,4
07/17/2016 10:00:00 AM,7,5,2
07/17/2016 11:00:00 AM,18,12,6
07/17/2016 12:00:00 PM,19,13,6
07/17/2016 01:00:00 PM,13,7,6
07/17/2016 02:00:00 PM,20,7,13
07/17/2016 03:00:00 PM,24,12,12
07/17/2016 04:00:00 PM,13,7,6
07/17/2016 05:00:00 PM,25,13,12
07/17/2016 06:00:00 PM,18,8,10
07/17/2016 07:00:00 PM,17,6,11
07/17/2016 08:00:00 PM,20,8,12
07/17/2016 09:00:00 PM,13,5,8
07/17/2016 10:00:00 PM,1,1,0
07/17/2016 11:00:00 PM,6,2,4
07/18/2016 12:00:00 AM,4,2,2
07/18/2016 01:00:00 AM,1,0,1
07/18/2016 02:00:00 AM,2,1,1
07/18/2016 03:00:00 AM,0,0,0
07/18/2016 04:00:00 AM,0,0,0
07/18/2016 05:00:00 AM,3,1,2
07/18/2016 06:00:00 AM,20,2,18
07/18/2016 07:00:00 AM,30,5,25
07/18/2016 08:00:00 AM,28,6,22
07/18/2016 09:00:00 AM,31,12,19
07/18/2016 10:00:00 AM,10,6,4
07/18/2016 11:00:00 AM,17,9,8
07/18/2016 12:00:00 PM,16,6,10
07/18/2016 01:00:00 PM,22,9,13
07/18/2016 02:00:00 PM,21,10,11
07/18/2016 03:00:00 PM,20,14,6
07/18/2016 04:00:00 PM,25,18,7
07/18/2016 05:00:00 PM,52,31,21
07/18/2016 06:00:00 PM,31,11,20
07/18/2016 07:00:00 PM,18,7,11
07/18/2016 08:00:00 PM,18,11,7
07/18/2016 09:00:00 PM,10,3,7
07/18/2016 10:00:00 PM,9,6,3
07/18/2016 11:00:00 PM,5,2,3
07/19/2016 12:00:00 AM,3,1,2
07/19/2016 01:00:00 AM,0,0,0
07/19/2016 02:00:00 AM,1,1,0
07/19/2016 03:00:00 AM,0,0,0
07/19/2016 04:00:00 AM,2,1,1
07/19/2016 05:00:00 AM,5,1,4
07/19/2016 06:00:00 AM,15,2,13
07/19/2016 07:00:00 AM,45,11,34
07/19/2016 08:00:00 AM,36,9,27
07/19/2016 09:00:00 AM,26,11,15
07/19/2016 10:00:00 AM,13,7,6
07/19/2016 11:00:00 AM,23,9,14
07/19/2016 12:00:00 PM,30,11,19
07/19/2016 01:00:00 PM,19,12,7
07/19/2016 02:00:00 PM,16,4,12
07/19/2016 03:00:00 PM,25,18,7
07/19/2016 04:00:00 PM,28,18,10
07/19/2016 05:00:00 PM,52,24,28
07/19/2016 06:00:00 PM,33,22,11
07/19/2016 07:00:00 PM,44,24,20
07/19/2016 08:00:00 PM,17,7,10
07/19/2016 09:00:00 PM,21,11,10
07/19/2016 10:00:00 PM,10,3,7
07/19/2016 11:00:00 PM,6,3,3
07/20/2016 12:00:00 AM,5,2,3
07/20/2016 01:00:00 AM,3,3,0
07/20/2016 02:00:00 AM,0,0,0
07/20/2016 03:00:00 AM,0,0,0
07/20/2016 04:00:00 AM,4,4,0
07/20/2016 05:00:00 AM,9,2,7
07/20/2016 06:00:00 AM,23,2,21
07/20/2016 07:00:00 AM,29,4,25
07/20/2016 08:00:00 AM,40,9,31
07/20/2016 09:00:00 AM,24,9,15
07/20/2016 10:00:00 AM,12,5,7
07/20/2016 11:00:00 AM,21,12,9
07/20/2016 12:00:00 PM,21,7,14
07/20/2016 01:00:00 PM,21,8,13
07/20/2016 02:00:00 PM,23,8,15
07/20/2016 03:00:00 PM,26,17,9
07/20/2016 04:00:00 PM,33,22,11
07/20/2016 05:00:00 PM,59,35,24
07/20/2016 06:00:00 PM,43,21,22
07/20/2016 07:00:00 PM,29,12,17
07/20/2016 08:00:00 PM,27,14,13
07/20/2016 09:00:00 PM,24,11,13
07/20/2016 10:00:00 PM,5,3,2
07/20/2016 11:00:00 PM,7,5,2
07/21/2016 12:00:00 AM,5,0,5
07/21/2016 01:00:00 AM,7,1,6
07/21/2016 02:00:00 AM,2,0,2
07/21/2016 03:00:00 AM,0,0,0
07/21/2016 04:00:00 AM,0,0,0
07/21/2016 05:00:00 AM,5,2,3
07/21/2016 06:00:00 AM,22,3,19
07/21/2016 07:00:00 AM,32,4,28
07/21/2016 08:00:00 AM,40,13,27
07/21/2016 09:00:00 AM,34,15,19
07/21/2016 10:00:00 AM,15,7,8
07/21/2016 11:00:00 AM,17,8,9
07/21/2016 12:00:00 PM,23,14,9
07/21/2016 01:00:00 PM,25,13,12
07/21/2016 02:00:00 PM,22,14,8
07/21/2016 03:00:00 PM,28,17,11
07/21/2016 04:00:00 PM,40,23,17
07/21/2016 05:00:00 PM,48,27,21
07/21/2016 06:00:00 PM,36,16,20
07/21/2016 07:00:00 PM,37,15,22
07/21/2016 08:00:00 PM,16,7,9
07/21/2016 09:00:00 PM,16,8,8
07/21/2016 10:00:00 PM,10,6,4
07/21/2016 11:00:00 PM,8,2,6
07/22/2016 12:00:00 AM,7,4,3
07/22/2016 01:00:00 AM,3,1,2
07/22/2016 02:00:00 AM,6,4,2
07/22/2016 03:00:00 AM,0,0,0
07/22/2016 04:00:00 AM,2,1,1
07/22/2016 05:00:00 AM,5,2,3
07/22/2016 06:00:00 AM,0,0,0
07/22/2016 07:00:00 AM,0,0,0
07/22/2016 08:00:00 AM,0,0,0
07/22/2016 09:00:00 AM,0,0,0
07/22/2016 10:00:00 AM,2,1,1
07/22/2016 11:00:00 AM,9,5,4
07/22/2016 12:00:00 PM,7,5,2
07/22/2016 01:00:00 PM,12,7,5
07/22/2016 02:00:00 PM,15,11,4
07/22/2016 03:00:00 PM,17,6,11
07/22/2016 04:00:00 PM,27,13,14
07/22/2016 05:00:00 PM,58,30,28
07/22/2016 06:00:00 PM,15,11,4
07/22/2016 07:00:00 PM,8,3,5
07/22/2016 08:00:00 PM,6,3,3
07/22/2016 09:00:00 PM,12,7,5
07/22/2016 10:00:00 PM,7,2,5
07/22/2016 11:00:00 PM,15,6,9
07/23/2016 12:00:00 AM,26,9,17
07/23/2016 01:00:00 AM,22,6,16
07/23/2016 02:00:00 AM,21,5,16
07/23/2016 03:00:00 AM,5,0,5
07/23/2016 04:00:00 AM,1,0,1
07/23/2016 05:00:00 AM,1,0,1
07/23/2016 06:00:00 AM,12,2,10
07/23/2016 07:00:00 AM,3,3,0
07/23/2016 08:00:00 AM,1,0,1
07/23/2016 09:00:00 AM,4,2,2
07/23/2016 10:00:00 AM,17,7,10
07/23/2016 11:00:00 AM,15,12,3
07/23/2016 12:00:00 PM,16,7,9
07/23/2016 01:00:00 PM,0,0,0
07/23/2016 02:00:00 PM,2,2,0
07/23/2016 03:00:00 PM,0,0,0
07/23/2016 04:00:00 PM,0,0,0
07/23/2016 05:00:00 PM,0,0,0
07/23/2016 06:00:00 PM,0,0,0
07/23/2016 07:00:00 PM,4,0,4
07/23/2016 08:00:00 PM,2,0,2
07/23/2016 09:00:00 PM,0,0,0
07/23/2016 10:00:00 PM,1,1,0
07/23/2016 11:00:00 PM,9,5,4
07/24/2016 12:00:00 AM,2,0,2
07/24/2016 01:00:00 AM,3,0,3
07/24/2016 02:00:00 AM,5,0,5
07/24/2016 03:00:00 AM,0,0,0
07/24/2016 04:00:00 AM,0,0,0
07/24/2016 05:00:00 AM,0,0,0
07/24/2016 06:00:00 AM,0,0,0
07/24/2016 07:00:00 AM,2,0,2
07/24/2016 08:00:00 AM,5,3,2
07/24/2016 09:00:00 AM,6,3,3
07/24/2016 10:00:00 AM,14,10,4
07/24/2016 11:00:00 AM,26,16,10
07/24/2016 12:00:00 PM,31,24,7
07/24/2016 01:00:00 PM,34,20,14
07/24/2016 02:00:00 PM,37,22,15
07/24/2016 03:00:00 PM,33,16,17
07/24/2016 04:00:00 PM,45,15,30
07/24/2016 05:00:00 PM,36,18,18
07/24/2016 06:00:00 PM,38,21,17
07/24/2016 07:00:00 PM,28,15,13
07/24/2016 08:00:00 PM,23,9,14
07/24/2016 09:00:00 PM,31,19,12
07/24/2016 10:00:00 PM,14,8,6
07/24/2016 11:00:00 PM,15,7,8
07/25/2016 12:00:00 AM,4,2,2
07/25/2016 01:00:00 AM,5,1,4
07/25/2016 02:00:00 AM,3,2,1
07/25/2016 03:00:00 AM,1,1,0
07/25/2016 04:00:00 AM,4,0,4
07/25/2016 05:00:00 AM,7,4,3
07/25/2016 06:00:00 AM,27,3,24
07/25/2016 07:00:00 AM,34,9,25
07/25/2016 08:00:00 AM,39,10,29
07/25/2016 09:00:00 AM,23,8,15
07/25/2016 10:00:00 AM,22,14,8
07/25/2016 11:00:00 AM,20,10,10
07/25/2016 12:00:00 PM,17,10,7
07/25/2016 01:00:00 PM,16,8,8
07/25/2016 02:00:00 PM,19,9,10
07/25/2016 03:00:00 PM,21,12,9
07/25/2016 04:00:00 PM,19,13,6
07/25/2016 05:00:00 PM,46,26,20
07/25/2016 06:00:00 PM,36,19,17
07/25/2016 07:00:00 PM,29,13,16
07/25/2016 08:00:00 PM,20,9,11
07/25/2016 09:00:00 PM,16,5,11
07/25/2016 10:00:00 PM,10,6,4
07/25/2016 11:00:00 PM,7,3,4
07/26/2016 12:00:00 AM,7,5,2
07/26/2016 01:00:00 AM,4,1,3
07/26/2016 02:00:00 AM,5,4,1
07/26/2016 03:00:00 AM,1,1,0
07/26/2016 04:00:00 AM,0,0,0
07/26/2016 05:00:00 AM,7,2,5
07/26/2016 06:00:00 AM,23,1,22
07/26/2016 07:00:00 AM,40,12,28
07/26/2016 08:00:00 AM,40,10,30
07/26/2016 09:00:00 AM,26,14,12
07/26/2016 10:00:00 AM,20,8,12
07/26/2016 11:00:00 AM,23,9,14
07/26/2016 12:00:00 PM,17,9,8
07/26/2016 01:00:00 PM,15,7,8
07/26/2016 02:00:00 PM,19,6,13
07/26/2016 03:00:00 PM,25,13,12
07/26/2016 04:00:00 PM,29,18,11
07/26/2016 05:00:00 PM,58,29,29
07/26/2016 06:00:00 PM,41,20,21
07/26/2016 07:00:00 PM,31,16,15
07/26/2016 08:00:00 PM,20,11,9
07/26/2016 09:00:00 PM,22,5,17
07/26/2016 10:00:00 PM,9,5,4
07/26/2016 11:00:00 PM,8,3,5
07/27/2016 12:00:00 AM,6,3,3
07/27/2016 01:00:00 AM,5,4,1
07/27/2016 02:00:00 AM,0,0,0
07/27/2016 03:00:00 AM,0,0,0
07/27/2016 04:00:00 AM,1,1,0
07/27/2016 05:00:00 AM,5,2,3
07/27/2016 06:00:00 AM,28,2,26
07/27/2016 07:00:00 AM,43,9,34
07/27/2016 08:00:00 AM,34,10,24
07/27/2016 09:00:00 AM,26,15,11
07/27/2016 10:00:00 AM,12,7,5
07/27/2016 11:00:00 AM,18,11,7
07/27/2016 12:00:00 PM,20,7,13
07/27/2016 01:00:00 PM,17,13,4
07/27/2016 02:00:00 PM,14,7,7
07/27/2016 03:00:00 PM,23,15,8
07/27/2016 04:00:00 PM,33,18,15
07/27/2016 05:00:00 PM,60,38,22
07/27/2016 06:00:00 PM,46,23,23
07/27/2016 07:00:00 PM,32,16,16
07/27/2016 08:00:00 PM,26,12,14
07/27/2016 09:00:00 PM,19,5,14
07/27/2016 10:00:00 PM,8,4,4
07/27/2016 11:00:00 PM,8,6,2
07/28/2016 12:00:00 AM,5,2,3
07/28/2016 01:00:00 AM,7,1,6
07/28/2016 02:00:00 AM,3,0,3
07/28/2016 03:00:00 AM,1,1,0
07/28/2016 04:00:00 AM,0,0,0
07/28/2016 05:00:00 AM,6,3,3
07/28/2016 06:00:00 AM,24,2,22
07/28/2016 07:00:00 AM,36,8,28
07/28/2016 08:00:00 AM,50,10,40
07/28/2016 09:00:00 AM,22,8,14
07/28/2016 10:00:00 AM,13,5,8
07/28/2016 11:00:00 AM,28,10,18
07/28/2016 12:00:00 PM,29,16,13
07/28/2016 01:00:00 PM,16,7,9
07/28/2016 02:00:00 PM,19,10,9
07/28/2016 03:00:00 PM,25,15,10
07/28/2016 04:00:00 PM,34,22,12
07/28/2016 05:00:00 PM,51,32,19
07/28/2016 06:00:00 PM,43,21,22
07/28/2016 07:00:00 PM,44,23,21
07/28/2016 08:00:00 PM,24,13,11
07/28/2016 09:00:00 PM,14,7,7
07/28/2016 10:00:00 PM,18,8,10
07/28/2016 11:00:00 PM,14,6,8
07/29/2016 12:00:00 AM,5,2,3
07/29/2016 01:00:00 AM,8,2,6
07/29/2016 02:00:00 AM,6,2,4
07/29/2016 03:00:00 AM,0,0,0
07/29/2016 04:00:00 AM,2,1,1
07/29/2016 05:00:00 AM,4,1,3
07/29/2016 06:00:00 AM,18,2,16
07/29/2016 07:00:00 AM,38,10,28
07/29/2016 08:00:00 AM,28,5,23
07/29/2016 09:00:00 AM,17,7,10
07/29/2016 10:00:00 AM,11,1,10
07/29/2016 11:00:00 AM,8,5,3
07/29/2016 12:00:00 PM,18,9,9
07/29/2016 01:00:00 PM,26,13,13
07/29/2016 02:00:00 PM,20,13,7
07/29/2016 03:00:00 PM,22,7,15
07/29/2016 04:00:00 PM,39,25,14
07/29/2016 05:00:00 PM,46,25,21
07/29/2016 06:00:00 PM,36,16,20
07/29/2016 07:00:00 PM,26,11,15
07/29/2016 08:00:00 PM,17,9,8
07/29/2016 09:00:00 PM,11,2,9
07/29/2016 10:00:00 PM,34,8,26
07/29/2016 11:00:00 PM,33,12,21
07/30/2016 12:00:00 AM,17,7,10
07/30/2016 01:00:00 AM,56,17,39
07/30/2016 02:00:00 AM,37,18,19
07/30/2016 03:00:00 AM,4,2,2
07/30/2016 04:00:00 AM,4,3,1
07/30/2016 05:00:00 AM,2,0,2
07/30/2016 06:00:00 AM,5,0,5
07/30/2016 07:00:00 AM,11,3,8
07/30/2016 08:00:00 AM,4,1,3
07/30/2016 09:00:00 AM,10,7,3
07/30/2016 10:00:00 AM,11,7,4
07/30/2016 11:00:00 AM,11,4,7
07/30/2016 12:00:00 PM,14,9,5
07/30/2016 01:00:00 PM,13,4,9
07/30/2016 02:00:00 PM,11,4,7
07/30/2016 03:00:00 PM,23,8,15
07/30/2016 04:00:00 PM,15,12,3
07/30/2016 05:00:00 PM,17,8,9
07/30/2016 06:00:00 PM,20,6,14
07/30/2016 07:00:00 PM,28,19,9
07/30/2016 08:00:00 PM,12,9,3
07/30/2016 09:00:00 PM,13,4,9
07/30/2016 10:00:00 PM,12,6,6
07/30/2016 11:00:00 PM,17,11,6
07/31/2016 12:00:00 AM,15,5,10
07/31/2016 01:00:00 AM,13,1,12
07/31/2016 02:00:00 AM,6,0,6
07/31/2016 03:00:00 AM,0,0,0
07/31/2016 04:00:00 AM,0,0,0
07/31/2016 05:00:00 AM,2,1,1
07/31/2016 06:00:00 AM,4,0,4
07/31/2016 07:00:00 AM,7,4,3
07/31/2016 08:00:00 AM,5,1,4
07/31/2016 09:00:00 AM,8,2,6
07/31/2016 10:00:00 AM,13,7,6
07/31/2016 11:00:00 AM,15,9,6
07/31/2016 12:00:00 PM,13,6,7
07/31/2016 01:00:00 PM,18,7,11
07/31/2016 02:00:00 PM,17,3,14
07/31/2016 03:00:00 PM,18,11,7
07/31/2016 04:00:00 PM,20,12,8
07/31/2016 05:00:00 PM,15,7,8
07/31/2016 06:00:00 PM,20,6,14
07/31/2016 07:00:00 PM,11,7,4
07/31/2016 08:00:00 PM,12,5,7
07/31/2016 09:00:00 PM,12,5,7
07/31/2016 10:00:00 PM,5,4,1
07/31/2016 11:00:00 PM,5,2,3
08/01/2016 12:00:00 AM,7,4,3
08/01/2016 01:00:00 AM,1,1,0
08/01/2016 02:00:00 AM,2,1,1
08/01/2016 03:00:00 AM,0,0,0
08/01/2016 04:00:00 AM,2,1,1
08/01/2016 05:00:00 AM,8,3,5
08/01/2016 06:00:00 AM,11,2,9
08/01/2016 07:00:00 AM,30,8,22
08/01/2016 08:00:00 AM,36,6,30
08/01/2016 09:00:00 AM,17,7,10
08/01/2016 10:00:00 AM,21,11,10
08/01/2016 11:00:00 AM,15,8,7
08/01/2016 12:00:00 PM,21,13,8
08/01/2016 01:00:00 PM,16,8,8
08/01/2016 02:00:00 PM,22,12,10
08/01/2016 03:00:00 PM,11,8,3
08/01/2016 04:00:00 PM,21,12,9
08/01/2016 05:00:00 PM,49,25,24
08/01/2016 06:00:00 PM,38,16,22
08/01/2016 07:00:00 PM,24,10,14
08/01/2016 08:00:00 PM,30,12,18
08/01/2016 09:00:00 PM,14,6,8
08/01/2016 10:00:00 PM,9,4,5
08/01/2016 11:00:00 PM,6,3,3
08/02/2016 12:00:00 AM,3,2,1
08/02/2016 01:00:00 AM,2,0,2
08/02/2016 02:00:00 AM,0,0,0
08/02/2016 03:00:00 AM,1,0,1
08/02/2016 04:00:00 AM,0,0,0
08/02/2016 05:00:00 AM,8,2,6
08/02/2016 06:00:00 AM,16,2,14
08/02/2016 07:00:00 AM,28,8,20
08/02/2016 08:00:00 AM,39,10,29
08/02/2016 09:00:00 AM,32,15,17
08/02/2016 10:00:00 AM,16,9,7
08/02/2016 11:00:00 AM,11,7,4
08/02/2016 12:00:00 PM,21,11,10
08/02/2016 01:00:00 PM,13,5,8
08/02/2016 02:00:00 PM,23,6,17
08/02/2016 03:00:00 PM,24,10,14
08/02/2016 04:00:00 PM,39,22,17
08/02/2016 05:00:00 PM,30,18,12
08/02/2016 06:00:00 PM,37,22,15
08/02/2016 07:00:00 PM,40,19,21
08/02/2016 08:00:00 PM,21,12,9
08/02/2016 09:00:00 PM,15,5,10
08/02/2016 10:00:00 PM,9,6,3
08/02/2016 11:00:00 PM,9,5,4
08/03/2016 12:00:00 AM,2,1,1
08/03/2016 01:00:00 AM,1,0,1
08/03/2016 02:00:00 AM,2,0,2
08/03/2016 03:00:00 AM,1,0,1
08/03/2016 04:00:00 AM,0,0,0
08/03/2016 05:00:00 AM,7,2,5
08/03/2016 06:00:00 AM,13,2,11
08/03/2016 07:00:00 AM,35,9,26
08/03/2016 08:00:00 AM,33,8,25
08/03/2016 09:00:00 AM,21,6,15
08/03/2016 10:00:00 AM,11,4,7
08/03/2016 11:00:00 AM,11,4,7
08/03/2016 12:00:00 PM,16,7,9
08/03/2016 01:00:00 PM,26,11,15
08/03/2016 02:00:00 PM,21,9,12
08/03/2016 03:00:00 PM,18,9,9
08/03/2016 04:00:00 PM,32,19,13
08/03/2016 05:00:00 PM,54,27,27
08/03/2016 06:00:00 PM,48,24,24
08/03/2016 07:00:00 PM,26,14,12
08/03/2016 08:00:00 PM,20,12,8
08/03/2016 09:00:00 PM,19,7,12
08/03/2016 10:00:00 PM,12,8,4
08/03/2016 11:00:00 PM,11,7,4
08/04/2016 12:00:00 AM,6,4,2
08/04/2016 01:00:00 AM,2,0,2
08/04/2016 02:00:00 AM,1,0,1
08/04/2016 03:00:00 AM,0,0,0
08/04/2016 04:00:00 AM,1,0,1
08/04/2016 05:00:00 AM,6,2,4
08/04/2016 06:00:00 AM,14,1,13
08/04/2016 07:00:00 AM,27,4,23
08/04/2016 08:00:00 AM,36,11,25
08/04/2016 09:00:00 AM,29,11,18
08/04/2016 10:00:00 AM,23,14,9
08/04/2016 11:00:00 AM,22,11,11
08/04/2016 12:00:00 PM,20,9,11
08/04/2016 01:00:00 PM,24,15,9
08/04/2016 02:00:00 PM,26,13,13
08/04/2016 03:00:00 PM,30,23,7
08/04/2016 04:00:00 PM,40,25,15
08/04/2016 05:00:00 PM,40,23,17
08/04/2016 06:00:00 PM,35,17,18
08/04/2016 07:00:00 PM,38,17,21
08/04/2016 08:00:00 PM,12,6,6
08/04/2016 09:00:00 PM,15,6,9
08/04/2016 10:00:00 PM,9,3,6
08/04/2016 11:00:00 PM,9,5,4
08/05/2016 12:00:00 AM,6,5,1
08/05/2016 01:00:00 AM,1,1,0
08/05/2016 02:00:00 AM,3,2,1
08/05/2016 03:00:00 AM,0,0,0
08/05/2016 04:00:00 AM,2,0,2
08/05/2016 05:00:00 AM,3,2,1
08/05/2016 06:00:00 AM,13,2,11
08/05/2016 07:00:00 AM,34,4,30
08/05/2016 08:00:00 AM,34,12,22
08/05/2016 09:00:00 AM,13,3,10
08/05/2016 10:00:00 AM,12,5,7
08/05/2016 11:00:00 AM,15,8,7
08/05/2016 12:00:00 PM,15,7,8
08/05/2016 01:00:00 PM,25,16,9
08/05/2016 02:00:00 PM,20,10,10
08/05/2016 03:00:00 PM,11,7,4
08/05/2016 04:00:00 PM,42,28,14
08/05/2016 05:00:00 PM,57,29,28
08/05/2016 06:00:00 PM,35,19,16
08/05/2016 07:00:00 PM,35,19,16
08/05/2016 08:00:00 PM,18,13,5
08/05/2016 09:00:00 PM,16,3,13
08/05/2016 10:00:00 PM,19,8,11
08/05/2016 11:00:00 PM,7,3,4
08/06/2016 12:00:00 AM,15,5,10
08/06/2016 01:00:00 AM,7,2,5
08/06/2016 02:00:00 AM,7,2,5
08/06/2016 03:00:00 AM,5,0,5
08/06/2016 04:00:00 AM,1,0,1
08/06/2016 05:00:00 AM,2,1,1
08/06/2016 06:00:00 AM,10,3,7
08/06/2016 07:00:00 AM,3,2,1
08/06/2016 08:00:00 AM,3,1,2
08/06/2016 09:00:00 AM,7,4,3
08/06/2016 10:00:00 AM,15,6,9
08/06/2016 11:00:00 AM,9,5,4
08/06/2016 12:00:00 PM,22,4,18
08/06/2016 01:00:00 PM,16,9,7
08/06/2016 02:00:00 PM,16,8,8
08/06/2016 03:00:00 PM,20,6,14
08/06/2016 04:00:00 PM,23,6,17
08/06/2016 05:00:00 PM,17,10,7
08/06/2016 06:00:00 PM,24,9,15
08/06/2016 07:00:00 PM,22,15,7
08/06/2016 08:00:00 PM,10,3,7
08/06/2016 09:00:00 PM,11,6,5
08/06/2016 10:00:00 PM,9,1,8
08/06/2016 11:00:00 PM,4,1,3
08/07/2016 12:00:00 AM,13,8,5
08/07/2016 01:00:00 AM,26,5,21
08/07/2016 02:00:00 AM,0,0,0
08/07/2016 03:00:00 AM,2,1,1
08/07/2016 04:00:00 AM,3,2,1
08/07/2016 05:00:00 AM,5,3,2
08/07/2016 06:00:00 AM,3,1,2
08/07/2016 07:00:00 AM,5,1,4
08/07/2016 08:00:00 AM,3,2,1
08/07/2016 09:00:00 AM,8,3,5
08/07/2016 10:00:00 AM,12,4,8
08/07/2016 11:00:00 AM,14,5,9
08/07/2016 12:00:00 PM,11,7,4
08/07/2016 01:00:00 PM,13,6,7
08/07/2016 02:00:00 PM,13,5,8
08/07/2016 03:00:00 PM,19,8,11
08/07/2016 04:00:00 PM,16,11,5
08/07/2016 05:00:00 PM,24,11,13
08/07/2016 06:00:00 PM,18,6,12
08/07/2016 07:00:00 PM,14,7,7
08/07/2016 08:00:00 PM,13,6,7
08/07/2016 09:00:00 PM,8,1,7
08/07/2016 10:00:00 PM,12,4,8
08/07/2016 11:00:00 PM,3,2,1
08/08/2016 12:00:00 AM,2,1,1
08/08/2016 01:00:00 AM,4,0,4
08/08/2016 02:00:00 AM,1,1,0
08/08/2016 03:00:00 AM,1,0,1
08/08/2016 04:00:00 AM,2,1,1
08/08/2016 05:00:00 AM,5,2,3
08/08/2016 06:00:00 AM,17,1,16
08/08/2016 07:00:00 AM,33,8,25
08/08/2016 08:00:00 AM,26,9,17
08/08/2016 09:00:00 AM,13,4,9
08/08/2016 10:00:00 AM,15,7,8
08/08/2016 11:00:00 AM,19,7,12
08/08/2016 12:00:00 PM,15,8,7
08/08/2016 01:00:00 PM,13,4,9
08/08/2016 02:00:00 PM,22,11,11
08/08/2016 03:00:00 PM,22,12,10
08/08/2016 04:00:00 PM,23,13,10
08/08/2016 05:00:00 PM,37,15,22
08/08/2016 06:00:00 PM,28,11,17
08/08/2016 07:00:00 PM,27,13,14
08/08/2016 08:00:00 PM,14,6,8
08/08/2016 09:00:00 PM,19,7,12
08/08/2016 10:00:00 PM,8,2,6
08/08/2016 11:00:00 PM,9,5,4
08/09/2016 12:00:00 AM,2,0,2
08/09/2016 01:00:00 AM,2,2,0
08/09/2016 02:00:00 AM,2,0,2
08/09/2016 03:00:00 AM,1,0,1
08/09/2016 04:00:00 AM,1,0,1
08/09/2016 05:00:00 AM,5,2,3
08/09/2016 06:00:00 AM,9,1,8
08/09/2016 07:00:00 AM,31,10,21
08/09/2016 08:00:00 AM,42,12,30
08/09/2016 09:00:00 AM,13,2,11
08/09/2016 10:00:00 AM,18,4,14
08/09/2016 11:00:00 AM,15,11,4
08/09/2016 12:00:00 PM,25,14,11
08/09/2016 01:00:00 PM,11,5,6
08/09/2016 02:00:00 PM,25,12,13
08/09/2016 03:00:00 PM,27,13,14
08/09/2016 04:00:00 PM,41,27,14
08/09/2016 05:00:00 PM,52,33,19
08/09/2016 06:00:00 PM,36,14,22
08/09/2016 07:00:00 PM,29,13,16
08/09/2016 08:00:00 PM,16,9,7
08/09/2016 09:00:00 PM,15,10,5
08/09/2016 10:00:00 PM,8,2,6
08/09/2016 11:00:00 PM,7,5,2
08/10/2016 12:00:00 AM,1,1,0
08/10/2016 01:00:00 AM,3,1,2
08/10/2016 02:00:00 AM,4,3,1
08/10/2016 03:00:00 AM,1,1,0
08/10/2016 04:00:00 AM,0,0,0
08/10/2016 05:00:00 AM,4,1,3
08/10/2016 06:00:00 AM,19,1,18
08/10/2016 07:00:00 AM,32,6,26
08/10/2016 08:00:00 AM,44,16,28
08/10/2016 09:00:00 AM,21,6,15
08/10/2016 10:00:00 AM,8,1,7
08/10/2016 11:00:00 AM,15,7,8
08/10/2016 12:00:00 PM,19,8,11
08/10/2016 01:00:00 PM,21,10,11
08/10/2016 02:00:00 PM,14,7,7
08/10/2016 03:00:00 PM,26,19,7
08/10/2016 04:00:00 PM,34,16,18
08/10/2016 05:00:00 PM,54,30,24
08/10/2016 06:00:00 PM,46,28,18
08/10/2016 07:00:00 PM,32,21,11
08/10/2016 08:00:00 PM,22,12,10
08/10/2016 09:00:00 PM,25,12,13
08/10/2016 10:00:00 PM,11,6,5
08/10/2016 11:00:00 PM,17,10,7
08/11/2016 12:00:00 AM,5,3,2
08/11/2016 01:00:00 AM,4,1,3
08/11/2016 02:00:00 AM,4,3,1
08/11/2016 03:00:00 AM,1,1,0
08/11/2016 04:00:00 AM,0,0,0
08/11/2016 05:00:00 AM,4,1,3
08/11/2016 06:00:00 AM,10,1,9
08/11/2016 07:00:00 AM,37,9,28
08/11/2016 08:00:00 AM,37,10,27
08/11/2016 09:00:00 AM,30,12,18
08/11/2016 10:00:00 AM,11,4,7
08/11/2016 11:00:00 AM,18,9,9
08/11/2016 12:00:00 PM,28,10,18
08/11/2016 01:00:00 PM,13,4,9
08/11/2016 02:00:00 PM,20,8,12
08/11/2016 03:00:00 PM,18,10,8
08/11/2016 04:00:00 PM,34,25,9
08/11/2016 05:00:00 PM,56,39,17
08/11/2016 06:00:00 PM,34,16,18
08/11/2016 07:00:00 PM,29,14,15
08/11/2016 08:00:00 PM,20,11,9
08/11/2016 09:00:00 PM,23,9,14
08/11/2016 10:00:00 PM,15,5,10
08/11/2016 11:00:00 PM,10,4,6
08/12/2016 12:00:00 AM,1,1,0
08/12/2016 01:00:00 AM,3,0,3
08/12/2016 02:00:00 AM,3,0,3
08/12/2016 03:00:00 AM,0,0,0
08/12/2016 04:00:00 AM,2,1,1
08/12/2016 05:00:00 AM,6,2,4
08/12/2016 06:00:00 AM,14,2,12
08/12/2016 07:00:00 AM,30,4,26
08/12/2016 08:00:00 AM,31,7,24
08/12/2016 09:00:00 AM,22,11,11
08/12/2016 10:00:00 AM,10,0,10
08/12/2016 11:00:00 AM,15,9,6
08/12/2016 12:00:00 PM,17,11,6
08/12/2016 01:00:00 PM,17,9,8
08/12/2016 02:00:00 PM,23,14,9
08/12/2016 03:00:00 PM,24,17,7
08/12/2016 04:00:00 PM,47,30,17
08/12/2016 05:00:00 PM,37,21,16
08/12/2016 06:00:00 PM,40,20,20
08/12/2016 07:00:00 PM,23,9,14
08/12/2016 08:00:00 PM,10,2,8
08/12/2016 09:00:00 PM,17,6,11
08/12/2016 10:00:00 PM,11,8,3
08/12/2016 11:00:00 PM,11,4,7
08/13/2016 12:00:00 AM,10,4,6
08/13/2016 01:00:00 AM,10,3,7
08/13/2016 02:00:00 AM,2,1,1
08/13/2016 03:00:00 AM,2,0,2
08/13/2016 04:00:00 AM,0,0,0
08/13/2016 05:00:00 AM,5,3,2
08/13/2016 06:00:00 AM,4,0,4
08/13/2016 07:00:00 AM,7,5,2
08/13/2016 08:00:00 AM,5,4,1
08/13/2016 09:00:00 AM,14,9,5
08/13/2016 10:00:00 AM,10,7,3
08/13/2016 11:00:00 AM,21,11,10
08/13/2016 12:00:00 PM,10,1,9
08/13/2016 01:00:00 PM,12,6,6
08/13/2016 02:00:00 PM,16,9,7
08/13/2016 03:00:00 PM,21,11,10
08/13/2016 04:00:00 PM,10,5,5
08/13/2016 05:00:00 PM,6,3,3
08/13/2016 06:00:00 PM,19,7,12
08/13/2016 07:00:00 PM,14,6,8
08/13/2016 08:00:00 PM,5,4,1
08/13/2016 09:00:00 PM,11,5,6
08/13/2016 10:00:00 PM,8,3,5
08/13/2016 11:00:00 PM,6,2,4
08/14/2016 12:00:00 AM,7,3,4
08/14/2016 01:00:00 AM,7,1,6
08/14/2016 02:00:00 AM,4,3,1
08/14/2016 03:00:00 AM,4,2,2
08/14/2016 04:00:00 AM,0,0,0
08/14/2016 05:00:00 AM,2,1,1
08/14/2016 06:00:00 AM,10,2,8
08/14/2016 07:00:00 AM,6,5,1
08/14/2016 08:00:00 AM,4,1,3
08/14/2016 09:00:00 AM,8,2,6
08/14/2016 10:00:00 AM,4,3,1
08/14/2016 11:00:00 AM,20,12,8
08/14/2016 12:00:00 PM,19,10,9
08/14/2016 01:00:00 PM,21,10,11
08/14/2016 02:00:00 PM,20,11,9
08/14/2016 03:00:00 PM,21,8,13
08/14/2016 04:00:00 PM,19,5,14
08/14/2016 05:00:00 PM,28,14,14
08/14/2016 06:00:00 PM,25,12,13
08/14/2016 07:00:00 PM,19,8,11
08/14/2016 08:00:00 PM,6,3,3
08/14/2016 09:00:00 PM,16,6,10
08/14/2016 10:00:00 PM,3,0,3
08/14/2016 11:00:00 PM,6,3,3
08/15/2016 12:00:00 AM,4,1,3
08/15/2016 01:00:00 AM,4,3,1
08/15/2016 02:00:00 AM,0,0,0
08/15/2016 03:00:00 AM,1,0,1
08/15/2016 04:00:00 AM,1,1,0
08/15/2016 05:00:00 AM,8,1,7
08/15/2016 06:00:00 AM,17,1,16
08/15/2016 07:00:00 AM,27,5,22
08/15/2016 08:00:00 AM,35,7,28
08/15/2016 09:00:00 AM,30,5,25
08/15/2016 10:00:00 AM,11,7,4
08/15/2016 11:00:00 AM,20,10,10
08/15/2016 12:00:00 PM,24,12,12
08/15/2016 01:00:00 PM,24,11,13
08/15/2016 02:00:00 PM,22,13,9
08/15/2016 03:00:00 PM,21,14,7
08/15/2016 04:00:00 PM,38,16,22
08/15/2016 05:00:00 PM,43,23,20
08/15/2016 06:00:00 PM,44,24,20
08/15/2016 07:00:00 PM,29,15,14
08/15/2016 08:00:00 PM,20,6,14
08/15/2016 09:00:00 PM,15,8,7
08/15/2016 10:00:00 PM,16,7,9
08/15/2016 11:00:00 PM,5,4,1
08/16/2016 12:00:00 AM,7,2,5
08/16/2016 01:00:00 AM,0,0,0
08/16/2016 02:00:00 AM,1,0,1
08/16/2016 03:00:00 AM,0,0,0
08/16/2016 04:00:00 AM,0,0,0
08/16/2016 05:00:00 AM,4,1,3
08/16/2016 06:00:00 AM,20,2,18
08/16/2016 07:00:00 AM,34,9,25
08/16/2016 08:00:00 AM,36,12,24
08/16/2016 09:00:00 AM,24,10,14
08/16/2016 10:00:00 AM,22,7,15
08/16/2016 11:00:00 AM,17,8,9
08/16/2016 12:00:00 PM,11,2,9
08/16/2016 01:00:00 PM,20,8,12
08/16/2016 02:00:00 PM,15,7,8
08/16/2016 03:00:00 PM,23,12,11
08/16/2016 04:00:00 PM,35,22,13
08/16/2016 05:00:00 PM,44,30,14
08/16/2016 06:00:00 PM,29,21,8
08/16/2016 07:00:00 PM,42,28,14
08/16/2016 08:00:00 PM,14,7,7
08/16/2016 09:00:00 PM,17,7,10
08/16/2016 10:00:00 PM,10,5,5
08/16/2016 11:00:00 PM,7,5,2
08/17/2016 12:00:00 AM,1,0,1
08/17/2016 01:00:00 AM,1,0,1
08/17/2016 02:00:00 AM,1,0,1
08/17/2016 03:00:00 AM,1,1,0
08/17/2016 04:00:00 AM,3,0,3
08/17/2016 05:00:00 AM,5,1,4
08/17/2016 06:00:00 AM,19,0,19
08/17/2016 07:00:00 AM,29,4,25
08/17/2016 08:00:00 AM,38,11,27
08/17/2016 09:00:00 AM,30,14,16
08/17/2016 10:00:00 AM,13,8,5
08/17/2016 11:00:00 AM,15,11,4
08/17/2016 12:00:00 PM,14,4,10
08/17/2016 01:00:00 PM,20,10,10
08/17/2016 02:00:00 PM,17,8,9
08/17/2016 03:00:00 PM,21,10,11
08/17/2016 04:00:00 PM,43,28,15
08/17/2016 05:00:00 PM,42,19,23
08/17/2016 06:00:00 PM,37,24,13
08/17/2016 07:00:00 PM,45,19,26
08/17/2016 08:00:00 PM,24,12,12
08/17/2016 09:00:00 PM,18,7,11
08/17/2016 10:00:00 PM,13,7,6
08/17/2016 11:00:00 PM,9,3,6
08/18/2016 12:00:00 AM,7,3,4
08/18/2016 01:00:00 AM,0,0,0
08/18/2016 02:00:00 AM,1,1,0
08/18/2016 03:00:00 AM,0,0,0
08/18/2016 04:00:00 AM,3,0,3
08/18/2016 05:00:00 AM,5,0,5
08/18/2016 06:00:00 AM,19,4,15
08/18/2016 07:00:00 AM,26,7,19
08/18/2016 08:00:00 AM,41,14,27
08/18/2016 09:00:00 AM,17,7,10
08/18/2016 10:00:00 AM,18,8,10
08/18/2016 11:00:00 AM,14,6,8
08/18/2016 12:00:00 PM,24,12,12
08/18/2016 01:00:00 PM,20,10,10
08/18/2016 02:00:00 PM,18,10,8
08/18/2016 03:00:00 PM,25,15,10
08/18/2016 04:00:00 PM,34,20,14
08/18/2016 05:00:00 PM,49,29,20
08/18/2016 06:00:00 PM,41,21,20
08/18/2016 07:00:00 PM,33,18,15
08/18/2016 08:00:00 PM,19,8,11
08/18/2016 09:00:00 PM,16,7,9
08/18/2016 10:00:00 PM,2,1,1
08/18/2016 11:00:00 PM,6,4,2
08/19/2016 12:00:00 AM,4,3,1
08/19/2016 01:00:00 AM,4,2,2
08/19/2016 02:00:00 AM,2,0,2
08/19/2016 03:00:00 AM,1,0,1
08/19/2016 04:00:00 AM,4,1,3
08/19/2016 05:00:00 AM,5,2,3
08/19/2016 06:00:00 AM,17,0,17
08/19/2016 07:00:00 AM,34,9,25
08/19/2016 08:00:00 AM,22,9,13
08/19/2016 09:00:00 AM,19,8,11
08/19/2016 10:00:00 AM,14,6,8
08/19/2016 11:00:00 AM,14,9,5
08/19/2016 12:00:00 PM,16,11,5
08/19/2016 01:00:00 PM,23,11,12
08/19/2016 02:00:00 PM,22,8,14
08/19/2016 03:00:00 PM,28,21,7
08/19/2016 04:00:00 PM,36,20,16
08/19/2016 05:00:00 PM,32,16,16
08/19/2016 06:00:00 PM,20,8,12
08/19/2016 07:00:00 PM,21,13,8
08/19/2016 08:00:00 PM,21,7,14
08/19/2016 09:00:00 PM,9,2,7
08/19/2016 10:00:00 PM,11,6,5
08/19/2016 11:00:00 PM,13,4,9
08/20/2016 12:00:00 AM,12,6,6
08/20/2016 01:00:00 AM,8,0,8
08/20/2016 02:00:00 AM,9,2,7
08/20/2016 03:00:00 AM,0,0,0
08/20/2016 04:00:00 AM,2,1,1
08/20/2016 05:00:00 AM,3,0,3
08/20/2016 06:00:00 AM,11,2,9
08/20/2016 07:00:00 AM,5,1,4
08/20/2016 08:00:00 AM,5,3,2
08/20/2016 09:00:00 AM,9,5,4
08/20/2016 10:00:00 AM,9,4,5
08/20/2016 11:00:00 AM,14,8,6
08/20/2016 12:00:00 PM,12,8,4
08/20/2016 01:00:00 PM,15,7,8
08/20/2016 02:00:00 PM,14,8,6
08/20/2016 03:00:00 PM,11,8,3
08/20/2016 04:00:00 PM,15,7,8
08/20/2016 05:00:00 PM,15,8,7
08/20/2016 06:00:00 PM,11,3,8
08/20/2016 07:00:00 PM,20,10,10
08/20/2016 08:00:00 PM,16,8,8
08/20/2016 09:00:00 PM,6,1,5
08/20/2016 10:00:00 PM,12,4,8
08/20/2016 11:00:00 PM,6,1,5
08/21/2016 12:00:00 AM,20,6,14
08/21/2016 01:00:00 AM,10,2,8
08/21/2016 02:00:00 AM,2,0,2
08/21/2016 03:00:00 AM,0,0,0
08/21/2016 04:00:00 AM,0,0,0
08/21/2016 05:00:00 AM,3,2,1
08/21/2016 06:00:00 AM,8,1,7
08/21/2016 07:00:00 AM,8,2,6
08/21/2016 08:00:00 AM,5,0,5
08/21/2016 09:00:00 AM,9,4,5
08/21/2016 10:00:00 AM,4,3,1
08/21/2016 11:00:00 AM,10,7,3
08/21/2016 12:00:00 PM,7,3,4
08/21/2016 01:00:00 PM,25,12,13
08/21/2016 02:00:00 PM,15,8,7
08/21/2016 03:00:00 PM,17,12,5
08/21/2016 04:00:00 PM,11,6,5
08/21/2016 05:00:00 PM,14,5,9
08/21/2016 06:00:00 PM,24,14,10
08/21/2016 07:00:00 PM,14,5,9
08/21/2016 08:00:00 PM,12,6,6
08/21/2016 09:00:00 PM,5,1,4
08/21/2016 10:00:00 PM,4,3,1
08/21/2016 11:00:00 PM,3,0,3
08/22/2016 12:00:00 AM,0,0,0
08/22/2016 01:00:00 AM,2,2,0
08/22/2016 02:00:00 AM,2,1,1
08/22/2016 03:00:00 AM,0,0,0
08/22/2016 04:00:00 AM,2,1,1
08/22/2016 05:00:00 AM,3,1,2
08/22/2016 06:00:00 AM,23,0,23
08/22/2016 07:00:00 AM,28,9,19
08/22/2016 08:00:00 AM,33,12,21
08/22/2016 09:00:00 AM,13,2,11
08/22/2016 10:00:00 AM,8,3,5
08/22/2016 11:00:00 AM,8,4,4
08/22/2016 12:00:00 PM,13,6,7
08/22/2016 01:00:00 PM,16,7,9
08/22/2016 02:00:00 PM,14,7,7
08/22/2016 03:00:00 PM,24,9,15
08/22/2016 04:00:00 PM,25,14,11
08/22/2016 05:00:00 PM,49,27,22
08/22/2016 06:00:00 PM,41,20,21
08/22/2016 07:00:00 PM,25,13,12
08/22/2016 08:00:00 PM,16,7,9
08/22/2016 09:00:00 PM,8,3,5
08/22/2016 10:00:00 PM,9,4,5
08/22/2016 11:00:00 PM,7,4,3
08/23/2016 12:00:00 AM,1,1,0
08/23/2016 01:00:00 AM,1,0,1
08/23/2016 02:00:00 AM,1,1,0
08/23/2016 03:00:00 AM,2,2,0
08/23/2016 04:00:00 AM,2,1,1
08/23/2016 05:00:00 AM,4,1,3
08/23/2016 06:00:00 AM,23,2,21
08/23/2016 07:00:00 AM,28,9,19
08/23/2016 08:00:00 AM,34,5,29
08/23/2016 09:00:00 AM,24,7,17
08/23/2016 10:00:00 AM,21,9,12
08/23/2016 11:00:00 AM,16,5,11
08/23/2016 12:00:00 PM,11,6,5
08/23/2016 01:00:00 PM,18,9,9
08/23/2016 02:00:00 PM,19,15,4
08/23/2016 03:00:00 PM,24,14,10
08/23/2016 04:00:00 PM,31,22,9
08/23/2016 05:00:00 PM,52,30,22
08/23/2016 06:00:00 PM,38,20,18
08/23/2016 07:00:00 PM,25,19,6
08/23/2016 08:00:00 PM,26,13,13
08/23/2016 09:00:00 PM,18,9,9
08/23/2016 10:00:00 PM,12,7,5
08/23/2016 11:00:00 PM,6,3,3
08/24/2016 12:00:00 AM,3,2,1
08/24/2016 01:00:00 AM,1,0,1
08/24/2016 02:00:00 AM,3,1,2
08/24/2016 03:00:00 AM,2,0,2
08/24/2016 04:00:00 AM,0,0,0
08/24/2016 05:00:00 AM,14,2,12
08/24/2016 06:00:00 AM,12,0,12
08/24/2016 07:00:00 AM,27,6,21
08/24/2016 08:00:00 AM,27,6,21
08/24/2016 09:00:00 AM,16,4,12
08/24/2016 10:00:00 AM,17,6,11
08/24/2016 11:00:00 AM,12,8,4
08/24/2016 12:00:00 PM,14,8,6
08/24/2016 01:00:00 PM,21,11,10
08/24/2016 02:00:00 PM,23,11,12
08/24/2016 03:00:00 PM,19,16,3
08/24/2016 04:00:00 PM,33,19,14
08/24/2016 05:00:00 PM,54,34,20
08/24/2016 06:00:00 PM,38,19,19
08/24/2016 07:00:00 PM,32,21,11
08/24/2016 08:00:00 PM,24,10,14
08/24/2016 09:00:00 PM,10,6,4
08/24/2016 10:00:00 PM,10,6,4
08/24/2016 11:00:00 PM,8,4,4
08/25/2016 12:00:00 AM,12,5,7
08/25/2016 01:00:00 AM,9,6,3
08/25/2016 02:00:00 AM,3,0,3
08/25/2016 03:00:00 AM,1,0,1
08/25/2016 04:00:00 AM,2,0,2
08/25/2016 05:00:00 AM,10,3,7
08/25/2016 06:00:00 AM,13,0,13
08/25/2016 07:00:00 AM,31,5,26
08/25/2016 08:00:00 AM,32,6,26
08/25/2016 09:00:00 AM,27,9,18
08/25/2016 10:00:00 AM,13,4,9
08/25/2016 11:00:00 AM,21,13,8
08/25/2016 12:00:00 PM,20,9,11
08/25/2016 01:00:00 PM,12,6,6
08/25/2016 02:00:00 PM,16,9,7
08/25/2016 03:00:00 PM,23,14,9
08/25/2016 04:00:00 PM,35,18,17
08/25/2016 05:00:00 PM,51,36,15
08/25/2016 06:00:00 PM,44,17,27
08/25/2016 07:00:00 PM,26,14,12
08/25/2016 08:00:00 PM,25,8,17
08/25/2016 09:00:00 PM,16,7,9
08/25/2016 10:00:00 PM,9,6,3
08/25/2016 11:00:00 PM,9,3,6
08/26/2016 12:00:00 AM,8,0,8
08/26/2016 01:00:00 AM,2,0,2
08/26/2016 02:00:00 AM,6,1,5
08/26/2016 03:00:00 AM,1,0,1
08/26/2016 04:00:00 AM,2,1,1
08/26/2016 05:00:00 AM,7,2,5
08/26/2016 06:00:00 AM,16,2,14
08/26/2016 07:00:00 AM,29,8,21
08/26/2016 08:00:00 AM,24,7,17
08/26/2016 09:00:00 AM,18,8,10
08/26/2016 10:00:00 AM,13,4,9
08/26/2016 11:00:00 AM,13,6,7
08/26/2016 12:00:00 PM,29,17,12
08/26/2016 01:00:00 PM,22,12,10
08/26/2016 02:00:00 PM,13,9,4
08/26/2016 03:00:00 PM,12,1,11
08/26/2016 04:00:00 PM,28,19,9
08/26/2016 05:00:00 PM,26,11,15
08/26/2016 06:00:00 PM,26,14,12
08/26/2016 07:00:00 PM,25,15,10
08/26/2016 08:00:00 PM,8,3,5
08/26/2016 09:00:00 PM,9,3,6
08/26/2016 10:00:00 PM,21,6,15
08/26/2016 11:00:00 PM,10,5,5
08/27/2016 12:00:00 AM,13,3,10
08/27/2016 01:00:00 AM,23,9,14
08/27/2016 02:00:00 AM,25,1,24
08/27/2016 03:00:00 AM,1,0,1
08/27/2016 04:00:00 AM,0,0,0
08/27/2016 05:00:00 AM,5,1,4
08/27/2016 06:00:00 AM,7,3,4
08/27/2016 07:00:00 AM,5,1,4
08/27/2016 08:00:00 AM,13,9,4
08/27/2016 09:00:00 AM,5,2,3
08/27/2016 10:00:00 AM,8,5,3
08/27/2016 11:00:00 AM,15,6,9
08/27/2016 12:00:00 PM,17,7,10
08/27/2016 01:00:00 PM,14,8,6
08/27/2016 02:00:00 PM,8,4,4
08/27/2016 03:00:00 PM,14,7,7
08/27/2016 04:00:00 PM,17,6,11
08/27/2016 05:00:00 PM,13,4,9
08/27/2016 06:00:00 PM,16,2,14
08/27/2016 07:00:00 PM,15,5,10
08/27/2016 08:00:00 PM,14,7,7
08/27/2016 09:00:00 PM,10,4,6
08/27/2016 10:00:00 PM,4,3,1
08/27/2016 11:00:00 PM,5,1,4
08/28/2016 12:00:00 AM,11,5,6
08/28/2016 01:00:00 AM,1,1,0
08/28/2016 02:00:00 AM,7,5,2
08/28/2016 03:00:00 AM,2,0,2
08/28/2016 04:00:00 AM,0,0,0
08/28/2016 05:00:00 AM,2,1,1
08/28/2016 06:00:00 AM,7,1,6
08/28/2016 07:00:00 AM,4,2,2
08/28/2016 08:00:00 AM,5,3,2
08/28/2016 09:00:00 AM,6,2,4
08/28/2016 10:00:00 AM,3,2,1
08/28/2016 11:00:00 AM,13,8,5
08/28/2016 12:00:00 PM,18,9,9
08/28/2016 01:00:00 PM,26,13,13
08/28/2016 02:00:00 PM,32,13,19
08/28/2016 03:00:00 PM,11,4,7
08/28/2016 04:00:00 PM,22,18,4
08/28/2016 05:00:00 PM,11,6,5
08/28/2016 06:00:00 PM,20,6,14
08/28/2016 07:00:00 PM,11,5,6
08/28/2016 08:00:00 PM,8,3,5
08/28/2016 09:00:00 PM,9,5,4
08/28/2016 10:00:00 PM,3,0,3
08/28/2016 11:00:00 PM,8,5,3
08/29/2016 12:00:00 AM,3,1,2
08/29/2016 01:00:00 AM,1,0,1
08/29/2016 02:00:00 AM,4,2,2
08/29/2016 03:00:00 AM,0,0,0
08/29/2016 04:00:00 AM,1,0,1
08/29/2016 05:00:00 AM,7,1,6
08/29/2016 06:00:00 AM,18,3,15
08/29/2016 07:00:00 AM,30,10,20
08/29/2016 08:00:00 AM,32,9,23
08/29/2016 09:00:00 AM,24,8,16
08/29/2016 10:00:00 AM,16,6,10
08/29/2016 11:00:00 AM,10,3,7
08/29/2016 12:00:00 PM,12,4,8
08/29/2016 01:00:00 PM,23,17,6
08/29/2016 02:00:00 PM,12,4,8
08/29/2016 03:00:00 PM,9,7,2
08/29/2016 04:00:00 PM,19,10,9
08/29/2016 05:00:00 PM,37,23,14
08/29/2016 06:00:00 PM,44,20,24
08/29/2016 07:00:00 PM,24,11,13
08/29/2016 08:00:00 PM,17,12,5
08/29/2016 09:00:00 PM,14,5,9
08/29/2016 10:00:00 PM,8,5,3
08/29/2016 11:00:00 PM,4,3,1
08/30/2016 12:00:00 AM,4,3,1
08/30/2016 01:00:00 AM,2,1,1
08/30/2016 02:00:00 AM,2,1,1
08/30/2016 03:00:00 AM,1,0,1
08/30/2016 04:00:00 AM,2,1,1
08/30/2016 05:00:00 AM,12,1,11
08/30/2016 06:00:00 AM,19,2,17
08/30/2016 07:00:00 AM,28,7,21
08/30/2016 08:00:00 AM,36,18,18
08/30/2016 09:00:00 AM,25,9,16
08/30/2016 10:00:00 AM,16,4,12
08/30/2016 11:00:00 AM,14,5,9
08/30/2016 12:00:00 PM,12,7,5
08/30/2016 01:00:00 PM,18,9,9
08/30/2016 02:00:00 PM,18,9,9
08/30/2016 03:00:00 PM,22,10,12
08/30/2016 04:00:00 PM,30,18,12
08/30/2016 05:00:00 PM,57,29,28
08/30/2016 06:00:00 PM,49,22,27
08/30/2016 07:00:00 PM,33,16,17
08/30/2016 08:00:00 PM,18,5,13
08/30/2016 09:00:00 PM,11,4,7
08/30/2016 10:00:00 PM,10,6,4
08/30/2016 11:00:00 PM,7,4,3
08/31/2016 12:00:00 AM,5,2,3
08/31/2016 01:00:00 AM,1,0,1
08/31/2016 02:00:00 AM,1,0,1
08/31/2016 03:00:00 AM,0,0,0
08/31/2016 04:00:00 AM,2,1,1
08/31/2016 05:00:00 AM,10,3,7
08/31/2016 06:00:00 AM,18,2,16
08/31/2016 07:00:00 AM,37,7,30
08/31/2016 08:00:00 AM,29,11,18
08/31/2016 09:00:00 AM,30,5,25
08/31/2016 10:00:00 AM,11,3,8
08/31/2016 11:00:00 AM,7,4,3
08/31/2016 12:00:00 PM,16,6,10
08/31/2016 01:00:00 PM,11,6,5
08/31/2016 02:00:00 PM,16,8,8
08/31/2016 03:00:00 PM,19,10,9
08/31/2016 04:00:00 PM,36,24,12
08/31/2016 05:00:00 PM,41,24,17
08/31/2016 06:00:00 PM,25,10,15
08/31/2016 07:00:00 PM,24,10,14
08/31/2016 08:00:00 PM,25,13,12
08/31/2016 09:00:00 PM,8,7,1
08/31/2016 10:00:00 PM,7,4,3
08/31/2016 11:00:00 PM,11,8,3
09/01/2016 12:00:00 AM,4,1,3
09/01/2016 01:00:00 AM,3,0,3
09/01/2016 02:00:00 AM,1,0,1
09/01/2016 03:00:00 AM,1,0,1
09/01/2016 04:00:00 AM,3,1,2
09/01/2016 05:00:00 AM,11,1,10
09/01/2016 06:00:00 AM,12,3,9
09/01/2016 07:00:00 AM,27,7,20
09/01/2016 08:00:00 AM,32,7,25
09/01/2016 09:00:00 AM,16,9,7
09/01/2016 10:00:00 AM,18,8,10
09/01/2016 11:00:00 AM,11,6,5
09/01/2016 12:00:00 PM,20,8,12
09/01/2016 01:00:00 PM,17,10,7
09/01/2016 02:00:00 PM,15,13,2
09/01/2016 03:00:00 PM,19,11,8
09/01/2016 04:00:00 PM,22,13,9
09/01/2016 05:00:00 PM,40,20,20
09/01/2016 06:00:00 PM,37,17,20
09/01/2016 07:00:00 PM,23,14,9
09/01/2016 08:00:00 PM,11,5,6
09/01/2016 09:00:00 PM,12,10,2
09/01/2016 10:00:00 PM,16,6,10
09/01/2016 11:00:00 PM,3,2,1
09/02/2016 12:00:00 AM,8,5,3
09/02/2016 01:00:00 AM,0,0,0
09/02/2016 02:00:00 AM,1,0,1
09/02/2016 03:00:00 AM,2,1,1
09/02/2016 04:00:00 AM,2,1,1
09/02/2016 05:00:00 AM,5,1,4
09/02/2016 06:00:00 AM,15,0,15
09/02/2016 07:00:00 AM,12,3,9
09/02/2016 08:00:00 AM,20,6,14
09/02/2016 09:00:00 AM,8,4,4
09/02/2016 10:00:00 AM,6,4,2
09/02/2016 11:00:00 AM,5,4,1
09/02/2016 12:00:00 PM,12,8,4
09/02/2016 01:00:00 PM,17,7,10
09/02/2016 02:00:00 PM,13,3,10
09/02/2016 03:00:00 PM,11,6,5
09/02/2016 04:00:00 PM,24,13,11
09/02/2016 05:00:00 PM,21,11,10
09/02/2016 06:00:00 PM,25,16,9
09/02/2016 07:00:00 PM,15,9,6
09/02/2016 08:00:00 PM,14,7,7
09/02/2016 09:00:00 PM,16,9,7
09/02/2016 10:00:00 PM,14,9,5
09/02/2016 11:00:00 PM,7,5,2
09/03/2016 12:00:00 AM,1,0,1
09/03/2016 01:00:00 AM,26,14,12
09/03/2016 02:00:00 AM,10,0,10
09/03/2016 03:00:00 AM,0,0,0
09/03/2016 04:00:00 AM,2,0,2
09/03/2016 05:00:00 AM,1,0,1
09/03/2016 06:00:00 AM,3,0,3
09/03/2016 07:00:00 AM,5,1,4
09/03/2016 08:00:00 AM,8,5,3
09/03/2016 09:00:00 AM,4,3,1
09/03/2016 10:00:00 AM,9,3,6
09/03/2016 11:00:00 AM,8,6,2
09/03/2016 12:00:00 PM,12,5,7
09/03/2016 01:00:00 PM,9,3,6
09/03/2016 02:00:00 PM,11,5,6
09/03/2016 03:00:00 PM,14,6,8
09/03/2016 04:00:00 PM,11,4,7
09/03/2016 05:00:00 PM,10,5,5
09/03/2016 06:00:00 PM,16,4,12
09/03/2016 07:00:00 PM,12,5,7
09/03/2016 08:00:00 PM,15,10,5
09/03/2016 09:00:00 PM,3,1,2
09/03/2016 10:00:00 PM,5,2,3
09/03/2016 11:00:00 PM,11,5,6
09/04/2016 12:00:00 AM,15,6,9
09/04/2016 01:00:00 AM,19,4,15
09/04/2016 02:00:00 AM,7,4,3
09/04/2016 03:00:00 AM,0,0,0
09/04/2016 04:00:00 AM,1,0,1
09/04/2016 05:00:00 AM,2,0,2
09/04/2016 06:00:00 AM,7,2,5
09/04/2016 07:00:00 AM,3,0,3
09/04/2016 08:00:00 AM,3,2,1
09/04/2016 09:00:00 AM,3,0,3
09/04/2016 10:00:00 AM,3,3,0
09/04/2016 11:00:00 AM,6,2,4
09/04/2016 12:00:00 PM,17,6,11
09/04/2016 01:00:00 PM,18,11,7
09/04/2016 02:00:00 PM,20,6,14
09/04/2016 03:00:00 PM,10,2,8
09/04/2016 04:00:00 PM,13,9,4
09/04/2016 05:00:00 PM,20,8,12
09/04/2016 06:00:00 PM,23,9,14
09/04/2016 07:00:00 PM,12,6,6
09/04/2016 08:00:00 PM,16,8,8
09/04/2016 09:00:00 PM,10,3,7
09/04/2016 10:00:00 PM,8,1,7
09/04/2016 11:00:00 PM,7,3,4
09/05/2016 12:00:00 AM,7,0,7
09/05/2016 01:00:00 AM,10,1,9
09/05/2016 02:00:00 AM,1,0,1
09/05/2016 03:00:00 AM,0,0,0
09/05/2016 04:00:00 AM,1,0,1
09/05/2016 05:00:00 AM,2,0,2
09/05/2016 06:00:00 AM,6,0,6
09/05/2016 07:00:00 AM,4,1,3
09/05/2016 08:00:00 AM,4,0,4
09/05/2016 09:00:00 AM,5,4,1
09/05/2016 10:00:00 AM,12,6,6
09/05/2016 11:00:00 AM,11,6,5
09/05/2016 12:00:00 PM,16,9,7
09/05/2016 01:00:00 PM,22,8,14
09/05/2016 02:00:00 PM,15,9,6
09/05/2016 03:00:00 PM,13,4,9
09/05/2016 04:00:00 PM,17,9,8
09/05/2016 05:00:00 PM,6,2,4
09/05/2016 06:00:00 PM,15,6,9
09/05/2016 07:00:00 PM,14,9,5
09/05/2016 08:00:00 PM,14,7,7
09/05/2016 09:00:00 PM,2,1,1
09/05/2016 10:00:00 PM,2,1,1
09/05/2016 11:00:00 PM,5,3,2
09/06/2016 12:00:00 AM,1,0,1
09/06/2016 01:00:00 AM,0,0,0
09/06/2016 02:00:00 AM,1,0,1
09/06/2016 03:00:00 AM,1,0,1
09/06/2016 04:00:00 AM,2,1,1
09/06/2016 05:00:00 AM,8,1,7
09/06/2016 06:00:00 AM,5,1,4
09/06/2016 07:00:00 AM,23,4,19
09/06/2016 08:00:00 AM,27,7,20
09/06/2016 09:00:00 AM,21,6,15
09/06/2016 10:00:00 AM,10,5,5
09/06/2016 11:00:00 AM,6,2,4
09/06/2016 12:00:00 PM,15,8,7
09/06/2016 01:00:00 PM,11,8,3
09/06/2016 02:00:00 PM,14,5,9
09/06/2016 03:00:00 PM,12,7,5
09/06/2016 04:00:00 PM,26,15,11
09/06/2016 05:00:00 PM,47,30,17
09/06/2016 06:00:00 PM,20,12,8
09/06/2016 07:00:00 PM,24,10,14
09/06/2016 08:00:00 PM,12,7,5
09/06/2016 09:00:00 PM,5,2,3
09/06/2016 10:00:00 PM,8,5,3
09/06/2016 11:00:00 PM,2,1,1
09/07/2016 12:00:00 AM,3,1,2
09/07/2016 01:00:00 AM,0,0,0
09/07/2016 02:00:00 AM,0,0,0
09/07/2016 03:00:00 AM,2,0,2
09/07/2016 04:00:00 AM,2,0,2
09/07/2016 05:00:00 AM,10,1,9
09/07/2016 06:00:00 AM,12,1,11
09/07/2016 07:00:00 AM,22,2,20
09/07/2016 08:00:00 AM,31,12,19
09/07/2016 09:00:00 AM,20,6,14
09/07/2016 10:00:00 AM,7,2,5
09/07/2016 11:00:00 AM,12,6,6
09/07/2016 12:00:00 PM,21,11,10
09/07/2016 01:00:00 PM,20,9,11
09/07/2016 02:00:00 PM,17,11,6
09/07/2016 03:00:00 PM,13,6,7
09/07/2016 04:00:00 PM,16,12,4
09/07/2016 05:00:00 PM,41,24,17
09/07/2016 06:00:00 PM,27,14,13
09/07/2016 07:00:00 PM,32,20,12
09/07/2016 08:00:00 PM,10,7,3
09/07/2016 09:00:00 PM,11,5,6
09/07/2016 10:00:00 PM,4,2,2
09/07/2016 11:00:00 PM,7,3,4
09/08/2016 12:00:00 AM,4,3,1
09/08/2016 01:00:00 AM,1,1,0
09/08/2016 02:00:00 AM,0,0,0
09/08/2016 03:00:00 AM,2,0,2
09/08/2016 04:00:00 AM,0,0,0
09/08/2016 05:00:00 AM,10,1,9
09/08/2016 06:00:00 AM,13,1,12
09/08/2016 07:00:00 AM,24,4,20
09/08/2016 08:00:00 AM,30,5,25
09/08/2016 09:00:00 AM,16,5,11
09/08/2016 10:00:00 AM,12,5,7
09/08/2016 11:00:00 AM,13,7,6
09/08/2016 12:00:00 PM,13,9,4
09/08/2016 01:00:00 PM,13,5,8
09/08/2016 02:00:00 PM,18,7,11
09/08/2016 03:00:00 PM,15,9,6
09/08/2016 04:00:00 PM,28,19,9
09/08/2016 05:00:00 PM,46,27,19
09/08/2016 06:00:00 PM,28,17,11
09/08/2016 07:00:00 PM,37,23,14
09/08/2016 08:00:00 PM,10,6,4
09/08/2016 09:00:00 PM,7,4,3
09/08/2016 10:00:00 PM,9,5,4
09/08/2016 11:00:00 PM,8,4,4
09/09/2016 12:00:00 AM,3,1,2
09/09/2016 01:00:00 AM,2,0,2
09/09/2016 02:00:00 AM,0,0,0
09/09/2016 03:00:00 AM,2,0,2
09/09/2016 04:00:00 AM,2,0,2
09/09/2016 05:00:00 AM,7,1,6
09/09/2016 06:00:00 AM,21,1,20
09/09/2016 07:00:00 AM,34,10,24
09/09/2016 08:00:00 AM,34,10,24
09/09/2016 09:00:00 AM,22,6,16
09/09/2016 10:00:00 AM,13,5,8
09/09/2016 11:00:00 AM,22,9,13
09/09/2016 12:00:00 PM,22,9,13
09/09/2016 01:00:00 PM,22,12,10
09/09/2016 02:00:00 PM,15,7,8
09/09/2016 03:00:00 PM,20,8,12
09/09/2016 04:00:00 PM,40,25,15
09/09/2016 05:00:00 PM,41,21,20
09/09/2016 06:00:00 PM,33,12,21
09/09/2016 07:00:00 PM,38,25,13
09/09/2016 08:00:00 PM,9,4,5
09/09/2016 09:00:00 PM,12,6,6
09/09/2016 10:00:00 PM,15,9,6
09/09/2016 11:00:00 PM,10,7,3
09/10/2016 12:00:00 AM,3,0,3
09/10/2016 01:00:00 AM,19,7,12
09/10/2016 02:00:00 AM,6,0,6
09/10/2016 03:00:00 AM,4,1,3
09/10/2016 04:00:00 AM,1,0,1
09/10/2016 05:00:00 AM,2,0,2
09/10/2016 06:00:00 AM,7,1,6
09/10/2016 07:00:00 AM,5,2,3
09/10/2016 08:00:00 AM,1,1,0
09/10/2016 09:00:00 AM,8,2,6
09/10/2016 10:00:00 AM,5,3,2
09/10/2016 11:00:00 AM,11,6,5
09/10/2016 12:00:00 PM,16,9,7
09/10/2016 01:00:00 PM,15,8,7
09/10/2016 02:00:00 PM,15,11,4
09/10/2016 03:00:00 PM,15,7,8
09/10/2016 04:00:00 PM,11,5,6
09/10/2016 05:00:00 PM,12,5,7
09/10/2016 06:00:00 PM,26,13,13
09/10/2016 07:00:00 PM,21,10,11
09/10/2016 08:00:00 PM,8,2,6
09/10/2016 09:00:00 PM,6,2,4
09/10/2016 10:00:00 PM,8,3,5
09/10/2016 11:00:00 PM,12,7,5
09/11/2016 12:00:00 AM,4,0,4
09/11/2016 01:00:00 AM,8,1,7
09/11/2016 02:00:00 AM,14,5,9
09/11/2016 03:00:00 AM,3,2,1
09/11/2016 04:00:00 AM,6,3,3
09/11/2016 05:00:00 AM,1,0,1
09/11/2016 06:00:00 AM,5,1,4
09/11/2016 07:00:00 AM,3,0,3
09/11/2016 08:00:00 AM,6,1,5
09/11/2016 09:00:00 AM,4,2,2
09/11/2016 10:00:00 AM,14,9,5
09/11/2016 11:00:00 AM,7,3,4
09/11/2016 12:00:00 PM,13,7,6
09/11/2016 01:00:00 PM,14,10,4
09/11/2016 02:00:00 PM,19,10,9
09/11/2016 03:00:00 PM,21,12,9
09/11/2016 04:00:00 PM,16,8,8
09/11/2016 05:00:00 PM,14,9,5
09/11/2016 06:00:00 PM,23,6,17
09/11/2016 07:00:00 PM,12,5,7
09/11/2016 08:00:00 PM,14,7,7
09/11/2016 09:00:00 PM,9,6,3
09/11/2016 10:00:00 PM,9,3,6
09/11/2016 11:00:00 PM,5,2,3
09/12/2016 12:00:00 AM,3,0,3
09/12/2016 01:00:00 AM,1,0,1
09/12/2016 02:00:00 AM,1,0,1
09/12/2016 03:00:00 AM,3,1,2
09/12/2016 04:00:00 AM,2,1,1
09/12/2016 05:00:00 AM,8,1,7
09/12/2016 06:00:00 AM,18,4,14
09/12/2016 07:00:00 AM,27,3,24
09/12/2016 08:00:00 AM,43,11,32
09/12/2016 09:00:00 AM,19,7,12
09/12/2016 10:00:00 AM,13,5,8
09/12/2016 11:00:00 AM,10,5,5
09/12/2016 12:00:00 PM,13,8,5
09/12/2016 01:00:00 PM,14,6,8
09/12/2016 02:00:00 PM,23,11,12
09/12/2016 03:00:00 PM,31,20,11
09/12/2016 04:00:00 PM,30,19,11
09/12/2016 05:00:00 PM,47,27,20
09/12/2016 06:00:00 PM,34,18,16
09/12/2016 07:00:00 PM,27,17,10
09/12/2016 08:00:00 PM,16,10,6
09/12/2016 09:00:00 PM,16,6,10
09/12/2016 10:00:00 PM,8,5,3
09/12/2016 11:00:00 PM,12,9,3
09/13/2016 12:00:00 AM,3,0,3
09/13/2016 01:00:00 AM,1,0,1
09/13/2016 02:00:00 AM,2,1,1
09/13/2016 03:00:00 AM,1,0,1
09/13/2016 04:00:00 AM,4,4,0
09/13/2016 05:00:00 AM,8,1,7
09/13/2016 06:00:00 AM,12,2,10
09/13/2016 07:00:00 AM,30,6,24
09/13/2016 08:00:00 AM,41,11,30
09/13/2016 09:00:00 AM,31,17,14
09/13/2016 10:00:00 AM,13,6,7
09/13/2016 11:00:00 AM,18,8,10
09/13/2016 12:00:00 PM,15,7,8
09/13/2016 01:00:00 PM,18,10,8
09/13/2016 02:00:00 PM,23,12,11
09/13/2016 03:00:00 PM,31,17,14
09/13/2016 04:00:00 PM,28,18,10
09/13/2016 05:00:00 PM,62,37,25
09/13/2016 06:00:00 PM,59,23,36
09/13/2016 07:00:00 PM,26,12,14
09/13/2016 08:00:00 PM,23,15,8
09/13/2016 09:00:00 PM,15,7,8
09/13/2016 10:00:00 PM,7,4,3
09/13/2016 11:00:00 PM,6,2,4
09/14/2016 12:00:00 AM,2,1,1
09/14/2016 01:00:00 AM,1,1,0
09/14/2016 02:00:00 AM,2,2,0
09/14/2016 03:00:00 AM,1,1,0
09/14/2016 04:00:00 AM,0,0,0
09/14/2016 05:00:00 AM,11,1,10
09/14/2016 06:00:00 AM,12,1,11
09/14/2016 07:00:00 AM,33,7,26
09/14/2016 08:00:00 AM,41,12,29
09/14/2016 09:00:00 AM,25,8,17
09/14/2016 10:00:00 AM,11,5,6
09/14/2016 11:00:00 AM,22,7,15
09/14/2016 12:00:00 PM,29,13,16
09/14/2016 01:00:00 PM,16,7,9
09/14/2016 02:00:00 PM,27,15,12
09/14/2016 03:00:00 PM,20,11,9
09/14/2016 04:00:00 PM,36,27,9
09/14/2016 05:00:00 PM,42,17,25
09/14/2016 06:00:00 PM,28,15,13
09/14/2016 07:00:00 PM,25,8,17
09/14/2016 08:00:00 PM,21,13,8
09/14/2016 09:00:00 PM,14,7,7
09/14/2016 10:00:00 PM,6,2,4
09/14/2016 11:00:00 PM,4,4,0
09/15/2016 12:00:00 AM,7,1,6
09/15/2016 01:00:00 AM,38,14,24
09/15/2016 02:00:00 AM,1,1,0
09/15/2016 03:00:00 AM,0,0,0
09/15/2016 04:00:00 AM,1,0,1
09/15/2016 05:00:00 AM,9,1,8
09/15/2016 06:00:00 AM,16,2,14
09/15/2016 07:00:00 AM,42,10,32
09/15/2016 08:00:00 AM,36,12,24
09/15/2016 09:00:00 AM,18,7,11
09/15/2016 10:00:00 AM,13,4,9
09/15/2016 11:00:00 AM,16,4,12
09/15/2016 12:00:00 PM,21,8,13
09/15/2016 01:00:00 PM,13,7,6
09/15/2016 02:00:00 PM,17,8,9
09/15/2016 03:00:00 PM,23,19,4
09/15/2016 04:00:00 PM,39,24,15
09/15/2016 05:00:00 PM,50,29,21
09/15/2016 06:00:00 PM,46,29,17
09/15/2016 07:00:00 PM,37,23,14
09/15/2016 08:00:00 PM,23,11,12
09/15/2016 09:00:00 PM,12,8,4
09/15/2016 10:00:00 PM,8,2,6
09/15/2016 11:00:00 PM,6,3,3
09/16/2016 12:00:00 AM,5,3,2
09/16/2016 01:00:00 AM,4,3,1
09/16/2016 02:00:00 AM,0,0,0
09/16/2016 03:00:00 AM,1,0,1
09/16/2016 04:00:00 AM,2,0,2
09/16/2016 05:00:00 AM,8,3,5
09/16/2016 06:00:00 AM,20,3,17
09/16/2016 07:00:00 AM,35,9,26
09/16/2016 08:00:00 AM,27,6,21
09/16/2016 09:00:00 AM,29,8,21
09/16/2016 10:00:00 AM,14,8,6
09/16/2016 11:00:00 AM,13,2,11
09/16/2016 12:00:00 PM,12,5,7
09/16/2016 01:00:00 PM,26,11,15
09/16/2016 02:00:00 PM,19,14,5
09/16/2016 03:00:00 PM,19,11,8
09/16/2016 04:00:00 PM,24,15,9
09/16/2016 05:00:00 PM,45,25,20
09/16/2016 06:00:00 PM,32,18,14
09/16/2016 07:00:00 PM,12,6,6
09/16/2016 08:00:00 PM,12,6,6
09/16/2016 09:00:00 PM,4,2,2
09/16/2016 10:00:00 PM,5,2,3
09/16/2016 11:00:00 PM,12,5,7
09/17/2016 12:00:00 AM,2,2,0
09/17/2016 01:00:00 AM,1,1,0
09/17/2016 02:00:00 AM,1,0,1
09/17/2016 03:00:00 AM,2,2,0
09/17/2016 04:00:00 AM,1,0,1
09/17/2016 05:00:00 AM,2,0,2
09/17/2016 06:00:00 AM,12,4,8
09/17/2016 07:00:00 AM,6,2,4
09/17/2016 08:00:00 AM,2,0,2
09/17/2016 09:00:00 AM,4,3,1
09/17/2016 10:00:00 AM,6,3,3
09/17/2016 11:00:00 AM,7,3,4
09/17/2016 12:00:00 PM,9,4,5
09/17/2016 01:00:00 PM,6,4,2
09/17/2016 02:00:00 PM,8,2,6
09/17/2016 03:00:00 PM,8,6,2
09/17/2016 04:00:00 PM,11,5,6
09/17/2016 05:00:00 PM,17,6,11
09/17/2016 06:00:00 PM,5,1,4
09/17/2016 07:00:00 PM,10,4,6
09/17/2016 08:00:00 PM,6,1,5
09/17/2016 09:00:00 PM,4,3,1
09/17/2016 10:00:00 PM,6,5,1
09/17/2016 11:00:00 PM,2,2,0
09/18/2016 12:00:00 AM,9,3,6
09/18/2016 01:00:00 AM,3,2,1
09/18/2016 02:00:00 AM,5,1,4
09/18/2016 03:00:00 AM,1,0,1
09/18/2016 04:00:00 AM,0,0,0
09/18/2016 05:00:00 AM,1,0,1
09/18/2016 06:00:00 AM,5,2,3
09/18/2016 07:00:00 AM,7,1,6
09/18/2016 08:00:00 AM,6,1,5
09/18/2016 09:00:00 AM,8,4,4
09/18/2016 10:00:00 AM,11,7,4
09/18/2016 11:00:00 AM,17,9,8
09/18/2016 12:00:00 PM,19,11,8
09/18/2016 01:00:00 PM,24,17,7
09/18/2016 02:00:00 PM,14,8,6
09/18/2016 03:00:00 PM,17,4,13
09/18/2016 04:00:00 PM,14,9,5
09/18/2016 05:00:00 PM,18,7,11
09/18/2016 06:00:00 PM,12,4,8
09/18/2016 07:00:00 PM,9,5,4
09/18/2016 08:00:00 PM,6,4,2
09/18/2016 09:00:00 PM,10,6,4
09/18/2016 10:00:00 PM,4,2,2
09/18/2016 11:00:00 PM,1,1,0
09/19/2016 12:00:00 AM,2,2,0
09/19/2016 01:00:00 AM,0,0,0
09/19/2016 02:00:00 AM,2,2,0
09/19/2016 03:00:00 AM,0,0,0
09/19/2016 04:00:00 AM,0,0,0
09/19/2016 05:00:00 AM,3,0,3
09/19/2016 06:00:00 AM,13,4,9
09/19/2016 07:00:00 AM,26,9,17
09/19/2016 08:00:00 AM,43,16,27
09/19/2016 09:00:00 AM,12,2,10
09/19/2016 10:00:00 AM,16,8,8
09/19/2016 11:00:00 AM,10,7,3
09/19/2016 12:00:00 PM,8,4,4
09/19/2016 01:00:00 PM,13,5,8
09/19/2016 02:00:00 PM,19,14,5
09/19/2016 03:00:00 PM,21,10,11
09/19/2016 04:00:00 PM,26,16,10
09/19/2016 05:00:00 PM,35,22,13
09/19/2016 06:00:00 PM,36,19,17
09/19/2016 07:00:00 PM,29,12,17
09/19/2016 08:00:00 PM,8,6,2
09/19/2016 09:00:00 PM,14,4,10
09/19/2016 10:00:00 PM,12,5,7
09/19/2016 11:00:00 PM,9,3,6
09/20/2016 12:00:00 AM,6,2,4
09/20/2016 01:00:00 AM,0,0,0
09/20/2016 02:00:00 AM,0,0,0
09/20/2016 03:00:00 AM,4,0,4
09/20/2016 04:00:00 AM,2,1,1
09/20/2016 05:00:00 AM,2,1,1
09/20/2016 06:00:00 AM,18,2,16
09/20/2016 07:00:00 AM,34,6,28
09/20/2016 08:00:00 AM,41,9,32
09/20/2016 09:00:00 AM,19,9,10
09/20/2016 10:00:00 AM,13,6,7
09/20/2016 11:00:00 AM,24,6,18
09/20/2016 12:00:00 PM,14,5,9
09/20/2016 01:00:00 PM,22,8,14
09/20/2016 02:00:00 PM,23,13,10
09/20/2016 03:00:00 PM,15,6,9
09/20/2016 04:00:00 PM,32,26,6
09/20/2016 05:00:00 PM,51,27,24
09/20/2016 06:00:00 PM,39,16,23
09/20/2016 07:00:00 PM,25,13,12
09/20/2016 08:00:00 PM,9,6,3
09/20/2016 09:00:00 PM,16,7,9
09/20/2016 10:00:00 PM,7,3,4
09/20/2016 11:00:00 PM,7,5,2
09/21/2016 12:00:00 AM,1,0,1
09/21/2016 01:00:00 AM,1,1,0
09/21/2016 02:00:00 AM,0,0,0
09/21/2016 03:00:00 AM,0,0,0
09/21/2016 04:00:00 AM,0,0,0
09/21/2016 05:00:00 AM,6,0,6
09/21/2016 06:00:00 AM,19,2,17
09/21/2016 07:00:00 AM,43,10,33
09/21/2016 08:00:00 AM,42,9,33
09/21/2016 09:00:00 AM,28,11,17
09/21/2016 10:00:00 AM,28,14,14
09/21/2016 11:00:00 AM,12,6,6
09/21/2016 12:00:00 PM,21,8,13
09/21/2016 01:00:00 PM,23,8,15
09/21/2016 02:00:00 PM,26,18,8
09/21/2016 03:00:00 PM,35,22,13
09/21/2016 04:00:00 PM,33,22,11
09/21/2016 05:00:00 PM,64,35,29
09/21/2016 06:00:00 PM,46,25,21
09/21/2016 07:00:00 PM,27,12,15
09/21/2016 08:00:00 PM,11,9,2
09/21/2016 09:00:00 PM,20,10,10
09/21/2016 10:00:00 PM,16,3,13
09/21/2016 11:00:00 PM,10,3,7
09/22/2016 12:00:00 AM,7,1,6
09/22/2016 01:00:00 AM,6,1,5
09/22/2016 02:00:00 AM,4,0,4
09/22/2016 03:00:00 AM,1,0,1
09/22/2016 04:00:00 AM,2,0,2
09/22/2016 05:00:00 AM,9,3,6
09/22/2016 06:00:00 AM,23,4,19
09/22/2016 07:00:00 AM,42,6,36
09/22/2016 08:00:00 AM,31,9,22
09/22/2016 09:00:00 AM,23,9,14
09/22/2016 10:00:00 AM,15,6,9
09/22/2016 11:00:00 AM,11,5,6
09/22/2016 12:00:00 PM,21,8,13
09/22/2016 01:00:00 PM,25,13,12
09/22/2016 02:00:00 PM,14,7,7
09/22/2016 03:00:00 PM,17,8,9
09/22/2016 04:00:00 PM,32,18,14
09/22/2016 05:00:00 PM,54,31,23
09/22/2016 06:00:00 PM,37,13,24
09/22/2016 07:00:00 PM,31,16,15
09/22/2016 08:00:00 PM,21,12,9
09/22/2016 09:00:00 PM,15,8,7
09/22/2016 10:00:00 PM,14,5,9
09/22/2016 11:00:00 PM,11,10,1
09/23/2016 12:00:00 AM,2,1,1
09/23/2016 01:00:00 AM,0,0,0
09/23/2016 02:00:00 AM,2,1,1
09/23/2016 03:00:00 AM,2,0,2
09/23/2016 04:00:00 AM,2,2,0
09/23/2016 05:00:00 AM,5,0,5
09/23/2016 06:00:00 AM,14,3,11
09/23/2016 07:00:00 AM,29,5,24
09/23/2016 08:00:00 AM,33,9,24
09/23/2016 09:00:00 AM,21,6,15
09/23/2016 10:00:00 AM,10,3,7
09/23/2016 11:00:00 AM,9,5,4
09/23/2016 12:00:00 PM,12,7,5
09/23/2016 01:00:00 PM,12,7,5
09/23/2016 02:00:00 PM,20,11,9
09/23/2016 03:00:00 PM,25,13,12
09/23/2016 04:00:00 PM,34,19,15
09/23/2016 05:00:00 PM,42,25,17
09/23/2016 06:00:00 PM,29,15,14
09/23/2016 07:00:00 PM,16,8,8
09/23/2016 08:00:00 PM,12,7,5
09/23/2016 09:00:00 PM,8,7,1
09/23/2016 10:00:00 PM,12,7,5
09/23/2016 11:00:00 PM,16,4,12
09/24/2016 12:00:00 AM,9,5,4
09/24/2016 01:00:00 AM,13,10,3
09/24/2016 02:00:00 AM,10,0,10
09/24/2016 03:00:00 AM,0,0,0
09/24/2016 04:00:00 AM,2,1,1
09/24/2016 05:00:00 AM,2,0,2
09/24/2016 06:00:00 AM,11,1,10
09/24/2016 07:00:00 AM,9,3,6
09/24/2016 08:00:00 AM,6,3,3
09/24/2016 09:00:00 AM,8,6,2
09/24/2016 10:00:00 AM,16,7,9
09/24/2016 11:00:00 AM,12,7,5
09/24/2016 12:00:00 PM,15,7,8
09/24/2016 01:00:00 PM,21,13,8
09/24/2016 02:00:00 PM,18,7,11
09/24/2016 03:00:00 PM,20,13,7
09/24/2016 04:00:00 PM,20,11,9
09/24/2016 05:00:00 PM,23,9,14
09/24/2016 06:00:00 PM,11,6,5
09/24/2016 07:00:00 PM,10,4,6
09/24/2016 08:00:00 PM,14,5,9
09/24/2016 09:00:00 PM,7,5,2
09/24/2016 10:00:00 PM,12,4,8
09/24/2016 11:00:00 PM,12,5,7
09/25/2016 12:00:00 AM,5,3,2
09/25/2016 01:00:00 AM,7,0,7
09/25/2016 02:00:00 AM,4,0,4
09/25/2016 03:00:00 AM,0,0,0
09/25/2016 04:00:00 AM,3,0,3
09/25/2016 05:00:00 AM,1,0,1
09/25/2016 06:00:00 AM,6,1,5
09/25/2016 07:00:00 AM,2,1,1
09/25/2016 08:00:00 AM,6,3,3
09/25/2016 09:00:00 AM,10,8,2
09/25/2016 10:00:00 AM,6,4,2
09/25/2016 11:00:00 AM,14,9,5
09/25/2016 12:00:00 PM,10,3,7
09/25/2016 01:00:00 PM,10,1,9
09/25/2016 02:00:00 PM,12,4,8
09/25/2016 03:00:00 PM,19,8,11
09/25/2016 04:00:00 PM,23,15,8
09/25/2016 05:00:00 PM,23,11,12
09/25/2016 06:00:00 PM,18,9,9
09/25/2016 07:00:00 PM,12,5,7
09/25/2016 08:00:00 PM,17,7,10
09/25/2016 09:00:00 PM,3,2,1
09/25/2016 10:00:00 PM,3,2,1
09/25/2016 11:00:00 PM,5,3,2
09/26/2016 12:00:00 AM,1,0,1
09/26/2016 01:00:00 AM,0,0,0
09/26/2016 02:00:00 AM,2,0,2
09/26/2016 03:00:00 AM,1,0,1
09/26/2016 04:00:00 AM,0,0,0
09/26/2016 05:00:00 AM,4,0,4
09/26/2016 06:00:00 AM,12,3,9
09/26/2016 07:00:00 AM,39,8,31
09/26/2016 08:00:00 AM,54,13,41
09/26/2016 09:00:00 AM,22,11,11
09/26/2016 10:00:00 AM,19,8,11
09/26/2016 11:00:00 AM,16,7,9
09/26/2016 12:00:00 PM,12,5,7
09/26/2016 01:00:00 PM,20,6,14
09/26/2016 02:00:00 PM,19,10,9
09/26/2016 03:00:00 PM,22,11,11
09/26/2016 04:00:00 PM,34,20,14
09/26/2016 05:00:00 PM,64,41,23
09/26/2016 06:00:00 PM,35,17,18
09/26/2016 07:00:00 PM,24,15,9
09/26/2016 08:00:00 PM,31,22,9
09/26/2016 09:00:00 PM,16,5,11
09/26/2016 10:00:00 PM,8,5,3
09/26/2016 11:00:00 PM,1,1,0
09/27/2016 12:00:00 AM,4,3,1
09/27/2016 01:00:00 AM,2,1,1
09/27/2016 02:00:00 AM,0,0,0
09/27/2016 03:00:00 AM,1,0,1
09/27/2016 04:00:00 AM,0,0,0
09/27/2016 05:00:00 AM,7,0,7
09/27/2016 06:00:00 AM,13,0,13
09/27/2016 07:00:00 AM,23,3,20
09/27/2016 08:00:00 AM,56,19,37
09/27/2016 09:00:00 AM,30,16,14
09/27/2016 10:00:00 AM,22,10,12
09/27/2016 11:00:00 AM,15,3,12
09/27/2016 12:00:00 PM,28,11,17
09/27/2016 01:00:00 PM,37,6,31
09/27/2016 02:00:00 PM,20,13,7
09/27/2016 03:00:00 PM,26,16,10
09/27/2016 04:00:00 PM,43,23,20
09/27/2016 05:00:00 PM,57,42,15
09/27/2016 06:00:00 PM,35,11,24
09/27/2016 07:00:00 PM,32,24,8
09/27/2016 08:00:00 PM,19,10,9
09/27/2016 09:00:00 PM,15,10,5
09/27/2016 10:00:00 PM,7,3,4
09/27/2016 11:00:00 PM,7,4,3
09/28/2016 12:00:00 AM,3,1,2
09/28/2016 01:00:00 AM,0,0,0
09/28/2016 02:00:00 AM,1,0,1
09/28/2016 03:00:00 AM,0,0,0
09/28/2016 04:00:00 AM,0,0,0
09/28/2016 05:00:00 AM,6,0,6
09/28/2016 06:00:00 AM,20,4,16
09/28/2016 07:00:00 AM,33,6,27
09/28/2016 08:00:00 AM,43,17,26
09/28/2016 09:00:00 AM,37,17,20
09/28/2016 10:00:00 AM,19,4,15
09/28/2016 11:00:00 AM,16,7,9
09/28/2016 12:00:00 PM,20,9,11
09/28/2016 01:00:00 PM,23,14,9
09/28/2016 02:00:00 PM,35,11,24
09/28/2016 03:00:00 PM,23,16,7
09/28/2016 04:00:00 PM,36,19,17
09/28/2016 05:00:00 PM,42,21,21
09/28/2016 06:00:00 PM,35,15,20
09/28/2016 07:00:00 PM,20,7,13
09/28/2016 08:00:00 PM,20,8,12
09/28/2016 09:00:00 PM,15,8,7
09/28/2016 10:00:00 PM,12,8,4
09/28/2016 11:00:00 PM,7,4,3
09/29/2016 12:00:00 AM,8,3,5
09/29/2016 01:00:00 AM,2,1,1
09/29/2016 02:00:00 AM,3,2,1
09/29/2016 03:00:00 AM,0,0,0
09/29/2016 04:00:00 AM,1,1,0
09/29/2016 05:00:00 AM,4,0,4
09/29/2016 06:00:00 AM,11,0,11
09/29/2016 07:00:00 AM,33,6,27
09/29/2016 08:00:00 AM,43,17,26
09/29/2016 09:00:00 AM,21,3,18
09/29/2016 10:00:00 AM,27,12,15
09/29/2016 11:00:00 AM,26,14,12
09/29/2016 12:00:00 PM,29,20,9
09/29/2016 01:00:00 PM,26,17,9
09/29/2016 02:00:00 PM,25,11,14
09/29/2016 03:00:00 PM,32,16,16
09/29/2016 04:00:00 PM,35,19,16
09/29/2016 05:00:00 PM,47,30,17
09/29/2016 06:00:00 PM,46,18,28
09/29/2016 07:00:00 PM,24,19,5
09/29/2016 08:00:00 PM,24,14,10
09/29/2016 09:00:00 PM,12,7,5
09/29/2016 10:00:00 PM,13,5,8
09/29/2016 11:00:00 PM,10,4,6
09/30/2016 12:00:00 AM,2,0,2
09/30/2016 01:00:00 AM,1,0,1
09/30/2016 02:00:00 AM,9,4,5
09/30/2016 03:00:00 AM,1,0,1
09/30/2016 04:00:00 AM,2,1,1
09/30/2016 05:00:00 AM,5,2,3
09/30/2016 06:00:00 AM,9,0,9
09/30/2016 07:00:00 AM,22,6,16
09/30/2016 08:00:00 AM,40,13,27
09/30/2016 09:00:00 AM,17,6,11
09/30/2016 10:00:00 AM,16,2,14
09/30/2016 11:00:00 AM,20,6,14
09/30/2016 12:00:00 PM,24,13,11
09/30/2016 01:00:00 PM,11,2,9
09/30/2016 02:00:00 PM,9,3,6
09/30/2016 03:00:00 PM,23,16,7
09/30/2016 04:00:00 PM,30,21,9
09/30/2016 05:00:00 PM,51,25,26
09/30/2016 06:00:00 PM,23,7,16
09/30/2016 07:00:00 PM,20,7,13
09/30/2016 08:00:00 PM,23,13,10
09/30/2016 09:00:00 PM,15,10,5
09/30/2016 10:00:00 PM,10,7,3
09/30/2016 11:00:00 PM,11,5,6
10/01/2016 12:00:00 AM,5,2,3
10/01/2016 01:00:00 AM,4,3,1
10/01/2016 02:00:00 AM,6,1,5
10/01/2016 03:00:00 AM,2,0,2
10/01/2016 04:00:00 AM,2,0,2
10/01/2016 05:00:00 AM,3,1,2
10/01/2016 06:00:00 AM,10,3,7
10/01/2016 07:00:00 AM,10,7,3
10/01/2016 08:00:00 AM,8,3,5
10/01/2016 09:00:00 AM,11,7,4
10/01/2016 10:00:00 AM,9,6,3
10/01/2016 11:00:00 AM,10,6,4
10/01/2016 12:00:00 PM,15,4,11
10/01/2016 01:00:00 PM,7,3,4
10/01/2016 02:00:00 PM,8,4,4
10/01/2016 03:00:00 PM,13,8,5
10/01/2016 04:00:00 PM,9,5,4
10/01/2016 05:00:00 PM,18,9,9
10/01/2016 06:00:00 PM,10,8,2
10/01/2016 07:00:00 PM,19,7,12
10/01/2016 08:00:00 PM,5,1,4
10/01/2016 09:00:00 PM,2,2,0
10/01/2016 10:00:00 PM,2,2,0
10/01/2016 11:00:00 PM,5,4,1
10/02/2016 12:00:00 AM,3,1,2
10/02/2016 01:00:00 AM,3,2,1
10/02/2016 02:00:00 AM,5,0,5
10/02/2016 03:00:00 AM,0,0,0
10/02/2016 04:00:00 AM,1,0,1
10/02/2016 05:00:00 AM,3,0,3
10/02/2016 06:00:00 AM,5,1,4
10/02/2016 07:00:00 AM,4,2,2
10/02/2016 08:00:00 AM,2,1,1
10/02/2016 09:00:00 AM,9,5,4
10/02/2016 10:00:00 AM,12,2,10
10/02/2016 11:00:00 AM,18,11,7
10/02/2016 12:00:00 PM,14,10,4
10/02/2016 01:00:00 PM,16,7,9
10/02/2016 02:00:00 PM,17,13,4
10/02/2016 03:00:00 PM,19,9,10
10/02/2016 04:00:00 PM,16,11,5
10/02/2016 05:00:00 PM,12,7,5
10/02/2016 06:00:00 PM,13,2,11
10/02/2016 07:00:00 PM,12,7,5
10/02/2016 08:00:00 PM,14,8,6
10/02/2016 09:00:00 PM,7,4,3
10/02/2016 10:00:00 PM,9,4,5
10/02/2016 11:00:00 PM,9,2,7
10/03/2016 12:00:00 AM,3,1,2
10/03/2016 01:00:00 AM,2,1,1
10/03/2016 02:00:00 AM,0,0,0
10/03/2016 03:00:00 AM,0,0,0
10/03/2016 04:00:00 AM,1,0,1
10/03/2016 05:00:00 AM,4,0,4
10/03/2016 06:00:00 AM,15,2,13
10/03/2016 07:00:00 AM,29,7,22
10/03/2016 08:00:00 AM,47,13,34
10/03/2016 09:00:00 AM,26,8,18
10/03/2016 10:00:00 AM,25,12,13
10/03/2016 11:00:00 AM,19,7,12
10/03/2016 12:00:00 PM,23,8,15
10/03/2016 01:00:00 PM,11,7,4
10/03/2016 02:00:00 PM,12,5,7
10/03/2016 03:00:00 PM,18,14,4
10/03/2016 04:00:00 PM,33,20,13
10/03/2016 05:00:00 PM,55,32,23
10/03/2016 06:00:00 PM,52,22,30
10/03/2016 07:00:00 PM,22,18,4
10/03/2016 08:00:00 PM,27,17,10
10/03/2016 09:00:00 PM,18,6,12
10/03/2016 10:00:00 PM,17,12,5
10/03/2016 11:00:00 PM,3,3,0
10/04/2016 12:00:00 AM,1,0,1
10/04/2016 01:00:00 AM,0,0,0
10/04/2016 02:00:00 AM,0,0,0
10/04/2016 03:00:00 AM,2,2,0
10/04/2016 04:00:00 AM,0,0,0
10/04/2016 05:00:00 AM,4,0,4
10/04/2016 06:00:00 AM,9,1,8
10/04/2016 07:00:00 AM,30,6,24
10/04/2016 08:00:00 AM,40,10,30
10/04/2016 09:00:00 AM,16,6,10
10/04/2016 10:00:00 AM,19,7,12
10/04/2016 11:00:00 AM,13,4,9
10/04/2016 12:00:00 PM,9,5,4
10/04/2016 01:00:00 PM,15,8,7
10/04/2016 02:00:00 PM,13,5,8
10/04/2016 03:00:00 PM,11,6,5
10/04/2016 04:00:00 PM,30,16,14
10/04/2016 05:00:00 PM,63,34,29
10/04/2016 06:00:00 PM,32,23,9
10/04/2016 07:00:00 PM,30,19,11
10/04/2016 08:00:00 PM,17,11,6
10/04/2016 09:00:00 PM,11,5,6
10/04/2016 10:00:00 PM,2,1,1
10/04/2016 11:00:00 PM,3,2,1
10/05/2016 12:00:00 AM,7,2,5
10/05/2016 01:00:00 AM,4,2,2
10/05/2016 02:00:00 AM,1,0,1
10/05/2016 03:00:00 AM,1,1,0
10/05/2016 04:00:00 AM,0,0,0
10/05/2016 05:00:00 AM,6,1,5
10/05/2016 06:00:00 AM,17,3,14
10/05/2016 07:00:00 AM,29,1,28
10/05/2016 08:00:00 AM,42,17,25
10/05/2016 09:00:00 AM,31,15,16
10/05/2016 10:00:00 AM,18,6,12
10/05/2016 11:00:00 AM,11,0,11
10/05/2016 12:00:00 PM,20,6,14
10/05/2016 01:00:00 PM,24,12,12
10/05/2016 02:00:00 PM,19,12,7
10/05/2016 03:00:00 PM,26,15,11
10/05/2016 04:00:00 PM,41,28,13
10/05/2016 05:00:00 PM,50,25,25
10/05/2016 06:00:00 PM,46,25,21
10/05/2016 07:00:00 PM,37,18,19
10/05/2016 08:00:00 PM,19,12,7
10/05/2016 09:00:00 PM,13,7,6
10/05/2016 10:00:00 PM,8,4,4
10/05/2016 11:00:00 PM,6,2,4
10/06/2016 12:00:00 AM,3,1,2
10/06/2016 01:00:00 AM,4,1,3
10/06/2016 02:00:00 AM,2,0,2
10/06/2016 03:00:00 AM,4,2,2
10/06/2016 04:00:00 AM,1,0,1
10/06/2016 05:00:00 AM,5,1,4
10/06/2016 06:00:00 AM,7,0,7
10/06/2016 07:00:00 AM,34,5,29
10/06/2016 08:00:00 AM,40,14,26
10/06/2016 09:00:00 AM,31,14,17
10/06/2016 10:00:00 AM,14,3,11
10/06/2016 11:00:00 AM,21,12,9
10/06/2016 12:00:00 PM,15,6,9
10/06/2016 01:00:00 PM,15,9,6
10/06/2016 02:00:00 PM,25,11,14
10/06/2016 03:00:00 PM,16,10,6
10/06/2016 04:00:00 PM,33,23,10
10/06/2016 05:00:00 PM,44,31,13
10/06/2016 06:00:00 PM,44,19,25
10/06/2016 07:00:00 PM,21,13,8
10/06/2016 08:00:00 PM,20,11,9
10/06/2016 09:00:00 PM,13,8,5
10/06/2016 10:00:00 PM,8,2,6
10/06/2016 11:00:00 PM,4,3,1
10/07/2016 12:00:00 AM,1,1,0
10/07/2016 01:00:00 AM,1,1,0
10/07/2016 02:00:00 AM,0,0,0
10/07/2016 03:00:00 AM,2,1,1
10/07/2016 04:00:00 AM,0,0,0
10/07/2016 05:00:00 AM,3,0,3
10/07/2016 06:00:00 AM,12,1,11
10/07/2016 07:00:00 AM,27,4,23
10/07/2016 08:00:00 AM,30,10,20
10/07/2016 09:00:00 AM,21,5,16
10/07/2016 10:00:00 AM,15,7,8
10/07/2016 11:00:00 AM,20,7,13
10/07/2016 12:00:00 PM,19,8,11
10/07/2016 01:00:00 PM,12,6,6
10/07/2016 02:00:00 PM,22,15,7
10/07/2016 03:00:00 PM,20,13,7
10/07/2016 04:00:00 PM,30,21,9
10/07/2016 05:00:00 PM,36,22,14
10/07/2016 06:00:00 PM,25,11,14
10/07/2016 07:00:00 PM,19,13,6
10/07/2016 08:00:00 PM,11,5,6
10/07/2016 09:00:00 PM,8,5,3
10/07/2016 10:00:00 PM,8,2,6
10/07/2016 11:00:00 PM,7,4,3
10/08/2016 12:00:00 AM,2,2,0
10/08/2016 01:00:00 AM,6,4,2
10/08/2016 02:00:00 AM,0,0,0
10/08/2016 03:00:00 AM,0,0,0
10/08/2016 04:00:00 AM,1,0,1
10/08/2016 05:00:00 AM,2,0,2
10/08/2016 06:00:00 AM,4,2,2
10/08/2016 07:00:00 AM,3,0,3
10/08/2016 08:00:00 AM,7,5,2
10/08/2016 09:00:00 AM,10,4,6
10/08/2016 10:00:00 AM,9,5,4
10/08/2016 11:00:00 AM,13,8,5
10/08/2016 12:00:00 PM,7,3,4
10/08/2016 01:00:00 PM,10,4,6
10/08/2016 02:00:00 PM,6,3,3
10/08/2016 03:00:00 PM,13,8,5
10/08/2016 04:00:00 PM,13,8,5
10/08/2016 05:00:00 PM,8,5,3
10/08/2016 06:00:00 PM,9,2,7
10/08/2016 07:00:00 PM,4,2,2
10/08/2016 08:00:00 PM,3,0,3
10/08/2016 09:00:00 PM,3,1,2
10/08/2016 10:00:00 PM,4,1,3
10/08/2016 11:00:00 PM,1,0,1
10/09/2016 12:00:00 AM,6,0,6
10/09/2016 01:00:00 AM,1,0,1
10/09/2016 02:00:00 AM,7,1,6
10/09/2016 03:00:00 AM,0,0,0
10/09/2016 04:00:00 AM,2,0,2
10/09/2016 05:00:00 AM,3,1,2
10/09/2016 06:00:00 AM,4,0,4
10/09/2016 07:00:00 AM,4,2,2
10/09/2016 08:00:00 AM,2,2,0
10/09/2016 09:00:00 AM,5,3,2
10/09/2016 10:00:00 AM,9,3,6
10/09/2016 11:00:00 AM,15,8,7
10/09/2016 12:00:00 PM,13,8,5
10/09/2016 01:00:00 PM,11,4,7
10/09/2016 02:00:00 PM,11,4,7
10/09/2016 03:00:00 PM,21,10,11
10/09/2016 04:00:00 PM,19,9,10
10/09/2016 05:00:00 PM,20,12,8
10/09/2016 06:00:00 PM,13,7,6
10/09/2016 07:00:00 PM,7,4,3
10/09/2016 08:00:00 PM,6,2,4
10/09/2016 09:00:00 PM,6,4,2
10/09/2016 10:00:00 PM,1,0,1
10/09/2016 11:00:00 PM,1,0,1
10/10/2016 12:00:00 AM,1,1,0
10/10/2016 01:00:00 AM,0,0,0
10/10/2016 02:00:00 AM,0,0,0
10/10/2016 03:00:00 AM,2,1,1
10/10/2016 04:00:00 AM,1,1,0
10/10/2016 05:00:00 AM,3,0,3
10/10/2016 06:00:00 AM,18,3,15
10/10/2016 07:00:00 AM,22,5,17
10/10/2016 08:00:00 AM,48,10,38
10/10/2016 09:00:00 AM,31,13,18
10/10/2016 10:00:00 AM,17,6,11
10/10/2016 11:00:00 AM,20,8,12
10/10/2016 12:00:00 PM,22,9,13
10/10/2016 01:00:00 PM,15,8,7
10/10/2016 02:00:00 PM,18,13,5
10/10/2016 03:00:00 PM,21,16,5
10/10/2016 04:00:00 PM,36,24,12
10/10/2016 05:00:00 PM,50,33,17
10/10/2016 06:00:00 PM,39,21,18
10/10/2016 07:00:00 PM,28,21,7
10/10/2016 08:00:00 PM,16,4,12
10/10/2016 09:00:00 PM,12,4,8
10/10/2016 10:00:00 PM,4,3,1
10/10/2016 11:00:00 PM,4,3,1
10/11/2016 12:00:00 AM,1,0,1
10/11/2016 01:00:00 AM,0,0,0
10/11/2016 02:00:00 AM,2,1,1
10/11/2016 03:00:00 AM,1,0,1
10/11/2016 04:00:00 AM,1,1,0
10/11/2016 05:00:00 AM,11,4,7
10/11/2016 06:00:00 AM,16,5,11
10/11/2016 07:00:00 AM,27,4,23
10/11/2016 08:00:00 AM,44,14,30
10/11/2016 09:00:00 AM,22,6,16
10/11/2016 10:00:00 AM,22,6,16
10/11/2016 11:00:00 AM,14,8,6
10/11/2016 12:00:00 PM,29,14,15
10/11/2016 01:00:00 PM,16,14,2
10/11/2016 02:00:00 PM,26,11,15
10/11/2016 03:00:00 PM,28,19,9
10/11/2016 04:00:00 PM,48,27,21
10/11/2016 05:00:00 PM,60,40,20
10/11/2016 06:00:00 PM,48,22,26
10/11/2016 07:00:00 PM,25,15,10
10/11/2016 08:00:00 PM,19,4,15
10/11/2016 09:00:00 PM,10,5,5
10/11/2016 10:00:00 PM,6,2,4
10/11/2016 11:00:00 PM,12,7,5
10/12/2016 12:00:00 AM,4,3,1
10/12/2016 01:00:00 AM,2,1,1
10/12/2016 02:00:00 AM,2,0,2
10/12/2016 03:00:00 AM,2,1,1
10/12/2016 04:00:00 AM,1,1,0
10/12/2016 05:00:00 AM,8,2,6
10/12/2016 06:00:00 AM,12,3,9
10/12/2016 07:00:00 AM,29,3,26
10/12/2016 08:00:00 AM,35,10,25
10/12/2016 09:00:00 AM,28,8,20
10/12/2016 10:00:00 AM,16,5,11
10/12/2016 11:00:00 AM,11,4,7
10/12/2016 12:00:00 PM,18,10,8
10/12/2016 01:00:00 PM,20,8,12
10/12/2016 02:00:00 PM,15,7,8
10/12/2016 03:00:00 PM,31,19,12
10/12/2016 04:00:00 PM,34,26,8
10/12/2016 05:00:00 PM,58,30,28
10/12/2016 06:00:00 PM,37,16,21
10/12/2016 07:00:00 PM,16,8,8
10/12/2016 08:00:00 PM,15,8,7
10/12/2016 09:00:00 PM,14,6,8
10/12/2016 10:00:00 PM,5,3,2
10/12/2016 11:00:00 PM,4,3,1
10/13/2016 12:00:00 AM,5,3,2
10/13/2016 01:00:00 AM,3,1,2
10/13/2016 02:00:00 AM,0,0,0
10/13/2016 03:00:00 AM,0,0,0
10/13/2016 04:00:00 AM,2,0,2
10/13/2016 05:00:00 AM,0,0,0
10/13/2016 06:00:00 AM,6,1,5
10/13/2016 07:00:00 AM,20,1,19
10/13/2016 08:00:00 AM,22,8,14
10/13/2016 09:00:00 AM,9,1,8
10/13/2016 10:00:00 AM,8,1,7
10/13/2016 11:00:00 AM,9,4,5
10/13/2016 12:00:00 PM,15,8,7
10/13/2016 01:00:00 PM,9,4,5
10/13/2016 02:00:00 PM,11,5,6
10/13/2016 03:00:00 PM,11,5,6
10/13/2016 04:00:00 PM,22,12,10
10/13/2016 05:00:00 PM,28,19,9
10/13/2016 06:00:00 PM,14,7,7
10/13/2016 07:00:00 PM,9,6,3
10/13/2016 08:00:00 PM,8,4,4
10/13/2016 09:00:00 PM,6,4,2
10/13/2016 10:00:00 PM,3,2,1
10/13/2016 11:00:00 PM,11,7,4
10/14/2016 12:00:00 AM,1,1,0
10/14/2016 01:00:00 AM,1,1,0
10/14/2016 02:00:00 AM,3,2,1
10/14/2016 03:00:00 AM,2,1,1
10/14/2016 04:00:00 AM,0,0,0
10/14/2016 05:00:00 AM,3,0,3
10/14/2016 06:00:00 AM,8,1,7
10/14/2016 07:00:00 AM,10,2,8
10/14/2016 08:00:00 AM,12,5,7
10/14/2016 09:00:00 AM,11,5,6
10/14/2016 10:00:00 AM,10,5,5
10/14/2016 11:00:00 AM,5,3,2
10/14/2016 12:00:00 PM,10,8,2
10/14/2016 01:00:00 PM,7,3,4
10/14/2016 02:00:00 PM,4,3,1
10/14/2016 03:00:00 PM,4,2,2
10/14/2016 04:00:00 PM,16,12,4
10/14/2016 05:00:00 PM,8,4,4
10/14/2016 06:00:00 PM,15,7,8
10/14/2016 07:00:00 PM,10,8,2
10/14/2016 08:00:00 PM,12,5,7
10/14/2016 09:00:00 PM,6,3,3
10/14/2016 10:00:00 PM,7,3,4
10/14/2016 11:00:00 PM,4,2,2
10/15/2016 12:00:00 AM,2,1,1
10/15/2016 01:00:00 AM,1,1,0
10/15/2016 02:00:00 AM,15,3,12
10/15/2016 03:00:00 AM,0,0,0
10/15/2016 04:00:00 AM,3,1,2
10/15/2016 05:00:00 AM,1,0,1
10/15/2016 06:00:00 AM,1,0,1
10/15/2016 07:00:00 AM,4,3,1
10/15/2016 08:00:00 AM,4,1,3
10/15/2016 09:00:00 AM,1,1,0
10/15/2016 10:00:00 AM,3,0,3
10/15/2016 11:00:00 AM,2,1,1
10/15/2016 12:00:00 PM,5,1,4
10/15/2016 01:00:00 PM,6,3,3
10/15/2016 02:00:00 PM,6,2,4
10/15/2016 03:00:00 PM,5,2,3
10/15/2016 04:00:00 PM,6,3,3
10/15/2016 05:00:00 PM,11,4,7
10/15/2016 06:00:00 PM,2,2,0
10/15/2016 07:00:00 PM,3,1,2
10/15/2016 08:00:00 PM,6,4,2
10/15/2016 09:00:00 PM,3,2,1
10/15/2016 10:00:00 PM,3,1,2
10/15/2016 11:00:00 PM,0,0,0
10/16/2016 12:00:00 AM,0,0,0
10/16/2016 01:00:00 AM,3,0,3
10/16/2016 02:00:00 AM,7,3,4
10/16/2016 03:00:00 AM,0,0,0
10/16/2016 04:00:00 AM,2,0,2
10/16/2016 05:00:00 AM,2,0,2
10/16/2016 06:00:00 AM,1,0,1
10/16/2016 07:00:00 AM,2,0,2
10/16/2016 08:00:00 AM,3,1,2
10/16/2016 09:00:00 AM,5,4,1
10/16/2016 10:00:00 AM,3,3,0
10/16/2016 11:00:00 AM,4,3,1
10/16/2016 12:00:00 PM,7,5,2
10/16/2016 01:00:00 PM,11,7,4
10/16/2016 02:00:00 PM,9,5,4
10/16/2016 03:00:00 PM,8,5,3
10/16/2016 04:00:00 PM,8,3,5
10/16/2016 05:00:00 PM,10,5,5
10/16/2016 06:00:00 PM,8,5,3
10/16/2016 07:00:00 PM,5,4,1
10/16/2016 08:00:00 PM,4,1,3
10/16/2016 09:00:00 PM,4,2,2
10/16/2016 10:00:00 PM,6,4,2
10/16/2016 11:00:00 PM,3,1,2
10/17/2016 12:00:00 AM,1,0,1
10/17/2016 01:00:00 AM,2,1,1
10/17/2016 02:00:00 AM,1,0,1
10/17/2016 03:00:00 AM,2,0,2
10/17/2016 04:00:00 AM,2,1,1
10/17/2016 05:00:00 AM,5,0,5
10/17/2016 06:00:00 AM,13,0,13
10/17/2016 07:00:00 AM,25,4,21
10/17/2016 08:00:00 AM,35,11,24
10/17/2016 09:00:00 AM,13,3,10
10/17/2016 10:00:00 AM,20,10,10
10/17/2016 11:00:00 AM,7,3,4
10/17/2016 12:00:00 PM,12,3,9
10/17/2016 01:00:00 PM,18,9,9
10/17/2016 02:00:00 PM,15,8,7
10/17/2016 03:00:00 PM,12,7,5
10/17/2016 04:00:00 PM,30,19,11
10/17/2016 05:00:00 PM,45,26,19
10/17/2016 06:00:00 PM,28,11,17
10/17/2016 07:00:00 PM,20,9,11
10/17/2016 08:00:00 PM,15,9,6
10/17/2016 09:00:00 PM,13,8,5
10/17/2016 10:00:00 PM,5,0,5
10/17/2016 11:00:00 PM,4,2,2
10/18/2016 12:00:00 AM,4,1,3
10/18/2016 01:00:00 AM,0,0,0
10/18/2016 02:00:00 AM,1,0,1
10/18/2016 03:00:00 AM,2,1,1
10/18/2016 04:00:00 AM,0,0,0
10/18/2016 05:00:00 AM,6,2,4
10/18/2016 06:00:00 AM,10,0,10
10/18/2016 07:00:00 AM,24,5,19
10/18/2016 08:00:00 AM,34,11,23
10/18/2016 09:00:00 AM,19,10,9
10/18/2016 10:00:00 AM,20,4,16
10/18/2016 11:00:00 AM,14,7,7
10/18/2016 12:00:00 PM,19,5,14
10/18/2016 01:00:00 PM,13,6,7
10/18/2016 02:00:00 PM,18,11,7
10/18/2016 03:00:00 PM,29,13,16
10/18/2016 04:00:00 PM,28,22,6
10/18/2016 05:00:00 PM,38,26,12
10/18/2016 06:00:00 PM,46,24,22
10/18/2016 07:00:00 PM,19,9,10
10/18/2016 08:00:00 PM,13,6,7
10/18/2016 09:00:00 PM,8,4,4
10/18/2016 10:00:00 PM,8,6,2
10/18/2016 11:00:00 PM,5,3,2
10/19/2016 12:00:00 AM,2,2,0
10/19/2016 01:00:00 AM,0,0,0
10/19/2016 02:00:00 AM,1,0,1
10/19/2016 03:00:00 AM,1,1,0
10/19/2016 04:00:00 AM,1,0,1
10/19/2016 05:00:00 AM,7,1,6
10/19/2016 06:00:00 AM,11,1,10
10/19/2016 07:00:00 AM,23,3,20
10/19/2016 08:00:00 AM,37,9,28
10/19/2016 09:00:00 AM,20,5,15
10/19/2016 10:00:00 AM,12,5,7
10/19/2016 11:00:00 AM,9,5,4
10/19/2016 12:00:00 PM,18,8,10
10/19/2016 01:00:00 PM,13,6,7
10/19/2016 02:00:00 PM,14,11,3
10/19/2016 03:00:00 PM,19,10,9
10/19/2016 04:00:00 PM,31,21,10
10/19/2016 05:00:00 PM,53,24,29
10/19/2016 06:00:00 PM,28,10,18
10/19/2016 07:00:00 PM,20,8,12
10/19/2016 08:00:00 PM,21,13,8
10/19/2016 09:00:00 PM,13,9,4
10/19/2016 10:00:00 PM,5,3,2
10/19/2016 11:00:00 PM,5,4,1
10/20/2016 12:00:00 AM,1,0,1
10/20/2016 01:00:00 AM,0,0,0
10/20/2016 02:00:00 AM,0,0,0
10/20/2016 03:00:00 AM,1,1,0
10/20/2016 04:00:00 AM,1,0,1
10/20/2016 05:00:00 AM,2,0,2
10/20/2016 06:00:00 AM,8,0,8
10/20/2016 07:00:00 AM,17,1,16
10/20/2016 08:00:00 AM,20,2,18
10/20/2016 09:00:00 AM,9,5,4
10/20/2016 10:00:00 AM,12,3,9
10/20/2016 11:00:00 AM,15,7,8
10/20/2016 12:00:00 PM,12,4,8
10/20/2016 01:00:00 PM,9,4,5
10/20/2016 02:00:00 PM,13,6,7
10/20/2016 03:00:00 PM,11,5,6
10/20/2016 04:00:00 PM,21,15,6
10/20/2016 05:00:00 PM,35,24,11
10/20/2016 06:00:00 PM,30,18,12
10/20/2016 07:00:00 PM,22,13,9
10/20/2016 08:00:00 PM,16,8,8
10/20/2016 09:00:00 PM,7,3,4
10/20/2016 10:00:00 PM,9,5,4
10/20/2016 11:00:00 PM,24,9,15
10/21/2016 12:00:00 AM,1,0,1
10/21/2016 01:00:00 AM,7,3,4
10/21/2016 02:00:00 AM,1,0,1
10/21/2016 03:00:00 AM,2,1,1
10/21/2016 04:00:00 AM,1,0,1
10/21/2016 05:00:00 AM,4,1,3
10/21/2016 06:00:00 AM,8,0,8
10/21/2016 07:00:00 AM,18,2,16
10/21/2016 08:00:00 AM,27,9,18
10/21/2016 09:00:00 AM,13,3,10
10/21/2016 10:00:00 AM,13,6,7
10/21/2016 11:00:00 AM,14,6,8
10/21/2016 12:00:00 PM,19,7,12
10/21/2016 01:00:00 PM,28,11,17
10/21/2016 02:00:00 PM,10,7,3
10/21/2016 03:00:00 PM,15,11,4
10/21/2016 04:00:00 PM,21,14,7
10/21/2016 05:00:00 PM,35,22,13
10/21/2016 06:00:00 PM,30,18,12
10/21/2016 07:00:00 PM,23,11,12
10/21/2016 08:00:00 PM,18,11,7
10/21/2016 09:00:00 PM,8,3,5
10/21/2016 10:00:00 PM,7,4,3
10/21/2016 11:00:00 PM,11,5,6
10/22/2016 12:00:00 AM,7,1,6
10/22/2016 01:00:00 AM,7,4,3
10/22/2016 02:00:00 AM,3,0,3
10/22/2016 03:00:00 AM,0,0,0
10/22/2016 04:00:00 AM,1,0,1
10/22/2016 05:00:00 AM,2,0,2
10/22/2016 06:00:00 AM,6,0,6
10/22/2016 07:00:00 AM,6,2,4
10/22/2016 08:00:00 AM,4,1,3
10/22/2016 09:00:00 AM,11,3,8
10/22/2016 10:00:00 AM,7,2,5
10/22/2016 11:00:00 AM,9,7,2
10/22/2016 12:00:00 PM,8,3,5
10/22/2016 01:00:00 PM,15,9,6
10/22/2016 02:00:00 PM,9,3,6
10/22/2016 03:00:00 PM,15,8,7
10/22/2016 04:00:00 PM,24,9,15
10/22/2016 05:00:00 PM,23,15,8
10/22/2016 06:00:00 PM,14,5,9
10/22/2016 07:00:00 PM,15,8,7
10/22/2016 08:00:00 PM,6,2,4
10/22/2016 09:00:00 PM,6,3,3
10/22/2016 10:00:00 PM,7,1,6
10/22/2016 11:00:00 PM,10,2,8
10/23/2016 12:00:00 AM,5,3,2
10/23/2016 01:00:00 AM,6,2,4
10/23/2016 02:00:00 AM,5,1,4
10/23/2016 03:00:00 AM,1,0,1
10/23/2016 04:00:00 AM,3,1,2
10/23/2016 05:00:00 AM,2,0,2
10/23/2016 06:00:00 AM,4,0,4
10/23/2016 07:00:00 AM,11,5,6
10/23/2016 08:00:00 AM,3,1,2
10/23/2016 09:00:00 AM,12,8,4
10/23/2016 10:00:00 AM,9,8,1
10/23/2016 11:00:00 AM,7,3,4
10/23/2016 12:00:00 PM,26,11,15
10/23/2016 01:00:00 PM,11,8,3
10/23/2016 02:00:00 PM,10,3,7
10/23/2016 03:00:00 PM,5,3,2
10/23/2016 04:00:00 PM,12,8,4
10/23/2016 05:00:00 PM,13,8,5
10/23/2016 06:00:00 PM,18,8,10
10/23/2016 07:00:00 PM,5,4,1
10/23/2016 08:00:00 PM,10,4,6
10/23/2016 09:00:00 PM,6,5,1
10/23/2016 10:00:00 PM,6,4,2
10/23/2016 11:00:00 PM,5,1,4
10/24/2016 12:00:00 AM,5,3,2
10/24/2016 01:00:00 AM,3,1,2
10/24/2016 02:00:00 AM,1,0,1
10/24/2016 03:00:00 AM,2,1,1
10/24/2016 04:00:00 AM,1,1,0
10/24/2016 05:00:00 AM,5,0,5
10/24/2016 06:00:00 AM,13,1,12
10/24/2016 07:00:00 AM,24,3,21
10/24/2016 08:00:00 AM,37,11,26
10/24/2016 09:00:00 AM,18,10,8
10/24/2016 10:00:00 AM,11,3,8
10/24/2016 11:00:00 AM,9,5,4
10/24/2016 12:00:00 PM,10,6,4
10/24/2016 01:00:00 PM,13,6,7
10/24/2016 02:00:00 PM,20,13,7
10/24/2016 03:00:00 PM,22,12,10
10/24/2016 04:00:00 PM,27,16,11
10/24/2016 05:00:00 PM,36,21,15
10/24/2016 06:00:00 PM,34,14,20
10/24/2016 07:00:00 PM,10,7,3
10/24/2016 08:00:00 PM,17,10,7
10/24/2016 09:00:00 PM,8,0,8
10/24/2016 10:00:00 PM,4,3,1
10/24/2016 11:00:00 PM,5,3,2
10/25/2016 12:00:00 AM,3,1,2
10/25/2016 01:00:00 AM,1,1,0
10/25/2016 02:00:00 AM,2,1,1
10/25/2016 03:00:00 AM,1,1,0
10/25/2016 04:00:00 AM,0,0,0
10/25/2016 05:00:00 AM,5,0,5
10/25/2016 06:00:00 AM,11,1,10
10/25/2016 07:00:00 AM,24,7,17
10/25/2016 08:00:00 AM,36,12,24
10/25/2016 09:00:00 AM,27,11,16
10/25/2016 10:00:00 AM,18,3,15
10/25/2016 11:00:00 AM,6,2,4
10/25/2016 12:00:00 PM,16,5,11
10/25/2016 01:00:00 PM,18,9,9
10/25/2016 02:00:00 PM,18,12,6
10/25/2016 03:00:00 PM,22,11,11
10/25/2016 04:00:00 PM,20,15,5
10/25/2016 05:00:00 PM,46,21,25
10/25/2016 06:00:00 PM,39,17,22
10/25/2016 07:00:00 PM,21,15,6
10/25/2016 08:00:00 PM,19,8,11
10/25/2016 09:00:00 PM,13,8,5
10/25/2016 10:00:00 PM,6,4,2
10/25/2016 11:00:00 PM,5,1,4
10/26/2016 12:00:00 AM,5,1,4
10/26/2016 01:00:00 AM,2,1,1
10/26/2016 02:00:00 AM,0,0,0
10/26/2016 03:00:00 AM,2,1,1
10/26/2016 04:00:00 AM,0,0,0
10/26/2016 05:00:00 AM,6,1,5
10/26/2016 06:00:00 AM,6,1,5
10/26/2016 07:00:00 AM,20,4,16
10/26/2016 08:00:00 AM,16,5,11
10/26/2016 09:00:00 AM,12,3,9
10/26/2016 10:00:00 AM,14,8,6
10/26/2016 11:00:00 AM,7,5,2
10/26/2016 12:00:00 PM,13,7,6
10/26/2016 01:00:00 PM,10,6,4
10/26/2016 02:00:00 PM,6,4,2
10/26/2016 03:00:00 PM,6,4,2
10/26/2016 04:00:00 PM,14,9,5
10/26/2016 05:00:00 PM,28,19,9
10/26/2016 06:00:00 PM,30,21,9
10/26/2016 07:00:00 PM,12,6,6
10/26/2016 08:00:00 PM,13,5,8
10/26/2016 09:00:00 PM,11,5,6
10/26/2016 10:00:00 PM,7,4,3
10/26/2016 11:00:00 PM,3,2,1
10/27/2016 12:00:00 AM,1,0,1
10/27/2016 01:00:00 AM,0,0,0
10/27/2016 02:00:00 AM,0,0,0
10/27/2016 03:00:00 AM,1,1,0
10/27/2016 04:00:00 AM,0,0,0
10/27/2016 05:00:00 AM,3,0,3
10/27/2016 06:00:00 AM,13,2,11
10/27/2016 07:00:00 AM,24,6,18
10/27/2016 08:00:00 AM,29,6,23
10/27/2016 09:00:00 AM,25,7,18
10/27/2016 10:00:00 AM,14,2,12
10/27/2016 11:00:00 AM,14,7,7
10/27/2016 12:00:00 PM,15,7,8
10/27/2016 01:00:00 PM,15,9,6
10/27/2016 02:00:00 PM,16,6,10
10/27/2016 03:00:00 PM,17,9,8
10/27/2016 04:00:00 PM,32,21,11
10/27/2016 05:00:00 PM,41,29,12
10/27/2016 06:00:00 PM,40,18,22
10/27/2016 07:00:00 PM,16,11,5
10/27/2016 08:00:00 PM,18,11,7
10/27/2016 09:00:00 PM,6,2,4
10/27/2016 10:00:00 PM,4,1,3
10/27/2016 11:00:00 PM,12,7,5
10/28/2016 12:00:00 AM,1,0,1
10/28/2016 01:00:00 AM,0,0,0
10/28/2016 02:00:00 AM,1,1,0
10/28/2016 03:00:00 AM,1,0,1
10/28/2016 04:00:00 AM,0,0,0
10/28/2016 05:00:00 AM,8,2,6
10/28/2016 06:00:00 AM,7,2,5
10/28/2016 07:00:00 AM,25,6,19
10/28/2016 08:00:00 AM,13,5,8
10/28/2016 09:00:00 AM,20,11,9
10/28/2016 10:00:00 AM,17,5,12
10/28/2016 11:00:00 AM,14,8,6
10/28/2016 12:00:00 PM,20,9,11
10/28/2016 01:00:00 PM,17,5,12
10/28/2016 02:00:00 PM,21,13,8
10/28/2016 03:00:00 PM,23,11,12
10/28/2016 04:00:00 PM,38,24,14
10/28/2016 05:00:00 PM,44,24,20
10/28/2016 06:00:00 PM,27,16,11
10/28/2016 07:00:00 PM,18,9,9
10/28/2016 08:00:00 PM,19,9,10
10/28/2016 09:00:00 PM,9,3,6
10/28/2016 10:00:00 PM,3,3,0
10/28/2016 11:00:00 PM,17,9,8
10/29/2016 12:00:00 AM,6,1,5
10/29/2016 01:00:00 AM,8,8,0
10/29/2016 02:00:00 AM,8,1,7
10/29/2016 03:00:00 AM,1,1,0
10/29/2016 04:00:00 AM,1,0,1
10/29/2016 05:00:00 AM,2,0,2
10/29/2016 06:00:00 AM,3,1,2
10/29/2016 07:00:00 AM,3,1,2
10/29/2016 08:00:00 AM,4,2,2
10/29/2016 09:00:00 AM,10,6,4
10/29/2016 10:00:00 AM,3,1,2
10/29/2016 11:00:00 AM,7,1,6
10/29/2016 12:00:00 PM,5,1,4
10/29/2016 01:00:00 PM,3,0,3
10/29/2016 02:00:00 PM,9,3,6
10/29/2016 03:00:00 PM,11,6,5
10/29/2016 04:00:00 PM,16,10,6
10/29/2016 05:00:00 PM,9,5,4
10/29/2016 06:00:00 PM,12,3,9
10/29/2016 07:00:00 PM,9,3,6
10/29/2016 08:00:00 PM,6,3,3
10/29/2016 09:00:00 PM,8,3,5
10/29/2016 10:00:00 PM,12,3,9
10/29/2016 11:00:00 PM,10,7,3
10/30/2016 12:00:00 AM,16,8,8
10/30/2016 01:00:00 AM,12,5,7
10/30/2016 02:00:00 AM,24,13,11
10/30/2016 03:00:00 AM,0,0,0
10/30/2016 04:00:00 AM,1,0,1
10/30/2016 05:00:00 AM,4,1,3
10/30/2016 06:00:00 AM,5,0,5
10/30/2016 07:00:00 AM,7,5,2
10/30/2016 08:00:00 AM,11,6,5
10/30/2016 09:00:00 AM,6,4,2
10/30/2016 10:00:00 AM,11,6,5
10/30/2016 11:00:00 AM,11,4,7
10/30/2016 12:00:00 PM,9,7,2
10/30/2016 01:00:00 PM,11,4,7
10/30/2016 02:00:00 PM,8,5,3
10/30/2016 03:00:00 PM,7,2,5
10/30/2016 04:00:00 PM,11,7,4
10/30/2016 05:00:00 PM,5,2,3
10/30/2016 06:00:00 PM,13,5,8
10/30/2016 07:00:00 PM,5,2,3
10/30/2016 08:00:00 PM,4,3,1
10/30/2016 09:00:00 PM,3,1,2
10/30/2016 10:00:00 PM,2,0,2
10/30/2016 11:00:00 PM,4,2,2
10/31/2016 12:00:00 AM,3,3,0
10/31/2016 01:00:00 AM,0,0,0
10/31/2016 02:00:00 AM,0,0,0
10/31/2016 03:00:00 AM,1,1,0
10/31/2016 04:00:00 AM,1,1,0
10/31/2016 05:00:00 AM,2,0,2
10/31/2016 06:00:00 AM,7,0,7
10/31/2016 07:00:00 AM,32,8,24
10/31/2016 08:00:00 AM,25,3,22
10/31/2016 09:00:00 AM,9,1,8
10/31/2016 10:00:00 AM,13,7,6
10/31/2016 11:00:00 AM,3,3,0
10/31/2016 12:00:00 PM,9,3,6
10/31/2016 01:00:00 PM,11,3,8
10/31/2016 02:00:00 PM,17,10,7
10/31/2016 03:00:00 PM,9,8,1
10/31/2016 04:00:00 PM,21,16,5
10/31/2016 05:00:00 PM,31,21,10
10/31/2016 06:00:00 PM,24,11,13
10/31/2016 07:00:00 PM,13,7,6
10/31/2016 08:00:00 PM,11,7,4
10/31/2016 09:00:00 PM,5,1,4
10/31/2016 10:00:00 PM,8,3,5
10/31/2016 11:00:00 PM,3,3,0
11/01/2016 12:00:00 AM,0,0,0
11/01/2016 01:00:00 AM,1,1,0
11/01/2016 02:00:00 AM,1,0,1
11/01/2016 03:00:00 AM,0,0,0
11/01/2016 04:00:00 AM,1,1,0
11/01/2016 05:00:00 AM,0,0,0
11/01/2016 06:00:00 AM,8,0,8
11/01/2016 07:00:00 AM,20,4,16
11/01/2016 08:00:00 AM,25,6,19
11/01/2016 09:00:00 AM,16,6,10
11/01/2016 10:00:00 AM,28,15,13
11/01/2016 11:00:00 AM,12,5,7
11/01/2016 12:00:00 PM,11,4,7
11/01/2016 01:00:00 PM,14,10,4
11/01/2016 02:00:00 PM,17,9,8
11/01/2016 03:00:00 PM,14,7,7
11/01/2016 04:00:00 PM,28,15,13
11/01/2016 05:00:00 PM,38,27,11
11/01/2016 06:00:00 PM,25,13,12
11/01/2016 07:00:00 PM,14,10,4
11/01/2016 08:00:00 PM,16,7,9
11/01/2016 09:00:00 PM,3,1,2
11/01/2016 10:00:00 PM,6,1,5
11/01/2016 11:00:00 PM,2,1,1
11/02/2016 12:00:00 AM,0,0,0
11/02/2016 01:00:00 AM,0,0,0
11/02/2016 02:00:00 AM,2,0,2
11/02/2016 03:00:00 AM,1,1,0
11/02/2016 04:00:00 AM,1,1,0
11/02/2016 05:00:00 AM,2,1,1
11/02/2016 06:00:00 AM,7,0,7
11/02/2016 07:00:00 AM,25,6,19
11/02/2016 08:00:00 AM,20,7,13
11/02/2016 09:00:00 AM,14,7,7
11/02/2016 10:00:00 AM,15,6,9
11/02/2016 11:00:00 AM,3,2,1
11/02/2016 12:00:00 PM,11,5,6
11/02/2016 01:00:00 PM,8,6,2
11/02/2016 02:00:00 PM,8,4,4
11/02/2016 03:00:00 PM,11,9,2
11/02/2016 04:00:00 PM,16,10,6
11/02/2016 05:00:00 PM,26,13,13
11/02/2016 06:00:00 PM,30,15,15
11/02/2016 07:00:00 PM,17,7,10
11/02/2016 08:00:00 PM,17,9,8
11/02/2016 09:00:00 PM,7,4,3
11/02/2016 10:00:00 PM,6,3,3
11/02/2016 11:00:00 PM,8,3,5
11/03/2016 12:00:00 AM,0,0,0
11/03/2016 01:00:00 AM,0,0,0
11/03/2016 02:00:00 AM,1,0,1
11/03/2016 03:00:00 AM,1,1,0
11/03/2016 04:00:00 AM,0,0,0
11/03/2016 05:00:00 AM,2,0,2
11/03/2016 06:00:00 AM,9,0,9
11/03/2016 07:00:00 AM,26,6,20
11/03/2016 08:00:00 AM,34,10,24
11/03/2016 09:00:00 AM,19,7,12
11/03/2016 10:00:00 AM,16,5,11
11/03/2016 11:00:00 AM,15,8,7
11/03/2016 12:00:00 PM,17,5,12
11/03/2016 01:00:00 PM,24,6,18
11/03/2016 02:00:00 PM,22,11,11
11/03/2016 03:00:00 PM,23,13,10
11/03/2016 04:00:00 PM,42,25,17
11/03/2016 05:00:00 PM,36,23,13
11/03/2016 06:00:00 PM,44,26,18
11/03/2016 07:00:00 PM,22,7,15
11/03/2016 08:00:00 PM,26,14,12
11/03/2016 09:00:00 PM,4,2,2
11/03/2016 10:00:00 PM,11,3,8
11/03/2016 11:00:00 PM,2,2,0
11/04/2016 12:00:00 AM,5,3,2
11/04/2016 01:00:00 AM,1,0,1
11/04/2016 02:00:00 AM,0,0,0
11/04/2016 03:00:00 AM,1,1,0
11/04/2016 04:00:00 AM,2,1,1
11/04/2016 05:00:00 AM,2,2,0
11/04/2016 06:00:00 AM,10,1,9
11/04/2016 07:00:00 AM,35,6,29
11/04/2016 08:00:00 AM,38,10,28
11/04/2016 09:00:00 AM,18,8,10
11/04/2016 10:00:00 AM,9,1,8
11/04/2016 11:00:00 AM,11,4,7
11/04/2016 12:00:00 PM,17,9,8
11/04/2016 01:00:00 PM,21,9,12
11/04/2016 02:00:00 PM,24,16,8
11/04/2016 03:00:00 PM,32,18,14
11/04/2016 04:00:00 PM,31,18,13
11/04/2016 05:00:00 PM,40,27,13
11/04/2016 06:00:00 PM,43,9,34
11/04/2016 07:00:00 PM,21,13,8
11/04/2016 08:00:00 PM,15,9,6
11/04/2016 09:00:00 PM,13,6,7
11/04/2016 10:00:00 PM,11,5,6
11/04/2016 11:00:00 PM,5,3,2
11/05/2016 12:00:00 AM,14,5,9
11/05/2016 01:00:00 AM,4,1,3
11/05/2016 02:00:00 AM,0,0,0
11/05/2016 03:00:00 AM,0,0,0
11/05/2016 04:00:00 AM,0,0,0
11/05/2016 05:00:00 AM,5,1,4
11/05/2016 06:00:00 AM,1,0,1
11/05/2016 07:00:00 AM,9,4,5
11/05/2016 08:00:00 AM,6,3,3
11/05/2016 09:00:00 AM,4,1,3
11/05/2016 10:00:00 AM,1,1,0
11/05/2016 11:00:00 AM,3,2,1
11/05/2016 12:00:00 PM,8,5,3
11/05/2016 01:00:00 PM,13,4,9
11/05/2016 02:00:00 PM,2,1,1
11/05/2016 03:00:00 PM,2,1,1
11/05/2016 04:00:00 PM,5,3,2
11/05/2016 05:00:00 PM,12,5,7
11/05/2016 06:00:00 PM,3,1,2
11/05/2016 07:00:00 PM,5,1,4
11/05/2016 08:00:00 PM,2,2,0
11/05/2016 09:00:00 PM,6,3,3
11/05/2016 10:00:00 PM,5,2,3
11/05/2016 11:00:00 PM,5,3,2
11/06/2016 12:00:00 AM,4,2,2
11/06/2016 01:00:00 AM,8,2,6
11/06/2016 02:00:00 AM,1,0,1
11/06/2016 03:00:00 AM,1,0,1
11/06/2016 04:00:00 AM,0,0,0
11/06/2016 05:00:00 AM,1,0,1
11/06/2016 06:00:00 AM,2,0,2
11/06/2016 07:00:00 AM,2,0,2
11/06/2016 08:00:00 AM,11,6,5
11/06/2016 09:00:00 AM,3,1,2
11/06/2016 10:00:00 AM,12,6,6
11/06/2016 11:00:00 AM,9,2,7
11/06/2016 12:00:00 PM,18,13,5
11/06/2016 01:00:00 PM,18,5,13
11/06/2016 02:00:00 PM,18,11,7
11/06/2016 03:00:00 PM,12,2,10
11/06/2016 04:00:00 PM,13,7,6
11/06/2016 05:00:00 PM,15,5,10
11/06/2016 06:00:00 PM,19,12,7
11/06/2016 07:00:00 PM,3,2,1
11/06/2016 08:00:00 PM,5,3,2
11/06/2016 09:00:00 PM,3,0,3
11/06/2016 10:00:00 PM,5,1,4
11/06/2016 11:00:00 PM,4,2,2
11/07/2016 12:00:00 AM,1,0,1
11/07/2016 01:00:00 AM,1,1,0
11/07/2016 02:00:00 AM,1,0,1
11/07/2016 03:00:00 AM,1,1,0
11/07/2016 04:00:00 AM,0,0,0
11/07/2016 05:00:00 AM,0,0,0
11/07/2016 06:00:00 AM,16,0,16
11/07/2016 07:00:00 AM,33,7,26
11/07/2016 08:00:00 AM,35,7,28
11/07/2016 09:00:00 AM,22,8,14
11/07/2016 10:00:00 AM,13,5,8
11/07/2016 11:00:00 AM,13,7,6
11/07/2016 12:00:00 PM,16,4,12
11/07/2016 01:00:00 PM,13,5,8
11/07/2016 02:00:00 PM,14,11,3
11/07/2016 03:00:00 PM,18,13,5
11/07/2016 04:00:00 PM,31,20,11
11/07/2016 05:00:00 PM,50,35,15
11/07/2016 06:00:00 PM,37,24,13
11/07/2016 07:00:00 PM,19,8,11
11/07/2016 08:00:00 PM,13,6,7
11/07/2016 09:00:00 PM,14,4,10
11/07/2016 10:00:00 PM,7,6,1
11/07/2016 11:00:00 PM,6,4,2
11/08/2016 12:00:00 AM,2,2,0
11/08/2016 01:00:00 AM,0,0,0
11/08/2016 02:00:00 AM,2,0,2
11/08/2016 03:00:00 AM,1,1,0
11/08/2016 04:00:00 AM,0,0,0
11/08/2016 05:00:00 AM,4,0,4
11/08/2016 06:00:00 AM,15,2,13
11/08/2016 07:00:00 AM,36,8,28
11/08/2016 08:00:00 AM,43,10,33
11/08/2016 09:00:00 AM,23,6,17
11/08/2016 10:00:00 AM,25,8,17
11/08/2016 11:00:00 AM,12,8,4
11/08/2016 12:00:00 PM,23,10,13
11/08/2016 01:00:00 PM,25,12,13
11/08/2016 02:00:00 PM,16,8,8
11/08/2016 03:00:00 PM,29,16,13
11/08/2016 04:00:00 PM,46,34,12
11/08/2016 05:00:00 PM,40,24,16
11/08/2016 06:00:00 PM,39,16,23
11/08/2016 07:00:00 PM,20,6,14
11/08/2016 08:00:00 PM,13,7,6
11/08/2016 09:00:00 PM,10,3,7
11/08/2016 10:00:00 PM,9,4,5
11/08/2016 11:00:00 PM,7,5,2
11/09/2016 12:00:00 AM,1,1,0
11/09/2016 01:00:00 AM,2,1,1
11/09/2016 02:00:00 AM,3,2,1
11/09/2016 03:00:00 AM,1,1,0
11/09/2016 04:00:00 AM,1,0,1
11/09/2016 05:00:00 AM,6,0,6
11/09/2016 06:00:00 AM,15,1,14
11/09/2016 07:00:00 AM,25,5,20
11/09/2016 08:00:00 AM,32,8,24
11/09/2016 09:00:00 AM,13,7,6
11/09/2016 10:00:00 AM,15,2,13
11/09/2016 11:00:00 AM,4,2,2
11/09/2016 12:00:00 PM,18,10,8
11/09/2016 01:00:00 PM,16,10,6
11/09/2016 02:00:00 PM,16,13,3
11/09/2016 03:00:00 PM,22,12,10
11/09/2016 04:00:00 PM,23,15,8
11/09/2016 05:00:00 PM,44,28,16
11/09/2016 06:00:00 PM,32,18,14
11/09/2016 07:00:00 PM,18,7,11
11/09/2016 08:00:00 PM,14,7,7
11/09/2016 09:00:00 PM,10,7,3
11/09/2016 10:00:00 PM,6,3,3
11/09/2016 11:00:00 PM,5,3,2
11/10/2016 12:00:00 AM,3,1,2
11/10/2016 01:00:00 AM,5,2,3
11/10/2016 02:00:00 AM,1,0,1
11/10/2016 03:00:00 AM,0,0,0
11/10/2016 04:00:00 AM,3,1,2
11/10/2016 05:00:00 AM,6,1,5
11/10/2016 06:00:00 AM,14,1,13
11/10/2016 07:00:00 AM,29,5,24
11/10/2016 08:00:00 AM,40,12,28
11/10/2016 09:00:00 AM,17,7,10
11/10/2016 10:00:00 AM,18,5,13
11/10/2016 11:00:00 AM,15,6,9
11/10/2016 12:00:00 PM,29,9,20
11/10/2016 01:00:00 PM,21,10,11
11/10/2016 02:00:00 PM,24,12,12
11/10/2016 03:00:00 PM,17,8,9
11/10/2016 04:00:00 PM,38,22,16
11/10/2016 05:00:00 PM,57,36,21
11/10/2016 06:00:00 PM,35,18,17
11/10/2016 07:00:00 PM,23,13,10
11/10/2016 08:00:00 PM,17,8,9
11/10/2016 09:00:00 PM,17,11,6
11/10/2016 10:00:00 PM,8,6,2
11/10/2016 11:00:00 PM,20,11,9
11/11/2016 12:00:00 AM,7,2,5
11/11/2016 01:00:00 AM,0,0,0
11/11/2016 02:00:00 AM,6,1,5
11/11/2016 03:00:00 AM,1,1,0
11/11/2016 04:00:00 AM,2,1,1
11/11/2016 05:00:00 AM,3,0,3
11/11/2016 06:00:00 AM,20,2,18
11/11/2016 07:00:00 AM,17,1,16
11/11/2016 08:00:00 AM,19,6,13
11/11/2016 09:00:00 AM,19,9,10
11/11/2016 10:00:00 AM,12,8,4
11/11/2016 11:00:00 AM,17,11,6
11/11/2016 12:00:00 PM,8,3,5
11/11/2016 01:00:00 PM,23,10,13
11/11/2016 02:00:00 PM,22,11,11
11/11/2016 03:00:00 PM,19,9,10
11/11/2016 04:00:00 PM,31,17,14
11/11/2016 05:00:00 PM,40,23,17
11/11/2016 06:00:00 PM,27,12,15
11/11/2016 07:00:00 PM,12,3,9
11/11/2016 08:00:00 PM,11,6,5
11/11/2016 09:00:00 PM,8,4,4
11/11/2016 10:00:00 PM,4,2,2
11/11/2016 11:00:00 PM,8,4,4
11/12/2016 12:00:00 AM,16,4,12
11/12/2016 01:00:00 AM,6,2,4
11/12/2016 02:00:00 AM,2,2,0
11/12/2016 03:00:00 AM,2,0,2
11/12/2016 04:00:00 AM,3,0,3
11/12/2016 05:00:00 AM,3,0,3
11/12/2016 06:00:00 AM,7,2,5
11/12/2016 07:00:00 AM,8,3,5
11/12/2016 08:00:00 AM,6,1,5
11/12/2016 09:00:00 AM,5,2,3
11/12/2016 10:00:00 AM,4,2,2
11/12/2016 11:00:00 AM,14,12,2
11/12/2016 12:00:00 PM,10,6,4
11/12/2016 01:00:00 PM,18,11,7
11/12/2016 02:00:00 PM,11,7,4
11/12/2016 03:00:00 PM,16,5,11
11/12/2016 04:00:00 PM,12,6,6
11/12/2016 05:00:00 PM,11,5,6
11/12/2016 06:00:00 PM,11,4,7
11/12/2016 07:00:00 PM,11,5,6
11/12/2016 08:00:00 PM,15,9,6
11/12/2016 09:00:00 PM,10,3,7
11/12/2016 10:00:00 PM,10,5,5
11/12/2016 11:00:00 PM,5,2,3
11/13/2016 12:00:00 AM,5,3,2
11/13/2016 01:00:00 AM,6,2,4
11/13/2016 02:00:00 AM,6,0,6
11/13/2016 03:00:00 AM,0,0,0
11/13/2016 04:00:00 AM,2,0,2
11/13/2016 05:00:00 AM,2,0,2
11/13/2016 06:00:00 AM,4,0,4
11/13/2016 07:00:00 AM,6,2,4
11/13/2016 08:00:00 AM,7,4,3
11/13/2016 09:00:00 AM,2,0,2
11/13/2016 10:00:00 AM,4,4,0
11/13/2016 11:00:00 AM,9,7,2
11/13/2016 12:00:00 PM,10,3,7
11/13/2016 01:00:00 PM,10,7,3
11/13/2016 02:00:00 PM,11,7,4
11/13/2016 03:00:00 PM,5,2,3
11/13/2016 04:00:00 PM,11,4,7
11/13/2016 05:00:00 PM,7,3,4
11/13/2016 06:00:00 PM,17,12,5
11/13/2016 07:00:00 PM,8,6,2
11/13/2016 08:00:00 PM,5,1,4
11/13/2016 09:00:00 PM,5,4,1
11/13/2016 10:00:00 PM,3,0,3
11/13/2016 11:00:00 PM,2,2,0
11/14/2016 12:00:00 AM,1,0,1
11/14/2016 01:00:00 AM,0,0,0
11/14/2016 02:00:00 AM,1,0,1
11/14/2016 03:00:00 AM,1,1,0
11/14/2016 04:00:00 AM,0,0,0
11/14/2016 05:00:00 AM,3,0,3
11/14/2016 06:00:00 AM,13,0,13
11/14/2016 07:00:00 AM,25,2,23
11/14/2016 08:00:00 AM,42,13,29
11/14/2016 09:00:00 AM,13,4,9
11/14/2016 10:00:00 AM,15,5,10
11/14/2016 11:00:00 AM,8,2,6
11/14/2016 12:00:00 PM,17,8,9
11/14/2016 01:00:00 PM,14,7,7
11/14/2016 02:00:00 PM,26,11,15
11/14/2016 03:00:00 PM,22,12,10
11/14/2016 04:00:00 PM,38,22,16
11/14/2016 05:00:00 PM,61,37,24
11/14/2016 06:00:00 PM,27,15,12
11/14/2016 07:00:00 PM,17,8,9
11/14/2016 08:00:00 PM,17,7,10
11/14/2016 09:00:00 PM,15,7,8
11/14/2016 10:00:00 PM,6,3,3
11/14/2016 11:00:00 PM,1,1,0
11/15/2016 12:00:00 AM,1,1,0
11/15/2016 01:00:00 AM,0,0,0
11/15/2016 02:00:00 AM,0,0,0
11/15/2016 03:00:00 AM,1,1,0
11/15/2016 04:00:00 AM,1,0,1
11/15/2016 05:00:00 AM,2,1,1
11/15/2016 06:00:00 AM,7,1,6
11/15/2016 07:00:00 AM,30,7,23
11/15/2016 08:00:00 AM,35,10,25
11/15/2016 09:00:00 AM,19,8,11
11/15/2016 10:00:00 AM,13,4,9
11/15/2016 11:00:00 AM,16,5,11
11/15/2016 12:00:00 PM,16,3,13
11/15/2016 01:00:00 PM,23,12,11
11/15/2016 02:00:00 PM,17,7,10
11/15/2016 03:00:00 PM,22,12,10
11/15/2016 04:00:00 PM,24,17,7
11/15/2016 05:00:00 PM,47,33,14
11/15/2016 06:00:00 PM,31,17,14
11/15/2016 07:00:00 PM,13,6,7
11/15/2016 08:00:00 PM,11,6,5
11/15/2016 09:00:00 PM,4,1,3
11/15/2016 10:00:00 PM,5,3,2
11/15/2016 11:00:00 PM,5,3,2
11/16/2016 12:00:00 AM,0,0,0
11/16/2016 01:00:00 AM,1,1,0
11/16/2016 02:00:00 AM,1,0,1
11/16/2016 03:00:00 AM,0,0,0
11/16/2016 04:00:00 AM,2,1,1
11/16/2016 05:00:00 AM,6,0,6
11/16/2016 06:00:00 AM,11,0,11
11/16/2016 07:00:00 AM,31,7,24
11/16/2016 08:00:00 AM,45,16,29
11/16/2016 09:00:00 AM,18,7,11
11/16/2016 10:00:00 AM,10,4,6
11/16/2016 11:00:00 AM,15,5,10
11/16/2016 12:00:00 PM,14,4,10
11/16/2016 01:00:00 PM,14,6,8
11/16/2016 02:00:00 PM,18,11,7
11/16/2016 03:00:00 PM,22,14,8
11/16/2016 04:00:00 PM,27,18,9
11/16/2016 05:00:00 PM,54,36,18
11/16/2016 06:00:00 PM,38,23,15
11/16/2016 07:00:00 PM,20,7,13
11/16/2016 08:00:00 PM,18,7,11
11/16/2016 09:00:00 PM,13,6,7
11/16/2016 10:00:00 PM,5,3,2
11/16/2016 11:00:00 PM,3,1,2
11/17/2016 12:00:00 AM,2,2,0
11/17/2016 01:00:00 AM,1,1,0
11/17/2016 02:00:00 AM,2,1,1
11/17/2016 03:00:00 AM,1,0,1
11/17/2016 04:00:00 AM,0,0,0
11/17/2016 05:00:00 AM,5,1,4
11/17/2016 06:00:00 AM,12,2,10
11/17/2016 07:00:00 AM,34,9,25
11/17/2016 08:00:00 AM,31,15,16
11/17/2016 09:00:00 AM,18,7,11
11/17/2016 10:00:00 AM,12,3,9
11/17/2016 11:00:00 AM,9,6,3
11/17/2016 12:00:00 PM,18,8,10
11/17/2016 01:00:00 PM,15,6,9
11/17/2016 02:00:00 PM,25,12,13
11/17/2016 03:00:00 PM,10,3,7
11/17/2016 04:00:00 PM,25,15,10
11/17/2016 05:00:00 PM,47,31,16
11/17/2016 06:00:00 PM,39,19,20
11/17/2016 07:00:00 PM,6,5,1
11/17/2016 08:00:00 PM,0,0,0
11/17/2016 09:00:00 PM,4,1,3
11/17/2016 10:00:00 PM,1,0,1
11/17/2016 11:00:00 PM,10,3,7
11/18/2016 12:00:00 AM,5,1,4
11/18/2016 01:00:00 AM,6,3,3
11/18/2016 02:00:00 AM,2,0,2
11/18/2016 03:00:00 AM,0,0,0
11/18/2016 04:00:00 AM,1,0,1
11/18/2016 05:00:00 AM,4,1,3
11/18/2016 06:00:00 AM,11,2,9
11/18/2016 07:00:00 AM,26,6,20
11/18/2016 08:00:00 AM,38,17,21
11/18/2016 09:00:00 AM,15,6,9
11/18/2016 10:00:00 AM,9,3,6
11/18/2016 11:00:00 AM,9,3,6
11/18/2016 12:00:00 PM,19,7,12
11/18/2016 01:00:00 PM,16,12,4
11/18/2016 02:00:00 PM,18,13,5
11/18/2016 03:00:00 PM,17,12,5
11/18/2016 04:00:00 PM,20,12,8
11/18/2016 05:00:00 PM,58,35,23
11/18/2016 06:00:00 PM,29,13,16
11/18/2016 07:00:00 PM,23,11,12
11/18/2016 08:00:00 PM,19,11,8
11/18/2016 09:00:00 PM,9,4,5
11/18/2016 10:00:00 PM,6,2,4
11/18/2016 11:00:00 PM,7,4,3
11/19/2016 12:00:00 AM,11,7,4
11/19/2016 01:00:00 AM,6,0,6
11/19/2016 02:00:00 AM,0,0,0
11/19/2016 03:00:00 AM,1,0,1
11/19/2016 04:00:00 AM,0,0,0
11/19/2016 05:00:00 AM,4,1,3
11/19/2016 06:00:00 AM,1,0,1
11/19/2016 07:00:00 AM,5,2,3
11/19/2016 08:00:00 AM,3,1,2
11/19/2016 09:00:00 AM,6,2,4
11/19/2016 10:00:00 AM,6,3,3
11/19/2016 11:00:00 AM,8,4,4
11/19/2016 12:00:00 PM,20,11,9
11/19/2016 01:00:00 PM,17,7,10
11/19/2016 02:00:00 PM,10,2,8
11/19/2016 03:00:00 PM,14,8,6
11/19/2016 04:00:00 PM,16,12,4
11/19/2016 05:00:00 PM,11,5,6
11/19/2016 06:00:00 PM,14,5,9
11/19/2016 07:00:00 PM,12,4,8
11/19/2016 08:00:00 PM,12,1,11
11/19/2016 09:00:00 PM,9,7,2
11/19/2016 10:00:00 PM,10,5,5
11/19/2016 11:00:00 PM,7,3,4
11/20/2016 12:00:00 AM,1,1,0
11/20/2016 01:00:00 AM,6,1,5
11/20/2016 02:00:00 AM,6,1,5
11/20/2016 03:00:00 AM,2,0,2
11/20/2016 04:00:00 AM,0,0,0
11/20/2016 05:00:00 AM,1,0,1
11/20/2016 06:00:00 AM,3,0,3
11/20/2016 07:00:00 AM,7,2,5
11/20/2016 08:00:00 AM,4,2,2
11/20/2016 09:00:00 AM,8,3,5
11/20/2016 10:00:00 AM,6,3,3
11/20/2016 11:00:00 AM,8,4,4
11/20/2016 12:00:00 PM,13,9,4
11/20/2016 01:00:00 PM,12,5,7
11/20/2016 02:00:00 PM,4,2,2
11/20/2016 03:00:00 PM,7,6,1
11/20/2016 04:00:00 PM,16,6,10
11/20/2016 05:00:00 PM,8,3,5
11/20/2016 06:00:00 PM,13,7,6
11/20/2016 07:00:00 PM,12,6,6
11/20/2016 08:00:00 PM,6,1,5
11/20/2016 09:00:00 PM,6,3,3
11/20/2016 10:00:00 PM,10,5,5
11/20/2016 11:00:00 PM,3,0,3
11/21/2016 12:00:00 AM,2,0,2
11/21/2016 01:00:00 AM,1,1,0
11/21/2016 02:00:00 AM,1,0,1
11/21/2016 03:00:00 AM,0,0,0
11/21/2016 04:00:00 AM,1,1,0
11/21/2016 05:00:00 AM,3,0,3
11/21/2016 06:00:00 AM,14,1,13
11/21/2016 07:00:00 AM,38,9,29
11/21/2016 08:00:00 AM,36,13,23
11/21/2016 09:00:00 AM,22,11,11
11/21/2016 10:00:00 AM,16,8,8
11/21/2016 11:00:00 AM,12,3,9
11/21/2016 12:00:00 PM,12,5,7
11/21/2016 01:00:00 PM,9,3,6
11/21/2016 02:00:00 PM,15,11,4
11/21/2016 03:00:00 PM,19,10,9
11/21/2016 04:00:00 PM,27,19,8
11/21/2016 05:00:00 PM,44,25,19
11/21/2016 06:00:00 PM,35,20,15
11/21/2016 07:00:00 PM,31,16,15
11/21/2016 08:00:00 PM,18,8,10
11/21/2016 09:00:00 PM,6,2,4
11/21/2016 10:00:00 PM,7,2,5
11/21/2016 11:00:00 PM,6,2,4
11/22/2016 12:00:00 AM,3,1,2
11/22/2016 01:00:00 AM,1,0,1
11/22/2016 02:00:00 AM,0,0,0
11/22/2016 03:00:00 AM,0,0,0
11/22/2016 04:00:00 AM,0,0,0
11/22/2016 05:00:00 AM,4,0,4
11/22/2016 06:00:00 AM,9,1,8
11/22/2016 07:00:00 AM,25,3,22
11/22/2016 08:00:00 AM,23,8,15
11/22/2016 09:00:00 AM,26,11,15
11/22/2016 10:00:00 AM,18,8,10
11/22/2016 11:00:00 AM,5,3,2
11/22/2016 12:00:00 PM,20,5,15
11/22/2016 01:00:00 PM,16,7,9
11/22/2016 02:00:00 PM,6,3,3
11/22/2016 03:00:00 PM,19,8,11
11/22/2016 04:00:00 PM,21,16,5
11/22/2016 05:00:00 PM,27,20,7
11/22/2016 06:00:00 PM,26,15,11
11/22/2016 07:00:00 PM,9,6,3
11/22/2016 08:00:00 PM,5,3,2
11/22/2016 09:00:00 PM,6,2,4
11/22/2016 10:00:00 PM,4,0,4
11/22/2016 11:00:00 PM,7,5,2
11/23/2016 12:00:00 AM,3,1,2
11/23/2016 01:00:00 AM,0,0,0
11/23/2016 02:00:00 AM,1,0,1
11/23/2016 03:00:00 AM,0,0,0
11/23/2016 04:00:00 AM,0,0,0
11/23/2016 05:00:00 AM,3,0,3
11/23/2016 06:00:00 AM,12,1,11
11/23/2016 07:00:00 AM,26,4,22
11/23/2016 08:00:00 AM,28,9,19
11/23/2016 09:00:00 AM,14,7,7
11/23/2016 10:00:00 AM,11,6,5
11/23/2016 11:00:00 AM,10,4,6
11/23/2016 12:00:00 PM,15,9,6
11/23/2016 01:00:00 PM,21,12,9
11/23/2016 02:00:00 PM,15,6,9
11/23/2016 03:00:00 PM,13,9,4
11/23/2016 04:00:00 PM,21,15,6
11/23/2016 05:00:00 PM,32,23,9
11/23/2016 06:00:00 PM,18,11,7
11/23/2016 07:00:00 PM,14,6,8
11/23/2016 08:00:00 PM,5,2,3
11/23/2016 09:00:00 PM,8,4,4
11/23/2016 10:00:00 PM,9,9,0
11/23/2016 11:00:00 PM,5,1,4
11/24/2016 12:00:00 AM,6,4,2
11/24/2016 01:00:00 AM,5,0,5
11/24/2016 02:00:00 AM,1,0,1
11/24/2016 03:00:00 AM,0,0,0
11/24/2016 04:00:00 AM,0,0,0
11/24/2016 05:00:00 AM,2,0,2
11/24/2016 06:00:00 AM,0,0,0
11/24/2016 07:00:00 AM,4,1,3
11/24/2016 08:00:00 AM,3,3,0
11/24/2016 09:00:00 AM,3,1,2
11/24/2016 10:00:00 AM,1,1,0
11/24/2016 11:00:00 AM,0,0,0
11/24/2016 12:00:00 PM,1,1,0
11/24/2016 01:00:00 PM,3,2,1
11/24/2016 02:00:00 PM,5,4,1
11/24/2016 03:00:00 PM,0,0,0
11/24/2016 04:00:00 PM,3,0,3
11/24/2016 05:00:00 PM,0,0,0
11/24/2016 06:00:00 PM,1,1,0
11/24/2016 07:00:00 PM,2,2,0
11/24/2016 08:00:00 PM,0,0,0
11/24/2016 09:00:00 PM,2,1,1
11/24/2016 10:00:00 PM,1,0,1
11/24/2016 11:00:00 PM,3,3,0
11/25/2016 12:00:00 AM,1,1,0
11/25/2016 01:00:00 AM,0,0,0
11/25/2016 02:00:00 AM,0,0,0
11/25/2016 03:00:00 AM,0,0,0
11/25/2016 04:00:00 AM,0,0,0
11/25/2016 05:00:00 AM,4,0,4
11/25/2016 06:00:00 AM,6,1,5
11/25/2016 07:00:00 AM,3,1,2
11/25/2016 08:00:00 AM,5,3,2
11/25/2016 09:00:00 AM,5,1,4
11/25/2016 10:00:00 AM,11,6,5
11/25/2016 11:00:00 AM,8,2,6
11/25/2016 12:00:00 PM,18,4,14
11/25/2016 01:00:00 PM,8,1,7
11/25/2016 02:00:00 PM,6,5,1
11/25/2016 03:00:00 PM,14,6,8
11/25/2016 04:00:00 PM,11,5,6
11/25/2016 05:00:00 PM,14,7,7
11/25/2016 06:00:00 PM,4,1,3
11/25/2016 07:00:00 PM,5,3,2
11/25/2016 08:00:00 PM,5,4,1
11/25/2016 09:00:00 PM,8,3,5
11/25/2016 10:00:00 PM,2,1,1
11/25/2016 11:00:00 PM,3,1,2
11/26/2016 12:00:00 AM,11,7,4
11/26/2016 01:00:00 AM,4,2,2
11/26/2016 02:00:00 AM,3,2,1
11/26/2016 03:00:00 AM,2,0,2
11/26/2016 04:00:00 AM,1,0,1
11/26/2016 05:00:00 AM,3,0,3
11/26/2016 06:00:00 AM,4,0,4
11/26/2016 07:00:00 AM,7,3,4
11/26/2016 08:00:00 AM,2,1,1
11/26/2016 09:00:00 AM,3,1,2
11/26/2016 10:00:00 AM,0,0,0
11/26/2016 11:00:00 AM,5,3,2
11/26/2016 12:00:00 PM,4,2,2
11/26/2016 01:00:00 PM,5,1,4
11/26/2016 02:00:00 PM,7,5,2
11/26/2016 03:00:00 PM,10,3,7
11/26/2016 04:00:00 PM,7,6,1
11/26/2016 05:00:00 PM,6,3,3
11/26/2016 06:00:00 PM,7,3,4
11/26/2016 07:00:00 PM,8,4,4
11/26/2016 08:00:00 PM,5,1,4
11/26/2016 09:00:00 PM,9,3,6
11/26/2016 10:00:00 PM,5,2,3
11/26/2016 11:00:00 PM,5,3,2
11/27/2016 12:00:00 AM,3,1,2
11/27/2016 01:00:00 AM,3,2,1
11/27/2016 02:00:00 AM,0,0,0
11/27/2016 03:00:00 AM,1,0,1
11/27/2016 04:00:00 AM,0,0,0
11/27/2016 05:00:00 AM,2,0,2
11/27/2016 06:00:00 AM,1,0,1
11/27/2016 07:00:00 AM,8,5,3
11/27/2016 08:00:00 AM,9,3,6
11/27/2016 09:00:00 AM,4,2,2
11/27/2016 10:00:00 AM,8,6,2
11/27/2016 11:00:00 AM,4,3,1
11/27/2016 12:00:00 PM,2,1,1
11/27/2016 01:00:00 PM,7,4,3
11/27/2016 02:00:00 PM,6,5,1
11/27/2016 03:00:00 PM,6,1,5
11/27/2016 04:00:00 PM,11,4,7
11/27/2016 05:00:00 PM,6,3,3
11/27/2016 06:00:00 PM,5,2,3
11/27/2016 07:00:00 PM,7,3,4
11/27/2016 08:00:00 PM,3,0,3
11/27/2016 09:00:00 PM,6,4,2
11/27/2016 10:00:00 PM,1,0,1
11/27/2016 11:00:00 PM,2,0,2
11/28/2016 12:00:00 AM,2,0,2
11/28/2016 01:00:00 AM,0,0,0
11/28/2016 02:00:00 AM,1,1,0
11/28/2016 03:00:00 AM,0,0,0
11/28/2016 04:00:00 AM,0,0,0
11/28/2016 05:00:00 AM,4,0,4
11/28/2016 06:00:00 AM,15,1,14
11/28/2016 07:00:00 AM,24,2,22
11/28/2016 08:00:00 AM,32,6,26
11/28/2016 09:00:00 AM,22,11,11
11/28/2016 10:00:00 AM,15,5,10
11/28/2016 11:00:00 AM,11,2,9
11/28/2016 12:00:00 PM,18,8,10
11/28/2016 01:00:00 PM,18,11,7
11/28/2016 02:00:00 PM,15,8,7
11/28/2016 03:00:00 PM,23,14,9
11/28/2016 04:00:00 PM,27,21,6
11/28/2016 05:00:00 PM,41,26,15
11/28/2016 06:00:00 PM,34,21,13
11/28/2016 07:00:00 PM,11,5,6
11/28/2016 08:00:00 PM,13,7,6
11/28/2016 09:00:00 PM,12,6,6
11/28/2016 10:00:00 PM,2,0,2
11/28/2016 11:00:00 PM,2,2,0
11/29/2016 12:00:00 AM,4,3,1
11/29/2016 01:00:00 AM,0,0,0
11/29/2016 02:00:00 AM,0,0,0
11/29/2016 03:00:00 AM,1,1,0
11/29/2016 04:00:00 AM,1,0,1
11/29/2016 05:00:00 AM,7,2,5
11/29/2016 06:00:00 AM,10,0,10
11/29/2016 07:00:00 AM,29,7,22
11/29/2016 08:00:00 AM,26,5,21
11/29/2016 09:00:00 AM,23,12,11
11/29/2016 10:00:00 AM,16,3,13
11/29/2016 11:00:00 AM,10,6,4
11/29/2016 12:00:00 PM,16,8,8
11/29/2016 01:00:00 PM,11,6,5
11/29/2016 02:00:00 PM,14,10,4
11/29/2016 03:00:00 PM,19,10,9
11/29/2016 04:00:00 PM,26,21,5
11/29/2016 05:00:00 PM,44,23,21
11/29/2016 06:00:00 PM,37,19,18
11/29/2016 07:00:00 PM,16,9,7
11/29/2016 08:00:00 PM,20,6,14
11/29/2016 09:00:00 PM,7,5,2
11/29/2016 10:00:00 PM,9,4,5
11/29/2016 11:00:00 PM,2,1,1
11/30/2016 12:00:00 AM,1,0,1
11/30/2016 01:00:00 AM,0,0,0
11/30/2016 02:00:00 AM,0,0,0
11/30/2016 03:00:00 AM,0,0,0
11/30/2016 04:00:00 AM,1,0,1
11/30/2016 05:00:00 AM,6,2,4
11/30/2016 06:00:00 AM,16,2,14
11/30/2016 07:00:00 AM,28,5,23
11/30/2016 08:00:00 AM,29,14,15
11/30/2016 09:00:00 AM,20,6,14
11/30/2016 10:00:00 AM,12,4,8
11/30/2016 11:00:00 AM,12,1,11
11/30/2016 12:00:00 PM,8,3,5
11/30/2016 01:00:00 PM,17,9,8
11/30/2016 02:00:00 PM,15,8,7
11/30/2016 03:00:00 PM,16,10,6
11/30/2016 04:00:00 PM,25,15,10
11/30/2016 05:00:00 PM,36,25,11
11/30/2016 06:00:00 PM,41,22,19
11/30/2016 07:00:00 PM,15,7,8
11/30/2016 08:00:00 PM,14,10,4
11/30/2016 09:00:00 PM,9,7,2
11/30/2016 10:00:00 PM,11,5,6
11/30/2016 11:00:00 PM,6,4,2
12/01/2016 12:00:00 AM,1,1,0
12/01/2016 01:00:00 AM,2,1,1
12/01/2016 02:00:00 AM,1,1,0
12/01/2016 03:00:00 AM,2,1,1
12/01/2016 04:00:00 AM,6,1,5
12/01/2016 05:00:00 AM,4,0,4
12/01/2016 06:00:00 AM,12,1,11
12/01/2016 07:00:00 AM,21,7,14
12/01/2016 08:00:00 AM,30,14,16
12/01/2016 09:00:00 AM,15,6,9
12/01/2016 10:00:00 AM,16,7,9
12/01/2016 11:00:00 AM,15,5,10
12/01/2016 12:00:00 PM,18,10,8
12/01/2016 01:00:00 PM,13,8,5
12/01/2016 02:00:00 PM,16,9,7
12/01/2016 03:00:00 PM,19,9,10
12/01/2016 04:00:00 PM,25,13,12
12/01/2016 05:00:00 PM,43,26,17
12/01/2016 06:00:00 PM,39,29,10
12/01/2016 07:00:00 PM,32,21,11
12/01/2016 08:00:00 PM,12,7,5
12/01/2016 09:00:00 PM,12,5,7
12/01/2016 10:00:00 PM,6,0,6
12/01/2016 11:00:00 PM,2,1,1
12/02/2016 12:00:00 AM,3,1,2
12/02/2016 01:00:00 AM,1,0,1
12/02/2016 02:00:00 AM,0,0,0
12/02/2016 03:00:00 AM,0,0,0
12/02/2016 04:00:00 AM,1,0,1
12/02/2016 05:00:00 AM,4,2,2
12/02/2016 06:00:00 AM,13,1,12
12/02/2016 07:00:00 AM,22,4,18
12/02/2016 08:00:00 AM,12,3,9
12/02/2016 09:00:00 AM,12,6,6
12/02/2016 10:00:00 AM,8,2,6
12/02/2016 11:00:00 AM,10,4,6
12/02/2016 12:00:00 PM,17,9,8
12/02/2016 01:00:00 PM,12,4,8
12/02/2016 02:00:00 PM,16,5,11
12/02/2016 03:00:00 PM,16,9,7
12/02/2016 04:00:00 PM,28,16,12
12/02/2016 05:00:00 PM,27,18,9
12/02/2016 06:00:00 PM,17,9,8
12/02/2016 07:00:00 PM,12,8,4
12/02/2016 08:00:00 PM,11,5,6
12/02/2016 09:00:00 PM,1,1,0
12/02/2016 10:00:00 PM,4,2,2
12/02/2016 11:00:00 PM,8,2,6
12/03/2016 12:00:00 AM,1,0,1
12/03/2016 01:00:00 AM,3,1,2
12/03/2016 02:00:00 AM,1,1,0
12/03/2016 03:00:00 AM,1,0,1
12/03/2016 04:00:00 AM,0,0,0
12/03/2016 05:00:00 AM,1,0,1
12/03/2016 06:00:00 AM,7,1,6
12/03/2016 07:00:00 AM,6,1,5
12/03/2016 08:00:00 AM,4,1,3
12/03/2016 09:00:00 AM,0,0,0
12/03/2016 10:00:00 AM,7,3,4
12/03/2016 11:00:00 AM,9,5,4
12/03/2016 12:00:00 PM,6,3,3
12/03/2016 01:00:00 PM,15,6,9
12/03/2016 02:00:00 PM,13,4,9
12/03/2016 03:00:00 PM,9,5,4
12/03/2016 04:00:00 PM,8,4,4
12/03/2016 05:00:00 PM,9,6,3
12/03/2016 06:00:00 PM,9,6,3
12/03/2016 07:00:00 PM,9,6,3
12/03/2016 08:00:00 PM,3,1,2
12/03/2016 09:00:00 PM,2,1,1
12/03/2016 10:00:00 PM,2,1,1
12/03/2016 11:00:00 PM,5,1,4
12/04/2016 12:00:00 AM,8,3,5
12/04/2016 01:00:00 AM,3,1,2
12/04/2016 02:00:00 AM,1,1,0
12/04/2016 03:00:00 AM,1,0,1
12/04/2016 04:00:00 AM,0,0,0
12/04/2016 05:00:00 AM,0,0,0
12/04/2016 06:00:00 AM,4,0,4
12/04/2016 07:00:00 AM,1,0,1
12/04/2016 08:00:00 AM,1,0,1
12/04/2016 09:00:00 AM,0,0,0
12/04/2016 10:00:00 AM,3,2,1
12/04/2016 11:00:00 AM,5,4,1
12/04/2016 12:00:00 PM,9,7,2
12/04/2016 01:00:00 PM,13,2,11
12/04/2016 02:00:00 PM,9,6,3
12/04/2016 03:00:00 PM,14,4,10
12/04/2016 04:00:00 PM,15,6,9
12/04/2016 05:00:00 PM,8,4,4
12/04/2016 06:00:00 PM,2,1,1
12/04/2016 07:00:00 PM,5,2,3
12/04/2016 08:00:00 PM,8,3,5
12/04/2016 09:00:00 PM,9,3,6
12/04/2016 10:00:00 PM,4,1,3
12/04/2016 11:00:00 PM,2,2,0
12/05/2016 12:00:00 AM,4,1,3
12/05/2016 01:00:00 AM,1,1,0
12/05/2016 02:00:00 AM,1,0,1
12/05/2016 03:00:00 AM,0,0,0
12/05/2016 04:00:00 AM,0,0,0
12/05/2016 05:00:00 AM,4,1,3
12/05/2016 06:00:00 AM,13,1,12
12/05/2016 07:00:00 AM,16,3,13
12/05/2016 08:00:00 AM,21,6,15
12/05/2016 09:00:00 AM,11,5,6
12/05/2016 10:00:00 AM,9,3,6
12/05/2016 11:00:00 AM,7,4,3
12/05/2016 12:00:00 PM,5,3,2
12/05/2016 01:00:00 PM,6,0,6
12/05/2016 02:00:00 PM,7,5,2
12/05/2016 03:00:00 PM,11,8,3
12/05/2016 04:00:00 PM,13,9,4
12/05/2016 05:00:00 PM,40,31,9
12/05/2016 06:00:00 PM,17,7,10
12/05/2016 07:00:00 PM,9,6,3
12/05/2016 08:00:00 PM,19,7,12
12/05/2016 09:00:00 PM,8,3,5
12/05/2016 10:00:00 PM,6,4,2
12/05/2016 11:00:00 PM,6,5,1
12/06/2016 12:00:00 AM,1,0,1
12/06/2016 01:00:00 AM,1,1,0
12/06/2016 02:00:00 AM,0,0,0
12/06/2016 03:00:00 AM,1,1,0
12/06/2016 04:00:00 AM,2,1,1
12/06/2016 05:00:00 AM,4,1,3
12/06/2016 06:00:00 AM,6,0,6
12/06/2016 07:00:00 AM,19,3,16
12/06/2016 08:00:00 AM,26,7,19
12/06/2016 09:00:00 AM,16,8,8
12/06/2016 10:00:00 AM,13,4,9
12/06/2016 11:00:00 AM,10,7,3
12/06/2016 12:00:00 PM,13,7,6
12/06/2016 01:00:00 PM,11,6,5
12/06/2016 02:00:00 PM,17,9,8
12/06/2016 03:00:00 PM,15,9,6
12/06/2016 04:00:00 PM,17,10,7
12/06/2016 05:00:00 PM,36,20,16
12/06/2016 06:00:00 PM,31,18,13
12/06/2016 07:00:00 PM,18,13,5
12/06/2016 08:00:00 PM,9,4,5
12/06/2016 09:00:00 PM,9,4,5
12/06/2016 10:00:00 PM,4,1,3
12/06/2016 11:00:00 PM,3,3,0
12/07/2016 12:00:00 AM,0,0,0
12/07/2016 01:00:00 AM,0,0,0
12/07/2016 02:00:00 AM,0,0,0
12/07/2016 03:00:00 AM,1,1,0
12/07/2016 04:00:00 AM,0,0,0
12/07/2016 05:00:00 AM,4,1,3
12/07/2016 06:00:00 AM,8,2,6
12/07/2016 07:00:00 AM,32,6,26
12/07/2016 08:00:00 AM,21,4,17
12/07/2016 09:00:00 AM,21,7,14
12/07/2016 10:00:00 AM,18,12,6
12/07/2016 11:00:00 AM,16,7,9
12/07/2016 12:00:00 PM,21,6,15
12/07/2016 01:00:00 PM,9,5,4
12/07/2016 02:00:00 PM,9,5,4
12/07/2016 03:00:00 PM,19,13,6
12/07/2016 04:00:00 PM,21,15,6
12/07/2016 05:00:00 PM,32,25,7
12/07/2016 06:00:00 PM,30,17,13
12/07/2016 07:00:00 PM,20,10,10
12/07/2016 08:00:00 PM,12,5,7
12/07/2016 09:00:00 PM,14,3,11
12/07/2016 10:00:00 PM,7,5,2
12/07/2016 11:00:00 PM,4,2,2
12/08/2016 12:00:00 AM,1,1,0
12/08/2016 01:00:00 AM,0,0,0
12/08/2016 02:00:00 AM,1,0,1
12/08/2016 03:00:00 AM,1,1,0
12/08/2016 04:00:00 AM,2,1,1
12/08/2016 05:00:00 AM,2,0,2
12/08/2016 06:00:00 AM,6,0,6
12/08/2016 07:00:00 AM,21,5,16
12/08/2016 08:00:00 AM,16,3,13
12/08/2016 09:00:00 AM,16,8,8
12/08/2016 10:00:00 AM,7,4,3
12/08/2016 11:00:00 AM,10,2,8
12/08/2016 12:00:00 PM,14,9,5
12/08/2016 01:00:00 PM,4,2,2
12/08/2016 02:00:00 PM,18,9,9
12/08/2016 03:00:00 PM,10,7,3
12/08/2016 04:00:00 PM,13,9,4
12/08/2016 05:00:00 PM,25,18,7
12/08/2016 06:00:00 PM,25,14,11
12/08/2016 07:00:00 PM,13,5,8
12/08/2016 08:00:00 PM,12,10,2
12/08/2016 09:00:00 PM,6,4,2
12/08/2016 10:00:00 PM,2,1,1
12/08/2016 11:00:00 PM,3,3,0
12/09/2016 12:00:00 AM,1,1,0
12/09/2016 01:00:00 AM,0,0,0
12/09/2016 02:00:00 AM,0,0,0
12/09/2016 03:00:00 AM,0,0,0
12/09/2016 04:00:00 AM,2,1,1
12/09/2016 05:00:00 AM,1,1,0
12/09/2016 06:00:00 AM,3,0,3
12/09/2016 07:00:00 AM,5,0,5
12/09/2016 08:00:00 AM,6,2,4
12/09/2016 09:00:00 AM,6,4,2
12/09/2016 10:00:00 AM,6,2,4
12/09/2016 11:00:00 AM,6,2,4
12/09/2016 12:00:00 PM,5,4,1
12/09/2016 01:00:00 PM,7,5,2
12/09/2016 02:00:00 PM,9,0,9
12/09/2016 03:00:00 PM,8,5,3
12/09/2016 04:00:00 PM,9,6,3
12/09/2016 05:00:00 PM,10,7,3
12/09/2016 06:00:00 PM,13,4,9
12/09/2016 07:00:00 PM,7,4,3
12/09/2016 08:00:00 PM,5,3,2
12/09/2016 09:00:00 PM,3,3,0
12/09/2016 10:00:00 PM,1,0,1
12/09/2016 11:00:00 PM,2,2,0
12/10/2016 12:00:00 AM,3,0,3
12/10/2016 01:00:00 AM,2,0,2
12/10/2016 02:00:00 AM,1,0,1
12/10/2016 03:00:00 AM,0,0,0
12/10/2016 04:00:00 AM,0,0,0
12/10/2016 05:00:00 AM,4,1,3
12/10/2016 06:00:00 AM,5,2,3
12/10/2016 07:00:00 AM,2,1,1
12/10/2016 08:00:00 AM,2,1,1
12/10/2016 09:00:00 AM,4,3,1
12/10/2016 10:00:00 AM,6,3,3
12/10/2016 11:00:00 AM,2,0,2
12/10/2016 12:00:00 PM,5,3,2
12/10/2016 01:00:00 PM,2,1,1
12/10/2016 02:00:00 PM,4,1,3
12/10/2016 03:00:00 PM,8,6,2
12/10/2016 04:00:00 PM,5,4,1
12/10/2016 05:00:00 PM,4,4,0
12/10/2016 06:00:00 PM,4,1,3
12/10/2016 07:00:00 PM,11,8,3
12/10/2016 08:00:00 PM,2,1,1
12/10/2016 09:00:00 PM,3,0,3
12/10/2016 10:00:00 PM,2,0,2
12/10/2016 11:00:00 PM,2,1,1
12/11/2016 12:00:00 AM,4,2,2
12/11/2016 01:00:00 AM,4,1,3
12/11/2016 02:00:00 AM,6,1,5
12/11/2016 03:00:00 AM,1,1,0
12/11/2016 04:00:00 AM,1,0,1
12/11/2016 05:00:00 AM,0,0,0
12/11/2016 06:00:00 AM,4,0,4
12/11/2016 07:00:00 AM,2,0,2
12/11/2016 08:00:00 AM,5,1,4
12/11/2016 09:00:00 AM,2,0,2
12/11/2016 10:00:00 AM,5,3,2
12/11/2016 11:00:00 AM,4,3,1
12/11/2016 12:00:00 PM,3,2,1
12/11/2016 01:00:00 PM,6,3,3
12/11/2016 02:00:00 PM,5,1,4
12/11/2016 03:00:00 PM,5,2,3
12/11/2016 04:00:00 PM,3,2,1
12/11/2016 05:00:00 PM,9,5,4
12/11/2016 06:00:00 PM,7,2,5
12/11/2016 07:00:00 PM,4,2,2
12/11/2016 08:00:00 PM,5,1,4
12/11/2016 09:00:00 PM,7,3,4
12/11/2016 10:00:00 PM,3,2,1
12/11/2016 11:00:00 PM,0,0,0
12/12/2016 12:00:00 AM,1,0,1
12/12/2016 01:00:00 AM,1,1,0
12/12/2016 02:00:00 AM,0,0,0
12/12/2016 03:00:00 AM,0,0,0
12/12/2016 04:00:00 AM,1,0,1
12/12/2016 05:00:00 AM,4,0,4
12/12/2016 06:00:00 AM,14,3,11
12/12/2016 07:00:00 AM,21,4,17
12/12/2016 08:00:00 AM,20,7,13
12/12/2016 09:00:00 AM,18,5,13
12/12/2016 10:00:00 AM,8,5,3
12/12/2016 11:00:00 AM,5,3,2
12/12/2016 12:00:00 PM,6,4,2
12/12/2016 01:00:00 PM,9,4,5
12/12/2016 02:00:00 PM,12,6,6
12/12/2016 03:00:00 PM,12,7,5
12/12/2016 04:00:00 PM,15,11,4
12/12/2016 05:00:00 PM,39,29,10
12/12/2016 06:00:00 PM,20,13,7
12/12/2016 07:00:00 PM,10,1,9
12/12/2016 08:00:00 PM,9,5,4
12/12/2016 09:00:00 PM,6,4,2
12/12/2016 10:00:00 PM,4,2,2
12/12/2016 11:00:00 PM,3,2,1
12/13/2016 12:00:00 AM,1,0,1
12/13/2016 01:00:00 AM,0,0,0
12/13/2016 02:00:00 AM,0,0,0
12/13/2016 03:00:00 AM,0,0,0
12/13/2016 04:00:00 AM,2,1,1
12/13/2016 05:00:00 AM,5,2,3
12/13/2016 06:00:00 AM,7,0,7
12/13/2016 07:00:00 AM,21,5,16
12/13/2016 08:00:00 AM,30,12,18
12/13/2016 09:00:00 AM,18,9,9
12/13/2016 10:00:00 AM,9,4,5
12/13/2016 11:00:00 AM,7,2,5
12/13/2016 12:00:00 PM,18,9,9
12/13/2016 01:00:00 PM,15,8,7
12/13/2016 02:00:00 PM,13,6,7
12/13/2016 03:00:00 PM,9,8,1
12/13/2016 04:00:00 PM,23,16,7
12/13/2016 05:00:00 PM,34,23,11
12/13/2016 06:00:00 PM,23,13,10
12/13/2016 07:00:00 PM,17,9,8
12/13/2016 08:00:00 PM,11,4,7
12/13/2016 09:00:00 PM,13,6,7
12/13/2016 10:00:00 PM,2,1,1
12/13/2016 11:00:00 PM,4,2,2
12/14/2016 12:00:00 AM,0,0,0
12/14/2016 01:00:00 AM,0,0,0
12/14/2016 02:00:00 AM,0,0,0
12/14/2016 03:00:00 AM,1,1,0
12/14/2016 04:00:00 AM,1,0,1
12/14/2016 05:00:00 AM,10,3,7
12/14/2016 06:00:00 AM,10,0,10
12/14/2016 07:00:00 AM,25,6,19
12/14/2016 08:00:00 AM,20,5,15
12/14/2016 09:00:00 AM,13,5,8
12/14/2016 10:00:00 AM,7,2,5
12/14/2016 11:00:00 AM,8,3,5
12/14/2016 12:00:00 PM,10,3,7
12/14/2016 01:00:00 PM,7,4,3
12/14/2016 02:00:00 PM,15,8,7
12/14/2016 03:00:00 PM,22,14,8
12/14/2016 04:00:00 PM,15,8,7
12/14/2016 05:00:00 PM,28,19,9
12/14/2016 06:00:00 PM,34,20,14
12/14/2016 07:00:00 PM,25,10,15
12/14/2016 08:00:00 PM,13,5,8
12/14/2016 09:00:00 PM,6,5,1
12/14/2016 10:00:00 PM,8,6,2
12/14/2016 11:00:00 PM,3,2,1
12/15/2016 12:00:00 AM,2,0,2
12/15/2016 01:00:00 AM,1,1,0
12/15/2016 02:00:00 AM,1,1,0
12/15/2016 03:00:00 AM,0,0,0
12/15/2016 04:00:00 AM,0,0,0
12/15/2016 05:00:00 AM,10,0,10
12/15/2016 06:00:00 AM,6,0,6
12/15/2016 07:00:00 AM,26,6,20
12/15/2016 08:00:00 AM,24,10,14
12/15/2016 09:00:00 AM,12,3,9
12/15/2016 10:00:00 AM,10,5,5
12/15/2016 11:00:00 AM,13,4,9
12/15/2016 12:00:00 PM,8,7,1
12/15/2016 01:00:00 PM,12,7,5
12/15/2016 02:00:00 PM,13,6,7
12/15/2016 03:00:00 PM,12,7,5
12/15/2016 04:00:00 PM,25,18,7
12/15/2016 05:00:00 PM,36,19,17
12/15/2016 06:00:00 PM,25,17,8
12/15/2016 07:00:00 PM,18,11,7
12/15/2016 08:00:00 PM,10,5,5
12/15/2016 09:00:00 PM,6,6,0
12/15/2016 10:00:00 PM,9,5,4
12/15/2016 11:00:00 PM,6,4,2
12/16/2016 12:00:00 AM,4,1,3
12/16/2016 01:00:00 AM,5,1,4
12/16/2016 02:00:00 AM,0,0,0
12/16/2016 03:00:00 AM,0,0,0
12/16/2016 04:00:00 AM,0,0,0
12/16/2016 05:00:00 AM,6,0,6
12/16/2016 06:00:00 AM,10,0,10
12/16/2016 07:00:00 AM,17,5,12
12/16/2016 08:00:00 AM,17,6,11
12/16/2016 09:00:00 AM,12,4,8
12/16/2016 10:00:00 AM,5,3,2
12/16/2016 11:00:00 AM,11,9,2
12/16/2016 12:00:00 PM,12,4,8
12/16/2016 01:00:00 PM,6,5,1
12/16/2016 02:00:00 PM,6,3,3
12/16/2016 03:00:00 PM,10,5,5
12/16/2016 04:00:00 PM,16,9,7
12/16/2016 05:00:00 PM,29,20,9
12/16/2016 06:00:00 PM,22,14,8
12/16/2016 07:00:00 PM,11,7,4
12/16/2016 08:00:00 PM,6,5,1
12/16/2016 09:00:00 PM,5,4,1
12/16/2016 10:00:00 PM,7,2,5
12/16/2016 11:00:00 PM,3,3,0
12/17/2016 12:00:00 AM,6,3,3
12/17/2016 01:00:00 AM,2,0,2
12/17/2016 02:00:00 AM,0,0,0
12/17/2016 03:00:00 AM,1,1,0
12/17/2016 04:00:00 AM,0,0,0
12/17/2016 05:00:00 AM,1,0,1
12/17/2016 06:00:00 AM,7,0,7
12/17/2016 07:00:00 AM,5,3,2
12/17/2016 08:00:00 AM,5,1,4
12/17/2016 09:00:00 AM,2,0,2
12/17/2016 10:00:00 AM,8,3,5
12/17/2016 11:00:00 AM,5,3,2
12/17/2016 12:00:00 PM,11,7,4
12/17/2016 01:00:00 PM,11,5,6
12/17/2016 02:00:00 PM,11,6,5
12/17/2016 03:00:00 PM,9,6,3
12/17/2016 04:00:00 PM,14,7,7
12/17/2016 05:00:00 PM,10,2,8
12/17/2016 06:00:00 PM,11,6,5
12/17/2016 07:00:00 PM,9,6,3
12/17/2016 08:00:00 PM,3,2,1
12/17/2016 09:00:00 PM,6,3,3
12/17/2016 10:00:00 PM,5,2,3
12/17/2016 11:00:00 PM,2,1,1
12/18/2016 12:00:00 AM,3,1,2
12/18/2016 01:00:00 AM,1,0,1
12/18/2016 02:00:00 AM,3,1,2
12/18/2016 03:00:00 AM,0,0,0
12/18/2016 04:00:00 AM,2,2,0
12/18/2016 05:00:00 AM,1,0,1
12/18/2016 06:00:00 AM,1,0,1
12/18/2016 07:00:00 AM,5,2,3
12/18/2016 08:00:00 AM,4,1,3
12/18/2016 09:00:00 AM,3,2,1
12/18/2016 10:00:00 AM,2,2,0
12/18/2016 11:00:00 AM,3,1,2
12/18/2016 12:00:00 PM,11,9,2
12/18/2016 01:00:00 PM,2,2,0
12/18/2016 02:00:00 PM,7,4,3
12/18/2016 03:00:00 PM,6,3,3
12/18/2016 04:00:00 PM,9,6,3
12/18/2016 05:00:00 PM,6,4,2
12/18/2016 06:00:00 PM,8,2,6
12/18/2016 07:00:00 PM,6,2,4
12/18/2016 08:00:00 PM,3,1,2
12/18/2016 09:00:00 PM,6,0,6
12/18/2016 10:00:00 PM,6,2,4
12/18/2016 11:00:00 PM,1,1,0
12/19/2016 12:00:00 AM,2,1,1
12/19/2016 01:00:00 AM,0,0,0
12/19/2016 02:00:00 AM,0,0,0
12/19/2016 03:00:00 AM,0,0,0
12/19/2016 04:00:00 AM,0,0,0
12/19/2016 05:00:00 AM,4,2,2
12/19/2016 06:00:00 AM,8,0,8
12/19/2016 07:00:00 AM,14,3,11
12/19/2016 08:00:00 AM,16,3,13
12/19/2016 09:00:00 AM,12,8,4
12/19/2016 10:00:00 AM,8,5,3
12/19/2016 11:00:00 AM,1,0,1
12/19/2016 12:00:00 PM,4,1,3
12/19/2016 01:00:00 PM,6,3,3
12/19/2016 02:00:00 PM,12,6,6
12/19/2016 03:00:00 PM,10,4,6
12/19/2016 04:00:00 PM,15,12,3
12/19/2016 05:00:00 PM,23,17,6
12/19/2016 06:00:00 PM,22,11,11
12/19/2016 07:00:00 PM,10,6,4
12/19/2016 08:00:00 PM,10,4,6
12/19/2016 09:00:00 PM,6,3,3
12/19/2016 10:00:00 PM,6,2,4
12/19/2016 11:00:00 PM,5,4,1
12/20/2016 12:00:00 AM,0,0,0
12/20/2016 01:00:00 AM,0,0,0
12/20/2016 02:00:00 AM,0,0,0
12/20/2016 03:00:00 AM,0,0,0
12/20/2016 04:00:00 AM,0,0,0
12/20/2016 05:00:00 AM,3,1,2
12/20/2016 06:00:00 AM,9,1,8
12/20/2016 07:00:00 AM,7,1,6
12/20/2016 08:00:00 AM,22,6,16
12/20/2016 09:00:00 AM,9,5,4
12/20/2016 10:00:00 AM,9,4,5
12/20/2016 11:00:00 AM,11,2,9
12/20/2016 12:00:00 PM,13,4,9
12/20/2016 01:00:00 PM,6,6,0
12/20/2016 02:00:00 PM,9,5,4
12/20/2016 03:00:00 PM,12,6,6
12/20/2016 04:00:00 PM,14,10,4
12/20/2016 05:00:00 PM,20,14,6
12/20/2016 06:00:00 PM,25,14,11
12/20/2016 07:00:00 PM,17,9,8
12/20/2016 08:00:00 PM,12,5,7
12/20/2016 09:00:00 PM,11,4,7
12/20/2016 10:00:00 PM,4,3,1
12/20/2016 11:00:00 PM,2,1,1
12/21/2016 12:00:00 AM,1,0,1
12/21/2016 01:00:00 AM,0,0,0
12/21/2016 02:00:00 AM,0,0,0
12/21/2016 03:00:00 AM,0,0,0
12/21/2016 04:00:00 AM,0,0,0
12/21/2016 05:00:00 AM,2,1,1
12/21/2016 06:00:00 AM,8,0,8
12/21/2016 07:00:00 AM,12,1,11
12/21/2016 08:00:00 AM,25,8,17
12/21/2016 09:00:00 AM,6,2,4
12/21/2016 10:00:00 AM,7,2,5
12/21/2016 11:00:00 AM,5,4,1
12/21/2016 12:00:00 PM,11,4,7
12/21/2016 01:00:00 PM,8,3,5
12/21/2016 02:00:00 PM,11,4,7
12/21/2016 03:00:00 PM,20,13,7
12/21/2016 04:00:00 PM,19,13,6
12/21/2016 05:00:00 PM,34,25,9
12/21/2016 06:00:00 PM,27,13,14
12/21/2016 07:00:00 PM,7,5,2
12/21/2016 08:00:00 PM,6,1,5
12/21/2016 09:00:00 PM,1,0,1
12/21/2016 10:00:00 PM,4,0,4
12/21/2016 11:00:00 PM,5,4,1
12/22/2016 12:00:00 AM,6,1,5
12/22/2016 01:00:00 AM,1,0,1
12/22/2016 02:00:00 AM,1,1,0
12/22/2016 03:00:00 AM,2,0,2
12/22/2016 04:00:00 AM,3,1,2
12/22/2016 05:00:00 AM,4,0,4
12/22/2016 06:00:00 AM,10,0,10
12/22/2016 07:00:00 AM,11,2,9
12/22/2016 08:00:00 AM,22,6,16
12/22/2016 09:00:00 AM,7,5,2
12/22/2016 10:00:00 AM,5,1,4
12/22/2016 11:00:00 AM,10,5,5
12/22/2016 12:00:00 PM,7,4,3
12/22/2016 01:00:00 PM,10,6,4
12/22/2016 02:00:00 PM,11,6,5
12/22/2016 03:00:00 PM,9,4,5
12/22/2016 04:00:00 PM,16,8,8
12/22/2016 05:00:00 PM,19,11,8
12/22/2016 06:00:00 PM,17,8,9
12/22/2016 07:00:00 PM,10,5,5
12/22/2016 08:00:00 PM,5,3,2
12/22/2016 09:00:00 PM,0,0,0
12/22/2016 10:00:00 PM,2,1,1
12/22/2016 11:00:00 PM,3,2,1
12/23/2016 12:00:00 AM,2,2,0
12/23/2016 01:00:00 AM,4,0,4
12/23/2016 02:00:00 AM,1,1,0
12/23/2016 03:00:00 AM,0,0,0
12/23/2016 04:00:00 AM,0,0,0
12/23/2016 05:00:00 AM,3,0,3
12/23/2016 06:00:00 AM,4,1,3
12/23/2016 07:00:00 AM,10,3,7
12/23/2016 08:00:00 AM,15,5,10
12/23/2016 09:00:00 AM,5,1,4
12/23/2016 10:00:00 AM,3,3,0
12/23/2016 11:00:00 AM,6,2,4
12/23/2016 12:00:00 PM,5,4,1
12/23/2016 01:00:00 PM,6,3,3
12/23/2016 02:00:00 PM,5,2,3
12/23/2016 03:00:00 PM,6,4,2
12/23/2016 04:00:00 PM,11,7,4
12/23/2016 05:00:00 PM,9,7,2
12/23/2016 06:00:00 PM,7,2,5
12/23/2016 07:00:00 PM,6,5,1
12/23/2016 08:00:00 PM,3,3,0
12/23/2016 09:00:00 PM,3,1,2
12/23/2016 10:00:00 PM,3,3,0
12/23/2016 11:00:00 PM,3,0,3
12/24/2016 12:00:00 AM,1,1,0
12/24/2016 01:00:00 AM,3,3,0
12/24/2016 02:00:00 AM,0,0,0
12/24/2016 03:00:00 AM,0,0,0
12/24/2016 04:00:00 AM,0,0,0
12/24/2016 05:00:00 AM,2,0,2
12/24/2016 06:00:00 AM,2,0,2
12/24/2016 07:00:00 AM,4,3,1
12/24/2016 08:00:00 AM,0,0,0
12/24/2016 09:00:00 AM,1,1,0
12/24/2016 10:00:00 AM,1,1,0
12/24/2016 11:00:00 AM,7,5,2
12/24/2016 12:00:00 PM,7,3,4
12/24/2016 01:00:00 PM,3,1,2
12/24/2016 02:00:00 PM,7,4,3
12/24/2016 03:00:00 PM,3,2,1
12/24/2016 04:00:00 PM,3,3,0
12/24/2016 05:00:00 PM,5,3,2
12/24/2016 06:00:00 PM,7,1,6
12/24/2016 07:00:00 PM,1,1,0
12/24/2016 08:00:00 PM,0,0,0
12/24/2016 09:00:00 PM,1,1,0
12/24/2016 10:00:00 PM,3,0,3
12/24/2016 11:00:00 PM,4,3,1
12/25/2016 12:00:00 AM,3,2,1
12/25/2016 01:00:00 AM,1,1,0
12/25/2016 02:00:00 AM,0,0,0
12/25/2016 03:00:00 AM,0,0,0
12/25/2016 04:00:00 AM,0,0,0
12/25/2016 05:00:00 AM,1,0,1
12/25/2016 06:00:00 AM,2,0,2
12/25/2016 07:00:00 AM,2,1,1
12/25/2016 08:00:00 AM,2,1,1
12/25/2016 09:00:00 AM,0,0,0
12/25/2016 10:00:00 AM,3,1,2
12/25/2016 11:00:00 AM,0,0,0
12/25/2016 12:00:00 PM,1,1,0
12/25/2016 01:00:00 PM,3,2,1
12/25/2016 02:00:00 PM,6,3,3
12/25/2016 03:00:00 PM,1,1,0
12/25/2016 04:00:00 PM,2,0,2
12/25/2016 05:00:00 PM,1,1,0
12/25/2016 06:00:00 PM,1,0,1
12/25/2016 07:00:00 PM,1,0,1
12/25/2016 08:00:00 PM,2,1,1
12/25/2016 09:00:00 PM,3,2,1
12/25/2016 10:00:00 PM,2,1,1
12/25/2016 11:00:00 PM,0,0,0
12/26/2016 12:00:00 AM,0,0,0
12/26/2016 01:00:00 AM,0,0,0
12/26/2016 02:00:00 AM,0,0,0
12/26/2016 03:00:00 AM,0,0,0
12/26/2016 04:00:00 AM,0,0,0
12/26/2016 05:00:00 AM,2,0,2
12/26/2016 06:00:00 AM,6,1,5
12/26/2016 07:00:00 AM,7,3,4
12/26/2016 08:00:00 AM,1,0,1
12/26/2016 09:00:00 AM,1,0,1
12/26/2016 10:00:00 AM,0,0,0
12/26/2016 11:00:00 AM,7,3,4
12/26/2016 12:00:00 PM,11,5,6
12/26/2016 01:00:00 PM,5,3,2
12/26/2016 02:00:00 PM,2,2,0
12/26/2016 03:00:00 PM,6,4,2
12/26/2016 04:00:00 PM,8,6,2
12/26/2016 05:00:00 PM,6,3,3
12/26/2016 06:00:00 PM,6,2,4
12/26/2016 07:00:00 PM,7,2,5
12/26/2016 08:00:00 PM,4,1,3
12/26/2016 09:00:00 PM,3,2,1
12/26/2016 10:00:00 PM,0,0,0
12/26/2016 11:00:00 PM,0,0,0
12/27/2016 12:00:00 AM,1,0,1
12/27/2016 01:00:00 AM,1,0,1
12/27/2016 02:00:00 AM,0,0,0
12/27/2016 03:00:00 AM,2,1,1
12/27/2016 04:00:00 AM,2,1,1
12/27/2016 05:00:00 AM,3,0,3
12/27/2016 06:00:00 AM,4,0,4
12/27/2016 07:00:00 AM,11,0,11
12/27/2016 08:00:00 AM,12,4,8
12/27/2016 09:00:00 AM,5,2,3
12/27/2016 10:00:00 AM,5,1,4
12/27/2016 11:00:00 AM,5,1,4
12/27/2016 12:00:00 PM,11,8,3
12/27/2016 01:00:00 PM,7,4,3
12/27/2016 02:00:00 PM,11,3,8
12/27/2016 03:00:00 PM,7,3,4
12/27/2016 04:00:00 PM,13,9,4
12/27/2016 05:00:00 PM,4,2,2
12/27/2016 06:00:00 PM,8,1,7
12/27/2016 07:00:00 PM,11,2,9
12/27/2016 08:00:00 PM,3,0,3
12/27/2016 09:00:00 PM,1,0,1
12/27/2016 10:00:00 PM,2,0,2
12/27/2016 11:00:00 PM,2,1,1
12/28/2016 12:00:00 AM,0,0,0
12/28/2016 01:00:00 AM,0,0,0
12/28/2016 02:00:00 AM,0,0,0
12/28/2016 03:00:00 AM,0,0,0
12/28/2016 04:00:00 AM,1,0,1
12/28/2016 05:00:00 AM,3,0,3
12/28/2016 06:00:00 AM,6,0,6
12/28/2016 07:00:00 AM,12,0,12
12/28/2016 08:00:00 AM,5,0,5
12/28/2016 09:00:00 AM,6,1,5
12/28/2016 10:00:00 AM,5,2,3
12/28/2016 11:00:00 AM,8,1,7
12/28/2016 12:00:00 PM,5,0,5
12/28/2016 01:00:00 PM,5,1,4
12/28/2016 02:00:00 PM,3,1,2
12/28/2016 03:00:00 PM,4,0,4
12/28/2016 04:00:00 PM,5,2,3
12/28/2016 05:00:00 PM,10,2,8
12/28/2016 06:00:00 PM,7,1,6
12/28/2016 07:00:00 PM,2,0,2
12/28/2016 08:00:00 PM,4,0,4
12/28/2016 09:00:00 PM,4,0,4
12/28/2016 10:00:00 PM,2,0,2
12/28/2016 11:00:00 PM,8,2,6
12/29/2016 12:00:00 AM,4,1,3
12/29/2016 01:00:00 AM,2,1,1
12/29/2016 02:00:00 AM,1,0,1
12/29/2016 03:00:00 AM,0,0,0
12/29/2016 04:00:00 AM,0,0,0
12/29/2016 05:00:00 AM,2,0,2
12/29/2016 06:00:00 AM,5,0,5
12/29/2016 07:00:00 AM,5,0,5
12/29/2016 08:00:00 AM,4,0,4
12/29/2016 09:00:00 AM,3,0,3
12/29/2016 10:00:00 AM,3,0,3
12/29/2016 11:00:00 AM,1,0,1
12/29/2016 12:00:00 PM,3,0,3
12/29/2016 01:00:00 PM,0,0,0
12/29/2016 02:00:00 PM,1,1,0
12/29/2016 03:00:00 PM,4,0,4
12/29/2016 04:00:00 PM,2,0,2
12/29/2016 05:00:00 PM,2,0,2
12/29/2016 06:00:00 PM,1,0,1
12/29/2016 07:00:00 PM,2,1,1
12/29/2016 08:00:00 PM,0,0,0
12/29/2016 09:00:00 PM,0,0,0
12/29/2016 10:00:00 PM,0,0,0
12/29/2016 11:00:00 PM,2,2,0
12/30/2016 12:00:00 AM,0,0,0
12/30/2016 01:00:00 AM,1,0,1
12/30/2016 02:00:00 AM,6,4,2
12/30/2016 03:00:00 AM,0,0,0
12/30/2016 04:00:00 AM,0,0,0
12/30/2016 05:00:00 AM,0,0,0
12/30/2016 06:00:00 AM,0,0,0
12/30/2016 07:00:00 AM,0,0,0
12/30/2016 08:00:00 AM,0,0,0
12/30/2016 09:00:00 AM,0,0,0
12/30/2016 10:00:00 AM,0,0,0
12/30/2016 11:00:00 AM,0,0,0
12/30/2016 12:00:00 PM,0,0,0
12/30/2016 01:00:00 PM,0,0,0
12/30/2016 02:00:00 PM,1,0,1
12/30/2016 03:00:00 PM,0,0,0
12/30/2016 04:00:00 PM,0,0,0
12/30/2016 05:00:00 PM,0,0,0
12/30/2016 06:00:00 PM,0,0,0
12/30/2016 07:00:00 PM,1,1,0
12/30/2016 08:00:00 PM,0,0,0
12/30/2016 09:00:00 PM,0,0,0
12/30/2016 10:00:00 PM,1,0,1
12/30/2016 11:00:00 PM,0,0,0
12/31/2016 12:00:00 AM,0,0,0
12/31/2016 01:00:00 AM,1,0,1
12/31/2016 02:00:00 AM,1,1,0
12/31/2016 03:00:00 AM,0,0,0
12/31/2016 04:00:00 AM,0,0,0
12/31/2016 05:00:00 AM,0,0,0
12/31/2016 06:00:00 AM,0,0,0
12/31/2016 07:00:00 AM,0,0,0
12/31/2016 08:00:00 AM,0,0,0
12/31/2016 09:00:00 AM,0,0,0
12/31/2016 10:00:00 AM,0,0,0
12/31/2016 11:00:00 AM,0,0,0
12/31/2016 12:00:00 PM,0,0,0
12/31/2016 01:00:00 PM,0,0,0
12/31/2016 02:00:00 PM,0,0,0
12/31/2016 03:00:00 PM,0,0,0
12/31/2016 04:00:00 PM,0,0,0
12/31/2016 05:00:00 PM,0,0,0
12/31/2016 06:00:00 PM,0,0,0
12/31/2016 07:00:00 PM,0,0,0
12/31/2016 08:00:00 PM,0,0,0
12/31/2016 09:00:00 PM,0,0,0
12/31/2016 10:00:00 PM,1,1,0
12/31/2016 11:00:00 PM,1,1,0
01/01/2017 12:00:00 AM,1,1,0
01/01/2017 01:00:00 AM,4,0,4
01/01/2017 02:00:00 AM,2,1,1
01/01/2017 03:00:00 AM,0,0,0
01/01/2017 04:00:00 AM,0,0,0
01/01/2017 05:00:00 AM,0,0,0
01/01/2017 06:00:00 AM,0,0,0
01/01/2017 07:00:00 AM,0,0,0
01/01/2017 08:00:00 AM,0,0,0
01/01/2017 09:00:00 AM,0,0,0
01/01/2017 10:00:00 AM,0,0,0
01/01/2017 11:00:00 AM,0,0,0
01/01/2017 12:00:00 PM,7,4,3
01/01/2017 01:00:00 PM,2,1,1
01/01/2017 02:00:00 PM,3,1,2
01/01/2017 03:00:00 PM,0,0,0
01/01/2017 04:00:00 PM,3,2,1
01/01/2017 05:00:00 PM,3,2,1
01/01/2017 06:00:00 PM,5,4,1
01/01/2017 07:00:00 PM,4,2,2
01/01/2017 08:00:00 PM,2,1,1
01/01/2017 09:00:00 PM,2,1,1
01/01/2017 10:00:00 PM,1,1,0
01/01/2017 11:00:00 PM,0,0,0
01/02/2017 12:00:00 AM,0,0,0
01/02/2017 01:00:00 AM,0,0,0
01/02/2017 02:00:00 AM,0,0,0
01/02/2017 03:00:00 AM,0,0,0
01/02/2017 04:00:00 AM,0,0,0
01/02/2017 05:00:00 AM,0,0,0
01/02/2017 06:00:00 AM,2,1,1
01/02/2017 07:00:00 AM,1,0,1
01/02/2017 08:00:00 AM,1,0,1
01/02/2017 09:00:00 AM,2,0,2
01/02/2017 10:00:00 AM,2,0,2
01/02/2017 11:00:00 AM,4,0,4
01/02/2017 12:00:00 PM,1,0,1
01/02/2017 01:00:00 PM,6,0,6
01/02/2017 02:00:00 PM,4,0,4
01/02/2017 03:00:00 PM,5,0,5
01/02/2017 04:00:00 PM,7,0,7
01/02/2017 05:00:00 PM,1,0,1
01/02/2017 06:00:00 PM,0,0,0
01/02/2017 07:00:00 PM,3,0,3
01/02/2017 08:00:00 PM,4,0,4
01/02/2017 09:00:00 PM,0,0,0
01/02/2017 10:00:00 PM,1,1,0
01/02/2017 11:00:00 PM,1,0,1
01/03/2017 12:00:00 AM,0,0,0
01/03/2017 01:00:00 AM,0,0,0
01/03/2017 02:00:00 AM,0,0,0
01/03/2017 03:00:00 AM,0,0,0
01/03/2017 04:00:00 AM,2,2,0
01/03/2017 05:00:00 AM,0,0,0
01/03/2017 06:00:00 AM,2,0,2
01/03/2017 07:00:00 AM,6,0,6
01/03/2017 08:00:00 AM,2,0,2
01/03/2017 09:00:00 AM,,,
01/03/2017 10:00:00 AM,5,1,4
01/03/2017 11:00:00 AM,1,0,1
01/03/2017 12:00:00 PM,6,0,6
01/03/2017 01:00:00 PM,4,0,4
01/03/2017 02:00:00 PM,4,0,4
01/03/2017 03:00:00 PM,2,0,2
01/03/2017 04:00:00 PM,12,0,12
01/03/2017 05:00:00 PM,12,0,12
01/03/2017 06:00:00 PM,10,0,10
01/03/2017 07:00:00 PM,2,0,2
01/03/2017 08:00:00 PM,2,0,2
01/03/2017 09:00:00 PM,3,0,3
01/03/2017 10:00:00 PM,2,0,2
01/03/2017 11:00:00 PM,2,0,2
01/04/2017 12:00:00 AM,0,0,0
01/04/2017 01:00:00 AM,0,0,0
01/04/2017 02:00:00 AM,0,0,0
01/04/2017 03:00:00 AM,0,0,0
01/04/2017 04:00:00 AM,0,0,0
01/04/2017 05:00:00 AM,1,0,1
01/04/2017 06:00:00 AM,2,0,2
01/04/2017 07:00:00 AM,9,3,6
01/04/2017 08:00:00 AM,7,0,7
01/04/2017 09:00:00 AM,6,0,6
01/04/2017 10:00:00 AM,4,0,4
01/04/2017 11:00:00 AM,0,0,0
01/04/2017 12:00:00 PM,4,0,4
01/04/2017 01:00:00 PM,29,11,18
01/04/2017 02:00:00 PM,9,5,4
01/04/2017 03:00:00 PM,19,11,8
01/04/2017 04:00:00 PM,18,9,9
01/04/2017 05:00:00 PM,29,23,6
01/04/2017 06:00:00 PM,18,7,11
01/04/2017 07:00:00 PM,13,6,7
01/04/2017 08:00:00 PM,8,4,4
01/04/2017 09:00:00 PM,9,4,5
01/04/2017 10:00:00 PM,8,7,1
01/04/2017 11:00:00 PM,4,2,2
01/05/2017 12:00:00 AM,1,1,0
01/05/2017 01:00:00 AM,1,1,0
01/05/2017 02:00:00 AM,0,0,0
01/05/2017 03:00:00 AM,0,0,0
01/05/2017 04:00:00 AM,0,0,0
01/05/2017 05:00:00 AM,3,0,3
01/05/2017 06:00:00 AM,9,1,8
01/05/2017 07:00:00 AM,16,2,14
01/05/2017 08:00:00 AM,22,4,18
01/05/2017 09:00:00 AM,11,5,6
01/05/2017 10:00:00 AM,9,2,7
01/05/2017 11:00:00 AM,8,3,5
01/05/2017 12:00:00 PM,5,3,2
01/05/2017 01:00:00 PM,13,7,6
01/05/2017 02:00:00 PM,12,6,6
01/05/2017 03:00:00 PM,12,7,5
01/05/2017 04:00:00 PM,20,11,9
01/05/2017 05:00:00 PM,31,21,10
01/05/2017 06:00:00 PM,14,8,6
01/05/2017 07:00:00 PM,10,6,4
01/05/2017 08:00:00 PM,10,6,4
01/05/2017 09:00:00 PM,11,4,7
01/05/2017 10:00:00 PM,7,5,2
01/05/2017 11:00:00 PM,5,3,2
01/06/2017 12:00:00 AM,1,0,1
01/06/2017 01:00:00 AM,0,0,0
01/06/2017 02:00:00 AM,0,0,0
01/06/2017 03:00:00 AM,1,0,1
01/06/2017 04:00:00 AM,0,0,0
01/06/2017 05:00:00 AM,3,1,2
01/06/2017 06:00:00 AM,6,1,5
01/06/2017 07:00:00 AM,17,2,15
01/06/2017 08:00:00 AM,24,8,16
01/06/2017 09:00:00 AM,21,7,14
01/06/2017 10:00:00 AM,12,3,9
01/06/2017 11:00:00 AM,9,4,5
01/06/2017 12:00:00 PM,6,2,4
01/06/2017 01:00:00 PM,13,7,6
01/06/2017 02:00:00 PM,12,8,4
01/06/2017 03:00:00 PM,10,6,4
01/06/2017 04:00:00 PM,19,12,7
01/06/2017 05:00:00 PM,25,17,8
01/06/2017 06:00:00 PM,20,11,9
01/06/2017 07:00:00 PM,11,6,5
01/06/2017 08:00:00 PM,14,9,5
01/06/2017 09:00:00 PM,9,6,3
01/06/2017 10:00:00 PM,2,0,2
01/06/2017 11:00:00 PM,5,2,3
01/07/2017 12:00:00 AM,2,2,0
01/07/2017 01:00:00 AM,3,0,3
01/07/2017 02:00:00 AM,0,0,0
01/07/2017 03:00:00 AM,0,0,0
01/07/2017 04:00:00 AM,0,0,0
01/07/2017 05:00:00 AM,0,0,0
01/07/2017 06:00:00 AM,3,2,1
01/07/2017 07:00:00 AM,3,0,3
01/07/2017 08:00:00 AM,6,2,4
01/07/2017 09:00:00 AM,2,0,2
01/07/2017 10:00:00 AM,4,1,3
01/07/2017 11:00:00 AM,8,7,1
01/07/2017 12:00:00 PM,10,4,6
01/07/2017 01:00:00 PM,11,4,7
01/07/2017 02:00:00 PM,5,2,3
01/07/2017 03:00:00 PM,8,5,3
01/07/2017 04:00:00 PM,5,1,4
01/07/2017 05:00:00 PM,4,1,3
01/07/2017 06:00:00 PM,5,2,3
01/07/2017 07:00:00 PM,5,3,2
01/07/2017 08:00:00 PM,8,2,6
01/07/2017 09:00:00 PM,5,3,2
01/07/2017 10:00:00 PM,3,3,0
01/07/2017 11:00:00 PM,5,3,2
01/08/2017 12:00:00 AM,2,1,1
01/08/2017 01:00:00 AM,0,0,0
01/08/2017 02:00:00 AM,0,0,0
01/08/2017 03:00:00 AM,3,2,1
01/08/2017 04:00:00 AM,0,0,0
01/08/2017 05:00:00 AM,1,1,0
01/08/2017 06:00:00 AM,3,0,3
01/08/2017 07:00:00 AM,2,1,1
01/08/2017 08:00:00 AM,3,0,3
01/08/2017 09:00:00 AM,5,3,2
01/08/2017 10:00:00 AM,2,2,0
01/08/2017 11:00:00 AM,10,6,4
01/08/2017 12:00:00 PM,4,2,2
01/08/2017 01:00:00 PM,3,1,2
01/08/2017 02:00:00 PM,4,3,1
01/08/2017 03:00:00 PM,8,3,5
01/08/2017 04:00:00 PM,5,2,3
01/08/2017 05:00:00 PM,6,4,2
01/08/2017 06:00:00 PM,1,1,0
01/08/2017 07:00:00 PM,1,1,0
01/08/2017 08:00:00 PM,3,2,1
01/08/2017 09:00:00 PM,6,2,4
01/08/2017 10:00:00 PM,0,0,0
01/08/2017 11:00:00 PM,0,0,0
01/09/2017 12:00:00 AM,2,0,2
01/09/2017 01:00:00 AM,0,0,0
01/09/2017 02:00:00 AM,0,0,0
01/09/2017 03:00:00 AM,0,0,0
01/09/2017 04:00:00 AM,0,0,0
01/09/2017 05:00:00 AM,4,0,4
01/09/2017 06:00:00 AM,11,2,9
01/09/2017 07:00:00 AM,17,2,15
01/09/2017 08:00:00 AM,27,7,20
01/09/2017 09:00:00 AM,14,6,8
01/09/2017 10:00:00 AM,21,8,13
01/09/2017 11:00:00 AM,10,6,4
01/09/2017 12:00:00 PM,14,3,11
01/09/2017 01:00:00 PM,17,8,9
01/09/2017 02:00:00 PM,15,11,4
01/09/2017 03:00:00 PM,13,4,9
01/09/2017 04:00:00 PM,19,13,6
01/09/2017 05:00:00 PM,42,28,14
01/09/2017 06:00:00 PM,28,19,9
01/09/2017 07:00:00 PM,15,7,8
01/09/2017 08:00:00 PM,15,10,5
01/09/2017 09:00:00 PM,7,3,4
01/09/2017 10:00:00 PM,7,5,2
01/09/2017 11:00:00 PM,1,1,0
01/10/2017 12:00:00 AM,1,0,1
01/10/2017 01:00:00 AM,0,0,0
01/10/2017 02:00:00 AM,0,0,0
01/10/2017 03:00:00 AM,1,1,0
01/10/2017 04:00:00 AM,1,0,1
01/10/2017 05:00:00 AM,6,1,5
01/10/2017 06:00:00 AM,9,0,9
01/10/2017 07:00:00 AM,18,2,16
01/10/2017 08:00:00 AM,22,6,16
01/10/2017 09:00:00 AM,15,6,9
01/10/2017 10:00:00 AM,8,1,7
01/10/2017 11:00:00 AM,9,4,5
01/10/2017 12:00:00 PM,15,7,8
01/10/2017 01:00:00 PM,9,4,5
01/10/2017 02:00:00 PM,17,8,9
01/10/2017 03:00:00 PM,11,8,3
01/10/2017 04:00:00 PM,28,20,8
01/10/2017 05:00:00 PM,28,13,15
01/10/2017 06:00:00 PM,24,13,11
01/10/2017 07:00:00 PM,17,11,6
01/10/2017 08:00:00 PM,23,12,11
01/10/2017 09:00:00 PM,14,5,9
01/10/2017 10:00:00 PM,6,4,2
01/10/2017 11:00:00 PM,3,1,2
01/11/2017 12:00:00 AM,0,0,0
01/11/2017 01:00:00 AM,1,0,1
01/11/2017 02:00:00 AM,0,0,0
01/11/2017 03:00:00 AM,0,0,0
01/11/2017 04:00:00 AM,0,0,0
01/11/2017 05:00:00 AM,3,0,3
01/11/2017 06:00:00 AM,8,1,7
01/11/2017 07:00:00 AM,23,5,18
01/11/2017 08:00:00 AM,29,8,21
01/11/2017 09:00:00 AM,13,7,6
01/11/2017 10:00:00 AM,18,6,12
01/11/2017 11:00:00 AM,8,6,2
01/11/2017 12:00:00 PM,10,4,6
01/11/2017 01:00:00 PM,15,7,8
01/11/2017 02:00:00 PM,15,12,3
01/11/2017 03:00:00 PM,14,10,4
01/11/2017 04:00:00 PM,12,8,4
01/11/2017 05:00:00 PM,26,19,7
01/11/2017 06:00:00 PM,19,9,10
01/11/2017 07:00:00 PM,18,10,8
01/11/2017 08:00:00 PM,12,7,5
01/11/2017 09:00:00 PM,8,4,4
01/11/2017 10:00:00 PM,4,3,1
01/11/2017 11:00:00 PM,6,3,3
01/12/2017 12:00:00 AM,2,1,1
01/12/2017 01:00:00 AM,1,0,1
01/12/2017 02:00:00 AM,0,0,0
01/12/2017 03:00:00 AM,1,1,0
01/12/2017 04:00:00 AM,0,0,0
01/12/2017 05:00:00 AM,7,2,5
01/12/2017 06:00:00 AM,4,0,4
01/12/2017 07:00:00 AM,18,3,15
01/12/2017 08:00:00 AM,29,10,19
01/12/2017 09:00:00 AM,9,7,2
01/12/2017 10:00:00 AM,5,1,4
01/12/2017 11:00:00 AM,13,7,6
01/12/2017 12:00:00 PM,13,9,4
01/12/2017 01:00:00 PM,12,4,8
01/12/2017 02:00:00 PM,13,9,4
01/12/2017 03:00:00 PM,11,5,6
01/12/2017 04:00:00 PM,19,15,4
01/12/2017 05:00:00 PM,29,19,10
01/12/2017 06:00:00 PM,27,14,13
01/12/2017 07:00:00 PM,19,9,10
01/12/2017 08:00:00 PM,14,5,9
01/12/2017 09:00:00 PM,15,5,10
01/12/2017 10:00:00 PM,4,1,3
01/12/2017 11:00:00 PM,2,2,0
01/13/2017 12:00:00 AM,1,1,0
01/13/2017 01:00:00 AM,0,0,0
01/13/2017 02:00:00 AM,0,0,0
01/13/2017 03:00:00 AM,0,0,0
01/13/2017 04:00:00 AM,1,0,1
01/13/2017 05:00:00 AM,5,1,4
01/13/2017 06:00:00 AM,11,0,11
01/13/2017 07:00:00 AM,17,6,11
01/13/2017 08:00:00 AM,19,2,17
01/13/2017 09:00:00 AM,17,9,8
01/13/2017 10:00:00 AM,10,4,6
01/13/2017 11:00:00 AM,12,7,5
01/13/2017 12:00:00 PM,16,5,11
01/13/2017 01:00:00 PM,12,4,8
01/13/2017 02:00:00 PM,20,10,10
01/13/2017 03:00:00 PM,19,15,4
01/13/2017 04:00:00 PM,25,20,5
01/13/2017 05:00:00 PM,21,12,9
01/13/2017 06:00:00 PM,18,6,12
01/13/2017 07:00:00 PM,11,4,7
01/13/2017 08:00:00 PM,14,6,8
01/13/2017 09:00:00 PM,5,1,4
01/13/2017 10:00:00 PM,4,3,1
01/13/2017 11:00:00 PM,7,5,2
01/14/2017 12:00:00 AM,3,1,2
01/14/2017 01:00:00 AM,3,0,3
01/14/2017 02:00:00 AM,1,0,1
01/14/2017 03:00:00 AM,0,0,0
01/14/2017 04:00:00 AM,1,1,0
01/14/2017 05:00:00 AM,0,0,0
01/14/2017 06:00:00 AM,2,1,1
01/14/2017 07:00:00 AM,0,0,0
01/14/2017 08:00:00 AM,4,3,1
01/14/2017 09:00:00 AM,5,2,3
01/14/2017 10:00:00 AM,7,6,1
01/14/2017 11:00:00 AM,10,5,5
01/14/2017 12:00:00 PM,12,6,6
01/14/2017 01:00:00 PM,11,7,4
01/14/2017 02:00:00 PM,10,5,5
01/14/2017 03:00:00 PM,10,7,3
01/14/2017 04:00:00 PM,11,5,6
01/14/2017 05:00:00 PM,14,5,9
01/14/2017 06:00:00 PM,10,4,6
01/14/2017 07:00:00 PM,6,5,1
01/14/2017 08:00:00 PM,3,2,1
01/14/2017 09:00:00 PM,3,2,1
01/14/2017 10:00:00 PM,2,2,0
01/14/2017 11:00:00 PM,3,1,2
01/15/2017 12:00:00 AM,3,0,3
01/15/2017 01:00:00 AM,5,3,2
01/15/2017 02:00:00 AM,1,1,0
01/15/2017 03:00:00 AM,1,0,1
01/15/2017 04:00:00 AM,0,0,0
01/15/2017 05:00:00 AM,1,0,1
01/15/2017 06:00:00 AM,3,1,2
01/15/2017 07:00:00 AM,3,3,0
01/15/2017 08:00:00 AM,6,3,3
01/15/2017 09:00:00 AM,6,2,4
01/15/2017 10:00:00 AM,3,0,3
01/15/2017 11:00:00 AM,10,8,2
01/15/2017 12:00:00 PM,12,6,6
01/15/2017 01:00:00 PM,14,10,4
01/15/2017 02:00:00 PM,11,4,7
01/15/2017 03:00:00 PM,15,9,6
01/15/2017 04:00:00 PM,10,5,5
01/15/2017 05:00:00 PM,11,6,5
01/15/2017 06:00:00 PM,14,4,10
01/15/2017 07:00:00 PM,7,5,2
01/15/2017 08:00:00 PM,6,2,4
01/15/2017 09:00:00 PM,5,2,3
01/15/2017 10:00:00 PM,2,0,2
01/15/2017 11:00:00 PM,2,0,2
01/16/2017 12:00:00 AM,1,0,1
01/16/2017 01:00:00 AM,6,5,1
01/16/2017 02:00:00 AM,0,0,0
01/16/2017 03:00:00 AM,0,0,0
01/16/2017 04:00:00 AM,0,0,0
01/16/2017 05:00:00 AM,3,0,3
01/16/2017 06:00:00 AM,9,3,6
01/16/2017 07:00:00 AM,10,4,6
01/16/2017 08:00:00 AM,16,3,13
01/16/2017 09:00:00 AM,8,4,4
01/16/2017 10:00:00 AM,12,4,8
01/16/2017 11:00:00 AM,4,2,2
01/16/2017 12:00:00 PM,5,1,4
01/16/2017 01:00:00 PM,7,2,5
01/16/2017 02:00:00 PM,13,7,6
01/16/2017 03:00:00 PM,11,6,5
01/16/2017 04:00:00 PM,25,14,11
01/16/2017 05:00:00 PM,13,7,6
01/16/2017 06:00:00 PM,27,16,11
01/16/2017 07:00:00 PM,13,7,6
01/16/2017 08:00:00 PM,6,2,4
01/16/2017 09:00:00 PM,8,2,6
01/16/2017 10:00:00 PM,5,1,4
01/16/2017 11:00:00 PM,2,1,1
01/17/2017 12:00:00 AM,2,1,1
01/17/2017 01:00:00 AM,0,0,0
01/17/2017 02:00:00 AM,1,0,1
01/17/2017 03:00:00 AM,0,0,0
01/17/2017 04:00:00 AM,0,0,0
01/17/2017 05:00:00 AM,1,1,0
01/17/2017 06:00:00 AM,10,1,9
01/17/2017 07:00:00 AM,21,4,17
01/17/2017 08:00:00 AM,33,10,23
01/17/2017 09:00:00 AM,16,8,8
01/17/2017 10:00:00 AM,13,4,9
01/17/2017 11:00:00 AM,5,3,2
01/17/2017 12:00:00 PM,4,1,3
01/17/2017 01:00:00 PM,9,6,3
01/17/2017 02:00:00 PM,14,9,5
01/17/2017 03:00:00 PM,10,6,4
01/17/2017 04:00:00 PM,16,12,4
01/17/2017 05:00:00 PM,37,26,11
01/17/2017 06:00:00 PM,14,5,9
01/17/2017 07:00:00 PM,6,3,3
01/17/2017 08:00:00 PM,9,4,5
01/17/2017 09:00:00 PM,7,3,4
01/17/2017 10:00:00 PM,2,0,2
01/17/2017 11:00:00 PM,1,1,0
01/18/2017 12:00:00 AM,0,0,0
01/18/2017 01:00:00 AM,0,0,0
01/18/2017 02:00:00 AM,0,0,0
01/18/2017 03:00:00 AM,0,0,0
01/18/2017 04:00:00 AM,0,0,0
01/18/2017 05:00:00 AM,2,0,2
01/18/2017 06:00:00 AM,6,0,6
01/18/2017 07:00:00 AM,17,3,14
01/18/2017 08:00:00 AM,19,5,14
01/18/2017 09:00:00 AM,5,3,2
01/18/2017 10:00:00 AM,10,2,8
01/18/2017 11:00:00 AM,4,1,3
01/18/2017 12:00:00 PM,10,2,8
01/18/2017 01:00:00 PM,6,4,2
01/18/2017 02:00:00 PM,10,5,5
01/18/2017 03:00:00 PM,5,3,2
01/18/2017 04:00:00 PM,20,11,9
01/18/2017 05:00:00 PM,29,21,8
01/18/2017 06:00:00 PM,19,12,7
01/18/2017 07:00:00 PM,12,8,4
01/18/2017 08:00:00 PM,13,4,9
01/18/2017 09:00:00 PM,8,3,5
01/18/2017 10:00:00 PM,2,1,1
01/18/2017 11:00:00 PM,2,1,1
01/19/2017 12:00:00 AM,0,0,0
01/19/2017 01:00:00 AM,0,0,0
01/19/2017 02:00:00 AM,0,0,0
01/19/2017 03:00:00 AM,0,0,0
01/19/2017 04:00:00 AM,2,0,2
01/19/2017 05:00:00 AM,3,0,3
01/19/2017 06:00:00 AM,12,1,11
01/19/2017 07:00:00 AM,23,6,17
01/19/2017 08:00:00 AM,18,4,14
01/19/2017 09:00:00 AM,17,9,8
01/19/2017 10:00:00 AM,9,4,5
01/19/2017 11:00:00 AM,4,2,2
01/19/2017 12:00:00 PM,10,5,5
01/19/2017 01:00:00 PM,8,2,6
01/19/2017 02:00:00 PM,6,2,4
01/19/2017 03:00:00 PM,6,5,1
01/19/2017 04:00:00 PM,20,11,9
01/19/2017 05:00:00 PM,33,20,13
01/19/2017 06:00:00 PM,23,15,8
01/19/2017 07:00:00 PM,12,5,7
01/19/2017 08:00:00 PM,7,3,4
01/19/2017 09:00:00 PM,15,6,9
01/19/2017 10:00:00 PM,4,3,1
01/19/2017 11:00:00 PM,2,1,1
01/20/2017 12:00:00 AM,2,1,1
01/20/2017 01:00:00 AM,1,1,0
01/20/2017 02:00:00 AM,0,0,0
01/20/2017 03:00:00 AM,0,0,0
01/20/2017 04:00:00 AM,0,0,0
01/20/2017 05:00:00 AM,3,0,3
01/20/2017 06:00:00 AM,4,0,4
01/20/2017 07:00:00 AM,18,4,14
01/20/2017 08:00:00 AM,24,5,19
01/20/2017 09:00:00 AM,12,2,10
01/20/2017 10:00:00 AM,9,3,6
01/20/2017 11:00:00 AM,8,2,6
01/20/2017 12:00:00 PM,8,1,7
01/20/2017 01:00:00 PM,10,5,5
01/20/2017 02:00:00 PM,13,5,8
01/20/2017 03:00:00 PM,10,6,4
01/20/2017 04:00:00 PM,25,19,6
01/20/2017 05:00:00 PM,26,17,9
01/20/2017 06:00:00 PM,24,10,14
01/20/2017 07:00:00 PM,13,9,4
01/20/2017 08:00:00 PM,16,11,5
01/20/2017 09:00:00 PM,7,3,4
01/20/2017 10:00:00 PM,6,6,0
01/20/2017 11:00:00 PM,3,1,2
01/21/2017 12:00:00 AM,3,3,0
01/21/2017 01:00:00 AM,2,0,2
01/21/2017 02:00:00 AM,2,1,1
01/21/2017 03:00:00 AM,0,0,0
01/21/2017 04:00:00 AM,0,0,0
01/21/2017 05:00:00 AM,2,0,2
01/21/2017 06:00:00 AM,4,0,4
01/21/2017 07:00:00 AM,8,4,4
01/21/2017 08:00:00 AM,7,2,5
01/21/2017 09:00:00 AM,6,1,5
01/21/2017 10:00:00 AM,22,3,19
01/21/2017 11:00:00 AM,18,4,14
01/21/2017 12:00:00 PM,18,11,7
01/21/2017 01:00:00 PM,9,7,2
01/21/2017 02:00:00 PM,19,13,6
01/21/2017 03:00:00 PM,8,7,1
01/21/2017 04:00:00 PM,22,7,15
01/21/2017 05:00:00 PM,9,5,4
01/21/2017 06:00:00 PM,10,3,7
01/21/2017 07:00:00 PM,14,6,8
01/21/2017 08:00:00 PM,7,4,3
01/21/2017 09:00:00 PM,5,2,3
01/21/2017 10:00:00 PM,3,1,2
01/21/2017 11:00:00 PM,5,2,3
01/22/2017 12:00:00 AM,7,6,1
01/22/2017 01:00:00 AM,2,0,2
01/22/2017 02:00:00 AM,7,3,4
01/22/2017 03:00:00 AM,1,1,0
01/22/2017 04:00:00 AM,1,1,0
01/22/2017 05:00:00 AM,3,1,2
01/22/2017 06:00:00 AM,7,1,6
01/22/2017 07:00:00 AM,1,1,0
01/22/2017 08:00:00 AM,3,1,2
01/22/2017 09:00:00 AM,4,1,3
01/22/2017 10:00:00 AM,1,0,1
01/22/2017 11:00:00 AM,2,2,0
01/22/2017 12:00:00 PM,4,0,4
01/22/2017 01:00:00 PM,5,4,1
01/22/2017 02:00:00 PM,5,2,3
01/22/2017 03:00:00 PM,2,0,2
01/22/2017 04:00:00 PM,7,3,4
01/22/2017 05:00:00 PM,8,4,4
01/22/2017 06:00:00 PM,7,1,6
01/22/2017 07:00:00 PM,8,4,4
01/22/2017 08:00:00 PM,9,5,4
01/22/2017 09:00:00 PM,4,2,2
01/22/2017 10:00:00 PM,2,2,0
01/22/2017 11:00:00 PM,3,1,2
01/23/2017 12:00:00 AM,1,0,1
01/23/2017 01:00:00 AM,0,0,0
01/23/2017 02:00:00 AM,0,0,0
01/23/2017 03:00:00 AM,0,0,0
01/23/2017 04:00:00 AM,0,0,0
01/23/2017 05:00:00 AM,6,1,5
01/23/2017 06:00:00 AM,12,1,11
01/23/2017 07:00:00 AM,25,5,20
01/23/2017 08:00:00 AM,26,4,22
01/23/2017 09:00:00 AM,14,4,10
01/23/2017 10:00:00 AM,13,6,7
01/23/2017 11:00:00 AM,6,3,3
01/23/2017 12:00:00 PM,16,8,8
01/23/2017 01:00:00 PM,10,4,6
01/23/2017 02:00:00 PM,21,14,7
01/23/2017 03:00:00 PM,17,8,9
01/23/2017 04:00:00 PM,22,14,8
01/23/2017 05:00:00 PM,49,33,16
01/23/2017 06:00:00 PM,20,8,12
01/23/2017 07:00:00 PM,13,6,7
01/23/2017 08:00:00 PM,16,7,9
01/23/2017 09:00:00 PM,15,6,9
01/23/2017 10:00:00 PM,5,3,2
01/23/2017 11:00:00 PM,5,1,4
01/24/2017 12:00:00 AM,2,0,2
01/24/2017 01:00:00 AM,1,1,0
01/24/2017 02:00:00 AM,0,0,0
01/24/2017 03:00:00 AM,0,0,0
01/24/2017 04:00:00 AM,1,0,1
01/24/2017 05:00:00 AM,3,0,3
01/24/2017 06:00:00 AM,10,2,8
01/24/2017 07:00:00 AM,26,4,22
01/24/2017 08:00:00 AM,23,11,12
01/24/2017 09:00:00 AM,17,6,11
01/24/2017 10:00:00 AM,8,4,4
01/24/2017 11:00:00 AM,11,4,7
01/24/2017 12:00:00 PM,15,4,11
01/24/2017 01:00:00 PM,12,5,7
01/24/2017 02:00:00 PM,13,6,7
01/24/2017 03:00:00 PM,11,8,3
01/24/2017 04:00:00 PM,20,14,6
01/24/2017 05:00:00 PM,30,14,16
01/24/2017 06:00:00 PM,25,15,10
01/24/2017 07:00:00 PM,16,7,9
01/24/2017 08:00:00 PM,19,7,12
01/24/2017 09:00:00 PM,13,6,7
01/24/2017 10:00:00 PM,5,2,3
01/24/2017 11:00:00 PM,4,2,2
01/25/2017 12:00:00 AM,2,2,0
01/25/2017 01:00:00 AM,2,2,0
01/25/2017 02:00:00 AM,0,0,0
01/25/2017 03:00:00 AM,0,0,0
01/25/2017 04:00:00 AM,2,2,0
01/25/2017 05:00:00 AM,3,0,3
01/25/2017 06:00:00 AM,10,1,9
01/25/2017 07:00:00 AM,23,3,20
01/25/2017 08:00:00 AM,22,4,18
01/25/2017 09:00:00 AM,18,9,9
01/25/2017 10:00:00 AM,8,2,6
01/25/2017 11:00:00 AM,9,5,4
01/25/2017 12:00:00 PM,14,5,9
01/25/2017 01:00:00 PM,14,4,10
01/25/2017 02:00:00 PM,19,10,9
01/25/2017 03:00:00 PM,12,10,2
01/25/2017 04:00:00 PM,16,10,6
01/25/2017 05:00:00 PM,32,19,13
01/25/2017 06:00:00 PM,22,8,14
01/25/2017 07:00:00 PM,14,6,8
01/25/2017 08:00:00 PM,17,7,10
01/25/2017 09:00:00 PM,12,5,7
01/25/2017 10:00:00 PM,4,3,1
01/25/2017 11:00:00 PM,7,6,1
01/26/2017 12:00:00 AM,1,1,0
01/26/2017 01:00:00 AM,0,0,0
01/26/2017 02:00:00 AM,0,0,0
01/26/2017 03:00:00 AM,0,0,0
01/26/2017 04:00:00 AM,0,0,0
01/26/2017 05:00:00 AM,4,2,2
01/26/2017 06:00:00 AM,11,1,10
01/26/2017 07:00:00 AM,25,5,20
01/26/2017 08:00:00 AM,23,8,15
01/26/2017 09:00:00 AM,22,13,9
01/26/2017 10:00:00 AM,5,2,3
01/26/2017 11:00:00 AM,13,7,6
01/26/2017 12:00:00 PM,9,2,7
01/26/2017 01:00:00 PM,12,4,8
01/26/2017 02:00:00 PM,12,5,7
01/26/2017 03:00:00 PM,13,7,6
01/26/2017 04:00:00 PM,22,15,7
01/26/2017 05:00:00 PM,31,21,10
01/26/2017 06:00:00 PM,27,10,17
01/26/2017 07:00:00 PM,12,5,7
01/26/2017 08:00:00 PM,18,8,10
01/26/2017 09:00:00 PM,16,6,10
01/26/2017 10:00:00 PM,4,3,1
01/26/2017 11:00:00 PM,4,3,1
01/27/2017 12:00:00 AM,3,1,2
01/27/2017 01:00:00 AM,0,0,0
01/27/2017 02:00:00 AM,0,0,0
01/27/2017 03:00:00 AM,0,0,0
01/27/2017 04:00:00 AM,0,0,0
01/27/2017 05:00:00 AM,6,2,4
01/27/2017 06:00:00 AM,13,3,10
01/27/2017 07:00:00 AM,20,5,15
01/27/2017 08:00:00 AM,26,8,18
01/27/2017 09:00:00 AM,15,3,12
01/27/2017 10:00:00 AM,13,3,10
01/27/2017 11:00:00 AM,10,5,5
01/27/2017 12:00:00 PM,15,7,8
01/27/2017 01:00:00 PM,13,6,7
01/27/2017 02:00:00 PM,19,10,9
01/27/2017 03:00:00 PM,13,5,8
01/27/2017 04:00:00 PM,33,26,7
01/27/2017 05:00:00 PM,43,22,21
01/27/2017 06:00:00 PM,14,5,9
01/27/2017 07:00:00 PM,22,13,9
01/27/2017 08:00:00 PM,12,7,5
01/27/2017 09:00:00 PM,14,9,5
01/27/2017 10:00:00 PM,4,3,1
01/27/2017 11:00:00 PM,8,4,4
01/28/2017 12:00:00 AM,9,4,5
01/28/2017 01:00:00 AM,4,3,1
01/28/2017 02:00:00 AM,1,0,1
01/28/2017 03:00:00 AM,2,1,1
01/28/2017 04:00:00 AM,1,1,0
01/28/2017 05:00:00 AM,3,0,3
01/28/2017 06:00:00 AM,4,1,3
01/28/2017 07:00:00 AM,5,1,4
01/28/2017 08:00:00 AM,4,2,2
01/28/2017 09:00:00 AM,5,2,3
01/28/2017 10:00:00 AM,7,2,5
01/28/2017 11:00:00 AM,6,4,2
01/28/2017 12:00:00 PM,8,4,4
01/28/2017 01:00:00 PM,14,6,8
01/28/2017 02:00:00 PM,11,5,6
01/28/2017 03:00:00 PM,12,5,7
01/28/2017 04:00:00 PM,12,7,5
01/28/2017 05:00:00 PM,12,5,7
01/28/2017 06:00:00 PM,7,3,4
01/28/2017 07:00:00 PM,6,2,4
01/28/2017 08:00:00 PM,8,6,2
01/28/2017 09:00:00 PM,3,3,0
01/28/2017 10:00:00 PM,5,2,3
01/28/2017 11:00:00 PM,8,4,4
01/29/2017 12:00:00 AM,6,2,4
01/29/2017 01:00:00 AM,10,3,7
01/29/2017 02:00:00 AM,11,2,9
01/29/2017 03:00:00 AM,0,0,0
01/29/2017 04:00:00 AM,0,0,0
01/29/2017 05:00:00 AM,1,0,1
01/29/2017 06:00:00 AM,3,0,3
01/29/2017 07:00:00 AM,4,2,2
01/29/2017 08:00:00 AM,7,5,2
01/29/2017 09:00:00 AM,8,3,5
01/29/2017 10:00:00 AM,5,5,0
01/29/2017 11:00:00 AM,13,5,8
01/29/2017 12:00:00 PM,16,6,10
01/29/2017 01:00:00 PM,11,2,9
01/29/2017 02:00:00 PM,12,5,7
01/29/2017 03:00:00 PM,10,6,4
01/29/2017 04:00:00 PM,15,8,7
01/29/2017 05:00:00 PM,15,9,6
01/29/2017 06:00:00 PM,15,4,11
01/29/2017 07:00:00 PM,17,9,8
01/29/2017 08:00:00 PM,11,4,7
01/29/2017 09:00:00 PM,5,1,4
01/29/2017 10:00:00 PM,12,10,2
01/29/2017 11:00:00 PM,2,2,0
01/30/2017 12:00:00 AM,0,0,0
01/30/2017 01:00:00 AM,2,0,2
01/30/2017 02:00:00 AM,0,0,0
01/30/2017 03:00:00 AM,1,0,1
01/30/2017 04:00:00 AM,0,0,0
01/30/2017 05:00:00 AM,6,1,5
01/30/2017 06:00:00 AM,8,2,6
01/30/2017 07:00:00 AM,28,4,24
01/30/2017 08:00:00 AM,31,9,22
01/30/2017 09:00:00 AM,14,5,9
01/30/2017 10:00:00 AM,9,3,6
01/30/2017 11:00:00 AM,11,9,2
01/30/2017 12:00:00 PM,12,3,9
01/30/2017 01:00:00 PM,6,4,2
01/30/2017 02:00:00 PM,9,7,2
01/30/2017 03:00:00 PM,14,9,5
01/30/2017 04:00:00 PM,22,15,7
01/30/2017 05:00:00 PM,37,20,17
01/30/2017 06:00:00 PM,23,11,12
01/30/2017 07:00:00 PM,12,7,5
01/30/2017 08:00:00 PM,14,8,6
01/30/2017 09:00:00 PM,9,4,5
01/30/2017 10:00:00 PM,2,0,2
01/30/2017 11:00:00 PM,1,1,0
01/31/2017 12:00:00 AM,2,1,1
01/31/2017 01:00:00 AM,1,0,1
01/31/2017 02:00:00 AM,0,0,0
01/31/2017 03:00:00 AM,0,0,0
01/31/2017 04:00:00 AM,2,0,2
01/31/2017 05:00:00 AM,4,0,4
01/31/2017 06:00:00 AM,10,2,8
01/31/2017 07:00:00 AM,23,5,18
01/31/2017 08:00:00 AM,27,10,17
01/31/2017 09:00:00 AM,17,5,12
01/31/2017 10:00:00 AM,9,2,7
01/31/2017 11:00:00 AM,11,4,7
01/31/2017 12:00:00 PM,12,6,6
01/31/2017 01:00:00 PM,20,8,12
01/31/2017 02:00:00 PM,12,7,5
01/31/2017 03:00:00 PM,18,15,3
01/31/2017 04:00:00 PM,17,13,4
01/31/2017 05:00:00 PM,37,22,15
01/31/2017 06:00:00 PM,30,15,15
01/31/2017 07:00:00 PM,14,7,7
01/31/2017 08:00:00 PM,8,3,5
01/31/2017 09:00:00 PM,16,12,4
01/31/2017 10:00:00 PM,9,4,5
01/31/2017 11:00:00 PM,7,4,3
02/01/2017 12:00:00 AM,1,0,1
02/01/2017 01:00:00 AM,0,0,0
02/01/2017 02:00:00 AM,0,0,0
02/01/2017 03:00:00 AM,0,0,0
02/01/2017 04:00:00 AM,3,1,2
02/01/2017 05:00:00 AM,5,0,5
02/01/2017 06:00:00 AM,8,1,7
02/01/2017 07:00:00 AM,15,2,13
02/01/2017 08:00:00 AM,36,10,26
02/01/2017 09:00:00 AM,18,9,9
02/01/2017 10:00:00 AM,11,1,10
02/01/2017 11:00:00 AM,3,3,0
02/01/2017 12:00:00 PM,21,7,14
02/01/2017 01:00:00 PM,19,11,8
02/01/2017 02:00:00 PM,20,11,9
02/01/2017 03:00:00 PM,14,8,6
02/01/2017 04:00:00 PM,20,13,7
02/01/2017 05:00:00 PM,47,26,21
02/01/2017 06:00:00 PM,33,21,12
02/01/2017 07:00:00 PM,32,18,14
02/01/2017 08:00:00 PM,16,11,5
02/01/2017 09:00:00 PM,7,4,3
02/01/2017 10:00:00 PM,6,3,3
02/01/2017 11:00:00 PM,4,1,3
02/02/2017 12:00:00 AM,0,0,0
02/02/2017 01:00:00 AM,0,0,0
02/02/2017 02:00:00 AM,1,1,0
02/02/2017 03:00:00 AM,0,0,0
02/02/2017 04:00:00 AM,1,1,0
02/02/2017 05:00:00 AM,6,1,5
02/02/2017 06:00:00 AM,11,0,11
02/02/2017 07:00:00 AM,19,5,14
02/02/2017 08:00:00 AM,27,6,21
02/02/2017 09:00:00 AM,12,4,8
02/02/2017 10:00:00 AM,9,4,5
02/02/2017 11:00:00 AM,7,2,5
02/02/2017 12:00:00 PM,11,6,5
02/02/2017 01:00:00 PM,9,4,5
02/02/2017 02:00:00 PM,8,2,6
02/02/2017 03:00:00 PM,15,11,4
02/02/2017 04:00:00 PM,19,8,11
02/02/2017 05:00:00 PM,30,18,12
02/02/2017 06:00:00 PM,27,14,13
02/02/2017 07:00:00 PM,17,7,10
02/02/2017 08:00:00 PM,11,7,4
02/02/2017 09:00:00 PM,14,10,4
02/02/2017 10:00:00 PM,6,2,4
02/02/2017 11:00:00 PM,41,34,7
02/03/2017 12:00:00 AM,4,2,2
02/03/2017 01:00:00 AM,6,2,4
02/03/2017 02:00:00 AM,0,0,0
02/03/2017 03:00:00 AM,0,0,0
02/03/2017 04:00:00 AM,0,0,0
02/03/2017 05:00:00 AM,3,1,2
02/03/2017 06:00:00 AM,2,1,1
02/03/2017 07:00:00 AM,11,1,10
02/03/2017 08:00:00 AM,20,3,17
02/03/2017 09:00:00 AM,15,9,6
02/03/2017 10:00:00 AM,10,4,6
02/03/2017 11:00:00 AM,10,8,2
02/03/2017 12:00:00 PM,6,1,5
02/03/2017 01:00:00 PM,9,5,4
02/03/2017 02:00:00 PM,7,4,3
02/03/2017 03:00:00 PM,8,6,2
02/03/2017 04:00:00 PM,8,5,3
02/03/2017 05:00:00 PM,14,7,7
02/03/2017 06:00:00 PM,13,11,2
02/03/2017 07:00:00 PM,5,3,2
02/03/2017 08:00:00 PM,2,1,1
02/03/2017 09:00:00 PM,6,4,2
02/03/2017 10:00:00 PM,5,1,4
02/03/2017 11:00:00 PM,3,1,2
02/04/2017 12:00:00 AM,0,0,0
02/04/2017 01:00:00 AM,2,2,0
02/04/2017 02:00:00 AM,0,0,0
02/04/2017 03:00:00 AM,0,0,0
02/04/2017 04:00:00 AM,1,1,0
02/04/2017 05:00:00 AM,2,0,2
02/04/2017 06:00:00 AM,4,1,3
02/04/2017 07:00:00 AM,3,0,3
02/04/2017 08:00:00 AM,2,0,2
02/04/2017 09:00:00 AM,5,0,5
02/04/2017 10:00:00 AM,9,4,5
02/04/2017 11:00:00 AM,2,2,0
02/04/2017 12:00:00 PM,7,3,4
02/04/2017 01:00:00 PM,6,3,3
02/04/2017 02:00:00 PM,6,3,3
02/04/2017 03:00:00 PM,5,3,2
02/04/2017 04:00:00 PM,5,4,1
02/04/2017 05:00:00 PM,5,2,3
02/04/2017 06:00:00 PM,5,5,0
02/04/2017 07:00:00 PM,3,0,3
02/04/2017 08:00:00 PM,4,2,2
02/04/2017 09:00:00 PM,1,0,1
02/04/2017 10:00:00 PM,2,0,2
02/04/2017 11:00:00 PM,5,4,1
02/05/2017 12:00:00 AM,4,3,1
02/05/2017 01:00:00 AM,0,0,0
02/05/2017 02:00:00 AM,2,1,1
02/05/2017 03:00:00 AM,0,0,0
02/05/2017 04:00:00 AM,2,2,0
02/05/2017 05:00:00 AM,0,0,0
02/05/2017 06:00:00 AM,3,1,2
02/05/2017 07:00:00 AM,2,0,2
02/05/2017 08:00:00 AM,2,1,1
02/05/2017 09:00:00 AM,1,0,1
02/05/2017 10:00:00 AM,2,1,1
02/05/2017 11:00:00 AM,9,5,4
02/05/2017 12:00:00 PM,1,1,0
02/05/2017 01:00:00 PM,5,3,2
02/05/2017 02:00:00 PM,5,2,3
02/05/2017 03:00:00 PM,7,2,5
02/05/2017 04:00:00 PM,8,5,3
02/05/2017 05:00:00 PM,3,0,3
02/05/2017 06:00:00 PM,7,4,3
02/05/2017 07:00:00 PM,4,2,2
02/05/2017 08:00:00 PM,5,2,3
02/05/2017 09:00:00 PM,2,0,2
02/05/2017 10:00:00 PM,2,0,2
02/05/2017 11:00:00 PM,1,1,0
02/06/2017 12:00:00 AM,0,0,0
02/06/2017 01:00:00 AM,0,0,0
02/06/2017 02:00:00 AM,0,0,0
02/06/2017 03:00:00 AM,0,0,0
02/06/2017 04:00:00 AM,1,0,1
02/06/2017 05:00:00 AM,0,0,0
02/06/2017 06:00:00 AM,5,1,4
02/06/2017 07:00:00 AM,4,0,4
02/06/2017 08:00:00 AM,4,1,3
02/06/2017 09:00:00 AM,3,1,2
02/06/2017 10:00:00 AM,4,1,3
02/06/2017 11:00:00 AM,2,1,1
02/06/2017 12:00:00 PM,0,0,0
02/06/2017 01:00:00 PM,1,1,0
02/06/2017 02:00:00 PM,1,0,1
02/06/2017 03:00:00 PM,1,1,0
02/06/2017 04:00:00 PM,1,0,1
02/06/2017 05:00:00 PM,4,2,2
02/06/2017 06:00:00 PM,0,0,0
02/06/2017 07:00:00 PM,1,1,0
02/06/2017 08:00:00 PM,0,0,0
02/06/2017 09:00:00 PM,1,0,1
02/06/2017 10:00:00 PM,0,0,0
02/06/2017 11:00:00 PM,2,2,0
02/07/2017 12:00:00 AM,0,0,0
02/07/2017 01:00:00 AM,0,0,0
02/07/2017 02:00:00 AM,0,0,0
02/07/2017 03:00:00 AM,0,0,0
02/07/2017 04:00:00 AM,0,0,0
02/07/2017 05:00:00 AM,0,0,0
02/07/2017 06:00:00 AM,1,0,1
02/07/2017 07:00:00 AM,3,0,3
02/07/2017 08:00:00 AM,5,3,2
02/07/2017 09:00:00 AM,3,1,2
02/07/2017 10:00:00 AM,6,3,3
02/07/2017 11:00:00 AM,3,1,2
02/07/2017 12:00:00 PM,4,1,3
02/07/2017 01:00:00 PM,7,5,2
02/07/2017 02:00:00 PM,6,3,3
02/07/2017 03:00:00 PM,4,1,3
02/07/2017 04:00:00 PM,8,3,5
02/07/2017 05:00:00 PM,20,12,8
02/07/2017 06:00:00 PM,14,8,6
02/07/2017 07:00:00 PM,6,4,2
02/07/2017 08:00:00 PM,9,6,3
02/07/2017 09:00:00 PM,5,3,2
02/07/2017 10:00:00 PM,3,2,1
02/07/2017 11:00:00 PM,1,1,0
02/08/2017 12:00:00 AM,0,0,0
02/08/2017 01:00:00 AM,0,0,0
02/08/2017 02:00:00 AM,0,0,0
02/08/2017 03:00:00 AM,0,0,0
02/08/2017 04:00:00 AM,1,1,0
02/08/2017 05:00:00 AM,5,1,4
02/08/2017 06:00:00 AM,8,2,6
02/08/2017 07:00:00 AM,18,2,16
02/08/2017 08:00:00 AM,17,2,15
02/08/2017 09:00:00 AM,14,6,8
02/08/2017 10:00:00 AM,9,5,4
02/08/2017 11:00:00 AM,5,4,1
02/08/2017 12:00:00 PM,7,2,5
02/08/2017 01:00:00 PM,7,2,5
02/08/2017 02:00:00 PM,10,7,3
02/08/2017 03:00:00 PM,9,6,3
02/08/2017 04:00:00 PM,19,17,2
02/08/2017 05:00:00 PM,14,7,7
02/08/2017 06:00:00 PM,19,9,10
02/08/2017 07:00:00 PM,13,8,5
02/08/2017 08:00:00 PM,3,3,0
02/08/2017 09:00:00 PM,5,3,2
02/08/2017 10:00:00 PM,2,2,0
02/08/2017 11:00:00 PM,0,0,0
02/09/2017 12:00:00 AM,0,0,0
02/09/2017 01:00:00 AM,0,0,0
02/09/2017 02:00:00 AM,1,0,1
02/09/2017 03:00:00 AM,0,0,0
02/09/2017 04:00:00 AM,1,0,1
02/09/2017 05:00:00 AM,5,1,4
02/09/2017 06:00:00 AM,3,1,2
02/09/2017 07:00:00 AM,11,1,10
02/09/2017 08:00:00 AM,16,4,12
02/09/2017 09:00:00 AM,8,5,3
02/09/2017 10:00:00 AM,8,2,6
02/09/2017 11:00:00 AM,7,4,3
02/09/2017 12:00:00 PM,8,5,3
02/09/2017 01:00:00 PM,7,5,2
02/09/2017 02:00:00 PM,7,5,2
02/09/2017 03:00:00 PM,12,7,5
02/09/2017 04:00:00 PM,14,10,4
02/09/2017 05:00:00 PM,26,18,8
02/09/2017 06:00:00 PM,17,8,9
02/09/2017 07:00:00 PM,10,5,5
02/09/2017 08:00:00 PM,12,6,6
02/09/2017 09:00:00 PM,7,7,0
02/09/2017 10:00:00 PM,3,3,0
02/09/2017 11:00:00 PM,2,0,2
02/10/2017 12:00:00 AM,2,0,2
02/10/2017 01:00:00 AM,2,2,0
02/10/2017 02:00:00 AM,0,0,0
02/10/2017 03:00:00 AM,0,0,0
02/10/2017 04:00:00 AM,2,1,1
02/10/2017 05:00:00 AM,4,1,3
02/10/2017 06:00:00 AM,7,1,6
02/10/2017 07:00:00 AM,16,3,13
02/10/2017 08:00:00 AM,29,12,17
02/10/2017 09:00:00 AM,12,3,9
02/10/2017 10:00:00 AM,9,6,3
02/10/2017 11:00:00 AM,6,2,4
02/10/2017 12:00:00 PM,11,3,8
02/10/2017 01:00:00 PM,9,3,6
02/10/2017 02:00:00 PM,11,7,4
02/10/2017 03:00:00 PM,11,8,3
02/10/2017 04:00:00 PM,24,17,7
02/10/2017 05:00:00 PM,29,18,11
02/10/2017 06:00:00 PM,17,7,10
02/10/2017 07:00:00 PM,8,5,3
02/10/2017 08:00:00 PM,13,8,5
02/10/2017 09:00:00 PM,4,2,2
02/10/2017 10:00:00 PM,3,1,2
02/10/2017 11:00:00 PM,4,3,1
02/11/2017 12:00:00 AM,2,2,0
02/11/2017 01:00:00 AM,2,2,0
02/11/2017 02:00:00 AM,2,1,1
02/11/2017 03:00:00 AM,0,0,0
02/11/2017 04:00:00 AM,1,1,0
02/11/2017 05:00:00 AM,2,0,2
02/11/2017 06:00:00 AM,6,2,4
02/11/2017 07:00:00 AM,4,1,3
02/11/2017 08:00:00 AM,2,0,2
02/11/2017 09:00:00 AM,3,1,2
02/11/2017 10:00:00 AM,7,1,6
02/11/2017 11:00:00 AM,13,7,6
02/11/2017 12:00:00 PM,10,4,6
02/11/2017 01:00:00 PM,11,4,7
02/11/2017 02:00:00 PM,13,8,5
02/11/2017 03:00:00 PM,12,6,6
02/11/2017 04:00:00 PM,12,6,6
02/11/2017 05:00:00 PM,13,10,3
02/11/2017 06:00:00 PM,10,2,8
02/11/2017 07:00:00 PM,12,5,7
02/11/2017 08:00:00 PM,7,4,3
02/11/2017 09:00:00 PM,0,0,0
02/11/2017 10:00:00 PM,4,0,4
02/11/2017 11:00:00 PM,4,3,1
02/12/2017 12:00:00 AM,5,2,3
02/12/2017 01:00:00 AM,2,2,0
02/12/2017 02:00:00 AM,0,0,0
02/12/2017 03:00:00 AM,0,0,0
02/12/2017 04:00:00 AM,0,0,0
02/12/2017 05:00:00 AM,1,1,0
02/12/2017 06:00:00 AM,3,0,3
02/12/2017 07:00:00 AM,2,1,1
02/12/2017 08:00:00 AM,5,3,2
02/12/2017 09:00:00 AM,5,1,4
02/12/2017 10:00:00 AM,4,4,0
02/12/2017 11:00:00 AM,13,8,5
02/12/2017 12:00:00 PM,9,3,6
02/12/2017 01:00:00 PM,12,6,6
02/12/2017 02:00:00 PM,17,10,7
02/12/2017 03:00:00 PM,24,12,12
02/12/2017 04:00:00 PM,20,11,9
02/12/2017 05:00:00 PM,8,4,4
02/12/2017 06:00:00 PM,25,8,17
02/12/2017 07:00:00 PM,7,4,3
02/12/2017 08:00:00 PM,7,3,4
02/12/2017 09:00:00 PM,10,3,7
02/12/2017 10:00:00 PM,3,1,2
02/12/2017 11:00:00 PM,1,1,0
02/13/2017 12:00:00 AM,1,1,0
02/13/2017 01:00:00 AM,2,0,2
02/13/2017 02:00:00 AM,0,0,0
02/13/2017 03:00:00 AM,0,0,0
02/13/2017 04:00:00 AM,1,0,1
02/13/2017 05:00:00 AM,3,1,2
02/13/2017 06:00:00 AM,12,0,12
02/13/2017 07:00:00 AM,30,5,25
02/13/2017 08:00:00 AM,40,16,24
02/13/2017 09:00:00 AM,20,9,11
02/13/2017 10:00:00 AM,20,8,12
02/13/2017 11:00:00 AM,8,4,4
02/13/2017 12:00:00 PM,21,12,9
02/13/2017 01:00:00 PM,10,5,5
02/13/2017 02:00:00 PM,9,5,4
02/13/2017 03:00:00 PM,16,12,4
02/13/2017 04:00:00 PM,28,21,7
02/13/2017 05:00:00 PM,40,29,11
02/13/2017 06:00:00 PM,27,10,17
02/13/2017 07:00:00 PM,18,9,9
02/13/2017 08:00:00 PM,13,5,8
02/13/2017 09:00:00 PM,9,3,6
02/13/2017 10:00:00 PM,7,2,5
02/13/2017 11:00:00 PM,3,2,1
02/14/2017 12:00:00 AM,3,1,2
02/14/2017 01:00:00 AM,0,0,0
02/14/2017 02:00:00 AM,2,1,1
02/14/2017 03:00:00 AM,0,0,0
02/14/2017 04:00:00 AM,1,1,0
02/14/2017 05:00:00 AM,4,1,3
02/14/2017 06:00:00 AM,13,1,12
02/14/2017 07:00:00 AM,25,7,18
02/14/2017 08:00:00 AM,42,13,29
02/14/2017 09:00:00 AM,14,6,8
02/14/2017 10:00:00 AM,10,4,6
02/14/2017 11:00:00 AM,10,4,6
02/14/2017 12:00:00 PM,9,6,3
02/14/2017 01:00:00 PM,14,5,9
02/14/2017 02:00:00 PM,15,8,7
02/14/2017 03:00:00 PM,20,10,10
02/14/2017 04:00:00 PM,25,15,10
02/14/2017 05:00:00 PM,33,20,13
02/14/2017 06:00:00 PM,28,17,11
02/14/2017 07:00:00 PM,13,4,9
02/14/2017 08:00:00 PM,18,10,8
02/14/2017 09:00:00 PM,10,3,7
02/14/2017 10:00:00 PM,6,1,5
02/14/2017 11:00:00 PM,5,3,2
02/15/2017 12:00:00 AM,1,1,0
02/15/2017 01:00:00 AM,0,0,0
02/15/2017 02:00:00 AM,0,0,0
02/15/2017 03:00:00 AM,0,0,0
02/15/2017 04:00:00 AM,1,1,0
02/15/2017 05:00:00 AM,2,0,2
02/15/2017 06:00:00 AM,7,2,5
02/15/2017 07:00:00 AM,19,6,13
02/15/2017 08:00:00 AM,27,9,18
02/15/2017 09:00:00 AM,12,4,8
02/15/2017 10:00:00 AM,15,7,8
02/15/2017 11:00:00 AM,9,4,5
02/15/2017 12:00:00 PM,10,3,7
02/15/2017 01:00:00 PM,5,2,3
02/15/2017 02:00:00 PM,11,9,2
02/15/2017 03:00:00 PM,8,5,3
02/15/2017 04:00:00 PM,14,11,3
02/15/2017 05:00:00 PM,25,18,7
02/15/2017 06:00:00 PM,19,11,8
02/15/2017 07:00:00 PM,16,7,9
02/15/2017 08:00:00 PM,7,5,2
02/15/2017 09:00:00 PM,12,7,5
02/15/2017 10:00:00 PM,4,3,1
02/15/2017 11:00:00 PM,2,2,0
02/16/2017 12:00:00 AM,0,0,0
02/16/2017 01:00:00 AM,0,0,0
02/16/2017 02:00:00 AM,0,0,0
02/16/2017 03:00:00 AM,1,0,1
02/16/2017 04:00:00 AM,3,0,3
02/16/2017 05:00:00 AM,1,0,1
02/16/2017 06:00:00 AM,8,1,7
02/16/2017 07:00:00 AM,24,5,19
02/16/2017 08:00:00 AM,26,6,20
02/16/2017 09:00:00 AM,16,5,11
02/16/2017 10:00:00 AM,13,5,8
02/16/2017 11:00:00 AM,13,4,9
02/16/2017 12:00:00 PM,18,12,6
02/16/2017 01:00:00 PM,7,2,5
02/16/2017 02:00:00 PM,6,4,2
02/16/2017 03:00:00 PM,14,6,8
02/16/2017 04:00:00 PM,12,8,4
02/16/2017 05:00:00 PM,37,22,15
02/16/2017 06:00:00 PM,19,6,13
02/16/2017 07:00:00 PM,14,6,8
02/16/2017 08:00:00 PM,23,9,14
02/16/2017 09:00:00 PM,18,9,9
02/16/2017 10:00:00 PM,7,7,0
02/16/2017 11:00:00 PM,6,5,1
02/17/2017 12:00:00 AM,3,0,3
02/17/2017 01:00:00 AM,3,1,2
02/17/2017 02:00:00 AM,0,0,0
02/17/2017 03:00:00 AM,0,0,0
02/17/2017 04:00:00 AM,1,0,1
02/17/2017 05:00:00 AM,3,0,3
02/17/2017 06:00:00 AM,12,3,9
02/17/2017 07:00:00 AM,28,5,23
02/17/2017 08:00:00 AM,22,7,15
02/17/2017 09:00:00 AM,16,4,12
02/17/2017 10:00:00 AM,18,6,12
02/17/2017 11:00:00 AM,18,15,3
02/17/2017 12:00:00 PM,5,2,3
02/17/2017 01:00:00 PM,12,5,7
02/17/2017 02:00:00 PM,15,7,8
02/17/2017 03:00:00 PM,25,15,10
02/17/2017 04:00:00 PM,33,24,9
02/17/2017 05:00:00 PM,33,22,11
02/17/2017 06:00:00 PM,25,12,13
02/17/2017 07:00:00 PM,8,5,3
02/17/2017 08:00:00 PM,13,6,7
02/17/2017 09:00:00 PM,8,3,5
02/17/2017 10:00:00 PM,6,3,3
02/17/2017 11:00:00 PM,11,5,6
02/18/2017 12:00:00 AM,9,4,5
02/18/2017 01:00:00 AM,4,2,2
02/18/2017 02:00:00 AM,0,0,0
02/18/2017 03:00:00 AM,0,0,0
02/18/2017 04:00:00 AM,1,1,0
02/18/2017 05:00:00 AM,1,0,1
02/18/2017 06:00:00 AM,8,1,7
02/18/2017 07:00:00 AM,6,2,4
02/18/2017 08:00:00 AM,4,3,1
02/18/2017 09:00:00 AM,4,1,3
02/18/2017 10:00:00 AM,3,1,2
02/18/2017 11:00:00 AM,5,4,1
02/18/2017 12:00:00 PM,7,4,3
02/18/2017 01:00:00 PM,8,5,3
02/18/2017 02:00:00 PM,12,6,6
02/18/2017 03:00:00 PM,2,2,0
02/18/2017 04:00:00 PM,9,6,3
02/18/2017 05:00:00 PM,16,6,10
02/18/2017 06:00:00 PM,12,6,6
02/18/2017 07:00:00 PM,10,3,7
02/18/2017 08:00:00 PM,6,2,4
02/18/2017 09:00:00 PM,5,2,3
02/18/2017 10:00:00 PM,7,1,6
02/18/2017 11:00:00 PM,4,4,0
02/19/2017 12:00:00 AM,3,0,3
02/19/2017 01:00:00 AM,7,4,3
02/19/2017 02:00:00 AM,6,1,5
02/19/2017 03:00:00 AM,0,0,0
02/19/2017 04:00:00 AM,0,0,0
02/19/2017 05:00:00 AM,0,0,0
02/19/2017 06:00:00 AM,3,0,3
02/19/2017 07:00:00 AM,9,6,3
02/19/2017 08:00:00 AM,3,1,2
02/19/2017 09:00:00 AM,2,1,1
02/19/2017 10:00:00 AM,2,0,2
02/19/2017 11:00:00 AM,4,2,2
02/19/2017 12:00:00 PM,7,6,1
02/19/2017 01:00:00 PM,9,4,5
02/19/2017 02:00:00 PM,8,2,6
02/19/2017 03:00:00 PM,12,3,9
02/19/2017 04:00:00 PM,4,2,2
02/19/2017 05:00:00 PM,3,0,3
02/19/2017 06:00:00 PM,5,1,4
02/19/2017 07:00:00 PM,4,1,3
02/19/2017 08:00:00 PM,2,1,1
02/19/2017 09:00:00 PM,4,0,4
02/19/2017 10:00:00 PM,3,1,2
02/19/2017 11:00:00 PM,5,3,2
02/20/2017 12:00:00 AM,2,0,2
02/20/2017 01:00:00 AM,2,1,1
02/20/2017 02:00:00 AM,1,1,0
02/20/2017 03:00:00 AM,0,0,0
02/20/2017 04:00:00 AM,0,0,0
02/20/2017 05:00:00 AM,4,1,3
02/20/2017 06:00:00 AM,7,3,4
02/20/2017 07:00:00 AM,10,2,8
02/20/2017 08:00:00 AM,13,2,11
02/20/2017 09:00:00 AM,6,3,3
02/20/2017 10:00:00 AM,6,4,2
02/20/2017 11:00:00 AM,3,2,1
02/20/2017 12:00:00 PM,3,2,1
02/20/2017 01:00:00 PM,5,4,1
02/20/2017 02:00:00 PM,11,5,6
02/20/2017 03:00:00 PM,4,3,1
02/20/2017 04:00:00 PM,12,7,5
02/20/2017 05:00:00 PM,18,11,7
02/20/2017 06:00:00 PM,7,3,4
02/20/2017 07:00:00 PM,7,5,2
02/20/2017 08:00:00 PM,7,1,6
02/20/2017 09:00:00 PM,5,1,4
02/20/2017 10:00:00 PM,0,0,0
02/20/2017 11:00:00 PM,4,2,2
02/21/2017 12:00:00 AM,3,2,1
02/21/2017 01:00:00 AM,0,0,0
02/21/2017 02:00:00 AM,0,0,0
02/21/2017 03:00:00 AM,0,0,0
02/21/2017 04:00:00 AM,1,0,1
02/21/2017 05:00:00 AM,4,1,3
02/21/2017 06:00:00 AM,7,2,5
02/21/2017 07:00:00 AM,21,3,18
02/21/2017 08:00:00 AM,14,7,7
02/21/2017 09:00:00 AM,12,4,8
02/21/2017 10:00:00 AM,8,2,6
02/21/2017 11:00:00 AM,12,6,6
02/21/2017 12:00:00 PM,6,4,2
02/21/2017 01:00:00 PM,9,2,7
02/21/2017 02:00:00 PM,8,5,3
02/21/2017 03:00:00 PM,15,8,7
02/21/2017 04:00:00 PM,15,10,5
02/21/2017 05:00:00 PM,34,23,11
02/21/2017 06:00:00 PM,18,14,4
02/21/2017 07:00:00 PM,14,6,8
02/21/2017 08:00:00 PM,18,11,7
02/21/2017 09:00:00 PM,10,4,6
02/21/2017 10:00:00 PM,5,2,3
02/21/2017 11:00:00 PM,4,3,1
02/22/2017 12:00:00 AM,1,1,0
02/22/2017 01:00:00 AM,1,0,1
02/22/2017 02:00:00 AM,1,0,1
02/22/2017 03:00:00 AM,0,0,0
02/22/2017 04:00:00 AM,2,1,1
02/22/2017 05:00:00 AM,2,0,2
02/22/2017 06:00:00 AM,11,1,10
02/22/2017 07:00:00 AM,23,4,19
02/22/2017 08:00:00 AM,18,3,15
02/22/2017 09:00:00 AM,14,10,4
02/22/2017 10:00:00 AM,12,5,7
02/22/2017 11:00:00 AM,14,1,13
02/22/2017 12:00:00 PM,23,17,6
02/22/2017 01:00:00 PM,12,4,8
02/22/2017 02:00:00 PM,17,12,5
02/22/2017 03:00:00 PM,16,10,6
02/22/2017 04:00:00 PM,24,16,8
02/22/2017 05:00:00 PM,40,24,16
02/22/2017 06:00:00 PM,29,17,12
02/22/2017 07:00:00 PM,12,6,6
02/22/2017 08:00:00 PM,18,11,7
02/22/2017 09:00:00 PM,10,4,6
02/22/2017 10:00:00 PM,2,1,1
02/22/2017 11:00:00 PM,5,3,2
02/23/2017 12:00:00 AM,4,3,1
02/23/2017 01:00:00 AM,4,1,3
02/23/2017 02:00:00 AM,1,1,0
02/23/2017 03:00:00 AM,0,0,0
02/23/2017 04:00:00 AM,1,1,0
02/23/2017 05:00:00 AM,3,1,2
02/23/2017 06:00:00 AM,9,1,8
02/23/2017 07:00:00 AM,25,4,21
02/23/2017 08:00:00 AM,17,5,12
02/23/2017 09:00:00 AM,12,8,4
02/23/2017 10:00:00 AM,13,3,10
02/23/2017 11:00:00 AM,11,2,9
02/23/2017 12:00:00 PM,7,1,6
02/23/2017 01:00:00 PM,7,4,3
02/23/2017 02:00:00 PM,16,10,6
02/23/2017 03:00:00 PM,15,7,8
02/23/2017 04:00:00 PM,22,13,9
02/23/2017 05:00:00 PM,35,22,13
02/23/2017 06:00:00 PM,20,11,9
02/23/2017 07:00:00 PM,25,13,12
02/23/2017 08:00:00 PM,15,8,7
02/23/2017 09:00:00 PM,10,5,5
02/23/2017 10:00:00 PM,4,4,0
02/23/2017 11:00:00 PM,5,5,0
02/24/2017 12:00:00 AM,2,0,2
02/24/2017 01:00:00 AM,1,0,1
02/24/2017 02:00:00 AM,0,0,0
02/24/2017 03:00:00 AM,0,0,0
02/24/2017 04:00:00 AM,1,0,1
02/24/2017 05:00:00 AM,4,1,3
02/24/2017 06:00:00 AM,10,0,10
02/24/2017 07:00:00 AM,15,3,12
02/24/2017 08:00:00 AM,18,5,13
02/24/2017 09:00:00 AM,9,4,5
02/24/2017 10:00:00 AM,10,3,7
02/24/2017 11:00:00 AM,8,3,5
02/24/2017 12:00:00 PM,14,5,9
02/24/2017 01:00:00 PM,15,8,7
02/24/2017 02:00:00 PM,11,7,4
02/24/2017 03:00:00 PM,13,10,3
02/24/2017 04:00:00 PM,27,18,9
02/24/2017 05:00:00 PM,26,16,10
02/24/2017 06:00:00 PM,19,10,9
02/24/2017 07:00:00 PM,15,7,8
02/24/2017 08:00:00 PM,15,10,5
02/24/2017 09:00:00 PM,10,5,5
02/24/2017 10:00:00 PM,4,2,2
02/24/2017 11:00:00 PM,1,1,0
02/25/2017 12:00:00 AM,4,3,1
02/25/2017 01:00:00 AM,6,1,5
02/25/2017 02:00:00 AM,2,0,2
02/25/2017 03:00:00 AM,1,0,1
02/25/2017 04:00:00 AM,1,1,0
02/25/2017 05:00:00 AM,3,0,3
02/25/2017 06:00:00 AM,6,1,5
02/25/2017 07:00:00 AM,5,1,4
02/25/2017 08:00:00 AM,5,1,4
02/25/2017 09:00:00 AM,4,1,3
02/25/2017 10:00:00 AM,3,1,2
02/25/2017 11:00:00 AM,11,3,8
02/25/2017 12:00:00 PM,21,7,14
02/25/2017 01:00:00 PM,13,7,6
02/25/2017 02:00:00 PM,18,8,10
02/25/2017 03:00:00 PM,12,6,6
02/25/2017 04:00:00 PM,17,7,10
02/25/2017 05:00:00 PM,10,7,3
02/25/2017 06:00:00 PM,10,3,7
02/25/2017 07:00:00 PM,9,5,4
02/25/2017 08:00:00 PM,3,2,1
02/25/2017 09:00:00 PM,4,1,3
02/25/2017 10:00:00 PM,2,1,1
02/25/2017 11:00:00 PM,8,4,4
02/26/2017 12:00:00 AM,0,0,0
02/26/2017 01:00:00 AM,1,1,0
02/26/2017 02:00:00 AM,0,0,0
02/26/2017 03:00:00 AM,0,0,0
02/26/2017 04:00:00 AM,1,1,0
02/26/2017 05:00:00 AM,2,0,2
02/26/2017 06:00:00 AM,8,3,5
02/26/2017 07:00:00 AM,7,3,4
02/26/2017 08:00:00 AM,3,1,2
02/26/2017 09:00:00 AM,4,3,1
02/26/2017 10:00:00 AM,4,1,3
02/26/2017 11:00:00 AM,10,5,5
02/26/2017 12:00:00 PM,1,0,1
02/26/2017 01:00:00 PM,8,3,5
02/26/2017 02:00:00 PM,5,1,4
02/26/2017 03:00:00 PM,9,4,5
02/26/2017 04:00:00 PM,12,5,7
02/26/2017 05:00:00 PM,4,4,0
02/26/2017 06:00:00 PM,21,9,12
02/26/2017 07:00:00 PM,9,5,4
02/26/2017 08:00:00 PM,6,1,5
02/26/2017 09:00:00 PM,5,2,3
02/26/2017 10:00:00 PM,3,1,2
02/26/2017 11:00:00 PM,3,2,1
02/27/2017 12:00:00 AM,2,1,1
02/27/2017 01:00:00 AM,4,0,4
02/27/2017 02:00:00 AM,0,0,0
02/27/2017 03:00:00 AM,1,0,1
02/27/2017 04:00:00 AM,2,2,0
02/27/2017 05:00:00 AM,2,0,2
02/27/2017 06:00:00 AM,6,0,6
02/27/2017 07:00:00 AM,12,1,11
02/27/2017 08:00:00 AM,9,2,7
02/27/2017 09:00:00 AM,11,6,5
02/27/2017 10:00:00 AM,6,2,4
02/27/2017 11:00:00 AM,7,2,5
02/27/2017 12:00:00 PM,14,5,9
02/27/2017 01:00:00 PM,6,3,3
02/27/2017 02:00:00 PM,15,10,5
02/27/2017 03:00:00 PM,11,6,5
02/27/2017 04:00:00 PM,11,6,5
02/27/2017 05:00:00 PM,19,13,6
02/27/2017 06:00:00 PM,11,7,4
02/27/2017 07:00:00 PM,7,5,2
02/27/2017 08:00:00 PM,10,5,5
02/27/2017 09:00:00 PM,2,0,2
02/27/2017 10:00:00 PM,1,0,1
02/27/2017 11:00:00 PM,4,3,1
02/28/2017 12:00:00 AM,2,2,0
02/28/2017 01:00:00 AM,0,0,0
02/28/2017 02:00:00 AM,0,0,0
02/28/2017 03:00:00 AM,1,0,1
02/28/2017 04:00:00 AM,1,0,1
02/28/2017 05:00:00 AM,3,0,3
02/28/2017 06:00:00 AM,8,1,7
02/28/2017 07:00:00 AM,21,3,18
02/28/2017 08:00:00 AM,20,3,17
02/28/2017 09:00:00 AM,9,4,5
02/28/2017 10:00:00 AM,15,0,15
02/28/2017 11:00:00 AM,10,3,7
02/28/2017 12:00:00 PM,10,4,6
02/28/2017 01:00:00 PM,16,9,7
02/28/2017 02:00:00 PM,15,6,9
02/28/2017 03:00:00 PM,17,11,6
02/28/2017 04:00:00 PM,17,11,6
02/28/2017 05:00:00 PM,28,14,14
02/28/2017 06:00:00 PM,19,18,1
02/28/2017 07:00:00 PM,18,12,6
02/28/2017 08:00:00 PM,18,5,13
02/28/2017 09:00:00 PM,10,7,3
02/28/2017 10:00:00 PM,5,3,2
02/28/2017 11:00:00 PM,6,5,1
03/01/2017 12:00:00 AM,0,0,0
03/01/2017 01:00:00 AM,0,0,0
03/01/2017 02:00:00 AM,0,0,0
03/01/2017 03:00:00 AM,0,0,0
03/01/2017 04:00:00 AM,2,2,0
03/01/2017 05:00:00 AM,5,2,3
03/01/2017 06:00:00 AM,10,0,10
03/01/2017 07:00:00 AM,21,5,16
03/01/2017 08:00:00 AM,33,11,22
03/01/2017 09:00:00 AM,18,3,15
03/01/2017 10:00:00 AM,17,10,7
03/01/2017 11:00:00 AM,12,5,7
03/01/2017 12:00:00 PM,14,7,7
03/01/2017 01:00:00 PM,15,6,9
03/01/2017 02:00:00 PM,14,8,6
03/01/2017 03:00:00 PM,22,13,9
03/01/2017 04:00:00 PM,23,13,10
03/01/2017 05:00:00 PM,35,24,11
03/01/2017 06:00:00 PM,29,14,15
03/01/2017 07:00:00 PM,20,11,9
03/01/2017 08:00:00 PM,15,9,6
03/01/2017 09:00:00 PM,7,3,4
03/01/2017 10:00:00 PM,6,2,4
03/01/2017 11:00:00 PM,6,4,2
03/02/2017 12:00:00 AM,0,0,0
03/02/2017 01:00:00 AM,3,0,3
03/02/2017 02:00:00 AM,1,0,1
03/02/2017 03:00:00 AM,0,0,0
03/02/2017 04:00:00 AM,1,0,1
03/02/2017 05:00:00 AM,6,2,4
03/02/2017 06:00:00 AM,6,0,6
03/02/2017 07:00:00 AM,20,2,18
03/02/2017 08:00:00 AM,27,10,17
03/02/2017 09:00:00 AM,19,7,12
03/02/2017 10:00:00 AM,9,2,7
03/02/2017 11:00:00 AM,12,6,6
03/02/2017 12:00:00 PM,14,6,8
03/02/2017 01:00:00 PM,5,4,1
03/02/2017 02:00:00 PM,7,5,2
03/02/2017 03:00:00 PM,7,3,4
03/02/2017 04:00:00 PM,15,11,4
03/02/2017 05:00:00 PM,24,15,9
03/02/2017 06:00:00 PM,23,13,10
03/02/2017 07:00:00 PM,10,8,2
03/02/2017 08:00:00 PM,13,4,9
03/02/2017 09:00:00 PM,3,2,1
03/02/2017 10:00:00 PM,1,0,1
03/02/2017 11:00:00 PM,5,4,1
03/03/2017 12:00:00 AM,2,2,0
03/03/2017 01:00:00 AM,2,0,2
03/03/2017 02:00:00 AM,1,0,1
03/03/2017 03:00:00 AM,0,0,0
03/03/2017 04:00:00 AM,0,0,0
03/03/2017 05:00:00 AM,4,1,3
03/03/2017 06:00:00 AM,5,0,5
03/03/2017 07:00:00 AM,24,3,21
03/03/2017 08:00:00 AM,18,6,12
03/03/2017 09:00:00 AM,11,2,9
03/03/2017 10:00:00 AM,6,0,6
03/03/2017 11:00:00 AM,3,3,0
03/03/2017 12:00:00 PM,11,5,6
03/03/2017 01:00:00 PM,7,1,6
03/03/2017 02:00:00 PM,13,8,5
03/03/2017 03:00:00 PM,10,4,6
03/03/2017 04:00:00 PM,18,14,4
03/03/2017 05:00:00 PM,27,17,10
03/03/2017 06:00:00 PM,9,4,5
03/03/2017 07:00:00 PM,12,9,3
03/03/2017 08:00:00 PM,10,7,3
03/03/2017 09:00:00 PM,11,4,7
03/03/2017 10:00:00 PM,4,2,2
03/03/2017 11:00:00 PM,4,2,2
03/04/2017 12:00:00 AM,4,4,0
03/04/2017 01:00:00 AM,2,1,1
03/04/2017 02:00:00 AM,1,0,1
03/04/2017 03:00:00 AM,0,0,0
03/04/2017 04:00:00 AM,0,0,0
03/04/2017 05:00:00 AM,0,0,0
03/04/2017 06:00:00 AM,3,1,2
03/04/2017 07:00:00 AM,12,4,8
03/04/2017 08:00:00 AM,11,2,9
03/04/2017 09:00:00 AM,5,2,3
03/04/2017 10:00:00 AM,8,2,6
03/04/2017 11:00:00 AM,7,4,3
03/04/2017 12:00:00 PM,8,6,2
03/04/2017 01:00:00 PM,17,8,9
03/04/2017 02:00:00 PM,18,10,8
03/04/2017 03:00:00 PM,7,5,2
03/04/2017 04:00:00 PM,10,7,3
03/04/2017 05:00:00 PM,14,8,6
03/04/2017 06:00:00 PM,8,5,3
03/04/2017 07:00:00 PM,19,6,13
03/04/2017 08:00:00 PM,10,4,6
03/04/2017 09:00:00 PM,5,2,3
03/04/2017 10:00:00 PM,5,2,3
03/04/2017 11:00:00 PM,3,1,2
03/05/2017 12:00:00 AM,1,1,0
03/05/2017 01:00:00 AM,3,1,2
03/05/2017 02:00:00 AM,1,1,0
03/05/2017 03:00:00 AM,0,0,0
03/05/2017 04:00:00 AM,1,0,1
03/05/2017 05:00:00 AM,2,0,2
03/05/2017 06:00:00 AM,8,3,5
03/05/2017 07:00:00 AM,6,1,5
03/05/2017 08:00:00 AM,5,2,3
03/05/2017 09:00:00 AM,3,0,3
03/05/2017 10:00:00 AM,6,3,3
03/05/2017 11:00:00 AM,13,4,9
03/05/2017 12:00:00 PM,2,1,1
03/05/2017 01:00:00 PM,3,2,1
03/05/2017 02:00:00 PM,7,4,3
03/05/2017 03:00:00 PM,11,4,7
03/05/2017 04:00:00 PM,9,4,5
03/05/2017 05:00:00 PM,4,3,1
03/05/2017 06:00:00 PM,8,4,4
03/05/2017 07:00:00 PM,8,5,3
03/05/2017 08:00:00 PM,6,3,3
03/05/2017 09:00:00 PM,4,0,4
03/05/2017 10:00:00 PM,2,1,1
03/05/2017 11:00:00 PM,2,2,0
03/06/2017 12:00:00 AM,0,0,0
03/06/2017 01:00:00 AM,0,0,0
03/06/2017 02:00:00 AM,1,0,1
03/06/2017 03:00:00 AM,1,0,1
03/06/2017 04:00:00 AM,0,0,0
03/06/2017 05:00:00 AM,4,0,4
03/06/2017 06:00:00 AM,12,2,10
03/06/2017 07:00:00 AM,25,4,21
03/06/2017 08:00:00 AM,31,5,26
03/06/2017 09:00:00 AM,12,3,9
03/06/2017 10:00:00 AM,10,2,8
03/06/2017 11:00:00 AM,7,5,2
03/06/2017 12:00:00 PM,9,4,5
03/06/2017 01:00:00 PM,12,6,6
03/06/2017 02:00:00 PM,12,7,5
03/06/2017 03:00:00 PM,12,10,2
03/06/2017 04:00:00 PM,14,8,6
03/06/2017 05:00:00 PM,41,25,16
03/06/2017 06:00:00 PM,25,16,9
03/06/2017 07:00:00 PM,17,11,6
03/06/2017 08:00:00 PM,15,6,9
03/06/2017 09:00:00 PM,7,3,4
03/06/2017 10:00:00 PM,3,2,1
03/06/2017 11:00:00 PM,2,2,0
03/07/2017 12:00:00 AM,0,0,0
03/07/2017 01:00:00 AM,1,0,1
03/07/2017 02:00:00 AM,1,0,1
03/07/2017 03:00:00 AM,1,0,1
03/07/2017 04:00:00 AM,1,0,1
03/07/2017 05:00:00 AM,4,1,3
03/07/2017 06:00:00 AM,10,1,9
03/07/2017 07:00:00 AM,25,5,20
03/07/2017 08:00:00 AM,25,7,18
03/07/2017 09:00:00 AM,7,2,5
03/07/2017 10:00:00 AM,8,2,6
03/07/2017 11:00:00 AM,8,3,5
03/07/2017 12:00:00 PM,7,5,2
03/07/2017 01:00:00 PM,11,4,7
03/07/2017 02:00:00 PM,14,9,5
03/07/2017 03:00:00 PM,6,6,0
03/07/2017 04:00:00 PM,16,12,4
03/07/2017 05:00:00 PM,24,18,6
03/07/2017 06:00:00 PM,12,8,4
03/07/2017 07:00:00 PM,13,11,2
03/07/2017 08:00:00 PM,14,7,7
03/07/2017 09:00:00 PM,10,4,6
03/07/2017 10:00:00 PM,3,0,3
03/07/2017 11:00:00 PM,4,4,0
03/08/2017 12:00:00 AM,0,0,0
03/08/2017 01:00:00 AM,0,0,0
03/08/2017 02:00:00 AM,0,0,0
03/08/2017 03:00:00 AM,1,0,1
03/08/2017 04:00:00 AM,1,1,0
03/08/2017 05:00:00 AM,5,0,5
03/08/2017 06:00:00 AM,12,2,10
03/08/2017 07:00:00 AM,27,5,22
03/08/2017 08:00:00 AM,33,11,22
03/08/2017 09:00:00 AM,11,3,8
03/08/2017 10:00:00 AM,17,5,12
03/08/2017 11:00:00 AM,9,5,4
03/08/2017 12:00:00 PM,19,10,9
03/08/2017 01:00:00 PM,16,10,6
03/08/2017 02:00:00 PM,13,6,7
03/08/2017 03:00:00 PM,18,9,9
03/08/2017 04:00:00 PM,21,13,8
03/08/2017 05:00:00 PM,28,22,6
03/08/2017 06:00:00 PM,26,18,8
03/08/2017 07:00:00 PM,12,6,6
03/08/2017 08:00:00 PM,25,14,11
03/08/2017 09:00:00 PM,4,3,1
03/08/2017 10:00:00 PM,8,1,7
03/08/2017 11:00:00 PM,4,3,1
03/09/2017 12:00:00 AM,2,1,1
03/09/2017 01:00:00 AM,0,0,0
03/09/2017 02:00:00 AM,0,0,0
03/09/2017 03:00:00 AM,1,0,1
03/09/2017 04:00:00 AM,1,0,1
03/09/2017 05:00:00 AM,5,0,5
03/09/2017 06:00:00 AM,8,0,8
03/09/2017 07:00:00 AM,23,4,19
03/09/2017 08:00:00 AM,11,1,10
03/09/2017 09:00:00 AM,15,5,10
03/09/2017 10:00:00 AM,10,4,6
03/09/2017 11:00:00 AM,6,2,4
03/09/2017 12:00:00 PM,10,6,4
03/09/2017 01:00:00 PM,9,4,5
03/09/2017 02:00:00 PM,7,3,4
03/09/2017 03:00:00 PM,8,5,3
03/09/2017 04:00:00 PM,16,9,7
03/09/2017 05:00:00 PM,22,18,4
03/09/2017 06:00:00 PM,28,14,14
03/09/2017 07:00:00 PM,20,10,10
03/09/2017 08:00:00 PM,16,10,6
03/09/2017 09:00:00 PM,13,5,8
03/09/2017 10:00:00 PM,0,0,0
03/09/2017 11:00:00 PM,4,3,1
03/10/2017 12:00:00 AM,1,0,1
03/10/2017 01:00:00 AM,0,0,0
03/10/2017 02:00:00 AM,0,0,0
03/10/2017 03:00:00 AM,1,0,1
03/10/2017 04:00:00 AM,0,0,0
03/10/2017 05:00:00 AM,3,0,3
03/10/2017 06:00:00 AM,7,1,6
03/10/2017 07:00:00 AM,16,2,14
03/10/2017 08:00:00 AM,17,1,16
03/10/2017 09:00:00 AM,11,3,8
03/10/2017 10:00:00 AM,7,2,5
03/10/2017 11:00:00 AM,8,0,8
03/10/2017 12:00:00 PM,18,10,8
03/10/2017 01:00:00 PM,8,4,4
03/10/2017 02:00:00 PM,12,6,6
03/10/2017 03:00:00 PM,14,8,6
03/10/2017 04:00:00 PM,13,10,3
03/10/2017 05:00:00 PM,26,14,12
03/10/2017 06:00:00 PM,16,6,10
03/10/2017 07:00:00 PM,15,11,4
03/10/2017 08:00:00 PM,9,3,6
03/10/2017 09:00:00 PM,9,6,3
03/10/2017 10:00:00 PM,7,4,3
03/10/2017 11:00:00 PM,3,2,1
03/11/2017 12:00:00 AM,7,1,6
03/11/2017 01:00:00 AM,6,1,5
03/11/2017 02:00:00 AM,1,0,1
03/11/2017 03:00:00 AM,0,0,0
03/11/2017 04:00:00 AM,0,0,0
03/11/2017 05:00:00 AM,3,2,1
03/11/2017 06:00:00 AM,2,0,2
03/11/2017 07:00:00 AM,3,2,1
03/11/2017 08:00:00 AM,4,3,1
03/11/2017 09:00:00 AM,5,2,3
03/11/2017 10:00:00 AM,5,1,4
03/11/2017 11:00:00 AM,3,1,2
03/11/2017 12:00:00 PM,6,1,5
03/11/2017 01:00:00 PM,7,6,1
03/11/2017 02:00:00 PM,3,2,1
03/11/2017 03:00:00 PM,10,6,4
03/11/2017 04:00:00 PM,7,4,3
03/11/2017 05:00:00 PM,8,6,2
03/11/2017 06:00:00 PM,4,0,4
03/11/2017 07:00:00 PM,7,3,4
03/11/2017 08:00:00 PM,4,0,4
03/11/2017 09:00:00 PM,4,3,1
03/11/2017 10:00:00 PM,1,0,1
03/11/2017 11:00:00 PM,0,0,0
03/12/2017 12:00:00 AM,31,11,20
03/12/2017 01:00:00 AM,2,0,2
03/12/2017 02:00:00 AM,,,
03/12/2017 03:00:00 AM,2,0,2
03/12/2017 04:00:00 AM,0,0,0
03/12/2017 05:00:00 AM,1,0,1
03/12/2017 06:00:00 AM,6,1,5
03/12/2017 07:00:00 AM,6,3,3
03/12/2017 08:00:00 AM,3,1,2
03/12/2017 09:00:00 AM,6,4,2
03/12/2017 10:00:00 AM,1,1,0
03/12/2017 11:00:00 AM,7,5,2
03/12/2017 12:00:00 PM,0,0,0
03/12/2017 01:00:00 PM,4,0,4
03/12/2017 02:00:00 PM,11,7,4
03/12/2017 03:00:00 PM,15,10,5
03/12/2017 04:00:00 PM,6,4,2
03/12/2017 05:00:00 PM,9,3,6
03/12/2017 06:00:00 PM,10,2,8
03/12/2017 07:00:00 PM,8,2,6
03/12/2017 08:00:00 PM,9,4,5
03/12/2017 09:00:00 PM,5,0,5
03/12/2017 10:00:00 PM,5,2,3
03/12/2017 11:00:00 PM,0,0,0
03/13/2017 12:00:00 AM,0,0,0
03/13/2017 01:00:00 AM,1,0,1
03/13/2017 02:00:00 AM,0,0,0
03/13/2017 03:00:00 AM,1,0,1
03/13/2017 04:00:00 AM,0,0,0
03/13/2017 05:00:00 AM,7,0,7
03/13/2017 06:00:00 AM,9,2,7
03/13/2017 07:00:00 AM,15,2,13
03/13/2017 08:00:00 AM,24,6,18
03/13/2017 09:00:00 AM,12,4,8
03/13/2017 10:00:00 AM,10,5,5
03/13/2017 11:00:00 AM,5,2,3
03/13/2017 12:00:00 PM,8,3,5
03/13/2017 01:00:00 PM,8,4,4
03/13/2017 02:00:00 PM,9,4,5
03/13/2017 03:00:00 PM,9,5,4
03/13/2017 04:00:00 PM,17,11,6
03/13/2017 05:00:00 PM,30,18,12
03/13/2017 06:00:00 PM,26,16,10
03/13/2017 07:00:00 PM,15,5,10
03/13/2017 08:00:00 PM,11,4,7
03/13/2017 09:00:00 PM,7,4,3
03/13/2017 10:00:00 PM,3,0,3
03/13/2017 11:00:00 PM,2,1,1
03/14/2017 12:00:00 AM,1,0,1
03/14/2017 01:00:00 AM,2,2,0
03/14/2017 02:00:00 AM,0,0,0
03/14/2017 03:00:00 AM,1,0,1
03/14/2017 04:00:00 AM,0,0,0
03/14/2017 05:00:00 AM,2,0,2
03/14/2017 06:00:00 AM,13,7,6
03/14/2017 07:00:00 AM,21,4,17
03/14/2017 08:00:00 AM,19,7,12
03/14/2017 09:00:00 AM,7,2,5
03/14/2017 10:00:00 AM,12,4,8
03/14/2017 11:00:00 AM,10,3,7
03/14/2017 12:00:00 PM,11,3,8
03/14/2017 01:00:00 PM,14,9,5
03/14/2017 02:00:00 PM,11,5,6
03/14/2017 03:00:00 PM,13,9,4
03/14/2017 04:00:00 PM,15,11,4
03/14/2017 05:00:00 PM,27,17,10
03/14/2017 06:00:00 PM,22,9,13
03/14/2017 07:00:00 PM,17,12,5
03/14/2017 08:00:00 PM,12,5,7
03/14/2017 09:00:00 PM,8,4,4
03/14/2017 10:00:00 PM,7,2,5
03/14/2017 11:00:00 PM,3,2,1
03/15/2017 12:00:00 AM,1,0,1
03/15/2017 01:00:00 AM,1,0,1
03/15/2017 02:00:00 AM,0,0,0
03/15/2017 03:00:00 AM,0,0,0
03/15/2017 04:00:00 AM,0,0,0
03/15/2017 05:00:00 AM,7,1,6
03/15/2017 06:00:00 AM,5,1,4
03/15/2017 07:00:00 AM,16,3,13
03/15/2017 08:00:00 AM,20,7,13
03/15/2017 09:00:00 AM,11,6,5
03/15/2017 10:00:00 AM,10,2,8
03/15/2017 11:00:00 AM,5,1,4
03/15/2017 12:00:00 PM,8,6,2
03/15/2017 01:00:00 PM,12,7,5
03/15/2017 02:00:00 PM,9,3,6
03/15/2017 03:00:00 PM,5,2,3
03/15/2017 04:00:00 PM,18,15,3
03/15/2017 05:00:00 PM,27,19,8
03/15/2017 06:00:00 PM,25,15,10
03/15/2017 07:00:00 PM,12,8,4
03/15/2017 08:00:00 PM,9,3,6
03/15/2017 09:00:00 PM,8,5,3
03/15/2017 10:00:00 PM,6,4,2
03/15/2017 11:00:00 PM,2,1,1
03/16/2017 12:00:00 AM,1,1,0
03/16/2017 01:00:00 AM,3,1,2
03/16/2017 02:00:00 AM,0,0,0
03/16/2017 03:00:00 AM,0,0,0
03/16/2017 04:00:00 AM,0,0,0
03/16/2017 05:00:00 AM,5,3,2
03/16/2017 06:00:00 AM,14,1,13
03/16/2017 07:00:00 AM,31,6,25
03/16/2017 08:00:00 AM,22,6,16
03/16/2017 09:00:00 AM,20,6,14
03/16/2017 10:00:00 AM,16,6,10
03/16/2017 11:00:00 AM,13,8,5
03/16/2017 12:00:00 PM,10,5,5
03/16/2017 01:00:00 PM,9,5,4
03/16/2017 02:00:00 PM,11,6,5
03/16/2017 03:00:00 PM,17,12,5
03/16/2017 04:00:00 PM,24,15,9
03/16/2017 05:00:00 PM,40,22,18
03/16/2017 06:00:00 PM,35,24,11
03/16/2017 07:00:00 PM,16,6,10
03/16/2017 08:00:00 PM,14,7,7
03/16/2017 09:00:00 PM,15,8,7
03/16/2017 10:00:00 PM,10,5,5
03/16/2017 11:00:00 PM,6,0,6
03/17/2017 12:00:00 AM,3,1,2
03/17/2017 01:00:00 AM,1,0,1
03/17/2017 02:00:00 AM,0,0,0
03/17/2017 03:00:00 AM,1,1,0
03/17/2017 04:00:00 AM,1,0,1
03/17/2017 05:00:00 AM,4,2,2
03/17/2017 06:00:00 AM,7,0,7
03/17/2017 07:00:00 AM,17,4,13
03/17/2017 08:00:00 AM,18,4,14
03/17/2017 09:00:00 AM,9,1,8
03/17/2017 10:00:00 AM,10,7,3
03/17/2017 11:00:00 AM,11,2,9
03/17/2017 12:00:00 PM,18,6,12
03/17/2017 01:00:00 PM,8,5,3
03/17/2017 02:00:00 PM,4,2,2
03/17/2017 03:00:00 PM,12,8,4
03/17/2017 04:00:00 PM,16,11,5
03/17/2017 05:00:00 PM,25,18,7
03/17/2017 06:00:00 PM,17,10,7
03/17/2017 07:00:00 PM,6,5,1
03/17/2017 08:00:00 PM,9,6,3
03/17/2017 09:00:00 PM,5,3,2
03/17/2017 10:00:00 PM,3,2,1
03/17/2017 11:00:00 PM,5,3,2
03/18/2017 12:00:00 AM,0,0,0
03/18/2017 01:00:00 AM,0,0,0
03/18/2017 02:00:00 AM,2,1,1
03/18/2017 03:00:00 AM,0,0,0
03/18/2017 04:00:00 AM,1,1,0
03/18/2017 05:00:00 AM,1,0,1
03/18/2017 06:00:00 AM,3,0,3
03/18/2017 07:00:00 AM,4,1,3
03/18/2017 08:00:00 AM,1,0,1
03/18/2017 09:00:00 AM,4,2,2
03/18/2017 10:00:00 AM,2,1,1
03/18/2017 11:00:00 AM,6,2,4
03/18/2017 12:00:00 PM,7,1,6
03/18/2017 01:00:00 PM,10,6,4
03/18/2017 02:00:00 PM,8,7,1
03/18/2017 03:00:00 PM,13,6,7
03/18/2017 04:00:00 PM,14,7,7
03/18/2017 05:00:00 PM,8,4,4
03/18/2017 06:00:00 PM,9,2,7
03/18/2017 07:00:00 PM,10,7,3
03/18/2017 08:00:00 PM,5,1,4
03/18/2017 09:00:00 PM,7,4,3
03/18/2017 10:00:00 PM,2,2,0
03/18/2017 11:00:00 PM,3,2,1
03/19/2017 12:00:00 AM,1,0,1
03/19/2017 01:00:00 AM,4,1,3
03/19/2017 02:00:00 AM,1,1,0
03/19/2017 03:00:00 AM,0,0,0
03/19/2017 04:00:00 AM,0,0,0
03/19/2017 05:00:00 AM,2,0,2
03/19/2017 06:00:00 AM,7,2,5
03/19/2017 07:00:00 AM,7,3,4
03/19/2017 08:00:00 AM,6,0,6
03/19/2017 09:00:00 AM,6,3,3
03/19/2017 10:00:00 AM,7,7,0
03/19/2017 11:00:00 AM,11,4,7
03/19/2017 12:00:00 PM,16,8,8
03/19/2017 01:00:00 PM,8,7,1
03/19/2017 02:00:00 PM,24,14,10
03/19/2017 03:00:00 PM,18,5,13
03/19/2017 04:00:00 PM,13,6,7
03/19/2017 05:00:00 PM,15,6,9
03/19/2017 06:00:00 PM,5,3,2
03/19/2017 07:00:00 PM,10,4,6
03/19/2017 08:00:00 PM,7,5,2
03/19/2017 09:00:00 PM,5,2,3
03/19/2017 10:00:00 PM,3,0,3
03/19/2017 11:00:00 PM,1,0,1
03/20/2017 12:00:00 AM,0,0,0
03/20/2017 01:00:00 AM,0,0,0
03/20/2017 02:00:00 AM,0,0,0
03/20/2017 03:00:00 AM,0,0,0
03/20/2017 04:00:00 AM,1,1,0
03/20/2017 05:00:00 AM,9,2,7
03/20/2017 06:00:00 AM,6,2,4
03/20/2017 07:00:00 AM,15,4,11
03/20/2017 08:00:00 AM,29,8,21
03/20/2017 09:00:00 AM,13,3,10
03/20/2017 10:00:00 AM,9,4,5
03/20/2017 11:00:00 AM,12,5,7
03/20/2017 12:00:00 PM,14,6,8
03/20/2017 01:00:00 PM,6,5,1
03/20/2017 02:00:00 PM,8,5,3
03/20/2017 03:00:00 PM,13,8,5
03/20/2017 04:00:00 PM,22,14,8
03/20/2017 05:00:00 PM,31,18,13
03/20/2017 06:00:00 PM,41,24,17
03/20/2017 07:00:00 PM,14,10,4
03/20/2017 08:00:00 PM,4,1,3
03/20/2017 09:00:00 PM,10,6,4
03/20/2017 10:00:00 PM,0,0,0
03/20/2017 11:00:00 PM,3,0,3
03/21/2017 12:00:00 AM,3,2,1
03/21/2017 01:00:00 AM,1,1,0
03/21/2017 02:00:00 AM,0,0,0
03/21/2017 03:00:00 AM,1,1,0
03/21/2017 04:00:00 AM,2,1,1
03/21/2017 05:00:00 AM,5,1,4
03/21/2017 06:00:00 AM,8,1,7
03/21/2017 07:00:00 AM,19,6,13
03/21/2017 08:00:00 AM,22,7,15
03/21/2017 09:00:00 AM,7,2,5
03/21/2017 10:00:00 AM,4,1,3
03/21/2017 11:00:00 AM,8,0,8
03/21/2017 12:00:00 PM,9,3,6
03/21/2017 01:00:00 PM,6,3,3
03/21/2017 02:00:00 PM,10,7,3
03/21/2017 03:00:00 PM,10,6,4
03/21/2017 04:00:00 PM,20,14,6
03/21/2017 05:00:00 PM,24,18,6
03/21/2017 06:00:00 PM,26,13,13
03/21/2017 07:00:00 PM,16,6,10
03/21/2017 08:00:00 PM,10,3,7
03/21/2017 09:00:00 PM,8,6,2
03/21/2017 10:00:00 PM,3,1,2
03/21/2017 11:00:00 PM,4,0,4
03/22/2017 12:00:00 AM,2,1,1
03/22/2017 01:00:00 AM,1,1,0
03/22/2017 02:00:00 AM,0,0,0
03/22/2017 03:00:00 AM,0,0,0
03/22/2017 04:00:00 AM,0,0,0
03/22/2017 05:00:00 AM,5,2,3
03/22/2017 06:00:00 AM,12,2,10
03/22/2017 07:00:00 AM,11,4,7
03/22/2017 08:00:00 AM,34,7,27
03/22/2017 09:00:00 AM,17,5,12
03/22/2017 10:00:00 AM,12,7,5
03/22/2017 11:00:00 AM,8,2,6
03/22/2017 12:00:00 PM,10,5,5
03/22/2017 01:00:00 PM,9,3,6
03/22/2017 02:00:00 PM,16,8,8
03/22/2017 03:00:00 PM,13,10,3
03/22/2017 04:00:00 PM,16,11,5
03/22/2017 05:00:00 PM,46,28,18
03/22/2017 06:00:00 PM,25,17,8
03/22/2017 07:00:00 PM,18,8,10
03/22/2017 08:00:00 PM,14,8,6
03/22/2017 09:00:00 PM,10,6,4
03/22/2017 10:00:00 PM,5,3,2
03/22/2017 11:00:00 PM,4,3,1
03/23/2017 12:00:00 AM,1,0,1
03/23/2017 01:00:00 AM,1,0,1
03/23/2017 02:00:00 AM,1,1,0
03/23/2017 03:00:00 AM,1,0,1
03/23/2017 04:00:00 AM,2,0,2
03/23/2017 05:00:00 AM,6,0,6
03/23/2017 06:00:00 AM,10,1,9
03/23/2017 07:00:00 AM,21,4,17
03/23/2017 08:00:00 AM,29,11,18
03/23/2017 09:00:00 AM,18,7,11
03/23/2017 10:00:00 AM,10,6,4
03/23/2017 11:00:00 AM,9,3,6
03/23/2017 12:00:00 PM,11,4,7
03/23/2017 01:00:00 PM,13,5,8
03/23/2017 02:00:00 PM,12,8,4
03/23/2017 03:00:00 PM,10,7,3
03/23/2017 04:00:00 PM,23,15,8
03/23/2017 05:00:00 PM,43,27,16
03/23/2017 06:00:00 PM,31,19,12
03/23/2017 07:00:00 PM,15,10,5
03/23/2017 08:00:00 PM,13,6,7
03/23/2017 09:00:00 PM,4,2,2
03/23/2017 10:00:00 PM,2,0,2
03/23/2017 11:00:00 PM,4,4,0
03/24/2017 12:00:00 AM,2,0,2
03/24/2017 01:00:00 AM,1,0,1
03/24/2017 02:00:00 AM,0,0,0
03/24/2017 03:00:00 AM,1,0,1
03/24/2017 04:00:00 AM,2,0,2
03/24/2017 05:00:00 AM,6,2,4
03/24/2017 06:00:00 AM,5,0,5
03/24/2017 07:00:00 AM,19,5,14
03/24/2017 08:00:00 AM,13,2,11
03/24/2017 09:00:00 AM,13,6,7
03/24/2017 10:00:00 AM,6,3,3
03/24/2017 11:00:00 AM,9,6,3
03/24/2017 12:00:00 PM,11,5,6
03/24/2017 01:00:00 PM,13,5,8
03/24/2017 02:00:00 PM,10,9,1
03/24/2017 03:00:00 PM,6,5,1
03/24/2017 04:00:00 PM,22,15,7
03/24/2017 05:00:00 PM,27,19,8
03/24/2017 06:00:00 PM,23,12,11
03/24/2017 07:00:00 PM,6,3,3
03/24/2017 08:00:00 PM,4,1,3
03/24/2017 09:00:00 PM,4,1,3
03/24/2017 10:00:00 PM,6,3,3
03/24/2017 11:00:00 PM,3,1,2
03/25/2017 12:00:00 AM,3,0,3
03/25/2017 01:00:00 AM,5,3,2
03/25/2017 02:00:00 AM,3,0,3
03/25/2017 03:00:00 AM,1,0,1
03/25/2017 04:00:00 AM,1,0,1
03/25/2017 05:00:00 AM,2,0,2
03/25/2017 06:00:00 AM,3,0,3
03/25/2017 07:00:00 AM,5,2,3
03/25/2017 08:00:00 AM,8,5,3
03/25/2017 09:00:00 AM,6,4,2
03/25/2017 10:00:00 AM,4,2,2
03/25/2017 11:00:00 AM,11,2,9
03/25/2017 12:00:00 PM,18,14,4
03/25/2017 01:00:00 PM,20,12,8
03/25/2017 02:00:00 PM,15,6,9
03/25/2017 03:00:00 PM,13,3,10
03/25/2017 04:00:00 PM,13,8,5
03/25/2017 05:00:00 PM,11,2,9
03/25/2017 06:00:00 PM,19,11,8
03/25/2017 07:00:00 PM,10,4,6
03/25/2017 08:00:00 PM,5,1,4
03/25/2017 09:00:00 PM,5,2,3
03/25/2017 10:00:00 PM,8,5,3
03/25/2017 11:00:00 PM,4,2,2
03/26/2017 12:00:00 AM,2,1,1
03/26/2017 01:00:00 AM,3,1,2
03/26/2017 02:00:00 AM,6,1,5
03/26/2017 03:00:00 AM,0,0,0
03/26/2017 04:00:00 AM,1,0,1
03/26/2017 05:00:00 AM,1,0,1
03/26/2017 06:00:00 AM,8,1,7
03/26/2017 07:00:00 AM,4,2,2
03/26/2017 08:00:00 AM,7,3,4
03/26/2017 09:00:00 AM,3,2,1
03/26/2017 10:00:00 AM,2,0,2
03/26/2017 11:00:00 AM,10,4,6
03/26/2017 12:00:00 PM,9,4,5
03/26/2017 01:00:00 PM,1,0,1
03/26/2017 02:00:00 PM,4,2,2
03/26/2017 03:00:00 PM,7,2,5
03/26/2017 04:00:00 PM,7,3,4
03/26/2017 05:00:00 PM,5,2,3
03/26/2017 06:00:00 PM,9,4,5
03/26/2017 07:00:00 PM,9,5,4
03/26/2017 08:00:00 PM,9,3,6
03/26/2017 09:00:00 PM,4,2,2
03/26/2017 10:00:00 PM,2,0,2
03/26/2017 11:00:00 PM,0,0,0
03/27/2017 12:00:00 AM,1,0,1
03/27/2017 01:00:00 AM,1,0,1
03/27/2017 02:00:00 AM,1,0,1
03/27/2017 03:00:00 AM,1,0,1
03/27/2017 04:00:00 AM,0,0,0
03/27/2017 05:00:00 AM,4,1,3
03/27/2017 06:00:00 AM,5,0,5
03/27/2017 07:00:00 AM,23,3,20
03/27/2017 08:00:00 AM,27,6,21
03/27/2017 09:00:00 AM,12,4,8
03/27/2017 10:00:00 AM,9,5,4
03/27/2017 11:00:00 AM,6,1,5
03/27/2017 12:00:00 PM,8,3,5
03/27/2017 01:00:00 PM,12,8,4
03/27/2017 02:00:00 PM,6,4,2
03/27/2017 03:00:00 PM,14,8,6
03/27/2017 04:00:00 PM,18,13,5
03/27/2017 05:00:00 PM,41,26,15
03/27/2017 06:00:00 PM,25,15,10
03/27/2017 07:00:00 PM,16,5,11
03/27/2017 08:00:00 PM,17,8,9
03/27/2017 09:00:00 PM,9,2,7
03/27/2017 10:00:00 PM,3,0,3
03/27/2017 11:00:00 PM,3,3,0
03/28/2017 12:00:00 AM,3,1,2
03/28/2017 01:00:00 AM,1,1,0
03/28/2017 02:00:00 AM,0,0,0
03/28/2017 03:00:00 AM,0,0,0
03/28/2017 04:00:00 AM,1,0,1
03/28/2017 05:00:00 AM,3,0,3
03/28/2017 06:00:00 AM,5,1,4
03/28/2017 07:00:00 AM,19,6,13
03/28/2017 08:00:00 AM,12,4,8
03/28/2017 09:00:00 AM,14,6,8
03/28/2017 10:00:00 AM,12,4,8
03/28/2017 11:00:00 AM,11,5,6
03/28/2017 12:00:00 PM,12,2,10
03/28/2017 01:00:00 PM,9,5,4
03/28/2017 02:00:00 PM,15,9,6
03/28/2017 03:00:00 PM,10,8,2
03/28/2017 04:00:00 PM,13,9,4
03/28/2017 05:00:00 PM,28,20,8
03/28/2017 06:00:00 PM,14,10,4
03/28/2017 07:00:00 PM,20,5,15
03/28/2017 08:00:00 PM,12,6,6
03/28/2017 09:00:00 PM,9,5,4
03/28/2017 10:00:00 PM,7,4,3
03/28/2017 11:00:00 PM,3,1,2
03/29/2017 12:00:00 AM,0,0,0
03/29/2017 01:00:00 AM,0,0,0
03/29/2017 02:00:00 AM,0,0,0
03/29/2017 03:00:00 AM,1,1,0
03/29/2017 04:00:00 AM,1,0,1
03/29/2017 05:00:00 AM,3,1,2
03/29/2017 06:00:00 AM,7,1,6
03/29/2017 07:00:00 AM,24,7,17
03/29/2017 08:00:00 AM,16,5,11
03/29/2017 09:00:00 AM,11,4,7
03/29/2017 10:00:00 AM,9,6,3
03/29/2017 11:00:00 AM,15,6,9
03/29/2017 12:00:00 PM,7,2,5
03/29/2017 01:00:00 PM,9,5,4
03/29/2017 02:00:00 PM,8,4,4
03/29/2017 03:00:00 PM,19,11,8
03/29/2017 04:00:00 PM,18,13,5
03/29/2017 05:00:00 PM,29,19,10
03/29/2017 06:00:00 PM,33,20,13
03/29/2017 07:00:00 PM,26,10,16
03/29/2017 08:00:00 PM,12,7,5
03/29/2017 09:00:00 PM,9,4,5
03/29/2017 10:00:00 PM,4,1,3
03/29/2017 11:00:00 PM,0,0,0
03/30/2017 12:00:00 AM,4,0,4
03/30/2017 01:00:00 AM,1,0,1
03/30/2017 02:00:00 AM,0,0,0
03/30/2017 03:00:00 AM,2,1,1
03/30/2017 04:00:00 AM,1,0,1
03/30/2017 05:00:00 AM,3,1,2
03/30/2017 06:00:00 AM,10,3,7
03/30/2017 07:00:00 AM,21,2,19
03/30/2017 08:00:00 AM,26,5,21
03/30/2017 09:00:00 AM,15,4,11
03/30/2017 10:00:00 AM,19,7,12
03/30/2017 11:00:00 AM,12,7,5
03/30/2017 12:00:00 PM,18,6,12
03/30/2017 01:00:00 PM,11,4,7
03/30/2017 02:00:00 PM,12,9,3
03/30/2017 03:00:00 PM,12,7,5
03/30/2017 04:00:00 PM,26,22,4
03/30/2017 05:00:00 PM,45,29,16
03/30/2017 06:00:00 PM,30,13,17
03/30/2017 07:00:00 PM,26,13,13
03/30/2017 08:00:00 PM,20,7,13
03/30/2017 09:00:00 PM,10,4,6
03/30/2017 10:00:00 PM,3,1,2
03/30/2017 11:00:00 PM,6,4,2
03/31/2017 12:00:00 AM,3,1,2
03/31/2017 01:00:00 AM,3,2,1
03/31/2017 02:00:00 AM,1,0,1
03/31/2017 03:00:00 AM,1,0,1
03/31/2017 04:00:00 AM,0,0,0
03/31/2017 05:00:00 AM,1,1,0
03/31/2017 06:00:00 AM,15,3,12
03/31/2017 07:00:00 AM,21,6,15
03/31/2017 08:00:00 AM,25,4,21
03/31/2017 09:00:00 AM,19,5,14
03/31/2017 10:00:00 AM,9,5,4
03/31/2017 11:00:00 AM,7,6,1
03/31/2017 12:00:00 PM,15,8,7
03/31/2017 01:00:00 PM,23,11,12
03/31/2017 02:00:00 PM,11,6,5
03/31/2017 03:00:00 PM,21,14,7
03/31/2017 04:00:00 PM,21,14,7
03/31/2017 05:00:00 PM,40,19,21
03/31/2017 06:00:00 PM,17,5,12
03/31/2017 07:00:00 PM,18,14,4
03/31/2017 08:00:00 PM,12,8,4
03/31/2017 09:00:00 PM,12,8,4
03/31/2017 10:00:00 PM,12,4,8
03/31/2017 11:00:00 PM,11,3,8
04/01/2017 12:00:00 AM,4,2,2
04/01/2017 01:00:00 AM,6,0,6
04/01/2017 02:00:00 AM,14,8,6
04/01/2017 03:00:00 AM,3,0,3
04/01/2017 04:00:00 AM,1,0,1
04/01/2017 05:00:00 AM,1,0,1
04/01/2017 06:00:00 AM,7,1,6
04/01/2017 07:00:00 AM,1,1,0
04/01/2017 08:00:00 AM,2,0,2
04/01/2017 09:00:00 AM,3,2,1
04/01/2017 10:00:00 AM,14,8,6
04/01/2017 11:00:00 AM,7,4,3
04/01/2017 12:00:00 PM,8,2,6
04/01/2017 01:00:00 PM,9,4,5
04/01/2017 02:00:00 PM,11,4,7
04/01/2017 03:00:00 PM,10,4,6
04/01/2017 04:00:00 PM,15,6,9
04/01/2017 05:00:00 PM,12,8,4
04/01/2017 06:00:00 PM,11,5,6
04/01/2017 07:00:00 PM,11,8,3
04/01/2017 08:00:00 PM,9,2,7
04/01/2017 09:00:00 PM,5,3,2
04/01/2017 10:00:00 PM,6,1,5
04/01/2017 11:00:00 PM,0,0,0
04/02/2017 12:00:00 AM,2,2,0
04/02/2017 01:00:00 AM,2,0,2
04/02/2017 02:00:00 AM,7,0,7
04/02/2017 03:00:00 AM,0,0,0
04/02/2017 04:00:00 AM,0,0,0
04/02/2017 05:00:00 AM,0,0,0
04/02/2017 06:00:00 AM,4,0,4
04/02/2017 07:00:00 AM,5,1,4
04/02/2017 08:00:00 AM,6,2,4
04/02/2017 09:00:00 AM,8,4,4
04/02/2017 10:00:00 AM,14,4,10
04/02/2017 11:00:00 AM,13,7,6
04/02/2017 12:00:00 PM,12,9,3
04/02/2017 01:00:00 PM,16,6,10
04/02/2017 02:00:00 PM,23,11,12
04/02/2017 03:00:00 PM,15,6,9
04/02/2017 04:00:00 PM,18,5,13
04/02/2017 05:00:00 PM,6,3,3
04/02/2017 06:00:00 PM,10,4,6
04/02/2017 07:00:00 PM,10,5,5
04/02/2017 08:00:00 PM,9,6,3
04/02/2017 09:00:00 PM,3,1,2
04/02/2017 10:00:00 PM,2,1,1
04/02/2017 11:00:00 PM,2,0,2
04/03/2017 12:00:00 AM,2,1,1
04/03/2017 01:00:00 AM,4,0,4
04/03/2017 02:00:00 AM,0,0,0
04/03/2017 03:00:00 AM,1,0,1
04/03/2017 04:00:00 AM,0,0,0
04/03/2017 05:00:00 AM,3,1,2
04/03/2017 06:00:00 AM,21,2,19
04/03/2017 07:00:00 AM,20,9,11
04/03/2017 08:00:00 AM,38,10,28
04/03/2017 09:00:00 AM,20,8,12
04/03/2017 10:00:00 AM,20,10,10
04/03/2017 11:00:00 AM,6,2,4
04/03/2017 12:00:00 PM,17,7,10
04/03/2017 01:00:00 PM,13,7,6
04/03/2017 02:00:00 PM,21,11,10
04/03/2017 03:00:00 PM,23,11,12
04/03/2017 04:00:00 PM,31,18,13
04/03/2017 05:00:00 PM,51,35,16
04/03/2017 06:00:00 PM,36,21,15
04/03/2017 07:00:00 PM,25,9,16
04/03/2017 08:00:00 PM,10,5,5
04/03/2017 09:00:00 PM,12,6,6
04/03/2017 10:00:00 PM,4,1,3
04/03/2017 11:00:00 PM,8,5,3
04/04/2017 12:00:00 AM,0,0,0
04/04/2017 01:00:00 AM,1,0,1
04/04/2017 02:00:00 AM,0,0,0
04/04/2017 03:00:00 AM,1,0,1
04/04/2017 04:00:00 AM,3,1,2
04/04/2017 05:00:00 AM,5,3,2
04/04/2017 06:00:00 AM,8,2,6
04/04/2017 07:00:00 AM,30,8,22
04/04/2017 08:00:00 AM,40,15,25
04/04/2017 09:00:00 AM,22,9,13
04/04/2017 10:00:00 AM,15,6,9
04/04/2017 11:00:00 AM,12,3,9
04/04/2017 12:00:00 PM,14,9,5
04/04/2017 01:00:00 PM,15,4,11
04/04/2017 02:00:00 PM,5,3,2
04/04/2017 03:00:00 PM,17,10,7
04/04/2017 04:00:00 PM,24,12,12
04/04/2017 05:00:00 PM,48,27,21
04/04/2017 06:00:00 PM,42,24,18
04/04/2017 07:00:00 PM,17,7,10
04/04/2017 08:00:00 PM,15,8,7
04/04/2017 09:00:00 PM,6,4,2
04/04/2017 10:00:00 PM,12,6,6
04/04/2017 11:00:00 PM,1,1,0
04/05/2017 12:00:00 AM,0,0,0
04/05/2017 01:00:00 AM,0,0,0
04/05/2017 02:00:00 AM,0,0,0
04/05/2017 03:00:00 AM,0,0,0
04/05/2017 04:00:00 AM,0,0,0
04/05/2017 05:00:00 AM,3,2,1
04/05/2017 06:00:00 AM,7,0,7
04/05/2017 07:00:00 AM,15,2,13
04/05/2017 08:00:00 AM,24,9,15
04/05/2017 09:00:00 AM,9,2,7
04/05/2017 10:00:00 AM,12,7,5
04/05/2017 11:00:00 AM,3,0,3
04/05/2017 12:00:00 PM,7,2,5
04/05/2017 01:00:00 PM,12,6,6
04/05/2017 02:00:00 PM,9,5,4
04/05/2017 03:00:00 PM,8,4,4
04/05/2017 04:00:00 PM,15,12,3
04/05/2017 05:00:00 PM,25,16,9
04/05/2017 06:00:00 PM,27,15,12
04/05/2017 07:00:00 PM,26,13,13
04/05/2017 08:00:00 PM,13,6,7
04/05/2017 09:00:00 PM,7,3,4
04/05/2017 10:00:00 PM,3,1,2
04/05/2017 11:00:00 PM,0,0,0
04/06/2017 12:00:00 AM,3,1,2
04/06/2017 01:00:00 AM,2,0,2
04/06/2017 02:00:00 AM,1,0,1
04/06/2017 03:00:00 AM,1,0,1
04/06/2017 04:00:00 AM,2,0,2
04/06/2017 05:00:00 AM,3,1,2
04/06/2017 06:00:00 AM,8,1,7
04/06/2017 07:00:00 AM,11,3,8
04/06/2017 08:00:00 AM,20,6,14
04/06/2017 09:00:00 AM,8,2,6
04/06/2017 10:00:00 AM,11,4,7
04/06/2017 11:00:00 AM,5,1,4
04/06/2017 12:00:00 PM,13,3,10
04/06/2017 01:00:00 PM,12,3,9
04/06/2017 02:00:00 PM,18,11,7
04/06/2017 03:00:00 PM,16,10,6
04/06/2017 04:00:00 PM,20,12,8
04/06/2017 05:00:00 PM,33,21,12
04/06/2017 06:00:00 PM,34,19,15
04/06/2017 07:00:00 PM,23,17,6
04/06/2017 08:00:00 PM,17,11,6
04/06/2017 09:00:00 PM,6,2,4
04/06/2017 10:00:00 PM,5,3,2
04/06/2017 11:00:00 PM,6,2,4
04/07/2017 12:00:00 AM,3,2,1
04/07/2017 01:00:00 AM,0,0,0
04/07/2017 02:00:00 AM,1,0,1
04/07/2017 03:00:00 AM,0,0,0
04/07/2017 04:00:00 AM,0,0,0
04/07/2017 05:00:00 AM,0,0,0
04/07/2017 06:00:00 AM,12,1,11
04/07/2017 07:00:00 AM,20,6,14
04/07/2017 08:00:00 AM,21,5,16
04/07/2017 09:00:00 AM,12,6,6
04/07/2017 10:00:00 AM,12,4,8
04/07/2017 11:00:00 AM,7,3,4
04/07/2017 12:00:00 PM,15,3,12
04/07/2017 01:00:00 PM,10,4,6
04/07/2017 02:00:00 PM,8,3,5
04/07/2017 03:00:00 PM,21,13,8
04/07/2017 04:00:00 PM,21,15,6
04/07/2017 05:00:00 PM,30,17,13
04/07/2017 06:00:00 PM,13,6,7
04/07/2017 07:00:00 PM,13,10,3
04/07/2017 08:00:00 PM,12,6,6
04/07/2017 09:00:00 PM,4,1,3
04/07/2017 10:00:00 PM,3,1,2
04/07/2017 11:00:00 PM,2,1,1
04/08/2017 12:00:00 AM,5,3,2
04/08/2017 01:00:00 AM,9,4,5
04/08/2017 02:00:00 AM,5,2,3
04/08/2017 03:00:00 AM,0,0,0
04/08/2017 04:00:00 AM,0,0,0
04/08/2017 05:00:00 AM,1,0,1
04/08/2017 06:00:00 AM,5,0,5
04/08/2017 07:00:00 AM,7,3,4
04/08/2017 08:00:00 AM,11,7,4
04/08/2017 09:00:00 AM,7,5,2
04/08/2017 10:00:00 AM,8,1,7
04/08/2017 11:00:00 AM,10,7,3
04/08/2017 12:00:00 PM,15,8,7
04/08/2017 01:00:00 PM,14,7,7
04/08/2017 02:00:00 PM,18,9,9
04/08/2017 03:00:00 PM,18,6,12
04/08/2017 04:00:00 PM,7,5,2
04/08/2017 05:00:00 PM,12,4,8
04/08/2017 06:00:00 PM,10,5,5
04/08/2017 07:00:00 PM,7,2,5
04/08/2017 08:00:00 PM,8,1,7
04/08/2017 09:00:00 PM,6,4,2
04/08/2017 10:00:00 PM,6,5,1
04/08/2017 11:00:00 PM,7,1,6
04/09/2017 12:00:00 AM,2,0,2
04/09/2017 01:00:00 AM,7,5,2
04/09/2017 02:00:00 AM,2,1,1
04/09/2017 03:00:00 AM,0,0,0
04/09/2017 04:00:00 AM,0,0,0
04/09/2017 05:00:00 AM,0,0,0
04/09/2017 06:00:00 AM,7,1,6
04/09/2017 07:00:00 AM,11,7,4
04/09/2017 08:00:00 AM,3,1,2
04/09/2017 09:00:00 AM,6,1,5
04/09/2017 10:00:00 AM,8,5,3
04/09/2017 11:00:00 AM,8,7,1
04/09/2017 12:00:00 PM,14,8,6
04/09/2017 01:00:00 PM,16,7,9
04/09/2017 02:00:00 PM,15,10,5
04/09/2017 03:00:00 PM,13,6,7
04/09/2017 04:00:00 PM,23,10,13
04/09/2017 05:00:00 PM,19,9,10
04/09/2017 06:00:00 PM,16,7,9
04/09/2017 07:00:00 PM,14,6,8
04/09/2017 08:00:00 PM,10,6,4
04/09/2017 09:00:00 PM,8,3,5
04/09/2017 10:00:00 PM,2,0,2
04/09/2017 11:00:00 PM,2,2,0
04/10/2017 12:00:00 AM,0,0,0
04/10/2017 01:00:00 AM,1,0,1
04/10/2017 02:00:00 AM,0,0,0
04/10/2017 03:00:00 AM,1,0,1
04/10/2017 04:00:00 AM,1,0,1
04/10/2017 05:00:00 AM,3,1,2
04/10/2017 06:00:00 AM,7,0,7
04/10/2017 07:00:00 AM,30,10,20
04/10/2017 08:00:00 AM,29,10,19
04/10/2017 09:00:00 AM,14,7,7
04/10/2017 10:00:00 AM,7,3,4
04/10/2017 11:00:00 AM,14,3,11
04/10/2017 12:00:00 PM,10,2,8
04/10/2017 01:00:00 PM,6,1,5
04/10/2017 02:00:00 PM,6,4,2
04/10/2017 03:00:00 PM,16,11,5
04/10/2017 04:00:00 PM,18,13,5
04/10/2017 05:00:00 PM,39,19,20
04/10/2017 06:00:00 PM,27,15,12
04/10/2017 07:00:00 PM,18,12,6
04/10/2017 08:00:00 PM,13,7,6
04/10/2017 09:00:00 PM,5,2,3
04/10/2017 10:00:00 PM,3,0,3
04/10/2017 11:00:00 PM,1,1,0
04/11/2017 12:00:00 AM,0,0,0
04/11/2017 01:00:00 AM,1,0,1
04/11/2017 02:00:00 AM,1,1,0
04/11/2017 03:00:00 AM,1,0,1
04/11/2017 04:00:00 AM,3,1,2
04/11/2017 05:00:00 AM,5,4,1
04/11/2017 06:00:00 AM,5,1,4
04/11/2017 07:00:00 AM,31,6,25
04/11/2017 08:00:00 AM,36,12,24
04/11/2017 09:00:00 AM,20,9,11
04/11/2017 10:00:00 AM,16,5,11
04/11/2017 11:00:00 AM,14,12,2
04/11/2017 12:00:00 PM,16,5,11
04/11/2017 01:00:00 PM,19,10,9
04/11/2017 02:00:00 PM,20,13,7
04/11/2017 03:00:00 PM,16,10,6
04/11/2017 04:00:00 PM,30,17,13
04/11/2017 05:00:00 PM,50,25,25
04/11/2017 06:00:00 PM,27,16,11
04/11/2017 07:00:00 PM,17,10,7
04/11/2017 08:00:00 PM,19,8,11
04/11/2017 09:00:00 PM,12,6,6
04/11/2017 10:00:00 PM,8,7,1
04/11/2017 11:00:00 PM,3,2,1
04/12/2017 12:00:00 AM,1,0,1
04/12/2017 01:00:00 AM,0,0,0
04/12/2017 02:00:00 AM,0,0,0
04/12/2017 03:00:00 AM,0,0,0
04/12/2017 04:00:00 AM,4,2,2
04/12/2017 05:00:00 AM,2,0,2
04/12/2017 06:00:00 AM,9,1,8
04/12/2017 07:00:00 AM,16,4,12
04/12/2017 08:00:00 AM,21,9,12
04/12/2017 09:00:00 AM,13,3,10
04/12/2017 10:00:00 AM,9,3,6
04/12/2017 11:00:00 AM,5,1,4
04/12/2017 12:00:00 PM,12,4,8
04/12/2017 01:00:00 PM,5,3,2
04/12/2017 02:00:00 PM,2,0,2
04/12/2017 03:00:00 PM,10,6,4
04/12/2017 04:00:00 PM,23,16,7
04/12/2017 05:00:00 PM,33,20,13
04/12/2017 06:00:00 PM,23,16,7
04/12/2017 07:00:00 PM,13,8,5
04/12/2017 08:00:00 PM,15,5,10
04/12/2017 09:00:00 PM,9,3,6
04/12/2017 10:00:00 PM,5,3,2
04/12/2017 11:00:00 PM,1,0,1
04/13/2017 12:00:00 AM,3,1,2
04/13/2017 01:00:00 AM,3,2,1
04/13/2017 02:00:00 AM,0,0,0
04/13/2017 03:00:00 AM,0,0,0
04/13/2017 04:00:00 AM,4,2,2
04/13/2017 05:00:00 AM,5,2,3
04/13/2017 06:00:00 AM,7,1,6
04/13/2017 07:00:00 AM,21,4,17
04/13/2017 08:00:00 AM,28,8,20
04/13/2017 09:00:00 AM,16,4,12
04/13/2017 10:00:00 AM,11,5,6
04/13/2017 11:00:00 AM,13,5,8
04/13/2017 12:00:00 PM,10,4,6
04/13/2017 01:00:00 PM,13,6,7
04/13/2017 02:00:00 PM,5,3,2
04/13/2017 03:00:00 PM,13,5,8
04/13/2017 04:00:00 PM,30,20,10
04/13/2017 05:00:00 PM,36,16,20
04/13/2017 06:00:00 PM,32,15,17
04/13/2017 07:00:00 PM,32,19,13
04/13/2017 08:00:00 PM,11,5,6
04/13/2017 09:00:00 PM,13,6,7
04/13/2017 10:00:00 PM,8,6,2
04/13/2017 11:00:00 PM,6,4,2
04/14/2017 12:00:00 AM,1,1,0
04/14/2017 01:00:00 AM,0,0,0
04/14/2017 02:00:00 AM,0,0,0
04/14/2017 03:00:00 AM,0,0,0
04/14/2017 04:00:00 AM,0,0,0
04/14/2017 05:00:00 AM,7,3,4
04/14/2017 06:00:00 AM,8,0,8
04/14/2017 07:00:00 AM,20,9,11
04/14/2017 08:00:00 AM,20,7,13
04/14/2017 09:00:00 AM,11,4,7
04/14/2017 10:00:00 AM,7,2,5
04/14/2017 11:00:00 AM,6,2,4
04/14/2017 12:00:00 PM,9,3,6
04/14/2017 01:00:00 PM,11,4,7
04/14/2017 02:00:00 PM,12,7,5
04/14/2017 03:00:00 PM,16,6,10
04/14/2017 04:00:00 PM,22,15,7
04/14/2017 05:00:00 PM,26,10,16
04/14/2017 06:00:00 PM,28,13,15
04/14/2017 07:00:00 PM,11,9,2
04/14/2017 08:00:00 PM,12,6,6
04/14/2017 09:00:00 PM,21,7,14
04/14/2017 10:00:00 PM,2,0,2
04/14/2017 11:00:00 PM,2,2,0
04/15/2017 12:00:00 AM,3,1,2
04/15/2017 01:00:00 AM,6,1,5
04/15/2017 02:00:00 AM,11,5,6
04/15/2017 03:00:00 AM,0,0,0
04/15/2017 04:00:00 AM,0,0,0
04/15/2017 05:00:00 AM,2,1,1
04/15/2017 06:00:00 AM,5,0,5
04/15/2017 07:00:00 AM,12,7,5
04/15/2017 08:00:00 AM,8,4,4
04/15/2017 09:00:00 AM,8,5,3
04/15/2017 10:00:00 AM,9,8,1
04/15/2017 11:00:00 AM,13,6,7
04/15/2017 12:00:00 PM,17,10,7
04/15/2017 01:00:00 PM,15,3,12
04/15/2017 02:00:00 PM,16,4,12
04/15/2017 03:00:00 PM,15,9,6
04/15/2017 04:00:00 PM,17,9,8
04/15/2017 05:00:00 PM,13,6,7
04/15/2017 06:00:00 PM,23,8,15
04/15/2017 07:00:00 PM,18,9,9
04/15/2017 08:00:00 PM,9,4,5
04/15/2017 09:00:00 PM,4,1,3
04/15/2017 10:00:00 PM,11,3,8
04/15/2017 11:00:00 PM,8,2,6
04/16/2017 12:00:00 AM,3,1,2
04/16/2017 01:00:00 AM,5,0,5
04/16/2017 02:00:00 AM,2,0,2
04/16/2017 03:00:00 AM,1,0,1
04/16/2017 04:00:00 AM,0,0,0
04/16/2017 05:00:00 AM,3,1,2
04/16/2017 06:00:00 AM,7,1,6
04/16/2017 07:00:00 AM,6,4,2
04/16/2017 08:00:00 AM,5,3,2
04/16/2017 09:00:00 AM,6,2,4
04/16/2017 10:00:00 AM,5,5,0
04/16/2017 11:00:00 AM,9,3,6
04/16/2017 12:00:00 PM,9,6,3
04/16/2017 01:00:00 PM,16,8,8
04/16/2017 02:00:00 PM,11,7,4
04/16/2017 03:00:00 PM,12,3,9
04/16/2017 04:00:00 PM,19,11,8
04/16/2017 05:00:00 PM,8,5,3
04/16/2017 06:00:00 PM,2,0,2
04/16/2017 07:00:00 PM,12,6,6
04/16/2017 08:00:00 PM,11,3,8
04/16/2017 09:00:00 PM,8,3,5
04/16/2017 10:00:00 PM,6,0,6
04/16/2017 11:00:00 PM,1,0,1
04/17/2017 12:00:00 AM,0,0,0
04/17/2017 01:00:00 AM,3,1,2
04/17/2017 02:00:00 AM,0,0,0
04/17/2017 03:00:00 AM,0,0,0
04/17/2017 04:00:00 AM,1,1,0
04/17/2017 05:00:00 AM,4,2,2
04/17/2017 06:00:00 AM,15,1,14
04/17/2017 07:00:00 AM,19,3,16
04/17/2017 08:00:00 AM,19,7,12
04/17/2017 09:00:00 AM,20,8,12
04/17/2017 10:00:00 AM,14,8,6
04/17/2017 11:00:00 AM,10,5,5
04/17/2017 12:00:00 PM,14,5,9
04/17/2017 01:00:00 PM,15,8,7
04/17/2017 02:00:00 PM,17,4,13
04/17/2017 03:00:00 PM,14,9,5
04/17/2017 04:00:00 PM,23,15,8
04/17/2017 05:00:00 PM,37,22,15
04/17/2017 06:00:00 PM,19,9,10
04/17/2017 07:00:00 PM,10,7,3
04/17/2017 08:00:00 PM,12,9,3
04/17/2017 09:00:00 PM,11,5,6
04/17/2017 10:00:00 PM,3,2,1
04/17/2017 11:00:00 PM,3,2,1
04/18/2017 12:00:00 AM,3,0,3
04/18/2017 01:00:00 AM,1,1,0
04/18/2017 02:00:00 AM,0,0,0
04/18/2017 03:00:00 AM,0,0,0
04/18/2017 04:00:00 AM,1,0,1
04/18/2017 05:00:00 AM,7,3,4
04/18/2017 06:00:00 AM,13,2,11
04/18/2017 07:00:00 AM,26,3,23
04/18/2017 08:00:00 AM,22,5,17
04/18/2017 09:00:00 AM,17,11,6
04/18/2017 10:00:00 AM,8,3,5
04/18/2017 11:00:00 AM,10,5,5
04/18/2017 12:00:00 PM,9,2,7
04/18/2017 01:00:00 PM,11,7,4
04/18/2017 02:00:00 PM,7,2,5
04/18/2017 03:00:00 PM,14,10,4
04/18/2017 04:00:00 PM,26,17,9
04/18/2017 05:00:00 PM,39,22,17
04/18/2017 06:00:00 PM,30,15,15
04/18/2017 07:00:00 PM,27,14,13
04/18/2017 08:00:00 PM,16,11,5
04/18/2017 09:00:00 PM,5,2,3
04/18/2017 10:00:00 PM,4,2,2
04/18/2017 11:00:00 PM,0,0,0
04/19/2017 12:00:00 AM,2,1,1
04/19/2017 01:00:00 AM,1,0,1
04/19/2017 02:00:00 AM,0,0,0
04/19/2017 03:00:00 AM,1,0,1
04/19/2017 04:00:00 AM,2,0,2
04/19/2017 05:00:00 AM,4,0,4
04/19/2017 06:00:00 AM,8,1,7
04/19/2017 07:00:00 AM,26,5,21
04/19/2017 08:00:00 AM,28,11,17
04/19/2017 09:00:00 AM,19,8,11
04/19/2017 10:00:00 AM,13,10,3
04/19/2017 11:00:00 AM,9,6,3
04/19/2017 12:00:00 PM,13,4,9
04/19/2017 01:00:00 PM,10,5,5
04/19/2017 02:00:00 PM,12,8,4
04/19/2017 03:00:00 PM,8,4,4
04/19/2017 04:00:00 PM,22,14,8
04/19/2017 05:00:00 PM,33,23,10
04/19/2017 06:00:00 PM,24,14,10
04/19/2017 07:00:00 PM,24,14,10
04/19/2017 08:00:00 PM,11,2,9
04/19/2017 09:00:00 PM,14,6,8
04/19/2017 10:00:00 PM,5,5,0
04/19/2017 11:00:00 PM,2,0,2
04/20/2017 12:00:00 AM,1,1,0
04/20/2017 01:00:00 AM,0,0,0
04/20/2017 02:00:00 AM,0,0,0
04/20/2017 03:00:00 AM,2,0,2
04/20/2017 04:00:00 AM,0,0,0
04/20/2017 05:00:00 AM,6,3,3
04/20/2017 06:00:00 AM,10,0,10
04/20/2017 07:00:00 AM,26,10,16
04/20/2017 08:00:00 AM,30,10,20
04/20/2017 09:00:00 AM,17,7,10
04/20/2017 10:00:00 AM,11,5,6
04/20/2017 11:00:00 AM,11,4,7
04/20/2017 12:00:00 PM,18,8,10
04/20/2017 01:00:00 PM,15,9,6
04/20/2017 02:00:00 PM,12,5,7
04/20/2017 03:00:00 PM,14,8,6
04/20/2017 04:00:00 PM,21,14,7
04/20/2017 05:00:00 PM,51,28,23
04/20/2017 06:00:00 PM,22,15,7
04/20/2017 07:00:00 PM,22,14,8
04/20/2017 08:00:00 PM,18,9,9
04/20/2017 09:00:00 PM,10,2,8
04/20/2017 10:00:00 PM,6,6,0
04/20/2017 11:00:00 PM,6,3,3
04/21/2017 12:00:00 AM,4,0,4
04/21/2017 01:00:00 AM,2,0,2
04/21/2017 02:00:00 AM,0,0,0
04/21/2017 03:00:00 AM,1,0,1
04/21/2017 04:00:00 AM,0,0,0
04/21/2017 05:00:00 AM,8,4,4
04/21/2017 06:00:00 AM,16,4,12
04/21/2017 07:00:00 AM,32,8,24
04/21/2017 08:00:00 AM,38,8,30
04/21/2017 09:00:00 AM,20,6,14
04/21/2017 10:00:00 AM,17,5,12
04/21/2017 11:00:00 AM,12,3,9
04/21/2017 12:00:00 PM,9,5,4
04/21/2017 01:00:00 PM,14,6,8
04/21/2017 02:00:00 PM,14,3,11
04/21/2017 03:00:00 PM,33,27,6
04/21/2017 04:00:00 PM,35,21,14
04/21/2017 05:00:00 PM,48,31,17
04/21/2017 06:00:00 PM,25,12,13
04/21/2017 07:00:00 PM,25,17,8
04/21/2017 08:00:00 PM,10,5,5
04/21/2017 09:00:00 PM,11,2,9
04/21/2017 10:00:00 PM,7,4,3
04/21/2017 11:00:00 PM,10,7,3
04/22/2017 12:00:00 AM,10,4,6
04/22/2017 01:00:00 AM,3,2,1
04/22/2017 02:00:00 AM,9,4,5
04/22/2017 03:00:00 AM,1,0,1
04/22/2017 04:00:00 AM,0,0,0
04/22/2017 05:00:00 AM,2,0,2
04/22/2017 06:00:00 AM,5,1,4
04/22/2017 07:00:00 AM,8,4,4
04/22/2017 08:00:00 AM,4,2,2
04/22/2017 09:00:00 AM,7,2,5
04/22/2017 10:00:00 AM,26,20,6
04/22/2017 11:00:00 AM,8,5,3
04/22/2017 12:00:00 PM,8,3,5
04/22/2017 01:00:00 PM,8,4,4
04/22/2017 02:00:00 PM,7,3,4
04/22/2017 03:00:00 PM,7,6,1
04/22/2017 04:00:00 PM,6,4,2
04/22/2017 05:00:00 PM,5,2,3
04/22/2017 06:00:00 PM,4,1,3
04/22/2017 07:00:00 PM,12,7,5
04/22/2017 08:00:00 PM,9,4,5
04/22/2017 09:00:00 PM,7,1,6
04/22/2017 10:00:00 PM,5,3,2
04/22/2017 11:00:00 PM,6,3,3
04/23/2017 12:00:00 AM,4,0,4
04/23/2017 01:00:00 AM,9,1,8
04/23/2017 02:00:00 AM,4,1,3
04/23/2017 03:00:00 AM,2,0,2
04/23/2017 04:00:00 AM,0,0,0
04/23/2017 05:00:00 AM,1,0,1
04/23/2017 06:00:00 AM,3,0,3
04/23/2017 07:00:00 AM,5,3,2
04/23/2017 08:00:00 AM,4,0,4
04/23/2017 09:00:00 AM,7,4,3
04/23/2017 10:00:00 AM,7,2,5
04/23/2017 11:00:00 AM,6,3,3
04/23/2017 12:00:00 PM,10,6,4
04/23/2017 01:00:00 PM,5,2,3
04/23/2017 02:00:00 PM,6,4,2
04/23/2017 03:00:00 PM,8,7,1
04/23/2017 04:00:00 PM,5,1,4
04/23/2017 05:00:00 PM,5,3,2
04/23/2017 06:00:00 PM,8,3,5
04/23/2017 07:00:00 PM,6,2,4
04/23/2017 08:00:00 PM,4,1,3
04/23/2017 09:00:00 PM,2,1,1
04/23/2017 10:00:00 PM,1,0,1
04/23/2017 11:00:00 PM,1,0,1
04/24/2017 12:00:00 AM,1,1,0
04/24/2017 01:00:00 AM,2,0,2
04/24/2017 02:00:00 AM,0,0,0
04/24/2017 03:00:00 AM,1,0,1
04/24/2017 04:00:00 AM,2,2,0
04/24/2017 05:00:00 AM,4,1,3
04/24/2017 06:00:00 AM,10,1,9
04/24/2017 07:00:00 AM,26,8,18
04/24/2017 08:00:00 AM,26,10,16
04/24/2017 09:00:00 AM,12,3,9
04/24/2017 10:00:00 AM,12,6,6
04/24/2017 11:00:00 AM,10,4,6
04/24/2017 12:00:00 PM,12,4,8
04/24/2017 01:00:00 PM,14,4,10
04/24/2017 02:00:00 PM,15,10,5
04/24/2017 03:00:00 PM,13,8,5
04/24/2017 04:00:00 PM,27,17,10
04/24/2017 05:00:00 PM,41,24,17
04/24/2017 06:00:00 PM,38,23,15
04/24/2017 07:00:00 PM,26,14,12
04/24/2017 08:00:00 PM,11,6,5
04/24/2017 09:00:00 PM,12,8,4
04/24/2017 10:00:00 PM,4,2,2
04/24/2017 11:00:00 PM,3,2,1
04/25/2017 12:00:00 AM,1,0,1
04/25/2017 01:00:00 AM,0,0,0
04/25/2017 02:00:00 AM,1,0,1
04/25/2017 03:00:00 AM,0,0,0
04/25/2017 04:00:00 AM,0,0,0
04/25/2017 05:00:00 AM,4,0,4
04/25/2017 06:00:00 AM,16,2,14
04/25/2017 07:00:00 AM,31,10,21
04/25/2017 08:00:00 AM,29,11,18
04/25/2017 09:00:00 AM,17,7,10
04/25/2017 10:00:00 AM,16,4,12
04/25/2017 11:00:00 AM,10,3,7
04/25/2017 12:00:00 PM,23,12,11
04/25/2017 01:00:00 PM,17,9,8
04/25/2017 02:00:00 PM,11,10,1
04/25/2017 03:00:00 PM,19,8,11
04/25/2017 04:00:00 PM,25,9,16
04/25/2017 05:00:00 PM,37,21,16
04/25/2017 06:00:00 PM,24,13,11
04/25/2017 07:00:00 PM,19,12,7
04/25/2017 08:00:00 PM,16,9,7
04/25/2017 09:00:00 PM,12,7,5
04/25/2017 10:00:00 PM,4,3,1
04/25/2017 11:00:00 PM,1,1,0
04/26/2017 12:00:00 AM,2,0,2
04/26/2017 01:00:00 AM,0,0,0
04/26/2017 02:00:00 AM,0,0,0
04/26/2017 03:00:00 AM,2,0,2
04/26/2017 04:00:00 AM,1,1,0
04/26/2017 05:00:00 AM,6,1,5
04/26/2017 06:00:00 AM,5,0,5
04/26/2017 07:00:00 AM,22,8,14
04/26/2017 08:00:00 AM,21,8,13
04/26/2017 09:00:00 AM,23,9,14
04/26/2017 10:00:00 AM,14,5,9
04/26/2017 11:00:00 AM,12,4,8
04/26/2017 12:00:00 PM,21,11,10
04/26/2017 01:00:00 PM,9,2,7
04/26/2017 02:00:00 PM,10,8,2
04/26/2017 03:00:00 PM,20,16,4
04/26/2017 04:00:00 PM,20,14,6
04/26/2017 05:00:00 PM,34,20,14
04/26/2017 06:00:00 PM,22,13,9
04/26/2017 07:00:00 PM,14,6,8
04/26/2017 08:00:00 PM,15,6,9
04/26/2017 09:00:00 PM,8,3,5
04/26/2017 10:00:00 PM,2,0,2
04/26/2017 11:00:00 PM,2,1,1
04/27/2017 12:00:00 AM,4,1,3
04/27/2017 01:00:00 AM,1,0,1
04/27/2017 02:00:00 AM,0,0,0
04/27/2017 03:00:00 AM,1,0,1
04/27/2017 04:00:00 AM,3,2,1
04/27/2017 05:00:00 AM,3,0,3
04/27/2017 06:00:00 AM,6,1,5
04/27/2017 07:00:00 AM,24,6,18
04/27/2017 08:00:00 AM,32,10,22
04/27/2017 09:00:00 AM,11,4,7
04/27/2017 10:00:00 AM,17,8,9
04/27/2017 11:00:00 AM,14,9,5
04/27/2017 12:00:00 PM,12,5,7
04/27/2017 01:00:00 PM,13,2,11
04/27/2017 02:00:00 PM,10,5,5
04/27/2017 03:00:00 PM,18,11,7
04/27/2017 04:00:00 PM,29,17,12
04/27/2017 05:00:00 PM,41,20,21
04/27/2017 06:00:00 PM,27,13,14
04/27/2017 07:00:00 PM,35,20,15
04/27/2017 08:00:00 PM,17,10,7
04/27/2017 09:00:00 PM,14,6,8
04/27/2017 10:00:00 PM,8,1,7
04/27/2017 11:00:00 PM,2,1,1
04/28/2017 12:00:00 AM,0,0,0
04/28/2017 01:00:00 AM,1,0,1
04/28/2017 02:00:00 AM,0,0,0
04/28/2017 03:00:00 AM,1,0,1
04/28/2017 04:00:00 AM,0,0,0
04/28/2017 05:00:00 AM,6,0,6
04/28/2017 06:00:00 AM,10,3,7
04/28/2017 07:00:00 AM,20,8,12
04/28/2017 08:00:00 AM,27,6,21
04/28/2017 09:00:00 AM,17,7,10
04/28/2017 10:00:00 AM,13,1,12
04/28/2017 11:00:00 AM,11,1,10
04/28/2017 12:00:00 PM,15,7,8
04/28/2017 01:00:00 PM,10,5,5
04/28/2017 02:00:00 PM,16,8,8
04/28/2017 03:00:00 PM,20,12,8
04/28/2017 04:00:00 PM,33,17,16
04/28/2017 05:00:00 PM,42,25,17
04/28/2017 06:00:00 PM,26,18,8
04/28/2017 07:00:00 PM,30,19,11
04/28/2017 08:00:00 PM,12,4,8
04/28/2017 09:00:00 PM,12,3,9
04/28/2017 10:00:00 PM,8,1,7
04/28/2017 11:00:00 PM,7,2,5
04/29/2017 12:00:00 AM,7,4,3
04/29/2017 01:00:00 AM,3,2,1
04/29/2017 02:00:00 AM,0,0,0
04/29/2017 03:00:00 AM,1,1,0
04/29/2017 04:00:00 AM,2,2,0
04/29/2017 05:00:00 AM,1,0,1
04/29/2017 06:00:00 AM,3,0,3
04/29/2017 07:00:00 AM,10,4,6
04/29/2017 08:00:00 AM,7,5,2
04/29/2017 09:00:00 AM,3,0,3
04/29/2017 10:00:00 AM,20,13,7
04/29/2017 11:00:00 AM,28,12,16
04/29/2017 12:00:00 PM,14,1,13
04/29/2017 01:00:00 PM,12,7,5
04/29/2017 02:00:00 PM,17,12,5
04/29/2017 03:00:00 PM,13,6,7
04/29/2017 04:00:00 PM,13,7,6
04/29/2017 05:00:00 PM,20,10,10
04/29/2017 06:00:00 PM,10,5,5
04/29/2017 07:00:00 PM,13,6,7
04/29/2017 08:00:00 PM,3,0,3
04/29/2017 09:00:00 PM,2,0,2
04/29/2017 10:00:00 PM,4,1,3
04/29/2017 11:00:00 PM,5,2,3
04/30/2017 12:00:00 AM,2,1,1
04/30/2017 01:00:00 AM,9,3,6
04/30/2017 02:00:00 AM,2,0,2
04/30/2017 03:00:00 AM,1,0,1
04/30/2017 04:00:00 AM,3,3,0
04/30/2017 05:00:00 AM,3,1,2
04/30/2017 06:00:00 AM,1,0,1
04/30/2017 07:00:00 AM,3,1,2
04/30/2017 08:00:00 AM,6,3,3
04/30/2017 09:00:00 AM,2,1,1
04/30/2017 10:00:00 AM,5,2,3
04/30/2017 11:00:00 AM,8,3,5
04/30/2017 12:00:00 PM,8,5,3
04/30/2017 01:00:00 PM,10,6,4
04/30/2017 02:00:00 PM,12,4,8
04/30/2017 03:00:00 PM,16,4,12
04/30/2017 04:00:00 PM,12,4,8
04/30/2017 05:00:00 PM,15,5,10
04/30/2017 06:00:00 PM,14,7,7
04/30/2017 07:00:00 PM,11,10,1
04/30/2017 08:00:00 PM,10,4,6
04/30/2017 09:00:00 PM,6,0,6
04/30/2017 10:00:00 PM,2,1,1
04/30/2017 11:00:00 PM,3,0,3
05/01/2017 12:00:00 AM,1,0,1
05/01/2017 01:00:00 AM,1,0,1
05/01/2017 02:00:00 AM,0,0,0
05/01/2017 03:00:00 AM,1,0,1
05/01/2017 04:00:00 AM,3,2,1
05/01/2017 05:00:00 AM,5,1,4
05/01/2017 06:00:00 AM,11,0,11
05/01/2017 07:00:00 AM,32,7,25
05/01/2017 08:00:00 AM,30,7,23
05/01/2017 09:00:00 AM,29,10,19
05/01/2017 10:00:00 AM,25,18,7
05/01/2017 11:00:00 AM,11,2,9
05/01/2017 12:00:00 PM,17,9,8
05/01/2017 01:00:00 PM,10,5,5
05/01/2017 02:00:00 PM,50,34,16
05/01/2017 03:00:00 PM,13,8,5
05/01/2017 04:00:00 PM,39,25,14
05/01/2017 05:00:00 PM,43,29,14
05/01/2017 06:00:00 PM,23,10,13
05/01/2017 07:00:00 PM,12,6,6
05/01/2017 08:00:00 PM,11,7,4
05/01/2017 09:00:00 PM,6,2,4
05/01/2017 10:00:00 PM,4,3,1
05/01/2017 11:00:00 PM,1,1,0
05/02/2017 12:00:00 AM,2,2,0
05/02/2017 01:00:00 AM,2,0,2
05/02/2017 02:00:00 AM,0,0,0
05/02/2017 03:00:00 AM,0,0,0
05/02/2017 04:00:00 AM,2,2,0
05/02/2017 05:00:00 AM,6,0,6
05/02/2017 06:00:00 AM,15,1,14
05/02/2017 07:00:00 AM,29,5,24
05/02/2017 08:00:00 AM,39,15,24
05/02/2017 09:00:00 AM,17,7,10
05/02/2017 10:00:00 AM,20,6,14
05/02/2017 11:00:00 AM,14,8,6
05/02/2017 12:00:00 PM,14,10,4
05/02/2017 01:00:00 PM,10,5,5
05/02/2017 02:00:00 PM,20,9,11
05/02/2017 03:00:00 PM,11,8,3
05/02/2017 04:00:00 PM,32,22,10
05/02/2017 05:00:00 PM,44,22,22
05/02/2017 06:00:00 PM,29,18,11
05/02/2017 07:00:00 PM,28,13,15
05/02/2017 08:00:00 PM,18,9,9
05/02/2017 09:00:00 PM,12,6,6
05/02/2017 10:00:00 PM,5,2,3
05/02/2017 11:00:00 PM,2,0,2
05/03/2017 12:00:00 AM,1,1,0
05/03/2017 01:00:00 AM,0,0,0
05/03/2017 02:00:00 AM,0,0,0
05/03/2017 03:00:00 AM,1,0,1
05/03/2017 04:00:00 AM,1,1,0
05/03/2017 05:00:00 AM,5,1,4
05/03/2017 06:00:00 AM,14,2,12
05/03/2017 07:00:00 AM,30,9,21
05/03/2017 08:00:00 AM,39,11,28
05/03/2017 09:00:00 AM,23,7,16
05/03/2017 10:00:00 AM,16,8,8
05/03/2017 11:00:00 AM,18,4,14
05/03/2017 12:00:00 PM,22,8,14
05/03/2017 01:00:00 PM,17,11,6
05/03/2017 02:00:00 PM,13,9,4
05/03/2017 03:00:00 PM,14,5,9
05/03/2017 04:00:00 PM,30,18,12
05/03/2017 05:00:00 PM,46,27,19
05/03/2017 06:00:00 PM,51,28,23
05/03/2017 07:00:00 PM,34,13,21
05/03/2017 08:00:00 PM,28,15,13
05/03/2017 09:00:00 PM,23,10,13
05/03/2017 10:00:00 PM,13,8,5
05/03/2017 11:00:00 PM,4,3,1
05/04/2017 12:00:00 AM,1,1,0
05/04/2017 01:00:00 AM,4,4,0
05/04/2017 02:00:00 AM,1,0,1
05/04/2017 03:00:00 AM,1,0,1
05/04/2017 04:00:00 AM,1,0,1
05/04/2017 05:00:00 AM,4,1,3
05/04/2017 06:00:00 AM,12,0,12
05/04/2017 07:00:00 AM,32,9,23
05/04/2017 08:00:00 AM,34,14,20
05/04/2017 09:00:00 AM,12,5,7
05/04/2017 10:00:00 AM,16,5,11
05/04/2017 11:00:00 AM,21,7,14
05/04/2017 12:00:00 PM,18,9,9
05/04/2017 01:00:00 PM,21,11,10
05/04/2017 02:00:00 PM,15,7,8
05/04/2017 03:00:00 PM,20,13,7
05/04/2017 04:00:00 PM,20,16,4
05/04/2017 05:00:00 PM,36,21,15
05/04/2017 06:00:00 PM,22,9,13
05/04/2017 07:00:00 PM,26,18,8
05/04/2017 08:00:00 PM,18,10,8
05/04/2017 09:00:00 PM,6,5,1
05/04/2017 10:00:00 PM,3,1,2
05/04/2017 11:00:00 PM,1,0,1
05/05/2017 12:00:00 AM,1,0,1
05/05/2017 01:00:00 AM,1,1,0
05/05/2017 02:00:00 AM,0,0,0
05/05/2017 03:00:00 AM,2,0,2
05/05/2017 04:00:00 AM,1,1,0
05/05/2017 05:00:00 AM,2,0,2
05/05/2017 06:00:00 AM,14,0,14
05/05/2017 07:00:00 AM,26,8,18
05/05/2017 08:00:00 AM,20,5,15
05/05/2017 09:00:00 AM,14,6,8
05/05/2017 10:00:00 AM,18,9,9
05/05/2017 11:00:00 AM,10,4,6
05/05/2017 12:00:00 PM,12,5,7
05/05/2017 01:00:00 PM,19,9,10
05/05/2017 02:00:00 PM,11,8,3
05/05/2017 03:00:00 PM,23,13,10
05/05/2017 04:00:00 PM,25,15,10
05/05/2017 05:00:00 PM,33,25,8
05/05/2017 06:00:00 PM,38,16,22
05/05/2017 07:00:00 PM,24,11,13
05/05/2017 08:00:00 PM,14,8,6
05/05/2017 09:00:00 PM,10,3,7
05/05/2017 10:00:00 PM,5,4,1
05/05/2017 11:00:00 PM,7,3,4
05/06/2017 12:00:00 AM,6,1,5
05/06/2017 01:00:00 AM,4,2,2
05/06/2017 02:00:00 AM,4,0,4
05/06/2017 03:00:00 AM,1,1,0
05/06/2017 04:00:00 AM,0,0,0
05/06/2017 05:00:00 AM,4,1,3
05/06/2017 06:00:00 AM,6,2,4
05/06/2017 07:00:00 AM,10,3,7
05/06/2017 08:00:00 AM,6,1,5
05/06/2017 09:00:00 AM,9,4,5
05/06/2017 10:00:00 AM,15,10,5
05/06/2017 11:00:00 AM,10,4,6
05/06/2017 12:00:00 PM,16,9,7
05/06/2017 01:00:00 PM,22,9,13
05/06/2017 02:00:00 PM,22,8,14
05/06/2017 03:00:00 PM,20,14,6
05/06/2017 04:00:00 PM,19,14,5
05/06/2017 05:00:00 PM,17,10,7
05/06/2017 06:00:00 PM,12,5,7
05/06/2017 07:00:00 PM,30,18,12
05/06/2017 08:00:00 PM,7,2,5
05/06/2017 09:00:00 PM,9,3,6
05/06/2017 10:00:00 PM,7,3,4
05/06/2017 11:00:00 PM,5,4,1
05/07/2017 12:00:00 AM,6,4,2
05/07/2017 01:00:00 AM,3,0,3
05/07/2017 02:00:00 AM,2,0,2
05/07/2017 03:00:00 AM,2,0,2
05/07/2017 04:00:00 AM,0,0,0
05/07/2017 05:00:00 AM,2,0,2
05/07/2017 06:00:00 AM,2,0,2
05/07/2017 07:00:00 AM,7,3,4
05/07/2017 08:00:00 AM,8,4,4
05/07/2017 09:00:00 AM,9,1,8
05/07/2017 10:00:00 AM,8,2,6
05/07/2017 11:00:00 AM,17,13,4
05/07/2017 12:00:00 PM,10,3,7
05/07/2017 01:00:00 PM,15,9,6
05/07/2017 02:00:00 PM,18,11,7
05/07/2017 03:00:00 PM,21,7,14
05/07/2017 04:00:00 PM,24,9,15
05/07/2017 05:00:00 PM,17,6,11
05/07/2017 06:00:00 PM,15,11,4
05/07/2017 07:00:00 PM,17,7,10
05/07/2017 08:00:00 PM,7,4,3
05/07/2017 09:00:00 PM,7,1,6
05/07/2017 10:00:00 PM,8,5,3
05/07/2017 11:00:00 PM,4,2,2
05/08/2017 12:00:00 AM,2,2,0
05/08/2017 01:00:00 AM,2,0,2
05/08/2017 02:00:00 AM,1,0,1
05/08/2017 03:00:00 AM,1,0,1
05/08/2017 04:00:00 AM,2,1,1
05/08/2017 05:00:00 AM,8,0,8
05/08/2017 06:00:00 AM,13,2,11
05/08/2017 07:00:00 AM,40,5,35
05/08/2017 08:00:00 AM,51,16,35
05/08/2017 09:00:00 AM,11,3,8
05/08/2017 10:00:00 AM,11,5,6
05/08/2017 11:00:00 AM,16,6,10
05/08/2017 12:00:00 PM,19,12,7
05/08/2017 01:00:00 PM,17,14,3
05/08/2017 02:00:00 PM,13,5,8
05/08/2017 03:00:00 PM,25,17,8
05/08/2017 04:00:00 PM,43,33,10
05/08/2017 05:00:00 PM,66,47,19
05/08/2017 06:00:00 PM,40,26,14
05/08/2017 07:00:00 PM,18,10,8
05/08/2017 08:00:00 PM,21,11,10
05/08/2017 09:00:00 PM,17,8,9
05/08/2017 10:00:00 PM,10,5,5
05/08/2017 11:00:00 PM,2,2,0
05/09/2017 12:00:00 AM,2,0,2
05/09/2017 01:00:00 AM,2,2,0
05/09/2017 02:00:00 AM,0,0,0
05/09/2017 03:00:00 AM,1,0,1
05/09/2017 04:00:00 AM,3,1,2
05/09/2017 05:00:00 AM,6,0,6
05/09/2017 06:00:00 AM,21,5,16
05/09/2017 07:00:00 AM,38,7,31
05/09/2017 08:00:00 AM,41,9,32
05/09/2017 09:00:00 AM,21,10,11
05/09/2017 10:00:00 AM,20,7,13
05/09/2017 11:00:00 AM,7,5,2
05/09/2017 12:00:00 PM,24,12,12
05/09/2017 01:00:00 PM,18,6,12
05/09/2017 02:00:00 PM,21,16,5
05/09/2017 03:00:00 PM,11,5,6
05/09/2017 04:00:00 PM,38,22,16
05/09/2017 05:00:00 PM,56,35,21
05/09/2017 06:00:00 PM,46,23,23
05/09/2017 07:00:00 PM,28,18,10
05/09/2017 08:00:00 PM,20,12,8
05/09/2017 09:00:00 PM,13,7,6
05/09/2017 10:00:00 PM,4,3,1
05/09/2017 11:00:00 PM,6,2,4
05/10/2017 12:00:00 AM,1,0,1
05/10/2017 01:00:00 AM,0,0,0
05/10/2017 02:00:00 AM,5,2,3
05/10/2017 03:00:00 AM,1,0,1
05/10/2017 04:00:00 AM,2,1,1
05/10/2017 05:00:00 AM,9,2,7
05/10/2017 06:00:00 AM,25,4,21
05/10/2017 07:00:00 AM,31,3,28
05/10/2017 08:00:00 AM,52,17,35
05/10/2017 09:00:00 AM,26,7,19
05/10/2017 10:00:00 AM,13,4,9
05/10/2017 11:00:00 AM,11,6,5
05/10/2017 12:00:00 PM,29,9,20
05/10/2017 01:00:00 PM,10,7,3
05/10/2017 02:00:00 PM,15,7,8
05/10/2017 03:00:00 PM,30,22,8
05/10/2017 04:00:00 PM,25,16,9
05/10/2017 05:00:00 PM,58,35,23
05/10/2017 06:00:00 PM,33,18,15
05/10/2017 07:00:00 PM,37,20,17
05/10/2017 08:00:00 PM,24,13,11
05/10/2017 09:00:00 PM,15,7,8
05/10/2017 10:00:00 PM,7,5,2
05/10/2017 11:00:00 PM,5,2,3
05/11/2017 12:00:00 AM,3,1,2
05/11/2017 01:00:00 AM,7,2,5
05/11/2017 02:00:00 AM,4,2,2
05/11/2017 03:00:00 AM,1,0,1
05/11/2017 04:00:00 AM,4,1,3
05/11/2017 05:00:00 AM,4,0,4
05/11/2017 06:00:00 AM,15,0,15
05/11/2017 07:00:00 AM,26,8,18
05/11/2017 08:00:00 AM,30,11,19
05/11/2017 09:00:00 AM,11,3,8
05/11/2017 10:00:00 AM,6,3,3
05/11/2017 11:00:00 AM,9,3,6
05/11/2017 12:00:00 PM,9,4,5
05/11/2017 01:00:00 PM,7,2,5
05/11/2017 02:00:00 PM,12,6,6
05/11/2017 03:00:00 PM,13,9,4
05/11/2017 04:00:00 PM,16,10,6
05/11/2017 05:00:00 PM,27,16,11
05/11/2017 06:00:00 PM,40,15,25
05/11/2017 07:00:00 PM,24,20,4
05/11/2017 08:00:00 PM,14,7,7
05/11/2017 09:00:00 PM,7,4,3
05/11/2017 10:00:00 PM,4,2,2
05/11/2017 11:00:00 PM,0,0,0
05/12/2017 12:00:00 AM,6,3,3
05/12/2017 01:00:00 AM,4,1,3
05/12/2017 02:00:00 AM,1,0,1
05/12/2017 03:00:00 AM,1,0,1
05/12/2017 04:00:00 AM,3,2,1
05/12/2017 05:00:00 AM,3,0,3
05/12/2017 06:00:00 AM,11,1,10
05/12/2017 07:00:00 AM,25,6,19
05/12/2017 08:00:00 AM,30,4,26
05/12/2017 09:00:00 AM,21,7,14
05/12/2017 10:00:00 AM,17,6,11
05/12/2017 11:00:00 AM,9,3,6
05/12/2017 12:00:00 PM,13,3,10
05/12/2017 01:00:00 PM,4,3,1
05/12/2017 02:00:00 PM,12,7,5
05/12/2017 03:00:00 PM,15,7,8
05/12/2017 04:00:00 PM,28,22,6
05/12/2017 05:00:00 PM,32,14,18
05/12/2017 06:00:00 PM,34,15,19
05/12/2017 07:00:00 PM,19,10,9
05/12/2017 08:00:00 PM,13,8,5
05/12/2017 09:00:00 PM,13,8,5
05/12/2017 10:00:00 PM,9,5,4
05/12/2017 11:00:00 PM,7,5,2
05/13/2017 12:00:00 AM,8,2,6
05/13/2017 01:00:00 AM,4,3,1
05/13/2017 02:00:00 AM,4,1,3
05/13/2017 03:00:00 AM,0,0,0
05/13/2017 04:00:00 AM,0,0,0
05/13/2017 05:00:00 AM,2,1,1
05/13/2017 06:00:00 AM,4,1,3
05/13/2017 07:00:00 AM,5,3,2
05/13/2017 08:00:00 AM,4,3,1
05/13/2017 09:00:00 AM,8,2,6
05/13/2017 10:00:00 AM,2,2,0
05/13/2017 11:00:00 AM,8,3,5
05/13/2017 12:00:00 PM,16,10,6
05/13/2017 01:00:00 PM,13,5,8
05/13/2017 02:00:00 PM,112,99,13
05/13/2017 03:00:00 PM,14,8,6
05/13/2017 04:00:00 PM,13,6,7
05/13/2017 05:00:00 PM,19,12,7
05/13/2017 06:00:00 PM,8,3,5
05/13/2017 07:00:00 PM,15,6,9
05/13/2017 08:00:00 PM,7,5,2
05/13/2017 09:00:00 PM,2,2,0
05/13/2017 10:00:00 PM,7,1,6
05/13/2017 11:00:00 PM,2,2,0
05/14/2017 12:00:00 AM,7,0,7
05/14/2017 01:00:00 AM,1,0,1
05/14/2017 02:00:00 AM,3,0,3
05/14/2017 03:00:00 AM,1,0,1
05/14/2017 04:00:00 AM,0,0,0
05/14/2017 05:00:00 AM,2,0,2
05/14/2017 06:00:00 AM,6,1,5
05/14/2017 07:00:00 AM,3,1,2
05/14/2017 08:00:00 AM,6,2,4
05/14/2017 09:00:00 AM,2,0,2
05/14/2017 10:00:00 AM,8,4,4
05/14/2017 11:00:00 AM,17,7,10
05/14/2017 12:00:00 PM,14,6,8
05/14/2017 01:00:00 PM,10,6,4
05/14/2017 02:00:00 PM,16,9,7
05/14/2017 03:00:00 PM,14,6,8
05/14/2017 04:00:00 PM,19,9,10
05/14/2017 05:00:00 PM,14,5,9
05/14/2017 06:00:00 PM,17,8,9
05/14/2017 07:00:00 PM,3,2,1
05/14/2017 08:00:00 PM,9,3,6
05/14/2017 09:00:00 PM,8,5,3
05/14/2017 10:00:00 PM,1,0,1
05/14/2017 11:00:00 PM,2,1,1
05/15/2017 12:00:00 AM,2,1,1
05/15/2017 01:00:00 AM,2,1,1
05/15/2017 02:00:00 AM,0,0,0
05/15/2017 03:00:00 AM,0,0,0
05/15/2017 04:00:00 AM,3,1,2
05/15/2017 05:00:00 AM,6,0,6
05/15/2017 06:00:00 AM,17,1,16
05/15/2017 07:00:00 AM,25,5,20
05/15/2017 08:00:00 AM,30,9,21
05/15/2017 09:00:00 AM,15,3,12
05/15/2017 10:00:00 AM,11,5,6
05/15/2017 11:00:00 AM,10,4,6
05/15/2017 12:00:00 PM,16,8,8
05/15/2017 01:00:00 PM,18,8,10
05/15/2017 02:00:00 PM,14,7,7
05/15/2017 03:00:00 PM,12,6,6
05/15/2017 04:00:00 PM,23,16,7
05/15/2017 05:00:00 PM,35,22,13
05/15/2017 06:00:00 PM,15,8,7
05/15/2017 07:00:00 PM,15,10,5
05/15/2017 08:00:00 PM,8,4,4
05/15/2017 09:00:00 PM,6,0,6
05/15/2017 10:00:00 PM,3,2,1
05/15/2017 11:00:00 PM,2,2,0
05/16/2017 12:00:00 AM,1,0,1
05/16/2017 01:00:00 AM,0,0,0
05/16/2017 02:00:00 AM,0,0,0
05/16/2017 03:00:00 AM,0,0,0
05/16/2017 04:00:00 AM,3,2,1
05/16/2017 05:00:00 AM,4,1,3
05/16/2017 06:00:00 AM,5,1,4
05/16/2017 07:00:00 AM,17,3,14
05/16/2017 08:00:00 AM,19,6,13
05/16/2017 09:00:00 AM,9,3,6
05/16/2017 10:00:00 AM,7,1,6
05/16/2017 11:00:00 AM,7,3,4
05/16/2017 12:00:00 PM,11,6,5
05/16/2017 01:00:00 PM,18,10,8
05/16/2017 02:00:00 PM,7,4,3
05/16/2017 03:00:00 PM,12,9,3
05/16/2017 04:00:00 PM,22,14,8
05/16/2017 05:00:00 PM,31,16,15
05/16/2017 06:00:00 PM,40,18,22
05/16/2017 07:00:00 PM,14,11,3
05/16/2017 08:00:00 PM,15,10,5
05/16/2017 09:00:00 PM,11,4,7
05/16/2017 10:00:00 PM,4,0,4
05/16/2017 11:00:00 PM,4,3,1
05/17/2017 12:00:00 AM,0,0,0
05/17/2017 01:00:00 AM,2,2,0
05/17/2017 02:00:00 AM,0,0,0
05/17/2017 03:00:00 AM,0,0,0
05/17/2017 04:00:00 AM,2,1,1
05/17/2017 05:00:00 AM,4,1,3
05/17/2017 06:00:00 AM,25,2,23
05/17/2017 07:00:00 AM,31,3,28
05/17/2017 08:00:00 AM,34,6,28
05/17/2017 09:00:00 AM,25,6,19
05/17/2017 10:00:00 AM,12,6,6
05/17/2017 11:00:00 AM,17,7,10
05/17/2017 12:00:00 PM,19,10,9
05/17/2017 01:00:00 PM,19,8,11
05/17/2017 02:00:00 PM,13,7,6
05/17/2017 03:00:00 PM,25,16,9
05/17/2017 04:00:00 PM,32,20,12
05/17/2017 05:00:00 PM,39,27,12
05/17/2017 06:00:00 PM,34,20,14
05/17/2017 07:00:00 PM,23,9,14
05/17/2017 08:00:00 PM,14,8,6
05/17/2017 09:00:00 PM,16,7,9
05/17/2017 10:00:00 PM,10,5,5
05/17/2017 11:00:00 PM,3,3,0
05/18/2017 12:00:00 AM,3,1,2
05/18/2017 01:00:00 AM,1,1,0
05/18/2017 02:00:00 AM,4,1,3
05/18/2017 03:00:00 AM,2,0,2
05/18/2017 04:00:00 AM,4,1,3
05/18/2017 05:00:00 AM,4,1,3
05/18/2017 06:00:00 AM,18,1,17
05/18/2017 07:00:00 AM,29,6,23
05/18/2017 08:00:00 AM,30,5,25
05/18/2017 09:00:00 AM,15,6,9
05/18/2017 10:00:00 AM,13,6,7
05/18/2017 11:00:00 AM,10,2,8
05/18/2017 12:00:00 PM,13,4,9
05/18/2017 01:00:00 PM,15,8,7
05/18/2017 02:00:00 PM,16,8,8
05/18/2017 03:00:00 PM,15,8,7
05/18/2017 04:00:00 PM,37,20,17
05/18/2017 05:00:00 PM,59,37,22
05/18/2017 06:00:00 PM,40,20,20
05/18/2017 07:00:00 PM,21,13,8
05/18/2017 08:00:00 PM,17,12,5
05/18/2017 09:00:00 PM,18,7,11
05/18/2017 10:00:00 PM,4,1,3
05/18/2017 11:00:00 PM,9,2,7
05/19/2017 12:00:00 AM,0,0,0
05/19/2017 01:00:00 AM,2,0,2
05/19/2017 02:00:00 AM,2,1,1
05/19/2017 03:00:00 AM,2,0,2
05/19/2017 04:00:00 AM,2,1,1
05/19/2017 05:00:00 AM,6,2,4
05/19/2017 06:00:00 AM,19,3,16
05/19/2017 07:00:00 AM,32,7,25
05/19/2017 08:00:00 AM,57,20,37
05/19/2017 09:00:00 AM,26,12,14
05/19/2017 10:00:00 AM,37,12,25
05/19/2017 11:00:00 AM,24,16,8
05/19/2017 12:00:00 PM,23,11,12
05/19/2017 01:00:00 PM,17,7,10
05/19/2017 02:00:00 PM,24,10,14
05/19/2017 03:00:00 PM,24,15,9
05/19/2017 04:00:00 PM,46,35,11
05/19/2017 05:00:00 PM,49,25,24
05/19/2017 06:00:00 PM,34,19,15
05/19/2017 07:00:00 PM,22,11,11
05/19/2017 08:00:00 PM,19,3,16
05/19/2017 09:00:00 PM,16,10,6
05/19/2017 10:00:00 PM,9,6,3
05/19/2017 11:00:00 PM,5,3,2
05/20/2017 12:00:00 AM,9,3,6
05/20/2017 01:00:00 AM,6,2,4
05/20/2017 02:00:00 AM,4,1,3
05/20/2017 03:00:00 AM,2,0,2
05/20/2017 04:00:00 AM,0,0,0
05/20/2017 05:00:00 AM,3,1,2
05/20/2017 06:00:00 AM,6,2,4
05/20/2017 07:00:00 AM,6,1,5
05/20/2017 08:00:00 AM,7,3,4
05/20/2017 09:00:00 AM,11,4,7
05/20/2017 10:00:00 AM,15,6,9
05/20/2017 11:00:00 AM,15,8,7
05/20/2017 12:00:00 PM,26,11,15
05/20/2017 01:00:00 PM,28,16,12
05/20/2017 02:00:00 PM,19,7,12
05/20/2017 03:00:00 PM,14,9,5
05/20/2017 04:00:00 PM,19,15,4
05/20/2017 05:00:00 PM,27,19,8
05/20/2017 06:00:00 PM,13,4,9
05/20/2017 07:00:00 PM,17,8,9
05/20/2017 08:00:00 PM,5,0,5
05/20/2017 09:00:00 PM,8,4,4
05/20/2017 10:00:00 PM,11,6,5
05/20/2017 11:00:00 PM,10,5,5
05/21/2017 12:00:00 AM,6,2,4
05/21/2017 01:00:00 AM,9,0,9
05/21/2017 02:00:00 AM,4,2,2
05/21/2017 03:00:00 AM,2,0,2
05/21/2017 04:00:00 AM,0,0,0
05/21/2017 05:00:00 AM,2,0,2
05/21/2017 06:00:00 AM,8,0,8
05/21/2017 07:00:00 AM,4,2,2
05/21/2017 08:00:00 AM,11,3,8
05/21/2017 09:00:00 AM,18,11,7
05/21/2017 10:00:00 AM,11,7,4
05/21/2017 11:00:00 AM,15,9,6
05/21/2017 12:00:00 PM,26,13,13
05/21/2017 01:00:00 PM,30,10,20
05/21/2017 02:00:00 PM,15,4,11
05/21/2017 03:00:00 PM,24,12,12
05/21/2017 04:00:00 PM,15,7,8
05/21/2017 05:00:00 PM,15,7,8
05/21/2017 06:00:00 PM,17,8,9
05/21/2017 07:00:00 PM,15,9,6
05/21/2017 08:00:00 PM,17,8,9
05/21/2017 09:00:00 PM,14,7,7
05/21/2017 10:00:00 PM,10,6,4
05/21/2017 11:00:00 PM,8,4,4
05/22/2017 12:00:00 AM,1,0,1
05/22/2017 01:00:00 AM,1,0,1
05/22/2017 02:00:00 AM,1,1,0
05/22/2017 03:00:00 AM,0,0,0
05/22/2017 04:00:00 AM,2,1,1
05/22/2017 05:00:00 AM,10,0,10
05/22/2017 06:00:00 AM,18,2,16
05/22/2017 07:00:00 AM,32,8,24
05/22/2017 08:00:00 AM,42,9,33
05/22/2017 09:00:00 AM,23,11,12
05/22/2017 10:00:00 AM,11,4,7
05/22/2017 11:00:00 AM,18,6,12
05/22/2017 12:00:00 PM,21,10,11
05/22/2017 01:00:00 PM,6,3,3
05/22/2017 02:00:00 PM,14,8,6
05/22/2017 03:00:00 PM,14,9,5
05/22/2017 04:00:00 PM,34,22,12
05/22/2017 05:00:00 PM,51,37,14
05/22/2017 06:00:00 PM,31,16,15
05/22/2017 07:00:00 PM,30,14,16
05/22/2017 08:00:00 PM,11,3,8
05/22/2017 09:00:00 PM,14,7,7
05/22/2017 10:00:00 PM,7,3,4
05/22/2017 11:00:00 PM,6,2,4
05/23/2017 12:00:00 AM,5,0,5
05/23/2017 01:00:00 AM,1,1,0
05/23/2017 02:00:00 AM,1,1,0
05/23/2017 03:00:00 AM,1,1,0
05/23/2017 04:00:00 AM,5,1,4
05/23/2017 05:00:00 AM,9,0,9
05/23/2017 06:00:00 AM,23,3,20
05/23/2017 07:00:00 AM,53,11,42
05/23/2017 08:00:00 AM,37,8,29
05/23/2017 09:00:00 AM,28,10,18
05/23/2017 10:00:00 AM,17,5,12
05/23/2017 11:00:00 AM,11,6,5
05/23/2017 12:00:00 PM,17,9,8
05/23/2017 01:00:00 PM,18,7,11
05/23/2017 02:00:00 PM,14,6,8
05/23/2017 03:00:00 PM,20,11,9
05/23/2017 04:00:00 PM,57,36,21
05/23/2017 05:00:00 PM,74,50,24
05/23/2017 06:00:00 PM,28,9,19
05/23/2017 07:00:00 PM,14,5,9
05/23/2017 08:00:00 PM,14,8,6
05/23/2017 09:00:00 PM,14,9,5
05/23/2017 10:00:00 PM,14,5,9
05/23/2017 11:00:00 PM,7,3,4
05/24/2017 12:00:00 AM,4,2,2
05/24/2017 01:00:00 AM,0,0,0
05/24/2017 02:00:00 AM,0,0,0
05/24/2017 03:00:00 AM,1,0,1
05/24/2017 04:00:00 AM,2,1,1
05/24/2017 05:00:00 AM,3,0,3
05/24/2017 06:00:00 AM,21,3,18
05/24/2017 07:00:00 AM,29,7,22
05/24/2017 08:00:00 AM,32,10,22
05/24/2017 09:00:00 AM,18,6,12
05/24/2017 10:00:00 AM,20,10,10
05/24/2017 11:00:00 AM,22,15,7
05/24/2017 12:00:00 PM,27,18,9
05/24/2017 01:00:00 PM,15,8,7
05/24/2017 02:00:00 PM,19,12,7
05/24/2017 03:00:00 PM,19,12,7
05/24/2017 04:00:00 PM,33,27,6
05/24/2017 05:00:00 PM,57,32,25
05/24/2017 06:00:00 PM,49,25,24
05/24/2017 07:00:00 PM,31,15,16
05/24/2017 08:00:00 PM,17,10,7
05/24/2017 09:00:00 PM,18,7,11
05/24/2017 10:00:00 PM,6,1,5
05/24/2017 11:00:00 PM,2,2,0
05/25/2017 12:00:00 AM,3,0,3
05/25/2017 01:00:00 AM,1,1,0
05/25/2017 02:00:00 AM,1,0,1
05/25/2017 03:00:00 AM,1,0,1
05/25/2017 04:00:00 AM,0,0,0
05/25/2017 05:00:00 AM,9,0,9
05/25/2017 06:00:00 AM,20,1,19
05/25/2017 07:00:00 AM,30,3,27
05/25/2017 08:00:00 AM,54,20,34
05/25/2017 09:00:00 AM,12,5,7
05/25/2017 10:00:00 AM,15,7,8
05/25/2017 11:00:00 AM,7,4,3
05/25/2017 12:00:00 PM,19,7,12
05/25/2017 01:00:00 PM,24,15,9
05/25/2017 02:00:00 PM,21,7,14
05/25/2017 03:00:00 PM,17,12,5
05/25/2017 04:00:00 PM,34,27,7
05/25/2017 05:00:00 PM,52,34,18
05/25/2017 06:00:00 PM,43,24,19
05/25/2017 07:00:00 PM,30,21,9
05/25/2017 08:00:00 PM,19,13,6
05/25/2017 09:00:00 PM,19,11,8
05/25/2017 10:00:00 PM,11,5,6
05/25/2017 11:00:00 PM,1,1,0
05/26/2017 12:00:00 AM,4,3,1
05/26/2017 01:00:00 AM,4,0,4
05/26/2017 02:00:00 AM,1,1,0
05/26/2017 03:00:00 AM,1,0,1
05/26/2017 04:00:00 AM,0,0,0
05/26/2017 05:00:00 AM,4,1,3
05/26/2017 06:00:00 AM,15,4,11
05/26/2017 07:00:00 AM,24,7,17
05/26/2017 08:00:00 AM,27,8,19
05/26/2017 09:00:00 AM,15,6,9
05/26/2017 10:00:00 AM,10,3,7
05/26/2017 11:00:00 AM,20,11,9
05/26/2017 12:00:00 PM,17,12,5
05/26/2017 01:00:00 PM,17,9,8
05/26/2017 02:00:00 PM,26,18,8
05/26/2017 03:00:00 PM,24,13,11
05/26/2017 04:00:00 PM,27,23,4
05/26/2017 05:00:00 PM,46,31,15
05/26/2017 06:00:00 PM,41,24,17
05/26/2017 07:00:00 PM,20,10,10
05/26/2017 08:00:00 PM,16,9,7
05/26/2017 09:00:00 PM,6,5,1
05/26/2017 10:00:00 PM,17,9,8
05/26/2017 11:00:00 PM,8,5,3
05/27/2017 12:00:00 AM,8,2,6
05/27/2017 01:00:00 AM,0,0,0
05/27/2017 02:00:00 AM,5,1,4
05/27/2017 03:00:00 AM,0,0,0
05/27/2017 04:00:00 AM,0,0,0
05/27/2017 05:00:00 AM,4,2,2
05/27/2017 06:00:00 AM,2,1,1
05/27/2017 07:00:00 AM,5,2,3
05/27/2017 08:00:00 AM,4,3,1
05/27/2017 09:00:00 AM,10,4,6
05/27/2017 10:00:00 AM,20,13,7
05/27/2017 11:00:00 AM,8,8,0
05/27/2017 12:00:00 PM,8,6,2
05/27/2017 01:00:00 PM,7,6,1
05/27/2017 02:00:00 PM,12,10,2
05/27/2017 03:00:00 PM,20,17,3
05/27/2017 04:00:00 PM,13,11,2
05/27/2017 05:00:00 PM,13,8,5
05/27/2017 06:00:00 PM,4,4,0
05/27/2017 07:00:00 PM,7,4,3
05/27/2017 08:00:00 PM,3,3,0
05/27/2017 09:00:00 PM,8,4,4
05/27/2017 10:00:00 PM,3,2,1
05/27/2017 11:00:00 PM,3,3,0
05/28/2017 12:00:00 AM,7,5,2
05/28/2017 01:00:00 AM,1,0,1
05/28/2017 02:00:00 AM,3,1,2
05/28/2017 03:00:00 AM,1,1,0
05/28/2017 04:00:00 AM,1,1,0
05/28/2017 05:00:00 AM,3,1,2
05/28/2017 06:00:00 AM,4,0,4
05/28/2017 07:00:00 AM,2,1,1
05/28/2017 08:00:00 AM,1,1,0
05/28/2017 09:00:00 AM,6,6,0
05/28/2017 10:00:00 AM,13,11,2
05/28/2017 11:00:00 AM,11,10,1
05/28/2017 12:00:00 PM,5,4,1
05/28/2017 01:00:00 PM,14,6,8
05/28/2017 02:00:00 PM,13,9,4
05/28/2017 03:00:00 PM,6,5,1
05/28/2017 04:00:00 PM,12,11,1
05/28/2017 05:00:00 PM,4,4,0
05/28/2017 06:00:00 PM,5,3,2
05/28/2017 07:00:00 PM,6,6,0
05/28/2017 08:00:00 PM,4,4,0
05/28/2017 09:00:00 PM,4,4,0
05/28/2017 10:00:00 PM,4,3,1
05/28/2017 11:00:00 PM,1,1,0
05/29/2017 12:00:00 AM,1,1,0
05/29/2017 01:00:00 AM,2,1,1
05/29/2017 02:00:00 AM,0,0,0
05/29/2017 03:00:00 AM,1,1,0
05/29/2017 04:00:00 AM,2,2,0
05/29/2017 05:00:00 AM,0,0,0
05/29/2017 06:00:00 AM,3,3,0
05/29/2017 07:00:00 AM,2,1,1
05/29/2017 08:00:00 AM,5,3,2
05/29/2017 09:00:00 AM,4,4,0
05/29/2017 10:00:00 AM,4,4,0
05/29/2017 11:00:00 AM,6,4,2
05/29/2017 12:00:00 PM,7,6,1
05/29/2017 01:00:00 PM,10,9,1
05/29/2017 02:00:00 PM,10,9,1
05/29/2017 03:00:00 PM,8,8,0
05/29/2017 04:00:00 PM,1,1,0
05/29/2017 05:00:00 PM,13,12,1
05/29/2017 06:00:00 PM,4,3,1
05/29/2017 07:00:00 PM,3,3,0
05/29/2017 08:00:00 PM,3,2,1
05/29/2017 09:00:00 PM,2,1,1
05/29/2017 10:00:00 PM,4,4,0
05/29/2017 11:00:00 PM,0,0,0
05/30/2017 12:00:00 AM,1,1,0
05/30/2017 01:00:00 AM,0,0,0
05/30/2017 02:00:00 AM,0,0,0
05/30/2017 03:00:00 AM,0,0,0
05/30/2017 04:00:00 AM,2,2,0
05/30/2017 05:00:00 AM,2,1,1
05/30/2017 06:00:00 AM,0,0,0
05/30/2017 07:00:00 AM,5,5,0
05/30/2017 08:00:00 AM,6,5,1
05/30/2017 09:00:00 AM,4,4,0
05/30/2017 10:00:00 AM,5,5,0
05/30/2017 11:00:00 AM,6,6,0
05/30/2017 12:00:00 PM,3,3,0
05/30/2017 01:00:00 PM,6,5,1
05/30/2017 02:00:00 PM,3,3,0
05/30/2017 03:00:00 PM,4,4,0
05/30/2017 04:00:00 PM,16,16,0
05/30/2017 05:00:00 PM,22,21,1
05/30/2017 06:00:00 PM,20,20,0
05/30/2017 07:00:00 PM,11,11,0
05/30/2017 08:00:00 PM,13,12,1
05/30/2017 09:00:00 PM,1,1,0
05/30/2017 10:00:00 PM,1,0,1
05/30/2017 11:00:00 PM,1,1,0
05/31/2017 12:00:00 AM,0,0,0
05/31/2017 01:00:00 AM,0,0,0
05/31/2017 02:00:00 AM,0,0,0
05/31/2017 03:00:00 AM,1,1,0
05/31/2017 04:00:00 AM,4,4,0
05/31/2017 05:00:00 AM,2,1,1
05/31/2017 06:00:00 AM,5,3,2
05/31/2017 07:00:00 AM,12,3,9
05/31/2017 08:00:00 AM,13,10,3
05/31/2017 09:00:00 AM,9,7,2
05/31/2017 10:00:00 AM,11,10,1
05/31/2017 11:00:00 AM,6,5,1
05/31/2017 12:00:00 PM,4,4,0
05/31/2017 01:00:00 PM,9,7,2
05/31/2017 02:00:00 PM,11,9,2
05/31/2017 03:00:00 PM,14,14,0
05/31/2017 04:00:00 PM,29,27,2
05/31/2017 05:00:00 PM,26,25,1
05/31/2017 06:00:00 PM,16,15,1
05/31/2017 07:00:00 PM,12,12,0
05/31/2017 08:00:00 PM,17,15,2
05/31/2017 09:00:00 PM,3,3,0
05/31/2017 10:00:00 PM,0,0,0
05/31/2017 11:00:00 PM,5,5,0
06/01/2017 12:00:00 AM,0,0,0
06/01/2017 01:00:00 AM,0,0,0
06/01/2017 02:00:00 AM,0,0,0
06/01/2017 03:00:00 AM,0,0,0
06/01/2017 04:00:00 AM,2,2,0
06/01/2017 05:00:00 AM,0,0,0
06/01/2017 06:00:00 AM,2,1,1
06/01/2017 07:00:00 AM,9,8,1
06/01/2017 08:00:00 AM,4,4,0
06/01/2017 09:00:00 AM,5,5,0
06/01/2017 10:00:00 AM,0,0,0
06/01/2017 11:00:00 AM,0,0,0
06/01/2017 12:00:00 PM,0,0,0
06/01/2017 01:00:00 PM,1,1,0
06/01/2017 02:00:00 PM,0,0,0
06/01/2017 03:00:00 PM,0,0,0
06/01/2017 04:00:00 PM,0,0,0
06/01/2017 05:00:00 PM,0,0,0
06/01/2017 06:00:00 PM,0,0,0
06/01/2017 07:00:00 PM,1,0,1
06/01/2017 08:00:00 PM,0,0,0
06/01/2017 09:00:00 PM,0,0,0
06/01/2017 10:00:00 PM,0,0,0
06/01/2017 11:00:00 PM,0,0,0
06/02/2017 12:00:00 AM,0,0,0
06/02/2017 01:00:00 AM,0,0,0
06/02/2017 02:00:00 AM,0,0,0
06/02/2017 03:00:00 AM,0,0,0
06/02/2017 04:00:00 AM,0,0,0
06/02/2017 05:00:00 AM,0,0,0
06/02/2017 06:00:00 AM,0,0,0
06/02/2017 07:00:00 AM,0,0,0
06/02/2017 08:00:00 AM,2,0,2
06/02/2017 09:00:00 AM,2,0,2
06/02/2017 10:00:00 AM,0,0,0
06/02/2017 11:00:00 AM,0,0,0
06/02/2017 12:00:00 PM,0,0,0
06/02/2017 01:00:00 PM,2,0,2
06/02/2017 02:00:00 PM,1,1,0
06/02/2017 03:00:00 PM,0,0,0
06/02/2017 04:00:00 PM,19,12,7
06/02/2017 05:00:00 PM,42,26,16
06/02/2017 06:00:00 PM,47,16,31
06/02/2017 07:00:00 PM,19,13,6
06/02/2017 08:00:00 PM,12,7,5
06/02/2017 09:00:00 PM,18,8,10
06/02/2017 10:00:00 PM,6,5,1
06/02/2017 11:00:00 PM,12,3,9
06/03/2017 12:00:00 AM,16,2,14
06/03/2017 01:00:00 AM,9,3,6
06/03/2017 02:00:00 AM,9,0,9
06/03/2017 03:00:00 AM,0,0,0
06/03/2017 04:00:00 AM,0,0,0
06/03/2017 05:00:00 AM,4,2,2
06/03/2017 06:00:00 AM,10,5,5
06/03/2017 07:00:00 AM,8,4,4
06/03/2017 08:00:00 AM,12,4,8
06/03/2017 09:00:00 AM,6,2,4
06/03/2017 10:00:00 AM,12,5,7
06/03/2017 11:00:00 AM,22,10,12
06/03/2017 12:00:00 PM,26,8,18
06/03/2017 01:00:00 PM,21,5,16
06/03/2017 02:00:00 PM,28,22,6
06/03/2017 03:00:00 PM,23,12,11
06/03/2017 04:00:00 PM,13,4,9
06/03/2017 05:00:00 PM,19,11,8
06/03/2017 06:00:00 PM,20,8,12
06/03/2017 07:00:00 PM,16,9,7
06/03/2017 08:00:00 PM,20,7,13
06/03/2017 09:00:00 PM,15,7,8
06/03/2017 10:00:00 PM,11,7,4
06/03/2017 11:00:00 PM,10,2,8
06/04/2017 12:00:00 AM,12,2,10
06/04/2017 01:00:00 AM,4,1,3
06/04/2017 02:00:00 AM,7,0,7
06/04/2017 03:00:00 AM,3,0,3
06/04/2017 04:00:00 AM,1,0,1
06/04/2017 05:00:00 AM,2,1,1
06/04/2017 06:00:00 AM,9,2,7
06/04/2017 07:00:00 AM,4,1,3
06/04/2017 08:00:00 AM,7,4,3
06/04/2017 09:00:00 AM,11,4,7
06/04/2017 10:00:00 AM,7,3,4
06/04/2017 11:00:00 AM,16,11,5
06/04/2017 12:00:00 PM,17,8,9
06/04/2017 01:00:00 PM,22,8,14
06/04/2017 02:00:00 PM,15,10,5
06/04/2017 03:00:00 PM,17,4,13
06/04/2017 04:00:00 PM,20,11,9
06/04/2017 05:00:00 PM,19,6,13
06/04/2017 06:00:00 PM,18,9,9
06/04/2017 07:00:00 PM,20,10,10
06/04/2017 08:00:00 PM,9,5,4
06/04/2017 09:00:00 PM,5,4,1
06/04/2017 10:00:00 PM,2,0,2
06/04/2017 11:00:00 PM,5,2,3
06/05/2017 12:00:00 AM,0,0,0
06/05/2017 01:00:00 AM,3,1,2
06/05/2017 02:00:00 AM,0,0,0
06/05/2017 03:00:00 AM,1,0,1
06/05/2017 04:00:00 AM,2,1,1
06/05/2017 05:00:00 AM,6,0,6
06/05/2017 06:00:00 AM,21,2,19
06/05/2017 07:00:00 AM,34,10,24
06/05/2017 08:00:00 AM,47,13,34
06/05/2017 09:00:00 AM,20,6,14
06/05/2017 10:00:00 AM,17,9,8
06/05/2017 11:00:00 AM,23,11,12
06/05/2017 12:00:00 PM,19,10,9
06/05/2017 01:00:00 PM,22,12,10
06/05/2017 02:00:00 PM,14,6,8
06/05/2017 03:00:00 PM,22,14,8
06/05/2017 04:00:00 PM,31,20,11
06/05/2017 05:00:00 PM,55,34,21
06/05/2017 06:00:00 PM,41,23,18
06/05/2017 07:00:00 PM,31,16,15
06/05/2017 08:00:00 PM,19,8,11
06/05/2017 09:00:00 PM,16,7,9
06/05/2017 10:00:00 PM,7,5,2
06/05/2017 11:00:00 PM,6,1,5
06/06/2017 12:00:00 AM,2,1,1
06/06/2017 01:00:00 AM,2,1,1
06/06/2017 02:00:00 AM,1,1,0
06/06/2017 03:00:00 AM,0,0,0
06/06/2017 04:00:00 AM,2,0,2
06/06/2017 05:00:00 AM,9,0,9
06/06/2017 06:00:00 AM,14,0,14
06/06/2017 07:00:00 AM,48,13,35
06/06/2017 08:00:00 AM,41,18,23
06/06/2017 09:00:00 AM,27,10,17
06/06/2017 10:00:00 AM,9,3,6
06/06/2017 11:00:00 AM,14,4,10
06/06/2017 12:00:00 PM,16,9,7
06/06/2017 01:00:00 PM,19,8,11
06/06/2017 02:00:00 PM,23,10,13
06/06/2017 03:00:00 PM,27,14,13
06/06/2017 04:00:00 PM,36,25,11
06/06/2017 05:00:00 PM,57,30,27
06/06/2017 06:00:00 PM,47,27,20
06/06/2017 07:00:00 PM,38,27,11
06/06/2017 08:00:00 PM,23,11,12
06/06/2017 09:00:00 PM,14,9,5
06/06/2017 10:00:00 PM,6,2,4
06/06/2017 11:00:00 PM,4,2,2
06/07/2017 12:00:00 AM,5,1,4
06/07/2017 01:00:00 AM,0,0,0
06/07/2017 02:00:00 AM,0,0,0
06/07/2017 03:00:00 AM,2,1,1
06/07/2017 04:00:00 AM,2,1,1
06/07/2017 05:00:00 AM,8,2,6
06/07/2017 06:00:00 AM,21,3,18
06/07/2017 07:00:00 AM,33,5,28
06/07/2017 08:00:00 AM,52,15,37
06/07/2017 09:00:00 AM,34,16,18
06/07/2017 10:00:00 AM,21,7,14
06/07/2017 11:00:00 AM,17,6,11
06/07/2017 12:00:00 PM,32,17,15
06/07/2017 01:00:00 PM,23,12,11
06/07/2017 02:00:00 PM,21,15,6
06/07/2017 03:00:00 PM,20,12,8
06/07/2017 04:00:00 PM,25,15,10
06/07/2017 05:00:00 PM,42,22,20
06/07/2017 06:00:00 PM,51,28,23
06/07/2017 07:00:00 PM,40,16,24
06/07/2017 08:00:00 PM,17,6,11
06/07/2017 09:00:00 PM,21,12,9
06/07/2017 10:00:00 PM,16,6,10
06/07/2017 11:00:00 PM,3,2,1
06/08/2017 12:00:00 AM,4,1,3
06/08/2017 01:00:00 AM,1,0,1
06/08/2017 02:00:00 AM,1,0,1
06/08/2017 03:00:00 AM,0,0,0
06/08/2017 04:00:00 AM,1,1,0
06/08/2017 05:00:00 AM,4,0,4
06/08/2017 06:00:00 AM,8,1,7
06/08/2017 07:00:00 AM,18,2,16
06/08/2017 08:00:00 AM,15,3,12
06/08/2017 09:00:00 AM,10,5,5
06/08/2017 10:00:00 AM,4,0,4
06/08/2017 11:00:00 AM,14,6,8
06/08/2017 12:00:00 PM,6,2,4
06/08/2017 01:00:00 PM,9,2,7
06/08/2017 02:00:00 PM,8,4,4
06/08/2017 03:00:00 PM,11,7,4
06/08/2017 04:00:00 PM,16,9,7
06/08/2017 05:00:00 PM,35,19,16
06/08/2017 06:00:00 PM,31,13,18
06/08/2017 07:00:00 PM,26,18,8
06/08/2017 08:00:00 PM,13,4,9
06/08/2017 09:00:00 PM,12,7,5
06/08/2017 10:00:00 PM,9,5,4
06/08/2017 11:00:00 PM,5,3,2
06/09/2017 12:00:00 AM,5,1,4
06/09/2017 01:00:00 AM,5,2,3
06/09/2017 02:00:00 AM,1,0,1
06/09/2017 03:00:00 AM,0,0,0
06/09/2017 04:00:00 AM,1,1,0
06/09/2017 05:00:00 AM,4,1,3
06/09/2017 06:00:00 AM,15,2,13
06/09/2017 07:00:00 AM,29,10,19
06/09/2017 08:00:00 AM,27,9,18
06/09/2017 09:00:00 AM,11,4,7
06/09/2017 10:00:00 AM,15,5,10
06/09/2017 11:00:00 AM,13,8,5
06/09/2017 12:00:00 PM,13,6,7
06/09/2017 01:00:00 PM,25,13,12
06/09/2017 02:00:00 PM,12,3,9
06/09/2017 03:00:00 PM,17,10,7
06/09/2017 04:00:00 PM,24,16,8
06/09/2017 05:00:00 PM,35,18,17
06/09/2017 06:00:00 PM,30,13,17
06/09/2017 07:00:00 PM,24,13,11
06/09/2017 08:00:00 PM,6,3,3
06/09/2017 09:00:00 PM,8,2,6
06/09/2017 10:00:00 PM,11,2,9
06/09/2017 11:00:00 PM,7,3,4
06/10/2017 12:00:00 AM,6,3,3
06/10/2017 01:00:00 AM,7,5,2
06/10/2017 02:00:00 AM,11,3,8
06/10/2017 03:00:00 AM,0,0,0
06/10/2017 04:00:00 AM,0,0,0
06/10/2017 05:00:00 AM,1,0,1
06/10/2017 06:00:00 AM,8,1,7
06/10/2017 07:00:00 AM,8,2,6
06/10/2017 08:00:00 AM,6,5,1
06/10/2017 09:00:00 AM,6,4,2
06/10/2017 10:00:00 AM,6,2,4
06/10/2017 11:00:00 AM,21,11,10
06/10/2017 12:00:00 PM,13,6,7
06/10/2017 01:00:00 PM,18,10,8
06/10/2017 02:00:00 PM,16,7,9
06/10/2017 03:00:00 PM,26,11,15
06/10/2017 04:00:00 PM,16,11,5
06/10/2017 05:00:00 PM,22,9,13
06/10/2017 06:00:00 PM,19,9,10
06/10/2017 07:00:00 PM,16,12,4
06/10/2017 08:00:00 PM,13,5,8
06/10/2017 09:00:00 PM,20,9,11
06/10/2017 10:00:00 PM,4,1,3
06/10/2017 11:00:00 PM,6,0,6
06/11/2017 12:00:00 AM,7,1,6
06/11/2017 01:00:00 AM,7,1,6
06/11/2017 02:00:00 AM,8,1,7
06/11/2017 03:00:00 AM,0,0,0
06/11/2017 04:00:00 AM,1,1,0
06/11/2017 05:00:00 AM,0,0,0
06/11/2017 06:00:00 AM,3,0,3
06/11/2017 07:00:00 AM,6,4,2
06/11/2017 08:00:00 AM,8,5,3
06/11/2017 09:00:00 AM,6,3,3
06/11/2017 10:00:00 AM,5,3,2
06/11/2017 11:00:00 AM,17,12,5
06/11/2017 12:00:00 PM,13,6,7
06/11/2017 01:00:00 PM,19,6,13
06/11/2017 02:00:00 PM,12,4,8
06/11/2017 03:00:00 PM,12,7,5
06/11/2017 04:00:00 PM,13,5,8
06/11/2017 05:00:00 PM,21,9,12
06/11/2017 06:00:00 PM,18,3,15
06/11/2017 07:00:00 PM,10,3,7
06/11/2017 08:00:00 PM,19,12,7
06/11/2017 09:00:00 PM,8,3,5
06/11/2017 10:00:00 PM,7,4,3
06/11/2017 11:00:00 PM,3,0,3
06/12/2017 12:00:00 AM,3,1,2
06/12/2017 01:00:00 AM,3,0,3
06/12/2017 02:00:00 AM,0,0,0
06/12/2017 03:00:00 AM,0,0,0
06/12/2017 04:00:00 AM,1,0,1
06/12/2017 05:00:00 AM,9,1,8
06/12/2017 06:00:00 AM,11,1,10
06/12/2017 07:00:00 AM,25,6,19
06/12/2017 08:00:00 AM,53,15,38
06/12/2017 09:00:00 AM,24,11,13
06/12/2017 10:00:00 AM,14,4,10
06/12/2017 11:00:00 AM,10,7,3
06/12/2017 12:00:00 PM,14,7,7
06/12/2017 01:00:00 PM,12,6,6
06/12/2017 02:00:00 PM,11,6,5
06/12/2017 03:00:00 PM,15,8,7
06/12/2017 04:00:00 PM,29,21,8
06/12/2017 05:00:00 PM,60,31,29
06/12/2017 06:00:00 PM,51,25,26
06/12/2017 07:00:00 PM,16,10,6
06/12/2017 08:00:00 PM,14,8,6
06/12/2017 09:00:00 PM,14,8,6
06/12/2017 10:00:00 PM,7,3,4
06/12/2017 11:00:00 PM,3,2,1
06/13/2017 12:00:00 AM,4,3,1
06/13/2017 01:00:00 AM,1,0,1
06/13/2017 02:00:00 AM,0,0,0
06/13/2017 03:00:00 AM,0,0,0
06/13/2017 04:00:00 AM,2,1,1
06/13/2017 05:00:00 AM,5,1,4
06/13/2017 06:00:00 AM,12,1,11
06/13/2017 07:00:00 AM,33,12,21
06/13/2017 08:00:00 AM,33,8,25
06/13/2017 09:00:00 AM,21,8,13
06/13/2017 10:00:00 AM,11,4,7
06/13/2017 11:00:00 AM,15,7,8
06/13/2017 12:00:00 PM,9,3,6
06/13/2017 01:00:00 PM,17,6,11
06/13/2017 02:00:00 PM,9,5,4
06/13/2017 03:00:00 PM,23,7,16
06/13/2017 04:00:00 PM,28,17,11
06/13/2017 05:00:00 PM,36,24,12
06/13/2017 06:00:00 PM,39,24,15
06/13/2017 07:00:00 PM,13,6,7
06/13/2017 08:00:00 PM,8,1,7
06/13/2017 09:00:00 PM,9,5,4
06/13/2017 10:00:00 PM,1,1,0
06/13/2017 11:00:00 PM,6,3,3
06/14/2017 12:00:00 AM,4,2,2
06/14/2017 01:00:00 AM,1,1,0
06/14/2017 02:00:00 AM,0,0,0
06/14/2017 03:00:00 AM,1,0,1
06/14/2017 04:00:00 AM,0,0,0
06/14/2017 05:00:00 AM,8,1,7
06/14/2017 06:00:00 AM,19,5,14
06/14/2017 07:00:00 AM,34,9,25
06/14/2017 08:00:00 AM,31,6,25
06/14/2017 09:00:00 AM,25,11,14
06/14/2017 10:00:00 AM,11,6,5
06/14/2017 11:00:00 AM,17,9,8
06/14/2017 12:00:00 PM,15,7,8
06/14/2017 01:00:00 PM,14,8,6
06/14/2017 02:00:00 PM,7,3,4
06/14/2017 03:00:00 PM,30,24,6
06/14/2017 04:00:00 PM,21,16,5
06/14/2017 05:00:00 PM,55,40,15
06/14/2017 06:00:00 PM,34,22,12
06/14/2017 07:00:00 PM,28,14,14
06/14/2017 08:00:00 PM,30,19,11
06/14/2017 09:00:00 PM,13,9,4
06/14/2017 10:00:00 PM,7,1,6
06/14/2017 11:00:00 PM,4,1,3
06/15/2017 12:00:00 AM,7,2,5
06/15/2017 01:00:00 AM,2,0,2
06/15/2017 02:00:00 AM,3,1,2
06/15/2017 03:00:00 AM,0,0,0
06/15/2017 04:00:00 AM,2,0,2
06/15/2017 05:00:00 AM,5,0,5
06/15/2017 06:00:00 AM,18,2,16
06/15/2017 07:00:00 AM,23,4,19
06/15/2017 08:00:00 AM,22,7,15
06/15/2017 09:00:00 AM,17,9,8
06/15/2017 10:00:00 AM,12,5,7
06/15/2017 11:00:00 AM,8,2,6
06/15/2017 12:00:00 PM,3,3,0
06/15/2017 01:00:00 PM,9,6,3
06/15/2017 02:00:00 PM,13,7,6
06/15/2017 03:00:00 PM,10,4,6
06/15/2017 04:00:00 PM,21,15,6
06/15/2017 05:00:00 PM,36,24,12
06/15/2017 06:00:00 PM,27,12,15
06/15/2017 07:00:00 PM,20,16,4
06/15/2017 08:00:00 PM,7,5,2
06/15/2017 09:00:00 PM,9,8,1
06/15/2017 10:00:00 PM,7,4,3
06/15/2017 11:00:00 PM,4,2,2
06/16/2017 12:00:00 AM,0,0,0
06/16/2017 01:00:00 AM,0,0,0
06/16/2017 02:00:00 AM,3,1,2
06/16/2017 03:00:00 AM,0,0,0
06/16/2017 04:00:00 AM,1,1,0
06/16/2017 05:00:00 AM,5,0,5
06/16/2017 06:00:00 AM,11,2,9
06/16/2017 07:00:00 AM,16,2,14
06/16/2017 08:00:00 AM,28,4,24
06/16/2017 09:00:00 AM,11,4,7
06/16/2017 10:00:00 AM,11,1,10
06/16/2017 11:00:00 AM,13,4,9
06/16/2017 12:00:00 PM,12,3,9
06/16/2017 01:00:00 PM,13,6,7
06/16/2017 02:00:00 PM,17,6,11
06/16/2017 03:00:00 PM,19,10,9
06/16/2017 04:00:00 PM,21,16,5
06/16/2017 05:00:00 PM,44,25,19
06/16/2017 06:00:00 PM,40,18,22
06/16/2017 07:00:00 PM,20,17,3
06/16/2017 08:00:00 PM,15,8,7
06/16/2017 09:00:00 PM,9,5,4
06/16/2017 10:00:00 PM,11,7,4
06/16/2017 11:00:00 PM,12,11,1
06/17/2017 12:00:00 AM,15,8,7
06/17/2017 01:00:00 AM,13,3,10
06/17/2017 02:00:00 AM,3,2,1
06/17/2017 03:00:00 AM,0,0,0
06/17/2017 04:00:00 AM,0,0,0
06/17/2017 05:00:00 AM,4,1,3
06/17/2017 06:00:00 AM,4,0,4
06/17/2017 07:00:00 AM,5,3,2
06/17/2017 08:00:00 AM,9,7,2
06/17/2017 09:00:00 AM,17,9,8
06/17/2017 10:00:00 AM,18,13,5
06/17/2017 11:00:00 AM,10,8,2
06/17/2017 12:00:00 PM,19,8,11
06/17/2017 01:00:00 PM,13,9,4
06/17/2017 02:00:00 PM,12,6,6
06/17/2017 03:00:00 PM,19,5,14
06/17/2017 04:00:00 PM,18,10,8
06/17/2017 05:00:00 PM,9,3,6
06/17/2017 06:00:00 PM,7,5,2
06/17/2017 07:00:00 PM,12,4,8
06/17/2017 08:00:00 PM,8,2,6
06/17/2017 09:00:00 PM,7,2,5
06/17/2017 10:00:00 PM,5,2,3
06/17/2017 11:00:00 PM,1,1,0
06/18/2017 12:00:00 AM,10,3,7
06/18/2017 01:00:00 AM,14,4,10
06/18/2017 02:00:00 AM,5,3,2
06/18/2017 03:00:00 AM,0,0,0
06/18/2017 04:00:00 AM,2,1,1
06/18/2017 05:00:00 AM,3,1,2
06/18/2017 06:00:00 AM,7,3,4
06/18/2017 07:00:00 AM,3,2,1
06/18/2017 08:00:00 AM,8,5,3
06/18/2017 09:00:00 AM,6,3,3
06/18/2017 10:00:00 AM,5,1,4
06/18/2017 11:00:00 AM,8,5,3
06/18/2017 12:00:00 PM,12,7,5
06/18/2017 01:00:00 PM,11,6,5
06/18/2017 02:00:00 PM,11,2,9
06/18/2017 03:00:00 PM,14,8,6
06/18/2017 04:00:00 PM,19,12,7
06/18/2017 05:00:00 PM,13,7,6
06/18/2017 06:00:00 PM,16,7,9
06/18/2017 07:00:00 PM,10,5,5
06/18/2017 08:00:00 PM,4,3,1
06/18/2017 09:00:00 PM,9,3,6
06/18/2017 10:00:00 PM,4,1,3
06/18/2017 11:00:00 PM,3,0,3
06/19/2017 12:00:00 AM,3,2,1
06/19/2017 01:00:00 AM,1,0,1
06/19/2017 02:00:00 AM,3,0,3
06/19/2017 03:00:00 AM,0,0,0
06/19/2017 04:00:00 AM,0,0,0
06/19/2017 05:00:00 AM,5,1,4
06/19/2017 06:00:00 AM,13,2,11
06/19/2017 07:00:00 AM,29,10,19
06/19/2017 08:00:00 AM,27,6,21
06/19/2017 09:00:00 AM,23,10,13
06/19/2017 10:00:00 AM,14,6,8
06/19/2017 11:00:00 AM,8,4,4
06/19/2017 12:00:00 PM,15,6,9
06/19/2017 01:00:00 PM,14,8,6
06/19/2017 02:00:00 PM,17,8,9
06/19/2017 03:00:00 PM,21,12,9
06/19/2017 04:00:00 PM,26,21,5
06/19/2017 05:00:00 PM,39,24,15
06/19/2017 06:00:00 PM,34,17,17
06/19/2017 07:00:00 PM,27,13,14
06/19/2017 08:00:00 PM,20,14,6
06/19/2017 09:00:00 PM,12,7,5
06/19/2017 10:00:00 PM,1,1,0
06/19/2017 11:00:00 PM,7,2,5
06/20/2017 12:00:00 AM,2,1,1
06/20/2017 01:00:00 AM,1,0,1
06/20/2017 02:00:00 AM,1,0,1
06/20/2017 03:00:00 AM,1,0,1
06/20/2017 04:00:00 AM,0,0,0
06/20/2017 05:00:00 AM,6,1,5
06/20/2017 06:00:00 AM,14,1,13
06/20/2017 07:00:00 AM,34,11,23
06/20/2017 08:00:00 AM,34,9,25
06/20/2017 09:00:00 AM,14,6,8
06/20/2017 10:00:00 AM,10,3,7
06/20/2017 11:00:00 AM,13,7,6
06/20/2017 12:00:00 PM,10,5,5
06/20/2017 01:00:00 PM,7,1,6
06/20/2017 02:00:00 PM,14,6,8
06/20/2017 03:00:00 PM,17,11,6
06/20/2017 04:00:00 PM,29,16,13
06/20/2017 05:00:00 PM,54,31,23
06/20/2017 06:00:00 PM,30,15,15
06/20/2017 07:00:00 PM,32,19,13
06/20/2017 08:00:00 PM,16,7,9
06/20/2017 09:00:00 PM,16,5,11
06/20/2017 10:00:00 PM,6,2,4
06/20/2017 11:00:00 PM,4,3,1
06/21/2017 12:00:00 AM,2,1,1
06/21/2017 01:00:00 AM,3,2,1
06/21/2017 02:00:00 AM,0,0,0
06/21/2017 03:00:00 AM,0,0,0
06/21/2017 04:00:00 AM,2,1,1
06/21/2017 05:00:00 AM,4,2,2
06/21/2017 06:00:00 AM,16,5,11
06/21/2017 07:00:00 AM,31,10,21
06/21/2017 08:00:00 AM,38,13,25
06/21/2017 09:00:00 AM,16,6,10
06/21/2017 10:00:00 AM,15,5,10
06/21/2017 11:00:00 AM,14,9,5
06/21/2017 12:00:00 PM,27,15,12
06/21/2017 01:00:00 PM,14,6,8
06/21/2017 02:00:00 PM,20,12,8
06/21/2017 03:00:00 PM,23,15,8
06/21/2017 04:00:00 PM,36,24,12
06/21/2017 05:00:00 PM,54,35,19
06/21/2017 06:00:00 PM,42,21,21
06/21/2017 07:00:00 PM,26,12,14
06/21/2017 08:00:00 PM,27,13,14
06/21/2017 09:00:00 PM,10,2,8
06/21/2017 10:00:00 PM,11,2,9
06/21/2017 11:00:00 PM,10,3,7
06/22/2017 12:00:00 AM,1,1,0
06/22/2017 01:00:00 AM,1,0,1
06/22/2017 02:00:00 AM,2,1,1
06/22/2017 03:00:00 AM,0,0,0
06/22/2017 04:00:00 AM,1,1,0
06/22/2017 05:00:00 AM,4,0,4
06/22/2017 06:00:00 AM,15,2,13
06/22/2017 07:00:00 AM,32,9,23
06/22/2017 08:00:00 AM,32,9,23
06/22/2017 09:00:00 AM,17,7,10
06/22/2017 10:00:00 AM,8,4,4
06/22/2017 11:00:00 AM,13,8,5
06/22/2017 12:00:00 PM,19,6,13
06/22/2017 01:00:00 PM,26,11,15
06/22/2017 02:00:00 PM,26,14,12
06/22/2017 03:00:00 PM,19,7,12
06/22/2017 04:00:00 PM,39,23,16
06/22/2017 05:00:00 PM,42,26,16
06/22/2017 06:00:00 PM,43,22,21
06/22/2017 07:00:00 PM,15,8,7
06/22/2017 08:00:00 PM,15,7,8
06/22/2017 09:00:00 PM,20,7,13
06/22/2017 10:00:00 PM,12,6,6
06/22/2017 11:00:00 PM,3,2,1
06/23/2017 12:00:00 AM,3,1,2
06/23/2017 01:00:00 AM,5,1,4
06/23/2017 02:00:00 AM,4,3,1
06/23/2017 03:00:00 AM,0,0,0
06/23/2017 04:00:00 AM,1,1,0
06/23/2017 05:00:00 AM,6,1,5
06/23/2017 06:00:00 AM,15,2,13
06/23/2017 07:00:00 AM,34,8,26
06/23/2017 08:00:00 AM,36,13,23
06/23/2017 09:00:00 AM,12,4,8
06/23/2017 10:00:00 AM,13,5,8
06/23/2017 11:00:00 AM,12,4,8
06/23/2017 12:00:00 PM,12,4,8
06/23/2017 01:00:00 PM,26,14,12
06/23/2017 02:00:00 PM,24,13,11
06/23/2017 03:00:00 PM,32,20,12
06/23/2017 04:00:00 PM,43,25,18
06/23/2017 05:00:00 PM,55,36,19
06/23/2017 06:00:00 PM,28,11,17
06/23/2017 07:00:00 PM,21,14,7
06/23/2017 08:00:00 PM,24,12,12
06/23/2017 09:00:00 PM,25,11,14
06/23/2017 10:00:00 PM,19,9,10
06/23/2017 11:00:00 PM,21,7,14
06/24/2017 12:00:00 AM,18,5,13
06/24/2017 01:00:00 AM,13,8,5
06/24/2017 02:00:00 AM,0,0,0
06/24/2017 03:00:00 AM,1,0,1
06/24/2017 04:00:00 AM,2,0,2
06/24/2017 05:00:00 AM,2,0,2
06/24/2017 06:00:00 AM,7,0,7
06/24/2017 07:00:00 AM,7,2,5
06/24/2017 08:00:00 AM,9,3,6
06/24/2017 09:00:00 AM,24,7,17
06/24/2017 10:00:00 AM,26,12,14
06/24/2017 11:00:00 AM,12,5,7
06/24/2017 12:00:00 PM,23,11,12
06/24/2017 01:00:00 PM,31,12,19
06/24/2017 02:00:00 PM,25,14,11
06/24/2017 03:00:00 PM,18,10,8
06/24/2017 04:00:00 PM,22,14,8
06/24/2017 05:00:00 PM,20,14,6
06/24/2017 06:00:00 PM,12,7,5
06/24/2017 07:00:00 PM,17,13,4
06/24/2017 08:00:00 PM,9,4,5
06/24/2017 09:00:00 PM,20,8,12
06/24/2017 10:00:00 PM,11,7,4
06/24/2017 11:00:00 PM,12,3,9
06/25/2017 12:00:00 AM,18,11,7
06/25/2017 01:00:00 AM,16,7,9
06/25/2017 02:00:00 AM,9,2,7
06/25/2017 03:00:00 AM,1,0,1
06/25/2017 04:00:00 AM,0,0,0
06/25/2017 05:00:00 AM,2,0,2
06/25/2017 06:00:00 AM,5,1,4
06/25/2017 07:00:00 AM,4,0,4
06/25/2017 08:00:00 AM,11,4,7
06/25/2017 09:00:00 AM,6,4,2
06/25/2017 10:00:00 AM,6,4,2
06/25/2017 11:00:00 AM,20,9,11
06/25/2017 12:00:00 PM,24,17,7
06/25/2017 01:00:00 PM,19,9,10
06/25/2017 02:00:00 PM,21,11,10
06/25/2017 03:00:00 PM,15,8,7
06/25/2017 04:00:00 PM,22,16,6
06/25/2017 05:00:00 PM,21,9,12
06/25/2017 06:00:00 PM,12,7,5
06/25/2017 07:00:00 PM,15,11,4
06/25/2017 08:00:00 PM,12,3,9
06/25/2017 09:00:00 PM,6,2,4
06/25/2017 10:00:00 PM,9,2,7
06/25/2017 11:00:00 PM,4,0,4
06/26/2017 12:00:00 AM,1,1,0
06/26/2017 01:00:00 AM,1,0,1
06/26/2017 02:00:00 AM,2,1,1
06/26/2017 03:00:00 AM,1,0,1
06/26/2017 04:00:00 AM,3,2,1
06/26/2017 05:00:00 AM,8,0,8
06/26/2017 06:00:00 AM,19,1,18
06/26/2017 07:00:00 AM,32,7,25
06/26/2017 08:00:00 AM,40,8,32
06/26/2017 09:00:00 AM,17,11,6
06/26/2017 10:00:00 AM,13,7,6
06/26/2017 11:00:00 AM,14,6,8
06/26/2017 12:00:00 PM,10,4,6
06/26/2017 01:00:00 PM,21,10,11
06/26/2017 02:00:00 PM,23,15,8
06/26/2017 03:00:00 PM,16,11,5
06/26/2017 04:00:00 PM,28,24,4
06/26/2017 05:00:00 PM,57,39,18
06/26/2017 06:00:00 PM,47,20,27
06/26/2017 07:00:00 PM,28,20,8
06/26/2017 08:00:00 PM,21,9,12
06/26/2017 09:00:00 PM,18,12,6
06/26/2017 10:00:00 PM,8,2,6
06/26/2017 11:00:00 PM,6,1,5
06/27/2017 12:00:00 AM,5,1,4
06/27/2017 01:00:00 AM,1,0,1
06/27/2017 02:00:00 AM,0,0,0
06/27/2017 03:00:00 AM,0,0,0
06/27/2017 04:00:00 AM,1,1,0
06/27/2017 05:00:00 AM,12,0,12
06/27/2017 06:00:00 AM,31,4,27
06/27/2017 07:00:00 AM,35,6,29
06/27/2017 08:00:00 AM,30,6,24
06/27/2017 09:00:00 AM,22,7,15
06/27/2017 10:00:00 AM,13,5,8
06/27/2017 11:00:00 AM,15,6,9
06/27/2017 12:00:00 PM,21,11,10
06/27/2017 01:00:00 PM,23,11,12
06/27/2017 02:00:00 PM,19,8,11
06/27/2017 03:00:00 PM,24,11,13
06/27/2017 04:00:00 PM,40,30,10
06/27/2017 05:00:00 PM,61,41,20
06/27/2017 06:00:00 PM,35,18,17
06/27/2017 07:00:00 PM,26,15,11
06/27/2017 08:00:00 PM,15,9,6
06/27/2017 09:00:00 PM,18,9,9
06/27/2017 10:00:00 PM,14,6,8
06/27/2017 11:00:00 PM,6,5,1
06/28/2017 12:00:00 AM,4,1,3
06/28/2017 01:00:00 AM,1,1,0
06/28/2017 02:00:00 AM,2,2,0
06/28/2017 03:00:00 AM,0,0,0
06/28/2017 04:00:00 AM,0,0,0
06/28/2017 05:00:00 AM,11,2,9
06/28/2017 06:00:00 AM,17,4,13
06/28/2017 07:00:00 AM,30,3,27
06/28/2017 08:00:00 AM,37,7,30
06/28/2017 09:00:00 AM,23,11,12
06/28/2017 10:00:00 AM,17,7,10
06/28/2017 11:00:00 AM,18,10,8
06/28/2017 12:00:00 PM,15,11,4
06/28/2017 01:00:00 PM,11,6,5
06/28/2017 02:00:00 PM,30,14,16
06/28/2017 03:00:00 PM,33,23,10
06/28/2017 04:00:00 PM,31,20,11
06/28/2017 05:00:00 PM,43,31,12
06/28/2017 06:00:00 PM,51,27,24
06/28/2017 07:00:00 PM,38,22,16
06/28/2017 08:00:00 PM,26,10,16
06/28/2017 09:00:00 PM,16,7,9
06/28/2017 10:00:00 PM,14,5,9
06/28/2017 11:00:00 PM,4,1,3
06/29/2017 12:00:00 AM,7,3,4
06/29/2017 01:00:00 AM,3,0,3
06/29/2017 02:00:00 AM,0,0,0
06/29/2017 03:00:00 AM,2,0,2
06/29/2017 04:00:00 AM,0,0,0
06/29/2017 05:00:00 AM,7,2,5
06/29/2017 06:00:00 AM,21,4,17
06/29/2017 07:00:00 AM,34,7,27
06/29/2017 08:00:00 AM,47,9,38
06/29/2017 09:00:00 AM,17,6,11
06/29/2017 10:00:00 AM,15,4,11
06/29/2017 11:00:00 AM,19,11,8
06/29/2017 12:00:00 PM,17,11,6
06/29/2017 01:00:00 PM,25,17,8
06/29/2017 02:00:00 PM,21,3,18
06/29/2017 03:00:00 PM,27,19,8
06/29/2017 04:00:00 PM,49,30,19
06/29/2017 05:00:00 PM,50,28,22
06/29/2017 06:00:00 PM,48,27,21
06/29/2017 07:00:00 PM,37,19,18
06/29/2017 08:00:00 PM,16,7,9
06/29/2017 09:00:00 PM,20,8,12
06/29/2017 10:00:00 PM,13,4,9
06/29/2017 11:00:00 PM,8,5,3
06/30/2017 12:00:00 AM,9,3,6
06/30/2017 01:00:00 AM,5,1,4
06/30/2017 02:00:00 AM,1,0,1
06/30/2017 03:00:00 AM,0,0,0
06/30/2017 04:00:00 AM,0,0,0
06/30/2017 05:00:00 AM,12,3,9
06/30/2017 06:00:00 AM,16,1,15
06/30/2017 07:00:00 AM,30,7,23
06/30/2017 08:00:00 AM,36,10,26
06/30/2017 09:00:00 AM,16,7,9
06/30/2017 10:00:00 AM,18,6,12
06/30/2017 11:00:00 AM,16,6,10
06/30/2017 12:00:00 PM,18,8,10
06/30/2017 01:00:00 PM,16,10,6
06/30/2017 02:00:00 PM,26,15,11
06/30/2017 03:00:00 PM,21,12,9
06/30/2017 04:00:00 PM,50,32,18
06/30/2017 05:00:00 PM,42,23,19
06/30/2017 06:00:00 PM,34,19,15
06/30/2017 07:00:00 PM,33,18,15
06/30/2017 08:00:00 PM,22,8,14
06/30/2017 09:00:00 PM,15,9,6
06/30/2017 10:00:00 PM,9,0,9
06/30/2017 11:00:00 PM,20,5,15
07/01/2017 12:00:00 AM,9,1,8
07/01/2017 01:00:00 AM,10,4,6
07/01/2017 02:00:00 AM,10,0,10
07/01/2017 03:00:00 AM,3,1,2
07/01/2017 04:00:00 AM,2,1,1
07/01/2017 05:00:00 AM,2,0,2
07/01/2017 06:00:00 AM,10,1,9
07/01/2017 07:00:00 AM,8,4,4
07/01/2017 08:00:00 AM,7,2,5
07/01/2017 09:00:00 AM,5,3,2
07/01/2017 10:00:00 AM,12,9,3
07/01/2017 11:00:00 AM,11,4,7
07/01/2017 12:00:00 PM,23,12,11
07/01/2017 01:00:00 PM,16,5,11
07/01/2017 02:00:00 PM,9,5,4
07/01/2017 03:00:00 PM,21,9,12
07/01/2017 04:00:00 PM,11,6,5
07/01/2017 05:00:00 PM,17,11,6
07/01/2017 06:00:00 PM,23,6,17
07/01/2017 07:00:00 PM,15,9,6
07/01/2017 08:00:00 PM,13,6,7
07/01/2017 09:00:00 PM,13,6,7
07/01/2017 10:00:00 PM,8,5,3
07/01/2017 11:00:00 PM,11,3,8
07/02/2017 12:00:00 AM,9,2,7
07/02/2017 01:00:00 AM,17,2,15
07/02/2017 02:00:00 AM,7,0,7
07/02/2017 03:00:00 AM,1,0,1
07/02/2017 04:00:00 AM,2,1,1
07/02/2017 05:00:00 AM,4,0,4
07/02/2017 06:00:00 AM,4,0,4
07/02/2017 07:00:00 AM,8,5,3
07/02/2017 08:00:00 AM,6,2,4
07/02/2017 09:00:00 AM,5,4,1
07/02/2017 10:00:00 AM,7,4,3
07/02/2017 11:00:00 AM,17,8,9
07/02/2017 12:00:00 PM,20,11,9
07/02/2017 01:00:00 PM,24,12,12
07/02/2017 02:00:00 PM,19,18,1
07/02/2017 03:00:00 PM,23,15,8
07/02/2017 04:00:00 PM,24,13,11
07/02/2017 05:00:00 PM,18,7,11
07/02/2017 06:00:00 PM,22,8,14
07/02/2017 07:00:00 PM,14,9,5
07/02/2017 08:00:00 PM,13,8,5
07/02/2017 09:00:00 PM,11,4,7
07/02/2017 10:00:00 PM,4,0,4
07/02/2017 11:00:00 PM,5,2,3
07/03/2017 12:00:00 AM,2,1,1
07/03/2017 01:00:00 AM,2,1,1
07/03/2017 02:00:00 AM,2,1,1
07/03/2017 03:00:00 AM,0,0,0
07/03/2017 04:00:00 AM,1,0,1
07/03/2017 05:00:00 AM,8,0,8
07/03/2017 06:00:00 AM,16,1,15
07/03/2017 07:00:00 AM,18,7,11
07/03/2017 08:00:00 AM,17,6,11
07/03/2017 09:00:00 AM,10,4,6
07/03/2017 10:00:00 AM,11,5,6
07/03/2017 11:00:00 AM,9,5,4
07/03/2017 12:00:00 PM,13,7,6
07/03/2017 01:00:00 PM,7,2,5
07/03/2017 02:00:00 PM,21,12,9
07/03/2017 03:00:00 PM,18,9,9
07/03/2017 04:00:00 PM,27,16,11
07/03/2017 05:00:00 PM,29,15,14
07/03/2017 06:00:00 PM,25,10,15
07/03/2017 07:00:00 PM,14,10,4
07/03/2017 08:00:00 PM,10,6,4
07/03/2017 09:00:00 PM,18,6,12
07/03/2017 10:00:00 PM,4,1,3
07/03/2017 11:00:00 PM,8,6,2
07/04/2017 12:00:00 AM,5,0,5
07/04/2017 01:00:00 AM,2,0,2
07/04/2017 02:00:00 AM,4,3,1
07/04/2017 03:00:00 AM,0,0,0
07/04/2017 04:00:00 AM,2,1,1
07/04/2017 05:00:00 AM,6,1,5
07/04/2017 06:00:00 AM,6,3,3
07/04/2017 07:00:00 AM,6,3,3
07/04/2017 08:00:00 AM,8,3,5
07/04/2017 09:00:00 AM,9,4,5
07/04/2017 10:00:00 AM,6,4,2
07/04/2017 11:00:00 AM,8,5,3
07/04/2017 12:00:00 PM,12,7,5
07/04/2017 01:00:00 PM,11,2,9
07/04/2017 02:00:00 PM,15,7,8
07/04/2017 03:00:00 PM,18,12,6
07/04/2017 04:00:00 PM,14,8,6
07/04/2017 05:00:00 PM,13,5,8
07/04/2017 06:00:00 PM,10,1,9
07/04/2017 07:00:00 PM,4,3,1
07/04/2017 08:00:00 PM,10,8,2
07/04/2017 09:00:00 PM,13,7,6
07/04/2017 10:00:00 PM,5,0,5
07/04/2017 11:00:00 PM,7,1,6
07/05/2017 12:00:00 AM,8,1,7
07/05/2017 01:00:00 AM,0,0,0
07/05/2017 02:00:00 AM,0,0,0
07/05/2017 03:00:00 AM,0,0,0
07/05/2017 04:00:00 AM,3,0,3
07/05/2017 05:00:00 AM,4,0,4
07/05/2017 06:00:00 AM,23,2,21
07/05/2017 07:00:00 AM,34,5,29
07/05/2017 08:00:00 AM,32,7,25
07/05/2017 09:00:00 AM,20,8,12
07/05/2017 10:00:00 AM,8,2,6
07/05/2017 11:00:00 AM,13,8,5
07/05/2017 12:00:00 PM,20,11,9
07/05/2017 01:00:00 PM,9,6,3
07/05/2017 02:00:00 PM,35,20,15
07/05/2017 03:00:00 PM,23,15,8
07/05/2017 04:00:00 PM,31,22,9
07/05/2017 05:00:00 PM,38,20,18
07/05/2017 06:00:00 PM,39,19,20
07/05/2017 07:00:00 PM,19,13,6
07/05/2017 08:00:00 PM,19,7,12
07/05/2017 09:00:00 PM,16,11,5
07/05/2017 10:00:00 PM,18,9,9
07/05/2017 11:00:00 PM,7,5,2
07/06/2017 12:00:00 AM,3,1,2
07/06/2017 01:00:00 AM,4,0,4
07/06/2017 02:00:00 AM,1,0,1
07/06/2017 03:00:00 AM,0,0,0
07/06/2017 04:00:00 AM,1,0,1
07/06/2017 05:00:00 AM,3,0,3
07/06/2017 06:00:00 AM,21,3,18
07/06/2017 07:00:00 AM,25,5,20
07/06/2017 08:00:00 AM,36,9,27
07/06/2017 09:00:00 AM,19,7,12
07/06/2017 10:00:00 AM,21,5,16
07/06/2017 11:00:00 AM,22,12,10
07/06/2017 12:00:00 PM,24,13,11
07/06/2017 01:00:00 PM,32,18,14
07/06/2017 02:00:00 PM,26,12,14
07/06/2017 03:00:00 PM,29,17,12
07/06/2017 04:00:00 PM,25,16,9
07/06/2017 05:00:00 PM,61,41,20
07/06/2017 06:00:00 PM,53,30,23
07/06/2017 07:00:00 PM,30,18,12
07/06/2017 08:00:00 PM,20,9,11
07/06/2017 09:00:00 PM,11,5,6
07/06/2017 10:00:00 PM,9,4,5
07/06/2017 11:00:00 PM,7,4,3
07/07/2017 12:00:00 AM,4,2,2
07/07/2017 01:00:00 AM,8,2,6
07/07/2017 02:00:00 AM,1,0,1
07/07/2017 03:00:00 AM,0,0,0
07/07/2017 04:00:00 AM,1,0,1
07/07/2017 05:00:00 AM,8,1,7
07/07/2017 06:00:00 AM,23,5,18
07/07/2017 07:00:00 AM,23,4,19
07/07/2017 08:00:00 AM,41,12,29
07/07/2017 09:00:00 AM,24,9,15
07/07/2017 10:00:00 AM,12,4,8
07/07/2017 11:00:00 AM,11,5,6
07/07/2017 12:00:00 PM,19,7,12
07/07/2017 01:00:00 PM,19,9,10
07/07/2017 02:00:00 PM,21,10,11
07/07/2017 03:00:00 PM,13,8,5
07/07/2017 04:00:00 PM,31,25,6
07/07/2017 05:00:00 PM,64,37,27
07/07/2017 06:00:00 PM,51,21,30
07/07/2017 07:00:00 PM,29,12,17
07/07/2017 08:00:00 PM,22,11,11
07/07/2017 09:00:00 PM,13,7,6
07/07/2017 10:00:00 PM,18,9,9
07/07/2017 11:00:00 PM,11,6,5
07/08/2017 12:00:00 AM,6,3,3
07/08/2017 01:00:00 AM,3,1,2
07/08/2017 02:00:00 AM,7,2,5
07/08/2017 03:00:00 AM,1,1,0
07/08/2017 04:00:00 AM,2,0,2
07/08/2017 05:00:00 AM,5,0,5
07/08/2017 06:00:00 AM,10,0,10
07/08/2017 07:00:00 AM,10,3,7
07/08/2017 08:00:00 AM,12,2,10
07/08/2017 09:00:00 AM,13,7,6
07/08/2017 10:00:00 AM,11,7,4
07/08/2017 11:00:00 AM,17,9,8
07/08/2017 12:00:00 PM,24,6,18
07/08/2017 01:00:00 PM,19,12,7
07/08/2017 02:00:00 PM,24,12,12
07/08/2017 03:00:00 PM,34,15,19
07/08/2017 04:00:00 PM,26,19,7
07/08/2017 05:00:00 PM,20,11,9
07/08/2017 06:00:00 PM,19,8,11
07/08/2017 07:00:00 PM,19,11,8
07/08/2017 08:00:00 PM,14,7,7
07/08/2017 09:00:00 PM,11,4,7
07/08/2017 10:00:00 PM,5,1,4
07/08/2017 11:00:00 PM,3,1,2
07/09/2017 12:00:00 AM,6,3,3
07/09/2017 01:00:00 AM,7,1,6
07/09/2017 02:00:00 AM,4,1,3
07/09/2017 03:00:00 AM,3,1,2
07/09/2017 04:00:00 AM,0,0,0
07/09/2017 05:00:00 AM,2,1,1
07/09/2017 06:00:00 AM,7,0,7
07/09/2017 07:00:00 AM,4,2,2
07/09/2017 08:00:00 AM,7,2,5
07/09/2017 09:00:00 AM,9,4,5
07/09/2017 10:00:00 AM,13,6,7
07/09/2017 11:00:00 AM,18,8,10
07/09/2017 12:00:00 PM,14,7,7
07/09/2017 01:00:00 PM,21,11,10
07/09/2017 02:00:00 PM,20,11,9
07/09/2017 03:00:00 PM,20,6,14
07/09/2017 04:00:00 PM,21,17,4
07/09/2017 05:00:00 PM,14,10,4
07/09/2017 06:00:00 PM,20,12,8
07/09/2017 07:00:00 PM,13,10,3
07/09/2017 08:00:00 PM,11,6,5
07/09/2017 09:00:00 PM,6,3,3
07/09/2017 10:00:00 PM,4,1,3
07/09/2017 11:00:00 PM,5,1,4
07/10/2017 12:00:00 AM,4,0,4
07/10/2017 01:00:00 AM,3,0,3
07/10/2017 02:00:00 AM,0,0,0
07/10/2017 03:00:00 AM,0,0,0
07/10/2017 04:00:00 AM,2,1,1
07/10/2017 05:00:00 AM,10,1,9
07/10/2017 06:00:00 AM,23,3,20
07/10/2017 07:00:00 AM,37,9,28
07/10/2017 08:00:00 AM,30,10,20
07/10/2017 09:00:00 AM,15,10,5
07/10/2017 10:00:00 AM,15,6,9
07/10/2017 11:00:00 AM,21,12,9
07/10/2017 12:00:00 PM,23,12,11
07/10/2017 01:00:00 PM,16,6,10
07/10/2017 02:00:00 PM,22,15,7
07/10/2017 03:00:00 PM,21,9,12
07/10/2017 04:00:00 PM,38,26,12
07/10/2017 05:00:00 PM,56,36,20
07/10/2017 06:00:00 PM,40,21,19
07/10/2017 07:00:00 PM,38,23,15
07/10/2017 08:00:00 PM,18,8,10
07/10/2017 09:00:00 PM,15,6,9
07/10/2017 10:00:00 PM,9,6,3
07/10/2017 11:00:00 PM,5,3,2
07/11/2017 12:00:00 AM,3,1,2
07/11/2017 01:00:00 AM,4,3,1
07/11/2017 02:00:00 AM,1,1,0
07/11/2017 03:00:00 AM,0,0,0
07/11/2017 04:00:00 AM,0,0,0
07/11/2017 05:00:00 AM,9,0,9
07/11/2017 06:00:00 AM,24,3,21
07/11/2017 07:00:00 AM,32,5,27
07/11/2017 08:00:00 AM,36,16,20
07/11/2017 09:00:00 AM,21,4,17
07/11/2017 10:00:00 AM,14,7,7
07/11/2017 11:00:00 AM,12,5,7
07/11/2017 12:00:00 PM,15,7,8
07/11/2017 01:00:00 PM,32,18,14
07/11/2017 02:00:00 PM,27,18,9
07/11/2017 03:00:00 PM,25,13,12
07/11/2017 04:00:00 PM,44,29,15
07/11/2017 05:00:00 PM,53,30,23
07/11/2017 06:00:00 PM,48,23,25
07/11/2017 07:00:00 PM,39,24,15
07/11/2017 08:00:00 PM,24,12,12
07/11/2017 09:00:00 PM,24,11,13
07/11/2017 10:00:00 PM,10,3,7
07/11/2017 11:00:00 PM,7,5,2
07/12/2017 12:00:00 AM,6,2,4
07/12/2017 01:00:00 AM,3,2,1
07/12/2017 02:00:00 AM,0,0,0
07/12/2017 03:00:00 AM,0,0,0
07/12/2017 04:00:00 AM,1,1,0
07/12/2017 05:00:00 AM,9,2,7
07/12/2017 06:00:00 AM,19,4,15
07/12/2017 07:00:00 AM,11,0,11
07/12/2017 08:00:00 AM,40,13,27
07/12/2017 09:00:00 AM,20,8,12
07/12/2017 10:00:00 AM,8,4,4
07/12/2017 11:00:00 AM,18,11,7
07/12/2017 12:00:00 PM,21,10,11
07/12/2017 01:00:00 PM,22,17,5
07/12/2017 02:00:00 PM,14,8,6
07/12/2017 03:00:00 PM,19,14,5
07/12/2017 04:00:00 PM,46,26,20
07/12/2017 05:00:00 PM,54,30,24
07/12/2017 06:00:00 PM,52,25,27
07/12/2017 07:00:00 PM,33,15,18
07/12/2017 08:00:00 PM,27,16,11
07/12/2017 09:00:00 PM,23,6,17
07/12/2017 10:00:00 PM,8,3,5
07/12/2017 11:00:00 PM,8,2,6
07/13/2017 12:00:00 AM,6,5,1
07/13/2017 01:00:00 AM,3,0,3
07/13/2017 02:00:00 AM,2,0,2
07/13/2017 03:00:00 AM,0,0,0
07/13/2017 04:00:00 AM,1,0,1
07/13/2017 05:00:00 AM,9,1,8
07/13/2017 06:00:00 AM,21,4,17
07/13/2017 07:00:00 AM,33,11,22
07/13/2017 08:00:00 AM,33,12,21
07/13/2017 09:00:00 AM,15,8,7
07/13/2017 10:00:00 AM,11,5,6
07/13/2017 11:00:00 AM,16,13,3
07/13/2017 12:00:00 PM,13,5,8
07/13/2017 01:00:00 PM,18,6,12
07/13/2017 02:00:00 PM,24,13,11
07/13/2017 03:00:00 PM,19,5,14
07/13/2017 04:00:00 PM,29,20,9
07/13/2017 05:00:00 PM,66,35,31
07/13/2017 06:00:00 PM,39,16,23
07/13/2017 07:00:00 PM,34,17,17
07/13/2017 08:00:00 PM,30,20,10
07/13/2017 09:00:00 PM,19,9,10
07/13/2017 10:00:00 PM,20,14,6
07/13/2017 11:00:00 PM,4,3,1
07/14/2017 12:00:00 AM,10,6,4
07/14/2017 01:00:00 AM,5,1,4
07/14/2017 02:00:00 AM,0,0,0
07/14/2017 03:00:00 AM,4,0,4
07/14/2017 04:00:00 AM,1,0,1
07/14/2017 05:00:00 AM,6,2,4
07/14/2017 06:00:00 AM,18,2,16
07/14/2017 07:00:00 AM,36,10,26
07/14/2017 08:00:00 AM,20,5,15
07/14/2017 09:00:00 AM,25,11,14
07/14/2017 10:00:00 AM,14,8,6
07/14/2017 11:00:00 AM,14,5,9
07/14/2017 12:00:00 PM,23,8,15
07/14/2017 01:00:00 PM,14,8,6
07/14/2017 02:00:00 PM,18,9,9
07/14/2017 03:00:00 PM,33,19,14
07/14/2017 04:00:00 PM,29,15,14
07/14/2017 05:00:00 PM,42,18,24
07/14/2017 06:00:00 PM,33,14,19
07/14/2017 07:00:00 PM,30,16,14
07/14/2017 08:00:00 PM,14,7,7
07/14/2017 09:00:00 PM,11,4,7
07/14/2017 10:00:00 PM,13,2,11
07/14/2017 11:00:00 PM,15,5,10
07/15/2017 12:00:00 AM,5,1,4
07/15/2017 01:00:00 AM,15,3,12
07/15/2017 02:00:00 AM,4,1,3
07/15/2017 03:00:00 AM,0,0,0
07/15/2017 04:00:00 AM,4,2,2
07/15/2017 05:00:00 AM,9,7,2
07/15/2017 06:00:00 AM,10,1,9
07/15/2017 07:00:00 AM,10,6,4
07/15/2017 08:00:00 AM,12,5,7
07/15/2017 09:00:00 AM,16,14,2
07/15/2017 10:00:00 AM,8,4,4
07/15/2017 11:00:00 AM,8,4,4
07/15/2017 12:00:00 PM,27,15,12
07/15/2017 01:00:00 PM,16,11,5
07/15/2017 02:00:00 PM,20,12,8
07/15/2017 03:00:00 PM,10,9,1
07/15/2017 04:00:00 PM,8,3,5
07/15/2017 05:00:00 PM,25,11,14
07/15/2017 06:00:00 PM,19,6,13
07/15/2017 07:00:00 PM,17,8,9
07/15/2017 08:00:00 PM,8,6,2
07/15/2017 09:00:00 PM,17,5,12
07/15/2017 10:00:00 PM,4,3,1
07/15/2017 11:00:00 PM,19,4,15
07/16/2017 12:00:00 AM,6,2,4
07/16/2017 01:00:00 AM,10,4,6
07/16/2017 02:00:00 AM,14,2,12
07/16/2017 03:00:00 AM,1,0,1
07/16/2017 04:00:00 AM,0,0,0
07/16/2017 05:00:00 AM,4,1,3
07/16/2017 06:00:00 AM,6,1,5
07/16/2017 07:00:00 AM,2,1,1
07/16/2017 08:00:00 AM,7,5,2
07/16/2017 09:00:00 AM,11,4,7
07/16/2017 10:00:00 AM,8,7,1
07/16/2017 11:00:00 AM,13,7,6
07/16/2017 12:00:00 PM,18,9,9
07/16/2017 01:00:00 PM,19,11,8
07/16/2017 02:00:00 PM,21,12,9
07/16/2017 03:00:00 PM,17,10,7
07/16/2017 04:00:00 PM,21,11,10
07/16/2017 05:00:00 PM,11,6,5
07/16/2017 06:00:00 PM,25,10,15
07/16/2017 07:00:00 PM,11,8,3
07/16/2017 08:00:00 PM,11,5,6
07/16/2017 09:00:00 PM,6,2,4
07/16/2017 10:00:00 PM,2,2,0
07/16/2017 11:00:00 PM,6,3,3
07/17/2017 12:00:00 AM,6,0,6
07/17/2017 01:00:00 AM,2,1,1
07/17/2017 02:00:00 AM,1,1,0
07/17/2017 03:00:00 AM,0,0,0
07/17/2017 04:00:00 AM,1,0,1
07/17/2017 05:00:00 AM,7,0,7
07/17/2017 06:00:00 AM,19,1,18
07/17/2017 07:00:00 AM,31,8,23
07/17/2017 08:00:00 AM,31,9,22
07/17/2017 09:00:00 AM,20,12,8
07/17/2017 10:00:00 AM,13,7,6
07/17/2017 11:00:00 AM,22,8,14
07/17/2017 12:00:00 PM,17,9,8
07/17/2017 01:00:00 PM,16,5,11
07/17/2017 02:00:00 PM,21,8,13
07/17/2017 03:00:00 PM,17,12,5
07/17/2017 04:00:00 PM,37,24,13
07/17/2017 05:00:00 PM,61,39,22
07/17/2017 06:00:00 PM,55,23,32
07/17/2017 07:00:00 PM,32,13,19
07/17/2017 08:00:00 PM,23,12,11
07/17/2017 09:00:00 PM,24,14,10
07/17/2017 10:00:00 PM,4,3,1
07/17/2017 11:00:00 PM,7,4,3
07/18/2017 12:00:00 AM,3,1,2
07/18/2017 01:00:00 AM,0,0,0
07/18/2017 02:00:00 AM,0,0,0
07/18/2017 03:00:00 AM,1,0,1
07/18/2017 04:00:00 AM,1,0,1
07/18/2017 05:00:00 AM,6,3,3
07/18/2017 06:00:00 AM,28,1,27
07/18/2017 07:00:00 AM,46,10,36
07/18/2017 08:00:00 AM,35,14,21
07/18/2017 09:00:00 AM,32,12,20
07/18/2017 10:00:00 AM,17,7,10
07/18/2017 11:00:00 AM,16,11,5
07/18/2017 12:00:00 PM,19,10,9
07/18/2017 01:00:00 PM,18,10,8
07/18/2017 02:00:00 PM,21,11,10
07/18/2017 03:00:00 PM,19,10,9
07/18/2017 04:00:00 PM,44,33,11
07/18/2017 05:00:00 PM,69,44,25
07/18/2017 06:00:00 PM,39,24,15
07/18/2017 07:00:00 PM,36,17,19
07/18/2017 08:00:00 PM,14,6,8
07/18/2017 09:00:00 PM,19,10,9
07/18/2017 10:00:00 PM,7,3,4
07/18/2017 11:00:00 PM,6,4,2
07/19/2017 12:00:00 AM,4,1,3
07/19/2017 01:00:00 AM,1,1,0
07/19/2017 02:00:00 AM,1,1,0
07/19/2017 03:00:00 AM,0,0,0
07/19/2017 04:00:00 AM,0,0,0
07/19/2017 05:00:00 AM,9,1,8
07/19/2017 06:00:00 AM,22,1,21
07/19/2017 07:00:00 AM,45,12,33
07/19/2017 08:00:00 AM,46,12,34
07/19/2017 09:00:00 AM,15,4,11
07/19/2017 10:00:00 AM,18,8,10
07/19/2017 11:00:00 AM,16,11,5
07/19/2017 12:00:00 PM,24,16,8
07/19/2017 01:00:00 PM,21,13,8
07/19/2017 02:00:00 PM,19,12,7
07/19/2017 03:00:00 PM,38,19,19
07/19/2017 04:00:00 PM,36,23,13
07/19/2017 05:00:00 PM,64,35,29
07/19/2017 06:00:00 PM,43,22,21
07/19/2017 07:00:00 PM,28,16,12
07/19/2017 08:00:00 PM,24,11,13
07/19/2017 09:00:00 PM,14,4,10
07/19/2017 10:00:00 PM,7,2,5
07/19/2017 11:00:00 PM,12,6,6
07/20/2017 12:00:00 AM,5,3,2
07/20/2017 01:00:00 AM,1,0,1
07/20/2017 02:00:00 AM,2,0,2
07/20/2017 03:00:00 AM,0,0,0
07/20/2017 04:00:00 AM,2,1,1
07/20/2017 05:00:00 AM,6,0,6
07/20/2017 06:00:00 AM,23,2,21
07/20/2017 07:00:00 AM,28,10,18
07/20/2017 08:00:00 AM,38,12,26
07/20/2017 09:00:00 AM,21,10,11
07/20/2017 10:00:00 AM,13,6,7
07/20/2017 11:00:00 AM,13,9,4
07/20/2017 12:00:00 PM,22,9,13
07/20/2017 01:00:00 PM,14,5,9
07/20/2017 02:00:00 PM,17,8,9
07/20/2017 03:00:00 PM,18,10,8
07/20/2017 04:00:00 PM,33,24,9
07/20/2017 05:00:00 PM,58,34,24
07/20/2017 06:00:00 PM,41,20,21
07/20/2017 07:00:00 PM,31,22,9
07/20/2017 08:00:00 PM,26,13,13
07/20/2017 09:00:00 PM,18,7,11
07/20/2017 10:00:00 PM,11,4,7
07/20/2017 11:00:00 PM,7,3,4
07/21/2017 12:00:00 AM,17,3,14
07/21/2017 01:00:00 AM,15,9,6
07/21/2017 02:00:00 AM,0,0,0
07/21/2017 03:00:00 AM,0,0,0
07/21/2017 04:00:00 AM,0,0,0
07/21/2017 05:00:00 AM,0,0,0
07/21/2017 06:00:00 AM,0,0,0
07/21/2017 07:00:00 AM,0,0,0
07/21/2017 08:00:00 AM,0,0,0
07/21/2017 09:00:00 AM,0,0,0
07/21/2017 10:00:00 AM,0,0,0
07/21/2017 11:00:00 AM,0,0,0
07/21/2017 12:00:00 PM,0,0,0
07/21/2017 01:00:00 PM,0,0,0
07/21/2017 02:00:00 PM,0,0,0
07/21/2017 03:00:00 PM,0,0,0
07/21/2017 04:00:00 PM,0,0,0
07/21/2017 05:00:00 PM,0,0,0
07/21/2017 06:00:00 PM,0,0,0
07/21/2017 07:00:00 PM,0,0,0
07/21/2017 08:00:00 PM,0,0,0
07/21/2017 09:00:00 PM,0,0,0
07/21/2017 10:00:00 PM,0,0,0
07/21/2017 11:00:00 PM,0,0,0
07/22/2017 12:00:00 AM,0,0,0
07/22/2017 01:00:00 AM,2,2,0
07/22/2017 02:00:00 AM,2,1,1
07/22/2017 03:00:00 AM,0,0,0
07/22/2017 04:00:00 AM,0,0,0
07/22/2017 05:00:00 AM,0,0,0
07/22/2017 06:00:00 AM,0,0,0
07/22/2017 07:00:00 AM,0,0,0
07/22/2017 08:00:00 AM,0,0,0
07/22/2017 09:00:00 AM,0,0,0
07/22/2017 10:00:00 AM,0,0,0
07/22/2017 11:00:00 AM,0,0,0
07/22/2017 12:00:00 PM,0,0,0
07/22/2017 01:00:00 PM,1,1,0
07/22/2017 02:00:00 PM,0,0,0
07/22/2017 03:00:00 PM,6,3,3
07/22/2017 04:00:00 PM,0,0,0
07/22/2017 05:00:00 PM,0,0,0
07/22/2017 06:00:00 PM,4,0,4
07/22/2017 07:00:00 PM,0,0,0
07/22/2017 08:00:00 PM,0,0,0
07/22/2017 09:00:00 PM,0,0,0
07/22/2017 10:00:00 PM,0,0,0
07/22/2017 11:00:00 PM,0,0,0
07/23/2017 12:00:00 AM,0,0,0
07/23/2017 01:00:00 AM,1,1,0
07/23/2017 02:00:00 AM,0,0,0
07/23/2017 03:00:00 AM,0,0,0
07/23/2017 04:00:00 AM,0,0,0
07/23/2017 05:00:00 AM,0,0,0
07/23/2017 06:00:00 AM,0,0,0
07/23/2017 07:00:00 AM,0,0,0
07/23/2017 08:00:00 AM,0,0,0
07/23/2017 09:00:00 AM,0,0,0
07/23/2017 10:00:00 AM,0,0,0
07/23/2017 11:00:00 AM,0,0,0
07/23/2017 12:00:00 PM,0,0,0
07/23/2017 01:00:00 PM,0,0,0
07/23/2017 02:00:00 PM,0,0,0
07/23/2017 03:00:00 PM,0,0,0
07/23/2017 04:00:00 PM,6,0,6
07/23/2017 05:00:00 PM,0,0,0
07/23/2017 06:00:00 PM,0,0,0
07/23/2017 07:00:00 PM,0,0,0
07/23/2017 08:00:00 PM,0,0,0
07/23/2017 09:00:00 PM,1,0,1
07/23/2017 10:00:00 PM,2,2,0
07/23/2017 11:00:00 PM,3,0,3
07/24/2017 12:00:00 AM,0,0,0
07/24/2017 01:00:00 AM,0,0,0
07/24/2017 02:00:00 AM,3,3,0
07/24/2017 03:00:00 AM,0,0,0
07/24/2017 04:00:00 AM,0,0,0
07/24/2017 05:00:00 AM,0,0,0
07/24/2017 06:00:00 AM,0,0,0
07/24/2017 07:00:00 AM,0,0,0
07/24/2017 08:00:00 AM,1,1,0
07/24/2017 09:00:00 AM,0,0,0
07/24/2017 10:00:00 AM,0,0,0
07/24/2017 11:00:00 AM,0,0,0
07/24/2017 12:00:00 PM,0,0,0
07/24/2017 01:00:00 PM,0,0,0
07/24/2017 02:00:00 PM,0,0,0
07/24/2017 03:00:00 PM,0,0,0
07/24/2017 04:00:00 PM,0,0,0
07/24/2017 05:00:00 PM,0,0,0
07/24/2017 06:00:00 PM,0,0,0
07/24/2017 07:00:00 PM,0,0,0
07/24/2017 08:00:00 PM,0,0,0
07/24/2017 09:00:00 PM,0,0,0
07/24/2017 10:00:00 PM,0,0,0
07/24/2017 11:00:00 PM,0,0,0
07/25/2017 12:00:00 AM,0,0,0
07/25/2017 01:00:00 AM,0,0,0
07/25/2017 02:00:00 AM,0,0,0
07/25/2017 03:00:00 AM,0,0,0
07/25/2017 04:00:00 AM,0,0,0
07/25/2017 05:00:00 AM,0,0,0
07/25/2017 06:00:00 AM,0,0,0
07/25/2017 07:00:00 AM,0,0,0
07/25/2017 08:00:00 AM,0,0,0
07/25/2017 09:00:00 AM,0,0,0
07/25/2017 10:00:00 AM,0,0,0
07/25/2017 11:00:00 AM,0,0,0
07/25/2017 12:00:00 PM,0,0,0
07/25/2017 01:00:00 PM,0,0,0
07/25/2017 02:00:00 PM,0,0,0
07/25/2017 03:00:00 PM,0,0,0
07/25/2017 04:00:00 PM,0,0,0
07/25/2017 05:00:00 PM,0,0,0
07/25/2017 06:00:00 PM,0,0,0
07/25/2017 07:00:00 PM,0,0,0
07/25/2017 08:00:00 PM,0,0,0
07/25/2017 09:00:00 PM,0,0,0
07/25/2017 10:00:00 PM,0,0,0
07/25/2017 11:00:00 PM,0,0,0
07/26/2017 12:00:00 AM,0,0,0
07/26/2017 01:00:00 AM,0,0,0
07/26/2017 02:00:00 AM,0,0,0
07/26/2017 03:00:00 AM,0,0,0
07/26/2017 04:00:00 AM,0,0,0
07/26/2017 05:00:00 AM,0,0,0
07/26/2017 06:00:00 AM,0,0,0
07/26/2017 07:00:00 AM,0,0,0
07/26/2017 08:00:00 AM,0,0,0
07/26/2017 09:00:00 AM,0,0,0
07/26/2017 10:00:00 AM,0,0,0
07/26/2017 11:00:00 AM,0,0,0
07/26/2017 12:00:00 PM,0,0,0
07/26/2017 01:00:00 PM,0,0,0
07/26/2017 02:00:00 PM,0,0,0
07/26/2017 03:00:00 PM,0,0,0
07/26/2017 04:00:00 PM,0,0,0
07/26/2017 05:00:00 PM,0,0,0
07/26/2017 06:00:00 PM,0,0,0
07/26/2017 07:00:00 PM,0,0,0
07/26/2017 08:00:00 PM,0,0,0
07/26/2017 09:00:00 PM,0,0,0
07/26/2017 10:00:00 PM,0,0,0
07/26/2017 11:00:00 PM,1,1,0
07/27/2017 12:00:00 AM,0,0,0
07/27/2017 01:00:00 AM,0,0,0
07/27/2017 02:00:00 AM,1,1,0
07/27/2017 03:00:00 AM,0,0,0
07/27/2017 04:00:00 AM,0,0,0
07/27/2017 05:00:00 AM,0,0,0
07/27/2017 06:00:00 AM,0,0,0
07/27/2017 07:00:00 AM,0,0,0
07/27/2017 08:00:00 AM,0,0,0
07/27/2017 09:00:00 AM,0,0,0
07/27/2017 10:00:00 AM,0,0,0
07/27/2017 11:00:00 AM,0,0,0
07/27/2017 12:00:00 PM,0,0,0
07/27/2017 01:00:00 PM,0,0,0
07/27/2017 02:00:00 PM,0,0,0
07/27/2017 03:00:00 PM,0,0,0
07/27/2017 04:00:00 PM,0,0,0
07/27/2017 05:00:00 PM,0,0,0
07/27/2017 06:00:00 PM,0,0,0
07/27/2017 07:00:00 PM,0,0,0
07/27/2017 08:00:00 PM,2,0,2
07/27/2017 09:00:00 PM,0,0,0
07/27/2017 10:00:00 PM,0,0,0
07/27/2017 11:00:00 PM,0,0,0
07/28/2017 12:00:00 AM,1,0,1
07/28/2017 01:00:00 AM,0,0,0
07/28/2017 02:00:00 AM,2,1,1
07/28/2017 03:00:00 AM,0,0,0
07/28/2017 04:00:00 AM,0,0,0
07/28/2017 05:00:00 AM,0,0,0
07/28/2017 06:00:00 AM,0,0,0
07/28/2017 07:00:00 AM,0,0,0
07/28/2017 08:00:00 AM,0,0,0
07/28/2017 09:00:00 AM,0,0,0
07/28/2017 10:00:00 AM,0,0,0
07/28/2017 11:00:00 AM,0,0,0
07/28/2017 12:00:00 PM,0,0,0
07/28/2017 01:00:00 PM,0,0,0
07/28/2017 02:00:00 PM,3,2,1
07/28/2017 03:00:00 PM,0,0,0
07/28/2017 04:00:00 PM,0,0,0
07/28/2017 05:00:00 PM,1,1,0
07/28/2017 06:00:00 PM,0,0,0
07/28/2017 07:00:00 PM,0,0,0
07/28/2017 08:00:00 PM,0,0,0
07/28/2017 09:00:00 PM,0,0,0
07/28/2017 10:00:00 PM,2,2,0
07/28/2017 11:00:00 PM,1,0,1
07/29/2017 12:00:00 AM,4,2,2
07/29/2017 01:00:00 AM,0,0,0
07/29/2017 02:00:00 AM,1,0,1
07/29/2017 03:00:00 AM,0,0,0
07/29/2017 04:00:00 AM,0,0,0
07/29/2017 05:00:00 AM,0,0,0
07/29/2017 06:00:00 AM,0,0,0
07/29/2017 07:00:00 AM,0,0,0
07/29/2017 08:00:00 AM,0,0,0
07/29/2017 09:00:00 AM,0,0,0
07/29/2017 10:00:00 AM,0,0,0
07/29/2017 11:00:00 AM,0,0,0
07/29/2017 12:00:00 PM,0,0,0
07/29/2017 01:00:00 PM,0,0,0
07/29/2017 02:00:00 PM,0,0,0
07/29/2017 03:00:00 PM,0,0,0
07/29/2017 04:00:00 PM,0,0,0
07/29/2017 05:00:00 PM,0,0,0
07/29/2017 06:00:00 PM,0,0,0
07/29/2017 07:00:00 PM,2,0,2
07/29/2017 08:00:00 PM,0,0,0
07/29/2017 09:00:00 PM,0,0,0
07/29/2017 10:00:00 PM,1,0,1
07/29/2017 11:00:00 PM,1,0,1
07/30/2017 12:00:00 AM,0,0,0
07/30/2017 01:00:00 AM,2,1,1
07/30/2017 02:00:00 AM,3,2,1
07/30/2017 03:00:00 AM,0,0,0
07/30/2017 04:00:00 AM,0,0,0
07/30/2017 05:00:00 AM,0,0,0
07/30/2017 06:00:00 AM,0,0,0
07/30/2017 07:00:00 AM,0,0,0
07/30/2017 08:00:00 AM,0,0,0
07/30/2017 09:00:00 AM,0,0,0
07/30/2017 10:00:00 AM,0,0,0
07/30/2017 11:00:00 AM,0,0,0
07/30/2017 12:00:00 PM,0,0,0
07/30/2017 01:00:00 PM,0,0,0
07/30/2017 02:00:00 PM,0,0,0
07/30/2017 03:00:00 PM,0,0,0
07/30/2017 04:00:00 PM,0,0,0
07/30/2017 05:00:00 PM,0,0,0
07/30/2017 06:00:00 PM,0,0,0
07/30/2017 07:00:00 PM,1,1,0
07/30/2017 08:00:00 PM,0,0,0
07/30/2017 09:00:00 PM,0,0,0
07/30/2017 10:00:00 PM,0,0,0
07/30/2017 11:00:00 PM,0,0,0
07/31/2017 12:00:00 AM,0,0,0
07/31/2017 01:00:00 AM,0,0,0
07/31/2017 02:00:00 AM,0,0,0
07/31/2017 03:00:00 AM,0,0,0
07/31/2017 04:00:00 AM,0,0,0
07/31/2017 05:00:00 AM,0,0,0
07/31/2017 06:00:00 AM,0,0,0
07/31/2017 07:00:00 AM,0,0,0
07/31/2017 08:00:00 AM,0,0,0
07/31/2017 09:00:00 AM,0,0,0
07/31/2017 10:00:00 AM,0,0,0
07/31/2017 11:00:00 AM,0,0,0
07/31/2017 12:00:00 PM,0,0,0
07/31/2017 01:00:00 PM,2,0,2
07/31/2017 02:00:00 PM,0,0,0
07/31/2017 03:00:00 PM,0,0,0
07/31/2017 04:00:00 PM,0,0,0
07/31/2017 05:00:00 PM,0,0,0
07/31/2017 06:00:00 PM,0,0,0
07/31/2017 07:00:00 PM,0,0,0
07/31/2017 08:00:00 PM,0,0,0
07/31/2017 09:00:00 PM,0,0,0
07/31/2017 10:00:00 PM,0,0,0
07/31/2017 11:00:00 PM,0,0,0
08/01/2017 12:00:00 AM,1,0,1
08/01/2017 01:00:00 AM,0,0,0
08/01/2017 02:00:00 AM,0,0,0
08/01/2017 03:00:00 AM,0,0,0
08/01/2017 04:00:00 AM,1,0,1
08/01/2017 05:00:00 AM,0,0,0
08/01/2017 06:00:00 AM,0,0,0
08/01/2017 07:00:00 AM,0,0,0
08/01/2017 08:00:00 AM,0,0,0
08/01/2017 09:00:00 AM,0,0,0
08/01/2017 10:00:00 AM,0,0,0
08/01/2017 11:00:00 AM,0,0,0
08/01/2017 12:00:00 PM,49,29,20
08/01/2017 01:00:00 PM,17,7,10
08/01/2017 02:00:00 PM,24,13,11
08/01/2017 03:00:00 PM,16,8,8
08/01/2017 04:00:00 PM,34,24,10
08/01/2017 05:00:00 PM,69,37,32
08/01/2017 06:00:00 PM,49,26,23
08/01/2017 07:00:00 PM,29,17,12
08/01/2017 08:00:00 PM,24,14,10
08/01/2017 09:00:00 PM,21,9,12
08/01/2017 10:00:00 PM,11,5,6
08/01/2017 11:00:00 PM,4,2,2
08/02/2017 12:00:00 AM,5,2,3
08/02/2017 01:00:00 AM,5,2,3
08/02/2017 02:00:00 AM,0,0,0
08/02/2017 03:00:00 AM,1,1,0
08/02/2017 04:00:00 AM,1,0,1
08/02/2017 05:00:00 AM,7,0,7
08/02/2017 06:00:00 AM,29,4,25
08/02/2017 07:00:00 AM,43,14,29
08/02/2017 08:00:00 AM,35,16,19
08/02/2017 09:00:00 AM,20,6,14
08/02/2017 10:00:00 AM,15,4,11
08/02/2017 11:00:00 AM,14,7,7
08/02/2017 12:00:00 PM,19,10,9
08/02/2017 01:00:00 PM,10,7,3
08/02/2017 02:00:00 PM,32,17,15
08/02/2017 03:00:00 PM,18,11,7
08/02/2017 04:00:00 PM,39,26,13
08/02/2017 05:00:00 PM,45,30,15
08/02/2017 06:00:00 PM,38,17,21
08/02/2017 07:00:00 PM,32,10,22
08/02/2017 08:00:00 PM,22,10,12
08/02/2017 09:00:00 PM,20,7,13
08/02/2017 10:00:00 PM,7,3,4
08/02/2017 11:00:00 PM,10,4,6
08/03/2017 12:00:00 AM,10,7,3
08/03/2017 01:00:00 AM,7,0,7
08/03/2017 02:00:00 AM,7,0,7
08/03/2017 03:00:00 AM,2,1,1
08/03/2017 04:00:00 AM,4,0,4
08/03/2017 05:00:00 AM,6,0,6
08/03/2017 06:00:00 AM,25,3,22
08/03/2017 07:00:00 AM,36,11,25
08/03/2017 08:00:00 AM,34,13,21
08/03/2017 09:00:00 AM,18,7,11
08/03/2017 10:00:00 AM,17,8,9
08/03/2017 11:00:00 AM,15,6,9
08/03/2017 12:00:00 PM,12,5,7
08/03/2017 01:00:00 PM,13,6,7
08/03/2017 02:00:00 PM,21,11,10
08/03/2017 03:00:00 PM,23,9,14
08/03/2017 04:00:00 PM,30,18,12
08/03/2017 05:00:00 PM,38,17,21
08/03/2017 06:00:00 PM,35,16,19
08/03/2017 07:00:00 PM,32,15,17
08/03/2017 08:00:00 PM,24,13,11
08/03/2017 09:00:00 PM,12,5,7
08/03/2017 10:00:00 PM,13,8,5
08/03/2017 11:00:00 PM,7,2,5
08/04/2017 12:00:00 AM,5,3,2
08/04/2017 01:00:00 AM,15,6,9
08/04/2017 02:00:00 AM,9,5,4
08/04/2017 03:00:00 AM,0,0,0
08/04/2017 04:00:00 AM,2,0,2
08/04/2017 05:00:00 AM,5,2,3
08/04/2017 06:00:00 AM,18,1,17
08/04/2017 07:00:00 AM,30,3,27
08/04/2017 08:00:00 AM,19,7,12
08/04/2017 09:00:00 AM,13,7,6
08/04/2017 10:00:00 AM,17,6,11
08/04/2017 11:00:00 AM,16,5,11
08/04/2017 12:00:00 PM,12,8,4
08/04/2017 01:00:00 PM,18,6,12
08/04/2017 02:00:00 PM,19,11,8
08/04/2017 03:00:00 PM,19,10,9
08/04/2017 04:00:00 PM,17,15,2
08/04/2017 05:00:00 PM,31,18,13
08/04/2017 06:00:00 PM,28,15,13
08/04/2017 07:00:00 PM,20,9,11
08/04/2017 08:00:00 PM,17,7,10
08/04/2017 09:00:00 PM,19,6,13
08/04/2017 10:00:00 PM,14,9,5
08/04/2017 11:00:00 PM,13,7,6
08/05/2017 12:00:00 AM,12,7,5
08/05/2017 01:00:00 AM,10,3,7
08/05/2017 02:00:00 AM,7,2,5
08/05/2017 03:00:00 AM,0,0,0
08/05/2017 04:00:00 AM,1,0,1
08/05/2017 05:00:00 AM,4,1,3
08/05/2017 06:00:00 AM,8,2,6
08/05/2017 07:00:00 AM,5,3,2
08/05/2017 08:00:00 AM,5,2,3
08/05/2017 09:00:00 AM,10,7,3
08/05/2017 10:00:00 AM,18,10,8
08/05/2017 11:00:00 AM,7,3,4
08/05/2017 12:00:00 PM,16,6,10
08/05/2017 01:00:00 PM,10,7,3
08/05/2017 02:00:00 PM,17,7,10
08/05/2017 03:00:00 PM,24,12,12
08/05/2017 04:00:00 PM,20,16,4
08/05/2017 05:00:00 PM,18,6,12
08/05/2017 06:00:00 PM,10,4,6
08/05/2017 07:00:00 PM,16,7,9
08/05/2017 08:00:00 PM,7,1,6
08/05/2017 09:00:00 PM,9,4,5
08/05/2017 10:00:00 PM,13,9,4
08/05/2017 11:00:00 PM,19,7,12
08/06/2017 12:00:00 AM,10,3,7
08/06/2017 01:00:00 AM,14,7,7
08/06/2017 02:00:00 AM,16,6,10
08/06/2017 03:00:00 AM,1,0,1
08/06/2017 04:00:00 AM,0,0,0
08/06/2017 05:00:00 AM,2,2,0
08/06/2017 06:00:00 AM,6,1,5
08/06/2017 07:00:00 AM,5,2,3
08/06/2017 08:00:00 AM,7,4,3
08/06/2017 09:00:00 AM,9,6,3
08/06/2017 10:00:00 AM,13,3,10
08/06/2017 11:00:00 AM,16,8,8
08/06/2017 12:00:00 PM,13,7,6
08/06/2017 01:00:00 PM,20,6,14
08/06/2017 02:00:00 PM,16,12,4
08/06/2017 03:00:00 PM,21,12,9
08/06/2017 04:00:00 PM,30,22,8
08/06/2017 05:00:00 PM,22,12,10
08/06/2017 06:00:00 PM,15,8,7
08/06/2017 07:00:00 PM,15,5,10
08/06/2017 08:00:00 PM,15,5,10
08/06/2017 09:00:00 PM,7,1,6
08/06/2017 10:00:00 PM,6,3,3
08/06/2017 11:00:00 PM,6,2,4
08/07/2017 12:00:00 AM,4,1,3
08/07/2017 01:00:00 AM,1,1,0
08/07/2017 02:00:00 AM,1,1,0
08/07/2017 03:00:00 AM,0,0,0
08/07/2017 04:00:00 AM,1,0,1
08/07/2017 05:00:00 AM,3,0,3
08/07/2017 06:00:00 AM,17,2,15
08/07/2017 07:00:00 AM,20,2,18
08/07/2017 08:00:00 AM,49,13,36
08/07/2017 09:00:00 AM,20,9,11
08/07/2017 10:00:00 AM,16,9,7
08/07/2017 11:00:00 AM,9,0,9
08/07/2017 12:00:00 PM,8,4,4
08/07/2017 01:00:00 PM,10,3,7
08/07/2017 02:00:00 PM,16,10,6
08/07/2017 03:00:00 PM,18,12,6
08/07/2017 04:00:00 PM,38,23,15
08/07/2017 05:00:00 PM,47,30,17
08/07/2017 06:00:00 PM,34,21,13
08/07/2017 07:00:00 PM,31,19,12
08/07/2017 08:00:00 PM,17,7,10
08/07/2017 09:00:00 PM,16,6,10
08/07/2017 10:00:00 PM,3,2,1
08/07/2017 11:00:00 PM,3,1,2
08/08/2017 12:00:00 AM,4,1,3
08/08/2017 01:00:00 AM,2,1,1
08/08/2017 02:00:00 AM,1,1,0
08/08/2017 03:00:00 AM,0,0,0
08/08/2017 04:00:00 AM,6,2,4
08/08/2017 05:00:00 AM,7,2,5
08/08/2017 06:00:00 AM,20,0,20
08/08/2017 07:00:00 AM,39,7,32
08/08/2017 08:00:00 AM,43,17,26
08/08/2017 09:00:00 AM,20,7,13
08/08/2017 10:00:00 AM,14,6,8
08/08/2017 11:00:00 AM,15,8,7
08/08/2017 12:00:00 PM,17,9,8
08/08/2017 01:00:00 PM,9,4,5
08/08/2017 02:00:00 PM,18,7,11
08/08/2017 03:00:00 PM,25,14,11
08/08/2017 04:00:00 PM,33,21,12
08/08/2017 05:00:00 PM,65,43,22
08/08/2017 06:00:00 PM,42,21,21
08/08/2017 07:00:00 PM,31,24,7
08/08/2017 08:00:00 PM,21,13,8
08/08/2017 09:00:00 PM,14,5,9
08/08/2017 10:00:00 PM,7,2,5
08/08/2017 11:00:00 PM,10,6,4
08/09/2017 12:00:00 AM,1,1,0
08/09/2017 01:00:00 AM,1,1,0
08/09/2017 02:00:00 AM,0,0,0
08/09/2017 03:00:00 AM,0,0,0
08/09/2017 04:00:00 AM,2,0,2
08/09/2017 05:00:00 AM,2,0,2
08/09/2017 06:00:00 AM,21,1,20
08/09/2017 07:00:00 AM,40,7,33
08/09/2017 08:00:00 AM,40,13,27
08/09/2017 09:00:00 AM,28,9,19
08/09/2017 10:00:00 AM,12,3,9
08/09/2017 11:00:00 AM,19,11,8
08/09/2017 12:00:00 PM,9,4,5
08/09/2017 01:00:00 PM,14,8,6
08/09/2017 02:00:00 PM,14,7,7
08/09/2017 03:00:00 PM,22,13,9
08/09/2017 04:00:00 PM,33,24,9
08/09/2017 05:00:00 PM,47,28,19
08/09/2017 06:00:00 PM,40,19,21
08/09/2017 07:00:00 PM,29,11,18
08/09/2017 08:00:00 PM,26,12,14
08/09/2017 09:00:00 PM,16,6,10
08/09/2017 10:00:00 PM,8,3,5
08/09/2017 11:00:00 PM,8,5,3
08/10/2017 12:00:00 AM,2,0,2
08/10/2017 01:00:00 AM,1,0,1
08/10/2017 02:00:00 AM,2,1,1
08/10/2017 03:00:00 AM,1,0,1
08/10/2017 04:00:00 AM,0,0,0
08/10/2017 05:00:00 AM,7,3,4
08/10/2017 06:00:00 AM,18,4,14
08/10/2017 07:00:00 AM,31,8,23
08/10/2017 08:00:00 AM,33,12,21
08/10/2017 09:00:00 AM,17,8,9
08/10/2017 10:00:00 AM,21,9,12
08/10/2017 11:00:00 AM,20,12,8
08/10/2017 12:00:00 PM,13,5,8
08/10/2017 01:00:00 PM,16,7,9
08/10/2017 02:00:00 PM,30,18,12
08/10/2017 03:00:00 PM,30,15,15
08/10/2017 04:00:00 PM,21,16,5
08/10/2017 05:00:00 PM,55,30,25
08/10/2017 06:00:00 PM,35,18,17
08/10/2017 07:00:00 PM,33,18,15
08/10/2017 08:00:00 PM,23,11,12
08/10/2017 09:00:00 PM,13,8,5
08/10/2017 10:00:00 PM,13,5,8
08/10/2017 11:00:00 PM,11,4,7
08/11/2017 12:00:00 AM,10,5,5
08/11/2017 01:00:00 AM,5,1,4
08/11/2017 02:00:00 AM,4,0,4
08/11/2017 03:00:00 AM,0,0,0
08/11/2017 04:00:00 AM,2,0,2
08/11/2017 05:00:00 AM,3,1,2
08/11/2017 06:00:00 AM,16,1,15
08/11/2017 07:00:00 AM,27,4,23
08/11/2017 08:00:00 AM,39,14,25
08/11/2017 09:00:00 AM,18,8,10
08/11/2017 10:00:00 AM,19,8,11
08/11/2017 11:00:00 AM,7,5,2
08/11/2017 12:00:00 PM,14,10,4
08/11/2017 01:00:00 PM,20,6,14
08/11/2017 02:00:00 PM,20,9,11
08/11/2017 03:00:00 PM,28,17,11
08/11/2017 04:00:00 PM,23,15,8
08/11/2017 05:00:00 PM,51,28,23
08/11/2017 06:00:00 PM,28,10,18
08/11/2017 07:00:00 PM,25,13,12
08/11/2017 08:00:00 PM,18,8,10
08/11/2017 09:00:00 PM,12,4,8
08/11/2017 10:00:00 PM,14,4,10
08/11/2017 11:00:00 PM,19,10,9
08/12/2017 12:00:00 AM,25,6,19
08/12/2017 01:00:00 AM,20,6,14
08/12/2017 02:00:00 AM,7,3,4
08/12/2017 03:00:00 AM,4,1,3
08/12/2017 04:00:00 AM,1,0,1
08/12/2017 05:00:00 AM,2,0,2
08/12/2017 06:00:00 AM,8,1,7
08/12/2017 07:00:00 AM,9,4,5
08/12/2017 08:00:00 AM,10,5,5
08/12/2017 09:00:00 AM,13,7,6
08/12/2017 10:00:00 AM,4,1,3
08/12/2017 11:00:00 AM,12,7,5
08/12/2017 12:00:00 PM,16,9,7
08/12/2017 01:00:00 PM,11,5,6
08/12/2017 02:00:00 PM,23,14,9
08/12/2017 03:00:00 PM,11,5,6
08/12/2017 04:00:00 PM,19,10,9
08/12/2017 05:00:00 PM,12,6,6
08/12/2017 06:00:00 PM,15,8,7
08/12/2017 07:00:00 PM,18,9,9
08/12/2017 08:00:00 PM,16,8,8
08/12/2017 09:00:00 PM,11,1,10
08/12/2017 10:00:00 PM,10,6,4
08/12/2017 11:00:00 PM,10,3,7
08/13/2017 12:00:00 AM,9,1,8
08/13/2017 01:00:00 AM,11,2,9
08/13/2017 02:00:00 AM,9,7,2
08/13/2017 03:00:00 AM,0,0,0
08/13/2017 04:00:00 AM,0,0,0
08/13/2017 05:00:00 AM,3,1,2
08/13/2017 06:00:00 AM,7,3,4
08/13/2017 07:00:00 AM,1,1,0
08/13/2017 08:00:00 AM,6,3,3
08/13/2017 09:00:00 AM,4,1,3
08/13/2017 10:00:00 AM,9,4,5
08/13/2017 11:00:00 AM,11,8,3
08/13/2017 12:00:00 PM,15,8,7
08/13/2017 01:00:00 PM,11,6,5
08/13/2017 02:00:00 PM,23,11,12
08/13/2017 03:00:00 PM,16,10,6
08/13/2017 04:00:00 PM,15,7,8
08/13/2017 05:00:00 PM,14,10,4
08/13/2017 06:00:00 PM,14,4,10
08/13/2017 07:00:00 PM,13,7,6
08/13/2017 08:00:00 PM,8,4,4
08/13/2017 09:00:00 PM,12,3,9
08/13/2017 10:00:00 PM,5,0,5
08/13/2017 11:00:00 PM,6,3,3
08/14/2017 12:00:00 AM,3,0,3
08/14/2017 01:00:00 AM,4,3,1
08/14/2017 02:00:00 AM,0,0,0
08/14/2017 03:00:00 AM,0,0,0
08/14/2017 04:00:00 AM,1,0,1
08/14/2017 05:00:00 AM,5,0,5
08/14/2017 06:00:00 AM,15,3,12
08/14/2017 07:00:00 AM,33,8,25
08/14/2017 08:00:00 AM,36,11,25
08/14/2017 09:00:00 AM,14,6,8
08/14/2017 10:00:00 AM,10,5,5
08/14/2017 11:00:00 AM,11,3,8
08/14/2017 12:00:00 PM,18,7,11
08/14/2017 01:00:00 PM,10,2,8
08/14/2017 02:00:00 PM,13,6,7
08/14/2017 03:00:00 PM,22,14,8
08/14/2017 04:00:00 PM,25,17,8
08/14/2017 05:00:00 PM,52,38,14
08/14/2017 06:00:00 PM,26,13,13
08/14/2017 07:00:00 PM,35,17,18
08/14/2017 08:00:00 PM,21,9,12
08/14/2017 09:00:00 PM,13,8,5
08/14/2017 10:00:00 PM,7,3,4
08/14/2017 11:00:00 PM,8,3,5
08/15/2017 12:00:00 AM,5,2,3
08/15/2017 01:00:00 AM,1,0,1
08/15/2017 02:00:00 AM,1,0,1
08/15/2017 03:00:00 AM,0,0,0
08/15/2017 04:00:00 AM,2,1,1
08/15/2017 05:00:00 AM,9,0,9
08/15/2017 06:00:00 AM,29,2,27
08/15/2017 07:00:00 AM,36,10,26
08/15/2017 08:00:00 AM,32,11,21
08/15/2017 09:00:00 AM,21,5,16
08/15/2017 10:00:00 AM,21,11,10
08/15/2017 11:00:00 AM,13,5,8
08/15/2017 12:00:00 PM,15,4,11
08/15/2017 01:00:00 PM,11,5,6
08/15/2017 02:00:00 PM,12,8,4
08/15/2017 03:00:00 PM,18,10,8
08/15/2017 04:00:00 PM,34,20,14
08/15/2017 05:00:00 PM,66,36,30
08/15/2017 06:00:00 PM,32,16,16
08/15/2017 07:00:00 PM,34,19,15
08/15/2017 08:00:00 PM,22,11,11
08/15/2017 09:00:00 PM,19,6,13
08/15/2017 10:00:00 PM,14,6,8
08/15/2017 11:00:00 PM,7,1,6
08/16/2017 12:00:00 AM,4,2,2
08/16/2017 01:00:00 AM,3,2,1
08/16/2017 02:00:00 AM,2,0,2
08/16/2017 03:00:00 AM,0,0,0
08/16/2017 04:00:00 AM,0,0,0
08/16/2017 05:00:00 AM,5,1,4
08/16/2017 06:00:00 AM,15,1,14
08/16/2017 07:00:00 AM,35,6,29
08/16/2017 08:00:00 AM,45,12,33
08/16/2017 09:00:00 AM,25,14,11
08/16/2017 10:00:00 AM,19,10,9
08/16/2017 11:00:00 AM,11,5,6
08/16/2017 12:00:00 PM,19,11,8
08/16/2017 01:00:00 PM,17,8,9
08/16/2017 02:00:00 PM,16,6,10
08/16/2017 03:00:00 PM,16,10,6
08/16/2017 04:00:00 PM,32,20,12
08/16/2017 05:00:00 PM,50,27,23
08/16/2017 06:00:00 PM,44,24,20
08/16/2017 07:00:00 PM,33,22,11
08/16/2017 08:00:00 PM,23,8,15
08/16/2017 09:00:00 PM,16,3,13
08/16/2017 10:00:00 PM,7,3,4
08/16/2017 11:00:00 PM,4,1,3
08/17/2017 12:00:00 AM,2,1,1
08/17/2017 01:00:00 AM,3,1,2
08/17/2017 02:00:00 AM,1,0,1
08/17/2017 03:00:00 AM,1,0,1
08/17/2017 04:00:00 AM,3,1,2
08/17/2017 05:00:00 AM,8,0,8
08/17/2017 06:00:00 AM,26,4,22
08/17/2017 07:00:00 AM,39,10,29
08/17/2017 08:00:00 AM,36,12,24
08/17/2017 09:00:00 AM,16,3,13
08/17/2017 10:00:00 AM,22,12,10
08/17/2017 11:00:00 AM,10,7,3
08/17/2017 12:00:00 PM,19,10,9
08/17/2017 01:00:00 PM,13,5,8
08/17/2017 02:00:00 PM,19,13,6
08/17/2017 03:00:00 PM,19,13,6
08/17/2017 04:00:00 PM,31,17,14
08/17/2017 05:00:00 PM,55,31,24
08/17/2017 06:00:00 PM,45,29,16
08/17/2017 07:00:00 PM,37,19,18
08/17/2017 08:00:00 PM,28,17,11
08/17/2017 09:00:00 PM,14,3,11
08/17/2017 10:00:00 PM,16,10,6
08/17/2017 11:00:00 PM,9,3,6
08/18/2017 12:00:00 AM,2,1,1
08/18/2017 01:00:00 AM,5,3,2
08/18/2017 02:00:00 AM,3,2,1
08/18/2017 03:00:00 AM,0,0,0
08/18/2017 04:00:00 AM,1,0,1
08/18/2017 05:00:00 AM,6,3,3
08/18/2017 06:00:00 AM,16,1,15
08/18/2017 07:00:00 AM,28,4,24
08/18/2017 08:00:00 AM,29,3,26
08/18/2017 09:00:00 AM,15,6,9
08/18/2017 10:00:00 AM,13,3,10
08/18/2017 11:00:00 AM,12,9,3
08/18/2017 12:00:00 PM,7,5,2
08/18/2017 01:00:00 PM,16,12,4
08/18/2017 02:00:00 PM,15,9,6
08/18/2017 03:00:00 PM,24,11,13
08/18/2017 04:00:00 PM,38,26,12
08/18/2017 05:00:00 PM,31,24,7
08/18/2017 06:00:00 PM,29,13,16
08/18/2017 07:00:00 PM,19,7,12
08/18/2017 08:00:00 PM,11,8,3
08/18/2017 09:00:00 PM,13,4,9
08/18/2017 10:00:00 PM,14,8,6
08/18/2017 11:00:00 PM,6,5,1
08/19/2017 12:00:00 AM,12,7,5
08/19/2017 01:00:00 AM,10,7,3
08/19/2017 02:00:00 AM,2,1,1
08/19/2017 03:00:00 AM,1,0,1
08/19/2017 04:00:00 AM,2,0,2
08/19/2017 05:00:00 AM,0,0,0
08/19/2017 06:00:00 AM,6,1,5
08/19/2017 07:00:00 AM,6,3,3
08/19/2017 08:00:00 AM,7,4,3
08/19/2017 09:00:00 AM,8,3,5
08/19/2017 10:00:00 AM,16,8,8
08/19/2017 11:00:00 AM,12,6,6
08/19/2017 12:00:00 PM,21,13,8
08/19/2017 01:00:00 PM,18,8,10
08/19/2017 02:00:00 PM,29,23,6
08/19/2017 03:00:00 PM,20,10,10
08/19/2017 04:00:00 PM,18,9,9
08/19/2017 05:00:00 PM,13,6,7
08/19/2017 06:00:00 PM,19,7,12
08/19/2017 07:00:00 PM,11,5,6
08/19/2017 08:00:00 PM,6,2,4
08/19/2017 09:00:00 PM,9,5,4
08/19/2017 10:00:00 PM,10,1,9
08/19/2017 11:00:00 PM,25,7,18
08/20/2017 12:00:00 AM,9,4,5
08/20/2017 01:00:00 AM,7,1,6
08/20/2017 02:00:00 AM,18,3,15
08/20/2017 03:00:00 AM,1,0,1
08/20/2017 04:00:00 AM,0,0,0
08/20/2017 05:00:00 AM,3,0,3
08/20/2017 06:00:00 AM,1,0,1
08/20/2017 07:00:00 AM,4,3,1
08/20/2017 08:00:00 AM,2,0,2
08/20/2017 09:00:00 AM,5,3,2
08/20/2017 10:00:00 AM,5,4,1
08/20/2017 11:00:00 AM,6,3,3
08/20/2017 12:00:00 PM,18,11,7
08/20/2017 01:00:00 PM,13,6,7
08/20/2017 02:00:00 PM,12,6,6
08/20/2017 03:00:00 PM,16,11,5
08/20/2017 04:00:00 PM,15,10,5
08/20/2017 05:00:00 PM,18,9,9
08/20/2017 06:00:00 PM,14,4,10
08/20/2017 07:00:00 PM,14,8,6
08/20/2017 08:00:00 PM,8,3,5
08/20/2017 09:00:00 PM,7,4,3
08/20/2017 10:00:00 PM,6,3,3
08/20/2017 11:00:00 PM,8,1,7
08/21/2017 12:00:00 AM,1,1,0
08/21/2017 01:00:00 AM,7,2,5
08/21/2017 02:00:00 AM,3,1,2
08/21/2017 03:00:00 AM,0,0,0
08/21/2017 04:00:00 AM,0,0,0
08/21/2017 05:00:00 AM,7,1,6
08/21/2017 06:00:00 AM,11,0,11
08/21/2017 07:00:00 AM,34,11,23
08/21/2017 08:00:00 AM,19,4,15
08/21/2017 09:00:00 AM,17,7,10
08/21/2017 10:00:00 AM,16,7,9
08/21/2017 11:00:00 AM,11,5,6
08/21/2017 12:00:00 PM,17,10,7
08/21/2017 01:00:00 PM,5,3,2
08/21/2017 02:00:00 PM,17,8,9
08/21/2017 03:00:00 PM,19,11,8
08/21/2017 04:00:00 PM,22,17,5
08/21/2017 05:00:00 PM,54,32,22
08/21/2017 06:00:00 PM,28,16,12
08/21/2017 07:00:00 PM,29,11,18
08/21/2017 08:00:00 PM,14,6,8
08/21/2017 09:00:00 PM,14,3,11
08/21/2017 10:00:00 PM,10,2,8
08/21/2017 11:00:00 PM,5,2,3
08/22/2017 12:00:00 AM,2,0,2
08/22/2017 01:00:00 AM,1,0,1
08/22/2017 02:00:00 AM,1,1,0
08/22/2017 03:00:00 AM,0,0,0
08/22/2017 04:00:00 AM,1,1,0
08/22/2017 05:00:00 AM,11,1,10
08/22/2017 06:00:00 AM,15,2,13
08/22/2017 07:00:00 AM,35,7,28
08/22/2017 08:00:00 AM,45,12,33
08/22/2017 09:00:00 AM,16,4,12
08/22/2017 10:00:00 AM,17,9,8
08/22/2017 11:00:00 AM,12,4,8
08/22/2017 12:00:00 PM,15,6,9
08/22/2017 01:00:00 PM,13,6,7
08/22/2017 02:00:00 PM,16,12,4
08/22/2017 03:00:00 PM,23,13,10
08/22/2017 04:00:00 PM,41,31,10
08/22/2017 05:00:00 PM,61,34,27
08/22/2017 06:00:00 PM,45,21,24
08/22/2017 07:00:00 PM,23,11,12
08/22/2017 08:00:00 PM,26,12,14
08/22/2017 09:00:00 PM,15,7,8
08/22/2017 10:00:00 PM,12,7,5
08/22/2017 11:00:00 PM,6,2,4
08/23/2017 12:00:00 AM,4,1,3
08/23/2017 01:00:00 AM,0,0,0
08/23/2017 02:00:00 AM,0,0,0
08/23/2017 03:00:00 AM,0,0,0
08/23/2017 04:00:00 AM,0,0,0
08/23/2017 05:00:00 AM,10,2,8
08/23/2017 06:00:00 AM,20,2,18
08/23/2017 07:00:00 AM,38,5,33
08/23/2017 08:00:00 AM,34,7,27
08/23/2017 09:00:00 AM,27,11,16
08/23/2017 10:00:00 AM,20,6,14
08/23/2017 11:00:00 AM,20,13,7
08/23/2017 12:00:00 PM,18,11,7
08/23/2017 01:00:00 PM,23,12,11
08/23/2017 02:00:00 PM,21,12,9
08/23/2017 03:00:00 PM,28,19,9
08/23/2017 04:00:00 PM,32,20,12
08/23/2017 05:00:00 PM,69,37,32
08/23/2017 06:00:00 PM,32,13,19
08/23/2017 07:00:00 PM,26,11,15
08/23/2017 08:00:00 PM,19,13,6
08/23/2017 09:00:00 PM,17,5,12
08/23/2017 10:00:00 PM,7,4,3
08/23/2017 11:00:00 PM,9,3,6
08/24/2017 12:00:00 AM,2,1,1
08/24/2017 01:00:00 AM,2,1,1
08/24/2017 02:00:00 AM,0,0,0
08/24/2017 03:00:00 AM,0,0,0
08/24/2017 04:00:00 AM,0,0,0
08/24/2017 05:00:00 AM,10,1,9
08/24/2017 06:00:00 AM,17,3,14
08/24/2017 07:00:00 AM,29,4,25
08/24/2017 08:00:00 AM,41,11,30
08/24/2017 09:00:00 AM,24,9,15
08/24/2017 10:00:00 AM,11,3,8
08/24/2017 11:00:00 AM,16,9,7
08/24/2017 12:00:00 PM,22,11,11
08/24/2017 01:00:00 PM,16,7,9
08/24/2017 02:00:00 PM,18,10,8
08/24/2017 03:00:00 PM,13,8,5
08/24/2017 04:00:00 PM,33,25,8
08/24/2017 05:00:00 PM,53,27,26
08/24/2017 06:00:00 PM,38,16,22
08/24/2017 07:00:00 PM,27,18,9
08/24/2017 08:00:00 PM,16,9,7
08/24/2017 09:00:00 PM,12,10,2
08/24/2017 10:00:00 PM,16,6,10
08/24/2017 11:00:00 PM,9,5,4
08/25/2017 12:00:00 AM,6,2,4
08/25/2017 01:00:00 AM,4,3,1
08/25/2017 02:00:00 AM,0,0,0
08/25/2017 03:00:00 AM,0,0,0
08/25/2017 04:00:00 AM,2,0,2
08/25/2017 05:00:00 AM,9,2,7
08/25/2017 06:00:00 AM,16,2,14
08/25/2017 07:00:00 AM,30,9,21
08/25/2017 08:00:00 AM,26,8,18
08/25/2017 09:00:00 AM,24,9,15
08/25/2017 10:00:00 AM,24,12,12
08/25/2017 11:00:00 AM,8,4,4
08/25/2017 12:00:00 PM,13,7,6
08/25/2017 01:00:00 PM,24,14,10
08/25/2017 02:00:00 PM,20,11,9
08/25/2017 03:00:00 PM,18,13,5
08/25/2017 04:00:00 PM,31,21,10
08/25/2017 05:00:00 PM,43,28,15
08/25/2017 06:00:00 PM,37,13,24
08/25/2017 07:00:00 PM,22,12,10
08/25/2017 08:00:00 PM,18,13,5
08/25/2017 09:00:00 PM,10,4,6
08/25/2017 10:00:00 PM,5,2,3
08/25/2017 11:00:00 PM,8,2,6
08/26/2017 12:00:00 AM,26,9,17
08/26/2017 01:00:00 AM,10,1,9
08/26/2017 02:00:00 AM,5,3,2
08/26/2017 03:00:00 AM,2,1,1
08/26/2017 04:00:00 AM,0,0,0
08/26/2017 05:00:00 AM,4,2,2
08/26/2017 06:00:00 AM,8,1,7
08/26/2017 07:00:00 AM,8,3,5
08/26/2017 08:00:00 AM,4,1,3
08/26/2017 09:00:00 AM,18,6,12
08/26/2017 10:00:00 AM,14,8,6
08/26/2017 11:00:00 AM,15,5,10
08/26/2017 12:00:00 PM,28,16,12
08/26/2017 01:00:00 PM,22,9,13
08/26/2017 02:00:00 PM,19,12,7
08/26/2017 03:00:00 PM,29,18,11
08/26/2017 04:00:00 PM,17,9,8
08/26/2017 05:00:00 PM,17,12,5
08/26/2017 06:00:00 PM,13,6,7
08/26/2017 07:00:00 PM,19,9,10
08/26/2017 08:00:00 PM,8,4,4
08/26/2017 09:00:00 PM,11,8,3
08/26/2017 10:00:00 PM,8,2,6
08/26/2017 11:00:00 PM,18,7,11
08/27/2017 12:00:00 AM,7,3,4
08/27/2017 01:00:00 AM,6,0,6
08/27/2017 02:00:00 AM,16,5,11
08/27/2017 03:00:00 AM,0,0,0
08/27/2017 04:00:00 AM,1,1,0
08/27/2017 05:00:00 AM,2,0,2
08/27/2017 06:00:00 AM,15,2,13
08/27/2017 07:00:00 AM,4,2,2
08/27/2017 08:00:00 AM,5,2,3
08/27/2017 09:00:00 AM,10,7,3
08/27/2017 10:00:00 AM,11,7,4
08/27/2017 11:00:00 AM,16,5,11
08/27/2017 12:00:00 PM,18,12,6
08/27/2017 01:00:00 PM,24,13,11
08/27/2017 02:00:00 PM,30,15,15
08/27/2017 03:00:00 PM,18,7,11
08/27/2017 04:00:00 PM,20,9,11
08/27/2017 05:00:00 PM,13,7,6
08/27/2017 06:00:00 PM,11,6,5
08/27/2017 07:00:00 PM,12,7,5
08/27/2017 08:00:00 PM,6,3,3
08/27/2017 09:00:00 PM,6,1,5
08/27/2017 10:00:00 PM,2,1,1
08/27/2017 11:00:00 PM,6,2,4
08/28/2017 12:00:00 AM,2,0,2
08/28/2017 01:00:00 AM,1,1,0
08/28/2017 02:00:00 AM,0,0,0
08/28/2017 03:00:00 AM,1,0,1
08/28/2017 04:00:00 AM,1,1,0
08/28/2017 05:00:00 AM,12,0,12
08/28/2017 06:00:00 AM,18,2,16
08/28/2017 07:00:00 AM,34,4,30
08/28/2017 08:00:00 AM,46,18,28
08/28/2017 09:00:00 AM,23,8,15
08/28/2017 10:00:00 AM,10,4,6
08/28/2017 11:00:00 AM,13,6,7
08/28/2017 12:00:00 PM,15,8,7
08/28/2017 01:00:00 PM,11,5,6
08/28/2017 02:00:00 PM,13,7,6
08/28/2017 03:00:00 PM,19,10,9
08/28/2017 04:00:00 PM,40,25,15
08/28/2017 05:00:00 PM,51,36,15
08/28/2017 06:00:00 PM,30,21,9
08/28/2017 07:00:00 PM,21,10,11
08/28/2017 08:00:00 PM,17,11,6
08/28/2017 09:00:00 PM,11,6,5
08/28/2017 10:00:00 PM,3,1,2
08/28/2017 11:00:00 PM,6,2,4
08/29/2017 12:00:00 AM,1,0,1
08/29/2017 01:00:00 AM,0,0,0
08/29/2017 02:00:00 AM,0,0,0
08/29/2017 03:00:00 AM,0,0,0
08/29/2017 04:00:00 AM,0,0,0
08/29/2017 05:00:00 AM,9,0,9
08/29/2017 06:00:00 AM,21,3,18
08/29/2017 07:00:00 AM,34,5,29
08/29/2017 08:00:00 AM,54,11,43
08/29/2017 09:00:00 AM,20,10,10
08/29/2017 10:00:00 AM,12,3,9
08/29/2017 11:00:00 AM,11,5,6
08/29/2017 12:00:00 PM,16,8,8
08/29/2017 01:00:00 PM,11,5,6
08/29/2017 02:00:00 PM,17,7,10
08/29/2017 03:00:00 PM,20,10,10
08/29/2017 04:00:00 PM,34,17,17
08/29/2017 05:00:00 PM,59,36,23
08/29/2017 06:00:00 PM,38,16,22
08/29/2017 07:00:00 PM,33,17,16
08/29/2017 08:00:00 PM,13,4,9
08/29/2017 09:00:00 PM,16,8,8
08/29/2017 10:00:00 PM,12,5,7
08/29/2017 11:00:00 PM,6,2,4
08/30/2017 12:00:00 AM,2,0,2
08/30/2017 01:00:00 AM,2,1,1
08/30/2017 02:00:00 AM,1,0,1
08/30/2017 03:00:00 AM,0,0,0
08/30/2017 04:00:00 AM,0,0,0
08/30/2017 05:00:00 AM,7,0,7
08/30/2017 06:00:00 AM,14,0,14
08/30/2017 07:00:00 AM,42,7,35
08/30/2017 08:00:00 AM,41,11,30
08/30/2017 09:00:00 AM,24,12,12
08/30/2017 10:00:00 AM,8,1,7
08/30/2017 11:00:00 AM,11,4,7
08/30/2017 12:00:00 PM,18,12,6
08/30/2017 01:00:00 PM,17,9,8
08/30/2017 02:00:00 PM,18,13,5
08/30/2017 03:00:00 PM,22,16,6
08/30/2017 04:00:00 PM,37,22,15
08/30/2017 05:00:00 PM,49,26,23
08/30/2017 06:00:00 PM,44,21,23
08/30/2017 07:00:00 PM,35,17,18
08/30/2017 08:00:00 PM,23,15,8
08/30/2017 09:00:00 PM,22,10,12
08/30/2017 10:00:00 PM,16,8,8
08/30/2017 11:00:00 PM,5,5,0
08/31/2017 12:00:00 AM,5,0,5
08/31/2017 01:00:00 AM,3,1,2
08/31/2017 02:00:00 AM,1,0,1
08/31/2017 03:00:00 AM,0,0,0
08/31/2017 04:00:00 AM,0,0,0
08/31/2017 05:00:00 AM,9,0,9
08/31/2017 06:00:00 AM,13,0,13
08/31/2017 07:00:00 AM,28,7,21
08/31/2017 08:00:00 AM,29,5,24
08/31/2017 09:00:00 AM,12,5,7
08/31/2017 10:00:00 AM,13,5,8
08/31/2017 11:00:00 AM,8,3,5
08/31/2017 12:00:00 PM,15,6,9
08/31/2017 01:00:00 PM,11,4,7
08/31/2017 02:00:00 PM,13,7,6
08/31/2017 03:00:00 PM,17,8,9
08/31/2017 04:00:00 PM,34,15,19
08/31/2017 05:00:00 PM,48,26,22
08/31/2017 06:00:00 PM,44,21,23
08/31/2017 07:00:00 PM,28,17,11
08/31/2017 08:00:00 PM,15,7,8
08/31/2017 09:00:00 PM,23,13,10
08/31/2017 10:00:00 PM,11,5,6
08/31/2017 11:00:00 PM,3,0,3
09/01/2017 12:00:00 AM,9,4,5
09/01/2017 01:00:00 AM,0,0,0
09/01/2017 02:00:00 AM,1,1,0
09/01/2017 03:00:00 AM,0,0,0
09/01/2017 04:00:00 AM,1,0,1
09/01/2017 05:00:00 AM,8,3,5
09/01/2017 06:00:00 AM,13,2,11
09/01/2017 07:00:00 AM,25,2,23
09/01/2017 08:00:00 AM,37,11,26
09/01/2017 09:00:00 AM,16,6,10
09/01/2017 10:00:00 AM,19,9,10
09/01/2017 11:00:00 AM,19,10,9
09/01/2017 12:00:00 PM,15,8,7
09/01/2017 01:00:00 PM,10,4,6
09/01/2017 02:00:00 PM,19,11,8
09/01/2017 03:00:00 PM,29,16,13
09/01/2017 04:00:00 PM,29,22,7
09/01/2017 05:00:00 PM,47,25,22
09/01/2017 06:00:00 PM,43,15,28
09/01/2017 07:00:00 PM,20,9,11
09/01/2017 08:00:00 PM,11,8,3
09/01/2017 09:00:00 PM,13,5,8
09/01/2017 10:00:00 PM,12,6,6
09/01/2017 11:00:00 PM,7,6,1
09/02/2017 12:00:00 AM,9,1,8
09/02/2017 01:00:00 AM,15,3,12
09/02/2017 02:00:00 AM,5,2,3
09/02/2017 03:00:00 AM,0,0,0
09/02/2017 04:00:00 AM,3,0,3
09/02/2017 05:00:00 AM,2,0,2
09/02/2017 06:00:00 AM,4,0,4
09/02/2017 07:00:00 AM,3,1,2
09/02/2017 08:00:00 AM,5,3,2
09/02/2017 09:00:00 AM,9,3,6
09/02/2017 10:00:00 AM,15,10,5
09/02/2017 11:00:00 AM,9,3,6
09/02/2017 12:00:00 PM,16,12,4
09/02/2017 01:00:00 PM,20,11,9
09/02/2017 02:00:00 PM,11,6,5
09/02/2017 03:00:00 PM,17,7,10
09/02/2017 04:00:00 PM,14,7,7
09/02/2017 05:00:00 PM,14,7,7
09/02/2017 06:00:00 PM,18,7,11
09/02/2017 07:00:00 PM,17,9,8
09/02/2017 08:00:00 PM,14,4,10
09/02/2017 09:00:00 PM,12,4,8
09/02/2017 10:00:00 PM,7,4,3
09/02/2017 11:00:00 PM,9,3,6
09/03/2017 12:00:00 AM,7,2,5
09/03/2017 01:00:00 AM,8,0,8
09/03/2017 02:00:00 AM,9,3,6
09/03/2017 03:00:00 AM,1,0,1
09/03/2017 04:00:00 AM,0,0,0
09/03/2017 05:00:00 AM,0,0,0
09/03/2017 06:00:00 AM,5,0,5
09/03/2017 07:00:00 AM,4,1,3
09/03/2017 08:00:00 AM,9,2,7
09/03/2017 09:00:00 AM,8,6,2
09/03/2017 10:00:00 AM,15,9,6
09/03/2017 11:00:00 AM,18,9,9
09/03/2017 12:00:00 PM,17,10,7
09/03/2017 01:00:00 PM,10,6,4
09/03/2017 02:00:00 PM,18,8,10
09/03/2017 03:00:00 PM,15,10,5
09/03/2017 04:00:00 PM,18,8,10
09/03/2017 05:00:00 PM,11,4,7
09/03/2017 06:00:00 PM,7,2,5
09/03/2017 07:00:00 PM,13,5,8
09/03/2017 08:00:00 PM,13,8,5
09/03/2017 09:00:00 PM,8,2,6
09/03/2017 10:00:00 PM,6,3,3
09/03/2017 11:00:00 PM,17,6,11
09/04/2017 12:00:00 AM,11,1,10
09/04/2017 01:00:00 AM,6,3,3
09/04/2017 02:00:00 AM,11,3,8
09/04/2017 03:00:00 AM,0,0,0
09/04/2017 04:00:00 AM,0,0,0
09/04/2017 05:00:00 AM,4,1,3
09/04/2017 06:00:00 AM,6,0,6
09/04/2017 07:00:00 AM,5,2,3
09/04/2017 08:00:00 AM,4,4,0
09/04/2017 09:00:00 AM,15,11,4
09/04/2017 10:00:00 AM,13,4,9
09/04/2017 11:00:00 AM,15,7,8
09/04/2017 12:00:00 PM,16,5,11
09/04/2017 01:00:00 PM,19,12,7
09/04/2017 02:00:00 PM,11,2,9
09/04/2017 03:00:00 PM,14,9,5
09/04/2017 04:00:00 PM,16,6,10
09/04/2017 05:00:00 PM,20,9,11
09/04/2017 06:00:00 PM,12,4,8
09/04/2017 07:00:00 PM,12,5,7
09/04/2017 08:00:00 PM,14,6,8
09/04/2017 09:00:00 PM,9,3,6
09/04/2017 10:00:00 PM,4,1,3
09/04/2017 11:00:00 PM,2,0,2
09/05/2017 12:00:00 AM,2,1,1
09/05/2017 01:00:00 AM,4,4,0
09/05/2017 02:00:00 AM,0,0,0
09/05/2017 03:00:00 AM,0,0,0
09/05/2017 04:00:00 AM,2,0,2
09/05/2017 05:00:00 AM,4,1,3
09/05/2017 06:00:00 AM,18,0,18
09/05/2017 07:00:00 AM,34,4,30
09/05/2017 08:00:00 AM,41,10,31
09/05/2017 09:00:00 AM,13,4,9
09/05/2017 10:00:00 AM,14,6,8
09/05/2017 11:00:00 AM,13,6,7
09/05/2017 12:00:00 PM,12,4,8
09/05/2017 01:00:00 PM,19,11,8
09/05/2017 02:00:00 PM,9,6,3
09/05/2017 03:00:00 PM,21,7,14
09/05/2017 04:00:00 PM,30,21,9
09/05/2017 05:00:00 PM,47,31,16
09/05/2017 06:00:00 PM,39,21,18
09/05/2017 07:00:00 PM,39,20,19
09/05/2017 08:00:00 PM,7,2,5
09/05/2017 09:00:00 PM,8,3,5
09/05/2017 10:00:00 PM,5,3,2
09/05/2017 11:00:00 PM,7,1,6
09/06/2017 12:00:00 AM,1,0,1
09/06/2017 01:00:00 AM,0,0,0
09/06/2017 02:00:00 AM,1,0,1
09/06/2017 03:00:00 AM,0,0,0
09/06/2017 04:00:00 AM,2,0,2
09/06/2017 05:00:00 AM,3,0,3
09/06/2017 06:00:00 AM,16,1,15
09/06/2017 07:00:00 AM,34,5,29
09/06/2017 08:00:00 AM,38,11,27
09/06/2017 09:00:00 AM,19,11,8
09/06/2017 10:00:00 AM,16,4,12
09/06/2017 11:00:00 AM,12,6,6
09/06/2017 12:00:00 PM,19,10,9
09/06/2017 01:00:00 PM,12,7,5
09/06/2017 02:00:00 PM,13,9,4
09/06/2017 03:00:00 PM,19,11,8
09/06/2017 04:00:00 PM,27,20,7
09/06/2017 05:00:00 PM,44,27,17
09/06/2017 06:00:00 PM,46,16,30
09/06/2017 07:00:00 PM,18,9,9
09/06/2017 08:00:00 PM,23,13,10
09/06/2017 09:00:00 PM,10,4,6
09/06/2017 10:00:00 PM,11,7,4
09/06/2017 11:00:00 PM,4,3,1
09/07/2017 12:00:00 AM,2,0,2
09/07/2017 01:00:00 AM,1,0,1
09/07/2017 02:00:00 AM,1,0,1
09/07/2017 03:00:00 AM,4,3,1
09/07/2017 04:00:00 AM,1,0,1
09/07/2017 05:00:00 AM,4,0,4
09/07/2017 06:00:00 AM,17,1,16
09/07/2017 07:00:00 AM,28,7,21
09/07/2017 08:00:00 AM,45,11,34
09/07/2017 09:00:00 AM,16,9,7
09/07/2017 10:00:00 AM,39,15,24
09/07/2017 11:00:00 AM,14,7,7
09/07/2017 12:00:00 PM,18,8,10
09/07/2017 01:00:00 PM,12,8,4
09/07/2017 02:00:00 PM,22,11,11
09/07/2017 03:00:00 PM,30,12,18
09/07/2017 04:00:00 PM,35,20,15
09/07/2017 05:00:00 PM,53,35,18
09/07/2017 06:00:00 PM,38,22,16
09/07/2017 07:00:00 PM,31,17,14
09/07/2017 08:00:00 PM,23,13,10
09/07/2017 09:00:00 PM,15,9,6
09/07/2017 10:00:00 PM,7,4,3
09/07/2017 11:00:00 PM,4,2,2
09/08/2017 12:00:00 AM,2,1,1
09/08/2017 01:00:00 AM,1,0,1
09/08/2017 02:00:00 AM,1,1,0
09/08/2017 03:00:00 AM,1,1,0
09/08/2017 04:00:00 AM,1,0,1
09/08/2017 05:00:00 AM,6,2,4
09/08/2017 06:00:00 AM,16,0,16
09/08/2017 07:00:00 AM,35,9,26
09/08/2017 08:00:00 AM,41,10,31
09/08/2017 09:00:00 AM,13,10,3
09/08/2017 10:00:00 AM,19,6,13
09/08/2017 11:00:00 AM,16,9,7
09/08/2017 12:00:00 PM,20,9,11
09/08/2017 01:00:00 PM,27,16,11
09/08/2017 02:00:00 PM,21,13,8
09/08/2017 03:00:00 PM,17,10,7
09/08/2017 04:00:00 PM,25,12,13
09/08/2017 05:00:00 PM,52,31,21
09/08/2017 06:00:00 PM,18,12,6
09/08/2017 07:00:00 PM,29,11,18
09/08/2017 08:00:00 PM,17,9,8
09/08/2017 09:00:00 PM,14,4,10
09/08/2017 10:00:00 PM,11,4,7
09/08/2017 11:00:00 PM,6,3,3
09/09/2017 12:00:00 AM,10,4,6
09/09/2017 01:00:00 AM,7,4,3
09/09/2017 02:00:00 AM,8,4,4
09/09/2017 03:00:00 AM,0,0,0
09/09/2017 04:00:00 AM,3,1,2
09/09/2017 05:00:00 AM,3,0,3
09/09/2017 06:00:00 AM,2,0,2
09/09/2017 07:00:00 AM,2,0,2
09/09/2017 08:00:00 AM,6,1,5
09/09/2017 09:00:00 AM,8,4,4
09/09/2017 10:00:00 AM,11,8,3
09/09/2017 11:00:00 AM,13,7,6
09/09/2017 12:00:00 PM,8,5,3
09/09/2017 01:00:00 PM,17,12,5
09/09/2017 02:00:00 PM,13,9,4
09/09/2017 03:00:00 PM,17,10,7
09/09/2017 04:00:00 PM,21,17,4
09/09/2017 05:00:00 PM,16,10,6
09/09/2017 06:00:00 PM,15,7,8
09/09/2017 07:00:00 PM,13,2,11
09/09/2017 08:00:00 PM,8,3,5
09/09/2017 09:00:00 PM,7,4,3
09/09/2017 10:00:00 PM,9,5,4
09/09/2017 11:00:00 PM,5,2,3
09/10/2017 12:00:00 AM,8,1,7
09/10/2017 01:00:00 AM,5,4,1
09/10/2017 02:00:00 AM,14,6,8
09/10/2017 03:00:00 AM,0,0,0
09/10/2017 04:00:00 AM,0,0,0
09/10/2017 05:00:00 AM,1,0,1
09/10/2017 06:00:00 AM,5,0,5
09/10/2017 07:00:00 AM,6,3,3
09/10/2017 08:00:00 AM,8,0,8
09/10/2017 09:00:00 AM,9,5,4
09/10/2017 10:00:00 AM,3,1,2
09/10/2017 11:00:00 AM,8,3,5
09/10/2017 12:00:00 PM,14,9,5
09/10/2017 01:00:00 PM,22,15,7
09/10/2017 02:00:00 PM,11,8,3
09/10/2017 03:00:00 PM,19,11,8
09/10/2017 04:00:00 PM,13,8,5
09/10/2017 05:00:00 PM,11,5,6
09/10/2017 06:00:00 PM,12,8,4
09/10/2017 07:00:00 PM,12,5,7
09/10/2017 08:00:00 PM,14,4,10
09/10/2017 09:00:00 PM,7,2,5
09/10/2017 10:00:00 PM,2,0,2
09/10/2017 11:00:00 PM,1,1,0
09/11/2017 12:00:00 AM,2,1,1
09/11/2017 01:00:00 AM,1,1,0
09/11/2017 02:00:00 AM,2,1,1
09/11/2017 03:00:00 AM,0,0,0
09/11/2017 04:00:00 AM,5,2,3
09/11/2017 05:00:00 AM,5,0,5
09/11/2017 06:00:00 AM,17,1,16
09/11/2017 07:00:00 AM,35,6,29
09/11/2017 08:00:00 AM,33,9,24
09/11/2017 09:00:00 AM,14,6,8
09/11/2017 10:00:00 AM,7,0,7
09/11/2017 11:00:00 AM,5,1,4
09/11/2017 12:00:00 PM,7,0,7
09/11/2017 01:00:00 PM,9,1,8
09/11/2017 02:00:00 PM,10,0,10
09/11/2017 03:00:00 PM,5,1,4
09/11/2017 04:00:00 PM,15,4,11
09/11/2017 05:00:00 PM,29,10,19
09/11/2017 06:00:00 PM,21,8,13
09/11/2017 07:00:00 PM,26,5,21
09/11/2017 08:00:00 PM,8,1,7
09/11/2017 09:00:00 PM,10,1,9
09/11/2017 10:00:00 PM,5,0,5
09/11/2017 11:00:00 PM,4,1,3
09/12/2017 12:00:00 AM,1,0,1
09/12/2017 01:00:00 AM,1,0,1
09/12/2017 02:00:00 AM,0,0,0
09/12/2017 03:00:00 AM,0,0,0
09/12/2017 04:00:00 AM,2,0,2
09/12/2017 05:00:00 AM,8,0,8
09/12/2017 06:00:00 AM,14,0,14
09/12/2017 07:00:00 AM,38,6,32
09/12/2017 08:00:00 AM,34,9,25
09/12/2017 09:00:00 AM,12,2,10
09/12/2017 10:00:00 AM,13,4,9
09/12/2017 11:00:00 AM,10,6,4
09/12/2017 12:00:00 PM,8,4,4
09/12/2017 01:00:00 PM,7,4,3
09/12/2017 02:00:00 PM,6,3,3
09/12/2017 03:00:00 PM,5,1,4
09/12/2017 04:00:00 PM,4,1,3
09/12/2017 05:00:00 PM,36,8,28
09/12/2017 06:00:00 PM,22,1,21
09/12/2017 07:00:00 PM,15,3,12
09/12/2017 08:00:00 PM,8,0,8
09/12/2017 09:00:00 PM,5,1,4
09/12/2017 10:00:00 PM,2,0,2
09/12/2017 11:00:00 PM,6,3,3
09/13/2017 12:00:00 AM,0,0,0
09/13/2017 01:00:00 AM,0,0,0
09/13/2017 02:00:00 AM,0,0,0
09/13/2017 03:00:00 AM,0,0,0
09/13/2017 04:00:00 AM,0,0,0
09/13/2017 05:00:00 AM,1,0,1
09/13/2017 06:00:00 AM,4,0,4
09/13/2017 07:00:00 AM,10,1,9
09/13/2017 08:00:00 AM,14,3,11
09/13/2017 09:00:00 AM,5,1,4
09/13/2017 10:00:00 AM,5,1,4
09/13/2017 11:00:00 AM,4,2,2
09/13/2017 12:00:00 PM,1,0,1
09/13/2017 01:00:00 PM,6,3,3
09/13/2017 02:00:00 PM,7,4,3
09/13/2017 03:00:00 PM,12,2,10
09/13/2017 04:00:00 PM,7,1,6
09/13/2017 05:00:00 PM,17,13,4
09/13/2017 06:00:00 PM,13,2,11
09/13/2017 07:00:00 PM,7,5,2
09/13/2017 08:00:00 PM,13,4,9
09/13/2017 09:00:00 PM,5,0,5
09/13/2017 10:00:00 PM,1,1,0
09/13/2017 11:00:00 PM,3,1,2
09/14/2017 12:00:00 AM,3,0,3
09/14/2017 01:00:00 AM,7,0,7
09/14/2017 02:00:00 AM,4,2,2
09/14/2017 03:00:00 AM,5,0,5
09/14/2017 04:00:00 AM,3,0,3
09/14/2017 05:00:00 AM,5,0,5
09/14/2017 06:00:00 AM,23,1,22
09/14/2017 07:00:00 AM,33,8,25
09/14/2017 08:00:00 AM,28,6,22
09/14/2017 09:00:00 AM,19,3,16
09/14/2017 10:00:00 AM,20,7,13
09/14/2017 11:00:00 AM,17,8,9
09/14/2017 12:00:00 PM,19,7,12
09/14/2017 01:00:00 PM,15,11,4
09/14/2017 02:00:00 PM,23,13,10
09/14/2017 03:00:00 PM,24,15,9
09/14/2017 04:00:00 PM,35,21,14
09/14/2017 05:00:00 PM,62,40,22
09/14/2017 06:00:00 PM,51,29,22
09/14/2017 07:00:00 PM,29,16,13
09/14/2017 08:00:00 PM,18,11,7
09/14/2017 09:00:00 PM,19,9,10
09/14/2017 10:00:00 PM,11,5,6
09/14/2017 11:00:00 PM,6,2,4
09/15/2017 12:00:00 AM,2,0,2
09/15/2017 01:00:00 AM,2,0,2
09/15/2017 02:00:00 AM,7,5,2
09/15/2017 03:00:00 AM,0,0,0
09/15/2017 04:00:00 AM,2,0,2
09/15/2017 05:00:00 AM,4,0,4
09/15/2017 06:00:00 AM,19,1,18
09/15/2017 07:00:00 AM,36,8,28
09/15/2017 08:00:00 AM,34,5,29
09/15/2017 09:00:00 AM,28,15,13
09/15/2017 10:00:00 AM,16,12,4
09/15/2017 11:00:00 AM,12,4,8
09/15/2017 12:00:00 PM,18,11,7
09/15/2017 01:00:00 PM,25,15,10
09/15/2017 02:00:00 PM,24,14,10
09/15/2017 03:00:00 PM,26,17,9
09/15/2017 04:00:00 PM,33,23,10
09/15/2017 05:00:00 PM,53,31,22
09/15/2017 06:00:00 PM,25,10,15
09/15/2017 07:00:00 PM,12,0,12
09/15/2017 08:00:00 PM,11,1,10
09/15/2017 09:00:00 PM,4,0,4
09/15/2017 10:00:00 PM,8,1,7
09/15/2017 11:00:00 PM,5,0,5
09/16/2017 12:00:00 AM,3,1,2
09/16/2017 01:00:00 AM,4,0,4
09/16/2017 02:00:00 AM,1,1,0
09/16/2017 03:00:00 AM,0,0,0
09/16/2017 04:00:00 AM,0,0,0
09/16/2017 05:00:00 AM,2,1,1
09/16/2017 06:00:00 AM,0,0,0
09/16/2017 07:00:00 AM,2,1,1
09/16/2017 08:00:00 AM,2,0,2
09/16/2017 09:00:00 AM,1,0,1
09/16/2017 10:00:00 AM,3,0,3
09/16/2017 11:00:00 AM,5,0,5
09/16/2017 12:00:00 PM,9,0,9
09/16/2017 01:00:00 PM,9,0,9
09/16/2017 02:00:00 PM,12,0,12
09/16/2017 03:00:00 PM,14,0,14
09/16/2017 04:00:00 PM,8,2,6
09/16/2017 05:00:00 PM,16,1,15
09/16/2017 06:00:00 PM,8,0,8
09/16/2017 07:00:00 PM,10,0,10
09/16/2017 08:00:00 PM,7,2,5
09/16/2017 09:00:00 PM,6,3,3
09/16/2017 10:00:00 PM,3,1,2
09/16/2017 11:00:00 PM,12,3,9
09/17/2017 12:00:00 AM,1,1,0
09/17/2017 01:00:00 AM,3,1,2
09/17/2017 02:00:00 AM,16,4,12
09/17/2017 03:00:00 AM,2,0,2
09/17/2017 04:00:00 AM,0,0,0
09/17/2017 05:00:00 AM,1,0,1
09/17/2017 06:00:00 AM,8,0,8
09/17/2017 07:00:00 AM,4,0,4
09/17/2017 08:00:00 AM,4,0,4
09/17/2017 09:00:00 AM,2,0,2
09/17/2017 10:00:00 AM,10,1,9
09/17/2017 11:00:00 AM,5,0,5
09/17/2017 12:00:00 PM,5,0,5
09/17/2017 01:00:00 PM,6,0,6
09/17/2017 02:00:00 PM,3,0,3
09/17/2017 03:00:00 PM,6,1,5
09/17/2017 04:00:00 PM,6,3,3
09/17/2017 05:00:00 PM,8,1,7
09/17/2017 06:00:00 PM,10,2,8
09/17/2017 07:00:00 PM,8,2,6
09/17/2017 08:00:00 PM,8,3,5
09/17/2017 09:00:00 PM,5,1,4
09/17/2017 10:00:00 PM,3,0,3
09/17/2017 11:00:00 PM,0,0,0
09/18/2017 12:00:00 AM,0,0,0
09/18/2017 01:00:00 AM,0,0,0
09/18/2017 02:00:00 AM,0,0,0
09/18/2017 03:00:00 AM,5,5,0
09/18/2017 04:00:00 AM,1,0,1
09/18/2017 05:00:00 AM,2,1,1
09/18/2017 06:00:00 AM,11,0,11
09/18/2017 07:00:00 AM,32,0,32
09/18/2017 08:00:00 AM,29,0,29
09/18/2017 09:00:00 AM,9,0,9
09/18/2017 10:00:00 AM,7,1,6
09/18/2017 11:00:00 AM,8,1,7
09/18/2017 12:00:00 PM,14,0,14
09/18/2017 01:00:00 PM,5,1,4
09/18/2017 02:00:00 PM,12,3,9
09/18/2017 03:00:00 PM,8,0,8
09/18/2017 04:00:00 PM,14,2,12
09/18/2017 05:00:00 PM,24,0,24
09/18/2017 06:00:00 PM,16,2,14
09/18/2017 07:00:00 PM,11,0,11
09/18/2017 08:00:00 PM,4,0,4
09/18/2017 09:00:00 PM,7,0,7
09/18/2017 10:00:00 PM,5,0,5
09/18/2017 11:00:00 PM,1,0,1
09/19/2017 12:00:00 AM,1,0,1
09/19/2017 01:00:00 AM,1,0,1
09/19/2017 02:00:00 AM,0,0,0
09/19/2017 03:00:00 AM,0,0,0
09/19/2017 04:00:00 AM,1,0,1
09/19/2017 05:00:00 AM,2,0,2
09/19/2017 06:00:00 AM,8,0,8
09/19/2017 07:00:00 AM,27,0,27
09/19/2017 08:00:00 AM,31,2,29
09/19/2017 09:00:00 AM,14,0,14
09/19/2017 10:00:00 AM,4,0,4
09/19/2017 11:00:00 AM,4,0,4
09/19/2017 12:00:00 PM,13,3,10
09/19/2017 01:00:00 PM,8,1,7
09/19/2017 02:00:00 PM,6,0,6
09/19/2017 03:00:00 PM,10,2,8
09/19/2017 04:00:00 PM,0,0,0
09/19/2017 05:00:00 PM,1,0,1
09/19/2017 06:00:00 PM,0,0,0
09/19/2017 07:00:00 PM,0,0,0
09/19/2017 08:00:00 PM,0,0,0
09/19/2017 09:00:00 PM,0,0,0
09/19/2017 10:00:00 PM,0,0,0
09/19/2017 11:00:00 PM,0,0,0
09/20/2017 12:00:00 AM,0,0,0
09/20/2017 01:00:00 AM,0,0,0
09/20/2017 02:00:00 AM,0,0,0
09/20/2017 03:00:00 AM,0,0,0
09/20/2017 04:00:00 AM,0,0,0
09/20/2017 05:00:00 AM,0,0,0
09/20/2017 06:00:00 AM,0,0,0
09/20/2017 07:00:00 AM,0,0,0
09/20/2017 08:00:00 AM,0,0,0
09/20/2017 09:00:00 AM,0,0,0
09/20/2017 10:00:00 AM,0,0,0
09/20/2017 11:00:00 AM,0,0,0
09/20/2017 12:00:00 PM,0,0,0
09/20/2017 01:00:00 PM,0,0,0
09/20/2017 02:00:00 PM,0,0,0
09/20/2017 03:00:00 PM,1,0,1
09/20/2017 04:00:00 PM,40,23,17
09/20/2017 05:00:00 PM,56,34,22
09/20/2017 06:00:00 PM,48,17,31
09/20/2017 07:00:00 PM,26,13,13
09/20/2017 08:00:00 PM,17,11,6
09/20/2017 09:00:00 PM,21,12,9
09/20/2017 10:00:00 PM,7,3,4
09/20/2017 11:00:00 PM,7,3,4
09/21/2017 12:00:00 AM,3,1,2
09/21/2017 01:00:00 AM,2,1,1
09/21/2017 02:00:00 AM,0,0,0
09/21/2017 03:00:00 AM,1,0,1
09/21/2017 04:00:00 AM,0,0,0
09/21/2017 05:00:00 AM,5,1,4
09/21/2017 06:00:00 AM,11,0,11
09/21/2017 07:00:00 AM,27,4,23
09/21/2017 08:00:00 AM,44,12,32
09/21/2017 09:00:00 AM,15,3,12
09/21/2017 10:00:00 AM,21,7,14
09/21/2017 11:00:00 AM,13,8,5
09/21/2017 12:00:00 PM,19,6,13
09/21/2017 01:00:00 PM,16,9,7
09/21/2017 02:00:00 PM,18,12,6
09/21/2017 03:00:00 PM,17,10,7
09/21/2017 04:00:00 PM,25,19,6
09/21/2017 05:00:00 PM,40,25,15
09/21/2017 06:00:00 PM,23,11,12
09/21/2017 07:00:00 PM,33,20,13
09/21/2017 08:00:00 PM,16,7,9
09/21/2017 09:00:00 PM,10,2,8
09/21/2017 10:00:00 PM,14,6,8
09/21/2017 11:00:00 PM,8,4,4
09/22/2017 12:00:00 AM,2,0,2
09/22/2017 01:00:00 AM,3,0,3
09/22/2017 02:00:00 AM,1,0,1
09/22/2017 03:00:00 AM,1,0,1
09/22/2017 04:00:00 AM,1,0,1
09/22/2017 05:00:00 AM,3,0,3
09/22/2017 06:00:00 AM,10,1,9
09/22/2017 07:00:00 AM,37,9,28
09/22/2017 08:00:00 AM,34,6,28
09/22/2017 09:00:00 AM,15,8,7
09/22/2017 10:00:00 AM,16,9,7
09/22/2017 11:00:00 AM,15,7,8
09/22/2017 12:00:00 PM,17,7,10
09/22/2017 01:00:00 PM,12,6,6
09/22/2017 02:00:00 PM,20,8,12
09/22/2017 03:00:00 PM,24,15,9
09/22/2017 04:00:00 PM,37,27,10
09/22/2017 05:00:00 PM,41,26,15
09/22/2017 06:00:00 PM,29,13,16
09/22/2017 07:00:00 PM,20,9,11
09/22/2017 08:00:00 PM,12,7,5
09/22/2017 09:00:00 PM,14,10,4
09/22/2017 10:00:00 PM,5,2,3
09/22/2017 11:00:00 PM,8,0,8
09/23/2017 12:00:00 AM,11,4,7
09/23/2017 01:00:00 AM,8,2,6
09/23/2017 02:00:00 AM,9,1,8
09/23/2017 03:00:00 AM,0,0,0
09/23/2017 04:00:00 AM,0,0,0
09/23/2017 05:00:00 AM,4,1,3
09/23/2017 06:00:00 AM,1,0,1
09/23/2017 07:00:00 AM,4,2,2
09/23/2017 08:00:00 AM,8,4,4
09/23/2017 09:00:00 AM,9,5,4
09/23/2017 10:00:00 AM,10,4,6
09/23/2017 11:00:00 AM,7,3,4
09/23/2017 12:00:00 PM,19,6,13
09/23/2017 01:00:00 PM,22,11,11
09/23/2017 02:00:00 PM,16,8,8
09/23/2017 03:00:00 PM,18,13,5
09/23/2017 04:00:00 PM,16,9,7
09/23/2017 05:00:00 PM,16,9,7
09/23/2017 06:00:00 PM,18,9,9
09/23/2017 07:00:00 PM,11,3,8
09/23/2017 08:00:00 PM,6,2,4
09/23/2017 09:00:00 PM,15,12,3
09/23/2017 10:00:00 PM,7,4,3
09/23/2017 11:00:00 PM,6,2,4
09/24/2017 12:00:00 AM,13,3,10
09/24/2017 01:00:00 AM,8,0,8
09/24/2017 02:00:00 AM,8,3,5
09/24/2017 03:00:00 AM,1,0,1
09/24/2017 04:00:00 AM,1,0,1
09/24/2017 05:00:00 AM,2,0,2
09/24/2017 06:00:00 AM,3,0,3
09/24/2017 07:00:00 AM,5,3,2
09/24/2017 08:00:00 AM,5,2,3
09/24/2017 09:00:00 AM,6,3,3
09/24/2017 10:00:00 AM,9,9,0
09/24/2017 11:00:00 AM,15,8,7
09/24/2017 12:00:00 PM,18,10,8
09/24/2017 01:00:00 PM,17,6,11
09/24/2017 02:00:00 PM,22,9,13
09/24/2017 03:00:00 PM,17,7,10
09/24/2017 04:00:00 PM,14,8,6
09/24/2017 05:00:00 PM,20,12,8
09/24/2017 06:00:00 PM,10,3,7
09/24/2017 07:00:00 PM,8,4,4
09/24/2017 08:00:00 PM,10,5,5
09/24/2017 09:00:00 PM,12,9,3
09/24/2017 10:00:00 PM,4,1,3
09/24/2017 11:00:00 PM,3,1,2
09/25/2017 12:00:00 AM,5,3,2
09/25/2017 01:00:00 AM,2,0,2
09/25/2017 02:00:00 AM,0,0,0
09/25/2017 03:00:00 AM,0,0,0
09/25/2017 04:00:00 AM,0,0,0
09/25/2017 05:00:00 AM,7,1,6
09/25/2017 06:00:00 AM,16,3,13
09/25/2017 07:00:00 AM,31,9,22
09/25/2017 08:00:00 AM,40,13,27
09/25/2017 09:00:00 AM,21,7,14
09/25/2017 10:00:00 AM,10,4,6
09/25/2017 11:00:00 AM,13,8,5
09/25/2017 12:00:00 PM,12,7,5
09/25/2017 01:00:00 PM,10,3,7
09/25/2017 02:00:00 PM,15,6,9
09/25/2017 03:00:00 PM,19,12,7
09/25/2017 04:00:00 PM,35,21,14
09/25/2017 05:00:00 PM,53,31,22
09/25/2017 06:00:00 PM,38,13,25
09/25/2017 07:00:00 PM,17,10,7
09/25/2017 08:00:00 PM,18,10,8
09/25/2017 09:00:00 PM,8,5,3
09/25/2017 10:00:00 PM,2,1,1
09/25/2017 11:00:00 PM,6,3,3
09/26/2017 12:00:00 AM,2,1,1
09/26/2017 01:00:00 AM,3,3,0
09/26/2017 02:00:00 AM,0,0,0
09/26/2017 03:00:00 AM,1,1,0
09/26/2017 04:00:00 AM,2,0,2
09/26/2017 05:00:00 AM,10,1,9
09/26/2017 06:00:00 AM,13,3,10
09/26/2017 07:00:00 AM,39,9,30
09/26/2017 08:00:00 AM,42,15,27
09/26/2017 09:00:00 AM,28,6,22
09/26/2017 10:00:00 AM,26,6,20
09/26/2017 11:00:00 AM,24,10,14
09/26/2017 12:00:00 PM,21,6,15
09/26/2017 01:00:00 PM,22,9,13
09/26/2017 02:00:00 PM,15,6,9
09/26/2017 03:00:00 PM,28,17,11
09/26/2017 04:00:00 PM,47,27,20
09/26/2017 05:00:00 PM,76,55,21
09/26/2017 06:00:00 PM,50,29,21
09/26/2017 07:00:00 PM,36,16,20
09/26/2017 08:00:00 PM,17,4,13
09/26/2017 09:00:00 PM,22,9,13
09/26/2017 10:00:00 PM,8,1,7
09/26/2017 11:00:00 PM,8,5,3
09/27/2017 12:00:00 AM,6,2,4
09/27/2017 01:00:00 AM,0,0,0
09/27/2017 02:00:00 AM,0,0,0
09/27/2017 03:00:00 AM,2,2,0
09/27/2017 04:00:00 AM,0,0,0
09/27/2017 05:00:00 AM,8,0,8
09/27/2017 06:00:00 AM,11,1,10
09/27/2017 07:00:00 AM,48,11,37
09/27/2017 08:00:00 AM,49,17,32
09/27/2017 09:00:00 AM,17,9,8
09/27/2017 10:00:00 AM,13,3,10
09/27/2017 11:00:00 AM,11,6,5
09/27/2017 12:00:00 PM,25,14,11
09/27/2017 01:00:00 PM,27,10,17
09/27/2017 02:00:00 PM,23,13,10
09/27/2017 03:00:00 PM,30,17,13
09/27/2017 04:00:00 PM,53,37,16
09/27/2017 05:00:00 PM,73,45,28
09/27/2017 06:00:00 PM,48,24,24
09/27/2017 07:00:00 PM,36,14,22
09/27/2017 08:00:00 PM,25,9,16
09/27/2017 09:00:00 PM,7,3,4
09/27/2017 10:00:00 PM,12,2,10
09/27/2017 11:00:00 PM,2,1,1
09/28/2017 12:00:00 AM,3,2,1
09/28/2017 01:00:00 AM,12,4,8
09/28/2017 02:00:00 AM,21,3,18
09/28/2017 03:00:00 AM,1,1,0
09/28/2017 04:00:00 AM,1,0,1
09/28/2017 05:00:00 AM,9,1,8
09/28/2017 06:00:00 AM,10,0,10
09/28/2017 07:00:00 AM,34,5,29
09/28/2017 08:00:00 AM,43,18,25
09/28/2017 09:00:00 AM,30,13,17
09/28/2017 10:00:00 AM,22,7,15
09/28/2017 11:00:00 AM,22,14,8
09/28/2017 12:00:00 PM,24,11,13
09/28/2017 01:00:00 PM,25,9,16
09/28/2017 02:00:00 PM,27,20,7
09/28/2017 03:00:00 PM,23,12,11
09/28/2017 04:00:00 PM,48,31,17
09/28/2017 05:00:00 PM,62,39,23
09/28/2017 06:00:00 PM,48,19,29
09/28/2017 07:00:00 PM,30,15,15
09/28/2017 08:00:00 PM,12,5,7
09/28/2017 09:00:00 PM,24,11,13
09/28/2017 10:00:00 PM,14,7,7
09/28/2017 11:00:00 PM,8,2,6
09/29/2017 12:00:00 AM,5,1,4
09/29/2017 01:00:00 AM,6,5,1
09/29/2017 02:00:00 AM,8,2,6
09/29/2017 03:00:00 AM,1,0,1
09/29/2017 04:00:00 AM,2,1,1
09/29/2017 05:00:00 AM,5,0,5
09/29/2017 06:00:00 AM,12,0,12
09/29/2017 07:00:00 AM,29,9,20
09/29/2017 08:00:00 AM,33,16,17
09/29/2017 09:00:00 AM,19,8,11
09/29/2017 10:00:00 AM,17,6,11
09/29/2017 11:00:00 AM,12,4,8
09/29/2017 12:00:00 PM,16,5,11
09/29/2017 01:00:00 PM,8,3,5
09/29/2017 02:00:00 PM,13,6,7
09/29/2017 03:00:00 PM,16,8,8
09/29/2017 04:00:00 PM,36,25,11
09/29/2017 05:00:00 PM,37,20,17
09/29/2017 06:00:00 PM,27,13,14
09/29/2017 07:00:00 PM,27,14,13
09/29/2017 08:00:00 PM,16,9,7
09/29/2017 09:00:00 PM,13,7,6
09/29/2017 10:00:00 PM,11,7,4
09/29/2017 11:00:00 PM,1,0,1
09/30/2017 12:00:00 AM,6,2,4
09/30/2017 01:00:00 AM,5,2,3
09/30/2017 02:00:00 AM,2,0,2
09/30/2017 03:00:00 AM,2,1,1
09/30/2017 04:00:00 AM,0,0,0
09/30/2017 05:00:00 AM,2,0,2
09/30/2017 06:00:00 AM,6,1,5
09/30/2017 07:00:00 AM,5,0,5
09/30/2017 08:00:00 AM,3,3,0
09/30/2017 09:00:00 AM,11,7,4
09/30/2017 10:00:00 AM,8,3,5
09/30/2017 11:00:00 AM,11,7,4
09/30/2017 12:00:00 PM,20,15,5
09/30/2017 01:00:00 PM,18,9,9
09/30/2017 02:00:00 PM,13,6,7
09/30/2017 03:00:00 PM,20,9,11
09/30/2017 04:00:00 PM,14,5,9
09/30/2017 05:00:00 PM,12,4,8
09/30/2017 06:00:00 PM,11,6,5
09/30/2017 07:00:00 PM,12,9,3
09/30/2017 08:00:00 PM,5,1,4
09/30/2017 09:00:00 PM,11,3,8
09/30/2017 10:00:00 PM,5,3,2
09/30/2017 11:00:00 PM,6,5,1
10/01/2017 12:00:00 AM,0,0,0
10/01/2017 01:00:00 AM,5,1,4
10/01/2017 02:00:00 AM,10,3,7
10/01/2017 03:00:00 AM,0,0,0
10/01/2017 04:00:00 AM,0,0,0
10/01/2017 05:00:00 AM,3,0,3
10/01/2017 06:00:00 AM,3,0,3
10/01/2017 07:00:00 AM,4,0,4
10/01/2017 08:00:00 AM,3,1,2
10/01/2017 09:00:00 AM,7,4,3
10/01/2017 10:00:00 AM,5,5,0
10/01/2017 11:00:00 AM,12,9,3
10/01/2017 12:00:00 PM,16,7,9
10/01/2017 01:00:00 PM,18,4,14
10/01/2017 02:00:00 PM,16,9,7
10/01/2017 03:00:00 PM,20,8,12
10/01/2017 04:00:00 PM,14,7,7
10/01/2017 05:00:00 PM,22,9,13
10/01/2017 06:00:00 PM,14,3,11
10/01/2017 07:00:00 PM,24,12,12
10/01/2017 08:00:00 PM,10,3,7
10/01/2017 09:00:00 PM,12,5,7
10/01/2017 10:00:00 PM,8,5,3
10/01/2017 11:00:00 PM,7,2,5
10/02/2017 12:00:00 AM,2,1,1
10/02/2017 01:00:00 AM,1,0,1
10/02/2017 02:00:00 AM,0,0,0
10/02/2017 03:00:00 AM,1,1,0
10/02/2017 04:00:00 AM,3,0,3
10/02/2017 05:00:00 AM,6,0,6
10/02/2017 06:00:00 AM,14,2,12
10/02/2017 07:00:00 AM,40,9,31
10/02/2017 08:00:00 AM,38,12,26
10/02/2017 09:00:00 AM,18,9,9
10/02/2017 10:00:00 AM,14,7,7
10/02/2017 11:00:00 AM,16,8,8
10/02/2017 12:00:00 PM,10,4,6
10/02/2017 01:00:00 PM,15,7,8
10/02/2017 02:00:00 PM,12,6,6
10/02/2017 03:00:00 PM,19,10,9
10/02/2017 04:00:00 PM,39,27,12
10/02/2017 05:00:00 PM,50,39,11
10/02/2017 06:00:00 PM,41,17,24
10/02/2017 07:00:00 PM,29,13,16
10/02/2017 08:00:00 PM,18,9,9
10/02/2017 09:00:00 PM,15,9,6
10/02/2017 10:00:00 PM,7,3,4
10/02/2017 11:00:00 PM,7,3,4
10/03/2017 12:00:00 AM,2,1,1
10/03/2017 01:00:00 AM,1,0,1
10/03/2017 02:00:00 AM,1,0,1
10/03/2017 03:00:00 AM,0,0,0
10/03/2017 04:00:00 AM,2,0,2
10/03/2017 05:00:00 AM,6,0,6
10/03/2017 06:00:00 AM,21,3,18
10/03/2017 07:00:00 AM,39,6,33
10/03/2017 08:00:00 AM,43,15,28
10/03/2017 09:00:00 AM,27,9,18
10/03/2017 10:00:00 AM,21,13,8
10/03/2017 11:00:00 AM,13,6,7
10/03/2017 12:00:00 PM,25,14,11
10/03/2017 01:00:00 PM,28,16,12
10/03/2017 02:00:00 PM,25,13,12
10/03/2017 03:00:00 PM,23,10,13
10/03/2017 04:00:00 PM,33,19,14
10/03/2017 05:00:00 PM,60,37,23
10/03/2017 06:00:00 PM,36,24,12
10/03/2017 07:00:00 PM,26,14,12
10/03/2017 08:00:00 PM,28,17,11
10/03/2017 09:00:00 PM,12,6,6
10/03/2017 10:00:00 PM,11,4,7
10/03/2017 11:00:00 PM,5,2,3
10/04/2017 12:00:00 AM,4,3,1
10/04/2017 01:00:00 AM,1,0,1
10/04/2017 02:00:00 AM,2,1,1
10/04/2017 03:00:00 AM,0,0,0
10/04/2017 04:00:00 AM,1,0,1
10/04/2017 05:00:00 AM,5,1,4
10/04/2017 06:00:00 AM,15,3,12
10/04/2017 07:00:00 AM,39,10,29
10/04/2017 08:00:00 AM,41,11,30
10/04/2017 09:00:00 AM,21,4,17
10/04/2017 10:00:00 AM,15,8,7
10/04/2017 11:00:00 AM,14,3,11
10/04/2017 12:00:00 PM,31,13,18
10/04/2017 01:00:00 PM,17,9,8
10/04/2017 02:00:00 PM,25,12,13
10/04/2017 03:00:00 PM,30,17,13
10/04/2017 04:00:00 PM,35,28,7
10/04/2017 05:00:00 PM,67,38,29
10/04/2017 06:00:00 PM,44,24,20
10/04/2017 07:00:00 PM,23,11,12
10/04/2017 08:00:00 PM,27,8,19
10/04/2017 09:00:00 PM,11,3,8
10/04/2017 10:00:00 PM,6,3,3
10/04/2017 11:00:00 PM,1,1,0
10/05/2017 12:00:00 AM,2,2,0
10/05/2017 01:00:00 AM,0,0,0
10/05/2017 02:00:00 AM,0,0,0
10/05/2017 03:00:00 AM,1,0,1
10/05/2017 04:00:00 AM,0,0,0
10/05/2017 05:00:00 AM,7,0,7
10/05/2017 06:00:00 AM,18,5,13
10/05/2017 07:00:00 AM,34,5,29
10/05/2017 08:00:00 AM,43,18,25
10/05/2017 09:00:00 AM,31,12,19
10/05/2017 10:00:00 AM,18,7,11
10/05/2017 11:00:00 AM,23,7,16
10/05/2017 12:00:00 PM,23,10,13
10/05/2017 01:00:00 PM,15,8,7
10/05/2017 02:00:00 PM,19,10,9
10/05/2017 03:00:00 PM,23,12,11
10/05/2017 04:00:00 PM,42,27,15
10/05/2017 05:00:00 PM,63,36,27
10/05/2017 06:00:00 PM,45,24,21
10/05/2017 07:00:00 PM,22,13,9
10/05/2017 08:00:00 PM,21,11,10
10/05/2017 09:00:00 PM,14,5,9
10/05/2017 10:00:00 PM,11,5,6
10/05/2017 11:00:00 PM,11,3,8
10/06/2017 12:00:00 AM,3,2,1
10/06/2017 01:00:00 AM,4,1,3
10/06/2017 02:00:00 AM,1,0,1
10/06/2017 03:00:00 AM,0,0,0
10/06/2017 04:00:00 AM,2,0,2
10/06/2017 05:00:00 AM,4,0,4
10/06/2017 06:00:00 AM,16,2,14
10/06/2017 07:00:00 AM,33,9,24
10/06/2017 08:00:00 AM,39,14,25
10/06/2017 09:00:00 AM,17,5,12
10/06/2017 10:00:00 AM,10,4,6
10/06/2017 11:00:00 AM,10,5,5
10/06/2017 12:00:00 PM,19,6,13
10/06/2017 01:00:00 PM,20,11,9
10/06/2017 02:00:00 PM,13,4,9
10/06/2017 03:00:00 PM,35,16,19
10/06/2017 04:00:00 PM,33,21,12
10/06/2017 05:00:00 PM,56,26,30
10/06/2017 06:00:00 PM,24,13,11
10/06/2017 07:00:00 PM,13,9,4
10/06/2017 08:00:00 PM,14,7,7
10/06/2017 09:00:00 PM,6,2,4
10/06/2017 10:00:00 PM,12,6,6
10/06/2017 11:00:00 PM,7,4,3
10/07/2017 12:00:00 AM,4,4,0
10/07/2017 01:00:00 AM,4,3,1
10/07/2017 02:00:00 AM,0,0,0
10/07/2017 03:00:00 AM,0,0,0
10/07/2017 04:00:00 AM,3,1,2
10/07/2017 05:00:00 AM,1,0,1
10/07/2017 06:00:00 AM,8,2,6
10/07/2017 07:00:00 AM,9,5,4
10/07/2017 08:00:00 AM,4,3,1
10/07/2017 09:00:00 AM,13,3,10
10/07/2017 10:00:00 AM,15,9,6
10/07/2017 11:00:00 AM,14,8,6
10/07/2017 12:00:00 PM,17,8,9
10/07/2017 01:00:00 PM,15,4,11
10/07/2017 02:00:00 PM,23,14,9
10/07/2017 03:00:00 PM,17,7,10
10/07/2017 04:00:00 PM,22,18,4
10/07/2017 05:00:00 PM,14,8,6
10/07/2017 06:00:00 PM,12,7,5
10/07/2017 07:00:00 PM,14,8,6
10/07/2017 08:00:00 PM,14,4,10
10/07/2017 09:00:00 PM,11,5,6
10/07/2017 10:00:00 PM,7,2,5
10/07/2017 11:00:00 PM,2,2,0
10/08/2017 12:00:00 AM,4,1,3
10/08/2017 01:00:00 AM,0,0,0
10/08/2017 02:00:00 AM,4,0,4
10/08/2017 03:00:00 AM,0,0,0
10/08/2017 04:00:00 AM,1,0,1
10/08/2017 05:00:00 AM,0,0,0
10/08/2017 06:00:00 AM,5,0,5
10/08/2017 07:00:00 AM,4,1,3
10/08/2017 08:00:00 AM,2,1,1
10/08/2017 09:00:00 AM,9,8,1
10/08/2017 10:00:00 AM,8,4,4
10/08/2017 11:00:00 AM,4,3,1
10/08/2017 12:00:00 PM,12,6,6
10/08/2017 01:00:00 PM,14,8,6
10/08/2017 02:00:00 PM,14,8,6
10/08/2017 03:00:00 PM,11,6,5
10/08/2017 04:00:00 PM,17,8,9
10/08/2017 05:00:00 PM,19,9,10
10/08/2017 06:00:00 PM,17,6,11
10/08/2017 07:00:00 PM,11,5,6
10/08/2017 08:00:00 PM,5,1,4
10/08/2017 09:00:00 PM,6,3,3
10/08/2017 10:00:00 PM,4,2,2
10/08/2017 11:00:00 PM,2,2,0
10/09/2017 12:00:00 AM,3,1,2
10/09/2017 01:00:00 AM,0,0,0
10/09/2017 02:00:00 AM,1,0,1
10/09/2017 03:00:00 AM,1,1,0
10/09/2017 04:00:00 AM,3,0,3
10/09/2017 05:00:00 AM,4,0,4
10/09/2017 06:00:00 AM,18,0,18
10/09/2017 07:00:00 AM,37,3,34
10/09/2017 08:00:00 AM,39,14,25
10/09/2017 09:00:00 AM,20,7,13
10/09/2017 10:00:00 AM,18,7,11
10/09/2017 11:00:00 AM,8,2,6
10/09/2017 12:00:00 PM,14,3,11
10/09/2017 01:00:00 PM,14,7,7
10/09/2017 02:00:00 PM,21,13,8
10/09/2017 03:00:00 PM,19,12,7
10/09/2017 04:00:00 PM,30,18,12
10/09/2017 05:00:00 PM,51,37,14
10/09/2017 06:00:00 PM,33,17,16
10/09/2017 07:00:00 PM,21,12,9
10/09/2017 08:00:00 PM,19,11,8
10/09/2017 09:00:00 PM,11,4,7
10/09/2017 10:00:00 PM,10,4,6
10/09/2017 11:00:00 PM,4,1,3
10/10/2017 12:00:00 AM,1,0,1
10/10/2017 01:00:00 AM,2,2,0
10/10/2017 02:00:00 AM,0,0,0
10/10/2017 03:00:00 AM,1,0,1
10/10/2017 04:00:00 AM,2,1,1
10/10/2017 05:00:00 AM,6,0,6
10/10/2017 06:00:00 AM,17,1,16
10/10/2017 07:00:00 AM,42,7,35
10/10/2017 08:00:00 AM,40,13,27
10/10/2017 09:00:00 AM,17,8,9
10/10/2017 10:00:00 AM,13,4,9
10/10/2017 11:00:00 AM,16,7,9
10/10/2017 12:00:00 PM,16,6,10
10/10/2017 01:00:00 PM,18,7,11
10/10/2017 02:00:00 PM,19,8,11
10/10/2017 03:00:00 PM,15,8,7
10/10/2017 04:00:00 PM,44,29,15
10/10/2017 05:00:00 PM,50,33,17
10/10/2017 06:00:00 PM,39,20,19
10/10/2017 07:00:00 PM,37,20,17
10/10/2017 08:00:00 PM,25,10,15
10/10/2017 09:00:00 PM,19,4,15
10/10/2017 10:00:00 PM,5,1,4
10/10/2017 11:00:00 PM,7,5,2
10/11/2017 12:00:00 AM,4,2,2
10/11/2017 01:00:00 AM,0,0,0
10/11/2017 02:00:00 AM,1,1,0
10/11/2017 03:00:00 AM,0,0,0
10/11/2017 04:00:00 AM,1,0,1
10/11/2017 05:00:00 AM,4,1,3
10/11/2017 06:00:00 AM,17,3,14
10/11/2017 07:00:00 AM,25,7,18
10/11/2017 08:00:00 AM,30,8,22
10/11/2017 09:00:00 AM,18,5,13
10/11/2017 10:00:00 AM,10,3,7
10/11/2017 11:00:00 AM,15,10,5
10/11/2017 12:00:00 PM,25,10,15
10/11/2017 01:00:00 PM,20,16,4
10/11/2017 02:00:00 PM,19,6,13
10/11/2017 03:00:00 PM,18,5,13
10/11/2017 04:00:00 PM,40,23,17
10/11/2017 05:00:00 PM,50,37,13
10/11/2017 06:00:00 PM,39,19,20
10/11/2017 07:00:00 PM,21,5,16
10/11/2017 08:00:00 PM,15,5,10
10/11/2017 09:00:00 PM,13,7,6
10/11/2017 10:00:00 PM,3,0,3
10/11/2017 11:00:00 PM,4,2,2
10/12/2017 12:00:00 AM,1,0,1
10/12/2017 01:00:00 AM,0,0,0
10/12/2017 02:00:00 AM,1,1,0
10/12/2017 03:00:00 AM,2,2,0
10/12/2017 04:00:00 AM,2,0,2
10/12/2017 05:00:00 AM,6,0,6
10/12/2017 06:00:00 AM,14,4,10
10/12/2017 07:00:00 AM,20,4,16
10/12/2017 08:00:00 AM,25,9,16
10/12/2017 09:00:00 AM,20,5,15
10/12/2017 10:00:00 AM,8,4,4
10/12/2017 11:00:00 AM,14,6,8
10/12/2017 12:00:00 PM,11,6,5
10/12/2017 01:00:00 PM,6,1,5
10/12/2017 02:00:00 PM,12,5,7
10/12/2017 03:00:00 PM,15,9,6
10/12/2017 04:00:00 PM,29,20,9
10/12/2017 05:00:00 PM,40,27,13
10/12/2017 06:00:00 PM,31,12,19
10/12/2017 07:00:00 PM,24,14,10
10/12/2017 08:00:00 PM,11,8,3
10/12/2017 09:00:00 PM,3,1,2
10/12/2017 10:00:00 PM,11,6,5
10/12/2017 11:00:00 PM,3,2,1
10/13/2017 12:00:00 AM,4,1,3
10/13/2017 01:00:00 AM,0,0,0
10/13/2017 02:00:00 AM,0,0,0
10/13/2017 03:00:00 AM,1,0,1
10/13/2017 04:00:00 AM,2,0,2
10/13/2017 05:00:00 AM,5,0,5
10/13/2017 06:00:00 AM,11,1,10
10/13/2017 07:00:00 AM,28,5,23
10/13/2017 08:00:00 AM,26,9,17
10/13/2017 09:00:00 AM,13,4,9
10/13/2017 10:00:00 AM,13,6,7
10/13/2017 11:00:00 AM,12,7,5
10/13/2017 12:00:00 PM,12,4,8
10/13/2017 01:00:00 PM,18,12,6
10/13/2017 02:00:00 PM,12,6,6
10/13/2017 03:00:00 PM,16,9,7
10/13/2017 04:00:00 PM,24,16,8
10/13/2017 05:00:00 PM,38,19,19
10/13/2017 06:00:00 PM,26,7,19
10/13/2017 07:00:00 PM,11,6,5
10/13/2017 08:00:00 PM,7,1,6
10/13/2017 09:00:00 PM,8,3,5
10/13/2017 10:00:00 PM,5,4,1
10/13/2017 11:00:00 PM,4,2,2
10/14/2017 12:00:00 AM,4,2,2
10/14/2017 01:00:00 AM,3,0,3
10/14/2017 02:00:00 AM,6,3,3
10/14/2017 03:00:00 AM,0,0,0
10/14/2017 04:00:00 AM,1,0,1
10/14/2017 05:00:00 AM,0,0,0
10/14/2017 06:00:00 AM,8,2,6
10/14/2017 07:00:00 AM,8,4,4
10/14/2017 08:00:00 AM,6,3,3
10/14/2017 09:00:00 AM,9,3,6
10/14/2017 10:00:00 AM,7,3,4
10/14/2017 11:00:00 AM,11,8,3
10/14/2017 12:00:00 PM,11,3,8
10/14/2017 01:00:00 PM,12,4,8
10/14/2017 02:00:00 PM,22,10,12
10/14/2017 03:00:00 PM,20,10,10
10/14/2017 04:00:00 PM,15,8,7
10/14/2017 05:00:00 PM,18,10,8
10/14/2017 06:00:00 PM,18,9,9
10/14/2017 07:00:00 PM,23,14,9
10/14/2017 08:00:00 PM,13,4,9
10/14/2017 09:00:00 PM,8,3,5
10/14/2017 10:00:00 PM,6,2,4
10/14/2017 11:00:00 PM,10,4,6
10/15/2017 12:00:00 AM,5,0,5
10/15/2017 01:00:00 AM,13,2,11
10/15/2017 02:00:00 AM,4,0,4
10/15/2017 03:00:00 AM,0,0,0
10/15/2017 04:00:00 AM,1,0,1
10/15/2017 05:00:00 AM,1,0,1
10/15/2017 06:00:00 AM,8,2,6
10/15/2017 07:00:00 AM,5,1,4
10/15/2017 08:00:00 AM,2,1,1
10/15/2017 09:00:00 AM,10,6,4
10/15/2017 10:00:00 AM,0,0,0
10/15/2017 11:00:00 AM,17,6,11
10/15/2017 12:00:00 PM,10,5,5
10/15/2017 01:00:00 PM,19,4,15
10/15/2017 02:00:00 PM,10,3,7
10/15/2017 03:00:00 PM,19,11,8
10/15/2017 04:00:00 PM,17,7,10
10/15/2017 05:00:00 PM,21,7,14
10/15/2017 06:00:00 PM,19,7,12
10/15/2017 07:00:00 PM,5,3,2
10/15/2017 08:00:00 PM,5,2,3
10/15/2017 09:00:00 PM,5,1,4
10/15/2017 10:00:00 PM,3,0,3
10/15/2017 11:00:00 PM,5,3,2
10/16/2017 12:00:00 AM,2,1,1
10/16/2017 01:00:00 AM,0,0,0
10/16/2017 02:00:00 AM,1,0,1
10/16/2017 03:00:00 AM,0,0,0
10/16/2017 04:00:00 AM,1,0,1
10/16/2017 05:00:00 AM,5,0,5
10/16/2017 06:00:00 AM,11,2,9
10/16/2017 07:00:00 AM,38,7,31
10/16/2017 08:00:00 AM,43,12,31
10/16/2017 09:00:00 AM,12,5,7
10/16/2017 10:00:00 AM,12,3,9
10/16/2017 11:00:00 AM,9,3,6
10/16/2017 12:00:00 PM,11,6,5
10/16/2017 01:00:00 PM,12,6,6
10/16/2017 02:00:00 PM,18,10,8
10/16/2017 03:00:00 PM,23,15,8
10/16/2017 04:00:00 PM,28,22,6
10/16/2017 05:00:00 PM,60,36,24
10/16/2017 06:00:00 PM,45,23,22
10/16/2017 07:00:00 PM,23,8,15
10/16/2017 08:00:00 PM,16,6,10
10/16/2017 09:00:00 PM,13,6,7
10/16/2017 10:00:00 PM,6,2,4
10/16/2017 11:00:00 PM,5,1,4
10/17/2017 12:00:00 AM,2,1,1
10/17/2017 01:00:00 AM,1,0,1
10/17/2017 02:00:00 AM,0,0,0
10/17/2017 03:00:00 AM,0,0,0
10/17/2017 04:00:00 AM,1,0,1
10/17/2017 05:00:00 AM,5,1,4
10/17/2017 06:00:00 AM,16,2,14
10/17/2017 07:00:00 AM,25,3,22
10/17/2017 08:00:00 AM,40,9,31
10/17/2017 09:00:00 AM,19,6,13
10/17/2017 10:00:00 AM,14,5,9
10/17/2017 11:00:00 AM,10,8,2
10/17/2017 12:00:00 PM,11,6,5
10/17/2017 01:00:00 PM,17,8,9
10/17/2017 02:00:00 PM,18,9,9
10/17/2017 03:00:00 PM,18,11,7
10/17/2017 04:00:00 PM,28,18,10
10/17/2017 05:00:00 PM,56,38,18
10/17/2017 06:00:00 PM,44,20,24
10/17/2017 07:00:00 PM,26,10,16
10/17/2017 08:00:00 PM,17,11,6
10/17/2017 09:00:00 PM,19,5,14
10/17/2017 10:00:00 PM,2,1,1
10/17/2017 11:00:00 PM,2,0,2
10/18/2017 12:00:00 AM,2,0,2
10/18/2017 01:00:00 AM,1,1,0
10/18/2017 02:00:00 AM,0,0,0
10/18/2017 03:00:00 AM,0,0,0
10/18/2017 04:00:00 AM,0,0,0
10/18/2017 05:00:00 AM,3,1,2
10/18/2017 06:00:00 AM,9,1,8
10/18/2017 07:00:00 AM,35,6,29
10/18/2017 08:00:00 AM,25,9,16
10/18/2017 09:00:00 AM,18,5,13
10/18/2017 10:00:00 AM,9,3,6
10/18/2017 11:00:00 AM,9,6,3
10/18/2017 12:00:00 PM,11,5,6
10/18/2017 01:00:00 PM,11,4,7
10/18/2017 02:00:00 PM,10,6,4
10/18/2017 03:00:00 PM,26,15,11
10/18/2017 04:00:00 PM,24,15,9
10/18/2017 05:00:00 PM,30,17,13
10/18/2017 06:00:00 PM,19,13,6
10/18/2017 07:00:00 PM,22,11,11
10/18/2017 08:00:00 PM,13,5,8
10/18/2017 09:00:00 PM,9,4,5
10/18/2017 10:00:00 PM,4,2,2
10/18/2017 11:00:00 PM,3,3,0
10/19/2017 12:00:00 AM,2,1,1
10/19/2017 01:00:00 AM,0,0,0
10/19/2017 02:00:00 AM,0,0,0
10/19/2017 03:00:00 AM,0,0,0
10/19/2017 04:00:00 AM,3,0,3
10/19/2017 05:00:00 AM,6,0,6
10/19/2017 06:00:00 AM,9,2,7
10/19/2017 07:00:00 AM,20,0,20
10/19/2017 08:00:00 AM,23,6,17
10/19/2017 09:00:00 AM,11,4,7
10/19/2017 10:00:00 AM,10,4,6
10/19/2017 11:00:00 AM,9,4,5
10/19/2017 12:00:00 PM,5,2,3
10/19/2017 01:00:00 PM,8,1,7
10/19/2017 02:00:00 PM,8,1,7
10/19/2017 03:00:00 PM,14,10,4
10/19/2017 04:00:00 PM,27,16,11
10/19/2017 05:00:00 PM,35,25,10
10/19/2017 06:00:00 PM,23,14,9
10/19/2017 07:00:00 PM,15,9,6
10/19/2017 08:00:00 PM,12,5,7
10/19/2017 09:00:00 PM,7,1,6
10/19/2017 10:00:00 PM,4,2,2
10/19/2017 11:00:00 PM,4,0,4
10/20/2017 12:00:00 AM,6,3,3
10/20/2017 01:00:00 AM,0,0,0
10/20/2017 02:00:00 AM,3,0,3
10/20/2017 03:00:00 AM,0,0,0
10/20/2017 04:00:00 AM,1,0,1
10/20/2017 05:00:00 AM,5,1,4
10/20/2017 06:00:00 AM,10,1,9
10/20/2017 07:00:00 AM,21,1,20
10/20/2017 08:00:00 AM,31,5,26
10/20/2017 09:00:00 AM,12,4,8
10/20/2017 10:00:00 AM,11,5,6
10/20/2017 11:00:00 AM,5,2,3
10/20/2017 12:00:00 PM,15,9,6
10/20/2017 01:00:00 PM,12,4,8
10/20/2017 02:00:00 PM,14,7,7
10/20/2017 03:00:00 PM,21,11,10
10/20/2017 04:00:00 PM,39,23,16
10/20/2017 05:00:00 PM,35,21,14
10/20/2017 06:00:00 PM,31,10,21
10/20/2017 07:00:00 PM,10,5,5
10/20/2017 08:00:00 PM,12,3,9
10/20/2017 09:00:00 PM,7,0,7
10/20/2017 10:00:00 PM,6,1,5
10/20/2017 11:00:00 PM,11,7,4
10/21/2017 12:00:00 AM,5,3,2
10/21/2017 01:00:00 AM,5,0,5
10/21/2017 02:00:00 AM,0,0,0
10/21/2017 03:00:00 AM,0,0,0
10/21/2017 04:00:00 AM,0,0,0
10/21/2017 05:00:00 AM,0,0,0
10/21/2017 06:00:00 AM,6,1,5
10/21/2017 07:00:00 AM,4,2,2
10/21/2017 08:00:00 AM,4,3,1
10/21/2017 09:00:00 AM,3,1,2
10/21/2017 10:00:00 AM,9,6,3
10/21/2017 11:00:00 AM,7,5,2
10/21/2017 12:00:00 PM,7,3,4
10/21/2017 01:00:00 PM,9,4,5
10/21/2017 02:00:00 PM,16,9,7
10/21/2017 03:00:00 PM,8,4,4
10/21/2017 04:00:00 PM,7,4,3
10/21/2017 05:00:00 PM,8,3,5
10/21/2017 06:00:00 PM,7,5,2
10/21/2017 07:00:00 PM,7,5,2
10/21/2017 08:00:00 PM,6,3,3
10/21/2017 09:00:00 PM,3,1,2
10/21/2017 10:00:00 PM,5,2,3
10/21/2017 11:00:00 PM,2,0,2
10/22/2017 12:00:00 AM,3,3,0
10/22/2017 01:00:00 AM,2,2,0
10/22/2017 02:00:00 AM,5,2,3
10/22/2017 03:00:00 AM,0,0,0
10/22/2017 04:00:00 AM,0,0,0
10/22/2017 05:00:00 AM,0,0,0
10/22/2017 06:00:00 AM,5,0,5
10/22/2017 07:00:00 AM,1,0,1
10/22/2017 08:00:00 AM,2,1,1
10/22/2017 09:00:00 AM,4,2,2
10/22/2017 10:00:00 AM,13,8,5
10/22/2017 11:00:00 AM,17,6,11
10/22/2017 12:00:00 PM,22,11,11
10/22/2017 01:00:00 PM,14,10,4
10/22/2017 02:00:00 PM,14,5,9
10/22/2017 03:00:00 PM,19,11,8
10/22/2017 04:00:00 PM,16,11,5
10/22/2017 05:00:00 PM,15,10,5
10/22/2017 06:00:00 PM,23,9,14
10/22/2017 07:00:00 PM,5,3,2
10/22/2017 08:00:00 PM,11,4,7
10/22/2017 09:00:00 PM,4,1,3
10/22/2017 10:00:00 PM,1,1,0
10/22/2017 11:00:00 PM,2,1,1
10/23/2017 12:00:00 AM,3,1,2
10/23/2017 01:00:00 AM,0,0,0
10/23/2017 02:00:00 AM,0,0,0
10/23/2017 03:00:00 AM,0,0,0
10/23/2017 04:00:00 AM,0,0,0
10/23/2017 05:00:00 AM,3,0,3
10/23/2017 06:00:00 AM,12,1,11
10/23/2017 07:00:00 AM,28,1,27
10/23/2017 08:00:00 AM,31,10,21
10/23/2017 09:00:00 AM,14,3,11
10/23/2017 10:00:00 AM,12,5,7
10/23/2017 11:00:00 AM,6,1,5
10/23/2017 12:00:00 PM,17,9,8
10/23/2017 01:00:00 PM,14,9,5
10/23/2017 02:00:00 PM,20,10,10
10/23/2017 03:00:00 PM,23,16,7
10/23/2017 04:00:00 PM,37,24,13
10/23/2017 05:00:00 PM,55,34,21
10/23/2017 06:00:00 PM,37,16,21
10/23/2017 07:00:00 PM,22,14,8
10/23/2017 08:00:00 PM,15,5,10
10/23/2017 09:00:00 PM,15,7,8
10/23/2017 10:00:00 PM,5,4,1
10/23/2017 11:00:00 PM,9,5,4
10/24/2017 12:00:00 AM,0,0,0
10/24/2017 01:00:00 AM,1,0,1
10/24/2017 02:00:00 AM,1,0,1
10/24/2017 03:00:00 AM,0,0,0
10/24/2017 04:00:00 AM,1,0,1
10/24/2017 05:00:00 AM,9,1,8
10/24/2017 06:00:00 AM,15,3,12
10/24/2017 07:00:00 AM,23,3,20
10/24/2017 08:00:00 AM,48,15,33
10/24/2017 09:00:00 AM,24,7,17
10/24/2017 10:00:00 AM,25,14,11
10/24/2017 11:00:00 AM,10,5,5
10/24/2017 12:00:00 PM,16,5,11
10/24/2017 01:00:00 PM,24,11,13
10/24/2017 02:00:00 PM,19,11,8
10/24/2017 03:00:00 PM,21,12,9
10/24/2017 04:00:00 PM,47,29,18
10/24/2017 05:00:00 PM,70,41,29
10/24/2017 06:00:00 PM,56,30,26
10/24/2017 07:00:00 PM,30,19,11
10/24/2017 08:00:00 PM,22,13,9
10/24/2017 09:00:00 PM,13,3,10
10/24/2017 10:00:00 PM,6,4,2
10/24/2017 11:00:00 PM,5,2,3
10/25/2017 12:00:00 AM,2,2,0
10/25/2017 01:00:00 AM,4,2,2
10/25/2017 02:00:00 AM,1,1,0
10/25/2017 03:00:00 AM,0,0,0
10/25/2017 04:00:00 AM,2,0,2
10/25/2017 05:00:00 AM,6,0,6
10/25/2017 06:00:00 AM,15,0,15
10/25/2017 07:00:00 AM,39,6,33
10/25/2017 08:00:00 AM,33,7,26
10/25/2017 09:00:00 AM,19,4,15
10/25/2017 10:00:00 AM,8,5,3
10/25/2017 11:00:00 AM,23,12,11
10/25/2017 12:00:00 PM,17,10,7
10/25/2017 01:00:00 PM,19,8,11
10/25/2017 02:00:00 PM,20,9,11
10/25/2017 03:00:00 PM,30,15,15
10/25/2017 04:00:00 PM,31,26,5
10/25/2017 05:00:00 PM,71,48,23
10/25/2017 06:00:00 PM,41,19,22
10/25/2017 07:00:00 PM,20,9,11
10/25/2017 08:00:00 PM,16,7,9
10/25/2017 09:00:00 PM,11,5,6
10/25/2017 10:00:00 PM,6,4,2
10/25/2017 11:00:00 PM,3,2,1
10/26/2017 12:00:00 AM,2,2,0
10/26/2017 01:00:00 AM,3,1,2
10/26/2017 02:00:00 AM,0,0,0
10/26/2017 03:00:00 AM,0,0,0
10/26/2017 04:00:00 AM,3,0,3
10/26/2017 05:00:00 AM,10,0,10
10/26/2017 06:00:00 AM,14,3,11
10/26/2017 07:00:00 AM,34,4,30
10/26/2017 08:00:00 AM,36,9,27
10/26/2017 09:00:00 AM,18,7,11
10/26/2017 10:00:00 AM,15,4,11
10/26/2017 11:00:00 AM,22,10,12
10/26/2017 12:00:00 PM,18,11,7
10/26/2017 01:00:00 PM,11,4,7
10/26/2017 02:00:00 PM,18,11,7
10/26/2017 03:00:00 PM,28,14,14
10/26/2017 04:00:00 PM,31,19,12
10/26/2017 05:00:00 PM,66,35,31
10/26/2017 06:00:00 PM,35,22,13
10/26/2017 07:00:00 PM,30,16,14
10/26/2017 08:00:00 PM,21,15,6
10/26/2017 09:00:00 PM,12,4,8
10/26/2017 10:00:00 PM,11,5,6
10/26/2017 11:00:00 PM,9,6,3
10/27/2017 12:00:00 AM,6,3,3
10/27/2017 01:00:00 AM,0,0,0
10/27/2017 02:00:00 AM,4,0,4
10/27/2017 03:00:00 AM,1,0,1
10/27/2017 04:00:00 AM,2,0,2
10/27/2017 05:00:00 AM,5,0,5
10/27/2017 06:00:00 AM,12,1,11
10/27/2017 07:00:00 AM,29,5,24
10/27/2017 08:00:00 AM,38,10,28
10/27/2017 09:00:00 AM,18,7,11
10/27/2017 10:00:00 AM,19,8,11
10/27/2017 11:00:00 AM,14,7,7
10/27/2017 12:00:00 PM,20,12,8
10/27/2017 01:00:00 PM,22,9,13
10/27/2017 02:00:00 PM,28,9,19
10/27/2017 03:00:00 PM,22,13,9
10/27/2017 04:00:00 PM,26,17,9
10/27/2017 05:00:00 PM,55,28,27
10/27/2017 06:00:00 PM,28,15,13
10/27/2017 07:00:00 PM,16,9,7
10/27/2017 08:00:00 PM,6,3,3
10/27/2017 09:00:00 PM,5,1,4
10/27/2017 10:00:00 PM,7,1,6
10/27/2017 11:00:00 PM,4,1,3
10/28/2017 12:00:00 AM,7,3,4
10/28/2017 01:00:00 AM,0,0,0
10/28/2017 02:00:00 AM,2,0,2
10/28/2017 03:00:00 AM,1,1,0
10/28/2017 04:00:00 AM,0,0,0
10/28/2017 05:00:00 AM,0,0,0
10/28/2017 06:00:00 AM,4,0,4
10/28/2017 07:00:00 AM,7,1,6
10/28/2017 08:00:00 AM,9,3,6
10/28/2017 09:00:00 AM,17,7,10
10/28/2017 10:00:00 AM,11,7,4
10/28/2017 11:00:00 AM,20,7,13
10/28/2017 12:00:00 PM,11,7,4
10/28/2017 01:00:00 PM,8,5,3
10/28/2017 02:00:00 PM,16,8,8
10/28/2017 03:00:00 PM,15,6,9
10/28/2017 04:00:00 PM,23,12,11
10/28/2017 05:00:00 PM,18,8,10
10/28/2017 06:00:00 PM,20,12,8
10/28/2017 07:00:00 PM,24,12,12
10/28/2017 08:00:00 PM,9,4,5
10/28/2017 09:00:00 PM,14,7,7
10/28/2017 10:00:00 PM,10,7,3
10/28/2017 11:00:00 PM,4,2,2
10/29/2017 12:00:00 AM,7,1,6
10/29/2017 01:00:00 AM,17,10,7
10/29/2017 02:00:00 AM,11,1,10
10/29/2017 03:00:00 AM,1,0,1
10/29/2017 04:00:00 AM,1,0,1
10/29/2017 05:00:00 AM,1,0,1
10/29/2017 06:00:00 AM,3,1,2
10/29/2017 07:00:00 AM,5,3,2
10/29/2017 08:00:00 AM,0,0,0
10/29/2017 09:00:00 AM,8,3,5
10/29/2017 10:00:00 AM,7,4,3
10/29/2017 11:00:00 AM,9,6,3
10/29/2017 12:00:00 PM,10,4,6
10/29/2017 01:00:00 PM,11,5,6
10/29/2017 02:00:00 PM,22,12,10
10/29/2017 03:00:00 PM,15,7,8
10/29/2017 04:00:00 PM,23,13,10
10/29/2017 05:00:00 PM,15,7,8
10/29/2017 06:00:00 PM,17,5,12
10/29/2017 07:00:00 PM,6,5,1
10/29/2017 08:00:00 PM,10,3,7
10/29/2017 09:00:00 PM,7,2,5
10/29/2017 10:00:00 PM,4,2,2
10/29/2017 11:00:00 PM,1,1,0
10/30/2017 12:00:00 AM,1,0,1
10/30/2017 01:00:00 AM,1,0,1
10/30/2017 02:00:00 AM,0,0,0
10/30/2017 03:00:00 AM,0,0,0
10/30/2017 04:00:00 AM,3,0,3
10/30/2017 05:00:00 AM,6,0,6
10/30/2017 06:00:00 AM,13,0,13
10/30/2017 07:00:00 AM,27,3,24
10/30/2017 08:00:00 AM,40,13,27
10/30/2017 09:00:00 AM,24,6,18
10/30/2017 10:00:00 AM,12,4,8
10/30/2017 11:00:00 AM,11,7,4
10/30/2017 12:00:00 PM,10,8,2
10/30/2017 01:00:00 PM,15,3,12
10/30/2017 02:00:00 PM,17,10,7
10/30/2017 03:00:00 PM,24,16,8
10/30/2017 04:00:00 PM,40,25,15
10/30/2017 05:00:00 PM,59,38,21
10/30/2017 06:00:00 PM,39,21,18
10/30/2017 07:00:00 PM,22,8,14
10/30/2017 08:00:00 PM,13,8,5
10/30/2017 09:00:00 PM,11,5,6
10/30/2017 10:00:00 PM,6,2,4
10/30/2017 11:00:00 PM,4,2,2
10/31/2017 12:00:00 AM,4,1,3
10/31/2017 01:00:00 AM,0,0,0
10/31/2017 02:00:00 AM,0,0,0
10/31/2017 03:00:00 AM,0,0,0
10/31/2017 04:00:00 AM,2,0,2
10/31/2017 05:00:00 AM,6,1,5
10/31/2017 06:00:00 AM,13,1,12
10/31/2017 07:00:00 AM,38,5,33
10/31/2017 08:00:00 AM,43,10,33
10/31/2017 09:00:00 AM,28,6,22
10/31/2017 10:00:00 AM,20,4,16
10/31/2017 11:00:00 AM,16,6,10
10/31/2017 12:00:00 PM,19,13,6
10/31/2017 01:00:00 PM,23,10,13
10/31/2017 02:00:00 PM,23,14,9
10/31/2017 03:00:00 PM,19,11,8
10/31/2017 04:00:00 PM,46,31,15
10/31/2017 05:00:00 PM,49,29,20
10/31/2017 06:00:00 PM,40,24,16
10/31/2017 07:00:00 PM,29,19,10
10/31/2017 08:00:00 PM,11,7,4
10/31/2017 09:00:00 PM,8,2,6
10/31/2017 10:00:00 PM,7,1,6
10/31/2017 11:00:00 PM,6,5,1
11/01/2017 12:00:00 AM,3,2,1
11/01/2017 01:00:00 AM,2,0,2
11/01/2017 02:00:00 AM,2,0,2
11/01/2017 03:00:00 AM,0,0,0
11/01/2017 04:00:00 AM,1,0,1
11/01/2017 05:00:00 AM,6,0,6
11/01/2017 06:00:00 AM,10,1,9
11/01/2017 07:00:00 AM,32,6,26
11/01/2017 08:00:00 AM,37,16,21
11/01/2017 09:00:00 AM,11,5,6
11/01/2017 10:00:00 AM,15,6,9
11/01/2017 11:00:00 AM,11,4,7
11/01/2017 12:00:00 PM,14,7,7
11/01/2017 01:00:00 PM,22,8,14
11/01/2017 02:00:00 PM,18,10,8
11/01/2017 03:00:00 PM,15,8,7
11/01/2017 04:00:00 PM,36,23,13
11/01/2017 05:00:00 PM,46,30,16
11/01/2017 06:00:00 PM,36,16,20
11/01/2017 07:00:00 PM,19,9,10
11/01/2017 08:00:00 PM,22,7,15
11/01/2017 09:00:00 PM,16,8,8
11/01/2017 10:00:00 PM,11,5,6
11/01/2017 11:00:00 PM,9,5,4
11/02/2017 12:00:00 AM,3,3,0
11/02/2017 01:00:00 AM,0,0,0
11/02/2017 02:00:00 AM,4,4,0
11/02/2017 03:00:00 AM,0,0,0
11/02/2017 04:00:00 AM,3,0,3
11/02/2017 05:00:00 AM,7,0,7
11/02/2017 06:00:00 AM,12,2,10
11/02/2017 07:00:00 AM,28,6,22
11/02/2017 08:00:00 AM,27,8,19
11/02/2017 09:00:00 AM,17,2,15
11/02/2017 10:00:00 AM,13,5,8
11/02/2017 11:00:00 AM,9,4,5
11/02/2017 12:00:00 PM,9,3,6
11/02/2017 01:00:00 PM,13,7,6
11/02/2017 02:00:00 PM,11,7,4
11/02/2017 03:00:00 PM,15,6,9
11/02/2017 04:00:00 PM,26,13,13
11/02/2017 05:00:00 PM,41,24,17
11/02/2017 06:00:00 PM,34,15,19
11/02/2017 07:00:00 PM,18,12,6
11/02/2017 08:00:00 PM,11,5,6
11/02/2017 09:00:00 PM,3,1,2
11/02/2017 10:00:00 PM,2,1,1
11/02/2017 11:00:00 PM,2,2,0
11/03/2017 12:00:00 AM,3,2,1
11/03/2017 01:00:00 AM,5,2,3
11/03/2017 02:00:00 AM,0,0,0
11/03/2017 03:00:00 AM,0,0,0
11/03/2017 04:00:00 AM,2,0,2
11/03/2017 05:00:00 AM,5,0,5
11/03/2017 06:00:00 AM,10,2,8
11/03/2017 07:00:00 AM,25,6,19
11/03/2017 08:00:00 AM,23,9,14
11/03/2017 09:00:00 AM,12,2,10
11/03/2017 10:00:00 AM,5,1,4
11/03/2017 11:00:00 AM,13,4,9
11/03/2017 12:00:00 PM,11,4,7
11/03/2017 01:00:00 PM,5,3,2
11/03/2017 02:00:00 PM,2,2,0
11/03/2017 03:00:00 PM,11,4,7
11/03/2017 04:00:00 PM,20,19,1
11/03/2017 05:00:00 PM,38,24,14
11/03/2017 06:00:00 PM,28,15,13
11/03/2017 07:00:00 PM,16,10,6
11/03/2017 08:00:00 PM,9,5,4
11/03/2017 09:00:00 PM,7,3,4
11/03/2017 10:00:00 PM,4,4,0
11/03/2017 11:00:00 PM,5,4,1
11/04/2017 12:00:00 AM,7,6,1
11/04/2017 01:00:00 AM,4,2,2
11/04/2017 02:00:00 AM,9,3,6
11/04/2017 03:00:00 AM,0,0,0
11/04/2017 04:00:00 AM,1,0,1
11/04/2017 05:00:00 AM,2,0,2
11/04/2017 06:00:00 AM,5,0,5
11/04/2017 07:00:00 AM,6,3,3
11/04/2017 08:00:00 AM,4,3,1
11/04/2017 09:00:00 AM,6,0,6
11/04/2017 10:00:00 AM,12,4,8
11/04/2017 11:00:00 AM,6,3,3
11/04/2017 12:00:00 PM,6,3,3
11/04/2017 01:00:00 PM,10,6,4
11/04/2017 02:00:00 PM,21,17,4
11/04/2017 03:00:00 PM,12,5,7
11/04/2017 04:00:00 PM,11,7,4
11/04/2017 05:00:00 PM,5,3,2
11/04/2017 06:00:00 PM,8,4,4
11/04/2017 07:00:00 PM,14,8,6
11/04/2017 08:00:00 PM,5,3,2
11/04/2017 09:00:00 PM,3,1,2
11/04/2017 10:00:00 PM,1,1,0
11/04/2017 11:00:00 PM,2,2,0
11/05/2017 12:00:00 AM,2,2,0
11/05/2017 01:00:00 AM,1,0,1
11/05/2017 02:00:00 AM,0,0,0
11/05/2017 03:00:00 AM,0,0,0
11/05/2017 04:00:00 AM,0,0,0
11/05/2017 05:00:00 AM,2,0,2
11/05/2017 06:00:00 AM,3,0,3
11/05/2017 07:00:00 AM,1,1,0
11/05/2017 08:00:00 AM,2,0,2
11/05/2017 09:00:00 AM,3,2,1
11/05/2017 10:00:00 AM,2,1,1
11/05/2017 11:00:00 AM,5,2,3
11/05/2017 12:00:00 PM,9,4,5
11/05/2017 01:00:00 PM,4,2,2
11/05/2017 02:00:00 PM,9,3,6
11/05/2017 03:00:00 PM,8,5,3
11/05/2017 04:00:00 PM,8,3,5
11/05/2017 05:00:00 PM,6,3,3
11/05/2017 06:00:00 PM,7,2,5
11/05/2017 07:00:00 PM,7,5,2
11/05/2017 08:00:00 PM,8,5,3
11/05/2017 09:00:00 PM,10,4,6
11/05/2017 10:00:00 PM,3,1,2
11/05/2017 11:00:00 PM,3,2,1
11/06/2017 12:00:00 AM,0,0,0
11/06/2017 01:00:00 AM,0,0,0
11/06/2017 02:00:00 AM,1,0,1
11/06/2017 03:00:00 AM,0,0,0
11/06/2017 04:00:00 AM,1,0,1
11/06/2017 05:00:00 AM,4,0,4
11/06/2017 06:00:00 AM,10,1,9
11/06/2017 07:00:00 AM,31,1,30
11/06/2017 08:00:00 AM,31,12,19
11/06/2017 09:00:00 AM,14,5,9
11/06/2017 10:00:00 AM,8,6,2
11/06/2017 11:00:00 AM,14,2,12
11/06/2017 12:00:00 PM,12,8,4
11/06/2017 01:00:00 PM,9,5,4
11/06/2017 02:00:00 PM,20,10,10
11/06/2017 03:00:00 PM,24,13,11
11/06/2017 04:00:00 PM,38,27,11
11/06/2017 05:00:00 PM,41,27,14
11/06/2017 06:00:00 PM,33,19,14
11/06/2017 07:00:00 PM,34,15,19
11/06/2017 08:00:00 PM,17,6,11
11/06/2017 09:00:00 PM,11,4,7
11/06/2017 10:00:00 PM,10,3,7
11/06/2017 11:00:00 PM,6,3,3
11/07/2017 12:00:00 AM,4,1,3
11/07/2017 01:00:00 AM,0,0,0
11/07/2017 02:00:00 AM,1,1,0
11/07/2017 03:00:00 AM,0,0,0
11/07/2017 04:00:00 AM,0,0,0
11/07/2017 05:00:00 AM,3,0,3
11/07/2017 06:00:00 AM,11,2,9
11/07/2017 07:00:00 AM,37,8,29
11/07/2017 08:00:00 AM,32,6,26
11/07/2017 09:00:00 AM,25,8,17
11/07/2017 10:00:00 AM,19,9,10
11/07/2017 11:00:00 AM,11,7,4
11/07/2017 12:00:00 PM,7,2,5
11/07/2017 01:00:00 PM,21,6,15
11/07/2017 02:00:00 PM,21,9,12
11/07/2017 03:00:00 PM,18,10,8
11/07/2017 04:00:00 PM,32,21,11
11/07/2017 05:00:00 PM,55,34,21
11/07/2017 06:00:00 PM,36,18,18
11/07/2017 07:00:00 PM,33,15,18
11/07/2017 08:00:00 PM,22,9,13
11/07/2017 09:00:00 PM,16,7,9
11/07/2017 10:00:00 PM,7,3,4
11/07/2017 11:00:00 PM,3,2,1
11/08/2017 12:00:00 AM,2,0,2
11/08/2017 01:00:00 AM,0,0,0
11/08/2017 02:00:00 AM,0,0,0
11/08/2017 03:00:00 AM,0,0,0
11/08/2017 04:00:00 AM,2,1,1
11/08/2017 05:00:00 AM,5,0,5
11/08/2017 06:00:00 AM,13,2,11
11/08/2017 07:00:00 AM,28,12,16
11/08/2017 08:00:00 AM,35,9,26
11/08/2017 09:00:00 AM,22,8,14
11/08/2017 10:00:00 AM,13,4,9
11/08/2017 11:00:00 AM,11,9,2
11/08/2017 12:00:00 PM,20,6,14
11/08/2017 01:00:00 PM,22,14,8
11/08/2017 02:00:00 PM,15,7,8
11/08/2017 03:00:00 PM,22,9,13
11/08/2017 04:00:00 PM,23,17,6
11/08/2017 05:00:00 PM,36,18,18
11/08/2017 06:00:00 PM,34,18,16
11/08/2017 07:00:00 PM,21,12,9
11/08/2017 08:00:00 PM,13,5,8
11/08/2017 09:00:00 PM,5,1,4
11/08/2017 10:00:00 PM,3,1,2
11/08/2017 11:00:00 PM,3,2,1
11/09/2017 12:00:00 AM,1,0,1
11/09/2017 01:00:00 AM,1,1,0
11/09/2017 02:00:00 AM,0,0,0
11/09/2017 03:00:00 AM,0,0,0
11/09/2017 04:00:00 AM,2,0,2
11/09/2017 05:00:00 AM,1,0,1
11/09/2017 06:00:00 AM,10,2,8
11/09/2017 07:00:00 AM,16,2,14
11/09/2017 08:00:00 AM,29,5,24
11/09/2017 09:00:00 AM,7,3,4
11/09/2017 10:00:00 AM,17,9,8
11/09/2017 11:00:00 AM,15,12,3
11/09/2017 12:00:00 PM,10,6,4
11/09/2017 01:00:00 PM,13,3,10
11/09/2017 02:00:00 PM,11,5,6
11/09/2017 03:00:00 PM,18,12,6
11/09/2017 04:00:00 PM,31,20,11
11/09/2017 05:00:00 PM,35,18,17
11/09/2017 06:00:00 PM,25,14,11
11/09/2017 07:00:00 PM,25,15,10
11/09/2017 08:00:00 PM,10,7,3
11/09/2017 09:00:00 PM,6,2,4
11/09/2017 10:00:00 PM,6,3,3
11/09/2017 11:00:00 PM,7,2,5
11/10/2017 12:00:00 AM,2,0,2
11/10/2017 01:00:00 AM,0,0,0
11/10/2017 02:00:00 AM,3,3,0
11/10/2017 03:00:00 AM,1,1,0
11/10/2017 04:00:00 AM,1,0,1
11/10/2017 05:00:00 AM,4,0,4
11/10/2017 06:00:00 AM,9,0,9
11/10/2017 07:00:00 AM,11,1,10
11/10/2017 08:00:00 AM,23,9,14
11/10/2017 09:00:00 AM,14,9,5
11/10/2017 10:00:00 AM,10,5,5
11/10/2017 11:00:00 AM,15,9,6
11/10/2017 12:00:00 PM,12,4,8
11/10/2017 01:00:00 PM,16,8,8
11/10/2017 02:00:00 PM,13,7,6
11/10/2017 03:00:00 PM,15,8,7
11/10/2017 04:00:00 PM,21,14,7
11/10/2017 05:00:00 PM,23,9,14
11/10/2017 06:00:00 PM,23,10,13
11/10/2017 07:00:00 PM,12,7,5
11/10/2017 08:00:00 PM,10,8,2
11/10/2017 09:00:00 PM,13,5,8
11/10/2017 10:00:00 PM,2,2,0
11/10/2017 11:00:00 PM,11,4,7
11/11/2017 12:00:00 AM,2,1,1
11/11/2017 01:00:00 AM,2,0,2
11/11/2017 02:00:00 AM,1,1,0
11/11/2017 03:00:00 AM,0,0,0
11/11/2017 04:00:00 AM,1,0,1
11/11/2017 05:00:00 AM,1,0,1
11/11/2017 06:00:00 AM,4,0,4
11/11/2017 07:00:00 AM,4,1,3
11/11/2017 08:00:00 AM,3,1,2
11/11/2017 09:00:00 AM,2,1,1
11/11/2017 10:00:00 AM,1,1,0
11/11/2017 11:00:00 AM,4,2,2
11/11/2017 12:00:00 PM,9,3,6
11/11/2017 01:00:00 PM,12,7,5
11/11/2017 02:00:00 PM,14,6,8
11/11/2017 03:00:00 PM,17,11,6
11/11/2017 04:00:00 PM,9,7,2
11/11/2017 05:00:00 PM,5,2,3
11/11/2017 06:00:00 PM,16,9,7
11/11/2017 07:00:00 PM,10,5,5
11/11/2017 08:00:00 PM,6,3,3
11/11/2017 09:00:00 PM,9,7,2
11/11/2017 10:00:00 PM,7,4,3
11/11/2017 11:00:00 PM,3,1,2
11/12/2017 12:00:00 AM,1,0,1
11/12/2017 01:00:00 AM,2,0,2
11/12/2017 02:00:00 AM,0,0,0
11/12/2017 03:00:00 AM,1,0,1
11/12/2017 04:00:00 AM,0,0,0
11/12/2017 05:00:00 AM,1,0,1
11/12/2017 06:00:00 AM,2,0,2
11/12/2017 07:00:00 AM,4,1,3
11/12/2017 08:00:00 AM,2,1,1
11/12/2017 09:00:00 AM,4,0,4
11/12/2017 10:00:00 AM,4,2,2
11/12/2017 11:00:00 AM,13,5,8
11/12/2017 12:00:00 PM,7,5,2
11/12/2017 01:00:00 PM,15,6,9
11/12/2017 02:00:00 PM,14,8,6
11/12/2017 03:00:00 PM,4,1,3
11/12/2017 04:00:00 PM,6,2,4
11/12/2017 05:00:00 PM,6,5,1
11/12/2017 06:00:00 PM,9,4,5
11/12/2017 07:00:00 PM,6,4,2
11/12/2017 08:00:00 PM,5,1,4
11/12/2017 09:00:00 PM,8,0,8
11/12/2017 10:00:00 PM,8,3,5
11/12/2017 11:00:00 PM,0,0,0
11/13/2017 12:00:00 AM,2,1,1
11/13/2017 01:00:00 AM,0,0,0
11/13/2017 02:00:00 AM,0,0,0
11/13/2017 03:00:00 AM,0,0,0
11/13/2017 04:00:00 AM,0,0,0
11/13/2017 05:00:00 AM,3,0,3
11/13/2017 06:00:00 AM,10,1,9
11/13/2017 07:00:00 AM,25,3,22
11/13/2017 08:00:00 AM,30,10,20
11/13/2017 09:00:00 AM,13,4,9
11/13/2017 10:00:00 AM,12,6,6
11/13/2017 11:00:00 AM,5,3,2
11/13/2017 12:00:00 PM,7,3,4
11/13/2017 01:00:00 PM,13,8,5
11/13/2017 02:00:00 PM,13,6,7
11/13/2017 03:00:00 PM,12,8,4
11/13/2017 04:00:00 PM,10,6,4
11/13/2017 05:00:00 PM,31,19,12
11/13/2017 06:00:00 PM,27,12,15
11/13/2017 07:00:00 PM,12,7,5
11/13/2017 08:00:00 PM,5,2,3
11/13/2017 09:00:00 PM,9,1,8
11/13/2017 10:00:00 PM,1,1,0
11/13/2017 11:00:00 PM,1,1,0
11/14/2017 12:00:00 AM,0,0,0
11/14/2017 01:00:00 AM,1,1,0
11/14/2017 02:00:00 AM,0,0,0
11/14/2017 03:00:00 AM,0,0,0
11/14/2017 04:00:00 AM,1,0,1
11/14/2017 05:00:00 AM,4,0,4
11/14/2017 06:00:00 AM,7,1,6
11/14/2017 07:00:00 AM,29,5,24
11/14/2017 08:00:00 AM,35,10,25
11/14/2017 09:00:00 AM,12,2,10
11/14/2017 10:00:00 AM,5,3,2
11/14/2017 11:00:00 AM,12,7,5
11/14/2017 12:00:00 PM,18,6,12
11/14/2017 01:00:00 PM,9,4,5
11/14/2017 02:00:00 PM,12,4,8
11/14/2017 03:00:00 PM,20,12,8
11/14/2017 04:00:00 PM,24,16,8
11/14/2017 05:00:00 PM,46,29,17
11/14/2017 06:00:00 PM,25,11,14
11/14/2017 07:00:00 PM,15,8,7
11/14/2017 08:00:00 PM,15,6,9
11/14/2017 09:00:00 PM,9,2,7
11/14/2017 10:00:00 PM,4,2,2
11/14/2017 11:00:00 PM,9,4,5
11/15/2017 12:00:00 AM,0,0,0
11/15/2017 01:00:00 AM,0,0,0
11/15/2017 02:00:00 AM,2,2,0
11/15/2017 03:00:00 AM,0,0,0
11/15/2017 04:00:00 AM,1,0,1
11/15/2017 05:00:00 AM,0,0,0
11/15/2017 06:00:00 AM,6,0,6
11/15/2017 07:00:00 AM,25,4,21
11/15/2017 08:00:00 AM,22,5,17
11/15/2017 09:00:00 AM,12,2,10
11/15/2017 10:00:00 AM,12,5,7
11/15/2017 11:00:00 AM,10,5,5
11/15/2017 12:00:00 PM,15,10,5
11/15/2017 01:00:00 PM,7,3,4
11/15/2017 02:00:00 PM,16,5,11
11/15/2017 03:00:00 PM,14,8,6
11/15/2017 04:00:00 PM,27,17,10
11/15/2017 05:00:00 PM,39,32,7
11/15/2017 06:00:00 PM,30,18,12
11/15/2017 07:00:00 PM,18,8,10
11/15/2017 08:00:00 PM,9,6,3
11/15/2017 09:00:00 PM,18,4,14
11/15/2017 10:00:00 PM,5,3,2
11/15/2017 11:00:00 PM,8,5,3
11/16/2017 12:00:00 AM,4,2,2
11/16/2017 01:00:00 AM,0,0,0
11/16/2017 02:00:00 AM,0,0,0
11/16/2017 03:00:00 AM,1,0,1
11/16/2017 04:00:00 AM,1,0,1
11/16/2017 05:00:00 AM,5,0,5
11/16/2017 06:00:00 AM,8,0,8
11/16/2017 07:00:00 AM,14,1,13
11/16/2017 08:00:00 AM,32,13,19
11/16/2017 09:00:00 AM,11,5,6
11/16/2017 10:00:00 AM,7,0,7
11/16/2017 11:00:00 AM,11,5,6
11/16/2017 12:00:00 PM,17,10,7
11/16/2017 01:00:00 PM,15,6,9
11/16/2017 02:00:00 PM,14,5,9
11/16/2017 03:00:00 PM,23,14,9
11/16/2017 04:00:00 PM,31,17,14
11/16/2017 05:00:00 PM,31,21,10
11/16/2017 06:00:00 PM,23,15,8
11/16/2017 07:00:00 PM,18,10,8
11/16/2017 08:00:00 PM,20,8,12
11/16/2017 09:00:00 PM,8,4,4
11/16/2017 10:00:00 PM,4,1,3
11/16/2017 11:00:00 PM,6,1,5
11/17/2017 12:00:00 AM,2,2,0
11/17/2017 01:00:00 AM,1,0,1
11/17/2017 02:00:00 AM,2,0,2
11/17/2017 03:00:00 AM,2,1,1
11/17/2017 04:00:00 AM,0,0,0
11/17/2017 05:00:00 AM,4,1,3
11/17/2017 06:00:00 AM,12,1,11
11/17/2017 07:00:00 AM,27,4,23
11/17/2017 08:00:00 AM,32,15,17
11/17/2017 09:00:00 AM,18,8,10
11/17/2017 10:00:00 AM,9,4,5
11/17/2017 11:00:00 AM,12,10,2
11/17/2017 12:00:00 PM,18,4,14
11/17/2017 01:00:00 PM,17,9,8
11/17/2017 02:00:00 PM,18,8,10
11/17/2017 03:00:00 PM,24,14,10
11/17/2017 04:00:00 PM,36,25,11
11/17/2017 05:00:00 PM,38,28,10
11/17/2017 06:00:00 PM,27,14,13
11/17/2017 07:00:00 PM,20,9,11
11/17/2017 08:00:00 PM,7,5,2
11/17/2017 09:00:00 PM,3,1,2
11/17/2017 10:00:00 PM,13,5,8
11/17/2017 11:00:00 PM,6,2,4
11/18/2017 12:00:00 AM,3,3,0
11/18/2017 01:00:00 AM,5,3,2
11/18/2017 02:00:00 AM,0,0,0
11/18/2017 03:00:00 AM,2,1,1
11/18/2017 04:00:00 AM,0,0,0
11/18/2017 05:00:00 AM,3,0,3
11/18/2017 06:00:00 AM,5,0,5
11/18/2017 07:00:00 AM,7,3,4
11/18/2017 08:00:00 AM,7,4,3
11/18/2017 09:00:00 AM,4,4,0
11/18/2017 10:00:00 AM,22,9,13
11/18/2017 11:00:00 AM,11,3,8
11/18/2017 12:00:00 PM,11,1,10
11/18/2017 01:00:00 PM,17,9,8
11/18/2017 02:00:00 PM,22,11,11
11/18/2017 03:00:00 PM,7,2,5
11/18/2017 04:00:00 PM,19,9,10
11/18/2017 05:00:00 PM,11,4,7
11/18/2017 06:00:00 PM,16,5,11
11/18/2017 07:00:00 PM,7,4,3
11/18/2017 08:00:00 PM,12,8,4
11/18/2017 09:00:00 PM,3,0,3
11/18/2017 10:00:00 PM,5,3,2
11/18/2017 11:00:00 PM,5,3,2
11/19/2017 12:00:00 AM,7,4,3
11/19/2017 01:00:00 AM,2,0,2
11/19/2017 02:00:00 AM,3,0,3
11/19/2017 03:00:00 AM,2,1,1
11/19/2017 04:00:00 AM,1,1,0
11/19/2017 05:00:00 AM,3,1,2
11/19/2017 06:00:00 AM,4,0,4
11/19/2017 07:00:00 AM,4,2,2
11/19/2017 08:00:00 AM,4,2,2
11/19/2017 09:00:00 AM,2,2,0
11/19/2017 10:00:00 AM,9,5,4
11/19/2017 11:00:00 AM,11,3,8
11/19/2017 12:00:00 PM,6,3,3
11/19/2017 01:00:00 PM,15,8,7
11/19/2017 02:00:00 PM,9,7,2
11/19/2017 03:00:00 PM,10,6,4
11/19/2017 04:00:00 PM,7,1,6
11/19/2017 05:00:00 PM,5,1,4
11/19/2017 06:00:00 PM,9,3,6
11/19/2017 07:00:00 PM,4,1,3
11/19/2017 08:00:00 PM,2,1,1
11/19/2017 09:00:00 PM,4,3,1
11/19/2017 10:00:00 PM,0,0,0
11/19/2017 11:00:00 PM,1,1,0
11/20/2017 12:00:00 AM,0,0,0
11/20/2017 01:00:00 AM,0,0,0
11/20/2017 02:00:00 AM,0,0,0
11/20/2017 03:00:00 AM,0,0,0
11/20/2017 04:00:00 AM,0,0,0
11/20/2017 05:00:00 AM,2,0,2
11/20/2017 06:00:00 AM,8,0,8
11/20/2017 07:00:00 AM,15,3,12
11/20/2017 08:00:00 AM,22,6,16
11/20/2017 09:00:00 AM,10,2,8
11/20/2017 10:00:00 AM,13,6,7
11/20/2017 11:00:00 AM,6,3,3
11/20/2017 12:00:00 PM,8,3,5
11/20/2017 01:00:00 PM,11,5,6
11/20/2017 02:00:00 PM,11,4,7
11/20/2017 03:00:00 PM,9,5,4
11/20/2017 04:00:00 PM,21,14,7
11/20/2017 05:00:00 PM,43,30,13
11/20/2017 06:00:00 PM,15,6,9
11/20/2017 07:00:00 PM,14,7,7
11/20/2017 08:00:00 PM,14,3,11
11/20/2017 09:00:00 PM,7,3,4
11/20/2017 10:00:00 PM,1,0,1
11/20/2017 11:00:00 PM,3,1,2
11/21/2017 12:00:00 AM,0,0,0
11/21/2017 01:00:00 AM,1,0,1
11/21/2017 02:00:00 AM,0,0,0
11/21/2017 03:00:00 AM,0,0,0
11/21/2017 04:00:00 AM,4,0,4
11/21/2017 05:00:00 AM,2,0,2
11/21/2017 06:00:00 AM,6,1,5
11/21/2017 07:00:00 AM,17,6,11
11/21/2017 08:00:00 AM,23,7,16
11/21/2017 09:00:00 AM,9,5,4
11/21/2017 10:00:00 AM,9,2,7
11/21/2017 11:00:00 AM,8,4,4
11/21/2017 12:00:00 PM,10,3,7
11/21/2017 01:00:00 PM,2,1,1
11/21/2017 02:00:00 PM,11,8,3
11/21/2017 03:00:00 PM,10,4,6
11/21/2017 04:00:00 PM,21,13,8
11/21/2017 05:00:00 PM,34,20,14
11/21/2017 06:00:00 PM,22,12,10
11/21/2017 07:00:00 PM,11,6,5
11/21/2017 08:00:00 PM,13,5,8
11/21/2017 09:00:00 PM,7,4,3
11/21/2017 10:00:00 PM,3,1,2
11/21/2017 11:00:00 PM,1,1,0
11/22/2017 12:00:00 AM,3,2,1
11/22/2017 01:00:00 AM,1,0,1
11/22/2017 02:00:00 AM,0,0,0
11/22/2017 03:00:00 AM,0,0,0
11/22/2017 04:00:00 AM,1,0,1
11/22/2017 05:00:00 AM,3,1,2
11/22/2017 06:00:00 AM,15,1,14
11/22/2017 07:00:00 AM,9,2,7
11/22/2017 08:00:00 AM,21,5,16
11/22/2017 09:00:00 AM,16,7,9
11/22/2017 10:00:00 AM,13,3,10
11/22/2017 11:00:00 AM,9,4,5
11/22/2017 12:00:00 PM,16,9,7
11/22/2017 01:00:00 PM,10,1,9
11/22/2017 02:00:00 PM,15,8,7
11/22/2017 03:00:00 PM,26,8,18
11/22/2017 04:00:00 PM,20,13,7
11/22/2017 05:00:00 PM,25,15,10
11/22/2017 06:00:00 PM,14,7,7
11/22/2017 07:00:00 PM,12,7,5
11/22/2017 08:00:00 PM,7,4,3
11/22/2017 09:00:00 PM,5,1,4
11/22/2017 10:00:00 PM,2,1,1
11/22/2017 11:00:00 PM,2,2,0
11/23/2017 12:00:00 AM,3,1,2
11/23/2017 01:00:00 AM,0,0,0
11/23/2017 02:00:00 AM,1,1,0
11/23/2017 03:00:00 AM,1,1,0
11/23/2017 04:00:00 AM,0,0,0
11/23/2017 05:00:00 AM,0,0,0
11/23/2017 06:00:00 AM,1,0,1
11/23/2017 07:00:00 AM,5,2,3
11/23/2017 08:00:00 AM,1,1,0
11/23/2017 09:00:00 AM,5,4,1
11/23/2017 10:00:00 AM,3,3,0
11/23/2017 11:00:00 AM,4,2,2
11/23/2017 12:00:00 PM,2,1,1
11/23/2017 01:00:00 PM,7,5,2
11/23/2017 02:00:00 PM,5,2,3
11/23/2017 03:00:00 PM,5,2,3
11/23/2017 04:00:00 PM,6,3,3
11/23/2017 05:00:00 PM,4,1,3
11/23/2017 06:00:00 PM,4,1,3
11/23/2017 07:00:00 PM,2,2,0
11/23/2017 08:00:00 PM,3,1,2
11/23/2017 09:00:00 PM,4,0,4
11/23/2017 10:00:00 PM,1,1,0
11/23/2017 11:00:00 PM,2,1,1
11/24/2017 12:00:00 AM,0,0,0
11/24/2017 01:00:00 AM,1,0,1
11/24/2017 02:00:00 AM,0,0,0
11/24/2017 03:00:00 AM,0,0,0
11/24/2017 04:00:00 AM,2,1,1
11/24/2017 05:00:00 AM,5,1,4
11/24/2017 06:00:00 AM,3,0,3
11/24/2017 07:00:00 AM,2,0,2
11/24/2017 08:00:00 AM,2,2,0
11/24/2017 09:00:00 AM,9,2,7
11/24/2017 10:00:00 AM,3,1,2
11/24/2017 11:00:00 AM,7,3,4
11/24/2017 12:00:00 PM,8,6,2
11/24/2017 01:00:00 PM,17,10,7
11/24/2017 02:00:00 PM,15,6,9
11/24/2017 03:00:00 PM,20,10,10
11/24/2017 04:00:00 PM,9,5,4
11/24/2017 05:00:00 PM,4,3,1
11/24/2017 06:00:00 PM,10,4,6
11/24/2017 07:00:00 PM,9,5,4
11/24/2017 08:00:00 PM,7,3,4
11/24/2017 09:00:00 PM,1,1,0
11/24/2017 10:00:00 PM,2,0,2
11/24/2017 11:00:00 PM,4,1,3
11/25/2017 12:00:00 AM,3,1,2
11/25/2017 01:00:00 AM,3,3,0
11/25/2017 02:00:00 AM,7,0,7
11/25/2017 03:00:00 AM,1,0,1
11/25/2017 04:00:00 AM,1,1,0
11/25/2017 05:00:00 AM,1,0,1
11/25/2017 06:00:00 AM,2,0,2
11/25/2017 07:00:00 AM,5,1,4
11/25/2017 08:00:00 AM,5,1,4
11/25/2017 09:00:00 AM,8,4,4
11/25/2017 10:00:00 AM,3,2,1
11/25/2017 11:00:00 AM,9,6,3
11/25/2017 12:00:00 PM,8,4,4
11/25/2017 01:00:00 PM,13,6,7
11/25/2017 02:00:00 PM,14,5,9
11/25/2017 03:00:00 PM,11,7,4
11/25/2017 04:00:00 PM,8,6,2
11/25/2017 05:00:00 PM,16,7,9
11/25/2017 06:00:00 PM,9,6,3
11/25/2017 07:00:00 PM,1,0,1
11/25/2017 08:00:00 PM,4,2,2
11/25/2017 09:00:00 PM,2,2,0
11/25/2017 10:00:00 PM,2,2,0
11/25/2017 11:00:00 PM,5,1,4
11/26/2017 12:00:00 AM,3,3,0
11/26/2017 01:00:00 AM,3,1,2
11/26/2017 02:00:00 AM,2,0,2
11/26/2017 03:00:00 AM,0,0,0
11/26/2017 04:00:00 AM,0,0,0
11/26/2017 05:00:00 AM,3,1,2
11/26/2017 06:00:00 AM,4,0,4
11/26/2017 07:00:00 AM,6,2,4
11/26/2017 08:00:00 AM,2,1,1
11/26/2017 09:00:00 AM,2,0,2
11/26/2017 10:00:00 AM,7,4,3
11/26/2017 11:00:00 AM,3,1,2
11/26/2017 12:00:00 PM,13,6,7
11/26/2017 01:00:00 PM,8,2,6
11/26/2017 02:00:00 PM,5,4,1
11/26/2017 03:00:00 PM,7,5,2
11/26/2017 04:00:00 PM,7,4,3
11/26/2017 05:00:00 PM,11,5,6
11/26/2017 06:00:00 PM,17,7,10
11/26/2017 07:00:00 PM,5,2,3
11/26/2017 08:00:00 PM,3,1,2
11/26/2017 09:00:00 PM,4,3,1
11/26/2017 10:00:00 PM,2,1,1
11/26/2017 11:00:00 PM,0,0,0
11/27/2017 12:00:00 AM,1,0,1
11/27/2017 01:00:00 AM,0,0,0
11/27/2017 02:00:00 AM,0,0,0
11/27/2017 03:00:00 AM,0,0,0
11/27/2017 04:00:00 AM,1,0,1
11/27/2017 05:00:00 AM,3,0,3
11/27/2017 06:00:00 AM,17,0,17
11/27/2017 07:00:00 AM,29,4,25
11/27/2017 08:00:00 AM,43,13,30
11/27/2017 09:00:00 AM,15,4,11
11/27/2017 10:00:00 AM,13,4,9
11/27/2017 11:00:00 AM,6,3,3
11/27/2017 12:00:00 PM,9,4,5
11/27/2017 01:00:00 PM,13,8,5
11/27/2017 02:00:00 PM,13,2,11
11/27/2017 03:00:00 PM,16,9,7
11/27/2017 04:00:00 PM,26,18,8
11/27/2017 05:00:00 PM,52,30,22
11/27/2017 06:00:00 PM,29,17,12
11/27/2017 07:00:00 PM,19,9,10
11/27/2017 08:00:00 PM,9,6,3
11/27/2017 09:00:00 PM,14,7,7
11/27/2017 10:00:00 PM,7,3,4
11/27/2017 11:00:00 PM,3,1,2
11/28/2017 12:00:00 AM,0,0,0
11/28/2017 01:00:00 AM,1,1,0
11/28/2017 02:00:00 AM,2,2,0
11/28/2017 03:00:00 AM,0,0,0
11/28/2017 04:00:00 AM,2,0,2
11/28/2017 05:00:00 AM,3,0,3
11/28/2017 06:00:00 AM,13,4,9
11/28/2017 07:00:00 AM,31,10,21
11/28/2017 08:00:00 AM,33,6,27
11/28/2017 09:00:00 AM,17,12,5
11/28/2017 10:00:00 AM,14,4,10
11/28/2017 11:00:00 AM,5,2,3
11/28/2017 12:00:00 PM,6,4,2
11/28/2017 01:00:00 PM,11,4,7
11/28/2017 02:00:00 PM,13,4,9
11/28/2017 03:00:00 PM,18,12,6
11/28/2017 04:00:00 PM,31,17,14
11/28/2017 05:00:00 PM,41,25,16
11/28/2017 06:00:00 PM,25,16,9
11/28/2017 07:00:00 PM,16,10,6
11/28/2017 08:00:00 PM,12,4,8
11/28/2017 09:00:00 PM,6,1,5
11/28/2017 10:00:00 PM,3,2,1
11/28/2017 11:00:00 PM,3,2,1
11/29/2017 12:00:00 AM,2,1,1
11/29/2017 01:00:00 AM,0,0,0
11/29/2017 02:00:00 AM,0,0,0
11/29/2017 03:00:00 AM,0,0,0
11/29/2017 04:00:00 AM,2,1,1
11/29/2017 05:00:00 AM,3,0,3
11/29/2017 06:00:00 AM,10,0,10
11/29/2017 07:00:00 AM,24,4,20
11/29/2017 08:00:00 AM,36,11,25
11/29/2017 09:00:00 AM,13,5,8
11/29/2017 10:00:00 AM,11,4,7
11/29/2017 11:00:00 AM,9,1,8
11/29/2017 12:00:00 PM,17,10,7
11/29/2017 01:00:00 PM,17,7,10
11/29/2017 02:00:00 PM,22,14,8
11/29/2017 03:00:00 PM,19,9,10
11/29/2017 04:00:00 PM,25,18,7
11/29/2017 05:00:00 PM,47,27,20
11/29/2017 06:00:00 PM,40,17,23
11/29/2017 07:00:00 PM,24,11,13
11/29/2017 08:00:00 PM,14,8,6
11/29/2017 09:00:00 PM,11,5,6
11/29/2017 10:00:00 PM,13,6,7
11/29/2017 11:00:00 PM,5,2,3
11/30/2017 12:00:00 AM,5,2,3
11/30/2017 01:00:00 AM,1,1,0
11/30/2017 02:00:00 AM,0,0,0
11/30/2017 03:00:00 AM,0,0,0
11/30/2017 04:00:00 AM,3,1,2
11/30/2017 05:00:00 AM,6,0,6
11/30/2017 06:00:00 AM,7,1,6
11/30/2017 07:00:00 AM,25,3,22
11/30/2017 08:00:00 AM,22,6,16
11/30/2017 09:00:00 AM,13,2,11
11/30/2017 10:00:00 AM,10,3,7
11/30/2017 11:00:00 AM,3,2,1
11/30/2017 12:00:00 PM,9,5,4
11/30/2017 01:00:00 PM,9,2,7
11/30/2017 02:00:00 PM,12,8,4
11/30/2017 03:00:00 PM,15,7,8
11/30/2017 04:00:00 PM,14,7,7
11/30/2017 05:00:00 PM,28,17,11
11/30/2017 06:00:00 PM,29,17,12
11/30/2017 07:00:00 PM,23,13,10
11/30/2017 08:00:00 PM,7,3,4
11/30/2017 09:00:00 PM,10,7,3
11/30/2017 10:00:00 PM,9,4,5
11/30/2017 11:00:00 PM,7,3,4
12/01/2017 12:00:00 AM,4,2,2
12/01/2017 01:00:00 AM,0,0,0
12/01/2017 02:00:00 AM,2,0,2
12/01/2017 03:00:00 AM,0,0,0
12/01/2017 04:00:00 AM,3,0,3
12/01/2017 05:00:00 AM,3,1,2
12/01/2017 06:00:00 AM,10,0,10
12/01/2017 07:00:00 AM,21,2,19
12/01/2017 08:00:00 AM,22,7,15
12/01/2017 09:00:00 AM,19,9,10
12/01/2017 10:00:00 AM,9,4,5
12/01/2017 11:00:00 AM,14,5,9
12/01/2017 12:00:00 PM,15,10,5
12/01/2017 01:00:00 PM,6,2,4
12/01/2017 02:00:00 PM,9,6,3
12/01/2017 03:00:00 PM,16,10,6
12/01/2017 04:00:00 PM,22,13,9
12/01/2017 05:00:00 PM,31,20,11
12/01/2017 06:00:00 PM,27,8,19
12/01/2017 07:00:00 PM,18,11,7
12/01/2017 08:00:00 PM,15,5,10
12/01/2017 09:00:00 PM,7,2,5
12/01/2017 10:00:00 PM,2,1,1
12/01/2017 11:00:00 PM,6,1,5
12/02/2017 12:00:00 AM,1,1,0
12/02/2017 01:00:00 AM,2,0,2
12/02/2017 02:00:00 AM,4,0,4
12/02/2017 03:00:00 AM,4,1,3
12/02/2017 04:00:00 AM,1,1,0
12/02/2017 05:00:00 AM,3,0,3
12/02/2017 06:00:00 AM,3,0,3
12/02/2017 07:00:00 AM,5,2,3
12/02/2017 08:00:00 AM,3,1,2
12/02/2017 09:00:00 AM,5,2,3
12/02/2017 10:00:00 AM,3,2,1
12/02/2017 11:00:00 AM,6,1,5
12/02/2017 12:00:00 PM,7,3,4
12/02/2017 01:00:00 PM,3,0,3
12/02/2017 02:00:00 PM,7,3,4
12/02/2017 03:00:00 PM,10,5,5
12/02/2017 04:00:00 PM,9,6,3
12/02/2017 05:00:00 PM,7,2,5
12/02/2017 06:00:00 PM,4,2,2
12/02/2017 07:00:00 PM,5,4,1
12/02/2017 08:00:00 PM,1,1,0
12/02/2017 09:00:00 PM,3,2,1
12/02/2017 10:00:00 PM,5,0,5
12/02/2017 11:00:00 PM,3,1,2
12/03/2017 12:00:00 AM,5,0,5
12/03/2017 01:00:00 AM,4,1,3
12/03/2017 02:00:00 AM,9,3,6
12/03/2017 03:00:00 AM,0,0,0
12/03/2017 04:00:00 AM,6,6,0
12/03/2017 05:00:00 AM,2,0,2
12/03/2017 06:00:00 AM,2,0,2
12/03/2017 07:00:00 AM,4,1,3
12/03/2017 08:00:00 AM,3,2,1
12/03/2017 09:00:00 AM,6,3,3
12/03/2017 10:00:00 AM,6,3,3
12/03/2017 11:00:00 AM,15,8,7
12/03/2017 12:00:00 PM,9,5,4
12/03/2017 01:00:00 PM,10,6,4
12/03/2017 02:00:00 PM,10,4,6
12/03/2017 03:00:00 PM,7,2,5
12/03/2017 04:00:00 PM,11,4,7
12/03/2017 05:00:00 PM,11,7,4
12/03/2017 06:00:00 PM,10,6,4
12/03/2017 07:00:00 PM,7,4,3
12/03/2017 08:00:00 PM,5,2,3
12/03/2017 09:00:00 PM,7,2,5
12/03/2017 10:00:00 PM,0,0,0
12/03/2017 11:00:00 PM,1,0,1
12/04/2017 12:00:00 AM,2,2,0
12/04/2017 01:00:00 AM,0,0,0
12/04/2017 02:00:00 AM,0,0,0
12/04/2017 03:00:00 AM,0,0,0
12/04/2017 04:00:00 AM,1,0,1
12/04/2017 05:00:00 AM,2,0,2
12/04/2017 06:00:00 AM,10,1,9
12/04/2017 07:00:00 AM,32,6,26
12/04/2017 08:00:00 AM,32,11,21
12/04/2017 09:00:00 AM,12,4,8
12/04/2017 10:00:00 AM,10,3,7
12/04/2017 11:00:00 AM,13,6,7
12/04/2017 12:00:00 PM,11,8,3
12/04/2017 01:00:00 PM,12,6,6
12/04/2017 02:00:00 PM,7,3,4
12/04/2017 03:00:00 PM,13,9,4
12/04/2017 04:00:00 PM,21,12,9
12/04/2017 05:00:00 PM,45,25,20
12/04/2017 06:00:00 PM,35,18,17
12/04/2017 07:00:00 PM,20,8,12
12/04/2017 08:00:00 PM,7,4,3
12/04/2017 09:00:00 PM,9,2,7
12/04/2017 10:00:00 PM,8,5,3
12/04/2017 11:00:00 PM,3,2,1
12/05/2017 12:00:00 AM,1,1,0
12/05/2017 01:00:00 AM,1,1,0
12/05/2017 02:00:00 AM,0,0,0
12/05/2017 03:00:00 AM,0,0,0
12/05/2017 04:00:00 AM,2,1,1
12/05/2017 05:00:00 AM,4,1,3
12/05/2017 06:00:00 AM,16,3,13
12/05/2017 07:00:00 AM,27,6,21
12/05/2017 08:00:00 AM,31,9,22
12/05/2017 09:00:00 AM,17,9,8
12/05/2017 10:00:00 AM,18,4,14
12/05/2017 11:00:00 AM,10,7,3
12/05/2017 12:00:00 PM,12,6,6
12/05/2017 01:00:00 PM,9,2,7
12/05/2017 02:00:00 PM,16,10,6
12/05/2017 03:00:00 PM,18,10,8
12/05/2017 04:00:00 PM,28,22,6
12/05/2017 05:00:00 PM,46,21,25
12/05/2017 06:00:00 PM,38,23,15
12/05/2017 07:00:00 PM,25,15,10
12/05/2017 08:00:00 PM,19,10,9
12/05/2017 09:00:00 PM,14,7,7
12/05/2017 10:00:00 PM,5,2,3
12/05/2017 11:00:00 PM,4,2,2
12/06/2017 12:00:00 AM,4,3,1
12/06/2017 01:00:00 AM,0,0,0
12/06/2017 02:00:00 AM,0,0,0
12/06/2017 03:00:00 AM,2,0,2
12/06/2017 04:00:00 AM,1,0,1
12/06/2017 05:00:00 AM,5,1,4
12/06/2017 06:00:00 AM,10,1,9
12/06/2017 07:00:00 AM,23,7,16
12/06/2017 08:00:00 AM,33,9,24
12/06/2017 09:00:00 AM,19,5,14
12/06/2017 10:00:00 AM,10,5,5
12/06/2017 11:00:00 AM,14,7,7
12/06/2017 12:00:00 PM,15,4,11
12/06/2017 01:00:00 PM,16,5,11
12/06/2017 02:00:00 PM,26,4,22
12/06/2017 03:00:00 PM,28,17,11
12/06/2017 04:00:00 PM,34,22,12
12/06/2017 05:00:00 PM,48,25,23
12/06/2017 06:00:00 PM,49,28,21
12/06/2017 07:00:00 PM,16,10,6
12/06/2017 08:00:00 PM,9,7,2
12/06/2017 09:00:00 PM,9,5,4
12/06/2017 10:00:00 PM,13,6,7
12/06/2017 11:00:00 PM,2,1,1
12/07/2017 12:00:00 AM,2,2,0
12/07/2017 01:00:00 AM,1,0,1
12/07/2017 02:00:00 AM,0,0,0
12/07/2017 03:00:00 AM,0,0,0
12/07/2017 04:00:00 AM,1,0,1
12/07/2017 05:00:00 AM,2,0,2
12/07/2017 06:00:00 AM,7,2,5
12/07/2017 07:00:00 AM,24,1,23
12/07/2017 08:00:00 AM,29,9,20
12/07/2017 09:00:00 AM,18,9,9
12/07/2017 10:00:00 AM,13,6,7
12/07/2017 11:00:00 AM,19,5,14
12/07/2017 12:00:00 PM,13,5,8
12/07/2017 01:00:00 PM,7,2,5
12/07/2017 02:00:00 PM,20,3,17
12/07/2017 03:00:00 PM,23,9,14
12/07/2017 04:00:00 PM,29,19,10
12/07/2017 05:00:00 PM,23,11,12
12/07/2017 06:00:00 PM,30,13,17
12/07/2017 07:00:00 PM,27,13,14
12/07/2017 08:00:00 PM,9,6,3
12/07/2017 09:00:00 PM,14,8,6
12/07/2017 10:00:00 PM,3,1,2
12/07/2017 11:00:00 PM,8,3,5
12/08/2017 12:00:00 AM,6,4,2
12/08/2017 01:00:00 AM,4,1,3
12/08/2017 02:00:00 AM,0,0,0
12/08/2017 03:00:00 AM,1,1,0
12/08/2017 04:00:00 AM,0,0,0
12/08/2017 05:00:00 AM,3,1,2
12/08/2017 06:00:00 AM,11,1,10
12/08/2017 07:00:00 AM,18,3,15
12/08/2017 08:00:00 AM,22,4,18
12/08/2017 09:00:00 AM,16,8,8
12/08/2017 10:00:00 AM,5,2,3
12/08/2017 11:00:00 AM,13,6,7
12/08/2017 12:00:00 PM,14,7,7
12/08/2017 01:00:00 PM,13,2,11
12/08/2017 02:00:00 PM,22,8,14
12/08/2017 03:00:00 PM,26,17,9
12/08/2017 04:00:00 PM,28,22,6
12/08/2017 05:00:00 PM,41,24,17
12/08/2017 06:00:00 PM,21,8,13
12/08/2017 07:00:00 PM,16,8,8
12/08/2017 08:00:00 PM,9,6,3
12/08/2017 09:00:00 PM,6,1,5
12/08/2017 10:00:00 PM,6,5,1
12/08/2017 11:00:00 PM,10,6,4
12/09/2017 12:00:00 AM,3,0,3
12/09/2017 01:00:00 AM,4,1,3
12/09/2017 02:00:00 AM,10,2,8
12/09/2017 03:00:00 AM,0,0,0
12/09/2017 04:00:00 AM,1,0,1
12/09/2017 05:00:00 AM,0,0,0
12/09/2017 06:00:00 AM,3,0,3
12/09/2017 07:00:00 AM,10,4,6
12/09/2017 08:00:00 AM,3,1,2
12/09/2017 09:00:00 AM,6,1,5
12/09/2017 10:00:00 AM,5,3,2
12/09/2017 11:00:00 AM,11,7,4
12/09/2017 12:00:00 PM,13,6,7
12/09/2017 01:00:00 PM,15,6,9
12/09/2017 02:00:00 PM,7,5,2
12/09/2017 03:00:00 PM,6,3,3
12/09/2017 04:00:00 PM,13,7,6
12/09/2017 05:00:00 PM,8,3,5
12/09/2017 06:00:00 PM,10,3,7
12/09/2017 07:00:00 PM,8,5,3
12/09/2017 08:00:00 PM,4,1,3
12/09/2017 09:00:00 PM,8,3,5
12/09/2017 10:00:00 PM,5,2,3
12/09/2017 11:00:00 PM,8,4,4
12/10/2017 12:00:00 AM,4,3,1
12/10/2017 01:00:00 AM,8,4,4
12/10/2017 02:00:00 AM,4,4,0
12/10/2017 03:00:00 AM,1,1,0
12/10/2017 04:00:00 AM,0,0,0
12/10/2017 05:00:00 AM,3,1,2
12/10/2017 06:00:00 AM,1,0,1
12/10/2017 07:00:00 AM,6,1,5
12/10/2017 08:00:00 AM,5,2,3
12/10/2017 09:00:00 AM,6,1,5
12/10/2017 10:00:00 AM,8,6,2
12/10/2017 11:00:00 AM,11,6,5
12/10/2017 12:00:00 PM,4,3,1
12/10/2017 01:00:00 PM,10,6,4
12/10/2017 02:00:00 PM,6,3,3
12/10/2017 03:00:00 PM,6,4,2
12/10/2017 04:00:00 PM,24,12,12
12/10/2017 05:00:00 PM,12,8,4
12/10/2017 06:00:00 PM,11,6,5
12/10/2017 07:00:00 PM,5,2,3
12/10/2017 08:00:00 PM,3,1,2
12/10/2017 09:00:00 PM,4,2,2
12/10/2017 10:00:00 PM,3,1,2
12/10/2017 11:00:00 PM,0,0,0
12/11/2017 12:00:00 AM,0,0,0
12/11/2017 01:00:00 AM,2,0,2
12/11/2017 02:00:00 AM,1,1,0
12/11/2017 03:00:00 AM,0,0,0
12/11/2017 04:00:00 AM,1,0,1
12/11/2017 05:00:00 AM,5,0,5
12/11/2017 06:00:00 AM,8,0,8
12/11/2017 07:00:00 AM,19,5,14
12/11/2017 08:00:00 AM,23,5,18
12/11/2017 09:00:00 AM,22,10,12
12/11/2017 10:00:00 AM,14,5,9
12/11/2017 11:00:00 AM,10,6,4
12/11/2017 12:00:00 PM,15,8,7
12/11/2017 01:00:00 PM,14,5,9
12/11/2017 02:00:00 PM,16,9,7
12/11/2017 03:00:00 PM,19,11,8
12/11/2017 04:00:00 PM,27,19,8
12/11/2017 05:00:00 PM,29,16,13
12/11/2017 06:00:00 PM,30,13,17
12/11/2017 07:00:00 PM,10,5,5
12/11/2017 08:00:00 PM,7,4,3
12/11/2017 09:00:00 PM,8,5,3
12/11/2017 10:00:00 PM,3,2,1
12/11/2017 11:00:00 PM,3,2,1
12/12/2017 12:00:00 AM,1,1,0
12/12/2017 01:00:00 AM,0,0,0
12/12/2017 02:00:00 AM,3,2,1
12/12/2017 03:00:00 AM,2,1,1
12/12/2017 04:00:00 AM,1,0,1
12/12/2017 05:00:00 AM,4,0,4
12/12/2017 06:00:00 AM,8,1,7
12/12/2017 07:00:00 AM,34,3,31
12/12/2017 08:00:00 AM,30,4,26
12/12/2017 09:00:00 AM,14,4,10
12/12/2017 10:00:00 AM,11,3,8
12/12/2017 11:00:00 AM,10,6,4
12/12/2017 12:00:00 PM,12,4,8
12/12/2017 01:00:00 PM,16,7,9
12/12/2017 02:00:00 PM,8,4,4
12/12/2017 03:00:00 PM,18,9,9
12/12/2017 04:00:00 PM,34,21,13
12/12/2017 05:00:00 PM,31,19,12
12/12/2017 06:00:00 PM,33,17,16
12/12/2017 07:00:00 PM,24,16,8
12/12/2017 08:00:00 PM,13,5,8
12/12/2017 09:00:00 PM,17,7,10
12/12/2017 10:00:00 PM,6,1,5
12/12/2017 11:00:00 PM,3,2,1
12/13/2017 12:00:00 AM,5,4,1
12/13/2017 01:00:00 AM,0,0,0
12/13/2017 02:00:00 AM,0,0,0
12/13/2017 03:00:00 AM,0,0,0
12/13/2017 04:00:00 AM,1,0,1
12/13/2017 05:00:00 AM,4,0,4
12/13/2017 06:00:00 AM,11,1,10
12/13/2017 07:00:00 AM,22,5,17
12/13/2017 08:00:00 AM,29,4,25
12/13/2017 09:00:00 AM,19,4,15
12/13/2017 10:00:00 AM,15,8,7
12/13/2017 11:00:00 AM,6,2,4
12/13/2017 12:00:00 PM,6,2,4
12/13/2017 01:00:00 PM,14,5,9
12/13/2017 02:00:00 PM,14,8,6
12/13/2017 03:00:00 PM,21,10,11
12/13/2017 04:00:00 PM,30,23,7
12/13/2017 05:00:00 PM,29,19,10
12/13/2017 06:00:00 PM,32,24,8
12/13/2017 07:00:00 PM,12,6,6
12/13/2017 08:00:00 PM,13,7,6
12/13/2017 09:00:00 PM,11,4,7
12/13/2017 10:00:00 PM,3,1,2
12/13/2017 11:00:00 PM,4,3,1
12/14/2017 12:00:00 AM,1,0,1
12/14/2017 01:00:00 AM,2,2,0
12/14/2017 02:00:00 AM,1,0,1
12/14/2017 03:00:00 AM,0,0,0
12/14/2017 04:00:00 AM,1,0,1
12/14/2017 05:00:00 AM,5,0,5
12/14/2017 06:00:00 AM,9,1,8
12/14/2017 07:00:00 AM,15,3,12
12/14/2017 08:00:00 AM,25,4,21
12/14/2017 09:00:00 AM,13,5,8
12/14/2017 10:00:00 AM,11,0,11
12/14/2017 11:00:00 AM,14,2,12
12/14/2017 12:00:00 PM,18,9,9
12/14/2017 01:00:00 PM,10,5,5
12/14/2017 02:00:00 PM,10,7,3
12/14/2017 03:00:00 PM,12,4,8
12/14/2017 04:00:00 PM,19,13,6
12/14/2017 05:00:00 PM,51,27,24
12/14/2017 06:00:00 PM,37,26,11
12/14/2017 07:00:00 PM,22,15,7
12/14/2017 08:00:00 PM,11,8,3
12/14/2017 09:00:00 PM,11,4,7
12/14/2017 10:00:00 PM,6,3,3
12/14/2017 11:00:00 PM,8,5,3
12/15/2017 12:00:00 AM,1,0,1
12/15/2017 01:00:00 AM,1,1,0
12/15/2017 02:00:00 AM,2,0,2
12/15/2017 03:00:00 AM,0,0,0
12/15/2017 04:00:00 AM,0,0,0
12/15/2017 05:00:00 AM,2,1,1
12/15/2017 06:00:00 AM,8,3,5
12/15/2017 07:00:00 AM,26,5,21
12/15/2017 08:00:00 AM,24,5,19
12/15/2017 09:00:00 AM,20,7,13
12/15/2017 10:00:00 AM,21,10,11
12/15/2017 11:00:00 AM,8,4,4
12/15/2017 12:00:00 PM,12,7,5
12/15/2017 01:00:00 PM,9,5,4
12/15/2017 02:00:00 PM,14,7,7
12/15/2017 03:00:00 PM,14,7,7
12/15/2017 04:00:00 PM,23,16,7
12/15/2017 05:00:00 PM,31,18,13
12/15/2017 06:00:00 PM,30,15,15
12/15/2017 07:00:00 PM,11,3,8
12/15/2017 08:00:00 PM,4,1,3
12/15/2017 09:00:00 PM,7,5,2
12/15/2017 10:00:00 PM,5,1,4
12/15/2017 11:00:00 PM,2,1,1
12/16/2017 12:00:00 AM,2,2,0
12/16/2017 01:00:00 AM,11,2,9
12/16/2017 02:00:00 AM,3,2,1
12/16/2017 03:00:00 AM,1,1,0
12/16/2017 04:00:00 AM,0,0,0
12/16/2017 05:00:00 AM,3,0,3
12/16/2017 06:00:00 AM,0,0,0
12/16/2017 07:00:00 AM,4,3,1
12/16/2017 08:00:00 AM,6,4,2
12/16/2017 09:00:00 AM,4,4,0
12/16/2017 10:00:00 AM,2,1,1
12/16/2017 11:00:00 AM,5,1,4
12/16/2017 12:00:00 PM,6,2,4
12/16/2017 01:00:00 PM,8,1,7
12/16/2017 02:00:00 PM,12,5,7
12/16/2017 03:00:00 PM,8,4,4
12/16/2017 04:00:00 PM,12,6,6
12/16/2017 05:00:00 PM,10,2,8
12/16/2017 06:00:00 PM,14,7,7
12/16/2017 07:00:00 PM,6,2,4
12/16/2017 08:00:00 PM,3,2,1
12/16/2017 09:00:00 PM,5,3,2
12/16/2017 10:00:00 PM,4,1,3
12/16/2017 11:00:00 PM,2,1,1
12/17/2017 12:00:00 AM,1,1,0
12/17/2017 01:00:00 AM,3,0,3
12/17/2017 02:00:00 AM,0,0,0
12/17/2017 03:00:00 AM,0,0,0
12/17/2017 04:00:00 AM,1,1,0
12/17/2017 05:00:00 AM,1,0,1
12/17/2017 06:00:00 AM,4,2,2
12/17/2017 07:00:00 AM,5,3,2
12/17/2017 08:00:00 AM,2,2,0
12/17/2017 09:00:00 AM,3,0,3
12/17/2017 10:00:00 AM,6,4,2
12/17/2017 11:00:00 AM,6,3,3
12/17/2017 12:00:00 PM,8,3,5
12/17/2017 01:00:00 PM,12,5,7
12/17/2017 02:00:00 PM,13,7,6
12/17/2017 03:00:00 PM,9,2,7
12/17/2017 04:00:00 PM,16,9,7
12/17/2017 05:00:00 PM,11,3,8
12/17/2017 06:00:00 PM,8,2,6
12/17/2017 07:00:00 PM,2,2,0
12/17/2017 08:00:00 PM,6,3,3
12/17/2017 09:00:00 PM,11,3,8
12/17/2017 10:00:00 PM,1,0,1
12/17/2017 11:00:00 PM,1,0,1
12/18/2017 12:00:00 AM,1,0,1
12/18/2017 01:00:00 AM,1,0,1
12/18/2017 02:00:00 AM,0,0,0
12/18/2017 03:00:00 AM,1,1,0
12/18/2017 04:00:00 AM,3,1,2
12/18/2017 05:00:00 AM,1,1,0
12/18/2017 06:00:00 AM,8,3,5
12/18/2017 07:00:00 AM,15,4,11
12/18/2017 08:00:00 AM,23,5,18
12/18/2017 09:00:00 AM,12,5,7
12/18/2017 10:00:00 AM,6,3,3
12/18/2017 11:00:00 AM,7,3,4
12/18/2017 12:00:00 PM,5,2,3
12/18/2017 01:00:00 PM,8,4,4
12/18/2017 02:00:00 PM,10,5,5
12/18/2017 03:00:00 PM,5,1,4
12/18/2017 04:00:00 PM,17,13,4
12/18/2017 05:00:00 PM,28,18,10
12/18/2017 06:00:00 PM,23,14,9
12/18/2017 07:00:00 PM,13,5,8
12/18/2017 08:00:00 PM,7,2,5
12/18/2017 09:00:00 PM,3,2,1
12/18/2017 10:00:00 PM,1,1,0
12/18/2017 11:00:00 PM,0,0,0
12/19/2017 12:00:00 AM,1,0,1
12/19/2017 01:00:00 AM,1,1,0
12/19/2017 02:00:00 AM,0,0,0
12/19/2017 03:00:00 AM,1,1,0
12/19/2017 04:00:00 AM,3,1,2
12/19/2017 05:00:00 AM,2,0,2
12/19/2017 06:00:00 AM,9,1,8
12/19/2017 07:00:00 AM,14,2,12
12/19/2017 08:00:00 AM,13,2,11
12/19/2017 09:00:00 AM,9,1,8
12/19/2017 10:00:00 AM,5,2,3
12/19/2017 11:00:00 AM,0,0,0
12/19/2017 12:00:00 PM,6,4,2
12/19/2017 01:00:00 PM,5,1,4
12/19/2017 02:00:00 PM,10,4,6
12/19/2017 03:00:00 PM,4,3,1
12/19/2017 04:00:00 PM,19,14,5
12/19/2017 05:00:00 PM,30,23,7
12/19/2017 06:00:00 PM,13,6,7
12/19/2017 07:00:00 PM,12,8,4
12/19/2017 08:00:00 PM,7,3,4
12/19/2017 09:00:00 PM,7,1,6
12/19/2017 10:00:00 PM,2,2,0
12/19/2017 11:00:00 PM,6,1,5
12/20/2017 12:00:00 AM,1,0,1
12/20/2017 01:00:00 AM,1,0,1
12/20/2017 02:00:00 AM,0,0,0
12/20/2017 03:00:00 AM,0,0,0
12/20/2017 04:00:00 AM,1,0,1
12/20/2017 05:00:00 AM,6,0,6
12/20/2017 06:00:00 AM,6,1,5
12/20/2017 07:00:00 AM,20,1,19
12/20/2017 08:00:00 AM,23,3,20
12/20/2017 09:00:00 AM,8,0,8
12/20/2017 10:00:00 AM,9,4,5
12/20/2017 11:00:00 AM,8,6,2
12/20/2017 12:00:00 PM,12,9,3
12/20/2017 01:00:00 PM,7,5,2
12/20/2017 02:00:00 PM,13,8,5
12/20/2017 03:00:00 PM,22,9,13
12/20/2017 04:00:00 PM,20,14,6
12/20/2017 05:00:00 PM,25,14,11
12/20/2017 06:00:00 PM,35,19,16
12/20/2017 07:00:00 PM,8,7,1
12/20/2017 08:00:00 PM,11,5,6
12/20/2017 09:00:00 PM,3,1,2
12/20/2017 10:00:00 PM,2,0,2
12/20/2017 11:00:00 PM,1,0,1
12/21/2017 12:00:00 AM,1,1,0
12/21/2017 01:00:00 AM,0,0,0
12/21/2017 02:00:00 AM,0,0,0
12/21/2017 03:00:00 AM,0,0,0
12/21/2017 04:00:00 AM,1,0,1
12/21/2017 05:00:00 AM,1,0,1
12/21/2017 06:00:00 AM,7,0,7
12/21/2017 07:00:00 AM,12,2,10
12/21/2017 08:00:00 AM,24,4,20
12/21/2017 09:00:00 AM,5,3,2
12/21/2017 10:00:00 AM,6,3,3
12/21/2017 11:00:00 AM,9,5,4
12/21/2017 12:00:00 PM,10,5,5
12/21/2017 01:00:00 PM,8,3,5
12/21/2017 02:00:00 PM,6,6,0
12/21/2017 03:00:00 PM,13,8,5
12/21/2017 04:00:00 PM,11,8,3
12/21/2017 05:00:00 PM,27,15,12
12/21/2017 06:00:00 PM,26,18,8
12/21/2017 07:00:00 PM,6,4,2
12/21/2017 08:00:00 PM,7,4,3
12/21/2017 09:00:00 PM,5,3,2
12/21/2017 10:00:00 PM,3,1,2
12/21/2017 11:00:00 PM,5,2,3
12/22/2017 12:00:00 AM,3,0,3
12/22/2017 01:00:00 AM,3,0,3
12/22/2017 02:00:00 AM,1,1,0
12/22/2017 03:00:00 AM,0,0,0
12/22/2017 04:00:00 AM,2,1,1
12/22/2017 05:00:00 AM,3,0,3
12/22/2017 06:00:00 AM,5,0,5
12/22/2017 07:00:00 AM,16,4,12
12/22/2017 08:00:00 AM,16,3,13
12/22/2017 09:00:00 AM,8,3,5
12/22/2017 10:00:00 AM,5,1,4
12/22/2017 11:00:00 AM,5,2,3
12/22/2017 12:00:00 PM,11,6,5
12/22/2017 01:00:00 PM,8,2,6
12/22/2017 02:00:00 PM,13,10,3
12/22/2017 03:00:00 PM,16,7,9
12/22/2017 04:00:00 PM,21,10,11
12/22/2017 05:00:00 PM,26,16,10
12/22/2017 06:00:00 PM,21,11,10
12/22/2017 07:00:00 PM,12,6,6
12/22/2017 08:00:00 PM,2,1,1
12/22/2017 09:00:00 PM,4,1,3
12/22/2017 10:00:00 PM,6,1,5
12/22/2017 11:00:00 PM,3,3,0
12/23/2017 12:00:00 AM,1,1,0
12/23/2017 01:00:00 AM,4,2,2
12/23/2017 02:00:00 AM,1,0,1
12/23/2017 03:00:00 AM,1,1,0
12/23/2017 04:00:00 AM,1,1,0
12/23/2017 05:00:00 AM,2,0,2
12/23/2017 06:00:00 AM,7,1,6
12/23/2017 07:00:00 AM,7,5,2
12/23/2017 08:00:00 AM,0,0,0
12/23/2017 09:00:00 AM,1,1,0
12/23/2017 10:00:00 AM,5,2,3
12/23/2017 11:00:00 AM,11,9,2
12/23/2017 12:00:00 PM,8,1,7
12/23/2017 01:00:00 PM,10,5,5
12/23/2017 02:00:00 PM,6,3,3
12/23/2017 03:00:00 PM,5,4,1
12/23/2017 04:00:00 PM,12,7,5
12/23/2017 05:00:00 PM,14,4,10
12/23/2017 06:00:00 PM,9,4,5
12/23/2017 07:00:00 PM,7,6,1
12/23/2017 08:00:00 PM,9,5,4
12/23/2017 09:00:00 PM,4,2,2
12/23/2017 10:00:00 PM,5,2,3
12/23/2017 11:00:00 PM,4,2,2
12/24/2017 12:00:00 AM,3,2,1
12/24/2017 01:00:00 AM,1,0,1
12/24/2017 02:00:00 AM,2,0,2
12/24/2017 03:00:00 AM,5,5,0
12/24/2017 04:00:00 AM,3,2,1
12/24/2017 05:00:00 AM,1,0,1
12/24/2017 06:00:00 AM,3,0,3
12/24/2017 07:00:00 AM,8,5,3
12/24/2017 08:00:00 AM,0,0,0
12/24/2017 09:00:00 AM,4,2,2
12/24/2017 10:00:00 AM,0,0,0
12/24/2017 11:00:00 AM,1,0,1
12/24/2017 12:00:00 PM,4,1,3
12/24/2017 01:00:00 PM,8,5,3
12/24/2017 02:00:00 PM,10,6,4
12/24/2017 03:00:00 PM,5,4,1
12/24/2017 04:00:00 PM,5,2,3
12/24/2017 05:00:00 PM,2,1,1
12/24/2017 06:00:00 PM,8,3,5
12/24/2017 07:00:00 PM,2,2,0
12/24/2017 08:00:00 PM,2,2,0
12/24/2017 09:00:00 PM,2,1,1
12/24/2017 10:00:00 PM,1,0,1
12/24/2017 11:00:00 PM,1,1,0
12/25/2017 12:00:00 AM,0,0,0
12/25/2017 01:00:00 AM,1,0,1
12/25/2017 02:00:00 AM,0,0,0
12/25/2017 03:00:00 AM,0,0,0
12/25/2017 04:00:00 AM,0,0,0
12/25/2017 05:00:00 AM,0,0,0
12/25/2017 06:00:00 AM,2,0,2
12/25/2017 07:00:00 AM,2,2,0
12/25/2017 08:00:00 AM,0,0,0
12/25/2017 09:00:00 AM,1,0,1
12/25/2017 10:00:00 AM,1,0,1
12/25/2017 11:00:00 AM,1,1,0
12/25/2017 12:00:00 PM,3,3,0
12/25/2017 01:00:00 PM,0,0,0
12/25/2017 02:00:00 PM,1,1,0
12/25/2017 03:00:00 PM,1,1,0
12/25/2017 04:00:00 PM,0,0,0
12/25/2017 05:00:00 PM,1,0,1
12/25/2017 06:00:00 PM,7,5,2
12/25/2017 07:00:00 PM,1,0,1
12/25/2017 08:00:00 PM,0,0,0
12/25/2017 09:00:00 PM,2,0,2
12/25/2017 10:00:00 PM,0,0,0
12/25/2017 11:00:00 PM,0,0,0
12/26/2017 12:00:00 AM,0,0,0
12/26/2017 01:00:00 AM,0,0,0
12/26/2017 02:00:00 AM,0,0,0
12/26/2017 03:00:00 AM,0,0,0
12/26/2017 04:00:00 AM,1,0,1
12/26/2017 05:00:00 AM,2,0,2
12/26/2017 06:00:00 AM,3,0,3
12/26/2017 07:00:00 AM,5,4,1
12/26/2017 08:00:00 AM,5,1,4
12/26/2017 09:00:00 AM,5,2,3
12/26/2017 10:00:00 AM,4,3,1
12/26/2017 11:00:00 AM,5,3,2
12/26/2017 12:00:00 PM,5,2,3
12/26/2017 01:00:00 PM,8,5,3
12/26/2017 02:00:00 PM,6,6,0
12/26/2017 03:00:00 PM,12,7,5
12/26/2017 04:00:00 PM,10,5,5
12/26/2017 05:00:00 PM,12,9,3
12/26/2017 06:00:00 PM,5,3,2
12/26/2017 07:00:00 PM,8,3,5
12/26/2017 08:00:00 PM,6,2,4
12/26/2017 09:00:00 PM,10,4,6
12/26/2017 10:00:00 PM,1,1,0
12/26/2017 11:00:00 PM,1,1,0
12/27/2017 12:00:00 AM,3,2,1
12/27/2017 01:00:00 AM,2,2,0
12/27/2017 02:00:00 AM,5,0,5
12/27/2017 03:00:00 AM,0,0,0
12/27/2017 04:00:00 AM,0,0,0
12/27/2017 05:00:00 AM,1,0,1
12/27/2017 06:00:00 AM,1,0,1
12/27/2017 07:00:00 AM,10,2,8
12/27/2017 08:00:00 AM,10,4,6
12/27/2017 09:00:00 AM,11,7,4
12/27/2017 10:00:00 AM,10,5,5
12/27/2017 11:00:00 AM,6,1,5
12/27/2017 12:00:00 PM,2,0,2
12/27/2017 01:00:00 PM,4,3,1
12/27/2017 02:00:00 PM,6,3,3
12/27/2017 03:00:00 PM,10,3,7
12/27/2017 04:00:00 PM,5,3,2
12/27/2017 05:00:00 PM,21,14,7
12/27/2017 06:00:00 PM,19,9,10
12/27/2017 07:00:00 PM,4,2,2
12/27/2017 08:00:00 PM,6,2,4
12/27/2017 09:00:00 PM,6,4,2
12/27/2017 10:00:00 PM,1,0,1
12/27/2017 11:00:00 PM,3,1,2
12/28/2017 12:00:00 AM,1,1,0
12/28/2017 01:00:00 AM,0,0,0
12/28/2017 02:00:00 AM,0,0,0
12/28/2017 03:00:00 AM,0,0,0
12/28/2017 04:00:00 AM,2,0,2
12/28/2017 05:00:00 AM,3,1,2
12/28/2017 06:00:00 AM,4,1,3
12/28/2017 07:00:00 AM,11,4,7
12/28/2017 08:00:00 AM,6,1,5
12/28/2017 09:00:00 AM,6,1,5
12/28/2017 10:00:00 AM,10,7,3
12/28/2017 11:00:00 AM,2,1,1
12/28/2017 12:00:00 PM,5,2,3
12/28/2017 01:00:00 PM,4,3,1
12/28/2017 02:00:00 PM,20,10,10
12/28/2017 03:00:00 PM,8,6,2
12/28/2017 04:00:00 PM,14,10,4
12/28/2017 05:00:00 PM,13,8,5
12/28/2017 06:00:00 PM,9,4,5
12/28/2017 07:00:00 PM,11,6,5
12/28/2017 08:00:00 PM,5,1,4
12/28/2017 09:00:00 PM,6,0,6
12/28/2017 10:00:00 PM,2,2,0
12/28/2017 11:00:00 PM,4,2,2
12/29/2017 12:00:00 AM,1,1,0
12/29/2017 01:00:00 AM,5,3,2
12/29/2017 02:00:00 AM,0,0,0
12/29/2017 03:00:00 AM,0,0,0
12/29/2017 04:00:00 AM,0,0,0
12/29/2017 05:00:00 AM,4,0,4
12/29/2017 06:00:00 AM,8,2,6
12/29/2017 07:00:00 AM,7,2,5
12/29/2017 08:00:00 AM,6,2,4
12/29/2017 09:00:00 AM,4,2,2
12/29/2017 10:00:00 AM,6,1,5
12/29/2017 11:00:00 AM,4,1,3
12/29/2017 12:00:00 PM,1,0,1
12/29/2017 01:00:00 PM,7,4,3
12/29/2017 02:00:00 PM,6,3,3
12/29/2017 03:00:00 PM,3,3,0
12/29/2017 04:00:00 PM,13,9,4
12/29/2017 05:00:00 PM,14,9,5
12/29/2017 06:00:00 PM,6,4,2
12/29/2017 07:00:00 PM,6,3,3
12/29/2017 08:00:00 PM,4,3,1
12/29/2017 09:00:00 PM,4,1,3
12/29/2017 10:00:00 PM,5,4,1
12/29/2017 11:00:00 PM,1,1,0
12/30/2017 12:00:00 AM,0,0,0
12/30/2017 01:00:00 AM,2,0,2
12/30/2017 02:00:00 AM,7,2,5
12/30/2017 03:00:00 AM,0,0,0
12/30/2017 04:00:00 AM,0,0,0
12/30/2017 05:00:00 AM,2,0,2
12/30/2017 06:00:00 AM,3,0,3
12/30/2017 07:00:00 AM,3,1,2
12/30/2017 08:00:00 AM,0,0,0
12/30/2017 09:00:00 AM,4,1,3
12/30/2017 10:00:00 AM,7,4,3
12/30/2017 11:00:00 AM,6,5,1
12/30/2017 12:00:00 PM,16,11,5
12/30/2017 01:00:00 PM,12,5,7
12/30/2017 02:00:00 PM,5,2,3
12/30/2017 03:00:00 PM,5,4,1
12/30/2017 04:00:00 PM,13,8,5
12/30/2017 05:00:00 PM,12,6,6
12/30/2017 06:00:00 PM,8,6,2
12/30/2017 07:00:00 PM,8,6,2
12/30/2017 08:00:00 PM,3,1,2
12/30/2017 09:00:00 PM,0,0,0
12/30/2017 10:00:00 PM,3,1,2
12/30/2017 11:00:00 PM,1,1,0
12/31/2017 12:00:00 AM,2,2,0
12/31/2017 01:00:00 AM,5,1,4
12/31/2017 02:00:00 AM,0,0,0
12/31/2017 03:00:00 AM,0,0,0
12/31/2017 04:00:00 AM,0,0,0
12/31/2017 05:00:00 AM,1,1,0
12/31/2017 06:00:00 AM,5,4,1
12/31/2017 07:00:00 AM,2,1,1
12/31/2017 08:00:00 AM,1,1,0
12/31/2017 09:00:00 AM,7,5,2
12/31/2017 10:00:00 AM,6,0,6
12/31/2017 11:00:00 AM,7,4,3
12/31/2017 12:00:00 PM,7,3,4
12/31/2017 01:00:00 PM,6,3,3
12/31/2017 02:00:00 PM,9,6,3
12/31/2017 03:00:00 PM,13,8,5
12/31/2017 04:00:00 PM,13,4,9
12/31/2017 05:00:00 PM,8,4,4
12/31/2017 06:00:00 PM,8,1,7
12/31/2017 07:00:00 PM,5,3,2
12/31/2017 08:00:00 PM,6,4,2
12/31/2017 09:00:00 PM,1,1,0
12/31/2017 10:00:00 PM,7,3,4
12/31/2017 11:00:00 PM,2,0,2
01/01/2018 12:00:00 AM,2,0,2
01/01/2018 01:00:00 AM,4,1,3
01/01/2018 02:00:00 AM,2,2,0
01/01/2018 03:00:00 AM,2,0,2
01/01/2018 04:00:00 AM,1,1,0
01/01/2018 05:00:00 AM,0,0,0
01/01/2018 06:00:00 AM,0,0,0
01/01/2018 07:00:00 AM,6,4,2
01/01/2018 08:00:00 AM,2,2,0
01/01/2018 09:00:00 AM,2,0,2
01/01/2018 10:00:00 AM,0,0,0
01/01/2018 11:00:00 AM,5,2,3
01/01/2018 12:00:00 PM,11,6,5
01/01/2018 01:00:00 PM,10,4,6
01/01/2018 02:00:00 PM,14,8,6
01/01/2018 03:00:00 PM,11,5,6
01/01/2018 04:00:00 PM,13,11,2
01/01/2018 05:00:00 PM,13,11,2
01/01/2018 06:00:00 PM,12,1,11
01/01/2018 07:00:00 PM,0,0,0
01/01/2018 08:00:00 PM,2,0,2
01/01/2018 09:00:00 PM,2,0,2
01/01/2018 10:00:00 PM,3,0,3
01/01/2018 11:00:00 PM,0,0,0
01/02/2018 12:00:00 AM,0,0,0
01/02/2018 01:00:00 AM,1,1,0
01/02/2018 02:00:00 AM,0,0,0
01/02/2018 03:00:00 AM,0,0,0
01/02/2018 04:00:00 AM,2,0,2
01/02/2018 05:00:00 AM,4,1,3
01/02/2018 06:00:00 AM,7,2,5
01/02/2018 07:00:00 AM,25,5,20
01/02/2018 08:00:00 AM,30,6,24
01/02/2018 09:00:00 AM,13,6,7
01/02/2018 10:00:00 AM,10,4,6
01/02/2018 11:00:00 AM,8,4,4
01/02/2018 12:00:00 PM,14,8,6
01/02/2018 01:00:00 PM,12,6,6
01/02/2018 02:00:00 PM,19,9,10
01/02/2018 03:00:00 PM,17,12,5
01/02/2018 04:00:00 PM,26,21,5
01/02/2018 05:00:00 PM,32,21,11
01/02/2018 06:00:00 PM,26,18,8
01/02/2018 07:00:00 PM,15,8,7
01/02/2018 08:00:00 PM,11,8,3
01/02/2018 09:00:00 PM,6,1,5
01/02/2018 10:00:00 PM,2,1,1
01/02/2018 11:00:00 PM,4,3,1
01/03/2018 12:00:00 AM,7,5,2
01/03/2018 01:00:00 AM,2,0,2
01/03/2018 02:00:00 AM,0,0,0
01/03/2018 03:00:00 AM,0,0,0
01/03/2018 04:00:00 AM,0,0,0
01/03/2018 05:00:00 AM,3,0,3
01/03/2018 06:00:00 AM,6,1,5
01/03/2018 07:00:00 AM,35,6,29
01/03/2018 08:00:00 AM,20,5,15
01/03/2018 09:00:00 AM,15,5,10
01/03/2018 10:00:00 AM,11,6,5
01/03/2018 11:00:00 AM,8,4,4
01/03/2018 12:00:00 PM,9,7,2
01/03/2018 01:00:00 PM,12,5,7
01/03/2018 02:00:00 PM,19,10,9
01/03/2018 03:00:00 PM,12,7,5
01/03/2018 04:00:00 PM,29,21,8
01/03/2018 05:00:00 PM,37,22,15
01/03/2018 06:00:00 PM,33,16,17
01/03/2018 07:00:00 PM,19,5,14
01/03/2018 08:00:00 PM,5,1,4
01/03/2018 09:00:00 PM,7,3,4
01/03/2018 10:00:00 PM,6,2,4
01/03/2018 11:00:00 PM,4,3,1
01/04/2018 12:00:00 AM,0,0,0
01/04/2018 01:00:00 AM,1,1,0
01/04/2018 02:00:00 AM,0,0,0
01/04/2018 03:00:00 AM,0,0,0
01/04/2018 04:00:00 AM,2,0,2
01/04/2018 05:00:00 AM,4,0,4
01/04/2018 06:00:00 AM,12,4,8
01/04/2018 07:00:00 AM,26,3,23
01/04/2018 08:00:00 AM,22,8,14
01/04/2018 09:00:00 AM,18,5,13
01/04/2018 10:00:00 AM,5,3,2
01/04/2018 11:00:00 AM,14,7,7
01/04/2018 12:00:00 PM,14,7,7
01/04/2018 01:00:00 PM,11,4,7
01/04/2018 02:00:00 PM,10,5,5
01/04/2018 03:00:00 PM,18,11,7
01/04/2018 04:00:00 PM,20,14,6
01/04/2018 05:00:00 PM,47,25,22
01/04/2018 06:00:00 PM,31,13,18
01/04/2018 07:00:00 PM,18,5,13
01/04/2018 08:00:00 PM,13,6,7
01/04/2018 09:00:00 PM,7,3,4
01/04/2018 10:00:00 PM,3,1,2
01/04/2018 11:00:00 PM,1,0,1
01/05/2018 12:00:00 AM,1,0,1
01/05/2018 01:00:00 AM,1,1,0
01/05/2018 02:00:00 AM,0,0,0
01/05/2018 03:00:00 AM,0,0,0
01/05/2018 04:00:00 AM,1,0,1
01/05/2018 05:00:00 AM,5,1,4
01/05/2018 06:00:00 AM,9,2,7
01/05/2018 07:00:00 AM,20,6,14
01/05/2018 08:00:00 AM,16,5,11
01/05/2018 09:00:00 AM,11,4,7
01/05/2018 10:00:00 AM,10,4,6
01/05/2018 11:00:00 AM,8,3,5
01/05/2018 12:00:00 PM,7,4,3
01/05/2018 01:00:00 PM,6,0,6
01/05/2018 02:00:00 PM,10,6,4
01/05/2018 03:00:00 PM,10,9,1
01/05/2018 04:00:00 PM,21,13,8
01/05/2018 05:00:00 PM,30,17,13
01/05/2018 06:00:00 PM,27,15,12
01/05/2018 07:00:00 PM,17,12,5
01/05/2018 08:00:00 PM,14,5,9
01/05/2018 09:00:00 PM,3,0,3
01/05/2018 10:00:00 PM,4,1,3
01/05/2018 11:00:00 PM,2,0,2
01/06/2018 12:00:00 AM,0,0,0
01/06/2018 01:00:00 AM,4,3,1
01/06/2018 02:00:00 AM,0,0,0
01/06/2018 03:00:00 AM,0,0,0
01/06/2018 04:00:00 AM,0,0,0
01/06/2018 05:00:00 AM,2,0,2
01/06/2018 06:00:00 AM,5,1,4
01/06/2018 07:00:00 AM,5,4,1
01/06/2018 08:00:00 AM,9,6,3
01/06/2018 09:00:00 AM,3,1,2
01/06/2018 10:00:00 AM,2,1,1
01/06/2018 11:00:00 AM,3,3,0
01/06/2018 12:00:00 PM,7,2,5
01/06/2018 01:00:00 PM,5,3,2
01/06/2018 02:00:00 PM,6,3,3
01/06/2018 03:00:00 PM,8,2,6
01/06/2018 04:00:00 PM,11,7,4
01/06/2018 05:00:00 PM,15,8,7
01/06/2018 06:00:00 PM,9,5,4
01/06/2018 07:00:00 PM,9,7,2
01/06/2018 08:00:00 PM,6,2,4
01/06/2018 09:00:00 PM,4,2,2
01/06/2018 10:00:00 PM,3,2,1
01/06/2018 11:00:00 PM,4,3,1
01/07/2018 12:00:00 AM,3,1,2
01/07/2018 01:00:00 AM,6,2,4
01/07/2018 02:00:00 AM,0,0,0
01/07/2018 03:00:00 AM,0,0,0
01/07/2018 04:00:00 AM,0,0,0
01/07/2018 05:00:00 AM,1,0,1
01/07/2018 06:00:00 AM,7,0,7
01/07/2018 07:00:00 AM,4,3,1
01/07/2018 08:00:00 AM,5,3,2
01/07/2018 09:00:00 AM,5,2,3
01/07/2018 10:00:00 AM,8,4,4
01/07/2018 11:00:00 AM,3,2,1
01/07/2018 12:00:00 PM,4,2,2
01/07/2018 01:00:00 PM,7,2,5
01/07/2018 02:00:00 PM,8,2,6
01/07/2018 03:00:00 PM,9,2,7
01/07/2018 04:00:00 PM,10,6,4
01/07/2018 05:00:00 PM,7,1,6
01/07/2018 06:00:00 PM,7,3,4
01/07/2018 07:00:00 PM,9,7,2
01/07/2018 08:00:00 PM,2,2,0
01/07/2018 09:00:00 PM,2,0,2
01/07/2018 10:00:00 PM,2,2,0
01/07/2018 11:00:00 PM,0,0,0
01/08/2018 12:00:00 AM,1,0,1
01/08/2018 01:00:00 AM,0,0,0
01/08/2018 02:00:00 AM,0,0,0
01/08/2018 03:00:00 AM,2,2,0
01/08/2018 04:00:00 AM,2,0,2
01/08/2018 05:00:00 AM,3,0,3
01/08/2018 06:00:00 AM,6,2,4
01/08/2018 07:00:00 AM,24,3,21
01/08/2018 08:00:00 AM,24,7,17
01/08/2018 09:00:00 AM,8,3,5
01/08/2018 10:00:00 AM,15,3,12
01/08/2018 11:00:00 AM,4,1,3
01/08/2018 12:00:00 PM,5,1,4
01/08/2018 01:00:00 PM,6,2,4
01/08/2018 02:00:00 PM,16,10,6
01/08/2018 03:00:00 PM,17,14,3
01/08/2018 04:00:00 PM,25,15,10
01/08/2018 05:00:00 PM,36,26,10
01/08/2018 06:00:00 PM,24,11,13
01/08/2018 07:00:00 PM,18,8,10
01/08/2018 08:00:00 PM,11,3,8
01/08/2018 09:00:00 PM,11,3,8
01/08/2018 10:00:00 PM,5,5,0
01/08/2018 11:00:00 PM,2,1,1
01/09/2018 12:00:00 AM,5,3,2
01/09/2018 01:00:00 AM,1,1,0
01/09/2018 02:00:00 AM,1,1,0
01/09/2018 03:00:00 AM,0,0,0
01/09/2018 04:00:00 AM,1,0,1
01/09/2018 05:00:00 AM,2,0,2
01/09/2018 06:00:00 AM,6,1,5
01/09/2018 07:00:00 AM,20,7,13
01/09/2018 08:00:00 AM,30,8,22
01/09/2018 09:00:00 AM,17,7,10
01/09/2018 10:00:00 AM,11,6,5
01/09/2018 11:00:00 AM,8,2,6
01/09/2018 12:00:00 PM,10,7,3
01/09/2018 01:00:00 PM,10,6,4
01/09/2018 02:00:00 PM,11,4,7
01/09/2018 03:00:00 PM,8,5,3
01/09/2018 04:00:00 PM,21,16,5
01/09/2018 05:00:00 PM,35,20,15
01/09/2018 06:00:00 PM,28,15,13
01/09/2018 07:00:00 PM,10,4,6
01/09/2018 08:00:00 PM,9,7,2
01/09/2018 09:00:00 PM,7,4,3
01/09/2018 10:00:00 PM,4,2,2
01/09/2018 11:00:00 PM,2,1,1
01/10/2018 12:00:00 AM,3,1,2
01/10/2018 01:00:00 AM,1,1,0
01/10/2018 02:00:00 AM,0,0,0
01/10/2018 03:00:00 AM,0,0,0
01/10/2018 04:00:00 AM,1,0,1
01/10/2018 05:00:00 AM,3,0,3
01/10/2018 06:00:00 AM,7,1,6
01/10/2018 07:00:00 AM,22,2,20
01/10/2018 08:00:00 AM,20,4,16
01/10/2018 09:00:00 AM,19,7,12
01/10/2018 10:00:00 AM,15,10,5
01/10/2018 11:00:00 AM,14,8,6
01/10/2018 12:00:00 PM,21,10,11
01/10/2018 01:00:00 PM,13,4,9
01/10/2018 02:00:00 PM,21,10,11
01/10/2018 03:00:00 PM,15,6,9
01/10/2018 04:00:00 PM,22,13,9
01/10/2018 05:00:00 PM,38,21,17
01/10/2018 06:00:00 PM,33,16,17
01/10/2018 07:00:00 PM,14,7,7
01/10/2018 08:00:00 PM,19,10,9
01/10/2018 09:00:00 PM,9,1,8
01/10/2018 10:00:00 PM,6,1,5
01/10/2018 11:00:00 PM,4,2,2
01/11/2018 12:00:00 AM,4,2,2
01/11/2018 01:00:00 AM,2,1,1
01/11/2018 02:00:00 AM,1,0,1
01/11/2018 03:00:00 AM,0,0,0
01/11/2018 04:00:00 AM,3,1,2
01/11/2018 05:00:00 AM,3,1,2
01/11/2018 06:00:00 AM,3,0,3
01/11/2018 07:00:00 AM,14,5,9
01/11/2018 08:00:00 AM,11,4,7
01/11/2018 09:00:00 AM,9,3,6
01/11/2018 10:00:00 AM,10,3,7
01/11/2018 11:00:00 AM,4,2,2
01/11/2018 12:00:00 PM,8,2,6
01/11/2018 01:00:00 PM,6,2,4
01/11/2018 02:00:00 PM,8,6,2
01/11/2018 03:00:00 PM,11,7,4
01/11/2018 04:00:00 PM,18,13,5
01/11/2018 05:00:00 PM,21,9,12
01/11/2018 06:00:00 PM,26,13,13
01/11/2018 07:00:00 PM,25,17,8
01/11/2018 08:00:00 PM,9,7,2
01/11/2018 09:00:00 PM,2,0,2
01/11/2018 10:00:00 PM,3,2,1
01/11/2018 11:00:00 PM,4,1,3
01/12/2018 12:00:00 AM,6,3,3
01/12/2018 01:00:00 AM,4,2,2
01/12/2018 02:00:00 AM,1,1,0
01/12/2018 03:00:00 AM,1,0,1
01/12/2018 04:00:00 AM,2,0,2
01/12/2018 05:00:00 AM,4,2,2
01/12/2018 06:00:00 AM,10,0,10
01/12/2018 07:00:00 AM,26,9,17
01/12/2018 08:00:00 AM,23,7,16
01/12/2018 09:00:00 AM,10,1,9
01/12/2018 10:00:00 AM,3,2,1
01/12/2018 11:00:00 AM,14,5,9
01/12/2018 12:00:00 PM,14,8,6
01/12/2018 01:00:00 PM,11,3,8
01/12/2018 02:00:00 PM,9,4,5
01/12/2018 03:00:00 PM,17,9,8
01/12/2018 04:00:00 PM,18,12,6
01/12/2018 05:00:00 PM,26,15,11
01/12/2018 06:00:00 PM,21,10,11
01/12/2018 07:00:00 PM,26,13,13
01/12/2018 08:00:00 PM,5,3,2
01/12/2018 09:00:00 PM,3,2,1
01/12/2018 10:00:00 PM,5,2,3
01/12/2018 11:00:00 PM,11,6,5
01/13/2018 12:00:00 AM,3,1,2
01/13/2018 01:00:00 AM,7,1,6
01/13/2018 02:00:00 AM,1,1,0
01/13/2018 03:00:00 AM,0,0,0
01/13/2018 04:00:00 AM,1,1,0
01/13/2018 05:00:00 AM,4,1,3
01/13/2018 06:00:00 AM,4,0,4
01/13/2018 07:00:00 AM,5,3,2
01/13/2018 08:00:00 AM,4,3,1
01/13/2018 09:00:00 AM,4,3,1
01/13/2018 10:00:00 AM,3,3,0
01/13/2018 11:00:00 AM,2,0,2
01/13/2018 12:00:00 PM,8,4,4
01/13/2018 01:00:00 PM,8,3,5
01/13/2018 02:00:00 PM,12,9,3
01/13/2018 03:00:00 PM,13,5,8
01/13/2018 04:00:00 PM,15,9,6
01/13/2018 05:00:00 PM,10,4,6
01/13/2018 06:00:00 PM,12,2,10
01/13/2018 07:00:00 PM,15,6,9
01/13/2018 08:00:00 PM,8,5,3
01/13/2018 09:00:00 PM,6,4,2
01/13/2018 10:00:00 PM,6,5,1
01/13/2018 11:00:00 PM,2,2,0
01/14/2018 12:00:00 AM,3,2,1
01/14/2018 01:00:00 AM,5,0,5
01/14/2018 02:00:00 AM,7,2,5
01/14/2018 03:00:00 AM,1,1,0
01/14/2018 04:00:00 AM,1,1,0
01/14/2018 05:00:00 AM,0,0,0
01/14/2018 06:00:00 AM,8,0,8
01/14/2018 07:00:00 AM,6,4,2
01/14/2018 08:00:00 AM,3,3,0
01/14/2018 09:00:00 AM,6,3,3
01/14/2018 10:00:00 AM,7,5,2
01/14/2018 11:00:00 AM,17,10,7
01/14/2018 12:00:00 PM,9,2,7
01/14/2018 01:00:00 PM,16,11,5
01/14/2018 02:00:00 PM,8,6,2
01/14/2018 03:00:00 PM,18,8,10
01/14/2018 04:00:00 PM,25,12,13
01/14/2018 05:00:00 PM,14,5,9
01/14/2018 06:00:00 PM,15,7,8
01/14/2018 07:00:00 PM,12,6,6
01/14/2018 08:00:00 PM,10,6,4
01/14/2018 09:00:00 PM,7,6,1
01/14/2018 10:00:00 PM,6,0,6
01/14/2018 11:00:00 PM,6,2,4
01/15/2018 12:00:00 AM,4,0,4
01/15/2018 01:00:00 AM,0,0,0
01/15/2018 02:00:00 AM,1,0,1
01/15/2018 03:00:00 AM,0,0,0
01/15/2018 04:00:00 AM,1,0,1
01/15/2018 05:00:00 AM,4,2,2
01/15/2018 06:00:00 AM,2,0,2
01/15/2018 07:00:00 AM,18,5,13
01/15/2018 08:00:00 AM,15,6,9
01/15/2018 09:00:00 AM,6,4,2
01/15/2018 10:00:00 AM,10,6,4
01/15/2018 11:00:00 AM,10,3,7
01/15/2018 12:00:00 PM,17,9,8
01/15/2018 01:00:00 PM,20,16,4
01/15/2018 02:00:00 PM,11,8,3
01/15/2018 03:00:00 PM,4,2,2
01/15/2018 04:00:00 PM,26,17,9
01/15/2018 05:00:00 PM,18,11,7
01/15/2018 06:00:00 PM,22,8,14
01/15/2018 07:00:00 PM,19,9,10
01/15/2018 08:00:00 PM,3,1,2
01/15/2018 09:00:00 PM,12,4,8
01/15/2018 10:00:00 PM,1,1,0
01/15/2018 11:00:00 PM,1,1,0
01/16/2018 12:00:00 AM,3,1,2
01/16/2018 01:00:00 AM,0,0,0
01/16/2018 02:00:00 AM,0,0,0
01/16/2018 03:00:00 AM,0,0,0
01/16/2018 04:00:00 AM,2,0,2
01/16/2018 05:00:00 AM,4,0,4
01/16/2018 06:00:00 AM,9,0,9
01/16/2018 07:00:00 AM,23,5,18
01/16/2018 08:00:00 AM,32,9,23
01/16/2018 09:00:00 AM,20,5,15
01/16/2018 10:00:00 AM,15,2,13
01/16/2018 11:00:00 AM,9,5,4
01/16/2018 12:00:00 PM,15,5,10
01/16/2018 01:00:00 PM,11,6,5
01/16/2018 02:00:00 PM,15,9,6
01/16/2018 03:00:00 PM,15,10,5
01/16/2018 04:00:00 PM,22,10,12
01/16/2018 05:00:00 PM,32,19,13
01/16/2018 06:00:00 PM,31,19,12
01/16/2018 07:00:00 PM,21,10,11
01/16/2018 08:00:00 PM,16,7,9
01/16/2018 09:00:00 PM,13,5,8
01/16/2018 10:00:00 PM,4,1,3
01/16/2018 11:00:00 PM,3,1,2
01/17/2018 12:00:00 AM,1,1,0
01/17/2018 01:00:00 AM,0,0,0
01/17/2018 02:00:00 AM,0,0,0
01/17/2018 03:00:00 AM,0,0,0
01/17/2018 04:00:00 AM,0,0,0
01/17/2018 05:00:00 AM,3,0,3
01/17/2018 06:00:00 AM,4,0,4
01/17/2018 07:00:00 AM,22,4,18
01/17/2018 08:00:00 AM,26,8,18
01/17/2018 09:00:00 AM,8,3,5
01/17/2018 10:00:00 AM,6,2,4
01/17/2018 11:00:00 AM,14,11,3
01/17/2018 12:00:00 PM,17,11,6
01/17/2018 01:00:00 PM,22,7,15
01/17/2018 02:00:00 PM,13,4,9
01/17/2018 03:00:00 PM,13,11,2
01/17/2018 04:00:00 PM,23,17,6
01/17/2018 05:00:00 PM,23,13,10
01/17/2018 06:00:00 PM,26,13,13
01/17/2018 07:00:00 PM,6,2,4
01/17/2018 08:00:00 PM,10,3,7
01/17/2018 09:00:00 PM,12,1,11
01/17/2018 10:00:00 PM,3,2,1
01/17/2018 11:00:00 PM,2,1,1
01/18/2018 12:00:00 AM,0,0,0
01/18/2018 01:00:00 AM,1,0,1
01/18/2018 02:00:00 AM,1,1,0
01/18/2018 03:00:00 AM,0,0,0
01/18/2018 04:00:00 AM,0,0,0
01/18/2018 05:00:00 AM,2,0,2
01/18/2018 06:00:00 AM,9,1,8
01/18/2018 07:00:00 AM,16,6,10
01/18/2018 08:00:00 AM,32,10,22
01/18/2018 09:00:00 AM,13,3,10
01/18/2018 10:00:00 AM,11,5,6
01/18/2018 11:00:00 AM,15,8,7
01/18/2018 12:00:00 PM,15,5,10
01/18/2018 01:00:00 PM,8,4,4
01/18/2018 02:00:00 PM,9,3,6
01/18/2018 03:00:00 PM,12,8,4
01/18/2018 04:00:00 PM,21,14,7
01/18/2018 05:00:00 PM,40,24,16
01/18/2018 06:00:00 PM,28,11,17
01/18/2018 07:00:00 PM,17,11,6
01/18/2018 08:00:00 PM,9,6,3
01/18/2018 09:00:00 PM,5,1,4
01/18/2018 10:00:00 PM,3,2,1
01/18/2018 11:00:00 PM,4,1,3
01/19/2018 12:00:00 AM,1,1,0
01/19/2018 01:00:00 AM,0,0,0
01/19/2018 02:00:00 AM,1,0,1
01/19/2018 03:00:00 AM,0,0,0
01/19/2018 04:00:00 AM,0,0,0
01/19/2018 05:00:00 AM,1,0,1
01/19/2018 06:00:00 AM,6,1,5
01/19/2018 07:00:00 AM,16,2,14
01/19/2018 08:00:00 AM,23,5,18
01/19/2018 09:00:00 AM,18,4,14
01/19/2018 10:00:00 AM,10,5,5
01/19/2018 11:00:00 AM,8,3,5
01/19/2018 12:00:00 PM,14,7,7
01/19/2018 01:00:00 PM,12,6,6
01/19/2018 02:00:00 PM,10,4,6
01/19/2018 03:00:00 PM,15,9,6
01/19/2018 04:00:00 PM,18,14,4
01/19/2018 05:00:00 PM,28,18,10
01/19/2018 06:00:00 PM,19,7,12
01/19/2018 07:00:00 PM,21,11,10
01/19/2018 08:00:00 PM,16,5,11
01/19/2018 09:00:00 PM,8,2,6
01/19/2018 10:00:00 PM,2,2,0
01/19/2018 11:00:00 PM,1,1,0
01/20/2018 12:00:00 AM,0,0,0
01/20/2018 01:00:00 AM,1,0,1
01/20/2018 02:00:00 AM,2,2,0
01/20/2018 03:00:00 AM,0,0,0
01/20/2018 04:00:00 AM,0,0,0
01/20/2018 05:00:00 AM,0,0,0
01/20/2018 06:00:00 AM,5,1,4
01/20/2018 07:00:00 AM,8,5,3
01/20/2018 08:00:00 AM,7,5,2
01/20/2018 09:00:00 AM,12,10,2
01/20/2018 10:00:00 AM,8,4,4
01/20/2018 11:00:00 AM,10,3,7
01/20/2018 12:00:00 PM,15,13,2
01/20/2018 01:00:00 PM,13,7,6
01/20/2018 02:00:00 PM,13,5,8
01/20/2018 03:00:00 PM,13,3,10
01/20/2018 04:00:00 PM,12,7,5
01/20/2018 05:00:00 PM,10,3,7
01/20/2018 06:00:00 PM,16,5,11
01/20/2018 07:00:00 PM,11,5,6
01/20/2018 08:00:00 PM,11,7,4
01/20/2018 09:00:00 PM,6,1,5
01/20/2018 10:00:00 PM,4,1,3
01/20/2018 11:00:00 PM,1,0,1
01/21/2018 12:00:00 AM,6,1,5
01/21/2018 01:00:00 AM,5,1,4
01/21/2018 02:00:00 AM,0,0,0
01/21/2018 03:00:00 AM,1,0,1
01/21/2018 04:00:00 AM,1,0,1
01/21/2018 05:00:00 AM,2,1,1
01/21/2018 06:00:00 AM,4,0,4
01/21/2018 07:00:00 AM,5,2,3
01/21/2018 08:00:00 AM,1,1,0
01/21/2018 09:00:00 AM,4,2,2
01/21/2018 10:00:00 AM,5,1,4
01/21/2018 11:00:00 AM,3,0,3
01/21/2018 12:00:00 PM,9,4,5
01/21/2018 01:00:00 PM,12,10,2
01/21/2018 02:00:00 PM,8,2,6
01/21/2018 03:00:00 PM,4,4,0
01/21/2018 04:00:00 PM,5,3,2
01/21/2018 05:00:00 PM,6,4,2
01/21/2018 06:00:00 PM,7,2,5
01/21/2018 07:00:00 PM,10,6,4
01/21/2018 08:00:00 PM,5,2,3
01/21/2018 09:00:00 PM,4,2,2
01/21/2018 10:00:00 PM,0,0,0
01/21/2018 11:00:00 PM,0,0,0
01/22/2018 12:00:00 AM,3,2,1
01/22/2018 01:00:00 AM,0,0,0
01/22/2018 02:00:00 AM,1,0,1
01/22/2018 03:00:00 AM,1,0,1
01/22/2018 04:00:00 AM,0,0,0
01/22/2018 05:00:00 AM,3,0,3
01/22/2018 06:00:00 AM,11,2,9
01/22/2018 07:00:00 AM,30,7,23
01/22/2018 08:00:00 AM,30,9,21
01/22/2018 09:00:00 AM,23,7,16
01/22/2018 10:00:00 AM,7,4,3
01/22/2018 11:00:00 AM,11,6,5
01/22/2018 12:00:00 PM,10,7,3
01/22/2018 01:00:00 PM,14,7,7
01/22/2018 02:00:00 PM,11,6,5
01/22/2018 03:00:00 PM,12,7,5
01/22/2018 04:00:00 PM,37,27,10
01/22/2018 05:00:00 PM,39,22,17
01/22/2018 06:00:00 PM,26,16,10
01/22/2018 07:00:00 PM,16,8,8
01/22/2018 08:00:00 PM,10,5,5
01/22/2018 09:00:00 PM,3,0,3
01/22/2018 10:00:00 PM,5,4,1
01/22/2018 11:00:00 PM,5,4,1
01/23/2018 12:00:00 AM,2,1,1
01/23/2018 01:00:00 AM,0,0,0
01/23/2018 02:00:00 AM,1,0,1
01/23/2018 03:00:00 AM,0,0,0
01/23/2018 04:00:00 AM,2,1,1
01/23/2018 05:00:00 AM,5,0,5
01/23/2018 06:00:00 AM,7,1,6
01/23/2018 07:00:00 AM,23,4,19
01/23/2018 08:00:00 AM,23,5,18
01/23/2018 09:00:00 AM,10,1,9
01/23/2018 10:00:00 AM,9,6,3
01/23/2018 11:00:00 AM,2,0,2
01/23/2018 12:00:00 PM,8,4,4
01/23/2018 01:00:00 PM,6,2,4
01/23/2018 02:00:00 PM,17,11,6
01/23/2018 03:00:00 PM,5,4,1
01/23/2018 04:00:00 PM,13,10,3
01/23/2018 05:00:00 PM,35,21,14
01/23/2018 06:00:00 PM,24,12,12
01/23/2018 07:00:00 PM,13,10,3
01/23/2018 08:00:00 PM,8,4,4
01/23/2018 09:00:00 PM,7,2,5
01/23/2018 10:00:00 PM,3,1,2
01/23/2018 11:00:00 PM,0,0,0
01/24/2018 12:00:00 AM,1,1,0
01/24/2018 01:00:00 AM,1,0,1
01/24/2018 02:00:00 AM,2,1,1
01/24/2018 03:00:00 AM,0,0,0
01/24/2018 04:00:00 AM,0,0,0
01/24/2018 05:00:00 AM,4,0,4
01/24/2018 06:00:00 AM,7,0,7
01/24/2018 07:00:00 AM,25,6,19
01/24/2018 08:00:00 AM,26,7,19
01/24/2018 09:00:00 AM,12,3,9
01/24/2018 10:00:00 AM,14,6,8
01/24/2018 11:00:00 AM,9,5,4
01/24/2018 12:00:00 PM,8,5,3
01/24/2018 01:00:00 PM,6,2,4
01/24/2018 02:00:00 PM,11,6,5
01/24/2018 03:00:00 PM,7,6,1
01/24/2018 04:00:00 PM,22,19,3
01/24/2018 05:00:00 PM,22,11,11
01/24/2018 06:00:00 PM,27,15,12
01/24/2018 07:00:00 PM,17,6,11
01/24/2018 08:00:00 PM,11,5,6
01/24/2018 09:00:00 PM,11,2,9
01/24/2018 10:00:00 PM,5,2,3
01/24/2018 11:00:00 PM,6,3,3
01/25/2018 12:00:00 AM,3,3,0
01/25/2018 01:00:00 AM,2,0,2
01/25/2018 02:00:00 AM,2,1,1
01/25/2018 03:00:00 AM,0,0,0
01/25/2018 04:00:00 AM,2,0,2
01/25/2018 05:00:00 AM,4,0,4
01/25/2018 06:00:00 AM,7,1,6
01/25/2018 07:00:00 AM,27,8,19
01/25/2018 08:00:00 AM,19,5,14
01/25/2018 09:00:00 AM,13,3,10
01/25/2018 10:00:00 AM,9,3,6
01/25/2018 11:00:00 AM,11,5,6
01/25/2018 12:00:00 PM,15,3,12
01/25/2018 01:00:00 PM,9,4,5
01/25/2018 02:00:00 PM,12,9,3
01/25/2018 03:00:00 PM,17,8,9
01/25/2018 04:00:00 PM,17,12,5
01/25/2018 05:00:00 PM,39,24,15
01/25/2018 06:00:00 PM,34,14,20
01/25/2018 07:00:00 PM,17,9,8
01/25/2018 08:00:00 PM,7,5,2
01/25/2018 09:00:00 PM,11,7,4
01/25/2018 10:00:00 PM,8,5,3
01/25/2018 11:00:00 PM,1,0,1
01/26/2018 12:00:00 AM,1,0,1
01/26/2018 01:00:00 AM,1,1,0
01/26/2018 02:00:00 AM,0,0,0
01/26/2018 03:00:00 AM,1,0,1
01/26/2018 04:00:00 AM,2,2,0
01/26/2018 05:00:00 AM,2,0,2
01/26/2018 06:00:00 AM,8,1,7
01/26/2018 07:00:00 AM,22,3,19
01/26/2018 08:00:00 AM,26,8,18
01/26/2018 09:00:00 AM,10,3,7
01/26/2018 10:00:00 AM,8,3,5
01/26/2018 11:00:00 AM,10,7,3
01/26/2018 12:00:00 PM,13,3,10
01/26/2018 01:00:00 PM,10,6,4
01/26/2018 02:00:00 PM,12,5,7
01/26/2018 03:00:00 PM,14,6,8
01/26/2018 04:00:00 PM,25,18,7
01/26/2018 05:00:00 PM,39,20,19
01/26/2018 06:00:00 PM,30,14,16
01/26/2018 07:00:00 PM,13,5,8
01/26/2018 08:00:00 PM,8,2,6
01/26/2018 09:00:00 PM,5,1,4
01/26/2018 10:00:00 PM,3,0,3
01/26/2018 11:00:00 PM,2,0,2
01/27/2018 12:00:00 AM,5,2,3
01/27/2018 01:00:00 AM,6,1,5
01/27/2018 02:00:00 AM,1,0,1
01/27/2018 03:00:00 AM,0,0,0
01/27/2018 04:00:00 AM,1,1,0
01/27/2018 05:00:00 AM,2,0,2
01/27/2018 06:00:00 AM,2,0,2
01/27/2018 07:00:00 AM,7,3,4
01/27/2018 08:00:00 AM,2,1,1
01/27/2018 09:00:00 AM,3,3,0
01/27/2018 10:00:00 AM,3,1,2
01/27/2018 11:00:00 AM,5,0,5
01/27/2018 12:00:00 PM,8,2,6
01/27/2018 01:00:00 PM,6,5,1
01/27/2018 02:00:00 PM,5,2,3
01/27/2018 03:00:00 PM,8,5,3
01/27/2018 04:00:00 PM,7,5,2
01/27/2018 05:00:00 PM,3,1,2
01/27/2018 06:00:00 PM,9,1,8
01/27/2018 07:00:00 PM,5,1,4
01/27/2018 08:00:00 PM,5,4,1
01/27/2018 09:00:00 PM,4,2,2
01/27/2018 10:00:00 PM,5,2,3
01/27/2018 11:00:00 PM,3,2,1
01/28/2018 12:00:00 AM,6,3,3
01/28/2018 01:00:00 AM,6,3,3
01/28/2018 02:00:00 AM,3,3,0
01/28/2018 03:00:00 AM,1,0,1
01/28/2018 04:00:00 AM,0,0,0
01/28/2018 05:00:00 AM,3,0,3
01/28/2018 06:00:00 AM,5,0,5
01/28/2018 07:00:00 AM,3,3,0
01/28/2018 08:00:00 AM,5,3,2
01/28/2018 09:00:00 AM,5,4,1
01/28/2018 10:00:00 AM,9,5,4
01/28/2018 11:00:00 AM,7,3,4
01/28/2018 12:00:00 PM,6,2,4
01/28/2018 01:00:00 PM,10,6,4
01/28/2018 02:00:00 PM,8,3,5
01/28/2018 03:00:00 PM,7,5,2
01/28/2018 04:00:00 PM,17,7,10
01/28/2018 05:00:00 PM,9,3,6
01/28/2018 06:00:00 PM,9,4,5
01/28/2018 07:00:00 PM,6,3,3
01/28/2018 08:00:00 PM,12,5,7
01/28/2018 09:00:00 PM,6,1,5
01/28/2018 10:00:00 PM,4,1,3
01/28/2018 11:00:00 PM,5,2,3
01/29/2018 12:00:00 AM,1,0,1
01/29/2018 01:00:00 AM,1,0,1
01/29/2018 02:00:00 AM,0,0,0
01/29/2018 03:00:00 AM,0,0,0
01/29/2018 04:00:00 AM,2,1,1
01/29/2018 05:00:00 AM,3,0,3
01/29/2018 06:00:00 AM,3,0,3
01/29/2018 07:00:00 AM,16,3,13
01/29/2018 08:00:00 AM,34,8,26
01/29/2018 09:00:00 AM,11,4,7
01/29/2018 10:00:00 AM,10,4,6
01/29/2018 11:00:00 AM,1,1,0
01/29/2018 12:00:00 PM,6,2,4
01/29/2018 01:00:00 PM,8,2,6
01/29/2018 02:00:00 PM,10,6,4
01/29/2018 03:00:00 PM,5,3,2
01/29/2018 04:00:00 PM,10,9,1
01/29/2018 05:00:00 PM,34,23,11
01/29/2018 06:00:00 PM,19,9,10
01/29/2018 07:00:00 PM,17,6,11
01/29/2018 08:00:00 PM,12,7,5
01/29/2018 09:00:00 PM,9,1,8
01/29/2018 10:00:00 PM,3,2,1
01/29/2018 11:00:00 PM,1,1,0
01/30/2018 12:00:00 AM,2,2,0
01/30/2018 01:00:00 AM,1,0,1
01/30/2018 02:00:00 AM,0,0,0
01/30/2018 03:00:00 AM,0,0,0
01/30/2018 04:00:00 AM,1,0,1
01/30/2018 05:00:00 AM,4,0,4
01/30/2018 06:00:00 AM,11,1,10
01/30/2018 07:00:00 AM,23,7,16
01/30/2018 08:00:00 AM,28,8,20
01/30/2018 09:00:00 AM,15,5,10
01/30/2018 10:00:00 AM,20,9,11
01/30/2018 11:00:00 AM,15,4,11
01/30/2018 12:00:00 PM,15,10,5
01/30/2018 01:00:00 PM,14,4,10
01/30/2018 02:00:00 PM,15,11,4
01/30/2018 03:00:00 PM,18,7,11
01/30/2018 04:00:00 PM,27,19,8
01/30/2018 05:00:00 PM,45,26,19
01/30/2018 06:00:00 PM,29,15,14
01/30/2018 07:00:00 PM,22,12,10
01/30/2018 08:00:00 PM,11,4,7
01/30/2018 09:00:00 PM,8,2,6
01/30/2018 10:00:00 PM,3,1,2
01/30/2018 11:00:00 PM,1,0,1
01/31/2018 12:00:00 AM,0,0,0
01/31/2018 01:00:00 AM,1,1,0
01/31/2018 02:00:00 AM,1,1,0
01/31/2018 03:00:00 AM,0,0,0
01/31/2018 04:00:00 AM,0,0,0
01/31/2018 05:00:00 AM,5,0,5
01/31/2018 06:00:00 AM,7,1,6
01/31/2018 07:00:00 AM,27,3,24
01/31/2018 08:00:00 AM,32,12,20
01/31/2018 09:00:00 AM,12,5,7
01/31/2018 10:00:00 AM,6,3,3
01/31/2018 11:00:00 AM,11,5,6
01/31/2018 12:00:00 PM,8,0,8
01/31/2018 01:00:00 PM,14,7,7
01/31/2018 02:00:00 PM,17,6,11
01/31/2018 03:00:00 PM,14,9,5
01/31/2018 04:00:00 PM,24,20,4
01/31/2018 05:00:00 PM,29,16,13
01/31/2018 06:00:00 PM,31,16,15
01/31/2018 07:00:00 PM,15,5,10
01/31/2018 08:00:00 PM,19,6,13
01/31/2018 09:00:00 PM,10,3,7
01/31/2018 10:00:00 PM,11,8,3
01/31/2018 11:00:00 PM,2,2,0
02/01/2018 12:00:00 AM,3,2,1
02/01/2018 01:00:00 AM,0,0,0
02/01/2018 02:00:00 AM,1,1,0
02/01/2018 03:00:00 AM,1,1,0
02/01/2018 04:00:00 AM,2,1,1
02/01/2018 05:00:00 AM,5,0,5
02/01/2018 06:00:00 AM,9,0,9
02/01/2018 07:00:00 AM,17,6,11
02/01/2018 08:00:00 AM,23,3,20
02/01/2018 09:00:00 AM,13,1,12
02/01/2018 10:00:00 AM,11,4,7
02/01/2018 11:00:00 AM,9,5,4
02/01/2018 12:00:00 PM,15,6,9
02/01/2018 01:00:00 PM,3,2,1
02/01/2018 02:00:00 PM,14,9,5
02/01/2018 03:00:00 PM,19,12,7
02/01/2018 04:00:00 PM,20,14,6
02/01/2018 05:00:00 PM,38,27,11
02/01/2018 06:00:00 PM,18,10,8
02/01/2018 07:00:00 PM,17,9,8
02/01/2018 08:00:00 PM,10,5,5
02/01/2018 09:00:00 PM,7,4,3
02/01/2018 10:00:00 PM,5,3,2
02/01/2018 11:00:00 PM,6,2,4
02/02/2018 12:00:00 AM,1,1,0
02/02/2018 01:00:00 AM,1,1,0
02/02/2018 02:00:00 AM,0,0,0
02/02/2018 03:00:00 AM,0,0,0
02/02/2018 04:00:00 AM,2,0,2
02/02/2018 05:00:00 AM,3,0,3
02/02/2018 06:00:00 AM,8,0,8
02/02/2018 07:00:00 AM,15,2,13
02/02/2018 08:00:00 AM,24,5,19
02/02/2018 09:00:00 AM,16,4,12
02/02/2018 10:00:00 AM,7,3,4
02/02/2018 11:00:00 AM,2,1,1
02/02/2018 12:00:00 PM,12,7,5
02/02/2018 01:00:00 PM,12,8,4
02/02/2018 02:00:00 PM,17,10,7
02/02/2018 03:00:00 PM,19,14,5
02/02/2018 04:00:00 PM,21,12,9
02/02/2018 05:00:00 PM,30,18,12
02/02/2018 06:00:00 PM,19,11,8
02/02/2018 07:00:00 PM,15,11,4
02/02/2018 08:00:00 PM,19,7,12
02/02/2018 09:00:00 PM,9,4,5
02/02/2018 10:00:00 PM,4,2,2
02/02/2018 11:00:00 PM,6,6,0
02/03/2018 12:00:00 AM,3,0,3
02/03/2018 01:00:00 AM,0,0,0
02/03/2018 02:00:00 AM,0,0,0
02/03/2018 03:00:00 AM,1,0,1
02/03/2018 04:00:00 AM,0,0,0
02/03/2018 05:00:00 AM,0,0,0
02/03/2018 06:00:00 AM,5,0,5
02/03/2018 07:00:00 AM,6,3,3
02/03/2018 08:00:00 AM,7,4,3
02/03/2018 09:00:00 AM,1,1,0
02/03/2018 10:00:00 AM,11,4,7
02/03/2018 11:00:00 AM,5,3,2
02/03/2018 12:00:00 PM,11,6,5
02/03/2018 01:00:00 PM,12,6,6
02/03/2018 02:00:00 PM,10,4,6
02/03/2018 03:00:00 PM,6,3,3
02/03/2018 04:00:00 PM,17,8,9
02/03/2018 05:00:00 PM,4,2,2
02/03/2018 06:00:00 PM,11,2,9
02/03/2018 07:00:00 PM,14,8,6
02/03/2018 08:00:00 PM,5,3,2
02/03/2018 09:00:00 PM,1,0,1
02/03/2018 10:00:00 PM,2,2,0
02/03/2018 11:00:00 PM,0,0,0
02/04/2018 12:00:00 AM,3,1,2
02/04/2018 01:00:00 AM,0,0,0
02/04/2018 02:00:00 AM,5,2,3
02/04/2018 03:00:00 AM,1,0,1
02/04/2018 04:00:00 AM,0,0,0
02/04/2018 05:00:00 AM,1,0,1
02/04/2018 06:00:00 AM,4,0,4
02/04/2018 07:00:00 AM,5,2,3
02/04/2018 08:00:00 AM,2,2,0
02/04/2018 09:00:00 AM,2,1,1
02/04/2018 10:00:00 AM,2,2,0
02/04/2018 11:00:00 AM,6,4,2
02/04/2018 12:00:00 PM,15,8,7
02/04/2018 01:00:00 PM,11,7,4
02/04/2018 02:00:00 PM,22,7,15
02/04/2018 03:00:00 PM,22,10,12
02/04/2018 04:00:00 PM,6,2,4
02/04/2018 05:00:00 PM,8,5,3
02/04/2018 06:00:00 PM,13,2,11
02/04/2018 07:00:00 PM,9,6,3
02/04/2018 08:00:00 PM,8,3,5
02/04/2018 09:00:00 PM,1,0,1
02/04/2018 10:00:00 PM,2,2,0
02/04/2018 11:00:00 PM,0,0,0
02/05/2018 12:00:00 AM,0,0,0
02/05/2018 01:00:00 AM,0,0,0
02/05/2018 02:00:00 AM,0,0,0
02/05/2018 03:00:00 AM,0,0,0
02/05/2018 04:00:00 AM,2,0,2
02/05/2018 05:00:00 AM,2,1,1
02/05/2018 06:00:00 AM,11,0,11
02/05/2018 07:00:00 AM,21,2,19
02/05/2018 08:00:00 AM,25,8,17
02/05/2018 09:00:00 AM,18,5,13
02/05/2018 10:00:00 AM,11,7,4
02/05/2018 11:00:00 AM,16,9,7
02/05/2018 12:00:00 PM,6,3,3
02/05/2018 01:00:00 PM,11,6,5
02/05/2018 02:00:00 PM,14,9,5
02/05/2018 03:00:00 PM,24,16,8
02/05/2018 04:00:00 PM,21,15,6
02/05/2018 05:00:00 PM,45,31,14
02/05/2018 06:00:00 PM,22,11,11
02/05/2018 07:00:00 PM,18,6,12
02/05/2018 08:00:00 PM,9,1,8
02/05/2018 09:00:00 PM,8,1,7
02/05/2018 10:00:00 PM,2,2,0
02/05/2018 11:00:00 PM,2,1,1
02/06/2018 12:00:00 AM,3,2,1
02/06/2018 01:00:00 AM,0,0,0
02/06/2018 02:00:00 AM,0,0,0
02/06/2018 03:00:00 AM,0,0,0
02/06/2018 04:00:00 AM,3,1,2
02/06/2018 05:00:00 AM,7,0,7
02/06/2018 06:00:00 AM,8,0,8
02/06/2018 07:00:00 AM,28,5,23
02/06/2018 08:00:00 AM,31,11,20
02/06/2018 09:00:00 AM,15,4,11
02/06/2018 10:00:00 AM,14,3,11
02/06/2018 11:00:00 AM,13,3,10
02/06/2018 12:00:00 PM,13,5,8
02/06/2018 01:00:00 PM,16,9,7
02/06/2018 02:00:00 PM,14,7,7
02/06/2018 03:00:00 PM,12,8,4
02/06/2018 04:00:00 PM,20,16,4
02/06/2018 05:00:00 PM,46,29,17
02/06/2018 06:00:00 PM,35,13,22
02/06/2018 07:00:00 PM,19,9,10
02/06/2018 08:00:00 PM,18,10,8
02/06/2018 09:00:00 PM,12,2,10
02/06/2018 10:00:00 PM,7,3,4
02/06/2018 11:00:00 PM,3,2,1
02/07/2018 12:00:00 AM,1,1,0
02/07/2018 01:00:00 AM,2,1,1
02/07/2018 02:00:00 AM,0,0,0
02/07/2018 03:00:00 AM,1,0,1
02/07/2018 04:00:00 AM,0,0,0
02/07/2018 05:00:00 AM,3,0,3
02/07/2018 06:00:00 AM,6,1,5
02/07/2018 07:00:00 AM,25,5,20
02/07/2018 08:00:00 AM,35,14,21
02/07/2018 09:00:00 AM,14,10,4
02/07/2018 10:00:00 AM,11,3,8
02/07/2018 11:00:00 AM,9,4,5
02/07/2018 12:00:00 PM,14,5,9
02/07/2018 01:00:00 PM,13,6,7
02/07/2018 02:00:00 PM,12,6,6
02/07/2018 03:00:00 PM,11,5,6
02/07/2018 04:00:00 PM,23,18,5
02/07/2018 05:00:00 PM,45,25,20
02/07/2018 06:00:00 PM,29,15,14
02/07/2018 07:00:00 PM,21,10,11
02/07/2018 08:00:00 PM,14,6,8
02/07/2018 09:00:00 PM,9,4,5
02/07/2018 10:00:00 PM,9,1,8
02/07/2018 11:00:00 PM,7,3,4
02/08/2018 12:00:00 AM,2,2,0
02/08/2018 01:00:00 AM,0,0,0
02/08/2018 02:00:00 AM,0,0,0
02/08/2018 03:00:00 AM,1,0,1
02/08/2018 04:00:00 AM,1,0,1
02/08/2018 05:00:00 AM,5,0,5
02/08/2018 06:00:00 AM,12,1,11
02/08/2018 07:00:00 AM,19,1,18
02/08/2018 08:00:00 AM,23,9,14
02/08/2018 09:00:00 AM,19,8,11
02/08/2018 10:00:00 AM,12,1,11
02/08/2018 11:00:00 AM,7,2,5
02/08/2018 12:00:00 PM,12,5,7
02/08/2018 01:00:00 PM,10,8,2
02/08/2018 02:00:00 PM,16,8,8
02/08/2018 03:00:00 PM,17,12,5
02/08/2018 04:00:00 PM,30,20,10
02/08/2018 05:00:00 PM,31,20,11
02/08/2018 06:00:00 PM,27,16,11
02/08/2018 07:00:00 PM,18,10,8
02/08/2018 08:00:00 PM,19,10,9
02/08/2018 09:00:00 PM,8,4,4
02/08/2018 10:00:00 PM,4,1,3
02/08/2018 11:00:00 PM,8,3,5
02/09/2018 12:00:00 AM,2,2,0
02/09/2018 01:00:00 AM,0,0,0
02/09/2018 02:00:00 AM,1,0,1
02/09/2018 03:00:00 AM,1,0,1
02/09/2018 04:00:00 AM,0,0,0
02/09/2018 05:00:00 AM,3,1,2
02/09/2018 06:00:00 AM,12,0,12
02/09/2018 07:00:00 AM,17,3,14
02/09/2018 08:00:00 AM,25,10,15
02/09/2018 09:00:00 AM,11,4,7
02/09/2018 10:00:00 AM,12,3,9
02/09/2018 11:00:00 AM,5,1,4
02/09/2018 12:00:00 PM,16,10,6
02/09/2018 01:00:00 PM,17,8,9
02/09/2018 02:00:00 PM,17,10,7
02/09/2018 03:00:00 PM,13,5,8
02/09/2018 04:00:00 PM,23,13,10
02/09/2018 05:00:00 PM,44,25,19
02/09/2018 06:00:00 PM,13,8,5
02/09/2018 07:00:00 PM,22,6,16
02/09/2018 08:00:00 PM,13,6,7
02/09/2018 09:00:00 PM,6,4,2
02/09/2018 10:00:00 PM,8,5,3
02/09/2018 11:00:00 PM,5,3,2
02/10/2018 12:00:00 AM,4,1,3
02/10/2018 01:00:00 AM,1,1,0
02/10/2018 02:00:00 AM,1,0,1
02/10/2018 03:00:00 AM,0,0,0
02/10/2018 04:00:00 AM,0,0,0
02/10/2018 05:00:00 AM,0,0,0
02/10/2018 06:00:00 AM,8,1,7
02/10/2018 07:00:00 AM,3,1,2
02/10/2018 08:00:00 AM,4,4,0
02/10/2018 09:00:00 AM,3,3,0
02/10/2018 10:00:00 AM,9,5,4
02/10/2018 11:00:00 AM,10,3,7
02/10/2018 12:00:00 PM,19,8,11
02/10/2018 01:00:00 PM,20,11,9
02/10/2018 02:00:00 PM,17,6,11
02/10/2018 03:00:00 PM,15,7,8
02/10/2018 04:00:00 PM,26,19,7
02/10/2018 05:00:00 PM,18,11,7
02/10/2018 06:00:00 PM,16,4,12
02/10/2018 07:00:00 PM,10,9,1
02/10/2018 08:00:00 PM,12,6,6
02/10/2018 09:00:00 PM,6,3,3
02/10/2018 10:00:00 PM,5,2,3
02/10/2018 11:00:00 PM,6,3,3
02/11/2018 12:00:00 AM,9,2,7
02/11/2018 01:00:00 AM,6,0,6
02/11/2018 02:00:00 AM,2,1,1
02/11/2018 03:00:00 AM,0,0,0
02/11/2018 04:00:00 AM,0,0,0
02/11/2018 05:00:00 AM,2,0,2
02/11/2018 06:00:00 AM,7,0,7
02/11/2018 07:00:00 AM,5,3,2
02/11/2018 08:00:00 AM,3,1,2
02/11/2018 09:00:00 AM,7,6,1
02/11/2018 10:00:00 AM,9,7,2
02/11/2018 11:00:00 AM,18,10,8
02/11/2018 12:00:00 PM,17,11,6
02/11/2018 01:00:00 PM,29,13,16
02/11/2018 02:00:00 PM,22,9,13
02/11/2018 03:00:00 PM,22,13,9
02/11/2018 04:00:00 PM,21,12,9
02/11/2018 05:00:00 PM,10,4,6
02/11/2018 06:00:00 PM,19,10,9
02/11/2018 07:00:00 PM,5,2,3
02/11/2018 08:00:00 PM,8,4,4
02/11/2018 09:00:00 PM,4,1,3
02/11/2018 10:00:00 PM,1,0,1
02/11/2018 11:00:00 PM,2,1,1
02/12/2018 12:00:00 AM,1,0,1
02/12/2018 01:00:00 AM,1,1,0
02/12/2018 02:00:00 AM,1,1,0
02/12/2018 03:00:00 AM,2,0,2
02/12/2018 04:00:00 AM,0,0,0
02/12/2018 05:00:00 AM,2,0,2
02/12/2018 06:00:00 AM,6,0,6
02/12/2018 07:00:00 AM,23,5,18
02/12/2018 08:00:00 AM,24,9,15
02/12/2018 09:00:00 AM,11,2,9
02/12/2018 10:00:00 AM,13,8,5
02/12/2018 11:00:00 AM,7,3,4
02/12/2018 12:00:00 PM,15,4,11
02/12/2018 01:00:00 PM,12,10,2
02/12/2018 02:00:00 PM,14,8,6
02/12/2018 03:00:00 PM,13,9,4
02/12/2018 04:00:00 PM,20,11,9
02/12/2018 05:00:00 PM,38,25,13
02/12/2018 06:00:00 PM,25,15,10
02/12/2018 07:00:00 PM,27,13,14
02/12/2018 08:00:00 PM,14,4,10
02/12/2018 09:00:00 PM,8,2,6
02/12/2018 10:00:00 PM,4,1,3
02/12/2018 11:00:00 PM,2,1,1
02/13/2018 12:00:00 AM,2,2,0
02/13/2018 01:00:00 AM,0,0,0
02/13/2018 02:00:00 AM,0,0,0
02/13/2018 03:00:00 AM,1,0,1
02/13/2018 04:00:00 AM,1,0,1
02/13/2018 05:00:00 AM,2,0,2
02/13/2018 06:00:00 AM,10,0,10
02/13/2018 07:00:00 AM,18,5,13
02/13/2018 08:00:00 AM,31,6,25
02/13/2018 09:00:00 AM,16,4,12
02/13/2018 10:00:00 AM,14,4,10
02/13/2018 11:00:00 AM,13,4,9
02/13/2018 12:00:00 PM,17,6,11
02/13/2018 01:00:00 PM,12,6,6
02/13/2018 02:00:00 PM,18,9,9
02/13/2018 03:00:00 PM,16,5,11
02/13/2018 04:00:00 PM,26,16,10
02/13/2018 05:00:00 PM,54,32,22
02/13/2018 06:00:00 PM,32,17,15
02/13/2018 07:00:00 PM,22,14,8
02/13/2018 08:00:00 PM,15,4,11
02/13/2018 09:00:00 PM,10,5,5
02/13/2018 10:00:00 PM,8,3,5
02/13/2018 11:00:00 PM,4,2,2
02/14/2018 12:00:00 AM,2,1,1
02/14/2018 01:00:00 AM,2,1,1
02/14/2018 02:00:00 AM,0,0,0
02/14/2018 03:00:00 AM,0,0,0
02/14/2018 04:00:00 AM,1,0,1
02/14/2018 05:00:00 AM,5,0,5
02/14/2018 06:00:00 AM,13,1,12
02/14/2018 07:00:00 AM,20,2,18
02/14/2018 08:00:00 AM,22,7,15
02/14/2018 09:00:00 AM,15,6,9
02/14/2018 10:00:00 AM,15,4,11
02/14/2018 11:00:00 AM,12,7,5
02/14/2018 12:00:00 PM,18,6,12
02/14/2018 01:00:00 PM,19,10,9
02/14/2018 02:00:00 PM,16,7,9
02/14/2018 03:00:00 PM,16,8,8
02/14/2018 04:00:00 PM,26,17,9
02/14/2018 05:00:00 PM,42,23,19
02/14/2018 06:00:00 PM,23,9,14
02/14/2018 07:00:00 PM,15,10,5
02/14/2018 08:00:00 PM,13,8,5
02/14/2018 09:00:00 PM,13,5,8
02/14/2018 10:00:00 PM,8,2,6
02/14/2018 11:00:00 PM,4,3,1
02/15/2018 12:00:00 AM,1,1,0
02/15/2018 01:00:00 AM,1,1,0
02/15/2018 02:00:00 AM,0,0,0
02/15/2018 03:00:00 AM,0,0,0
02/15/2018 04:00:00 AM,2,0,2
02/15/2018 05:00:00 AM,6,1,5
02/15/2018 06:00:00 AM,12,1,11
02/15/2018 07:00:00 AM,25,4,21
02/15/2018 08:00:00 AM,27,10,17
02/15/2018 09:00:00 AM,18,6,12
02/15/2018 10:00:00 AM,14,1,13
02/15/2018 11:00:00 AM,15,7,8
02/15/2018 12:00:00 PM,11,6,5
02/15/2018 01:00:00 PM,8,2,6
02/15/2018 02:00:00 PM,20,8,12
02/15/2018 03:00:00 PM,13,12,1
02/15/2018 04:00:00 PM,23,10,13
02/15/2018 05:00:00 PM,36,21,15
02/15/2018 06:00:00 PM,31,10,21
02/15/2018 07:00:00 PM,20,7,13
02/15/2018 08:00:00 PM,15,9,6
02/15/2018 09:00:00 PM,7,4,3
02/15/2018 10:00:00 PM,10,7,3
02/15/2018 11:00:00 PM,7,3,4
02/16/2018 12:00:00 AM,3,2,1
02/16/2018 01:00:00 AM,3,1,2
02/16/2018 02:00:00 AM,2,2,0
02/16/2018 03:00:00 AM,0,0,0
02/16/2018 04:00:00 AM,2,0,2
02/16/2018 05:00:00 AM,4,0,4
02/16/2018 06:00:00 AM,12,0,12
02/16/2018 07:00:00 AM,22,6,16
02/16/2018 08:00:00 AM,23,5,18
02/16/2018 09:00:00 AM,18,5,13
02/16/2018 10:00:00 AM,10,2,8
02/16/2018 11:00:00 AM,13,8,5
02/16/2018 12:00:00 PM,11,6,5
02/16/2018 01:00:00 PM,15,5,10
02/16/2018 02:00:00 PM,14,7,7
02/16/2018 03:00:00 PM,15,7,8
02/16/2018 04:00:00 PM,21,15,6
02/16/2018 05:00:00 PM,18,13,5
02/16/2018 06:00:00 PM,19,9,10
02/16/2018 07:00:00 PM,25,16,9
02/16/2018 08:00:00 PM,5,4,1
02/16/2018 09:00:00 PM,10,5,5
02/16/2018 10:00:00 PM,4,2,2
02/16/2018 11:00:00 PM,3,2,1
02/17/2018 12:00:00 AM,2,2,0
02/17/2018 01:00:00 AM,2,0,2
02/17/2018 02:00:00 AM,0,0,0
02/17/2018 03:00:00 AM,0,0,0
02/17/2018 04:00:00 AM,1,0,1
02/17/2018 05:00:00 AM,0,0,0
02/17/2018 06:00:00 AM,3,0,3
02/17/2018 07:00:00 AM,3,1,2
02/17/2018 08:00:00 AM,3,2,1
02/17/2018 09:00:00 AM,0,0,0
02/17/2018 10:00:00 AM,4,2,2
02/17/2018 11:00:00 AM,4,1,3
02/17/2018 12:00:00 PM,5,5,0
02/17/2018 01:00:00 PM,11,5,6
02/17/2018 02:00:00 PM,11,6,5
02/17/2018 03:00:00 PM,15,8,7
02/17/2018 04:00:00 PM,8,5,3
02/17/2018 05:00:00 PM,9,5,4
02/17/2018 06:00:00 PM,7,2,5
02/17/2018 07:00:00 PM,6,4,2
02/17/2018 08:00:00 PM,10,5,5
02/17/2018 09:00:00 PM,3,2,1
02/17/2018 10:00:00 PM,3,0,3
02/17/2018 11:00:00 PM,9,4,5
02/18/2018 12:00:00 AM,7,5,2
02/18/2018 01:00:00 AM,1,0,1
02/18/2018 02:00:00 AM,10,5,5
02/18/2018 03:00:00 AM,0,0,0
02/18/2018 04:00:00 AM,1,0,1
02/18/2018 05:00:00 AM,1,0,1
02/18/2018 06:00:00 AM,3,0,3
02/18/2018 07:00:00 AM,1,1,0
02/18/2018 08:00:00 AM,1,0,1
02/18/2018 09:00:00 AM,2,0,2
02/18/2018 10:00:00 AM,12,5,7
02/18/2018 11:00:00 AM,8,4,4
02/18/2018 12:00:00 PM,10,6,4
02/18/2018 01:00:00 PM,5,4,1
02/18/2018 02:00:00 PM,7,4,3
02/18/2018 03:00:00 PM,8,4,4
02/18/2018 04:00:00 PM,8,4,4
02/18/2018 05:00:00 PM,12,6,6
02/18/2018 06:00:00 PM,10,3,7
02/18/2018 07:00:00 PM,5,4,1
02/18/2018 08:00:00 PM,8,2,6
02/18/2018 09:00:00 PM,4,2,2
02/18/2018 10:00:00 PM,4,2,2
02/18/2018 11:00:00 PM,1,0,1
02/19/2018 12:00:00 AM,0,0,0
02/19/2018 01:00:00 AM,0,0,0
02/19/2018 02:00:00 AM,1,0,1
02/19/2018 03:00:00 AM,0,0,0
02/19/2018 04:00:00 AM,0,0,0
02/19/2018 05:00:00 AM,3,0,3
02/19/2018 06:00:00 AM,5,0,5
02/19/2018 07:00:00 AM,9,4,5
02/19/2018 08:00:00 AM,9,1,8
02/19/2018 09:00:00 AM,5,0,5
02/19/2018 10:00:00 AM,3,2,1
02/19/2018 11:00:00 AM,4,2,2
02/19/2018 12:00:00 PM,8,2,6
02/19/2018 01:00:00 PM,6,1,5
02/19/2018 02:00:00 PM,8,4,4
02/19/2018 03:00:00 PM,13,8,5
02/19/2018 04:00:00 PM,21,13,8
02/19/2018 05:00:00 PM,19,8,11
02/19/2018 06:00:00 PM,10,2,8
02/19/2018 07:00:00 PM,12,6,6
02/19/2018 08:00:00 PM,7,3,4
02/19/2018 09:00:00 PM,4,3,1
02/19/2018 10:00:00 PM,2,2,0
02/19/2018 11:00:00 PM,2,0,2
02/20/2018 12:00:00 AM,1,1,0
02/20/2018 01:00:00 AM,1,1,0
02/20/2018 02:00:00 AM,1,0,1
02/20/2018 03:00:00 AM,0,0,0
02/20/2018 04:00:00 AM,1,0,1
02/20/2018 05:00:00 AM,3,0,3
02/20/2018 06:00:00 AM,4,0,4
02/20/2018 07:00:00 AM,14,3,11
02/20/2018 08:00:00 AM,27,4,23
02/20/2018 09:00:00 AM,19,10,9
02/20/2018 10:00:00 AM,9,5,4
02/20/2018 11:00:00 AM,11,4,7
02/20/2018 12:00:00 PM,13,2,11
02/20/2018 01:00:00 PM,11,3,8
02/20/2018 02:00:00 PM,17,7,10
02/20/2018 03:00:00 PM,14,9,5
02/20/2018 04:00:00 PM,18,11,7
02/20/2018 05:00:00 PM,40,28,12
02/20/2018 06:00:00 PM,25,9,16
02/20/2018 07:00:00 PM,19,9,10
02/20/2018 08:00:00 PM,12,5,7
02/20/2018 09:00:00 PM,11,4,7
02/20/2018 10:00:00 PM,2,2,0
02/20/2018 11:00:00 PM,4,1,3
02/21/2018 12:00:00 AM,2,2,0
02/21/2018 01:00:00 AM,0,0,0
02/21/2018 02:00:00 AM,0,0,0
02/21/2018 03:00:00 AM,0,0,0
02/21/2018 04:00:00 AM,1,0,1
02/21/2018 05:00:00 AM,1,0,1
02/21/2018 06:00:00 AM,7,0,7
02/21/2018 07:00:00 AM,14,4,10
02/21/2018 08:00:00 AM,20,5,15
02/21/2018 09:00:00 AM,8,3,5
02/21/2018 10:00:00 AM,12,3,9
02/21/2018 11:00:00 AM,6,5,1
02/21/2018 12:00:00 PM,11,3,8
02/21/2018 01:00:00 PM,10,4,6
02/21/2018 02:00:00 PM,15,8,7
02/21/2018 03:00:00 PM,11,3,8
02/21/2018 04:00:00 PM,19,12,7
02/21/2018 05:00:00 PM,29,13,16
02/21/2018 06:00:00 PM,13,6,7
02/21/2018 07:00:00 PM,7,1,6
02/21/2018 08:00:00 PM,18,13,5
02/21/2018 09:00:00 PM,6,1,5
02/21/2018 10:00:00 PM,5,2,3
02/21/2018 11:00:00 PM,6,2,4
02/22/2018 12:00:00 AM,2,2,0
02/22/2018 01:00:00 AM,0,0,0
02/22/2018 02:00:00 AM,0,0,0
02/22/2018 03:00:00 AM,0,0,0
02/22/2018 04:00:00 AM,2,0,2
02/22/2018 05:00:00 AM,3,0,3
02/22/2018 06:00:00 AM,0,0,0
02/22/2018 07:00:00 AM,11,2,9
02/22/2018 08:00:00 AM,4,1,3
02/22/2018 09:00:00 AM,4,2,2
02/22/2018 10:00:00 AM,11,1,10
02/22/2018 11:00:00 AM,6,4,2
02/22/2018 12:00:00 PM,9,5,4
02/22/2018 01:00:00 PM,10,4,6
02/22/2018 02:00:00 PM,14,6,8
02/22/2018 03:00:00 PM,19,9,10
02/22/2018 04:00:00 PM,17,10,7
02/22/2018 05:00:00 PM,26,11,15
02/22/2018 06:00:00 PM,17,11,6
02/22/2018 07:00:00 PM,19,11,8
02/22/2018 08:00:00 PM,9,3,6
02/22/2018 09:00:00 PM,4,1,3
02/22/2018 10:00:00 PM,5,1,4
02/22/2018 11:00:00 PM,8,4,4
02/23/2018 12:00:00 AM,0,0,0
02/23/2018 01:00:00 AM,1,1,0
02/23/2018 02:00:00 AM,0,0,0
02/23/2018 03:00:00 AM,0,0,0
02/23/2018 04:00:00 AM,2,1,1
02/23/2018 05:00:00 AM,1,1,0
02/23/2018 06:00:00 AM,6,0,6
02/23/2018 07:00:00 AM,7,2,5
02/23/2018 08:00:00 AM,10,2,8
02/23/2018 09:00:00 AM,7,1,6
02/23/2018 10:00:00 AM,10,5,5
02/23/2018 11:00:00 AM,8,5,3
02/23/2018 12:00:00 PM,11,7,4
02/23/2018 01:00:00 PM,9,2,7
02/23/2018 02:00:00 PM,7,2,5
02/23/2018 03:00:00 PM,12,6,6
02/23/2018 04:00:00 PM,15,8,7
02/23/2018 05:00:00 PM,16,13,3
02/23/2018 06:00:00 PM,16,8,8
02/23/2018 07:00:00 PM,9,5,4
02/23/2018 08:00:00 PM,3,1,2
02/23/2018 09:00:00 PM,5,2,3
02/23/2018 10:00:00 PM,3,3,0
02/23/2018 11:00:00 PM,11,3,8
02/24/2018 12:00:00 AM,0,0,0
02/24/2018 01:00:00 AM,5,2,3
02/24/2018 02:00:00 AM,0,0,0
02/24/2018 03:00:00 AM,0,0,0
02/24/2018 04:00:00 AM,0,0,0
02/24/2018 05:00:00 AM,1,1,0
02/24/2018 06:00:00 AM,4,0,4
02/24/2018 07:00:00 AM,3,1,2
02/24/2018 08:00:00 AM,3,3,0
02/24/2018 09:00:00 AM,4,1,3
02/24/2018 10:00:00 AM,7,5,2
02/24/2018 11:00:00 AM,6,5,1
02/24/2018 12:00:00 PM,5,4,1
02/24/2018 01:00:00 PM,6,3,3
02/24/2018 02:00:00 PM,5,1,4
02/24/2018 03:00:00 PM,18,11,7
02/24/2018 04:00:00 PM,16,8,8
02/24/2018 05:00:00 PM,16,5,11
02/24/2018 06:00:00 PM,16,5,11
02/24/2018 07:00:00 PM,9,4,5
02/24/2018 08:00:00 PM,11,4,7
02/24/2018 09:00:00 PM,2,0,2
02/24/2018 10:00:00 PM,11,5,6
02/24/2018 11:00:00 PM,4,2,2
02/25/2018 12:00:00 AM,4,4,0
02/25/2018 01:00:00 AM,0,0,0
02/25/2018 02:00:00 AM,2,2,0
02/25/2018 03:00:00 AM,0,0,0
02/25/2018 04:00:00 AM,0,0,0
02/25/2018 05:00:00 AM,1,0,1
02/25/2018 06:00:00 AM,4,0,4
02/25/2018 07:00:00 AM,7,2,5
02/25/2018 08:00:00 AM,5,2,3
02/25/2018 09:00:00 AM,4,0,4
02/25/2018 10:00:00 AM,5,2,3
02/25/2018 11:00:00 AM,4,2,2
02/25/2018 12:00:00 PM,13,5,8
02/25/2018 01:00:00 PM,20,7,13
02/25/2018 02:00:00 PM,21,8,13
02/25/2018 03:00:00 PM,11,3,8
02/25/2018 04:00:00 PM,20,9,11
02/25/2018 05:00:00 PM,12,8,4
02/25/2018 06:00:00 PM,7,3,4
02/25/2018 07:00:00 PM,8,4,4
02/25/2018 08:00:00 PM,7,3,4
02/25/2018 09:00:00 PM,4,1,3
02/25/2018 10:00:00 PM,4,2,2
02/25/2018 11:00:00 PM,3,0,3
02/26/2018 12:00:00 AM,2,1,1
02/26/2018 01:00:00 AM,1,1,0
02/26/2018 02:00:00 AM,1,1,0
02/26/2018 03:00:00 AM,1,1,0
02/26/2018 04:00:00 AM,2,0,2
02/26/2018 05:00:00 AM,2,0,2
02/26/2018 06:00:00 AM,6,0,6
02/26/2018 07:00:00 AM,21,3,18
02/26/2018 08:00:00 AM,24,5,19
02/26/2018 09:00:00 AM,11,5,6
02/26/2018 10:00:00 AM,10,3,7
02/26/2018 11:00:00 AM,5,2,3
02/26/2018 12:00:00 PM,8,5,3
02/26/2018 01:00:00 PM,7,2,5
02/26/2018 02:00:00 PM,17,10,7
02/26/2018 03:00:00 PM,11,9,2
02/26/2018 04:00:00 PM,24,14,10
02/26/2018 05:00:00 PM,40,20,20
02/26/2018 06:00:00 PM,30,16,14
02/26/2018 07:00:00 PM,13,6,7
02/26/2018 08:00:00 PM,20,11,9
02/26/2018 09:00:00 PM,7,2,5
02/26/2018 10:00:00 PM,4,3,1
02/26/2018 11:00:00 PM,3,2,1
02/27/2018 12:00:00 AM,1,1,0
02/27/2018 01:00:00 AM,0,0,0
02/27/2018 02:00:00 AM,1,0,1
02/27/2018 03:00:00 AM,0,0,0
02/27/2018 04:00:00 AM,4,0,4
02/27/2018 05:00:00 AM,3,0,3
02/27/2018 06:00:00 AM,7,1,6
02/27/2018 07:00:00 AM,24,7,17
02/27/2018 08:00:00 AM,26,6,20
02/27/2018 09:00:00 AM,14,5,9
02/27/2018 10:00:00 AM,14,5,9
02/27/2018 11:00:00 AM,12,3,9
02/27/2018 12:00:00 PM,8,6,2
02/27/2018 01:00:00 PM,5,1,4
02/27/2018 02:00:00 PM,12,6,6
02/27/2018 03:00:00 PM,9,5,4
02/27/2018 04:00:00 PM,10,6,4
02/27/2018 05:00:00 PM,34,19,15
02/27/2018 06:00:00 PM,17,8,9
02/27/2018 07:00:00 PM,12,6,6
02/27/2018 08:00:00 PM,10,6,4
02/27/2018 09:00:00 PM,10,5,5
02/27/2018 10:00:00 PM,6,1,5
02/27/2018 11:00:00 PM,5,3,2
02/28/2018 12:00:00 AM,5,4,1
02/28/2018 01:00:00 AM,1,1,0
02/28/2018 02:00:00 AM,0,0,0
02/28/2018 03:00:00 AM,0,0,0
02/28/2018 04:00:00 AM,2,0,2
02/28/2018 05:00:00 AM,2,0,2
02/28/2018 06:00:00 AM,9,0,9
02/28/2018 07:00:00 AM,20,6,14
02/28/2018 08:00:00 AM,19,6,13
02/28/2018 09:00:00 AM,17,2,15
02/28/2018 10:00:00 AM,10,3,7
02/28/2018 11:00:00 AM,15,10,5
02/28/2018 12:00:00 PM,13,4,9
02/28/2018 01:00:00 PM,9,6,3
02/28/2018 02:00:00 PM,14,5,9
02/28/2018 03:00:00 PM,15,8,7
02/28/2018 04:00:00 PM,19,12,7
02/28/2018 05:00:00 PM,32,19,13
02/28/2018 06:00:00 PM,26,15,11
02/28/2018 07:00:00 PM,9,6,3
02/28/2018 08:00:00 PM,12,6,6
02/28/2018 09:00:00 PM,5,0,5
02/28/2018 10:00:00 PM,2,2,0
02/28/2018 11:00:00 PM,4,2,2
03/01/2018 12:00:00 AM,1,1,0
03/01/2018 01:00:00 AM,0,0,0
03/01/2018 02:00:00 AM,0,0,0
03/01/2018 03:00:00 AM,1,0,1
03/01/2018 04:00:00 AM,0,0,0
03/01/2018 05:00:00 AM,3,0,3
03/01/2018 06:00:00 AM,10,0,10
03/01/2018 07:00:00 AM,23,5,18
03/01/2018 08:00:00 AM,22,10,12
03/01/2018 09:00:00 AM,11,5,6
03/01/2018 10:00:00 AM,16,4,12
03/01/2018 11:00:00 AM,11,6,5
03/01/2018 12:00:00 PM,21,7,14
03/01/2018 01:00:00 PM,13,7,6
03/01/2018 02:00:00 PM,20,9,11
03/01/2018 03:00:00 PM,16,7,9
03/01/2018 04:00:00 PM,20,10,10
03/01/2018 05:00:00 PM,38,26,12
03/01/2018 06:00:00 PM,31,17,14
03/01/2018 07:00:00 PM,15,10,5
03/01/2018 08:00:00 PM,18,11,7
03/01/2018 09:00:00 PM,15,12,3
03/01/2018 10:00:00 PM,5,3,2
03/01/2018 11:00:00 PM,10,5,5
03/02/2018 12:00:00 AM,0,0,0
03/02/2018 01:00:00 AM,0,0,0
03/02/2018 02:00:00 AM,0,0,0
03/02/2018 03:00:00 AM,0,0,0
03/02/2018 04:00:00 AM,1,0,1
03/02/2018 05:00:00 AM,0,0,0
03/02/2018 06:00:00 AM,5,0,5
03/02/2018 07:00:00 AM,15,2,13
03/02/2018 08:00:00 AM,20,7,13
03/02/2018 09:00:00 AM,14,4,10
03/02/2018 10:00:00 AM,9,5,4
03/02/2018 11:00:00 AM,11,3,8
03/02/2018 12:00:00 PM,16,11,5
03/02/2018 01:00:00 PM,8,4,4
03/02/2018 02:00:00 PM,14,5,9
03/02/2018 03:00:00 PM,8,5,3
03/02/2018 04:00:00 PM,24,13,11
03/02/2018 05:00:00 PM,35,19,16
03/02/2018 06:00:00 PM,17,8,9
03/02/2018 07:00:00 PM,18,10,8
03/02/2018 08:00:00 PM,15,9,6
03/02/2018 09:00:00 PM,6,3,3
03/02/2018 10:00:00 PM,4,2,2
03/02/2018 11:00:00 PM,14,8,6
03/03/2018 12:00:00 AM,8,3,5
03/03/2018 01:00:00 AM,4,2,2
03/03/2018 02:00:00 AM,1,1,0
03/03/2018 03:00:00 AM,3,1,2
03/03/2018 04:00:00 AM,1,0,1
03/03/2018 05:00:00 AM,0,0,0
03/03/2018 06:00:00 AM,4,0,4
03/03/2018 07:00:00 AM,9,5,4
03/03/2018 08:00:00 AM,3,2,1
03/03/2018 09:00:00 AM,7,3,4
03/03/2018 10:00:00 AM,11,4,7
03/03/2018 11:00:00 AM,10,4,6
03/03/2018 12:00:00 PM,23,12,11
03/03/2018 01:00:00 PM,24,14,10
03/03/2018 02:00:00 PM,20,8,12
03/03/2018 03:00:00 PM,27,12,15
03/03/2018 04:00:00 PM,15,6,9
03/03/2018 05:00:00 PM,13,5,8
03/03/2018 06:00:00 PM,16,4,12
03/03/2018 07:00:00 PM,12,7,5
03/03/2018 08:00:00 PM,7,5,2
03/03/2018 09:00:00 PM,5,1,4
03/03/2018 10:00:00 PM,5,3,2
03/03/2018 11:00:00 PM,5,1,4
03/04/2018 12:00:00 AM,4,0,4
03/04/2018 01:00:00 AM,5,1,4
03/04/2018 02:00:00 AM,0,0,0
03/04/2018 03:00:00 AM,0,0,0
03/04/2018 04:00:00 AM,1,0,1
03/04/2018 05:00:00 AM,0,0,0
03/04/2018 06:00:00 AM,6,0,6
03/04/2018 07:00:00 AM,6,2,4
03/04/2018 08:00:00 AM,7,4,3
03/04/2018 09:00:00 AM,6,2,4
03/04/2018 10:00:00 AM,6,4,2
03/04/2018 11:00:00 AM,8,3,5
03/04/2018 12:00:00 PM,12,6,6
03/04/2018 01:00:00 PM,14,7,7
03/04/2018 02:00:00 PM,12,6,6
03/04/2018 03:00:00 PM,12,4,8
03/04/2018 04:00:00 PM,6,3,3
03/04/2018 05:00:00 PM,10,3,7
03/04/2018 06:00:00 PM,16,10,6
03/04/2018 07:00:00 PM,11,8,3
03/04/2018 08:00:00 PM,3,1,2
03/04/2018 09:00:00 PM,7,1,6
03/04/2018 10:00:00 PM,3,0,3
03/04/2018 11:00:00 PM,3,1,2
03/05/2018 12:00:00 AM,1,0,1
03/05/2018 01:00:00 AM,0,0,0
03/05/2018 02:00:00 AM,0,0,0
03/05/2018 03:00:00 AM,0,0,0
03/05/2018 04:00:00 AM,2,0,2
03/05/2018 05:00:00 AM,4,0,4
03/05/2018 06:00:00 AM,6,0,6
03/05/2018 07:00:00 AM,23,8,15
03/05/2018 08:00:00 AM,30,7,23
03/05/2018 09:00:00 AM,16,2,14
03/05/2018 10:00:00 AM,11,5,6
03/05/2018 11:00:00 AM,11,6,5
03/05/2018 12:00:00 PM,14,5,9
03/05/2018 01:00:00 PM,15,6,9
03/05/2018 02:00:00 PM,18,8,10
03/05/2018 03:00:00 PM,6,5,1
03/05/2018 04:00:00 PM,30,19,11
03/05/2018 05:00:00 PM,36,23,13
03/05/2018 06:00:00 PM,36,19,17
03/05/2018 07:00:00 PM,16,8,8
03/05/2018 08:00:00 PM,10,4,6
03/05/2018 09:00:00 PM,12,7,5
03/05/2018 10:00:00 PM,2,2,0
03/05/2018 11:00:00 PM,3,2,1
03/06/2018 12:00:00 AM,2,1,1
03/06/2018 01:00:00 AM,0,0,0
03/06/2018 02:00:00 AM,1,0,1
03/06/2018 03:00:00 AM,0,0,0
03/06/2018 04:00:00 AM,1,0,1
03/06/2018 05:00:00 AM,7,2,5
03/06/2018 06:00:00 AM,7,0,7
03/06/2018 07:00:00 AM,29,7,22
03/06/2018 08:00:00 AM,30,8,22
03/06/2018 09:00:00 AM,15,6,9
03/06/2018 10:00:00 AM,26,6,20
03/06/2018 11:00:00 AM,12,4,8
03/06/2018 12:00:00 PM,10,7,3
03/06/2018 01:00:00 PM,19,10,9
03/06/2018 02:00:00 PM,21,13,8
03/06/2018 03:00:00 PM,19,7,12
03/06/2018 04:00:00 PM,33,21,12
03/06/2018 05:00:00 PM,50,31,19
03/06/2018 06:00:00 PM,31,11,20
03/06/2018 07:00:00 PM,0,0,0
03/06/2018 08:00:00 PM,0,0,0
03/06/2018 09:00:00 PM,0,0,0
03/06/2018 10:00:00 PM,0,0,0
03/06/2018 11:00:00 PM,0,0,0
03/07/2018 12:00:00 AM,0,0,0
03/07/2018 01:00:00 AM,0,0,0
03/07/2018 02:00:00 AM,0,0,0
03/07/2018 03:00:00 AM,0,0,0
03/07/2018 04:00:00 AM,0,0,0
03/07/2018 05:00:00 AM,0,0,0
03/07/2018 06:00:00 AM,0,0,0
03/07/2018 07:00:00 AM,0,0,0
03/07/2018 08:00:00 AM,0,0,0
03/07/2018 09:00:00 AM,0,0,0
03/07/2018 10:00:00 AM,0,0,0
03/07/2018 11:00:00 AM,0,0,0
03/07/2018 12:00:00 PM,0,0,0
03/07/2018 01:00:00 PM,0,0,0
03/07/2018 02:00:00 PM,0,0,0
03/07/2018 03:00:00 PM,0,0,0
03/07/2018 04:00:00 PM,0,0,0
03/07/2018 05:00:00 PM,2,2,0
03/07/2018 06:00:00 PM,3,1,2
03/07/2018 07:00:00 PM,0,0,0
03/07/2018 08:00:00 PM,0,0,0
03/07/2018 09:00:00 PM,0,0,0
03/07/2018 10:00:00 PM,0,0,0
03/07/2018 11:00:00 PM,0,0,0
03/08/2018 12:00:00 AM,0,0,0
03/08/2018 01:00:00 AM,0,0,0
03/08/2018 02:00:00 AM,0,0,0
03/08/2018 03:00:00 AM,0,0,0
03/08/2018 04:00:00 AM,0,0,0
03/08/2018 05:00:00 AM,0,0,0
03/08/2018 06:00:00 AM,0,0,0
03/08/2018 07:00:00 AM,0,0,0
03/08/2018 08:00:00 AM,0,0,0
03/08/2018 09:00:00 AM,0,0,0
03/08/2018 10:00:00 AM,0,0,0
03/08/2018 11:00:00 AM,0,0,0
03/08/2018 12:00:00 PM,0,0,0
03/08/2018 01:00:00 PM,0,0,0
03/08/2018 02:00:00 PM,0,0,0
03/08/2018 03:00:00 PM,0,0,0
03/08/2018 04:00:00 PM,0,0,0
03/08/2018 05:00:00 PM,0,0,0
03/08/2018 06:00:00 PM,4,2,2
03/08/2018 07:00:00 PM,0,0,0
03/08/2018 08:00:00 PM,4,4,0
03/08/2018 09:00:00 PM,0,0,0
03/08/2018 10:00:00 PM,0,0,0
03/08/2018 11:00:00 PM,0,0,0
03/09/2018 12:00:00 AM,0,0,0
03/09/2018 01:00:00 AM,5,2,3
03/09/2018 02:00:00 AM,0,0,0
03/09/2018 03:00:00 AM,0,0,0
03/09/2018 04:00:00 AM,0,0,0
03/09/2018 05:00:00 AM,0,0,0
03/09/2018 06:00:00 AM,0,0,0
03/09/2018 07:00:00 AM,0,0,0
03/09/2018 08:00:00 AM,0,0,0
03/09/2018 09:00:00 AM,0,0,0
03/09/2018 10:00:00 AM,0,0,0
03/09/2018 11:00:00 AM,1,0,1
03/09/2018 12:00:00 PM,0,0,0
03/09/2018 01:00:00 PM,0,0,0
03/09/2018 02:00:00 PM,0,0,0
03/09/2018 03:00:00 PM,0,0,0
03/09/2018 04:00:00 PM,0,0,0
03/09/2018 05:00:00 PM,0,0,0
03/09/2018 06:00:00 PM,0,0,0
03/09/2018 07:00:00 PM,0,0,0
03/09/2018 08:00:00 PM,0,0,0
03/09/2018 09:00:00 PM,0,0,0
03/09/2018 10:00:00 PM,0,0,0
03/09/2018 11:00:00 PM,0,0,0
03/10/2018 12:00:00 AM,1,0,1
03/10/2018 01:00:00 AM,3,1,2
03/10/2018 02:00:00 AM,0,0,0
03/10/2018 03:00:00 AM,0,0,0
03/10/2018 04:00:00 AM,0,0,0
03/10/2018 05:00:00 AM,0,0,0
03/10/2018 06:00:00 AM,0,0,0
03/10/2018 07:00:00 AM,0,0,0
03/10/2018 08:00:00 AM,0,0,0
03/10/2018 09:00:00 AM,0,0,0
03/10/2018 10:00:00 AM,0,0,0
03/10/2018 11:00:00 AM,0,0,0
03/10/2018 12:00:00 PM,1,0,1
03/10/2018 01:00:00 PM,0,0,0
03/10/2018 02:00:00 PM,0,0,0
03/10/2018 03:00:00 PM,0,0,0
03/10/2018 04:00:00 PM,0,0,0
03/10/2018 05:00:00 PM,0,0,0
03/10/2018 06:00:00 PM,0,0,0
03/10/2018 07:00:00 PM,0,0,0
03/10/2018 08:00:00 PM,0,0,0
03/10/2018 09:00:00 PM,0,0,0
03/10/2018 10:00:00 PM,6,0,6
03/10/2018 11:00:00 PM,0,0,0
03/11/2018 12:00:00 AM,0,0,0
03/11/2018 01:00:00 AM,0,0,0
03/11/2018 02:00:00 AM,,,
03/11/2018 03:00:00 AM,0,0,0
03/11/2018 04:00:00 AM,0,0,0
03/11/2018 05:00:00 AM,0,0,0
03/11/2018 06:00:00 AM,0,0,0
03/11/2018 07:00:00 AM,0,0,0
03/11/2018 08:00:00 AM,0,0,0
03/11/2018 09:00:00 AM,0,0,0
03/11/2018 10:00:00 AM,0,0,0
03/11/2018 11:00:00 AM,0,0,0
03/11/2018 12:00:00 PM,0,0,0
03/11/2018 01:00:00 PM,0,0,0
03/11/2018 02:00:00 PM,0,0,0
03/11/2018 03:00:00 PM,0,0,0
03/11/2018 04:00:00 PM,0,0,0
03/11/2018 05:00:00 PM,0,0,0
03/11/2018 06:00:00 PM,0,0,0
03/11/2018 07:00:00 PM,0,0,0
03/11/2018 08:00:00 PM,0,0,0
03/11/2018 09:00:00 PM,0,0,0
03/11/2018 10:00:00 PM,0,0,0
03/11/2018 11:00:00 PM,0,0,0
03/12/2018 12:00:00 AM,0,0,0
03/12/2018 01:00:00 AM,0,0,0
03/12/2018 02:00:00 AM,0,0,0
03/12/2018 03:00:00 AM,0,0,0
03/12/2018 04:00:00 AM,0,0,0
03/12/2018 05:00:00 AM,0,0,0
03/12/2018 06:00:00 AM,0,0,0
03/12/2018 07:00:00 AM,0,0,0
03/12/2018 08:00:00 AM,0,0,0
03/12/2018 09:00:00 AM,0,0,0
03/12/2018 10:00:00 AM,0,0,0
03/12/2018 11:00:00 AM,0,0,0
03/12/2018 12:00:00 PM,0,0,0
03/12/2018 01:00:00 PM,0,0,0
03/12/2018 02:00:00 PM,0,0,0
03/12/2018 03:00:00 PM,0,0,0
03/12/2018 04:00:00 PM,0,0,0
03/12/2018 05:00:00 PM,0,0,0
03/12/2018 06:00:00 PM,0,0,0
03/12/2018 07:00:00 PM,0,0,0
03/12/2018 08:00:00 PM,4,4,0
03/12/2018 09:00:00 PM,0,0,0
03/12/2018 10:00:00 PM,0,0,0
03/12/2018 11:00:00 PM,0,0,0
03/13/2018 12:00:00 AM,0,0,0
03/13/2018 01:00:00 AM,0,0,0
03/13/2018 02:00:00 AM,0,0,0
03/13/2018 03:00:00 AM,0,0,0
03/13/2018 04:00:00 AM,0,0,0
03/13/2018 05:00:00 AM,0,0,0
03/13/2018 06:00:00 AM,0,0,0
03/13/2018 07:00:00 AM,0,0,0
03/13/2018 08:00:00 AM,0,0,0
03/13/2018 09:00:00 AM,0,0,0
03/13/2018 10:00:00 AM,0,0,0
03/13/2018 11:00:00 AM,0,0,0
03/13/2018 12:00:00 PM,0,0,0
03/13/2018 01:00:00 PM,0,0,0
03/13/2018 02:00:00 PM,0,0,0
03/13/2018 03:00:00 PM,0,0,0
03/13/2018 04:00:00 PM,0,0,0
03/13/2018 05:00:00 PM,0,0,0
03/13/2018 06:00:00 PM,0,0,0
03/13/2018 07:00:00 PM,0,0,0
03/13/2018 08:00:00 PM,0,0,0
03/13/2018 09:00:00 PM,0,0,0
03/13/2018 10:00:00 PM,0,0,0
03/13/2018 11:00:00 PM,0,0,0
03/14/2018 12:00:00 AM,0,0,0
03/14/2018 01:00:00 AM,0,0,0
03/14/2018 02:00:00 AM,0,0,0
03/14/2018 03:00:00 AM,0,0,0
03/14/2018 04:00:00 AM,0,0,0
03/14/2018 05:00:00 AM,0,0,0
03/14/2018 06:00:00 AM,0,0,0
03/14/2018 07:00:00 AM,0,0,0
03/14/2018 08:00:00 AM,0,0,0
03/14/2018 09:00:00 AM,0,0,0
03/14/2018 10:00:00 AM,0,0,0
03/14/2018 11:00:00 AM,0,0,0
03/14/2018 12:00:00 PM,0,0,0
03/14/2018 01:00:00 PM,0,0,0
03/14/2018 02:00:00 PM,0,0,0
03/14/2018 03:00:00 PM,0,0,0
03/14/2018 04:00:00 PM,0,0,0
03/14/2018 05:00:00 PM,0,0,0
03/14/2018 06:00:00 PM,0,0,0
03/14/2018 07:00:00 PM,0,0,0
03/14/2018 08:00:00 PM,1,0,1
03/14/2018 09:00:00 PM,0,0,0
03/14/2018 10:00:00 PM,0,0,0
03/14/2018 11:00:00 PM,0,0,0
03/15/2018 12:00:00 AM,0,0,0
03/15/2018 01:00:00 AM,0,0,0
03/15/2018 02:00:00 AM,0,0,0
03/15/2018 03:00:00 AM,0,0,0
03/15/2018 04:00:00 AM,0,0,0
03/15/2018 05:00:00 AM,0,0,0
03/15/2018 06:00:00 AM,0,0,0
03/15/2018 07:00:00 AM,0,0,0
03/15/2018 08:00:00 AM,0,0,0
03/15/2018 09:00:00 AM,0,0,0
03/15/2018 10:00:00 AM,0,0,0
03/15/2018 11:00:00 AM,0,0,0
03/15/2018 12:00:00 PM,0,0,0
03/15/2018 01:00:00 PM,0,0,0
03/15/2018 02:00:00 PM,0,0,0
03/15/2018 03:00:00 PM,0,0,0
03/15/2018 04:00:00 PM,0,0,0
03/15/2018 05:00:00 PM,0,0,0
03/15/2018 06:00:00 PM,0,0,0
03/15/2018 07:00:00 PM,1,0,1
03/15/2018 08:00:00 PM,0,0,0
03/15/2018 09:00:00 PM,0,0,0
03/15/2018 10:00:00 PM,5,2,3
03/15/2018 11:00:00 PM,0,0,0
03/16/2018 12:00:00 AM,0,0,0
03/16/2018 01:00:00 AM,0,0,0
03/16/2018 02:00:00 AM,0,0,0
03/16/2018 03:00:00 AM,0,0,0
03/16/2018 04:00:00 AM,0,0,0
03/16/2018 05:00:00 AM,0,0,0
03/16/2018 06:00:00 AM,0,0,0
03/16/2018 07:00:00 AM,0,0,0
03/16/2018 08:00:00 AM,0,0,0
03/16/2018 09:00:00 AM,0,0,0
03/16/2018 10:00:00 AM,0,0,0
03/16/2018 11:00:00 AM,0,0,0
03/16/2018 12:00:00 PM,0,0,0
03/16/2018 01:00:00 PM,0,0,0
03/16/2018 02:00:00 PM,0,0,0
03/16/2018 03:00:00 PM,0,0,0
03/16/2018 04:00:00 PM,0,0,0
03/16/2018 05:00:00 PM,0,0,0
03/16/2018 06:00:00 PM,0,0,0
03/16/2018 07:00:00 PM,0,0,0
03/16/2018 08:00:00 PM,0,0,0
03/16/2018 09:00:00 PM,1,1,0
03/16/2018 10:00:00 PM,0,0,0
03/16/2018 11:00:00 PM,0,0,0
03/17/2018 12:00:00 AM,0,0,0
03/17/2018 01:00:00 AM,0,0,0
03/17/2018 02:00:00 AM,0,0,0
03/17/2018 03:00:00 AM,0,0,0
03/17/2018 04:00:00 AM,0,0,0
03/17/2018 05:00:00 AM,0,0,0
03/17/2018 06:00:00 AM,0,0,0
03/17/2018 07:00:00 AM,0,0,0
03/17/2018 08:00:00 AM,0,0,0
03/17/2018 09:00:00 AM,0,0,0
03/17/2018 10:00:00 AM,0,0,0
03/17/2018 11:00:00 AM,0,0,0
03/17/2018 12:00:00 PM,0,0,0
03/17/2018 01:00:00 PM,0,0,0
03/17/2018 02:00:00 PM,0,0,0
03/17/2018 03:00:00 PM,0,0,0
03/17/2018 04:00:00 PM,0,0,0
03/17/2018 05:00:00 PM,0,0,0
03/17/2018 06:00:00 PM,0,0,0
03/17/2018 07:00:00 PM,0,0,0
03/17/2018 08:00:00 PM,0,0,0
03/17/2018 09:00:00 PM,0,0,0
03/17/2018 10:00:00 PM,0,0,0
03/17/2018 11:00:00 PM,1,0,1
03/18/2018 12:00:00 AM,0,0,0
03/18/2018 01:00:00 AM,1,0,1
03/18/2018 02:00:00 AM,0,0,0
03/18/2018 03:00:00 AM,0,0,0
03/18/2018 04:00:00 AM,0,0,0
03/18/2018 05:00:00 AM,0,0,0
03/18/2018 06:00:00 AM,0,0,0
03/18/2018 07:00:00 AM,0,0,0
03/18/2018 08:00:00 AM,0,0,0
03/18/2018 09:00:00 AM,0,0,0
03/18/2018 10:00:00 AM,0,0,0
03/18/2018 11:00:00 AM,0,0,0
03/18/2018 12:00:00 PM,0,0,0
03/18/2018 01:00:00 PM,0,0,0
03/18/2018 02:00:00 PM,0,0,0
03/18/2018 03:00:00 PM,0,0,0
03/18/2018 04:00:00 PM,0,0,0
03/18/2018 05:00:00 PM,0,0,0
03/18/2018 06:00:00 PM,0,0,0
03/18/2018 07:00:00 PM,0,0,0
03/18/2018 08:00:00 PM,0,0,0
03/18/2018 09:00:00 PM,0,0,0
03/18/2018 10:00:00 PM,0,0,0
03/18/2018 11:00:00 PM,0,0,0
03/19/2018 12:00:00 AM,0,0,0
03/19/2018 01:00:00 AM,0,0,0
03/19/2018 02:00:00 AM,0,0,0
03/19/2018 03:00:00 AM,0,0,0
03/19/2018 04:00:00 AM,0,0,0
03/19/2018 05:00:00 AM,0,0,0
03/19/2018 06:00:00 AM,0,0,0
03/19/2018 07:00:00 AM,0,0,0
03/19/2018 08:00:00 AM,0,0,0
03/19/2018 09:00:00 AM,0,0,0
03/19/2018 10:00:00 AM,0,0,0
03/19/2018 11:00:00 AM,0,0,0
03/19/2018 12:00:00 PM,0,0,0
03/19/2018 01:00:00 PM,0,0,0
03/19/2018 02:00:00 PM,0,0,0
03/19/2018 03:00:00 PM,0,0,0
03/19/2018 04:00:00 PM,0,0,0
03/19/2018 05:00:00 PM,0,0,0
03/19/2018 06:00:00 PM,0,0,0
03/19/2018 07:00:00 PM,0,0,0
03/19/2018 08:00:00 PM,1,1,0
03/19/2018 09:00:00 PM,0,0,0
03/19/2018 10:00:00 PM,0,0,0
03/19/2018 11:00:00 PM,0,0,0
03/20/2018 12:00:00 AM,0,0,0
03/20/2018 01:00:00 AM,0,0,0
03/20/2018 02:00:00 AM,0,0,0
03/20/2018 03:00:00 AM,0,0,0
03/20/2018 04:00:00 AM,0,0,0
03/20/2018 05:00:00 AM,0,0,0
03/20/2018 06:00:00 AM,0,0,0
03/20/2018 07:00:00 AM,0,0,0
03/20/2018 08:00:00 AM,0,0,0
03/20/2018 09:00:00 AM,0,0,0
03/20/2018 10:00:00 AM,0,0,0
03/20/2018 11:00:00 AM,0,0,0
03/20/2018 12:00:00 PM,0,0,0
03/20/2018 01:00:00 PM,0,0,0
03/20/2018 02:00:00 PM,0,0,0
03/20/2018 03:00:00 PM,0,0,0
03/20/2018 04:00:00 PM,0,0,0
03/20/2018 05:00:00 PM,0,0,0
03/20/2018 06:00:00 PM,0,0,0
03/20/2018 07:00:00 PM,0,0,0
03/20/2018 08:00:00 PM,1,1,0
03/20/2018 09:00:00 PM,0,0,0
03/20/2018 10:00:00 PM,0,0,0
03/20/2018 11:00:00 PM,0,0,0
03/21/2018 12:00:00 AM,0,0,0
03/21/2018 01:00:00 AM,0,0,0
03/21/2018 02:00:00 AM,0,0,0
03/21/2018 03:00:00 AM,0,0,0
03/21/2018 04:00:00 AM,0,0,0
03/21/2018 05:00:00 AM,0,0,0
03/21/2018 06:00:00 AM,0,0,0
03/21/2018 07:00:00 AM,0,0,0
03/21/2018 08:00:00 AM,0,0,0
03/21/2018 09:00:00 AM,0,0,0
03/21/2018 10:00:00 AM,0,0,0
03/21/2018 11:00:00 AM,0,0,0
03/21/2018 12:00:00 PM,0,0,0
03/21/2018 01:00:00 PM,0,0,0
03/21/2018 02:00:00 PM,0,0,0
03/21/2018 03:00:00 PM,0,0,0
03/21/2018 04:00:00 PM,0,0,0
03/21/2018 05:00:00 PM,0,0,0
03/21/2018 06:00:00 PM,0,0,0
03/21/2018 07:00:00 PM,0,0,0
03/21/2018 08:00:00 PM,0,0,0
03/21/2018 09:00:00 PM,0,0,0
03/21/2018 10:00:00 PM,0,0,0
03/21/2018 11:00:00 PM,0,0,0
03/22/2018 12:00:00 AM,0,0,0
03/22/2018 01:00:00 AM,0,0,0
03/22/2018 02:00:00 AM,0,0,0
03/22/2018 03:00:00 AM,0,0,0
03/22/2018 04:00:00 AM,0,0,0
03/22/2018 05:00:00 AM,0,0,0
03/22/2018 06:00:00 AM,0,0,0
03/22/2018 07:00:00 AM,0,0,0
03/22/2018 08:00:00 AM,0,0,0
03/22/2018 09:00:00 AM,0,0,0
03/22/2018 10:00:00 AM,0,0,0
03/22/2018 11:00:00 AM,0,0,0
03/22/2018 12:00:00 PM,0,0,0
03/22/2018 01:00:00 PM,0,0,0
03/22/2018 02:00:00 PM,0,0,0
03/22/2018 03:00:00 PM,0,0,0
03/22/2018 04:00:00 PM,0,0,0
03/22/2018 05:00:00 PM,0,0,0
03/22/2018 06:00:00 PM,0,0,0
03/22/2018 07:00:00 PM,0,0,0
03/22/2018 08:00:00 PM,0,0,0
03/22/2018 09:00:00 PM,0,0,0
03/22/2018 10:00:00 PM,1,0,1
03/22/2018 11:00:00 PM,0,0,0
03/23/2018 12:00:00 AM,0,0,0
03/23/2018 01:00:00 AM,0,0,0
03/23/2018 02:00:00 AM,0,0,0
03/23/2018 03:00:00 AM,0,0,0
03/23/2018 04:00:00 AM,0,0,0
03/23/2018 05:00:00 AM,0,0,0
03/23/2018 06:00:00 AM,0,0,0
03/23/2018 07:00:00 AM,0,0,0
03/23/2018 08:00:00 AM,0,0,0
03/23/2018 09:00:00 AM,0,0,0
03/23/2018 10:00:00 AM,0,0,0
03/23/2018 11:00:00 AM,0,0,0
03/23/2018 12:00:00 PM,0,0,0
03/23/2018 01:00:00 PM,0,0,0
03/23/2018 02:00:00 PM,0,0,0
03/23/2018 03:00:00 PM,0,0,0
03/23/2018 04:00:00 PM,0,0,0
03/23/2018 05:00:00 PM,1,0,1
03/23/2018 06:00:00 PM,0,0,0
03/23/2018 07:00:00 PM,0,0,0
03/23/2018 08:00:00 PM,0,0,0
03/23/2018 09:00:00 PM,0,0,0
03/23/2018 10:00:00 PM,0,0,0
03/23/2018 11:00:00 PM,0,0,0
03/24/2018 12:00:00 AM,1,0,1
03/24/2018 01:00:00 AM,0,0,0
03/24/2018 02:00:00 AM,0,0,0
03/24/2018 03:00:00 AM,0,0,0
03/24/2018 04:00:00 AM,0,0,0
03/24/2018 05:00:00 AM,0,0,0
03/24/2018 06:00:00 AM,0,0,0
03/24/2018 07:00:00 AM,0,0,0
03/24/2018 08:00:00 AM,0,0,0
03/24/2018 09:00:00 AM,4,3,1
03/24/2018 10:00:00 AM,1,1,0
03/24/2018 11:00:00 AM,0,0,0
03/24/2018 12:00:00 PM,0,0,0
03/24/2018 01:00:00 PM,0,0,0
03/24/2018 02:00:00 PM,0,0,0
03/24/2018 03:00:00 PM,0,0,0
03/24/2018 04:00:00 PM,0,0,0
03/24/2018 05:00:00 PM,0,0,0
03/24/2018 06:00:00 PM,0,0,0
03/24/2018 07:00:00 PM,0,0,0
03/24/2018 08:00:00 PM,0,0,0
03/24/2018 09:00:00 PM,1,1,0
03/24/2018 10:00:00 PM,0,0,0
03/24/2018 11:00:00 PM,0,0,0
03/25/2018 12:00:00 AM,1,0,1
03/25/2018 01:00:00 AM,2,0,2
03/25/2018 02:00:00 AM,0,0,0
03/25/2018 03:00:00 AM,0,0,0
03/25/2018 04:00:00 AM,0,0,0
03/25/2018 05:00:00 AM,0,0,0
03/25/2018 06:00:00 AM,0,0,0
03/25/2018 07:00:00 AM,0,0,0
03/25/2018 08:00:00 AM,0,0,0
03/25/2018 09:00:00 AM,0,0,0
03/25/2018 10:00:00 AM,0,0,0
03/25/2018 11:00:00 AM,0,0,0
03/25/2018 12:00:00 PM,0,0,0
03/25/2018 01:00:00 PM,0,0,0
03/25/2018 02:00:00 PM,0,0,0
03/25/2018 03:00:00 PM,0,0,0
03/25/2018 04:00:00 PM,0,0,0
03/25/2018 05:00:00 PM,0,0,0
03/25/2018 06:00:00 PM,0,0,0
03/25/2018 07:00:00 PM,1,0,1
03/25/2018 08:00:00 PM,0,0,0
03/25/2018 09:00:00 PM,0,0,0
03/25/2018 10:00:00 PM,0,0,0
03/25/2018 11:00:00 PM,0,0,0
03/26/2018 12:00:00 AM,0,0,0
03/26/2018 01:00:00 AM,0,0,0
03/26/2018 02:00:00 AM,0,0,0
03/26/2018 03:00:00 AM,0,0,0
03/26/2018 04:00:00 AM,0,0,0
03/26/2018 05:00:00 AM,0,0,0
03/26/2018 06:00:00 AM,0,0,0
03/26/2018 07:00:00 AM,9,4,5
03/26/2018 08:00:00 AM,17,6,11
03/26/2018 09:00:00 AM,0,0,0
03/26/2018 10:00:00 AM,1,0,1
03/26/2018 11:00:00 AM,0,0,0
03/26/2018 12:00:00 PM,0,0,0
03/26/2018 01:00:00 PM,0,0,0
03/26/2018 02:00:00 PM,0,0,0
03/26/2018 03:00:00 PM,0,0,0
03/26/2018 04:00:00 PM,0,0,0
03/26/2018 05:00:00 PM,1,1,0
03/26/2018 06:00:00 PM,1,1,0
03/26/2018 07:00:00 PM,0,0,0
03/26/2018 08:00:00 PM,1,1,0
03/26/2018 09:00:00 PM,2,2,0
03/26/2018 10:00:00 PM,0,0,0
03/26/2018 11:00:00 PM,0,0,0
03/27/2018 12:00:00 AM,0,0,0
03/27/2018 01:00:00 AM,0,0,0
03/27/2018 02:00:00 AM,0,0,0
03/27/2018 03:00:00 AM,0,0,0
03/27/2018 04:00:00 AM,0,0,0
03/27/2018 05:00:00 AM,1,0,1
03/27/2018 06:00:00 AM,0,0,0
03/27/2018 07:00:00 AM,0,0,0
03/27/2018 08:00:00 AM,0,0,0
03/27/2018 09:00:00 AM,0,0,0
03/27/2018 10:00:00 AM,0,0,0
03/27/2018 11:00:00 AM,0,0,0
03/27/2018 12:00:00 PM,0,0,0
03/27/2018 01:00:00 PM,1,1,0
03/27/2018 02:00:00 PM,1,1,0
03/27/2018 03:00:00 PM,1,1,0
03/27/2018 04:00:00 PM,1,1,0
03/27/2018 05:00:00 PM,8,8,0
03/27/2018 06:00:00 PM,6,6,0
03/27/2018 07:00:00 PM,10,9,1
03/27/2018 08:00:00 PM,2,1,1
03/27/2018 09:00:00 PM,0,0,0
03/27/2018 10:00:00 PM,0,0,0
03/27/2018 11:00:00 PM,0,0,0
03/28/2018 12:00:00 AM,0,0,0
03/28/2018 01:00:00 AM,0,0,0
03/28/2018 02:00:00 AM,0,0,0
03/28/2018 03:00:00 AM,0,0,0
03/28/2018 04:00:00 AM,0,0,0
03/28/2018 05:00:00 AM,0,0,0
03/28/2018 06:00:00 AM,0,0,0
03/28/2018 07:00:00 AM,0,0,0
03/28/2018 08:00:00 AM,1,1,0
03/28/2018 09:00:00 AM,0,0,0
03/28/2018 10:00:00 AM,0,0,0
03/28/2018 11:00:00 AM,0,0,0
03/28/2018 12:00:00 PM,0,0,0
03/28/2018 01:00:00 PM,3,2,1
03/28/2018 02:00:00 PM,1,0,1
03/28/2018 03:00:00 PM,1,0,1
03/28/2018 04:00:00 PM,5,5,0
03/28/2018 05:00:00 PM,4,4,0
03/28/2018 06:00:00 PM,1,1,0
03/28/2018 07:00:00 PM,3,3,0
03/28/2018 08:00:00 PM,1,1,0
03/28/2018 09:00:00 PM,0,0,0
03/28/2018 10:00:00 PM,0,0,0
03/28/2018 11:00:00 PM,0,0,0
03/29/2018 12:00:00 AM,0,0,0
03/29/2018 01:00:00 AM,0,0,0
03/29/2018 02:00:00 AM,0,0,0
03/29/2018 03:00:00 AM,0,0,0
03/29/2018 04:00:00 AM,0,0,0
03/29/2018 05:00:00 AM,0,0,0
03/29/2018 06:00:00 AM,0,0,0
03/29/2018 07:00:00 AM,0,0,0
03/29/2018 08:00:00 AM,1,1,0
03/29/2018 09:00:00 AM,3,3,0
03/29/2018 10:00:00 AM,2,2,0
03/29/2018 11:00:00 AM,1,1,0
03/29/2018 12:00:00 PM,3,3,0
03/29/2018 01:00:00 PM,2,2,0
03/29/2018 02:00:00 PM,1,1,0
03/29/2018 03:00:00 PM,3,3,0
03/29/2018 04:00:00 PM,1,1,0
03/29/2018 05:00:00 PM,6,6,0
03/29/2018 06:00:00 PM,2,2,0
03/29/2018 07:00:00 PM,2,2,0
03/29/2018 08:00:00 PM,1,1,0
03/29/2018 09:00:00 PM,2,2,0
03/29/2018 10:00:00 PM,0,0,0
03/29/2018 11:00:00 PM,0,0,0
03/30/2018 12:00:00 AM,0,0,0
03/30/2018 01:00:00 AM,0,0,0
03/30/2018 02:00:00 AM,3,0,3
03/30/2018 03:00:00 AM,0,0,0
03/30/2018 04:00:00 AM,0,0,0
03/30/2018 05:00:00 AM,0,0,0
03/30/2018 06:00:00 AM,0,0,0
03/30/2018 07:00:00 AM,0,0,0
03/30/2018 08:00:00 AM,1,1,0
03/30/2018 09:00:00 AM,1,0,1
03/30/2018 10:00:00 AM,0,0,0
03/30/2018 11:00:00 AM,1,0,1
03/30/2018 12:00:00 PM,0,0,0
03/30/2018 01:00:00 PM,2,2,0
03/30/2018 02:00:00 PM,1,1,0
03/30/2018 03:00:00 PM,0,0,0
03/30/2018 04:00:00 PM,0,0,0
03/30/2018 05:00:00 PM,0,0,0
03/30/2018 06:00:00 PM,1,0,1
03/30/2018 07:00:00 PM,0,0,0
03/30/2018 08:00:00 PM,1,0,1
03/30/2018 09:00:00 PM,3,0,3
03/30/2018 10:00:00 PM,1,1,0
03/30/2018 11:00:00 PM,1,0,1
03/31/2018 12:00:00 AM,0,0,0
03/31/2018 01:00:00 AM,0,0,0
03/31/2018 02:00:00 AM,2,1,1
03/31/2018 03:00:00 AM,0,0,0
03/31/2018 04:00:00 AM,0,0,0
03/31/2018 05:00:00 AM,0,0,0
03/31/2018 06:00:00 AM,0,0,0
03/31/2018 07:00:00 AM,0,0,0
03/31/2018 08:00:00 AM,0,0,0
03/31/2018 09:00:00 AM,0,0,0
03/31/2018 10:00:00 AM,3,3,0
03/31/2018 11:00:00 AM,5,3,2
03/31/2018 12:00:00 PM,7,7,0
03/31/2018 01:00:00 PM,8,5,3
03/31/2018 02:00:00 PM,1,0,1
03/31/2018 03:00:00 PM,5,2,3
03/31/2018 04:00:00 PM,7,0,7
03/31/2018 05:00:00 PM,4,0,4
03/31/2018 06:00:00 PM,11,4,7
03/31/2018 07:00:00 PM,4,1,3
03/31/2018 08:00:00 PM,8,1,7
03/31/2018 09:00:00 PM,4,0,4
03/31/2018 10:00:00 PM,8,4,4
03/31/2018 11:00:00 PM,2,0,2
04/01/2018 12:00:00 AM,3,1,2
04/01/2018 01:00:00 AM,1,0,1
04/01/2018 02:00:00 AM,4,2,2
04/01/2018 03:00:00 AM,0,0,0
04/01/2018 04:00:00 AM,0,0,0
04/01/2018 05:00:00 AM,0,0,0
04/01/2018 06:00:00 AM,0,0,0
04/01/2018 07:00:00 AM,0,0,0
04/01/2018 08:00:00 AM,1,1,0
04/01/2018 09:00:00 AM,1,1,0
04/01/2018 10:00:00 AM,1,1,0
04/01/2018 11:00:00 AM,1,1,0
04/01/2018 12:00:00 PM,1,1,0
04/01/2018 01:00:00 PM,2,2,0
04/01/2018 02:00:00 PM,0,0,0
04/01/2018 03:00:00 PM,0,0,0
04/01/2018 04:00:00 PM,3,3,0
04/01/2018 05:00:00 PM,1,1,0
04/01/2018 06:00:00 PM,6,5,1
04/01/2018 07:00:00 PM,3,2,1
04/01/2018 08:00:00 PM,0,0,0
04/01/2018 09:00:00 PM,2,0,2
04/01/2018 10:00:00 PM,0,0,0
04/01/2018 11:00:00 PM,0,0,0
04/02/2018 12:00:00 AM,1,1,0
04/02/2018 01:00:00 AM,1,0,1
04/02/2018 02:00:00 AM,0,0,0
04/02/2018 03:00:00 AM,0,0,0
04/02/2018 04:00:00 AM,1,0,1
04/02/2018 05:00:00 AM,0,0,0
04/02/2018 06:00:00 AM,2,0,2
04/02/2018 07:00:00 AM,16,2,14
04/02/2018 08:00:00 AM,15,4,11
04/02/2018 09:00:00 AM,11,0,11
04/02/2018 10:00:00 AM,24,9,15
04/02/2018 11:00:00 AM,7,3,4
04/02/2018 12:00:00 PM,12,5,7
04/02/2018 01:00:00 PM,14,6,8
04/02/2018 02:00:00 PM,26,9,17
04/02/2018 03:00:00 PM,18,11,7
04/02/2018 04:00:00 PM,34,18,16
04/02/2018 05:00:00 PM,41,26,15
04/02/2018 06:00:00 PM,41,23,18
04/02/2018 07:00:00 PM,13,5,8
04/02/2018 08:00:00 PM,23,6,17
04/02/2018 09:00:00 PM,10,7,3
04/02/2018 10:00:00 PM,15,2,13
04/02/2018 11:00:00 PM,4,3,1
04/03/2018 12:00:00 AM,6,3,3
04/03/2018 01:00:00 AM,6,4,2
04/03/2018 02:00:00 AM,1,0,1
04/03/2018 03:00:00 AM,0,0,0
04/03/2018 04:00:00 AM,1,0,1
04/03/2018 05:00:00 AM,0,0,0
04/03/2018 06:00:00 AM,9,1,8
04/03/2018 07:00:00 AM,32,7,25
04/03/2018 08:00:00 AM,33,12,21
04/03/2018 09:00:00 AM,31,12,19
04/03/2018 10:00:00 AM,13,6,7
04/03/2018 11:00:00 AM,10,4,6
04/03/2018 12:00:00 PM,16,5,11
04/03/2018 01:00:00 PM,13,7,6
04/03/2018 02:00:00 PM,20,12,8
04/03/2018 03:00:00 PM,19,13,6
04/03/2018 04:00:00 PM,32,20,12
04/03/2018 05:00:00 PM,48,30,18
04/03/2018 06:00:00 PM,37,18,19
04/03/2018 07:00:00 PM,25,16,9
04/03/2018 08:00:00 PM,21,10,11
04/03/2018 09:00:00 PM,13,8,5
04/03/2018 10:00:00 PM,12,5,7
04/03/2018 11:00:00 PM,2,1,1
04/04/2018 12:00:00 AM,0,0,0
04/04/2018 01:00:00 AM,1,1,0
04/04/2018 02:00:00 AM,1,0,1
04/04/2018 03:00:00 AM,0,0,0
04/04/2018 04:00:00 AM,1,0,1
04/04/2018 05:00:00 AM,3,0,3
04/04/2018 06:00:00 AM,7,1,6
04/04/2018 07:00:00 AM,18,3,15
04/04/2018 08:00:00 AM,32,15,17
04/04/2018 09:00:00 AM,15,2,13
04/04/2018 10:00:00 AM,7,2,5
04/04/2018 11:00:00 AM,11,4,7
04/04/2018 12:00:00 PM,4,0,4
04/04/2018 01:00:00 PM,6,2,4
04/04/2018 02:00:00 PM,11,4,7
04/04/2018 03:00:00 PM,14,11,3
04/04/2018 04:00:00 PM,29,17,12
04/04/2018 05:00:00 PM,40,23,17
04/04/2018 06:00:00 PM,28,18,10
04/04/2018 07:00:00 PM,22,11,11
04/04/2018 08:00:00 PM,10,4,6
04/04/2018 09:00:00 PM,11,2,9
04/04/2018 10:00:00 PM,6,2,4
04/04/2018 11:00:00 PM,2,2,0
04/05/2018 12:00:00 AM,1,1,0
04/05/2018 01:00:00 AM,0,0,0
04/05/2018 02:00:00 AM,0,0,0
04/05/2018 03:00:00 AM,0,0,0
04/05/2018 04:00:00 AM,1,0,1
04/05/2018 05:00:00 AM,5,1,4
04/05/2018 06:00:00 AM,5,0,5
04/05/2018 07:00:00 AM,27,9,18
04/05/2018 08:00:00 AM,22,8,14
04/05/2018 09:00:00 AM,21,10,11
04/05/2018 10:00:00 AM,27,9,18
04/05/2018 11:00:00 AM,3,2,1
04/05/2018 12:00:00 PM,16,7,9
04/05/2018 01:00:00 PM,8,2,6
04/05/2018 02:00:00 PM,15,9,6
04/05/2018 03:00:00 PM,13,8,5
04/05/2018 04:00:00 PM,24,14,10
04/05/2018 05:00:00 PM,36,15,21
04/05/2018 06:00:00 PM,22,7,15
04/05/2018 07:00:00 PM,19,11,8
04/05/2018 08:00:00 PM,7,5,2
04/05/2018 09:00:00 PM,9,4,5
04/05/2018 10:00:00 PM,7,6,1
04/05/2018 11:00:00 PM,5,3,2
04/06/2018 12:00:00 AM,2,1,1
04/06/2018 01:00:00 AM,0,0,0
04/06/2018 02:00:00 AM,0,0,0
04/06/2018 03:00:00 AM,0,0,0
04/06/2018 04:00:00 AM,2,1,1
04/06/2018 05:00:00 AM,1,0,1
04/06/2018 06:00:00 AM,14,1,13
04/06/2018 07:00:00 AM,19,5,14
04/06/2018 08:00:00 AM,17,6,11
04/06/2018 09:00:00 AM,24,10,14
04/06/2018 10:00:00 AM,12,4,8
04/06/2018 11:00:00 AM,15,8,7
04/06/2018 12:00:00 PM,13,6,7
04/06/2018 01:00:00 PM,16,6,10
04/06/2018 02:00:00 PM,13,10,3
04/06/2018 03:00:00 PM,18,14,4
04/06/2018 04:00:00 PM,27,14,13
04/06/2018 05:00:00 PM,45,19,26
04/06/2018 06:00:00 PM,41,18,23
04/06/2018 07:00:00 PM,31,19,12
04/06/2018 08:00:00 PM,22,12,10
04/06/2018 09:00:00 PM,12,7,5
04/06/2018 10:00:00 PM,8,5,3
04/06/2018 11:00:00 PM,13,5,8
04/07/2018 12:00:00 AM,10,1,9
04/07/2018 01:00:00 AM,3,2,1
04/07/2018 02:00:00 AM,4,4,0
04/07/2018 03:00:00 AM,1,0,1
04/07/2018 04:00:00 AM,0,0,0
04/07/2018 05:00:00 AM,2,0,2
04/07/2018 06:00:00 AM,2,1,1
04/07/2018 07:00:00 AM,4,3,1
04/07/2018 08:00:00 AM,7,4,3
04/07/2018 09:00:00 AM,2,0,2
04/07/2018 10:00:00 AM,6,3,3
04/07/2018 11:00:00 AM,8,3,5
04/07/2018 12:00:00 PM,12,5,7
04/07/2018 01:00:00 PM,8,3,5
04/07/2018 02:00:00 PM,16,6,10
04/07/2018 03:00:00 PM,11,3,8
04/07/2018 04:00:00 PM,14,9,5
04/07/2018 05:00:00 PM,15,12,3
04/07/2018 06:00:00 PM,17,12,5
04/07/2018 07:00:00 PM,5,3,2
04/07/2018 08:00:00 PM,9,2,7
04/07/2018 09:00:00 PM,0,0,0
04/07/2018 10:00:00 PM,2,1,1
04/07/2018 11:00:00 PM,1,1,0
04/08/2018 12:00:00 AM,2,1,1
04/08/2018 01:00:00 AM,1,0,1
04/08/2018 02:00:00 AM,2,2,0
04/08/2018 03:00:00 AM,1,1,0
04/08/2018 04:00:00 AM,1,0,1
04/08/2018 05:00:00 AM,2,0,2
04/08/2018 06:00:00 AM,13,2,11
04/08/2018 07:00:00 AM,16,2,14
04/08/2018 08:00:00 AM,8,3,5
04/08/2018 09:00:00 AM,8,4,4
04/08/2018 10:00:00 AM,8,3,5
04/08/2018 11:00:00 AM,12,9,3
04/08/2018 12:00:00 PM,6,4,2
04/08/2018 01:00:00 PM,11,7,4
04/08/2018 02:00:00 PM,11,8,3
04/08/2018 03:00:00 PM,11,6,5
04/08/2018 04:00:00 PM,14,6,8
04/08/2018 05:00:00 PM,14,5,9
04/08/2018 06:00:00 PM,11,4,7
04/08/2018 07:00:00 PM,15,11,4
04/08/2018 08:00:00 PM,8,4,4
04/08/2018 09:00:00 PM,11,2,9
04/08/2018 10:00:00 PM,3,2,1
04/08/2018 11:00:00 PM,3,2,1
04/09/2018 12:00:00 AM,0,0,0
04/09/2018 01:00:00 AM,0,0,0
04/09/2018 02:00:00 AM,8,4,4
04/09/2018 03:00:00 AM,2,2,0
04/09/2018 04:00:00 AM,2,1,1
04/09/2018 05:00:00 AM,5,0,5
04/09/2018 06:00:00 AM,7,0,7
04/09/2018 07:00:00 AM,21,4,17
04/09/2018 08:00:00 AM,23,7,16
04/09/2018 09:00:00 AM,23,11,12
04/09/2018 10:00:00 AM,13,8,5
04/09/2018 11:00:00 AM,5,0,5
04/09/2018 12:00:00 PM,12,8,4
04/09/2018 01:00:00 PM,21,10,11
04/09/2018 02:00:00 PM,19,10,9
04/09/2018 03:00:00 PM,20,13,7
04/09/2018 04:00:00 PM,35,23,12
04/09/2018 05:00:00 PM,45,26,19
04/09/2018 06:00:00 PM,39,17,22
04/09/2018 07:00:00 PM,23,11,12
04/09/2018 08:00:00 PM,15,6,9
04/09/2018 09:00:00 PM,13,1,12
04/09/2018 10:00:00 PM,5,4,1
04/09/2018 11:00:00 PM,2,1,1
04/10/2018 12:00:00 AM,1,1,0
04/10/2018 01:00:00 AM,1,0,1
04/10/2018 02:00:00 AM,0,0,0
04/10/2018 03:00:00 AM,0,0,0
04/10/2018 04:00:00 AM,1,0,1
04/10/2018 05:00:00 AM,5,0,5
04/10/2018 06:00:00 AM,9,2,7
04/10/2018 07:00:00 AM,22,4,18
04/10/2018 08:00:00 AM,18,8,10
04/10/2018 09:00:00 AM,9,3,6
04/10/2018 10:00:00 AM,16,8,8
04/10/2018 11:00:00 AM,14,6,8
04/10/2018 12:00:00 PM,11,6,5
04/10/2018 01:00:00 PM,16,8,8
04/10/2018 02:00:00 PM,13,4,9
04/10/2018 03:00:00 PM,10,7,3
04/10/2018 04:00:00 PM,24,16,8
04/10/2018 05:00:00 PM,32,23,9
04/10/2018 06:00:00 PM,32,11,21
04/10/2018 07:00:00 PM,29,13,16
04/10/2018 08:00:00 PM,13,4,9
04/10/2018 09:00:00 PM,16,8,8
04/10/2018 10:00:00 PM,5,5,0
04/10/2018 11:00:00 PM,3,0,3
04/11/2018 12:00:00 AM,4,2,2
04/11/2018 01:00:00 AM,3,2,1
04/11/2018 02:00:00 AM,1,1,0
04/11/2018 03:00:00 AM,0,0,0
04/11/2018 04:00:00 AM,0,0,0
04/11/2018 05:00:00 AM,3,0,3
04/11/2018 06:00:00 AM,12,2,10
04/11/2018 07:00:00 AM,20,4,16
04/11/2018 08:00:00 AM,34,10,24
04/11/2018 09:00:00 AM,17,8,9
04/11/2018 10:00:00 AM,16,8,8
04/11/2018 11:00:00 AM,8,2,6
04/11/2018 12:00:00 PM,11,6,5
04/11/2018 01:00:00 PM,10,8,2
04/11/2018 02:00:00 PM,11,3,8
04/11/2018 03:00:00 PM,10,6,4
04/11/2018 04:00:00 PM,20,15,5
04/11/2018 05:00:00 PM,31,22,9
04/11/2018 06:00:00 PM,33,17,16
04/11/2018 07:00:00 PM,23,12,11
04/11/2018 08:00:00 PM,14,5,9
04/11/2018 09:00:00 PM,4,2,2
04/11/2018 10:00:00 PM,8,5,3
04/11/2018 11:00:00 PM,5,3,2
04/12/2018 12:00:00 AM,0,0,0
04/12/2018 01:00:00 AM,0,0,0
04/12/2018 02:00:00 AM,0,0,0
04/12/2018 03:00:00 AM,1,0,1
04/12/2018 04:00:00 AM,2,1,1
04/12/2018 05:00:00 AM,4,1,3
04/12/2018 06:00:00 AM,9,2,7
04/12/2018 07:00:00 AM,23,6,17
04/12/2018 08:00:00 AM,21,7,14
04/12/2018 09:00:00 AM,12,7,5
04/12/2018 10:00:00 AM,10,3,7
04/12/2018 11:00:00 AM,10,3,7
04/12/2018 12:00:00 PM,12,2,10
04/12/2018 01:00:00 PM,9,4,5
04/12/2018 02:00:00 PM,9,4,5
04/12/2018 03:00:00 PM,14,9,5
04/12/2018 04:00:00 PM,24,15,9
04/12/2018 05:00:00 PM,39,18,21
04/12/2018 06:00:00 PM,40,21,19
04/12/2018 07:00:00 PM,15,9,6
04/12/2018 08:00:00 PM,14,8,6
04/12/2018 09:00:00 PM,20,15,5
04/12/2018 10:00:00 PM,9,2,7
04/12/2018 11:00:00 PM,7,4,3
04/13/2018 12:00:00 AM,2,0,2
04/13/2018 01:00:00 AM,1,0,1
04/13/2018 02:00:00 AM,1,1,0
04/13/2018 03:00:00 AM,0,0,0
04/13/2018 04:00:00 AM,0,0,0
04/13/2018 05:00:00 AM,3,1,2
04/13/2018 06:00:00 AM,8,0,8
04/13/2018 07:00:00 AM,24,4,20
04/13/2018 08:00:00 AM,13,5,8
04/13/2018 09:00:00 AM,13,5,8
04/13/2018 10:00:00 AM,12,6,6
04/13/2018 11:00:00 AM,25,12,13
04/13/2018 12:00:00 PM,7,3,4
04/13/2018 01:00:00 PM,16,7,9
04/13/2018 02:00:00 PM,14,5,9
04/13/2018 03:00:00 PM,8,5,3
04/13/2018 04:00:00 PM,18,14,4
04/13/2018 05:00:00 PM,24,19,5
04/13/2018 06:00:00 PM,22,13,9
04/13/2018 07:00:00 PM,11,4,7
04/13/2018 08:00:00 PM,7,2,5
04/13/2018 09:00:00 PM,4,1,3
04/13/2018 10:00:00 PM,3,3,0
04/13/2018 11:00:00 PM,3,3,0
04/14/2018 12:00:00 AM,1,0,1
04/14/2018 01:00:00 AM,5,0,5
04/14/2018 02:00:00 AM,0,0,0
04/14/2018 03:00:00 AM,0,0,0
04/14/2018 04:00:00 AM,0,0,0
04/14/2018 05:00:00 AM,0,0,0
04/14/2018 06:00:00 AM,3,1,2
04/14/2018 07:00:00 AM,8,2,6
04/14/2018 08:00:00 AM,8,4,4
04/14/2018 09:00:00 AM,10,4,6
04/14/2018 10:00:00 AM,7,5,2
04/14/2018 11:00:00 AM,13,7,6
04/14/2018 12:00:00 PM,10,7,3
04/14/2018 01:00:00 PM,13,3,10
04/14/2018 02:00:00 PM,4,2,2
04/14/2018 03:00:00 PM,7,2,5
04/14/2018 04:00:00 PM,8,6,2
04/14/2018 05:00:00 PM,2,0,2
04/14/2018 06:00:00 PM,6,1,5
04/14/2018 07:00:00 PM,10,8,2
04/14/2018 08:00:00 PM,5,5,0
04/14/2018 09:00:00 PM,0,0,0
04/14/2018 10:00:00 PM,1,1,0
04/14/2018 11:00:00 PM,3,0,3
04/15/2018 12:00:00 AM,0,0,0
04/15/2018 01:00:00 AM,1,0,1
04/15/2018 02:00:00 AM,3,3,0
04/15/2018 03:00:00 AM,0,0,0
04/15/2018 04:00:00 AM,1,0,1
04/15/2018 05:00:00 AM,1,0,1
04/15/2018 06:00:00 AM,4,0,4
04/15/2018 07:00:00 AM,6,4,2
04/15/2018 08:00:00 AM,2,2,0
04/15/2018 09:00:00 AM,4,2,2
04/15/2018 10:00:00 AM,10,2,8
04/15/2018 11:00:00 AM,11,8,3
04/15/2018 12:00:00 PM,16,5,11
04/15/2018 01:00:00 PM,18,11,7
04/15/2018 02:00:00 PM,11,6,5
04/15/2018 03:00:00 PM,13,6,7
04/15/2018 04:00:00 PM,13,6,7
04/15/2018 05:00:00 PM,9,3,6
04/15/2018 06:00:00 PM,7,3,4
04/15/2018 07:00:00 PM,13,4,9
04/15/2018 08:00:00 PM,5,4,1
04/15/2018 09:00:00 PM,13,5,8
04/15/2018 10:00:00 PM,8,6,2
04/15/2018 11:00:00 PM,3,0,3
04/16/2018 12:00:00 AM,2,0,2
04/16/2018 01:00:00 AM,0,0,0
04/16/2018 02:00:00 AM,0,0,0
04/16/2018 03:00:00 AM,0,0,0
04/16/2018 04:00:00 AM,1,0,1
04/16/2018 05:00:00 AM,4,2,2
04/16/2018 06:00:00 AM,14,2,12
04/16/2018 07:00:00 AM,25,3,22
04/16/2018 08:00:00 AM,23,5,18
04/16/2018 09:00:00 AM,5,1,4
04/16/2018 10:00:00 AM,10,5,5
04/16/2018 11:00:00 AM,6,4,2
04/16/2018 12:00:00 PM,8,3,5
04/16/2018 01:00:00 PM,9,5,4
04/16/2018 02:00:00 PM,12,7,5
04/16/2018 03:00:00 PM,8,4,4
04/16/2018 04:00:00 PM,18,15,3
04/16/2018 05:00:00 PM,26,15,11
04/16/2018 06:00:00 PM,29,17,12
04/16/2018 07:00:00 PM,13,7,6
04/16/2018 08:00:00 PM,14,7,7
04/16/2018 09:00:00 PM,6,2,4
04/16/2018 10:00:00 PM,14,7,7
04/16/2018 11:00:00 PM,4,2,2
04/17/2018 12:00:00 AM,0,0,0
04/17/2018 01:00:00 AM,2,0,2
04/17/2018 02:00:00 AM,0,0,0
04/17/2018 03:00:00 AM,0,0,0
04/17/2018 04:00:00 AM,1,0,1
04/17/2018 05:00:00 AM,2,0,2
04/17/2018 06:00:00 AM,11,2,9
04/17/2018 07:00:00 AM,25,6,19
04/17/2018 08:00:00 AM,31,14,17
04/17/2018 09:00:00 AM,14,7,7
04/17/2018 10:00:00 AM,11,4,7
04/17/2018 11:00:00 AM,17,5,12
04/17/2018 12:00:00 PM,21,9,12
04/17/2018 01:00:00 PM,12,8,4
04/17/2018 02:00:00 PM,11,7,4
04/17/2018 03:00:00 PM,19,6,13
04/17/2018 04:00:00 PM,25,15,10
04/17/2018 05:00:00 PM,53,34,19
04/17/2018 06:00:00 PM,33,15,18
04/17/2018 07:00:00 PM,25,15,10
04/17/2018 08:00:00 PM,18,12,6
04/17/2018 09:00:00 PM,13,3,10
04/17/2018 10:00:00 PM,10,4,6
04/17/2018 11:00:00 PM,4,3,1
04/18/2018 12:00:00 AM,0,0,0
04/18/2018 01:00:00 AM,1,1,0
04/18/2018 02:00:00 AM,2,1,1
04/18/2018 03:00:00 AM,1,1,0
04/18/2018 04:00:00 AM,1,0,1
04/18/2018 05:00:00 AM,5,0,5
04/18/2018 06:00:00 AM,13,2,11
04/18/2018 07:00:00 AM,30,6,24
04/18/2018 08:00:00 AM,38,16,22
04/18/2018 09:00:00 AM,18,6,12
04/18/2018 10:00:00 AM,17,8,9
04/18/2018 11:00:00 AM,16,7,9
04/18/2018 12:00:00 PM,18,7,11
04/18/2018 01:00:00 PM,10,4,6
04/18/2018 02:00:00 PM,16,8,8
04/18/2018 03:00:00 PM,16,10,6
04/18/2018 04:00:00 PM,37,24,13
04/18/2018 05:00:00 PM,51,37,14
04/18/2018 06:00:00 PM,33,15,18
04/18/2018 07:00:00 PM,19,4,15
04/18/2018 08:00:00 PM,15,9,6
04/18/2018 09:00:00 PM,7,1,6
04/18/2018 10:00:00 PM,3,2,1
04/18/2018 11:00:00 PM,6,5,1
04/19/2018 12:00:00 AM,1,0,1
04/19/2018 01:00:00 AM,1,0,1
04/19/2018 02:00:00 AM,0,0,0
04/19/2018 03:00:00 AM,0,0,0
04/19/2018 04:00:00 AM,3,1,2
04/19/2018 05:00:00 AM,8,0,8
04/19/2018 06:00:00 AM,13,2,11
04/19/2018 07:00:00 AM,33,8,25
04/19/2018 08:00:00 AM,28,7,21
04/19/2018 09:00:00 AM,20,8,12
04/19/2018 10:00:00 AM,10,4,6
04/19/2018 11:00:00 AM,14,8,6
04/19/2018 12:00:00 PM,14,6,8
04/19/2018 01:00:00 PM,13,6,7
04/19/2018 02:00:00 PM,13,3,10
04/19/2018 03:00:00 PM,32,17,15
04/19/2018 04:00:00 PM,32,19,13
04/19/2018 05:00:00 PM,39,22,17
04/19/2018 06:00:00 PM,35,17,18
04/19/2018 07:00:00 PM,27,14,13
04/19/2018 08:00:00 PM,18,10,8
04/19/2018 09:00:00 PM,7,4,3
04/19/2018 10:00:00 PM,8,3,5
04/19/2018 11:00:00 PM,10,4,6
04/20/2018 12:00:00 AM,3,2,1
04/20/2018 01:00:00 AM,2,0,2
04/20/2018 02:00:00 AM,0,0,0
04/20/2018 03:00:00 AM,2,1,1
04/20/2018 04:00:00 AM,1,0,1
04/20/2018 05:00:00 AM,5,1,4
04/20/2018 06:00:00 AM,13,0,13
04/20/2018 07:00:00 AM,37,6,31
04/20/2018 08:00:00 AM,33,14,19
04/20/2018 09:00:00 AM,18,3,15
04/20/2018 10:00:00 AM,19,9,10
04/20/2018 11:00:00 AM,16,10,6
04/20/2018 12:00:00 PM,16,7,9
04/20/2018 01:00:00 PM,11,5,6
04/20/2018 02:00:00 PM,32,16,16
04/20/2018 03:00:00 PM,18,7,11
04/20/2018 04:00:00 PM,33,18,15
04/20/2018 05:00:00 PM,47,29,18
04/20/2018 06:00:00 PM,23,12,11
04/20/2018 07:00:00 PM,23,15,8
04/20/2018 08:00:00 PM,16,6,10
04/20/2018 09:00:00 PM,9,3,6
04/20/2018 10:00:00 PM,6,3,3
04/20/2018 11:00:00 PM,4,3,1
04/21/2018 12:00:00 AM,5,2,3
04/21/2018 01:00:00 AM,2,0,2
04/21/2018 02:00:00 AM,1,1,0
04/21/2018 03:00:00 AM,0,0,0
04/21/2018 04:00:00 AM,0,0,0
04/21/2018 05:00:00 AM,3,1,2
04/21/2018 06:00:00 AM,6,1,5
04/21/2018 07:00:00 AM,10,3,7
04/21/2018 08:00:00 AM,10,4,6
04/21/2018 09:00:00 AM,11,2,9
04/21/2018 10:00:00 AM,13,3,10
04/21/2018 11:00:00 AM,15,9,6
04/21/2018 12:00:00 PM,10,5,5
04/21/2018 01:00:00 PM,20,9,11
04/21/2018 02:00:00 PM,7,5,2
04/21/2018 03:00:00 PM,7,1,6
04/21/2018 04:00:00 PM,30,20,10
04/21/2018 05:00:00 PM,6,1,5
04/21/2018 06:00:00 PM,13,6,7
04/21/2018 07:00:00 PM,18,10,8
04/21/2018 08:00:00 PM,7,5,2
04/21/2018 09:00:00 PM,10,6,4
04/21/2018 10:00:00 PM,5,2,3
04/21/2018 11:00:00 PM,11,7,4
04/22/2018 12:00:00 AM,7,4,3
04/22/2018 01:00:00 AM,7,6,1
04/22/2018 02:00:00 AM,4,0,4
04/22/2018 03:00:00 AM,0,0,0
04/22/2018 04:00:00 AM,1,0,1
04/22/2018 05:00:00 AM,3,0,3
04/22/2018 06:00:00 AM,4,0,4
04/22/2018 07:00:00 AM,2,1,1
04/22/2018 08:00:00 AM,3,3,0
04/22/2018 09:00:00 AM,9,5,4
04/22/2018 10:00:00 AM,13,3,10
04/22/2018 11:00:00 AM,10,8,2
04/22/2018 12:00:00 PM,16,7,9
04/22/2018 01:00:00 PM,28,15,13
04/22/2018 02:00:00 PM,21,9,12
04/22/2018 03:00:00 PM,22,13,9
04/22/2018 04:00:00 PM,25,15,10
04/22/2018 05:00:00 PM,13,7,6
04/22/2018 06:00:00 PM,18,8,10
04/22/2018 07:00:00 PM,21,10,11
04/22/2018 08:00:00 PM,14,5,9
04/22/2018 09:00:00 PM,9,4,5
04/22/2018 10:00:00 PM,4,0,4
04/22/2018 11:00:00 PM,0,0,0
04/23/2018 12:00:00 AM,0,0,0
04/23/2018 01:00:00 AM,0,0,0
04/23/2018 02:00:00 AM,0,0,0
04/23/2018 03:00:00 AM,0,0,0
04/23/2018 04:00:00 AM,1,0,1
04/23/2018 05:00:00 AM,6,2,4
04/23/2018 06:00:00 AM,11,1,10
04/23/2018 07:00:00 AM,36,6,30
04/23/2018 08:00:00 AM,38,15,23
04/23/2018 09:00:00 AM,24,6,18
04/23/2018 10:00:00 AM,19,9,10
04/23/2018 11:00:00 AM,15,7,8
04/23/2018 12:00:00 PM,19,10,9
04/23/2018 01:00:00 PM,20,7,13
04/23/2018 02:00:00 PM,23,14,9
04/23/2018 03:00:00 PM,28,18,10
04/23/2018 04:00:00 PM,31,18,13
04/23/2018 05:00:00 PM,56,36,20
04/23/2018 06:00:00 PM,35,21,14
04/23/2018 07:00:00 PM,25,12,13
04/23/2018 08:00:00 PM,14,5,9
04/23/2018 09:00:00 PM,8,3,5
04/23/2018 10:00:00 PM,8,5,3
04/23/2018 11:00:00 PM,9,4,5
04/24/2018 12:00:00 AM,3,2,1
04/24/2018 01:00:00 AM,0,0,0
04/24/2018 02:00:00 AM,0,0,0
04/24/2018 03:00:00 AM,0,0,0
04/24/2018 04:00:00 AM,0,0,0
04/24/2018 05:00:00 AM,7,0,7
04/24/2018 06:00:00 AM,14,3,11
04/24/2018 07:00:00 AM,46,11,35
04/24/2018 08:00:00 AM,46,17,29
04/24/2018 09:00:00 AM,23,10,13
04/24/2018 10:00:00 AM,18,4,14
04/24/2018 11:00:00 AM,17,10,7
04/24/2018 12:00:00 PM,20,8,12
04/24/2018 01:00:00 PM,13,8,5
04/24/2018 02:00:00 PM,17,9,8
04/24/2018 03:00:00 PM,26,10,16
04/24/2018 04:00:00 PM,39,26,13
04/24/2018 05:00:00 PM,57,29,28
04/24/2018 06:00:00 PM,45,20,25
04/24/2018 07:00:00 PM,25,15,10
04/24/2018 08:00:00 PM,24,13,11
04/24/2018 09:00:00 PM,18,8,10
04/24/2018 10:00:00 PM,7,1,6
04/24/2018 11:00:00 PM,6,2,4
04/25/2018 12:00:00 AM,0,0,0
04/25/2018 01:00:00 AM,1,0,1
04/25/2018 02:00:00 AM,0,0,0
04/25/2018 03:00:00 AM,0,0,0
04/25/2018 04:00:00 AM,1,0,1
04/25/2018 05:00:00 AM,4,1,3
04/25/2018 06:00:00 AM,15,4,11
04/25/2018 07:00:00 AM,52,13,39
04/25/2018 08:00:00 AM,38,10,28
04/25/2018 09:00:00 AM,14,9,5
04/25/2018 10:00:00 AM,12,7,5
04/25/2018 11:00:00 AM,27,15,12
04/25/2018 12:00:00 PM,20,9,11
04/25/2018 01:00:00 PM,14,6,8
04/25/2018 02:00:00 PM,16,5,11
04/25/2018 03:00:00 PM,25,14,11
04/25/2018 04:00:00 PM,40,25,15
04/25/2018 05:00:00 PM,70,40,30
04/25/2018 06:00:00 PM,36,15,21
04/25/2018 07:00:00 PM,35,22,13
04/25/2018 08:00:00 PM,24,8,16
04/25/2018 09:00:00 PM,9,4,5
04/25/2018 10:00:00 PM,13,6,7
04/25/2018 11:00:00 PM,11,6,5
04/26/2018 12:00:00 AM,3,1,2
04/26/2018 01:00:00 AM,2,2,0
04/26/2018 02:00:00 AM,0,0,0
04/26/2018 03:00:00 AM,1,0,1
04/26/2018 04:00:00 AM,1,0,1
04/26/2018 05:00:00 AM,9,3,6
04/26/2018 06:00:00 AM,17,0,17
04/26/2018 07:00:00 AM,38,13,25
04/26/2018 08:00:00 AM,39,10,29
04/26/2018 09:00:00 AM,21,9,12
04/26/2018 10:00:00 AM,15,8,7
04/26/2018 11:00:00 AM,15,6,9
04/26/2018 12:00:00 PM,10,5,5
04/26/2018 01:00:00 PM,14,11,3
04/26/2018 02:00:00 PM,12,9,3
04/26/2018 03:00:00 PM,29,14,15
04/26/2018 04:00:00 PM,38,19,19
04/26/2018 05:00:00 PM,62,36,26
04/26/2018 06:00:00 PM,51,29,22
04/26/2018 07:00:00 PM,24,15,9
04/26/2018 08:00:00 PM,24,11,13
04/26/2018 09:00:00 PM,24,14,10
04/26/2018 10:00:00 PM,17,4,13
04/26/2018 11:00:00 PM,10,6,4
04/27/2018 12:00:00 AM,2,2,0
04/27/2018 01:00:00 AM,5,3,2
04/27/2018 02:00:00 AM,1,1,0
04/27/2018 03:00:00 AM,1,1,0
04/27/2018 04:00:00 AM,0,0,0
04/27/2018 05:00:00 AM,5,0,5
04/27/2018 06:00:00 AM,14,0,14
04/27/2018 07:00:00 AM,30,7,23
04/27/2018 08:00:00 AM,38,9,29
04/27/2018 09:00:00 AM,22,9,13
04/27/2018 10:00:00 AM,16,4,12
04/27/2018 11:00:00 AM,7,4,3
04/27/2018 12:00:00 PM,15,10,5
04/27/2018 01:00:00 PM,18,8,10
04/27/2018 02:00:00 PM,18,12,6
04/27/2018 03:00:00 PM,25,15,10
04/27/2018 04:00:00 PM,26,17,9
04/27/2018 05:00:00 PM,46,34,12
04/27/2018 06:00:00 PM,34,18,16
04/27/2018 07:00:00 PM,22,16,6
04/27/2018 08:00:00 PM,12,7,5
04/27/2018 09:00:00 PM,5,4,1
04/27/2018 10:00:00 PM,10,4,6
04/27/2018 11:00:00 PM,10,5,5
04/28/2018 12:00:00 AM,3,1,2
04/28/2018 01:00:00 AM,7,1,6
04/28/2018 02:00:00 AM,2,2,0
04/28/2018 03:00:00 AM,1,0,1
04/28/2018 04:00:00 AM,0,0,0
04/28/2018 05:00:00 AM,1,0,1
04/28/2018 06:00:00 AM,4,0,4
04/28/2018 07:00:00 AM,3,2,1
04/28/2018 08:00:00 AM,4,3,1
04/28/2018 09:00:00 AM,5,1,4
04/28/2018 10:00:00 AM,7,4,3
04/28/2018 11:00:00 AM,7,6,1
04/28/2018 12:00:00 PM,11,4,7
04/28/2018 01:00:00 PM,14,7,7
04/28/2018 02:00:00 PM,9,6,3
04/28/2018 03:00:00 PM,13,5,8
04/28/2018 04:00:00 PM,18,10,8
04/28/2018 05:00:00 PM,9,3,6
04/28/2018 06:00:00 PM,8,3,5
04/28/2018 07:00:00 PM,11,5,6
04/28/2018 08:00:00 PM,8,5,3
04/28/2018 09:00:00 PM,5,1,4
04/28/2018 10:00:00 PM,3,3,0
04/28/2018 11:00:00 PM,2,1,1
04/29/2018 12:00:00 AM,4,3,1
04/29/2018 01:00:00 AM,2,0,2
04/29/2018 02:00:00 AM,3,1,2
04/29/2018 03:00:00 AM,1,1,0
04/29/2018 04:00:00 AM,1,0,1
04/29/2018 05:00:00 AM,1,0,1
04/29/2018 06:00:00 AM,2,0,2
04/29/2018 07:00:00 AM,2,0,2
04/29/2018 08:00:00 AM,7,5,2
04/29/2018 09:00:00 AM,15,6,9
04/29/2018 10:00:00 AM,13,7,6
04/29/2018 11:00:00 AM,11,5,6
04/29/2018 12:00:00 PM,11,3,8
04/29/2018 01:00:00 PM,15,8,7
04/29/2018 02:00:00 PM,20,11,9
04/29/2018 03:00:00 PM,6,4,2
04/29/2018 04:00:00 PM,8,5,3
04/29/2018 05:00:00 PM,9,2,7
04/29/2018 06:00:00 PM,13,2,11
04/29/2018 07:00:00 PM,7,4,3
04/29/2018 08:00:00 PM,8,4,4
04/29/2018 09:00:00 PM,1,1,0
04/29/2018 10:00:00 PM,0,0,0
04/29/2018 11:00:00 PM,1,1,0
04/30/2018 12:00:00 AM,0,0,0
04/30/2018 01:00:00 AM,0,0,0
04/30/2018 02:00:00 AM,1,1,0
04/30/2018 03:00:00 AM,0,0,0
04/30/2018 04:00:00 AM,1,0,1
04/30/2018 05:00:00 AM,3,0,3
04/30/2018 06:00:00 AM,14,3,11
04/30/2018 07:00:00 AM,33,7,26
04/30/2018 08:00:00 AM,31,10,21
04/30/2018 09:00:00 AM,7,5,2
04/30/2018 10:00:00 AM,12,5,7
04/30/2018 11:00:00 AM,10,3,7
04/30/2018 12:00:00 PM,3,0,3
04/30/2018 01:00:00 PM,17,7,10
04/30/2018 02:00:00 PM,16,9,7
04/30/2018 03:00:00 PM,11,7,4
04/30/2018 04:00:00 PM,32,20,12
04/30/2018 05:00:00 PM,39,25,14
04/30/2018 06:00:00 PM,41,20,21
04/30/2018 07:00:00 PM,26,13,13
04/30/2018 08:00:00 PM,8,3,5
04/30/2018 09:00:00 PM,10,3,7
04/30/2018 10:00:00 PM,8,3,5
04/30/2018 11:00:00 PM,4,2,2
05/01/2018 12:00:00 AM,5,3,2
05/01/2018 01:00:00 AM,0,0,0
05/01/2018 02:00:00 AM,1,1,0
05/01/2018 03:00:00 AM,0,0,0
05/01/2018 04:00:00 AM,1,0,1
05/01/2018 05:00:00 AM,6,0,6
05/01/2018 06:00:00 AM,12,2,10
05/01/2018 07:00:00 AM,45,11,34
05/01/2018 08:00:00 AM,54,14,40
05/01/2018 09:00:00 AM,18,6,12
05/01/2018 10:00:00 AM,21,12,9
05/01/2018 11:00:00 AM,12,6,6
05/01/2018 12:00:00 PM,13,5,8
05/01/2018 01:00:00 PM,14,9,5
05/01/2018 02:00:00 PM,20,8,12
05/01/2018 03:00:00 PM,20,10,10
05/01/2018 04:00:00 PM,49,32,17
05/01/2018 05:00:00 PM,54,34,20
05/01/2018 06:00:00 PM,50,26,24
05/01/2018 07:00:00 PM,28,14,14
05/01/2018 08:00:00 PM,19,6,13
05/01/2018 09:00:00 PM,16,5,11
05/01/2018 10:00:00 PM,8,3,5
05/01/2018 11:00:00 PM,2,2,0
05/02/2018 12:00:00 AM,3,0,3
05/02/2018 01:00:00 AM,2,2,0
05/02/2018 02:00:00 AM,1,0,1
05/02/2018 03:00:00 AM,0,0,0
05/02/2018 04:00:00 AM,3,2,1
05/02/2018 05:00:00 AM,5,0,5
05/02/2018 06:00:00 AM,18,5,13
05/02/2018 07:00:00 AM,43,9,34
05/02/2018 08:00:00 AM,51,16,35
05/02/2018 09:00:00 AM,19,8,11
05/02/2018 10:00:00 AM,24,12,12
05/02/2018 11:00:00 AM,12,8,4
05/02/2018 12:00:00 PM,9,3,6
05/02/2018 01:00:00 PM,16,6,10
05/02/2018 02:00:00 PM,19,10,9
05/02/2018 03:00:00 PM,27,17,10
05/02/2018 04:00:00 PM,41,28,13
05/02/2018 05:00:00 PM,64,40,24
05/02/2018 06:00:00 PM,46,20,26
05/02/2018 07:00:00 PM,26,13,13
05/02/2018 08:00:00 PM,22,10,12
05/02/2018 09:00:00 PM,13,4,9
05/02/2018 10:00:00 PM,14,6,8
05/02/2018 11:00:00 PM,5,2,3
05/03/2018 12:00:00 AM,2,0,2
05/03/2018 01:00:00 AM,1,1,0
05/03/2018 02:00:00 AM,0,0,0
05/03/2018 03:00:00 AM,0,0,0
05/03/2018 04:00:00 AM,1,0,1
05/03/2018 05:00:00 AM,3,0,3
05/03/2018 06:00:00 AM,22,2,20
05/03/2018 07:00:00 AM,33,3,30
05/03/2018 08:00:00 AM,45,12,33
05/03/2018 09:00:00 AM,16,6,10
05/03/2018 10:00:00 AM,19,4,15
05/03/2018 11:00:00 AM,14,3,11
05/03/2018 12:00:00 PM,12,7,5
05/03/2018 01:00:00 PM,18,9,9
05/03/2018 02:00:00 PM,16,6,10
05/03/2018 03:00:00 PM,26,15,11
05/03/2018 04:00:00 PM,39,28,11
05/03/2018 05:00:00 PM,49,26,23
05/03/2018 06:00:00 PM,34,18,16
05/03/2018 07:00:00 PM,37,11,26
05/03/2018 08:00:00 PM,29,14,15
05/03/2018 09:00:00 PM,15,8,7
05/03/2018 10:00:00 PM,16,5,11
05/03/2018 11:00:00 PM,14,9,5
05/04/2018 12:00:00 AM,2,1,1
05/04/2018 01:00:00 AM,3,0,3
05/04/2018 02:00:00 AM,2,1,1
05/04/2018 03:00:00 AM,1,0,1
05/04/2018 04:00:00 AM,1,0,1
05/04/2018 05:00:00 AM,3,1,2
05/04/2018 06:00:00 AM,17,2,15
05/04/2018 07:00:00 AM,26,7,19
05/04/2018 08:00:00 AM,43,14,29
05/04/2018 09:00:00 AM,18,4,14
05/04/2018 10:00:00 AM,16,4,12
05/04/2018 11:00:00 AM,12,6,6
05/04/2018 12:00:00 PM,20,12,8
05/04/2018 01:00:00 PM,17,11,6
05/04/2018 02:00:00 PM,21,11,10
05/04/2018 03:00:00 PM,27,18,9
05/04/2018 04:00:00 PM,37,23,14
05/04/2018 05:00:00 PM,54,25,29
05/04/2018 06:00:00 PM,27,12,15
05/04/2018 07:00:00 PM,28,12,16
05/04/2018 08:00:00 PM,19,11,8
05/04/2018 09:00:00 PM,11,2,9
05/04/2018 10:00:00 PM,13,3,10
05/04/2018 11:00:00 PM,12,6,6
05/05/2018 12:00:00 AM,6,1,5
05/05/2018 01:00:00 AM,7,1,6
05/05/2018 02:00:00 AM,6,2,4
05/05/2018 03:00:00 AM,1,1,0
05/05/2018 04:00:00 AM,0,0,0
05/05/2018 05:00:00 AM,3,0,3
05/05/2018 06:00:00 AM,11,2,9
05/05/2018 07:00:00 AM,9,5,4
05/05/2018 08:00:00 AM,11,7,4
05/05/2018 09:00:00 AM,13,3,10
05/05/2018 10:00:00 AM,19,12,7
05/05/2018 11:00:00 AM,14,7,7
05/05/2018 12:00:00 PM,21,14,7
05/05/2018 01:00:00 PM,15,10,5
05/05/2018 02:00:00 PM,19,10,9
05/05/2018 03:00:00 PM,28,11,17
05/05/2018 04:00:00 PM,20,12,8
05/05/2018 05:00:00 PM,18,9,9
05/05/2018 06:00:00 PM,15,5,10
05/05/2018 07:00:00 PM,23,13,10
05/05/2018 08:00:00 PM,15,6,9
05/05/2018 09:00:00 PM,7,4,3
05/05/2018 10:00:00 PM,7,3,4
05/05/2018 11:00:00 PM,5,0,5
05/06/2018 12:00:00 AM,5,4,1
05/06/2018 01:00:00 AM,2,0,2
05/06/2018 02:00:00 AM,0,0,0
05/06/2018 03:00:00 AM,1,0,1
05/06/2018 04:00:00 AM,1,0,1
05/06/2018 05:00:00 AM,2,1,1
05/06/2018 06:00:00 AM,3,0,3
05/06/2018 07:00:00 AM,3,1,2
05/06/2018 08:00:00 AM,4,2,2
05/06/2018 09:00:00 AM,13,5,8
05/06/2018 10:00:00 AM,16,11,5
05/06/2018 11:00:00 AM,28,14,14
05/06/2018 12:00:00 PM,32,14,18
05/06/2018 01:00:00 PM,22,9,13
05/06/2018 02:00:00 PM,18,11,7
05/06/2018 03:00:00 PM,24,11,13
05/06/2018 04:00:00 PM,31,20,11
05/06/2018 05:00:00 PM,9,3,6
05/06/2018 06:00:00 PM,21,6,15
05/06/2018 07:00:00 PM,16,8,8
05/06/2018 08:00:00 PM,12,5,7
05/06/2018 09:00:00 PM,9,2,7
05/06/2018 10:00:00 PM,4,2,2
05/06/2018 11:00:00 PM,9,4,5
05/07/2018 12:00:00 AM,8,4,4
05/07/2018 01:00:00 AM,0,0,0
05/07/2018 02:00:00 AM,0,0,0
05/07/2018 03:00:00 AM,1,1,0
05/07/2018 04:00:00 AM,0,0,0
05/07/2018 05:00:00 AM,4,0,4
05/07/2018 06:00:00 AM,17,2,15
05/07/2018 07:00:00 AM,30,7,23
05/07/2018 08:00:00 AM,43,10,33
05/07/2018 09:00:00 AM,16,5,11
05/07/2018 10:00:00 AM,6,3,3
05/07/2018 11:00:00 AM,11,5,6
05/07/2018 12:00:00 PM,11,7,4
05/07/2018 01:00:00 PM,12,5,7
05/07/2018 02:00:00 PM,11,4,7
05/07/2018 03:00:00 PM,27,17,10
05/07/2018 04:00:00 PM,29,21,8
05/07/2018 05:00:00 PM,42,24,18
05/07/2018 06:00:00 PM,48,29,19
05/07/2018 07:00:00 PM,24,11,13
05/07/2018 08:00:00 PM,21,8,13
05/07/2018 09:00:00 PM,13,4,9
05/07/2018 10:00:00 PM,9,3,6
05/07/2018 11:00:00 PM,5,3,2
05/08/2018 12:00:00 AM,2,2,0
05/08/2018 01:00:00 AM,2,1,1
05/08/2018 02:00:00 AM,1,0,1
05/08/2018 03:00:00 AM,1,1,0
05/08/2018 04:00:00 AM,3,0,3
05/08/2018 05:00:00 AM,6,1,5
05/08/2018 06:00:00 AM,12,2,10
05/08/2018 07:00:00 AM,49,11,38
05/08/2018 08:00:00 AM,42,10,32
05/08/2018 09:00:00 AM,24,13,11
05/08/2018 10:00:00 AM,20,12,8
05/08/2018 11:00:00 AM,13,6,7
05/08/2018 12:00:00 PM,13,3,10
05/08/2018 01:00:00 PM,19,8,11
05/08/2018 02:00:00 PM,18,8,10
05/08/2018 03:00:00 PM,34,20,14
05/08/2018 04:00:00 PM,48,30,18
05/08/2018 05:00:00 PM,63,25,38
05/08/2018 06:00:00 PM,49,27,22
05/08/2018 07:00:00 PM,29,12,17
05/08/2018 08:00:00 PM,33,11,22
05/08/2018 09:00:00 PM,13,4,9
05/08/2018 10:00:00 PM,13,8,5
05/08/2018 11:00:00 PM,8,4,4
05/09/2018 12:00:00 AM,1,0,1
05/09/2018 01:00:00 AM,1,1,0
05/09/2018 02:00:00 AM,1,0,1
05/09/2018 03:00:00 AM,3,3,0
05/09/2018 04:00:00 AM,1,0,1
05/09/2018 05:00:00 AM,4,0,4
05/09/2018 06:00:00 AM,20,7,13
05/09/2018 07:00:00 AM,33,5,28
05/09/2018 08:00:00 AM,45,11,34
05/09/2018 09:00:00 AM,31,13,18
05/09/2018 10:00:00 AM,18,5,13
05/09/2018 11:00:00 AM,21,11,10
05/09/2018 12:00:00 PM,13,3,10
05/09/2018 01:00:00 PM,19,12,7
05/09/2018 02:00:00 PM,19,12,7
05/09/2018 03:00:00 PM,17,13,4
05/09/2018 04:00:00 PM,29,20,9
05/09/2018 05:00:00 PM,58,33,25
05/09/2018 06:00:00 PM,48,23,25
05/09/2018 07:00:00 PM,33,18,15
05/09/2018 08:00:00 PM,21,7,14
05/09/2018 09:00:00 PM,13,7,6
05/09/2018 10:00:00 PM,14,10,4
05/09/2018 11:00:00 PM,6,2,4
05/10/2018 12:00:00 AM,1,1,0
05/10/2018 01:00:00 AM,0,0,0
05/10/2018 02:00:00 AM,0,0,0
05/10/2018 03:00:00 AM,0,0,0
05/10/2018 04:00:00 AM,3,1,2
05/10/2018 05:00:00 AM,3,0,3
05/10/2018 06:00:00 AM,16,3,13
05/10/2018 07:00:00 AM,21,7,14
05/10/2018 08:00:00 AM,32,8,24
05/10/2018 09:00:00 AM,17,7,10
05/10/2018 10:00:00 AM,13,3,10
05/10/2018 11:00:00 AM,13,6,7
05/10/2018 12:00:00 PM,18,10,8
05/10/2018 01:00:00 PM,6,1,5
05/10/2018 02:00:00 PM,15,8,7
05/10/2018 03:00:00 PM,23,14,9
05/10/2018 04:00:00 PM,37,20,17
05/10/2018 05:00:00 PM,61,37,24
05/10/2018 06:00:00 PM,42,23,19
05/10/2018 07:00:00 PM,46,21,25
05/10/2018 08:00:00 PM,19,12,7
05/10/2018 09:00:00 PM,18,9,9
05/10/2018 10:00:00 PM,11,7,4
05/10/2018 11:00:00 PM,4,1,3
05/11/2018 12:00:00 AM,5,1,4
05/11/2018 01:00:00 AM,1,0,1
05/11/2018 02:00:00 AM,1,1,0
05/11/2018 03:00:00 AM,0,0,0
05/11/2018 04:00:00 AM,1,0,1
05/11/2018 05:00:00 AM,5,1,4
05/11/2018 06:00:00 AM,17,1,16
05/11/2018 07:00:00 AM,31,6,25
05/11/2018 08:00:00 AM,44,15,29
05/11/2018 09:00:00 AM,18,4,14
05/11/2018 10:00:00 AM,14,4,10
05/11/2018 11:00:00 AM,12,4,8
05/11/2018 12:00:00 PM,17,7,10
05/11/2018 01:00:00 PM,13,5,8
05/11/2018 02:00:00 PM,23,13,10
05/11/2018 03:00:00 PM,26,19,7
05/11/2018 04:00:00 PM,29,19,10
05/11/2018 05:00:00 PM,41,20,21
05/11/2018 06:00:00 PM,46,20,26
05/11/2018 07:00:00 PM,22,10,12
05/11/2018 08:00:00 PM,21,12,9
05/11/2018 09:00:00 PM,16,6,10
05/11/2018 10:00:00 PM,12,5,7
05/11/2018 11:00:00 PM,9,5,4
05/12/2018 12:00:00 AM,6,4,2
05/12/2018 01:00:00 AM,11,2,9
05/12/2018 02:00:00 AM,3,0,3
05/12/2018 03:00:00 AM,3,1,2
05/12/2018 04:00:00 AM,0,0,0
05/12/2018 05:00:00 AM,1,0,1
05/12/2018 06:00:00 AM,11,4,7
05/12/2018 07:00:00 AM,9,4,5
05/12/2018 08:00:00 AM,9,5,4
05/12/2018 09:00:00 AM,10,6,4
05/12/2018 10:00:00 AM,16,6,10
05/12/2018 11:00:00 AM,21,15,6
05/12/2018 12:00:00 PM,19,12,7
05/12/2018 01:00:00 PM,22,13,9
05/12/2018 02:00:00 PM,22,14,8
05/12/2018 03:00:00 PM,16,8,8
05/12/2018 04:00:00 PM,30,14,16
05/12/2018 05:00:00 PM,14,10,4
05/12/2018 06:00:00 PM,25,10,15
05/12/2018 07:00:00 PM,24,11,13
05/12/2018 08:00:00 PM,16,8,8
05/12/2018 09:00:00 PM,17,11,6
05/12/2018 10:00:00 PM,3,1,2
05/12/2018 11:00:00 PM,6,3,3
05/13/2018 12:00:00 AM,6,2,4
05/13/2018 01:00:00 AM,7,2,5
05/13/2018 02:00:00 AM,4,1,3
05/13/2018 03:00:00 AM,2,1,1
05/13/2018 04:00:00 AM,2,0,2
05/13/2018 05:00:00 AM,0,0,0
05/13/2018 06:00:00 AM,11,1,10
05/13/2018 07:00:00 AM,4,3,1
05/13/2018 08:00:00 AM,2,1,1
05/13/2018 09:00:00 AM,10,7,3
05/13/2018 10:00:00 AM,11,6,5
05/13/2018 11:00:00 AM,11,8,3
05/13/2018 12:00:00 PM,25,11,14
05/13/2018 01:00:00 PM,15,5,10
05/13/2018 02:00:00 PM,18,8,10
05/13/2018 03:00:00 PM,17,4,13
05/13/2018 04:00:00 PM,11,9,2
05/13/2018 05:00:00 PM,24,14,10
05/13/2018 06:00:00 PM,17,5,12
05/13/2018 07:00:00 PM,13,6,7
05/13/2018 08:00:00 PM,16,11,5
05/13/2018 09:00:00 PM,9,3,6
05/13/2018 10:00:00 PM,8,2,6
05/13/2018 11:00:00 PM,6,3,3
05/14/2018 12:00:00 AM,2,1,1
05/14/2018 01:00:00 AM,3,0,3
05/14/2018 02:00:00 AM,1,1,0
05/14/2018 03:00:00 AM,0,0,0
05/14/2018 04:00:00 AM,1,0,1
05/14/2018 05:00:00 AM,5,0,5
05/14/2018 06:00:00 AM,14,1,13
05/14/2018 07:00:00 AM,35,6,29
05/14/2018 08:00:00 AM,42,8,34
05/14/2018 09:00:00 AM,18,10,8
05/14/2018 10:00:00 AM,11,8,3
05/14/2018 11:00:00 AM,13,3,10
05/14/2018 12:00:00 PM,17,6,11
05/14/2018 01:00:00 PM,15,5,10
05/14/2018 02:00:00 PM,24,8,16
05/14/2018 03:00:00 PM,26,14,12
05/14/2018 04:00:00 PM,42,25,17
05/14/2018 05:00:00 PM,50,39,11
05/14/2018 06:00:00 PM,44,18,26
05/14/2018 07:00:00 PM,26,15,11
05/14/2018 08:00:00 PM,26,8,18
05/14/2018 09:00:00 PM,16,5,11
05/14/2018 10:00:00 PM,9,1,8
05/14/2018 11:00:00 PM,3,1,2
05/15/2018 12:00:00 AM,2,1,1
05/15/2018 01:00:00 AM,0,0,0
05/15/2018 02:00:00 AM,2,1,1
05/15/2018 03:00:00 AM,0,0,0
05/15/2018 04:00:00 AM,1,0,1
05/15/2018 05:00:00 AM,5,1,4
05/15/2018 06:00:00 AM,14,2,12
05/15/2018 07:00:00 AM,42,7,35
05/15/2018 08:00:00 AM,53,12,41
05/15/2018 09:00:00 AM,25,10,15
05/15/2018 10:00:00 AM,17,10,7
05/15/2018 11:00:00 AM,13,7,6
05/15/2018 12:00:00 PM,16,4,12
05/15/2018 01:00:00 PM,12,4,8
05/15/2018 02:00:00 PM,24,10,14
05/15/2018 03:00:00 PM,43,22,21
05/15/2018 04:00:00 PM,44,23,21
05/15/2018 05:00:00 PM,69,41,28
05/15/2018 06:00:00 PM,50,20,30
05/15/2018 07:00:00 PM,31,17,14
05/15/2018 08:00:00 PM,15,6,9
05/15/2018 09:00:00 PM,27,9,18
05/15/2018 10:00:00 PM,7,3,4
05/15/2018 11:00:00 PM,4,2,2
05/16/2018 12:00:00 AM,2,1,1
05/16/2018 01:00:00 AM,1,0,1
05/16/2018 02:00:00 AM,0,0,0
05/16/2018 03:00:00 AM,2,2,0
05/16/2018 04:00:00 AM,1,0,1
05/16/2018 05:00:00 AM,4,2,2
05/16/2018 06:00:00 AM,22,4,18
05/16/2018 07:00:00 AM,34,6,28
05/16/2018 08:00:00 AM,55,13,42
05/16/2018 09:00:00 AM,22,8,14
05/16/2018 10:00:00 AM,15,9,6
05/16/2018 11:00:00 AM,21,7,14
05/16/2018 12:00:00 PM,20,13,7
05/16/2018 01:00:00 PM,11,7,4
05/16/2018 02:00:00 PM,16,7,9
05/16/2018 03:00:00 PM,21,11,10
05/16/2018 04:00:00 PM,37,27,10
05/16/2018 05:00:00 PM,53,35,18
05/16/2018 06:00:00 PM,52,23,29
05/16/2018 07:00:00 PM,24,13,11
05/16/2018 08:00:00 PM,28,13,15
05/16/2018 09:00:00 PM,19,7,12
05/16/2018 10:00:00 PM,12,5,7
05/16/2018 11:00:00 PM,5,2,3
05/17/2018 12:00:00 AM,1,1,0
05/17/2018 01:00:00 AM,1,0,1
05/17/2018 02:00:00 AM,1,0,1
05/17/2018 03:00:00 AM,0,0,0
05/17/2018 04:00:00 AM,2,0,2
05/17/2018 05:00:00 AM,5,1,4
05/17/2018 06:00:00 AM,11,1,10
05/17/2018 07:00:00 AM,39,9,30
05/17/2018 08:00:00 AM,48,19,29
05/17/2018 09:00:00 AM,22,11,11
05/17/2018 10:00:00 AM,17,10,7
05/17/2018 11:00:00 AM,17,8,9
05/17/2018 12:00:00 PM,11,4,7
05/17/2018 01:00:00 PM,20,12,8
05/17/2018 02:00:00 PM,25,11,14
05/17/2018 03:00:00 PM,34,20,14
05/17/2018 04:00:00 PM,29,13,16
05/17/2018 05:00:00 PM,53,30,23
05/17/2018 06:00:00 PM,51,27,24
05/17/2018 07:00:00 PM,31,9,22
05/17/2018 08:00:00 PM,17,11,6
05/17/2018 09:00:00 PM,18,3,15
05/17/2018 10:00:00 PM,12,7,5
05/17/2018 11:00:00 PM,4,1,3
05/18/2018 12:00:00 AM,6,3,3
05/18/2018 01:00:00 AM,4,2,2
05/18/2018 02:00:00 AM,1,0,1
05/18/2018 03:00:00 AM,2,2,0
05/18/2018 04:00:00 AM,1,0,1
05/18/2018 05:00:00 AM,2,0,2
05/18/2018 06:00:00 AM,16,2,14
05/18/2018 07:00:00 AM,33,4,29
05/18/2018 08:00:00 AM,53,18,35
05/18/2018 09:00:00 AM,28,10,18
05/18/2018 10:00:00 AM,14,3,11
05/18/2018 11:00:00 AM,15,12,3
05/18/2018 12:00:00 PM,22,10,12
05/18/2018 01:00:00 PM,15,7,8
05/18/2018 02:00:00 PM,12,6,6
05/18/2018 03:00:00 PM,24,12,12
05/18/2018 04:00:00 PM,40,28,12
05/18/2018 05:00:00 PM,32,17,15
05/18/2018 06:00:00 PM,59,29,30
05/18/2018 07:00:00 PM,22,12,10
05/18/2018 08:00:00 PM,23,12,11
05/18/2018 09:00:00 PM,14,4,10
05/18/2018 10:00:00 PM,12,2,10
05/18/2018 11:00:00 PM,20,14,6
05/19/2018 12:00:00 AM,2,0,2
05/19/2018 01:00:00 AM,4,3,1
05/19/2018 02:00:00 AM,3,0,3
05/19/2018 03:00:00 AM,2,1,1
05/19/2018 04:00:00 AM,0,0,0
05/19/2018 05:00:00 AM,1,0,1
05/19/2018 06:00:00 AM,6,1,5
05/19/2018 07:00:00 AM,3,3,0
05/19/2018 08:00:00 AM,9,5,4
05/19/2018 09:00:00 AM,16,6,10
05/19/2018 10:00:00 AM,13,8,5
05/19/2018 11:00:00 AM,15,11,4
05/19/2018 12:00:00 PM,34,15,19
05/19/2018 01:00:00 PM,16,8,8
05/19/2018 02:00:00 PM,43,35,8
05/19/2018 03:00:00 PM,13,8,5
05/19/2018 04:00:00 PM,29,20,9
05/19/2018 05:00:00 PM,15,5,10
05/19/2018 06:00:00 PM,27,10,17
05/19/2018 07:00:00 PM,12,7,5
05/19/2018 08:00:00 PM,7,5,2
05/19/2018 09:00:00 PM,8,5,3
05/19/2018 10:00:00 PM,3,2,1
05/19/2018 11:00:00 PM,8,3,5
05/20/2018 12:00:00 AM,5,4,1
05/20/2018 01:00:00 AM,6,3,3
05/20/2018 02:00:00 AM,13,2,11
05/20/2018 03:00:00 AM,0,0,0
05/20/2018 04:00:00 AM,2,1,1
05/20/2018 05:00:00 AM,1,0,1
05/20/2018 06:00:00 AM,4,0,4
05/20/2018 07:00:00 AM,4,3,1
05/20/2018 08:00:00 AM,5,3,2
05/20/2018 09:00:00 AM,9,3,6
05/20/2018 10:00:00 AM,7,5,2
05/20/2018 11:00:00 AM,12,5,7
05/20/2018 12:00:00 PM,18,11,7
05/20/2018 01:00:00 PM,17,9,8
05/20/2018 02:00:00 PM,11,7,4
05/20/2018 03:00:00 PM,17,6,11
05/20/2018 04:00:00 PM,10,7,3
05/20/2018 05:00:00 PM,13,5,8
05/20/2018 06:00:00 PM,16,9,7
05/20/2018 07:00:00 PM,15,13,2
05/20/2018 08:00:00 PM,10,5,5
05/20/2018 09:00:00 PM,9,2,7
05/20/2018 10:00:00 PM,9,4,5
05/20/2018 11:00:00 PM,6,3,3
05/21/2018 12:00:00 AM,3,3,0
05/21/2018 01:00:00 AM,1,0,1
05/21/2018 02:00:00 AM,0,0,0
05/21/2018 03:00:00 AM,0,0,0
05/21/2018 04:00:00 AM,0,0,0
05/21/2018 05:00:00 AM,6,3,3
05/21/2018 06:00:00 AM,17,3,14
05/21/2018 07:00:00 AM,34,9,25
05/21/2018 08:00:00 AM,43,11,32
05/21/2018 09:00:00 AM,21,12,9
05/21/2018 10:00:00 AM,20,8,12
05/21/2018 11:00:00 AM,10,5,5
05/21/2018 12:00:00 PM,12,4,8
05/21/2018 01:00:00 PM,24,10,14
05/21/2018 02:00:00 PM,15,3,12
05/21/2018 03:00:00 PM,33,18,15
05/21/2018 04:00:00 PM,39,24,15
05/21/2018 05:00:00 PM,56,29,27
05/21/2018 06:00:00 PM,44,26,18
05/21/2018 07:00:00 PM,33,14,19
05/21/2018 08:00:00 PM,24,12,12
05/21/2018 09:00:00 PM,13,8,5
05/21/2018 10:00:00 PM,5,3,2
05/21/2018 11:00:00 PM,9,6,3
05/22/2018 12:00:00 AM,2,1,1
05/22/2018 01:00:00 AM,1,1,0
05/22/2018 02:00:00 AM,0,0,0
05/22/2018 03:00:00 AM,1,1,0
05/22/2018 04:00:00 AM,1,0,1
05/22/2018 05:00:00 AM,4,1,3
05/22/2018 06:00:00 AM,15,3,12
05/22/2018 07:00:00 AM,56,10,46
05/22/2018 08:00:00 AM,54,22,32
05/22/2018 09:00:00 AM,24,6,18
05/22/2018 10:00:00 AM,17,9,8
05/22/2018 11:00:00 AM,16,6,10
05/22/2018 12:00:00 PM,12,9,3
05/22/2018 01:00:00 PM,21,12,9
05/22/2018 02:00:00 PM,19,8,11
05/22/2018 03:00:00 PM,32,18,14
05/22/2018 04:00:00 PM,50,36,14
05/22/2018 05:00:00 PM,63,35,28
05/22/2018 06:00:00 PM,62,28,34
05/22/2018 07:00:00 PM,30,12,18
05/22/2018 08:00:00 PM,23,12,11
05/22/2018 09:00:00 PM,23,10,13
05/22/2018 10:00:00 PM,13,6,7
05/22/2018 11:00:00 PM,5,3,2
05/23/2018 12:00:00 AM,0,0,0
05/23/2018 01:00:00 AM,1,0,1
05/23/2018 02:00:00 AM,0,0,0
05/23/2018 03:00:00 AM,0,0,0
05/23/2018 04:00:00 AM,0,0,0
05/23/2018 05:00:00 AM,5,2,3
05/23/2018 06:00:00 AM,17,4,13
05/23/2018 07:00:00 AM,40,7,33
05/23/2018 08:00:00 AM,51,15,36
05/23/2018 09:00:00 AM,22,8,14
05/23/2018 10:00:00 AM,15,9,6
05/23/2018 11:00:00 AM,20,11,9
05/23/2018 12:00:00 PM,22,7,15
05/23/2018 01:00:00 PM,19,7,12
05/23/2018 02:00:00 PM,23,18,5
05/23/2018 03:00:00 PM,27,17,10
05/23/2018 04:00:00 PM,48,23,25
05/23/2018 05:00:00 PM,66,40,26
05/23/2018 06:00:00 PM,64,31,33
05/23/2018 07:00:00 PM,46,21,25
05/23/2018 08:00:00 PM,25,4,21
05/23/2018 09:00:00 PM,19,10,9
05/23/2018 10:00:00 PM,16,11,5
05/23/2018 11:00:00 PM,6,4,2
05/24/2018 12:00:00 AM,4,2,2
05/24/2018 01:00:00 AM,5,2,3
05/24/2018 02:00:00 AM,1,1,0
05/24/2018 03:00:00 AM,1,0,1
05/24/2018 04:00:00 AM,1,0,1
05/24/2018 05:00:00 AM,6,0,6
05/24/2018 06:00:00 AM,14,2,12
05/24/2018 07:00:00 AM,37,9,28
05/24/2018 08:00:00 AM,49,15,34
05/24/2018 09:00:00 AM,25,11,14
05/24/2018 10:00:00 AM,12,5,7
05/24/2018 11:00:00 AM,20,8,12
05/24/2018 12:00:00 PM,21,7,14
05/24/2018 01:00:00 PM,13,12,1
05/24/2018 02:00:00 PM,19,10,9
05/24/2018 03:00:00 PM,22,13,9
05/24/2018 04:00:00 PM,49,34,15
05/24/2018 05:00:00 PM,66,41,25
05/24/2018 06:00:00 PM,48,22,26
05/24/2018 07:00:00 PM,29,14,15
05/24/2018 08:00:00 PM,33,18,15
05/24/2018 09:00:00 PM,24,12,12
05/24/2018 10:00:00 PM,14,7,7
05/24/2018 11:00:00 PM,6,5,1
05/25/2018 12:00:00 AM,2,0,2
05/25/2018 01:00:00 AM,3,1,2
05/25/2018 02:00:00 AM,1,0,1
05/25/2018 03:00:00 AM,7,3,4
05/25/2018 04:00:00 AM,1,0,1
05/25/2018 05:00:00 AM,4,1,3
05/25/2018 06:00:00 AM,19,3,16
05/25/2018 07:00:00 AM,31,4,27
05/25/2018 08:00:00 AM,33,9,24
05/25/2018 09:00:00 AM,17,9,8
05/25/2018 10:00:00 AM,21,7,14
05/25/2018 11:00:00 AM,11,7,4
05/25/2018 12:00:00 PM,26,16,10
05/25/2018 01:00:00 PM,22,11,11
05/25/2018 02:00:00 PM,19,8,11
05/25/2018 03:00:00 PM,34,24,10
05/25/2018 04:00:00 PM,55,36,19
05/25/2018 05:00:00 PM,49,27,22
05/25/2018 06:00:00 PM,27,13,14
05/25/2018 07:00:00 PM,22,13,9
05/25/2018 08:00:00 PM,6,2,4
05/25/2018 09:00:00 PM,13,9,4
05/25/2018 10:00:00 PM,10,6,4
05/25/2018 11:00:00 PM,3,1,2
05/26/2018 12:00:00 AM,5,1,4
05/26/2018 01:00:00 AM,3,1,2
05/26/2018 02:00:00 AM,12,5,7
05/26/2018 03:00:00 AM,2,2,0
05/26/2018 04:00:00 AM,1,0,1
05/26/2018 05:00:00 AM,2,0,2
05/26/2018 06:00:00 AM,9,3,6
05/26/2018 07:00:00 AM,9,3,6
05/26/2018 08:00:00 AM,8,4,4
05/26/2018 09:00:00 AM,3,3,0
05/26/2018 10:00:00 AM,10,7,3
05/26/2018 11:00:00 AM,20,10,10
05/26/2018 12:00:00 PM,20,9,11
05/26/2018 01:00:00 PM,18,11,7
05/26/2018 02:00:00 PM,16,10,6
05/26/2018 03:00:00 PM,19,12,7
05/26/2018 04:00:00 PM,15,12,3
05/26/2018 05:00:00 PM,6,4,2
05/26/2018 06:00:00 PM,15,3,12
05/26/2018 07:00:00 PM,18,10,8
05/26/2018 08:00:00 PM,12,7,5
05/26/2018 09:00:00 PM,7,3,4
05/26/2018 10:00:00 PM,7,2,5
05/26/2018 11:00:00 PM,3,2,1
05/27/2018 12:00:00 AM,7,3,4
05/27/2018 01:00:00 AM,5,0,5
05/27/2018 02:00:00 AM,6,2,4
05/27/2018 03:00:00 AM,1,0,1
05/27/2018 04:00:00 AM,1,0,1
05/27/2018 05:00:00 AM,2,0,2
05/27/2018 06:00:00 AM,4,0,4
05/27/2018 07:00:00 AM,3,3,0
05/27/2018 08:00:00 AM,1,1,0
05/27/2018 09:00:00 AM,5,5,0
05/27/2018 10:00:00 AM,12,5,7
05/27/2018 11:00:00 AM,8,7,1
05/27/2018 12:00:00 PM,10,5,5
05/27/2018 01:00:00 PM,11,4,7
05/27/2018 02:00:00 PM,29,10,19
05/27/2018 03:00:00 PM,16,6,10
05/27/2018 04:00:00 PM,13,10,3
05/27/2018 05:00:00 PM,15,7,8
05/27/2018 06:00:00 PM,19,5,14
05/27/2018 07:00:00 PM,16,12,4
05/27/2018 08:00:00 PM,15,7,8
05/27/2018 09:00:00 PM,8,3,5
05/27/2018 10:00:00 PM,13,6,7
05/27/2018 11:00:00 PM,10,4,6
05/28/2018 12:00:00 AM,7,1,6
05/28/2018 01:00:00 AM,1,1,0
05/28/2018 02:00:00 AM,1,1,0
05/28/2018 03:00:00 AM,0,0,0
05/28/2018 04:00:00 AM,3,2,1
05/28/2018 05:00:00 AM,2,0,2
05/28/2018 06:00:00 AM,8,0,8
05/28/2018 07:00:00 AM,4,2,2
05/28/2018 08:00:00 AM,6,3,3
05/28/2018 09:00:00 AM,7,4,3
05/28/2018 10:00:00 AM,8,3,5
05/28/2018 11:00:00 AM,17,11,6
05/28/2018 12:00:00 PM,16,8,8
05/28/2018 01:00:00 PM,12,5,7
05/28/2018 02:00:00 PM,16,13,3
05/28/2018 03:00:00 PM,25,10,15
05/28/2018 04:00:00 PM,26,10,16
05/28/2018 05:00:00 PM,14,3,11
05/28/2018 06:00:00 PM,12,1,11
05/28/2018 07:00:00 PM,16,7,9
05/28/2018 08:00:00 PM,5,3,2
05/28/2018 09:00:00 PM,9,4,5
05/28/2018 10:00:00 PM,5,2,3
05/28/2018 11:00:00 PM,3,2,1
05/29/2018 12:00:00 AM,1,0,1
05/29/2018 01:00:00 AM,2,1,1
05/29/2018 02:00:00 AM,3,3,0
05/29/2018 03:00:00 AM,0,0,0
05/29/2018 04:00:00 AM,1,0,1
05/29/2018 05:00:00 AM,5,1,4
05/29/2018 06:00:00 AM,13,1,12
05/29/2018 07:00:00 AM,31,7,24
05/29/2018 08:00:00 AM,52,19,33
05/29/2018 09:00:00 AM,15,5,10
05/29/2018 10:00:00 AM,11,5,6
05/29/2018 11:00:00 AM,10,4,6
05/29/2018 12:00:00 PM,17,9,8
05/29/2018 01:00:00 PM,16,8,8
05/29/2018 02:00:00 PM,25,13,12
05/29/2018 03:00:00 PM,33,18,15
05/29/2018 04:00:00 PM,38,27,11
05/29/2018 05:00:00 PM,60,39,21
05/29/2018 06:00:00 PM,34,14,20
05/29/2018 07:00:00 PM,24,11,13
05/29/2018 08:00:00 PM,19,5,14
05/29/2018 09:00:00 PM,10,5,5
05/29/2018 10:00:00 PM,10,6,4
05/29/2018 11:00:00 PM,5,2,3
05/30/2018 12:00:00 AM,2,0,2
05/30/2018 01:00:00 AM,0,0,0
05/30/2018 02:00:00 AM,1,1,0
05/30/2018 03:00:00 AM,1,0,1
05/30/2018 04:00:00 AM,0,0,0
05/30/2018 05:00:00 AM,5,1,4
05/30/2018 06:00:00 AM,15,3,12
05/30/2018 07:00:00 AM,34,5,29
05/30/2018 08:00:00 AM,37,13,24
05/30/2018 09:00:00 AM,28,14,14
05/30/2018 10:00:00 AM,23,10,13
05/30/2018 11:00:00 AM,15,6,9
05/30/2018 12:00:00 PM,21,9,12
05/30/2018 01:00:00 PM,26,14,12
05/30/2018 02:00:00 PM,18,7,11
05/30/2018 03:00:00 PM,33,21,12
05/30/2018 04:00:00 PM,34,19,15
05/30/2018 05:00:00 PM,65,42,23
05/30/2018 06:00:00 PM,44,17,27
05/30/2018 07:00:00 PM,35,18,17
05/30/2018 08:00:00 PM,25,12,13
05/30/2018 09:00:00 PM,18,7,11
05/30/2018 10:00:00 PM,4,2,2
05/30/2018 11:00:00 PM,4,2,2
05/31/2018 12:00:00 AM,1,0,1
05/31/2018 01:00:00 AM,0,0,0
05/31/2018 02:00:00 AM,4,0,4
05/31/2018 03:00:00 AM,0,0,0
05/31/2018 04:00:00 AM,1,0,1
05/31/2018 05:00:00 AM,4,0,4
05/31/2018 06:00:00 AM,17,3,14
05/31/2018 07:00:00 AM,36,10,26
05/31/2018 08:00:00 AM,44,12,32
05/31/2018 09:00:00 AM,15,6,9
05/31/2018 10:00:00 AM,7,4,3
05/31/2018 11:00:00 AM,14,4,10
05/31/2018 12:00:00 PM,13,7,6
05/31/2018 01:00:00 PM,18,8,10
05/31/2018 02:00:00 PM,18,10,8
05/31/2018 03:00:00 PM,17,11,6
05/31/2018 04:00:00 PM,26,14,12
05/31/2018 05:00:00 PM,50,29,21
05/31/2018 06:00:00 PM,46,22,24
05/31/2018 07:00:00 PM,25,13,12
05/31/2018 08:00:00 PM,20,9,11
05/31/2018 09:00:00 PM,15,8,7
05/31/2018 10:00:00 PM,13,7,6
05/31/2018 11:00:00 PM,8,4,4
06/01/2018 12:00:00 AM,3,0,3
06/01/2018 01:00:00 AM,2,1,1
06/01/2018 02:00:00 AM,1,0,1
06/01/2018 03:00:00 AM,0,0,0
06/01/2018 04:00:00 AM,1,0,1
06/01/2018 05:00:00 AM,4,2,2
06/01/2018 06:00:00 AM,16,2,14
06/01/2018 07:00:00 AM,21,2,19
06/01/2018 08:00:00 AM,56,20,36
06/01/2018 09:00:00 AM,18,7,11
06/01/2018 10:00:00 AM,20,12,8
06/01/2018 11:00:00 AM,7,3,4
06/01/2018 12:00:00 PM,19,9,10
06/01/2018 01:00:00 PM,23,12,11
06/01/2018 02:00:00 PM,21,13,8
06/01/2018 03:00:00 PM,17,10,7
06/01/2018 04:00:00 PM,30,16,14
06/01/2018 05:00:00 PM,36,24,12
06/01/2018 06:00:00 PM,37,23,14
06/01/2018 07:00:00 PM,30,17,13
06/01/2018 08:00:00 PM,18,8,10
06/01/2018 09:00:00 PM,20,7,13
06/01/2018 10:00:00 PM,16,9,7
06/01/2018 11:00:00 PM,9,8,1
06/02/2018 12:00:00 AM,10,4,6
06/02/2018 01:00:00 AM,12,0,12
06/02/2018 02:00:00 AM,6,3,3
06/02/2018 03:00:00 AM,1,1,0
06/02/2018 04:00:00 AM,0,0,0
06/02/2018 05:00:00 AM,0,0,0
06/02/2018 06:00:00 AM,11,2,9
06/02/2018 07:00:00 AM,8,4,4
06/02/2018 08:00:00 AM,14,5,9
06/02/2018 09:00:00 AM,12,4,8
06/02/2018 10:00:00 AM,10,6,4
06/02/2018 11:00:00 AM,20,12,8
06/02/2018 12:00:00 PM,22,14,8
06/02/2018 01:00:00 PM,12,5,7
06/02/2018 02:00:00 PM,14,8,6
06/02/2018 03:00:00 PM,13,7,6
06/02/2018 04:00:00 PM,21,11,10
06/02/2018 05:00:00 PM,17,9,8
06/02/2018 06:00:00 PM,22,9,13
06/02/2018 07:00:00 PM,26,14,12
06/02/2018 08:00:00 PM,10,5,5
06/02/2018 09:00:00 PM,14,6,8
06/02/2018 10:00:00 PM,8,4,4
06/02/2018 11:00:00 PM,8,4,4
06/03/2018 12:00:00 AM,9,4,5
06/03/2018 01:00:00 AM,8,4,4
06/03/2018 02:00:00 AM,22,4,18
06/03/2018 03:00:00 AM,3,2,1
06/03/2018 04:00:00 AM,1,0,1
06/03/2018 05:00:00 AM,3,0,3
06/03/2018 06:00:00 AM,6,3,3
06/03/2018 07:00:00 AM,3,1,2
06/03/2018 08:00:00 AM,3,3,0
06/03/2018 09:00:00 AM,8,2,6
06/03/2018 10:00:00 AM,6,1,5
06/03/2018 11:00:00 AM,11,7,4
06/03/2018 12:00:00 PM,13,5,8
06/03/2018 01:00:00 PM,25,16,9
06/03/2018 02:00:00 PM,20,9,11
06/03/2018 03:00:00 PM,10,5,5
06/03/2018 04:00:00 PM,11,9,2
06/03/2018 05:00:00 PM,10,5,5
06/03/2018 06:00:00 PM,7,4,3
06/03/2018 07:00:00 PM,8,5,3
06/03/2018 08:00:00 PM,6,2,4
06/03/2018 09:00:00 PM,4,0,4
06/03/2018 10:00:00 PM,4,1,3
06/03/2018 11:00:00 PM,5,2,3
06/04/2018 12:00:00 AM,3,1,2
06/04/2018 01:00:00 AM,1,1,0
06/04/2018 02:00:00 AM,0,0,0
06/04/2018 03:00:00 AM,0,0,0
06/04/2018 04:00:00 AM,1,0,1
06/04/2018 05:00:00 AM,3,1,2
06/04/2018 06:00:00 AM,11,0,11
06/04/2018 07:00:00 AM,17,1,16
06/04/2018 08:00:00 AM,41,12,29
06/04/2018 09:00:00 AM,16,6,10
06/04/2018 10:00:00 AM,7,5,2
06/04/2018 11:00:00 AM,11,3,8
06/04/2018 12:00:00 PM,8,5,3
06/04/2018 01:00:00 PM,16,6,10
06/04/2018 02:00:00 PM,22,11,11
06/04/2018 03:00:00 PM,17,11,6
06/04/2018 04:00:00 PM,27,18,9
06/04/2018 05:00:00 PM,44,26,18
06/04/2018 06:00:00 PM,34,10,24
06/04/2018 07:00:00 PM,32,19,13
06/04/2018 08:00:00 PM,22,12,10
06/04/2018 09:00:00 PM,13,6,7
06/04/2018 10:00:00 PM,5,1,4
06/04/2018 11:00:00 PM,10,5,5
06/05/2018 12:00:00 AM,2,1,1
06/05/2018 01:00:00 AM,1,1,0
06/05/2018 02:00:00 AM,0,0,0
06/05/2018 03:00:00 AM,1,0,1
06/05/2018 04:00:00 AM,1,0,1
06/05/2018 05:00:00 AM,5,1,4
06/05/2018 06:00:00 AM,16,0,16
06/05/2018 07:00:00 AM,42,10,32
06/05/2018 08:00:00 AM,49,13,36
06/05/2018 09:00:00 AM,24,10,14
06/05/2018 10:00:00 AM,21,7,14
06/05/2018 11:00:00 AM,23,13,10
06/05/2018 12:00:00 PM,21,11,10
06/05/2018 01:00:00 PM,13,6,7
06/05/2018 02:00:00 PM,26,16,10
06/05/2018 03:00:00 PM,20,9,11
06/05/2018 04:00:00 PM,32,21,11
06/05/2018 05:00:00 PM,69,39,30
06/05/2018 06:00:00 PM,45,28,17
06/05/2018 07:00:00 PM,31,15,16
06/05/2018 08:00:00 PM,26,16,10
06/05/2018 09:00:00 PM,22,8,14
06/05/2018 10:00:00 PM,13,6,7
06/05/2018 11:00:00 PM,5,2,3
06/06/2018 12:00:00 AM,4,3,1
06/06/2018 01:00:00 AM,1,1,0
06/06/2018 02:00:00 AM,0,0,0
06/06/2018 03:00:00 AM,0,0,0
06/06/2018 04:00:00 AM,2,2,0
06/06/2018 05:00:00 AM,8,3,5
06/06/2018 06:00:00 AM,19,3,16
06/06/2018 07:00:00 AM,38,6,32
06/06/2018 08:00:00 AM,39,10,29
06/06/2018 09:00:00 AM,25,12,13
06/06/2018 10:00:00 AM,21,7,14
06/06/2018 11:00:00 AM,18,6,12
06/06/2018 12:00:00 PM,20,12,8
06/06/2018 01:00:00 PM,29,15,14
06/06/2018 02:00:00 PM,19,14,5
06/06/2018 03:00:00 PM,34,18,16
06/06/2018 04:00:00 PM,35,23,12
06/06/2018 05:00:00 PM,56,38,18
06/06/2018 06:00:00 PM,45,22,23
06/06/2018 07:00:00 PM,36,14,22
06/06/2018 08:00:00 PM,23,13,10
06/06/2018 09:00:00 PM,14,5,9
06/06/2018 10:00:00 PM,13,5,8
06/06/2018 11:00:00 PM,5,3,2
06/07/2018 12:00:00 AM,11,4,7
06/07/2018 01:00:00 AM,2,0,2
06/07/2018 02:00:00 AM,2,1,1
06/07/2018 03:00:00 AM,2,2,0
06/07/2018 04:00:00 AM,4,4,0
06/07/2018 05:00:00 AM,6,2,4
06/07/2018 06:00:00 AM,19,0,19
06/07/2018 07:00:00 AM,28,7,21
06/07/2018 08:00:00 AM,41,8,33
06/07/2018 09:00:00 AM,18,9,9
06/07/2018 10:00:00 AM,22,8,14
06/07/2018 11:00:00 AM,13,8,5
06/07/2018 12:00:00 PM,19,10,9
06/07/2018 01:00:00 PM,18,10,8
06/07/2018 02:00:00 PM,30,16,14
06/07/2018 03:00:00 PM,15,10,5
06/07/2018 04:00:00 PM,31,16,15
06/07/2018 05:00:00 PM,51,34,17
06/07/2018 06:00:00 PM,39,19,20
06/07/2018 07:00:00 PM,29,15,14
06/07/2018 08:00:00 PM,25,17,8
06/07/2018 09:00:00 PM,13,5,8
06/07/2018 10:00:00 PM,6,4,2
06/07/2018 11:00:00 PM,7,3,4
06/08/2018 12:00:00 AM,5,2,3
06/08/2018 01:00:00 AM,1,0,1
06/08/2018 02:00:00 AM,1,0,1
06/08/2018 03:00:00 AM,1,0,1
06/08/2018 04:00:00 AM,1,0,1
06/08/2018 05:00:00 AM,3,0,3
06/08/2018 06:00:00 AM,18,2,16
06/08/2018 07:00:00 AM,22,11,11
06/08/2018 08:00:00 AM,35,8,27
06/08/2018 09:00:00 AM,22,12,10
06/08/2018 10:00:00 AM,10,4,6
06/08/2018 11:00:00 AM,12,7,5
06/08/2018 12:00:00 PM,13,8,5
06/08/2018 01:00:00 PM,14,8,6
06/08/2018 02:00:00 PM,9,4,5
06/08/2018 03:00:00 PM,10,7,3
06/08/2018 04:00:00 PM,27,16,11
06/08/2018 05:00:00 PM,28,19,9
06/08/2018 06:00:00 PM,25,11,14
06/08/2018 07:00:00 PM,12,7,5
06/08/2018 08:00:00 PM,7,3,4
06/08/2018 09:00:00 PM,7,2,5
06/08/2018 10:00:00 PM,5,2,3
06/08/2018 11:00:00 PM,4,4,0
06/09/2018 12:00:00 AM,2,0,2
06/09/2018 01:00:00 AM,0,0,0
06/09/2018 02:00:00 AM,4,1,3
06/09/2018 03:00:00 AM,0,0,0
06/09/2018 04:00:00 AM,0,0,0
06/09/2018 05:00:00 AM,2,1,1
06/09/2018 06:00:00 AM,12,0,12
06/09/2018 07:00:00 AM,5,2,3
06/09/2018 08:00:00 AM,5,4,1
06/09/2018 09:00:00 AM,1,1,0
06/09/2018 10:00:00 AM,12,4,8
06/09/2018 11:00:00 AM,9,3,6
06/09/2018 12:00:00 PM,20,9,11
06/09/2018 01:00:00 PM,20,7,13
06/09/2018 02:00:00 PM,14,9,5
06/09/2018 03:00:00 PM,10,2,8
06/09/2018 04:00:00 PM,17,5,12
06/09/2018 05:00:00 PM,23,14,9
06/09/2018 06:00:00 PM,16,5,11
06/09/2018 07:00:00 PM,10,6,4
06/09/2018 08:00:00 PM,6,1,5
06/09/2018 09:00:00 PM,7,1,6
06/09/2018 10:00:00 PM,7,4,3
06/09/2018 11:00:00 PM,4,3,1
06/10/2018 12:00:00 AM,12,2,10
06/10/2018 01:00:00 AM,4,0,4
06/10/2018 02:00:00 AM,12,0,12
06/10/2018 03:00:00 AM,0,0,0
06/10/2018 04:00:00 AM,1,0,1
06/10/2018 05:00:00 AM,2,1,1
06/10/2018 06:00:00 AM,8,3,5
06/10/2018 07:00:00 AM,6,3,3
06/10/2018 08:00:00 AM,5,5,0
06/10/2018 09:00:00 AM,5,5,0
06/10/2018 10:00:00 AM,18,5,13
06/10/2018 11:00:00 AM,9,6,3
06/10/2018 12:00:00 PM,20,6,14
06/10/2018 01:00:00 PM,15,8,7
06/10/2018 02:00:00 PM,16,10,6
06/10/2018 03:00:00 PM,12,8,4
06/10/2018 04:00:00 PM,13,6,7
06/10/2018 05:00:00 PM,13,9,4
06/10/2018 06:00:00 PM,14,5,9
06/10/2018 07:00:00 PM,10,5,5
06/10/2018 08:00:00 PM,6,1,5
06/10/2018 09:00:00 PM,3,2,1
06/10/2018 10:00:00 PM,4,2,2
06/10/2018 11:00:00 PM,0,0,0
06/11/2018 12:00:00 AM,2,0,2
06/11/2018 01:00:00 AM,3,1,2
06/11/2018 02:00:00 AM,0,0,0
06/11/2018 03:00:00 AM,0,0,0
06/11/2018 04:00:00 AM,2,0,2
06/11/2018 05:00:00 AM,6,3,3
06/11/2018 06:00:00 AM,13,1,12
06/11/2018 07:00:00 AM,33,4,29
06/11/2018 08:00:00 AM,36,13,23
06/11/2018 09:00:00 AM,22,10,12
06/11/2018 10:00:00 AM,20,7,13
06/11/2018 11:00:00 AM,12,5,7
06/11/2018 12:00:00 PM,15,9,6
06/11/2018 01:00:00 PM,16,5,11
06/11/2018 02:00:00 PM,18,8,10
06/11/2018 03:00:00 PM,29,19,10
06/11/2018 04:00:00 PM,26,22,4
06/11/2018 05:00:00 PM,50,34,16
06/11/2018 06:00:00 PM,53,29,24
06/11/2018 07:00:00 PM,24,15,9
06/11/2018 08:00:00 PM,19,8,11
06/11/2018 09:00:00 PM,14,5,9
06/11/2018 10:00:00 PM,8,5,3
06/11/2018 11:00:00 PM,3,1,2
06/12/2018 12:00:00 AM,5,1,4
06/12/2018 01:00:00 AM,3,0,3
06/12/2018 02:00:00 AM,2,1,1
06/12/2018 03:00:00 AM,0,0,0
06/12/2018 04:00:00 AM,3,2,1
06/12/2018 05:00:00 AM,6,0,6
06/12/2018 06:00:00 AM,24,3,21
06/12/2018 07:00:00 AM,50,10,40
06/12/2018 08:00:00 AM,48,17,31
06/12/2018 09:00:00 AM,20,5,15
06/12/2018 10:00:00 AM,19,8,11
06/12/2018 11:00:00 AM,9,4,5
06/12/2018 12:00:00 PM,19,13,6
06/12/2018 01:00:00 PM,16,9,7
06/12/2018 02:00:00 PM,18,8,10
06/12/2018 03:00:00 PM,21,12,9
06/12/2018 04:00:00 PM,40,29,11
06/12/2018 05:00:00 PM,62,34,28
06/12/2018 06:00:00 PM,46,24,22
06/12/2018 07:00:00 PM,23,13,10
06/12/2018 08:00:00 PM,19,4,15
06/12/2018 09:00:00 PM,17,9,8
06/12/2018 10:00:00 PM,13,9,4
06/12/2018 11:00:00 PM,8,4,4
06/13/2018 12:00:00 AM,5,0,5
06/13/2018 01:00:00 AM,2,0,2
06/13/2018 02:00:00 AM,1,1,0
06/13/2018 03:00:00 AM,0,0,0
06/13/2018 04:00:00 AM,0,0,0
06/13/2018 05:00:00 AM,1,0,1
06/13/2018 06:00:00 AM,11,1,10
06/13/2018 07:00:00 AM,25,3,22
06/13/2018 08:00:00 AM,24,7,17
06/13/2018 09:00:00 AM,13,8,5
06/13/2018 10:00:00 AM,7,2,5
06/13/2018 11:00:00 AM,11,7,4
06/13/2018 12:00:00 PM,16,6,10
06/13/2018 01:00:00 PM,14,8,6
06/13/2018 02:00:00 PM,20,11,9
06/13/2018 03:00:00 PM,21,9,12
06/13/2018 04:00:00 PM,20,14,6
06/13/2018 05:00:00 PM,48,29,19
06/13/2018 06:00:00 PM,39,23,16
06/13/2018 07:00:00 PM,16,8,8
06/13/2018 08:00:00 PM,17,7,10
06/13/2018 09:00:00 PM,12,6,6
06/13/2018 10:00:00 PM,10,2,8
06/13/2018 11:00:00 PM,7,2,5
06/14/2018 12:00:00 AM,3,3,0
06/14/2018 01:00:00 AM,3,0,3
06/14/2018 02:00:00 AM,0,0,0
06/14/2018 03:00:00 AM,3,3,0
06/14/2018 04:00:00 AM,2,0,2
06/14/2018 05:00:00 AM,4,1,3
06/14/2018 06:00:00 AM,20,3,17
06/14/2018 07:00:00 AM,31,12,19
06/14/2018 08:00:00 AM,38,14,24
06/14/2018 09:00:00 AM,21,7,14
06/14/2018 10:00:00 AM,9,3,6
06/14/2018 11:00:00 AM,10,3,7
06/14/2018 12:00:00 PM,18,3,15
06/14/2018 01:00:00 PM,21,9,12
06/14/2018 02:00:00 PM,22,10,12
06/14/2018 03:00:00 PM,18,9,9
06/14/2018 04:00:00 PM,32,17,15
06/14/2018 05:00:00 PM,60,35,25
06/14/2018 06:00:00 PM,44,20,24
06/14/2018 07:00:00 PM,28,19,9
06/14/2018 08:00:00 PM,17,7,10
06/14/2018 09:00:00 PM,17,8,9
06/14/2018 10:00:00 PM,17,6,11
06/14/2018 11:00:00 PM,5,2,3
06/15/2018 12:00:00 AM,8,5,3
06/15/2018 01:00:00 AM,3,3,0
06/15/2018 02:00:00 AM,1,1,0
06/15/2018 03:00:00 AM,0,0,0
06/15/2018 04:00:00 AM,1,0,1
06/15/2018 05:00:00 AM,7,1,6
06/15/2018 06:00:00 AM,23,3,20
06/15/2018 07:00:00 AM,31,2,29
06/15/2018 08:00:00 AM,43,7,36
06/15/2018 09:00:00 AM,21,6,15
06/15/2018 10:00:00 AM,14,2,12
06/15/2018 11:00:00 AM,19,14,5
06/15/2018 12:00:00 PM,25,9,16
06/15/2018 01:00:00 PM,12,6,6
06/15/2018 02:00:00 PM,26,12,14
06/15/2018 03:00:00 PM,24,17,7
06/15/2018 04:00:00 PM,34,24,10
06/15/2018 05:00:00 PM,45,33,12
06/15/2018 06:00:00 PM,37,14,23
06/15/2018 07:00:00 PM,29,18,11
06/15/2018 08:00:00 PM,14,5,9
06/15/2018 09:00:00 PM,13,7,6
06/15/2018 10:00:00 PM,18,10,8
06/15/2018 11:00:00 PM,18,11,7
06/16/2018 12:00:00 AM,11,3,8
06/16/2018 01:00:00 AM,9,7,2
06/16/2018 02:00:00 AM,4,0,4
06/16/2018 03:00:00 AM,1,1,0
06/16/2018 04:00:00 AM,0,0,0
06/16/2018 05:00:00 AM,2,1,1
06/16/2018 06:00:00 AM,4,0,4
06/16/2018 07:00:00 AM,3,3,0
06/16/2018 08:00:00 AM,7,6,1
06/16/2018 09:00:00 AM,3,1,2
06/16/2018 10:00:00 AM,10,5,5
06/16/2018 11:00:00 AM,22,15,7
06/16/2018 12:00:00 PM,18,12,6
06/16/2018 01:00:00 PM,24,15,9
06/16/2018 02:00:00 PM,17,13,4
06/16/2018 03:00:00 PM,18,7,11
06/16/2018 04:00:00 PM,18,10,8
06/16/2018 05:00:00 PM,22,10,12
06/16/2018 06:00:00 PM,15,4,11
06/16/2018 07:00:00 PM,16,8,8
06/16/2018 08:00:00 PM,17,8,9
06/16/2018 09:00:00 PM,14,3,11
06/16/2018 10:00:00 PM,12,8,4
06/16/2018 11:00:00 PM,16,9,7
06/17/2018 12:00:00 AM,6,2,4
06/17/2018 01:00:00 AM,4,1,3
06/17/2018 02:00:00 AM,16,10,6
06/17/2018 03:00:00 AM,1,1,0
06/17/2018 04:00:00 AM,1,0,1
06/17/2018 05:00:00 AM,3,0,3
06/17/2018 06:00:00 AM,5,0,5
06/17/2018 07:00:00 AM,3,2,1
06/17/2018 08:00:00 AM,7,3,4
06/17/2018 09:00:00 AM,10,3,7
06/17/2018 10:00:00 AM,14,8,6
06/17/2018 11:00:00 AM,21,10,11
06/17/2018 12:00:00 PM,21,12,9
06/17/2018 01:00:00 PM,23,7,16
06/17/2018 02:00:00 PM,22,8,14
06/17/2018 03:00:00 PM,26,15,11
06/17/2018 04:00:00 PM,21,11,10
06/17/2018 05:00:00 PM,19,13,6
06/17/2018 06:00:00 PM,12,4,8
06/17/2018 07:00:00 PM,15,10,5
06/17/2018 08:00:00 PM,12,4,8
06/17/2018 09:00:00 PM,9,2,7
06/17/2018 10:00:00 PM,6,6,0
06/17/2018 11:00:00 PM,4,1,3
06/18/2018 12:00:00 AM,4,0,4
06/18/2018 01:00:00 AM,2,0,2
06/18/2018 02:00:00 AM,3,2,1
06/18/2018 03:00:00 AM,1,1,0
06/18/2018 04:00:00 AM,2,0,2
06/18/2018 05:00:00 AM,7,2,5
06/18/2018 06:00:00 AM,19,3,16
06/18/2018 07:00:00 AM,30,4,26
06/18/2018 08:00:00 AM,43,12,31
06/18/2018 09:00:00 AM,24,8,16
06/18/2018 10:00:00 AM,11,5,6
06/18/2018 11:00:00 AM,16,7,9
06/18/2018 12:00:00 PM,11,7,4
06/18/2018 01:00:00 PM,20,13,7
06/18/2018 02:00:00 PM,20,8,12
06/18/2018 03:00:00 PM,22,16,6
06/18/2018 04:00:00 PM,18,12,6
06/18/2018 05:00:00 PM,51,29,22
06/18/2018 06:00:00 PM,48,24,24
06/18/2018 07:00:00 PM,19,9,10
06/18/2018 08:00:00 PM,14,7,7
06/18/2018 09:00:00 PM,14,9,5
06/18/2018 10:00:00 PM,9,3,6
06/18/2018 11:00:00 PM,11,6,5
06/19/2018 12:00:00 AM,8,1,7
06/19/2018 01:00:00 AM,1,0,1
06/19/2018 02:00:00 AM,1,1,0
06/19/2018 03:00:00 AM,1,1,0
06/19/2018 04:00:00 AM,2,0,2
06/19/2018 05:00:00 AM,7,3,4
06/19/2018 06:00:00 AM,13,0,13
06/19/2018 07:00:00 AM,43,9,34
06/19/2018 08:00:00 AM,37,10,27
06/19/2018 09:00:00 AM,22,7,15
06/19/2018 10:00:00 AM,17,8,9
06/19/2018 11:00:00 AM,15,6,9
06/19/2018 12:00:00 PM,13,3,10
06/19/2018 01:00:00 PM,18,9,9
06/19/2018 02:00:00 PM,21,12,9
06/19/2018 03:00:00 PM,22,9,13
06/19/2018 04:00:00 PM,35,24,11
06/19/2018 05:00:00 PM,63,36,27
06/19/2018 06:00:00 PM,49,22,27
06/19/2018 07:00:00 PM,36,15,21
06/19/2018 08:00:00 PM,33,14,19
06/19/2018 09:00:00 PM,21,7,14
06/19/2018 10:00:00 PM,8,4,4
06/19/2018 11:00:00 PM,12,9,3
06/20/2018 12:00:00 AM,7,0,7
06/20/2018 01:00:00 AM,3,2,1
06/20/2018 02:00:00 AM,1,0,1
06/20/2018 03:00:00 AM,0,0,0
06/20/2018 04:00:00 AM,0,0,0
06/20/2018 05:00:00 AM,7,1,6
06/20/2018 06:00:00 AM,17,0,17
06/20/2018 07:00:00 AM,33,8,25
06/20/2018 08:00:00 AM,46,9,37
06/20/2018 09:00:00 AM,27,10,17
06/20/2018 10:00:00 AM,14,8,6
06/20/2018 11:00:00 AM,12,8,4
06/20/2018 12:00:00 PM,21,6,15
06/20/2018 01:00:00 PM,9,6,3
06/20/2018 02:00:00 PM,16,9,7
06/20/2018 03:00:00 PM,29,16,13
06/20/2018 04:00:00 PM,38,24,14
06/20/2018 05:00:00 PM,52,31,21
06/20/2018 06:00:00 PM,43,20,23
06/20/2018 07:00:00 PM,25,12,13
06/20/2018 08:00:00 PM,21,7,14
06/20/2018 09:00:00 PM,21,14,7
06/20/2018 10:00:00 PM,10,3,7
06/20/2018 11:00:00 PM,10,4,6
06/21/2018 12:00:00 AM,3,0,3
06/21/2018 01:00:00 AM,0,0,0
06/21/2018 02:00:00 AM,3,1,2
06/21/2018 03:00:00 AM,1,1,0
06/21/2018 04:00:00 AM,1,0,1
06/21/2018 05:00:00 AM,9,3,6
06/21/2018 06:00:00 AM,18,2,16
06/21/2018 07:00:00 AM,53,13,40
06/21/2018 08:00:00 AM,36,11,25
06/21/2018 09:00:00 AM,18,6,12
06/21/2018 10:00:00 AM,19,7,12
06/21/2018 11:00:00 AM,22,14,8
06/21/2018 12:00:00 PM,11,5,6
06/21/2018 01:00:00 PM,12,6,6
06/21/2018 02:00:00 PM,13,6,7
06/21/2018 03:00:00 PM,18,7,11
06/21/2018 04:00:00 PM,43,28,15
06/21/2018 05:00:00 PM,39,24,15
06/21/2018 06:00:00 PM,35,16,19
06/21/2018 07:00:00 PM,49,24,25
06/21/2018 08:00:00 PM,36,14,22
06/21/2018 09:00:00 PM,14,11,3
06/21/2018 10:00:00 PM,5,3,2
06/21/2018 11:00:00 PM,8,4,4
06/22/2018 12:00:00 AM,6,0,6
06/22/2018 01:00:00 AM,1,1,0
06/22/2018 02:00:00 AM,2,1,1
06/22/2018 03:00:00 AM,1,1,0
06/22/2018 04:00:00 AM,2,1,1
06/22/2018 05:00:00 AM,2,1,1
06/22/2018 06:00:00 AM,17,2,15
06/22/2018 07:00:00 AM,27,7,20
06/22/2018 08:00:00 AM,39,12,27
06/22/2018 09:00:00 AM,14,10,4
06/22/2018 10:00:00 AM,9,4,5
06/22/2018 11:00:00 AM,12,7,5
06/22/2018 12:00:00 PM,14,8,6
06/22/2018 01:00:00 PM,24,16,8
06/22/2018 02:00:00 PM,25,15,10
06/22/2018 03:00:00 PM,35,20,15
06/22/2018 04:00:00 PM,39,22,17
06/22/2018 05:00:00 PM,53,30,23
06/22/2018 06:00:00 PM,41,16,25
06/22/2018 07:00:00 PM,33,20,13
06/22/2018 08:00:00 PM,25,15,10
06/22/2018 09:00:00 PM,24,14,10
06/22/2018 10:00:00 PM,14,10,4
06/22/2018 11:00:00 PM,6,4,2
06/23/2018 12:00:00 AM,3,2,1
06/23/2018 01:00:00 AM,5,0,5
06/23/2018 02:00:00 AM,3,1,2
06/23/2018 03:00:00 AM,2,0,2
06/23/2018 04:00:00 AM,0,0,0
06/23/2018 05:00:00 AM,0,0,0
06/23/2018 06:00:00 AM,8,0,8
06/23/2018 07:00:00 AM,10,4,6
06/23/2018 08:00:00 AM,5,4,1
06/23/2018 09:00:00 AM,8,3,5
06/23/2018 10:00:00 AM,10,6,4
06/23/2018 11:00:00 AM,21,11,10
06/23/2018 12:00:00 PM,17,8,9
06/23/2018 01:00:00 PM,22,7,15
06/23/2018 02:00:00 PM,20,13,7
06/23/2018 03:00:00 PM,21,14,7
06/23/2018 04:00:00 PM,34,21,13
06/23/2018 05:00:00 PM,27,16,11
06/23/2018 06:00:00 PM,33,13,20
06/23/2018 07:00:00 PM,19,13,6
06/23/2018 08:00:00 PM,14,8,6
06/23/2018 09:00:00 PM,19,12,7
06/23/2018 10:00:00 PM,9,3,6
06/23/2018 11:00:00 PM,14,6,8
06/24/2018 12:00:00 AM,15,5,10
06/24/2018 01:00:00 AM,10,2,8
06/24/2018 02:00:00 AM,21,3,18
06/24/2018 03:00:00 AM,2,0,2
06/24/2018 04:00:00 AM,6,4,2
06/24/2018 05:00:00 AM,0,0,0
06/24/2018 06:00:00 AM,8,0,8
06/24/2018 07:00:00 AM,11,7,4
06/24/2018 08:00:00 AM,7,4,3
06/24/2018 09:00:00 AM,9,5,4
06/24/2018 10:00:00 AM,14,4,10
06/24/2018 11:00:00 AM,16,7,9
06/24/2018 12:00:00 PM,24,11,13
06/24/2018 01:00:00 PM,24,9,15
06/24/2018 02:00:00 PM,28,17,11
06/24/2018 03:00:00 PM,36,21,15
06/24/2018 04:00:00 PM,33,16,17
06/24/2018 05:00:00 PM,31,15,16
06/24/2018 06:00:00 PM,27,9,18
06/24/2018 07:00:00 PM,21,15,6
06/24/2018 08:00:00 PM,19,13,6
06/24/2018 09:00:00 PM,15,10,5
06/24/2018 10:00:00 PM,10,4,6
06/24/2018 11:00:00 PM,1,1,0
06/25/2018 12:00:00 AM,1,0,1
06/25/2018 01:00:00 AM,8,4,4
06/25/2018 02:00:00 AM,2,2,0
06/25/2018 03:00:00 AM,0,0,0
06/25/2018 04:00:00 AM,4,1,3
06/25/2018 05:00:00 AM,3,0,3
06/25/2018 06:00:00 AM,17,2,15
06/25/2018 07:00:00 AM,23,8,15
06/25/2018 08:00:00 AM,34,12,22
06/25/2018 09:00:00 AM,21,13,8
06/25/2018 10:00:00 AM,8,2,6
06/25/2018 11:00:00 AM,22,4,18
06/25/2018 12:00:00 PM,14,7,7
06/25/2018 01:00:00 PM,13,5,8
06/25/2018 02:00:00 PM,10,8,2
06/25/2018 03:00:00 PM,17,10,7
06/25/2018 04:00:00 PM,24,13,11
06/25/2018 05:00:00 PM,45,21,24
06/25/2018 06:00:00 PM,47,23,24
06/25/2018 07:00:00 PM,17,9,8
06/25/2018 08:00:00 PM,18,9,9
06/25/2018 09:00:00 PM,11,4,7
06/25/2018 10:00:00 PM,5,2,3
06/25/2018 11:00:00 PM,5,2,3
06/26/2018 12:00:00 AM,2,2,0
06/26/2018 01:00:00 AM,1,0,1
06/26/2018 02:00:00 AM,1,0,1
06/26/2018 03:00:00 AM,0,0,0
06/26/2018 04:00:00 AM,4,0,4
06/26/2018 05:00:00 AM,4,1,3
06/26/2018 06:00:00 AM,15,3,12
06/26/2018 07:00:00 AM,43,12,31
06/26/2018 08:00:00 AM,43,11,32
06/26/2018 09:00:00 AM,25,14,11
06/26/2018 10:00:00 AM,11,4,7
06/26/2018 11:00:00 AM,13,4,9
06/26/2018 12:00:00 PM,15,7,8
06/26/2018 01:00:00 PM,15,9,6
06/26/2018 02:00:00 PM,25,12,13
06/26/2018 03:00:00 PM,27,16,11
06/26/2018 04:00:00 PM,33,25,8
06/26/2018 05:00:00 PM,57,32,25
06/26/2018 06:00:00 PM,45,28,17
06/26/2018 07:00:00 PM,28,13,15
06/26/2018 08:00:00 PM,29,14,15
06/26/2018 09:00:00 PM,17,8,9
06/26/2018 10:00:00 PM,5,1,4
06/26/2018 11:00:00 PM,10,6,4
06/27/2018 12:00:00 AM,2,1,1
06/27/2018 01:00:00 AM,2,0,2
06/27/2018 02:00:00 AM,1,1,0
06/27/2018 03:00:00 AM,1,0,1
06/27/2018 04:00:00 AM,1,0,1
06/27/2018 05:00:00 AM,6,1,5
06/27/2018 06:00:00 AM,18,1,17
06/27/2018 07:00:00 AM,40,13,27
06/27/2018 08:00:00 AM,37,10,27
06/27/2018 09:00:00 AM,25,11,14
06/27/2018 10:00:00 AM,18,7,11
06/27/2018 11:00:00 AM,8,5,3
06/27/2018 12:00:00 PM,25,12,13
06/27/2018 01:00:00 PM,17,6,11
06/27/2018 02:00:00 PM,15,6,9
06/27/2018 03:00:00 PM,16,9,7
06/27/2018 04:00:00 PM,31,19,12
06/27/2018 05:00:00 PM,69,40,29
06/27/2018 06:00:00 PM,47,26,21
06/27/2018 07:00:00 PM,23,10,13
06/27/2018 08:00:00 PM,15,5,10
06/27/2018 09:00:00 PM,14,7,7
06/27/2018 10:00:00 PM,11,4,7
06/27/2018 11:00:00 PM,5,4,1
06/28/2018 12:00:00 AM,5,2,3
06/28/2018 01:00:00 AM,0,0,0
06/28/2018 02:00:00 AM,1,0,1
06/28/2018 03:00:00 AM,1,0,1
06/28/2018 04:00:00 AM,3,0,3
06/28/2018 05:00:00 AM,8,3,5
06/28/2018 06:00:00 AM,12,1,11
06/28/2018 07:00:00 AM,36,8,28
06/28/2018 08:00:00 AM,51,17,34
06/28/2018 09:00:00 AM,20,10,10
06/28/2018 10:00:00 AM,19,11,8
06/28/2018 11:00:00 AM,13,3,10
06/28/2018 12:00:00 PM,18,5,13
06/28/2018 01:00:00 PM,12,4,8
06/28/2018 02:00:00 PM,24,13,11
06/28/2018 03:00:00 PM,25,12,13
06/28/2018 04:00:00 PM,34,27,7
06/28/2018 05:00:00 PM,62,43,19
06/28/2018 06:00:00 PM,53,25,28
06/28/2018 07:00:00 PM,44,26,18
06/28/2018 08:00:00 PM,25,12,13
06/28/2018 09:00:00 PM,23,8,15
06/28/2018 10:00:00 PM,11,4,7
06/28/2018 11:00:00 PM,13,9,4
06/29/2018 12:00:00 AM,4,2,2
06/29/2018 01:00:00 AM,3,0,3
06/29/2018 02:00:00 AM,2,2,0
06/29/2018 03:00:00 AM,1,0,1
06/29/2018 04:00:00 AM,1,0,1
06/29/2018 05:00:00 AM,6,1,5
06/29/2018 06:00:00 AM,21,2,19
06/29/2018 07:00:00 AM,22,4,18
06/29/2018 08:00:00 AM,27,6,21
06/29/2018 09:00:00 AM,25,12,13
06/29/2018 10:00:00 AM,14,8,6
06/29/2018 11:00:00 AM,15,7,8
06/29/2018 12:00:00 PM,12,8,4
06/29/2018 01:00:00 PM,16,8,8
06/29/2018 02:00:00 PM,10,5,5
06/29/2018 03:00:00 PM,24,15,9
06/29/2018 04:00:00 PM,24,16,8
06/29/2018 05:00:00 PM,48,32,16
06/29/2018 06:00:00 PM,31,13,18
06/29/2018 07:00:00 PM,22,8,14
06/29/2018 08:00:00 PM,3,2,1
06/29/2018 09:00:00 PM,13,4,9
06/29/2018 10:00:00 PM,11,8,3
06/29/2018 11:00:00 PM,7,3,4
06/30/2018 12:00:00 AM,5,2,3
06/30/2018 01:00:00 AM,5,2,3
06/30/2018 02:00:00 AM,6,1,5
06/30/2018 03:00:00 AM,2,0,2
06/30/2018 04:00:00 AM,2,0,2
06/30/2018 05:00:00 AM,3,1,2
06/30/2018 06:00:00 AM,12,0,12
06/30/2018 07:00:00 AM,8,7,1
06/30/2018 08:00:00 AM,8,4,4
06/30/2018 09:00:00 AM,8,2,6
06/30/2018 10:00:00 AM,18,7,11
06/30/2018 11:00:00 AM,18,13,5
06/30/2018 12:00:00 PM,30,12,18
06/30/2018 01:00:00 PM,16,9,7
06/30/2018 02:00:00 PM,12,3,9
06/30/2018 03:00:00 PM,12,5,7
06/30/2018 04:00:00 PM,12,3,9
06/30/2018 05:00:00 PM,23,8,15
06/30/2018 06:00:00 PM,17,12,5
06/30/2018 07:00:00 PM,10,8,2
06/30/2018 08:00:00 PM,10,5,5
06/30/2018 09:00:00 PM,12,5,7
06/30/2018 10:00:00 PM,7,3,4
06/30/2018 11:00:00 PM,8,2,6
07/01/2018 12:00:00 AM,6,1,5
07/01/2018 01:00:00 AM,13,5,8
07/01/2018 02:00:00 AM,13,4,9
07/01/2018 03:00:00 AM,2,1,1
07/01/2018 04:00:00 AM,2,0,2
07/01/2018 05:00:00 AM,3,1,2
07/01/2018 06:00:00 AM,7,0,7
07/01/2018 07:00:00 AM,4,2,2
07/01/2018 08:00:00 AM,9,6,3
07/01/2018 09:00:00 AM,7,6,1
07/01/2018 10:00:00 AM,5,4,1
07/01/2018 11:00:00 AM,11,3,8
07/01/2018 12:00:00 PM,8,2,6
07/01/2018 01:00:00 PM,22,12,10
07/01/2018 02:00:00 PM,12,7,5
07/01/2018 03:00:00 PM,22,11,11
07/01/2018 04:00:00 PM,18,10,8
07/01/2018 05:00:00 PM,21,13,8
07/01/2018 06:00:00 PM,14,10,4
07/01/2018 07:00:00 PM,10,8,2
07/01/2018 08:00:00 PM,8,5,3
07/01/2018 09:00:00 PM,6,3,3
07/01/2018 10:00:00 PM,10,2,8
07/01/2018 11:00:00 PM,6,2,4
07/02/2018 12:00:00 AM,1,0,1
07/02/2018 01:00:00 AM,0,0,0
07/02/2018 02:00:00 AM,0,0,0
07/02/2018 03:00:00 AM,0,0,0
07/02/2018 04:00:00 AM,4,0,4
07/02/2018 05:00:00 AM,8,2,6
07/02/2018 06:00:00 AM,7,1,6
07/02/2018 07:00:00 AM,22,5,17
07/02/2018 08:00:00 AM,38,10,28
07/02/2018 09:00:00 AM,18,4,14
07/02/2018 10:00:00 AM,13,6,7
07/02/2018 11:00:00 AM,15,10,5
07/02/2018 12:00:00 PM,18,13,5
07/02/2018 01:00:00 PM,15,8,7
07/02/2018 02:00:00 PM,18,8,10
07/02/2018 03:00:00 PM,25,15,10
07/02/2018 04:00:00 PM,39,28,11
07/02/2018 05:00:00 PM,63,30,33
07/02/2018 06:00:00 PM,43,25,18
07/02/2018 07:00:00 PM,22,9,13
07/02/2018 08:00:00 PM,24,12,12
07/02/2018 09:00:00 PM,13,8,5
07/02/2018 10:00:00 PM,2,2,0
07/02/2018 11:00:00 PM,9,7,2
07/03/2018 12:00:00 AM,2,0,2
07/03/2018 01:00:00 AM,2,0,2
07/03/2018 02:00:00 AM,2,2,0
07/03/2018 03:00:00 AM,0,0,0
07/03/2018 04:00:00 AM,3,0,3
07/03/2018 05:00:00 AM,7,0,7
07/03/2018 06:00:00 AM,16,1,15
07/03/2018 07:00:00 AM,38,8,30
07/03/2018 08:00:00 AM,39,14,25
07/03/2018 09:00:00 AM,17,10,7
07/03/2018 10:00:00 AM,29,14,15
07/03/2018 11:00:00 AM,15,5,10
07/03/2018 12:00:00 PM,23,10,13
07/03/2018 01:00:00 PM,25,12,13
07/03/2018 02:00:00 PM,26,17,9
07/03/2018 03:00:00 PM,29,15,14
07/03/2018 04:00:00 PM,38,20,18
07/03/2018 05:00:00 PM,59,35,24
07/03/2018 06:00:00 PM,35,13,22
07/03/2018 07:00:00 PM,31,21,10
07/03/2018 08:00:00 PM,28,18,10
07/03/2018 09:00:00 PM,18,5,13
07/03/2018 10:00:00 PM,12,9,3
07/03/2018 11:00:00 PM,7,2,5
07/04/2018 12:00:00 AM,5,0,5
07/04/2018 01:00:00 AM,5,0,5
07/04/2018 02:00:00 AM,3,1,2
07/04/2018 03:00:00 AM,0,0,0
07/04/2018 04:00:00 AM,1,1,0
07/04/2018 05:00:00 AM,5,0,5
07/04/2018 06:00:00 AM,8,2,6
07/04/2018 07:00:00 AM,8,5,3
07/04/2018 08:00:00 AM,1,1,0
07/04/2018 09:00:00 AM,15,5,10
07/04/2018 10:00:00 AM,15,4,11
07/04/2018 11:00:00 AM,14,8,6
07/04/2018 12:00:00 PM,19,9,10
07/04/2018 01:00:00 PM,14,9,5
07/04/2018 02:00:00 PM,17,9,8
07/04/2018 03:00:00 PM,18,5,13
07/04/2018 04:00:00 PM,13,10,3
07/04/2018 05:00:00 PM,15,8,7
07/04/2018 06:00:00 PM,7,3,4
07/04/2018 07:00:00 PM,12,6,6
07/04/2018 08:00:00 PM,8,6,2
07/04/2018 09:00:00 PM,5,4,1
07/04/2018 10:00:00 PM,5,2,3
07/04/2018 11:00:00 PM,13,2,11
07/05/2018 12:00:00 AM,14,0,14
07/05/2018 01:00:00 AM,6,0,6
07/05/2018 02:00:00 AM,0,0,0
07/05/2018 03:00:00 AM,2,0,2
07/05/2018 04:00:00 AM,1,0,1
07/05/2018 05:00:00 AM,6,2,4
07/05/2018 06:00:00 AM,12,1,11
07/05/2018 07:00:00 AM,20,8,12
07/05/2018 08:00:00 AM,43,13,30
07/05/2018 09:00:00 AM,19,12,7
07/05/2018 10:00:00 AM,21,5,16
07/05/2018 11:00:00 AM,24,7,17
07/05/2018 12:00:00 PM,27,11,16
07/05/2018 01:00:00 PM,17,9,8
07/05/2018 02:00:00 PM,21,10,11
07/05/2018 03:00:00 PM,15,9,6
07/05/2018 04:00:00 PM,30,17,13
07/05/2018 05:00:00 PM,43,22,21
07/05/2018 06:00:00 PM,34,14,20
07/05/2018 07:00:00 PM,34,12,22
07/05/2018 08:00:00 PM,27,18,9
07/05/2018 09:00:00 PM,17,13,4
07/05/2018 10:00:00 PM,6,1,5
07/05/2018 11:00:00 PM,13,8,5
07/06/2018 12:00:00 AM,5,2,3
07/06/2018 01:00:00 AM,4,2,2
07/06/2018 02:00:00 AM,1,0,1
07/06/2018 03:00:00 AM,0,0,0
07/06/2018 04:00:00 AM,4,0,4
07/06/2018 05:00:00 AM,5,2,3
07/06/2018 06:00:00 AM,17,1,16
07/06/2018 07:00:00 AM,28,6,22
07/06/2018 08:00:00 AM,32,9,23
07/06/2018 09:00:00 AM,17,6,11
07/06/2018 10:00:00 AM,11,8,3
07/06/2018 11:00:00 AM,9,4,5
07/06/2018 12:00:00 PM,14,5,9
07/06/2018 01:00:00 PM,13,7,6
07/06/2018 02:00:00 PM,11,3,8
07/06/2018 03:00:00 PM,28,17,11
07/06/2018 04:00:00 PM,36,23,13
07/06/2018 05:00:00 PM,44,22,22
07/06/2018 06:00:00 PM,36,16,20
07/06/2018 07:00:00 PM,19,15,4
07/06/2018 08:00:00 PM,20,12,8
07/06/2018 09:00:00 PM,11,4,7
07/06/2018 10:00:00 PM,12,4,8
07/06/2018 11:00:00 PM,10,4,6
07/07/2018 12:00:00 AM,10,7,3
07/07/2018 01:00:00 AM,7,3,4
07/07/2018 02:00:00 AM,4,1,3
07/07/2018 03:00:00 AM,1,1,0
07/07/2018 04:00:00 AM,0,0,0
07/07/2018 05:00:00 AM,4,0,4
07/07/2018 06:00:00 AM,12,1,11
07/07/2018 07:00:00 AM,6,0,6
07/07/2018 08:00:00 AM,8,6,2
07/07/2018 09:00:00 AM,12,9,3
07/07/2018 10:00:00 AM,17,13,4
07/07/2018 11:00:00 AM,20,10,10
07/07/2018 12:00:00 PM,11,7,4
07/07/2018 01:00:00 PM,11,8,3
07/07/2018 02:00:00 PM,22,12,10
07/07/2018 03:00:00 PM,19,13,6
07/07/2018 04:00:00 PM,14,7,7
07/07/2018 05:00:00 PM,25,17,8
07/07/2018 06:00:00 PM,22,11,11
07/07/2018 07:00:00 PM,23,12,11
07/07/2018 08:00:00 PM,10,7,3
07/07/2018 09:00:00 PM,14,6,8
07/07/2018 10:00:00 PM,5,4,1
07/07/2018 11:00:00 PM,9,6,3
07/08/2018 12:00:00 AM,10,3,7
07/08/2018 01:00:00 AM,13,4,9
07/08/2018 02:00:00 AM,28,7,21
07/08/2018 03:00:00 AM,3,0,3
07/08/2018 04:00:00 AM,2,0,2
07/08/2018 05:00:00 AM,0,0,0
07/08/2018 06:00:00 AM,10,0,10
07/08/2018 07:00:00 AM,3,1,2
07/08/2018 08:00:00 AM,4,3,1
07/08/2018 09:00:00 AM,10,6,4
07/08/2018 10:00:00 AM,16,3,13
07/08/2018 11:00:00 AM,20,11,9
07/08/2018 12:00:00 PM,13,12,1
07/08/2018 01:00:00 PM,10,2,8
07/08/2018 02:00:00 PM,21,10,11
07/08/2018 03:00:00 PM,27,15,12
07/08/2018 04:00:00 PM,24,12,12
07/08/2018 05:00:00 PM,25,15,10
07/08/2018 06:00:00 PM,23,8,15
07/08/2018 07:00:00 PM,14,7,7
07/08/2018 08:00:00 PM,13,7,6
07/08/2018 09:00:00 PM,7,2,5
07/08/2018 10:00:00 PM,13,5,8
07/08/2018 11:00:00 PM,0,0,0
07/09/2018 12:00:00 AM,1,1,0
07/09/2018 01:00:00 AM,3,0,3
07/09/2018 02:00:00 AM,1,1,0
07/09/2018 03:00:00 AM,0,0,0
07/09/2018 04:00:00 AM,6,1,5
07/09/2018 05:00:00 AM,7,1,6
07/09/2018 06:00:00 AM,14,1,13
07/09/2018 07:00:00 AM,39,11,28
07/09/2018 08:00:00 AM,44,16,28
07/09/2018 09:00:00 AM,22,12,10
07/09/2018 10:00:00 AM,13,7,6
07/09/2018 11:00:00 AM,16,7,9
07/09/2018 12:00:00 PM,15,9,6
07/09/2018 01:00:00 PM,17,8,9
07/09/2018 02:00:00 PM,22,14,8
07/09/2018 03:00:00 PM,18,11,7
07/09/2018 04:00:00 PM,29,16,13
07/09/2018 05:00:00 PM,56,33,23
07/09/2018 06:00:00 PM,46,20,26
07/09/2018 07:00:00 PM,31,13,18
07/09/2018 08:00:00 PM,25,14,11
07/09/2018 09:00:00 PM,11,2,9
07/09/2018 10:00:00 PM,6,1,5
07/09/2018 11:00:00 PM,7,1,6
07/10/2018 12:00:00 AM,4,2,2
07/10/2018 01:00:00 AM,1,0,1
07/10/2018 02:00:00 AM,1,1,0
07/10/2018 03:00:00 AM,0,0,0
07/10/2018 04:00:00 AM,3,0,3
07/10/2018 05:00:00 AM,5,1,4
07/10/2018 06:00:00 AM,17,2,15
07/10/2018 07:00:00 AM,42,9,33
07/10/2018 08:00:00 AM,41,12,29
07/10/2018 09:00:00 AM,24,7,17
07/10/2018 10:00:00 AM,14,10,4
07/10/2018 11:00:00 AM,11,3,8
07/10/2018 12:00:00 PM,13,5,8
07/10/2018 01:00:00 PM,24,11,13
07/10/2018 02:00:00 PM,17,8,9
07/10/2018 03:00:00 PM,20,10,10
07/10/2018 04:00:00 PM,38,26,12
07/10/2018 05:00:00 PM,63,36,27
07/10/2018 06:00:00 PM,39,21,18
07/10/2018 07:00:00 PM,30,17,13
07/10/2018 08:00:00 PM,30,18,12
07/10/2018 09:00:00 PM,16,9,7
07/10/2018 10:00:00 PM,9,2,7
07/10/2018 11:00:00 PM,8,4,4
07/11/2018 12:00:00 AM,3,1,2
07/11/2018 01:00:00 AM,3,1,2
07/11/2018 02:00:00 AM,0,0,0
07/11/2018 03:00:00 AM,1,1,0
07/11/2018 04:00:00 AM,2,0,2
07/11/2018 05:00:00 AM,10,2,8
07/11/2018 06:00:00 AM,16,1,15
07/11/2018 07:00:00 AM,31,9,22
07/11/2018 08:00:00 AM,38,11,27
07/11/2018 09:00:00 AM,20,7,13
07/11/2018 10:00:00 AM,17,3,14
07/11/2018 11:00:00 AM,12,6,6
07/11/2018 12:00:00 PM,14,9,5
07/11/2018 01:00:00 PM,22,12,10
07/11/2018 02:00:00 PM,24,13,11
07/11/2018 03:00:00 PM,35,20,15
07/11/2018 04:00:00 PM,41,29,12
07/11/2018 05:00:00 PM,49,33,16
07/11/2018 06:00:00 PM,44,22,22
07/11/2018 07:00:00 PM,22,12,10
07/11/2018 08:00:00 PM,31,18,13
07/11/2018 09:00:00 PM,19,7,12
07/11/2018 10:00:00 PM,15,7,8
07/11/2018 11:00:00 PM,7,6,1
07/12/2018 12:00:00 AM,8,2,6
07/12/2018 01:00:00 AM,3,1,2
07/12/2018 02:00:00 AM,5,3,2
07/12/2018 03:00:00 AM,0,0,0
07/12/2018 04:00:00 AM,6,1,5
07/12/2018 05:00:00 AM,5,0,5
07/12/2018 06:00:00 AM,10,0,10
07/12/2018 07:00:00 AM,32,12,20
07/12/2018 08:00:00 AM,54,16,38
07/12/2018 09:00:00 AM,21,8,13
07/12/2018 10:00:00 AM,16,7,9
07/12/2018 11:00:00 AM,17,12,5
07/12/2018 12:00:00 PM,16,6,10
07/12/2018 01:00:00 PM,17,8,9
07/12/2018 02:00:00 PM,30,12,18
07/12/2018 03:00:00 PM,28,15,13
07/12/2018 04:00:00 PM,47,36,11
07/12/2018 05:00:00 PM,56,40,16
07/12/2018 06:00:00 PM,41,22,19
07/12/2018 07:00:00 PM,75,34,41
07/12/2018 08:00:00 PM,0,0,0
07/12/2018 09:00:00 PM,0,0,0
07/12/2018 10:00:00 PM,0,0,0
07/12/2018 11:00:00 PM,0,0,0
07/13/2018 12:00:00 AM,0,0,0
07/13/2018 01:00:00 AM,0,0,0
07/13/2018 02:00:00 AM,0,0,0
07/13/2018 03:00:00 AM,0,0,0
07/13/2018 04:00:00 AM,0,0,0
07/13/2018 05:00:00 AM,0,0,0
07/13/2018 06:00:00 AM,0,0,0
07/13/2018 07:00:00 AM,0,0,0
07/13/2018 08:00:00 AM,0,0,0
07/13/2018 09:00:00 AM,0,0,0
07/13/2018 10:00:00 AM,0,0,0
07/13/2018 11:00:00 AM,0,0,0
07/13/2018 12:00:00 PM,0,0,0
07/13/2018 01:00:00 PM,0,0,0
07/13/2018 02:00:00 PM,0,0,0
07/13/2018 03:00:00 PM,0,0,0
07/13/2018 04:00:00 PM,0,0,0
07/13/2018 05:00:00 PM,0,0,0
07/13/2018 06:00:00 PM,0,0,0
07/13/2018 07:00:00 PM,0,0,0
07/13/2018 08:00:00 PM,0,0,0
07/13/2018 09:00:00 PM,0,0,0
07/13/2018 10:00:00 PM,0,0,0
07/13/2018 11:00:00 PM,0,0,0
07/14/2018 12:00:00 AM,0,0,0
07/14/2018 01:00:00 AM,0,0,0
07/14/2018 02:00:00 AM,0,0,0
07/14/2018 03:00:00 AM,0,0,0
07/14/2018 04:00:00 AM,0,0,0
07/14/2018 05:00:00 AM,0,0,0
07/14/2018 06:00:00 AM,0,0,0
07/14/2018 07:00:00 AM,0,0,0
07/14/2018 08:00:00 AM,0,0,0
07/14/2018 09:00:00 AM,0,0,0
07/14/2018 10:00:00 AM,0,0,0
07/14/2018 11:00:00 AM,0,0,0
07/14/2018 12:00:00 PM,0,0,0
07/14/2018 01:00:00 PM,0,0,0
07/14/2018 02:00:00 PM,0,0,0
07/14/2018 03:00:00 PM,0,0,0
07/14/2018 04:00:00 PM,0,0,0
07/14/2018 05:00:00 PM,0,0,0
07/14/2018 06:00:00 PM,0,0,0
07/14/2018 07:00:00 PM,0,0,0
07/14/2018 08:00:00 PM,0,0,0
07/14/2018 09:00:00 PM,0,0,0
07/14/2018 10:00:00 PM,0,0,0
07/14/2018 11:00:00 PM,0,0,0
07/15/2018 12:00:00 AM,0,0,0
07/15/2018 01:00:00 AM,0,0,0
07/15/2018 02:00:00 AM,0,0,0
07/15/2018 03:00:00 AM,0,0,0
07/15/2018 04:00:00 AM,0,0,0
07/15/2018 05:00:00 AM,0,0,0
07/15/2018 06:00:00 AM,0,0,0
07/15/2018 07:00:00 AM,0,0,0
07/15/2018 08:00:00 AM,0,0,0
07/15/2018 09:00:00 AM,0,0,0
07/15/2018 10:00:00 AM,0,0,0
07/15/2018 11:00:00 AM,0,0,0
07/15/2018 12:00:00 PM,0,0,0
07/15/2018 01:00:00 PM,0,0,0
07/15/2018 02:00:00 PM,0,0,0
07/15/2018 03:00:00 PM,0,0,0
07/15/2018 04:00:00 PM,0,0,0
07/15/2018 05:00:00 PM,0,0,0
07/15/2018 06:00:00 PM,0,0,0
07/15/2018 07:00:00 PM,0,0,0
07/15/2018 08:00:00 PM,0,0,0
07/15/2018 09:00:00 PM,0,0,0
07/15/2018 10:00:00 PM,0,0,0
07/15/2018 11:00:00 PM,0,0,0
07/16/2018 12:00:00 AM,0,0,0
07/16/2018 01:00:00 AM,0,0,0
07/16/2018 02:00:00 AM,0,0,0
07/16/2018 03:00:00 AM,0,0,0
07/16/2018 04:00:00 AM,0,0,0
07/16/2018 05:00:00 AM,0,0,0
07/16/2018 06:00:00 AM,0,0,0
07/16/2018 07:00:00 AM,0,0,0
07/16/2018 08:00:00 AM,0,0,0
07/16/2018 09:00:00 AM,0,0,0
07/16/2018 10:00:00 AM,0,0,0
07/16/2018 11:00:00 AM,0,0,0
07/16/2018 12:00:00 PM,0,0,0
07/16/2018 01:00:00 PM,0,0,0
07/16/2018 02:00:00 PM,0,0,0
07/16/2018 03:00:00 PM,0,0,0
07/16/2018 04:00:00 PM,0,0,0
07/16/2018 05:00:00 PM,0,0,0
07/16/2018 06:00:00 PM,0,0,0
07/16/2018 07:00:00 PM,0,0,0
07/16/2018 08:00:00 PM,0,0,0
07/16/2018 09:00:00 PM,0,0,0
07/16/2018 10:00:00 PM,0,0,0
07/16/2018 11:00:00 PM,0,0,0
07/17/2018 12:00:00 AM,0,0,0
07/17/2018 01:00:00 AM,0,0,0
07/17/2018 02:00:00 AM,0,0,0
07/17/2018 03:00:00 AM,0,0,0
07/17/2018 04:00:00 AM,0,0,0
07/17/2018 05:00:00 AM,0,0,0
07/17/2018 06:00:00 AM,0,0,0
07/17/2018 07:00:00 AM,0,0,0
07/17/2018 08:00:00 AM,0,0,0
07/17/2018 09:00:00 AM,0,0,0
07/17/2018 10:00:00 AM,0,0,0
07/17/2018 11:00:00 AM,0,0,0
07/17/2018 12:00:00 PM,22,10,12
07/17/2018 01:00:00 PM,28,13,15
07/17/2018 02:00:00 PM,24,11,13
07/17/2018 03:00:00 PM,26,13,13
07/17/2018 04:00:00 PM,36,22,14
07/17/2018 05:00:00 PM,58,34,24
07/17/2018 06:00:00 PM,50,30,20
07/17/2018 07:00:00 PM,17,9,8
07/17/2018 08:00:00 PM,33,14,19
07/17/2018 09:00:00 PM,28,12,16
07/17/2018 10:00:00 PM,8,3,5
07/17/2018 11:00:00 PM,7,3,4
07/18/2018 12:00:00 AM,1,0,1
07/18/2018 01:00:00 AM,3,1,2
07/18/2018 02:00:00 AM,0,0,0
07/18/2018 03:00:00 AM,0,0,0
07/18/2018 04:00:00 AM,1,0,1
07/18/2018 05:00:00 AM,7,3,4
07/18/2018 06:00:00 AM,15,3,12
07/18/2018 07:00:00 AM,33,6,27
07/18/2018 08:00:00 AM,50,16,34
07/18/2018 09:00:00 AM,14,8,6
07/18/2018 10:00:00 AM,10,4,6
07/18/2018 11:00:00 AM,25,8,17
07/18/2018 12:00:00 PM,19,5,14
07/18/2018 01:00:00 PM,15,7,8
07/18/2018 02:00:00 PM,25,11,14
07/18/2018 03:00:00 PM,13,5,8
07/18/2018 04:00:00 PM,28,17,11
07/18/2018 05:00:00 PM,48,27,21
07/18/2018 06:00:00 PM,50,25,25
07/18/2018 07:00:00 PM,48,26,22
07/18/2018 08:00:00 PM,27,13,14
07/18/2018 09:00:00 PM,11,6,5
07/18/2018 10:00:00 PM,12,5,7
07/18/2018 11:00:00 PM,9,3,6
07/19/2018 12:00:00 AM,0,0,0
07/19/2018 01:00:00 AM,1,0,1
07/19/2018 02:00:00 AM,2,0,2
07/19/2018 03:00:00 AM,0,0,0
07/19/2018 04:00:00 AM,1,0,1
07/19/2018 05:00:00 AM,8,1,7
07/19/2018 06:00:00 AM,18,3,15
07/19/2018 07:00:00 AM,34,3,31
07/19/2018 08:00:00 AM,47,15,32
07/19/2018 09:00:00 AM,29,13,16
07/19/2018 10:00:00 AM,13,4,9
07/19/2018 11:00:00 AM,21,12,9
07/19/2018 12:00:00 PM,16,8,8
07/19/2018 01:00:00 PM,10,6,4
07/19/2018 02:00:00 PM,17,10,7
07/19/2018 03:00:00 PM,26,15,11
07/19/2018 04:00:00 PM,35,23,12
07/19/2018 05:00:00 PM,63,32,31
07/19/2018 06:00:00 PM,33,16,17
07/19/2018 07:00:00 PM,29,13,16
07/19/2018 08:00:00 PM,30,15,15
07/19/2018 09:00:00 PM,22,11,11
07/19/2018 10:00:00 PM,7,3,4
07/19/2018 11:00:00 PM,7,4,3
07/20/2018 12:00:00 AM,4,2,2
07/20/2018 01:00:00 AM,8,4,4
07/20/2018 02:00:00 AM,0,0,0
07/20/2018 03:00:00 AM,0,0,0
07/20/2018 04:00:00 AM,0,0,0
07/20/2018 05:00:00 AM,0,0,0
07/20/2018 06:00:00 AM,8,3,5
07/20/2018 07:00:00 AM,29,7,22
07/20/2018 08:00:00 AM,48,11,37
07/20/2018 09:00:00 AM,17,7,10
07/20/2018 10:00:00 AM,14,7,7
07/20/2018 11:00:00 AM,22,15,7
07/20/2018 12:00:00 PM,14,7,7
07/20/2018 01:00:00 PM,23,12,11
07/20/2018 02:00:00 PM,28,14,14
07/20/2018 03:00:00 PM,22,13,9
07/20/2018 04:00:00 PM,3,0,3
07/20/2018 05:00:00 PM,1,0,1
07/20/2018 06:00:00 PM,0,0,0
07/20/2018 07:00:00 PM,0,0,0
07/20/2018 08:00:00 PM,0,0,0
07/20/2018 09:00:00 PM,0,0,0
07/20/2018 10:00:00 PM,0,0,0
07/20/2018 11:00:00 PM,0,0,0
07/21/2018 12:00:00 AM,24,8,16
07/21/2018 01:00:00 AM,2,1,1
07/21/2018 02:00:00 AM,8,3,5
07/21/2018 03:00:00 AM,1,0,1
07/21/2018 04:00:00 AM,1,0,1
07/21/2018 05:00:00 AM,1,1,0
07/21/2018 06:00:00 AM,2,0,2
07/21/2018 07:00:00 AM,4,0,4
07/21/2018 08:00:00 AM,4,1,3
07/21/2018 09:00:00 AM,5,0,5
07/21/2018 10:00:00 AM,9,2,7
07/21/2018 11:00:00 AM,2,0,2
07/21/2018 12:00:00 PM,8,3,5
07/21/2018 01:00:00 PM,0,0,0
07/21/2018 02:00:00 PM,0,0,0
07/21/2018 03:00:00 PM,0,0,0
07/21/2018 04:00:00 PM,1,0,1
07/21/2018 05:00:00 PM,0,0,0
07/21/2018 06:00:00 PM,12,8,4
07/21/2018 07:00:00 PM,1,0,1
07/21/2018 08:00:00 PM,0,0,0
07/21/2018 09:00:00 PM,9,2,7
07/21/2018 10:00:00 PM,0,0,0
07/21/2018 11:00:00 PM,10,1,9
07/22/2018 12:00:00 AM,11,2,9
07/22/2018 01:00:00 AM,10,3,7
07/22/2018 02:00:00 AM,5,3,2
07/22/2018 03:00:00 AM,0,0,0
07/22/2018 04:00:00 AM,0,0,0
07/22/2018 05:00:00 AM,0,0,0
07/22/2018 06:00:00 AM,0,0,0
07/22/2018 07:00:00 AM,1,0,1
07/22/2018 08:00:00 AM,0,0,0
07/22/2018 09:00:00 AM,2,1,1
07/22/2018 10:00:00 AM,2,0,2
07/22/2018 11:00:00 AM,0,0,0
07/22/2018 12:00:00 PM,3,0,3
07/22/2018 01:00:00 PM,0,0,0
07/22/2018 02:00:00 PM,0,0,0
07/22/2018 03:00:00 PM,0,0,0
07/22/2018 04:00:00 PM,1,0,1
07/22/2018 05:00:00 PM,5,0,5
07/22/2018 06:00:00 PM,3,0,3
07/22/2018 07:00:00 PM,0,0,0
07/22/2018 08:00:00 PM,1,1,0
07/22/2018 09:00:00 PM,0,0,0
07/22/2018 10:00:00 PM,0,0,0
07/22/2018 11:00:00 PM,1,0,1
07/23/2018 12:00:00 AM,3,1,2
07/23/2018 01:00:00 AM,1,1,0
07/23/2018 02:00:00 AM,1,0,1
07/23/2018 03:00:00 AM,1,1,0
07/23/2018 04:00:00 AM,5,1,4
07/23/2018 05:00:00 AM,8,3,5
07/23/2018 06:00:00 AM,13,2,11
07/23/2018 07:00:00 AM,37,7,30
07/23/2018 08:00:00 AM,39,14,25
07/23/2018 09:00:00 AM,25,10,15
07/23/2018 10:00:00 AM,16,11,5
07/23/2018 11:00:00 AM,11,5,6
07/23/2018 12:00:00 PM,12,7,5
07/23/2018 01:00:00 PM,10,4,6
07/23/2018 02:00:00 PM,28,13,15
07/23/2018 03:00:00 PM,21,14,7
07/23/2018 04:00:00 PM,29,17,12
07/23/2018 05:00:00 PM,45,25,20
07/23/2018 06:00:00 PM,48,21,27
07/23/2018 07:00:00 PM,35,15,20
07/23/2018 08:00:00 PM,21,8,13
07/23/2018 09:00:00 PM,14,5,9
07/23/2018 10:00:00 PM,7,3,4
07/23/2018 11:00:00 PM,4,3,1
07/24/2018 12:00:00 AM,4,2,2
07/24/2018 01:00:00 AM,1,1,0
07/24/2018 02:00:00 AM,1,1,0
07/24/2018 03:00:00 AM,0,0,0
07/24/2018 04:00:00 AM,3,1,2
07/24/2018 05:00:00 AM,7,0,7
07/24/2018 06:00:00 AM,17,2,15
07/24/2018 07:00:00 AM,38,11,27
07/24/2018 08:00:00 AM,46,15,31
07/24/2018 09:00:00 AM,33,13,20
07/24/2018 10:00:00 AM,10,6,4
07/24/2018 11:00:00 AM,18,8,10
07/24/2018 12:00:00 PM,12,5,7
07/24/2018 01:00:00 PM,13,5,8
07/24/2018 02:00:00 PM,19,12,7
07/24/2018 03:00:00 PM,15,8,7
07/24/2018 04:00:00 PM,35,23,12
07/24/2018 05:00:00 PM,41,18,23
07/24/2018 06:00:00 PM,44,20,24
07/24/2018 07:00:00 PM,32,15,17
07/24/2018 08:00:00 PM,19,9,10
07/24/2018 09:00:00 PM,22,12,10
07/24/2018 10:00:00 PM,16,7,9
07/24/2018 11:00:00 PM,6,1,5
07/25/2018 12:00:00 AM,1,1,0
07/25/2018 01:00:00 AM,4,0,4
07/25/2018 02:00:00 AM,2,1,1
07/25/2018 03:00:00 AM,3,1,2
07/25/2018 04:00:00 AM,0,0,0
07/25/2018 05:00:00 AM,7,0,7
07/25/2018 06:00:00 AM,21,2,19
07/25/2018 07:00:00 AM,36,11,25
07/25/2018 08:00:00 AM,37,15,22
07/25/2018 09:00:00 AM,29,12,17
07/25/2018 10:00:00 AM,15,7,8
07/25/2018 11:00:00 AM,19,9,10
07/25/2018 12:00:00 PM,16,6,10
07/25/2018 01:00:00 PM,21,7,14
07/25/2018 02:00:00 PM,19,12,7
07/25/2018 03:00:00 PM,22,19,3
07/25/2018 04:00:00 PM,47,26,21
07/25/2018 05:00:00 PM,51,36,15
07/25/2018 06:00:00 PM,55,30,25
07/25/2018 07:00:00 PM,25,13,12
07/25/2018 08:00:00 PM,26,12,14
07/25/2018 09:00:00 PM,16,9,7
07/25/2018 10:00:00 PM,16,8,8
07/25/2018 11:00:00 PM,9,0,9
07/26/2018 12:00:00 AM,3,1,2
07/26/2018 01:00:00 AM,4,3,1
07/26/2018 02:00:00 AM,2,1,1
07/26/2018 03:00:00 AM,0,0,0
07/26/2018 04:00:00 AM,3,0,3
07/26/2018 05:00:00 AM,7,0,7
07/26/2018 06:00:00 AM,27,3,24
07/26/2018 07:00:00 AM,37,7,30
07/26/2018 08:00:00 AM,44,12,32
07/26/2018 09:00:00 AM,37,18,19
07/26/2018 10:00:00 AM,15,6,9
07/26/2018 11:00:00 AM,20,12,8
07/26/2018 12:00:00 PM,27,12,15
07/26/2018 01:00:00 PM,15,9,6
07/26/2018 02:00:00 PM,25,14,11
07/26/2018 03:00:00 PM,21,13,8
07/26/2018 04:00:00 PM,34,24,10
07/26/2018 05:00:00 PM,45,24,21
07/26/2018 06:00:00 PM,41,20,21
07/26/2018 07:00:00 PM,27,14,13
07/26/2018 08:00:00 PM,26,17,9
07/26/2018 09:00:00 PM,20,12,8
07/26/2018 10:00:00 PM,12,8,4
07/26/2018 11:00:00 PM,5,1,4
07/27/2018 12:00:00 AM,3,2,1
07/27/2018 01:00:00 AM,3,1,2
07/27/2018 02:00:00 AM,3,1,2
07/27/2018 03:00:00 AM,0,0,0
07/27/2018 04:00:00 AM,1,0,1
07/27/2018 05:00:00 AM,7,3,4
07/27/2018 06:00:00 AM,19,2,17
07/27/2018 07:00:00 AM,25,3,22
07/27/2018 08:00:00 AM,40,16,24
07/27/2018 09:00:00 AM,14,7,7
07/27/2018 10:00:00 AM,15,5,10
07/27/2018 11:00:00 AM,13,5,8
07/27/2018 12:00:00 PM,19,8,11
07/27/2018 01:00:00 PM,17,7,10
07/27/2018 02:00:00 PM,18,8,10
07/27/2018 03:00:00 PM,35,21,14
07/27/2018 04:00:00 PM,32,18,14
07/27/2018 05:00:00 PM,48,32,16
07/27/2018 06:00:00 PM,33,15,18
07/27/2018 07:00:00 PM,24,10,14
07/27/2018 08:00:00 PM,14,6,8
07/27/2018 09:00:00 PM,25,16,9
07/27/2018 10:00:00 PM,15,6,9
07/27/2018 11:00:00 PM,6,1,5
07/28/2018 12:00:00 AM,12,2,10
07/28/2018 01:00:00 AM,12,6,6
07/28/2018 02:00:00 AM,16,2,14
07/28/2018 03:00:00 AM,3,1,2
07/28/2018 04:00:00 AM,1,0,1
07/28/2018 05:00:00 AM,2,0,2
07/28/2018 06:00:00 AM,10,1,9
07/28/2018 07:00:00 AM,7,3,4
07/28/2018 08:00:00 AM,10,5,5
07/28/2018 09:00:00 AM,6,5,1
07/28/2018 10:00:00 AM,13,7,6
07/28/2018 11:00:00 AM,22,12,10
07/28/2018 12:00:00 PM,18,6,12
07/28/2018 01:00:00 PM,17,12,5
07/28/2018 02:00:00 PM,18,11,7
07/28/2018 03:00:00 PM,12,5,7
07/28/2018 04:00:00 PM,11,3,8
07/28/2018 05:00:00 PM,22,14,8
07/28/2018 06:00:00 PM,19,8,11
07/28/2018 07:00:00 PM,12,3,9
07/28/2018 08:00:00 PM,13,10,3
07/28/2018 09:00:00 PM,13,5,8
07/28/2018 10:00:00 PM,9,3,6
07/28/2018 11:00:00 PM,8,5,3
07/29/2018 12:00:00 AM,4,1,3
07/29/2018 01:00:00 AM,11,3,8
07/29/2018 02:00:00 AM,13,1,12
07/29/2018 03:00:00 AM,0,0,0
07/29/2018 04:00:00 AM,1,0,1
07/29/2018 05:00:00 AM,1,0,1
07/29/2018 06:00:00 AM,8,0,8
07/29/2018 07:00:00 AM,7,5,2
07/29/2018 08:00:00 AM,6,3,3
07/29/2018 09:00:00 AM,5,3,2
07/29/2018 10:00:00 AM,11,3,8
07/29/2018 11:00:00 AM,14,10,4
07/29/2018 12:00:00 PM,30,12,18
07/29/2018 01:00:00 PM,26,8,18
07/29/2018 02:00:00 PM,14,8,6
07/29/2018 03:00:00 PM,16,7,9
07/29/2018 04:00:00 PM,15,6,9
07/29/2018 05:00:00 PM,14,10,4
07/29/2018 06:00:00 PM,12,3,9
07/29/2018 07:00:00 PM,29,13,16
07/29/2018 08:00:00 PM,10,7,3
07/29/2018 09:00:00 PM,14,6,8
07/29/2018 10:00:00 PM,10,3,7
07/29/2018 11:00:00 PM,5,0,5
07/30/2018 12:00:00 AM,5,2,3
07/30/2018 01:00:00 AM,3,3,0
07/30/2018 02:00:00 AM,1,0,1
07/30/2018 03:00:00 AM,0,0,0
07/30/2018 04:00:00 AM,2,0,2
07/30/2018 05:00:00 AM,8,2,6
07/30/2018 06:00:00 AM,15,2,13
07/30/2018 07:00:00 AM,28,6,22
07/30/2018 08:00:00 AM,40,16,24
07/30/2018 09:00:00 AM,20,6,14
07/30/2018 10:00:00 AM,14,5,9
07/30/2018 11:00:00 AM,12,5,7
07/30/2018 12:00:00 PM,14,8,6
07/30/2018 01:00:00 PM,16,6,10
07/30/2018 02:00:00 PM,27,15,12
07/30/2018 03:00:00 PM,20,15,5
07/30/2018 04:00:00 PM,38,22,16
07/30/2018 05:00:00 PM,50,33,17
07/30/2018 06:00:00 PM,40,18,22
07/30/2018 07:00:00 PM,28,16,12
07/30/2018 08:00:00 PM,22,13,9
07/30/2018 09:00:00 PM,25,11,14
07/30/2018 10:00:00 PM,8,2,6
07/30/2018 11:00:00 PM,8,4,4
07/31/2018 12:00:00 AM,1,0,1
07/31/2018 01:00:00 AM,1,0,1
07/31/2018 02:00:00 AM,1,1,0
07/31/2018 03:00:00 AM,0,0,0
07/31/2018 04:00:00 AM,1,0,1
07/31/2018 05:00:00 AM,6,1,5
07/31/2018 06:00:00 AM,17,3,14
07/31/2018 07:00:00 AM,39,9,30
07/31/2018 08:00:00 AM,48,16,32
07/31/2018 09:00:00 AM,24,8,16
07/31/2018 10:00:00 AM,18,7,11
07/31/2018 11:00:00 AM,22,11,11
07/31/2018 12:00:00 PM,22,12,10
07/31/2018 01:00:00 PM,25,13,12
07/31/2018 02:00:00 PM,22,14,8
07/31/2018 03:00:00 PM,28,14,14
07/31/2018 04:00:00 PM,41,26,15
07/31/2018 05:00:00 PM,65,34,31
07/31/2018 06:00:00 PM,46,17,29
07/31/2018 07:00:00 PM,44,23,21
07/31/2018 08:00:00 PM,19,11,8
07/31/2018 09:00:00 PM,14,6,8
07/31/2018 10:00:00 PM,10,6,4
07/31/2018 11:00:00 PM,17,10,7
08/01/2018 12:00:00 AM,2,0,2
08/01/2018 01:00:00 AM,2,1,1
08/01/2018 02:00:00 AM,0,0,0
08/01/2018 03:00:00 AM,0,0,0
08/01/2018 04:00:00 AM,0,0,0
08/01/2018 05:00:00 AM,3,0,3
08/01/2018 06:00:00 AM,15,4,11
08/01/2018 07:00:00 AM,40,12,28
08/01/2018 08:00:00 AM,44,16,28
08/01/2018 09:00:00 AM,24,6,18
08/01/2018 10:00:00 AM,23,7,16
08/01/2018 11:00:00 AM,13,3,10
08/01/2018 12:00:00 PM,20,10,10
08/01/2018 01:00:00 PM,17,11,6
08/01/2018 02:00:00 PM,23,14,9
08/01/2018 03:00:00 PM,22,13,9
08/01/2018 04:00:00 PM,36,20,16
08/01/2018 05:00:00 PM,58,28,30
08/01/2018 06:00:00 PM,43,29,14
08/01/2018 07:00:00 PM,27,9,18
08/01/2018 08:00:00 PM,27,16,11
08/01/2018 09:00:00 PM,23,6,17
08/01/2018 10:00:00 PM,10,4,6
08/01/2018 11:00:00 PM,7,4,3
08/02/2018 12:00:00 AM,4,0,4
08/02/2018 01:00:00 AM,0,0,0
08/02/2018 02:00:00 AM,1,0,1
08/02/2018 03:00:00 AM,4,3,1
08/02/2018 04:00:00 AM,2,0,2
08/02/2018 05:00:00 AM,4,1,3
08/02/2018 06:00:00 AM,24,4,20
08/02/2018 07:00:00 AM,32,13,19
08/02/2018 08:00:00 AM,51,24,27
08/02/2018 09:00:00 AM,31,11,20
08/02/2018 10:00:00 AM,11,5,6
08/02/2018 11:00:00 AM,13,2,11
08/02/2018 12:00:00 PM,16,8,8
08/02/2018 01:00:00 PM,19,7,12
08/02/2018 02:00:00 PM,16,3,13
08/02/2018 03:00:00 PM,23,18,5
08/02/2018 04:00:00 PM,26,15,11
08/02/2018 05:00:00 PM,60,32,28
08/02/2018 06:00:00 PM,53,26,27
08/02/2018 07:00:00 PM,33,14,19
08/02/2018 08:00:00 PM,22,10,12
08/02/2018 09:00:00 PM,19,13,6
08/02/2018 10:00:00 PM,17,7,10
08/02/2018 11:00:00 PM,7,2,5
08/03/2018 12:00:00 AM,24,7,17
08/03/2018 01:00:00 AM,2,1,1
08/03/2018 02:00:00 AM,2,0,2
08/03/2018 03:00:00 AM,1,1,0
08/03/2018 04:00:00 AM,0,0,0
08/03/2018 05:00:00 AM,7,1,6
08/03/2018 06:00:00 AM,12,2,10
08/03/2018 07:00:00 AM,23,8,15
08/03/2018 08:00:00 AM,30,11,19
08/03/2018 09:00:00 AM,15,5,10
08/03/2018 10:00:00 AM,10,3,7
08/03/2018 11:00:00 AM,13,6,7
08/03/2018 12:00:00 PM,22,6,16
08/03/2018 01:00:00 PM,18,9,9
08/03/2018 02:00:00 PM,23,14,9
08/03/2018 03:00:00 PM,20,14,6
08/03/2018 04:00:00 PM,16,10,6
08/03/2018 05:00:00 PM,40,22,18
08/03/2018 06:00:00 PM,18,6,12
08/03/2018 07:00:00 PM,22,12,10
08/03/2018 08:00:00 PM,19,10,9
08/03/2018 09:00:00 PM,13,8,5
08/03/2018 10:00:00 PM,13,8,5
08/03/2018 11:00:00 PM,11,8,3
08/04/2018 12:00:00 AM,22,13,9
08/04/2018 01:00:00 AM,5,2,3
08/04/2018 02:00:00 AM,4,0,4
08/04/2018 03:00:00 AM,1,1,0
08/04/2018 04:00:00 AM,0,0,0
08/04/2018 05:00:00 AM,0,0,0
08/04/2018 06:00:00 AM,8,0,8
08/04/2018 07:00:00 AM,11,2,9
08/04/2018 08:00:00 AM,8,5,3
08/04/2018 09:00:00 AM,8,5,3
08/04/2018 10:00:00 AM,19,8,11
08/04/2018 11:00:00 AM,11,6,5
08/04/2018 12:00:00 PM,22,15,7
08/04/2018 01:00:00 PM,25,12,13
08/04/2018 02:00:00 PM,20,12,8
08/04/2018 03:00:00 PM,19,8,11
08/04/2018 04:00:00 PM,18,7,11
08/04/2018 05:00:00 PM,20,11,9
08/04/2018 06:00:00 PM,15,8,7
08/04/2018 07:00:00 PM,12,6,6
08/04/2018 08:00:00 PM,19,8,11
08/04/2018 09:00:00 PM,16,8,8
08/04/2018 10:00:00 PM,15,9,6
08/04/2018 11:00:00 PM,15,7,8
08/05/2018 12:00:00 AM,11,9,2
08/05/2018 01:00:00 AM,22,5,17
08/05/2018 02:00:00 AM,11,1,10
08/05/2018 03:00:00 AM,4,2,2
08/05/2018 04:00:00 AM,1,0,1
08/05/2018 05:00:00 AM,2,1,1
08/05/2018 06:00:00 AM,7,1,6
08/05/2018 07:00:00 AM,6,2,4
08/05/2018 08:00:00 AM,1,1,0
08/05/2018 09:00:00 AM,12,7,5
08/05/2018 10:00:00 AM,7,3,4
08/05/2018 11:00:00 AM,20,5,15
08/05/2018 12:00:00 PM,16,7,9
08/05/2018 01:00:00 PM,10,4,6
08/05/2018 02:00:00 PM,15,7,8
08/05/2018 03:00:00 PM,29,15,14
08/05/2018 04:00:00 PM,20,14,6
08/05/2018 05:00:00 PM,31,21,10
08/05/2018 06:00:00 PM,25,6,19
08/05/2018 07:00:00 PM,25,9,16
08/05/2018 08:00:00 PM,17,10,7
08/05/2018 09:00:00 PM,9,4,5
08/05/2018 10:00:00 PM,5,3,2
08/05/2018 11:00:00 PM,4,3,1
08/06/2018 12:00:00 AM,3,1,2
08/06/2018 01:00:00 AM,3,1,2
08/06/2018 02:00:00 AM,1,0,1
08/06/2018 03:00:00 AM,0,0,0
08/06/2018 04:00:00 AM,3,0,3
08/06/2018 05:00:00 AM,5,0,5
08/06/2018 06:00:00 AM,24,4,20
08/06/2018 07:00:00 AM,31,13,18
08/06/2018 08:00:00 AM,38,9,29
08/06/2018 09:00:00 AM,22,9,13
08/06/2018 10:00:00 AM,15,6,9
08/06/2018 11:00:00 AM,17,11,6
08/06/2018 12:00:00 PM,15,6,9
08/06/2018 01:00:00 PM,8,3,5
08/06/2018 02:00:00 PM,18,10,8
08/06/2018 03:00:00 PM,24,11,13
08/06/2018 04:00:00 PM,37,18,19
08/06/2018 05:00:00 PM,61,41,20
08/06/2018 06:00:00 PM,44,23,21
08/06/2018 07:00:00 PM,36,22,14
08/06/2018 08:00:00 PM,27,9,18
08/06/2018 09:00:00 PM,9,5,4
08/06/2018 10:00:00 PM,7,3,4
08/06/2018 11:00:00 PM,8,5,3
08/07/2018 12:00:00 AM,3,1,2
08/07/2018 01:00:00 AM,2,2,0
08/07/2018 02:00:00 AM,0,0,0
08/07/2018 03:00:00 AM,0,0,0
08/07/2018 04:00:00 AM,2,0,2
08/07/2018 05:00:00 AM,2,0,2
08/07/2018 06:00:00 AM,28,6,22
08/07/2018 07:00:00 AM,38,7,31
08/07/2018 08:00:00 AM,47,15,32
08/07/2018 09:00:00 AM,27,10,17
08/07/2018 10:00:00 AM,17,6,11
08/07/2018 11:00:00 AM,13,4,9
08/07/2018 12:00:00 PM,18,7,11
08/07/2018 01:00:00 PM,21,9,12
08/07/2018 02:00:00 PM,23,18,5
08/07/2018 03:00:00 PM,28,16,12
08/07/2018 04:00:00 PM,45,23,22
08/07/2018 05:00:00 PM,80,51,29
08/07/2018 06:00:00 PM,47,25,22
08/07/2018 07:00:00 PM,33,14,19
08/07/2018 08:00:00 PM,27,11,16
08/07/2018 09:00:00 PM,19,11,8
08/07/2018 10:00:00 PM,17,8,9
08/07/2018 11:00:00 PM,11,7,4
08/08/2018 12:00:00 AM,5,1,4
08/08/2018 01:00:00 AM,2,0,2
08/08/2018 02:00:00 AM,0,0,0
08/08/2018 03:00:00 AM,0,0,0
08/08/2018 04:00:00 AM,0,0,0
08/08/2018 05:00:00 AM,5,0,5
08/08/2018 06:00:00 AM,21,5,16
08/08/2018 07:00:00 AM,37,10,27
08/08/2018 08:00:00 AM,45,18,27
08/08/2018 09:00:00 AM,21,11,10
08/08/2018 10:00:00 AM,8,5,3
08/08/2018 11:00:00 AM,9,2,7
08/08/2018 12:00:00 PM,22,10,12
08/08/2018 01:00:00 PM,16,6,10
08/08/2018 02:00:00 PM,22,15,7
08/08/2018 03:00:00 PM,24,16,8
08/08/2018 04:00:00 PM,35,22,13
08/08/2018 05:00:00 PM,62,34,28
08/08/2018 06:00:00 PM,44,16,28
08/08/2018 07:00:00 PM,24,15,9
08/08/2018 08:00:00 PM,17,6,11
08/08/2018 09:00:00 PM,18,6,12
08/08/2018 10:00:00 PM,6,2,4
08/08/2018 11:00:00 PM,9,6,3
08/09/2018 12:00:00 AM,5,4,1
08/09/2018 01:00:00 AM,2,2,0
08/09/2018 02:00:00 AM,4,3,1
08/09/2018 03:00:00 AM,0,0,0
08/09/2018 04:00:00 AM,2,0,2
08/09/2018 05:00:00 AM,5,0,5
08/09/2018 06:00:00 AM,13,2,11
08/09/2018 07:00:00 AM,35,7,28
08/09/2018 08:00:00 AM,32,8,24
08/09/2018 09:00:00 AM,30,15,15
08/09/2018 10:00:00 AM,23,8,15
08/09/2018 11:00:00 AM,12,4,8
08/09/2018 12:00:00 PM,14,6,8
08/09/2018 01:00:00 PM,13,6,7
08/09/2018 02:00:00 PM,24,17,7
08/09/2018 03:00:00 PM,21,12,9
08/09/2018 04:00:00 PM,35,21,14
08/09/2018 05:00:00 PM,46,29,17
08/09/2018 06:00:00 PM,35,16,19
08/09/2018 07:00:00 PM,29,12,17
08/09/2018 08:00:00 PM,22,12,10
08/09/2018 09:00:00 PM,18,10,8
08/09/2018 10:00:00 PM,6,2,4
08/09/2018 11:00:00 PM,7,2,5
08/10/2018 12:00:00 AM,9,8,1
08/10/2018 01:00:00 AM,2,1,1
08/10/2018 02:00:00 AM,4,1,3
08/10/2018 03:00:00 AM,0,0,0
08/10/2018 04:00:00 AM,1,1,0
08/10/2018 05:00:00 AM,4,0,4
08/10/2018 06:00:00 AM,22,4,18
08/10/2018 07:00:00 AM,30,10,20
08/10/2018 08:00:00 AM,39,12,27
08/10/2018 09:00:00 AM,18,8,10
08/10/2018 10:00:00 AM,13,4,9
08/10/2018 11:00:00 AM,13,4,9
08/10/2018 12:00:00 PM,13,6,7
08/10/2018 01:00:00 PM,12,5,7
08/10/2018 02:00:00 PM,26,8,18
08/10/2018 03:00:00 PM,23,12,11
08/10/2018 04:00:00 PM,28,14,14
08/10/2018 05:00:00 PM,58,35,23
08/10/2018 06:00:00 PM,41,23,18
08/10/2018 07:00:00 PM,28,21,7
08/10/2018 08:00:00 PM,14,6,8
08/10/2018 09:00:00 PM,19,10,9
08/10/2018 10:00:00 PM,20,10,10
08/10/2018 11:00:00 PM,12,7,5
08/11/2018 12:00:00 AM,9,3,6
08/11/2018 01:00:00 AM,3,1,2
08/11/2018 02:00:00 AM,4,2,2
08/11/2018 03:00:00 AM,1,0,1
08/11/2018 04:00:00 AM,1,0,1
08/11/2018 05:00:00 AM,2,0,2
08/11/2018 06:00:00 AM,7,0,7
08/11/2018 07:00:00 AM,8,5,3
08/11/2018 08:00:00 AM,5,4,1
08/11/2018 09:00:00 AM,5,1,4
08/11/2018 10:00:00 AM,10,6,4
08/11/2018 11:00:00 AM,12,3,9
08/11/2018 12:00:00 PM,17,5,12
08/11/2018 01:00:00 PM,16,6,10
08/11/2018 02:00:00 PM,16,6,10
08/11/2018 03:00:00 PM,9,2,7
08/11/2018 04:00:00 PM,17,6,11
08/11/2018 05:00:00 PM,5,2,3
08/11/2018 06:00:00 PM,15,5,10
08/11/2018 07:00:00 PM,12,5,7
08/11/2018 08:00:00 PM,13,7,6
08/11/2018 09:00:00 PM,11,5,6
08/11/2018 10:00:00 PM,3,3,0
08/11/2018 11:00:00 PM,6,3,3
08/12/2018 12:00:00 AM,7,2,5
08/12/2018 01:00:00 AM,6,2,4
08/12/2018 02:00:00 AM,15,5,10
08/12/2018 03:00:00 AM,4,4,0
08/12/2018 04:00:00 AM,1,0,1
08/12/2018 05:00:00 AM,4,0,4
08/12/2018 06:00:00 AM,4,0,4
08/12/2018 07:00:00 AM,7,2,5
08/12/2018 08:00:00 AM,6,4,2
08/12/2018 09:00:00 AM,7,3,4
08/12/2018 10:00:00 AM,12,8,4
08/12/2018 11:00:00 AM,25,10,15
08/12/2018 12:00:00 PM,15,10,5
08/12/2018 01:00:00 PM,11,5,6
08/12/2018 02:00:00 PM,21,10,11
08/12/2018 03:00:00 PM,16,8,8
08/12/2018 04:00:00 PM,23,15,8
08/12/2018 05:00:00 PM,23,7,16
08/12/2018 06:00:00 PM,17,7,10
08/12/2018 07:00:00 PM,23,18,5
08/12/2018 08:00:00 PM,11,3,8
08/12/2018 09:00:00 PM,10,9,1
08/12/2018 10:00:00 PM,4,1,3
08/12/2018 11:00:00 PM,6,1,5
08/13/2018 12:00:00 AM,2,1,1
08/13/2018 01:00:00 AM,5,4,1
08/13/2018 02:00:00 AM,5,4,1
08/13/2018 03:00:00 AM,0,0,0
08/13/2018 04:00:00 AM,3,1,2
08/13/2018 05:00:00 AM,9,2,7
08/13/2018 06:00:00 AM,13,3,10
08/13/2018 07:00:00 AM,31,11,20
08/13/2018 08:00:00 AM,36,8,28
08/13/2018 09:00:00 AM,23,11,12
08/13/2018 10:00:00 AM,14,7,7
08/13/2018 11:00:00 AM,14,5,9
08/13/2018 12:00:00 PM,22,13,9
08/13/2018 01:00:00 PM,20,6,14
08/13/2018 02:00:00 PM,27,15,12
08/13/2018 03:00:00 PM,22,13,9
08/13/2018 04:00:00 PM,29,12,17
08/13/2018 05:00:00 PM,51,29,22
08/13/2018 06:00:00 PM,53,29,24
08/13/2018 07:00:00 PM,28,18,10
08/13/2018 08:00:00 PM,21,11,10
08/13/2018 09:00:00 PM,7,3,4
08/13/2018 10:00:00 PM,9,5,4
08/13/2018 11:00:00 PM,6,2,4
08/14/2018 12:00:00 AM,4,2,2
08/14/2018 01:00:00 AM,3,0,3
08/14/2018 02:00:00 AM,1,0,1
08/14/2018 03:00:00 AM,1,1,0
08/14/2018 04:00:00 AM,1,0,1
08/14/2018 05:00:00 AM,3,0,3
08/14/2018 06:00:00 AM,17,2,15
08/14/2018 07:00:00 AM,43,16,27
08/14/2018 08:00:00 AM,41,12,29
08/14/2018 09:00:00 AM,24,7,17
08/14/2018 10:00:00 AM,13,8,5
08/14/2018 11:00:00 AM,17,10,7
08/14/2018 12:00:00 PM,18,10,8
08/14/2018 01:00:00 PM,16,7,9
08/14/2018 02:00:00 PM,11,7,4
08/14/2018 03:00:00 PM,25,14,11
08/14/2018 04:00:00 PM,42,29,13
08/14/2018 05:00:00 PM,55,32,23
08/14/2018 06:00:00 PM,49,27,22
08/14/2018 07:00:00 PM,29,14,15
08/14/2018 08:00:00 PM,13,3,10
08/14/2018 09:00:00 PM,19,7,12
08/14/2018 10:00:00 PM,13,3,10
08/14/2018 11:00:00 PM,8,1,7
08/15/2018 12:00:00 AM,3,3,0
08/15/2018 01:00:00 AM,3,0,3
08/15/2018 02:00:00 AM,2,0,2
08/15/2018 03:00:00 AM,1,1,0
08/15/2018 04:00:00 AM,1,1,0
08/15/2018 05:00:00 AM,4,1,3
08/15/2018 06:00:00 AM,10,3,7
08/15/2018 07:00:00 AM,40,13,27
08/15/2018 08:00:00 AM,32,8,24
08/15/2018 09:00:00 AM,20,5,15
08/15/2018 10:00:00 AM,11,4,7
08/15/2018 11:00:00 AM,7,3,4
08/15/2018 12:00:00 PM,15,6,9
08/15/2018 01:00:00 PM,12,10,2
08/15/2018 02:00:00 PM,20,10,10
08/15/2018 03:00:00 PM,23,13,10
08/15/2018 04:00:00 PM,36,20,16
08/15/2018 05:00:00 PM,55,38,17
08/15/2018 06:00:00 PM,28,20,8
08/15/2018 07:00:00 PM,35,20,15
08/15/2018 08:00:00 PM,27,11,16
08/15/2018 09:00:00 PM,9,6,3
08/15/2018 10:00:00 PM,11,4,7
08/15/2018 11:00:00 PM,5,1,4
08/16/2018 12:00:00 AM,2,0,2
08/16/2018 01:00:00 AM,1,0,1
08/16/2018 02:00:00 AM,0,0,0
08/16/2018 03:00:00 AM,0,0,0
08/16/2018 04:00:00 AM,3,2,1
08/16/2018 05:00:00 AM,6,2,4
08/16/2018 06:00:00 AM,23,3,20
08/16/2018 07:00:00 AM,38,9,29
08/16/2018 08:00:00 AM,32,10,22
08/16/2018 09:00:00 AM,20,7,13
08/16/2018 10:00:00 AM,13,3,10
08/16/2018 11:00:00 AM,21,11,10
08/16/2018 12:00:00 PM,23,13,10
08/16/2018 01:00:00 PM,19,7,12
08/16/2018 02:00:00 PM,22,12,10
08/16/2018 03:00:00 PM,17,8,9
08/16/2018 04:00:00 PM,30,18,12
08/16/2018 05:00:00 PM,44,26,18
08/16/2018 06:00:00 PM,32,13,19
08/16/2018 07:00:00 PM,28,8,20
08/16/2018 08:00:00 PM,27,19,8
08/16/2018 09:00:00 PM,22,12,10
08/16/2018 10:00:00 PM,10,5,5
08/16/2018 11:00:00 PM,7,3,4
08/17/2018 12:00:00 AM,2,1,1
08/17/2018 01:00:00 AM,2,2,0
08/17/2018 02:00:00 AM,7,2,5
08/17/2018 03:00:00 AM,0,0,0
08/17/2018 04:00:00 AM,1,0,1
08/17/2018 05:00:00 AM,7,2,5
08/17/2018 06:00:00 AM,19,6,13
08/17/2018 07:00:00 AM,25,5,20
08/17/2018 08:00:00 AM,35,12,23
08/17/2018 09:00:00 AM,16,6,10
08/17/2018 10:00:00 AM,11,4,7
08/17/2018 11:00:00 AM,19,12,7
08/17/2018 12:00:00 PM,11,6,5
08/17/2018 01:00:00 PM,14,9,5
08/17/2018 02:00:00 PM,20,8,12
08/17/2018 03:00:00 PM,19,11,8
08/17/2018 04:00:00 PM,41,24,17
08/17/2018 05:00:00 PM,47,28,19
08/17/2018 06:00:00 PM,29,17,12
08/17/2018 07:00:00 PM,26,8,18
08/17/2018 08:00:00 PM,16,10,6
08/17/2018 09:00:00 PM,18,8,10
08/17/2018 10:00:00 PM,20,13,7
08/17/2018 11:00:00 PM,11,7,4
08/18/2018 12:00:00 AM,13,8,5
08/18/2018 01:00:00 AM,8,6,2
08/18/2018 02:00:00 AM,0,0,0
08/18/2018 03:00:00 AM,0,0,0
08/18/2018 04:00:00 AM,4,2,2
08/18/2018 05:00:00 AM,1,0,1
08/18/2018 06:00:00 AM,6,0,6
08/18/2018 07:00:00 AM,3,2,1
08/18/2018 08:00:00 AM,6,3,3
08/18/2018 09:00:00 AM,11,7,4
08/18/2018 10:00:00 AM,14,7,7
08/18/2018 11:00:00 AM,16,6,10
08/18/2018 12:00:00 PM,19,9,10
08/18/2018 01:00:00 PM,15,10,5
08/18/2018 02:00:00 PM,12,5,7
08/18/2018 03:00:00 PM,10,5,5
08/18/2018 04:00:00 PM,26,9,17
08/18/2018 05:00:00 PM,12,5,7
08/18/2018 06:00:00 PM,18,9,9
08/18/2018 07:00:00 PM,18,13,5
08/18/2018 08:00:00 PM,18,8,10
08/18/2018 09:00:00 PM,13,6,7
08/18/2018 10:00:00 PM,6,3,3
08/18/2018 11:00:00 PM,10,2,8
08/19/2018 12:00:00 AM,8,1,7
08/19/2018 01:00:00 AM,14,2,12
08/19/2018 02:00:00 AM,20,3,17
08/19/2018 03:00:00 AM,2,1,1
08/19/2018 04:00:00 AM,2,0,2
08/19/2018 05:00:00 AM,1,0,1
08/19/2018 06:00:00 AM,6,0,6
08/19/2018 07:00:00 AM,7,5,2
08/19/2018 08:00:00 AM,5,2,3
08/19/2018 09:00:00 AM,10,5,5
08/19/2018 10:00:00 AM,7,4,3
08/19/2018 11:00:00 AM,13,4,9
08/19/2018 12:00:00 PM,16,4,12
08/19/2018 01:00:00 PM,14,6,8
08/19/2018 02:00:00 PM,30,6,24
08/19/2018 03:00:00 PM,20,12,8
08/19/2018 04:00:00 PM,24,17,7
08/19/2018 05:00:00 PM,25,9,16
08/19/2018 06:00:00 PM,13,3,10
08/19/2018 07:00:00 PM,16,8,8
08/19/2018 08:00:00 PM,11,4,7
08/19/2018 09:00:00 PM,8,5,3
08/19/2018 10:00:00 PM,3,1,2
08/19/2018 11:00:00 PM,5,1,4
08/20/2018 12:00:00 AM,2,0,2
08/20/2018 01:00:00 AM,2,0,2
08/20/2018 02:00:00 AM,1,1,0
08/20/2018 03:00:00 AM,2,1,1
08/20/2018 04:00:00 AM,2,1,1
08/20/2018 05:00:00 AM,4,0,4
08/20/2018 06:00:00 AM,13,4,9
08/20/2018 07:00:00 AM,26,8,18
08/20/2018 08:00:00 AM,39,10,29
08/20/2018 09:00:00 AM,15,7,8
08/20/2018 10:00:00 AM,4,1,3
08/20/2018 11:00:00 AM,10,4,6
08/20/2018 12:00:00 PM,10,3,7
08/20/2018 01:00:00 PM,13,6,7
08/20/2018 02:00:00 PM,16,7,9
08/20/2018 03:00:00 PM,16,13,3
08/20/2018 04:00:00 PM,30,21,9
08/20/2018 05:00:00 PM,31,22,9
08/20/2018 06:00:00 PM,38,20,18
08/20/2018 07:00:00 PM,11,6,5
08/20/2018 08:00:00 PM,13,6,7
08/20/2018 09:00:00 PM,11,3,8
08/20/2018 10:00:00 PM,4,2,2
08/20/2018 11:00:00 PM,7,2,5
08/21/2018 12:00:00 AM,6,4,2
08/21/2018 01:00:00 AM,4,3,1
08/21/2018 02:00:00 AM,2,2,0
08/21/2018 03:00:00 AM,1,1,0
08/21/2018 04:00:00 AM,1,0,1
08/21/2018 05:00:00 AM,6,0,6
08/21/2018 06:00:00 AM,16,3,13
08/21/2018 07:00:00 AM,20,5,15
08/21/2018 08:00:00 AM,28,6,22
08/21/2018 09:00:00 AM,15,7,8
08/21/2018 10:00:00 AM,8,4,4
08/21/2018 11:00:00 AM,17,8,9
08/21/2018 12:00:00 PM,11,6,5
08/21/2018 01:00:00 PM,12,2,10
08/21/2018 02:00:00 PM,17,7,10
08/21/2018 03:00:00 PM,16,10,6
08/21/2018 04:00:00 PM,43,29,14
08/21/2018 05:00:00 PM,54,34,20
08/21/2018 06:00:00 PM,42,20,22
08/21/2018 07:00:00 PM,15,9,6
08/21/2018 08:00:00 PM,8,4,4
08/21/2018 09:00:00 PM,14,6,8
08/21/2018 10:00:00 PM,12,8,4
08/21/2018 11:00:00 PM,4,2,2
08/22/2018 12:00:00 AM,3,0,3
08/22/2018 01:00:00 AM,1,1,0
08/22/2018 02:00:00 AM,2,1,1
08/22/2018 03:00:00 AM,0,0,0
08/22/2018 04:00:00 AM,0,0,0
08/22/2018 05:00:00 AM,4,1,3
08/22/2018 06:00:00 AM,26,8,18
08/22/2018 07:00:00 AM,24,4,20
08/22/2018 08:00:00 AM,28,10,18
08/22/2018 09:00:00 AM,15,6,9
08/22/2018 10:00:00 AM,6,4,2
08/22/2018 11:00:00 AM,13,3,10
08/22/2018 12:00:00 PM,14,8,6
08/22/2018 01:00:00 PM,22,15,7
08/22/2018 02:00:00 PM,17,11,6
08/22/2018 03:00:00 PM,17,10,7
08/22/2018 04:00:00 PM,24,16,8
08/22/2018 05:00:00 PM,34,20,14
08/22/2018 06:00:00 PM,32,14,18
08/22/2018 07:00:00 PM,25,18,7
08/22/2018 08:00:00 PM,14,7,7
08/22/2018 09:00:00 PM,9,3,6
08/22/2018 10:00:00 PM,11,7,4
08/22/2018 11:00:00 PM,6,3,3
08/23/2018 12:00:00 AM,2,0,2
08/23/2018 01:00:00 AM,1,0,1
08/23/2018 02:00:00 AM,2,0,2
08/23/2018 03:00:00 AM,0,0,0
08/23/2018 04:00:00 AM,1,0,1
08/23/2018 05:00:00 AM,6,0,6
08/23/2018 06:00:00 AM,18,1,17
08/23/2018 07:00:00 AM,27,4,23
08/23/2018 08:00:00 AM,24,3,21
08/23/2018 09:00:00 AM,15,7,8
08/23/2018 10:00:00 AM,21,6,15
08/23/2018 11:00:00 AM,10,3,7
08/23/2018 12:00:00 PM,11,4,7
08/23/2018 01:00:00 PM,12,3,9
08/23/2018 02:00:00 PM,13,6,7
08/23/2018 03:00:00 PM,20,15,5
08/23/2018 04:00:00 PM,30,15,15
08/23/2018 05:00:00 PM,46,30,16
08/23/2018 06:00:00 PM,31,19,12
08/23/2018 07:00:00 PM,26,18,8
08/23/2018 08:00:00 PM,19,10,9
08/23/2018 09:00:00 PM,14,9,5
08/23/2018 10:00:00 PM,8,3,5
08/23/2018 11:00:00 PM,12,9,3
08/24/2018 12:00:00 AM,7,0,7
08/24/2018 01:00:00 AM,1,1,0
08/24/2018 02:00:00 AM,2,1,1
08/24/2018 03:00:00 AM,1,1,0
08/24/2018 04:00:00 AM,3,1,2
08/24/2018 05:00:00 AM,5,1,4
08/24/2018 06:00:00 AM,16,2,14
08/24/2018 07:00:00 AM,25,5,20
08/24/2018 08:00:00 AM,24,3,21
08/24/2018 09:00:00 AM,15,5,10
08/24/2018 10:00:00 AM,18,8,10
08/24/2018 11:00:00 AM,9,4,5
08/24/2018 12:00:00 PM,20,13,7
08/24/2018 01:00:00 PM,18,8,10
08/24/2018 02:00:00 PM,21,14,7
08/24/2018 03:00:00 PM,18,9,9
08/24/2018 04:00:00 PM,32,20,12
08/24/2018 05:00:00 PM,40,23,17
08/24/2018 06:00:00 PM,32,16,16
08/24/2018 07:00:00 PM,30,14,16
08/24/2018 08:00:00 PM,23,14,9
08/24/2018 09:00:00 PM,15,6,9
08/24/2018 10:00:00 PM,8,4,4
08/24/2018 11:00:00 PM,8,6,2
08/25/2018 12:00:00 AM,5,1,4
08/25/2018 01:00:00 AM,3,2,1
08/25/2018 02:00:00 AM,3,0,3
08/25/2018 03:00:00 AM,1,1,0
08/25/2018 04:00:00 AM,0,0,0
08/25/2018 05:00:00 AM,0,0,0
08/25/2018 06:00:00 AM,11,0,11
08/25/2018 07:00:00 AM,3,3,0
08/25/2018 08:00:00 AM,9,4,5
08/25/2018 09:00:00 AM,9,1,8
08/25/2018 10:00:00 AM,17,8,9
08/25/2018 11:00:00 AM,13,10,3
08/25/2018 12:00:00 PM,11,6,5
08/25/2018 01:00:00 PM,13,8,5
08/25/2018 02:00:00 PM,17,8,9
08/25/2018 03:00:00 PM,12,6,6
08/25/2018 04:00:00 PM,21,14,7
08/25/2018 05:00:00 PM,15,9,6
08/25/2018 06:00:00 PM,11,5,6
08/25/2018 07:00:00 PM,13,4,9
08/25/2018 08:00:00 PM,9,3,6
08/25/2018 09:00:00 PM,14,7,7
08/25/2018 10:00:00 PM,6,2,4
08/25/2018 11:00:00 PM,14,6,8
08/26/2018 12:00:00 AM,11,3,8
08/26/2018 01:00:00 AM,14,5,9
08/26/2018 02:00:00 AM,21,6,15
08/26/2018 03:00:00 AM,1,1,0
08/26/2018 04:00:00 AM,1,0,1
08/26/2018 05:00:00 AM,4,0,4
08/26/2018 06:00:00 AM,7,1,6
08/26/2018 07:00:00 AM,2,1,1
08/26/2018 08:00:00 AM,4,3,1
08/26/2018 09:00:00 AM,9,5,4
08/26/2018 10:00:00 AM,15,9,6
08/26/2018 11:00:00 AM,4,1,3
08/26/2018 12:00:00 PM,6,4,2
08/26/2018 01:00:00 PM,21,15,6
08/26/2018 02:00:00 PM,18,8,10
08/26/2018 03:00:00 PM,16,8,8
08/26/2018 04:00:00 PM,21,13,8
08/26/2018 05:00:00 PM,20,5,15
08/26/2018 06:00:00 PM,17,9,8
08/26/2018 07:00:00 PM,10,6,4
08/26/2018 08:00:00 PM,5,5,0
08/26/2018 09:00:00 PM,9,4,5
08/26/2018 10:00:00 PM,6,2,4
08/26/2018 11:00:00 PM,5,4,1
08/27/2018 12:00:00 AM,1,1,0
08/27/2018 01:00:00 AM,1,0,1
08/27/2018 02:00:00 AM,2,1,1
08/27/2018 03:00:00 AM,0,0,0
08/27/2018 04:00:00 AM,5,2,3
08/27/2018 05:00:00 AM,6,2,4
08/27/2018 06:00:00 AM,10,1,9
08/27/2018 07:00:00 AM,28,8,20
08/27/2018 08:00:00 AM,31,10,21
08/27/2018 09:00:00 AM,25,10,15
08/27/2018 10:00:00 AM,15,5,10
08/27/2018 11:00:00 AM,7,4,3
08/27/2018 12:00:00 PM,9,5,4
08/27/2018 01:00:00 PM,12,5,7
08/27/2018 02:00:00 PM,22,12,10
08/27/2018 03:00:00 PM,24,8,16
08/27/2018 04:00:00 PM,34,15,19
08/27/2018 05:00:00 PM,52,31,21
08/27/2018 06:00:00 PM,39,14,25
08/27/2018 07:00:00 PM,29,18,11
08/27/2018 08:00:00 PM,15,6,9
08/27/2018 09:00:00 PM,21,12,9
08/27/2018 10:00:00 PM,1,0,1
08/27/2018 11:00:00 PM,3,0,3
08/28/2018 12:00:00 AM,2,1,1
08/28/2018 01:00:00 AM,1,1,0
08/28/2018 02:00:00 AM,2,1,1
08/28/2018 03:00:00 AM,1,0,1
08/28/2018 04:00:00 AM,1,0,1
08/28/2018 05:00:00 AM,5,1,4
08/28/2018 06:00:00 AM,15,1,14
08/28/2018 07:00:00 AM,41,9,32
08/28/2018 08:00:00 AM,40,9,31
08/28/2018 09:00:00 AM,25,9,16
08/28/2018 10:00:00 AM,15,7,8
08/28/2018 11:00:00 AM,18,7,11
08/28/2018 12:00:00 PM,12,8,4
08/28/2018 01:00:00 PM,17,5,12
08/28/2018 02:00:00 PM,15,7,8
08/28/2018 03:00:00 PM,21,13,8
08/28/2018 04:00:00 PM,32,23,9
08/28/2018 05:00:00 PM,71,37,34
08/28/2018 06:00:00 PM,51,24,27
08/28/2018 07:00:00 PM,35,19,16
08/28/2018 08:00:00 PM,27,11,16
08/28/2018 09:00:00 PM,17,6,11
08/28/2018 10:00:00 PM,8,5,3
08/28/2018 11:00:00 PM,14,4,10
08/29/2018 12:00:00 AM,3,1,2
08/29/2018 01:00:00 AM,2,1,1
08/29/2018 02:00:00 AM,1,1,0
08/29/2018 03:00:00 AM,0,0,0
08/29/2018 04:00:00 AM,1,0,1
08/29/2018 05:00:00 AM,3,0,3
08/29/2018 06:00:00 AM,17,1,16
08/29/2018 07:00:00 AM,36,10,26
08/29/2018 08:00:00 AM,37,9,28
08/29/2018 09:00:00 AM,28,11,17
08/29/2018 10:00:00 AM,12,4,8
08/29/2018 11:00:00 AM,15,7,8
08/29/2018 12:00:00 PM,19,10,9
08/29/2018 01:00:00 PM,15,7,8
08/29/2018 02:00:00 PM,18,8,10
08/29/2018 03:00:00 PM,20,13,7
08/29/2018 04:00:00 PM,33,18,15
08/29/2018 05:00:00 PM,64,33,31
08/29/2018 06:00:00 PM,35,18,17
08/29/2018 07:00:00 PM,28,19,9
08/29/2018 08:00:00 PM,27,13,14
08/29/2018 09:00:00 PM,15,8,7
08/29/2018 10:00:00 PM,11,6,5
08/29/2018 11:00:00 PM,2,1,1
08/30/2018 12:00:00 AM,7,5,2
08/30/2018 01:00:00 AM,0,0,0
08/30/2018 02:00:00 AM,0,0,0
08/30/2018 03:00:00 AM,0,0,0
08/30/2018 04:00:00 AM,1,0,1
08/30/2018 05:00:00 AM,6,2,4
08/30/2018 06:00:00 AM,17,0,17
08/30/2018 07:00:00 AM,24,10,14
08/30/2018 08:00:00 AM,47,9,38
08/30/2018 09:00:00 AM,20,7,13
08/30/2018 10:00:00 AM,19,8,11
08/30/2018 11:00:00 AM,15,8,7
08/30/2018 12:00:00 PM,20,11,9
08/30/2018 01:00:00 PM,9,7,2
08/30/2018 02:00:00 PM,17,11,6
08/30/2018 03:00:00 PM,21,9,12
08/30/2018 04:00:00 PM,26,15,11
08/30/2018 05:00:00 PM,60,28,32
08/30/2018 06:00:00 PM,46,28,18
08/30/2018 07:00:00 PM,26,17,9
08/30/2018 08:00:00 PM,17,9,8
08/30/2018 09:00:00 PM,13,6,7
08/30/2018 10:00:00 PM,14,7,7
08/30/2018 11:00:00 PM,6,3,3
08/31/2018 12:00:00 AM,9,5,4
08/31/2018 01:00:00 AM,1,1,0
08/31/2018 02:00:00 AM,2,0,2
08/31/2018 03:00:00 AM,1,0,1
08/31/2018 04:00:00 AM,0,0,0
08/31/2018 05:00:00 AM,3,0,3
08/31/2018 06:00:00 AM,17,2,15
08/31/2018 07:00:00 AM,17,3,14
08/31/2018 08:00:00 AM,27,3,24
08/31/2018 09:00:00 AM,16,8,8
08/31/2018 10:00:00 AM,16,4,12
08/31/2018 11:00:00 AM,18,12,6
08/31/2018 12:00:00 PM,18,11,7
08/31/2018 01:00:00 PM,17,9,8
08/31/2018 02:00:00 PM,9,4,5
08/31/2018 03:00:00 PM,23,9,14
08/31/2018 04:00:00 PM,27,15,12
08/31/2018 05:00:00 PM,36,25,11
08/31/2018 06:00:00 PM,37,18,19
08/31/2018 07:00:00 PM,27,15,12
08/31/2018 08:00:00 PM,15,7,8
08/31/2018 09:00:00 PM,7,1,6
08/31/2018 10:00:00 PM,9,4,5
08/31/2018 11:00:00 PM,9,5,4
09/01/2018 12:00:00 AM,18,10,8
09/01/2018 01:00:00 AM,14,5,9
09/01/2018 02:00:00 AM,3,0,3
09/01/2018 03:00:00 AM,1,1,0
09/01/2018 04:00:00 AM,0,0,0
09/01/2018 05:00:00 AM,5,1,4
09/01/2018 06:00:00 AM,5,0,5
09/01/2018 07:00:00 AM,5,4,1
09/01/2018 08:00:00 AM,7,5,2
09/01/2018 09:00:00 AM,8,5,3
09/01/2018 10:00:00 AM,14,6,8
09/01/2018 11:00:00 AM,12,5,7
09/01/2018 12:00:00 PM,13,7,6
09/01/2018 01:00:00 PM,19,8,11
09/01/2018 02:00:00 PM,15,8,7
09/01/2018 03:00:00 PM,31,19,12
09/01/2018 04:00:00 PM,15,7,8
09/01/2018 05:00:00 PM,14,8,6
09/01/2018 06:00:00 PM,22,12,10
09/01/2018 07:00:00 PM,17,7,10
09/01/2018 08:00:00 PM,14,12,2
09/01/2018 09:00:00 PM,9,4,5
09/01/2018 10:00:00 PM,12,6,6
09/01/2018 11:00:00 PM,8,1,7
09/02/2018 12:00:00 AM,10,5,5
09/02/2018 01:00:00 AM,2,0,2
09/02/2018 02:00:00 AM,5,1,4
09/02/2018 03:00:00 AM,2,1,1
09/02/2018 04:00:00 AM,1,0,1
09/02/2018 05:00:00 AM,1,0,1
09/02/2018 06:00:00 AM,7,0,7
09/02/2018 07:00:00 AM,5,3,2
09/02/2018 08:00:00 AM,7,3,4
09/02/2018 09:00:00 AM,15,8,7
09/02/2018 10:00:00 AM,8,5,3
09/02/2018 11:00:00 AM,10,4,6
09/02/2018 12:00:00 PM,15,7,8
09/02/2018 01:00:00 PM,15,9,6
09/02/2018 02:00:00 PM,16,6,10
09/02/2018 03:00:00 PM,33,18,15
09/02/2018 04:00:00 PM,25,16,9
09/02/2018 05:00:00 PM,19,10,9
09/02/2018 06:00:00 PM,18,10,8
09/02/2018 07:00:00 PM,17,10,7
09/02/2018 08:00:00 PM,23,15,8
09/02/2018 09:00:00 PM,18,13,5
09/02/2018 10:00:00 PM,9,7,2
09/02/2018 11:00:00 PM,3,1,2
09/03/2018 12:00:00 AM,8,4,4
09/03/2018 01:00:00 AM,5,0,5
09/03/2018 02:00:00 AM,5,1,4
09/03/2018 03:00:00 AM,1,0,1
09/03/2018 04:00:00 AM,1,1,0
09/03/2018 05:00:00 AM,5,0,5
09/03/2018 06:00:00 AM,4,3,1
09/03/2018 07:00:00 AM,9,4,5
09/03/2018 08:00:00 AM,11,7,4
09/03/2018 09:00:00 AM,5,4,1
09/03/2018 10:00:00 AM,13,8,5
09/03/2018 11:00:00 AM,14,8,6
09/03/2018 12:00:00 PM,7,4,3
09/03/2018 01:00:00 PM,12,8,4
09/03/2018 02:00:00 PM,17,9,8
09/03/2018 03:00:00 PM,19,9,10
09/03/2018 04:00:00 PM,21,10,11
09/03/2018 05:00:00 PM,18,9,9
09/03/2018 06:00:00 PM,26,9,17
09/03/2018 07:00:00 PM,9,7,2
09/03/2018 08:00:00 PM,10,5,5
09/03/2018 09:00:00 PM,6,2,4
09/03/2018 10:00:00 PM,5,3,2
09/03/2018 11:00:00 PM,6,2,4
09/04/2018 12:00:00 AM,2,1,1
09/04/2018 01:00:00 AM,3,1,2
09/04/2018 02:00:00 AM,0,0,0
09/04/2018 03:00:00 AM,0,0,0
09/04/2018 04:00:00 AM,1,0,1
09/04/2018 05:00:00 AM,7,1,6
09/04/2018 06:00:00 AM,14,2,12
09/04/2018 07:00:00 AM,29,10,19
09/04/2018 08:00:00 AM,43,10,33
09/04/2018 09:00:00 AM,20,9,11
09/04/2018 10:00:00 AM,18,10,8
09/04/2018 11:00:00 AM,13,5,8
09/04/2018 12:00:00 PM,23,12,11
09/04/2018 01:00:00 PM,25,13,12
09/04/2018 02:00:00 PM,11,4,7
09/04/2018 03:00:00 PM,22,14,8
09/04/2018 04:00:00 PM,32,21,11
09/04/2018 05:00:00 PM,68,39,29
09/04/2018 06:00:00 PM,44,21,23
09/04/2018 07:00:00 PM,31,18,13
09/04/2018 08:00:00 PM,7,3,4
09/04/2018 09:00:00 PM,18,8,10
09/04/2018 10:00:00 PM,10,4,6
09/04/2018 11:00:00 PM,9,3,6
09/05/2018 12:00:00 AM,3,1,2
09/05/2018 01:00:00 AM,1,1,0
09/05/2018 02:00:00 AM,0,0,0
09/05/2018 03:00:00 AM,1,0,1
09/05/2018 04:00:00 AM,0,0,0
09/05/2018 05:00:00 AM,8,1,7
09/05/2018 06:00:00 AM,17,2,15
09/05/2018 07:00:00 AM,42,6,36
09/05/2018 08:00:00 AM,47,11,36
09/05/2018 09:00:00 AM,14,4,10
09/05/2018 10:00:00 AM,24,15,9
09/05/2018 11:00:00 AM,17,8,9
09/05/2018 12:00:00 PM,11,5,6
09/05/2018 01:00:00 PM,10,3,7
09/05/2018 02:00:00 PM,23,12,11
09/05/2018 03:00:00 PM,20,11,9
09/05/2018 04:00:00 PM,38,27,11
09/05/2018 05:00:00 PM,58,38,20
09/05/2018 06:00:00 PM,40,25,15
09/05/2018 07:00:00 PM,31,18,13
09/05/2018 08:00:00 PM,34,19,15
09/05/2018 09:00:00 PM,23,8,15
09/05/2018 10:00:00 PM,5,2,3
09/05/2018 11:00:00 PM,6,4,2
09/06/2018 12:00:00 AM,3,0,3
09/06/2018 01:00:00 AM,0,0,0
09/06/2018 02:00:00 AM,0,0,0
09/06/2018 03:00:00 AM,1,0,1
09/06/2018 04:00:00 AM,1,0,1
09/06/2018 05:00:00 AM,10,2,8
09/06/2018 06:00:00 AM,13,2,11
09/06/2018 07:00:00 AM,28,5,23
09/06/2018 08:00:00 AM,38,8,30
09/06/2018 09:00:00 AM,16,7,9
09/06/2018 10:00:00 AM,12,4,8
09/06/2018 11:00:00 AM,10,3,7
09/06/2018 12:00:00 PM,21,11,10
09/06/2018 01:00:00 PM,6,3,3
09/06/2018 02:00:00 PM,11,8,3
09/06/2018 03:00:00 PM,25,13,12
09/06/2018 04:00:00 PM,38,22,16
09/06/2018 05:00:00 PM,47,29,18
09/06/2018 06:00:00 PM,31,11,20
09/06/2018 07:00:00 PM,28,12,16
09/06/2018 08:00:00 PM,15,8,7
09/06/2018 09:00:00 PM,15,9,6
09/06/2018 10:00:00 PM,13,6,7
09/06/2018 11:00:00 PM,6,4,2
09/07/2018 12:00:00 AM,2,1,1
09/07/2018 01:00:00 AM,1,1,0
09/07/2018 02:00:00 AM,2,1,1
09/07/2018 03:00:00 AM,0,0,0
09/07/2018 04:00:00 AM,3,0,3
09/07/2018 05:00:00 AM,5,1,4
09/07/2018 06:00:00 AM,20,2,18
09/07/2018 07:00:00 AM,19,2,17
09/07/2018 08:00:00 AM,32,8,24
09/07/2018 09:00:00 AM,22,9,13
09/07/2018 10:00:00 AM,9,5,4
09/07/2018 11:00:00 AM,15,8,7
09/07/2018 12:00:00 PM,8,4,4
09/07/2018 01:00:00 PM,16,6,10
09/07/2018 02:00:00 PM,21,10,11
09/07/2018 03:00:00 PM,32,18,14
09/07/2018 04:00:00 PM,32,15,17
09/07/2018 05:00:00 PM,51,27,24
09/07/2018 06:00:00 PM,31,11,20
09/07/2018 07:00:00 PM,25,13,12
09/07/2018 08:00:00 PM,8,6,2
09/07/2018 09:00:00 PM,13,7,6
09/07/2018 10:00:00 PM,7,4,3
09/07/2018 11:00:00 PM,7,6,1
09/08/2018 12:00:00 AM,15,9,6
09/08/2018 01:00:00 AM,5,2,3
09/08/2018 02:00:00 AM,4,0,4
09/08/2018 03:00:00 AM,2,0,2
09/08/2018 04:00:00 AM,0,0,0
09/08/2018 05:00:00 AM,2,0,2
09/08/2018 06:00:00 AM,10,2,8
09/08/2018 07:00:00 AM,7,1,6
09/08/2018 08:00:00 AM,4,1,3
09/08/2018 09:00:00 AM,5,2,3
09/08/2018 10:00:00 AM,5,2,3
09/08/2018 11:00:00 AM,13,2,11
09/08/2018 12:00:00 PM,12,7,5
09/08/2018 01:00:00 PM,13,9,4
09/08/2018 02:00:00 PM,15,9,6
09/08/2018 03:00:00 PM,19,12,7
09/08/2018 04:00:00 PM,8,7,1
09/08/2018 05:00:00 PM,33,19,14
09/08/2018 06:00:00 PM,12,6,6
09/08/2018 07:00:00 PM,7,3,4
09/08/2018 08:00:00 PM,17,10,7
09/08/2018 09:00:00 PM,13,9,4
09/08/2018 10:00:00 PM,12,7,5
09/08/2018 11:00:00 PM,13,7,6
09/09/2018 12:00:00 AM,13,6,7
09/09/2018 01:00:00 AM,9,2,7
09/09/2018 02:00:00 AM,7,3,4
09/09/2018 03:00:00 AM,1,0,1
09/09/2018 04:00:00 AM,1,0,1
09/09/2018 05:00:00 AM,4,1,3
09/09/2018 06:00:00 AM,8,1,7
09/09/2018 07:00:00 AM,7,4,3
09/09/2018 08:00:00 AM,1,1,0
09/09/2018 09:00:00 AM,4,1,3
09/09/2018 10:00:00 AM,11,8,3
09/09/2018 11:00:00 AM,22,14,8
09/09/2018 12:00:00 PM,15,8,7
09/09/2018 01:00:00 PM,15,8,7
09/09/2018 02:00:00 PM,14,9,5
09/09/2018 03:00:00 PM,19,7,12
09/09/2018 04:00:00 PM,22,13,9
09/09/2018 05:00:00 PM,18,9,9
09/09/2018 06:00:00 PM,15,4,11
09/09/2018 07:00:00 PM,17,12,5
09/09/2018 08:00:00 PM,8,3,5
09/09/2018 09:00:00 PM,5,3,2
09/09/2018 10:00:00 PM,3,1,2
09/09/2018 11:00:00 PM,2,0,2
09/10/2018 12:00:00 AM,4,1,3
09/10/2018 01:00:00 AM,0,0,0
09/10/2018 02:00:00 AM,0,0,0
09/10/2018 03:00:00 AM,0,0,0
09/10/2018 04:00:00 AM,4,0,4
09/10/2018 05:00:00 AM,4,1,3
09/10/2018 06:00:00 AM,12,4,8
09/10/2018 07:00:00 AM,32,5,27
09/10/2018 08:00:00 AM,34,7,27
09/10/2018 09:00:00 AM,25,11,14
09/10/2018 10:00:00 AM,10,9,1
09/10/2018 11:00:00 AM,6,2,4
09/10/2018 12:00:00 PM,13,2,11
09/10/2018 01:00:00 PM,12,6,6
09/10/2018 02:00:00 PM,14,10,4
09/10/2018 03:00:00 PM,20,12,8
09/10/2018 04:00:00 PM,25,15,10
09/10/2018 05:00:00 PM,44,22,22
09/10/2018 06:00:00 PM,32,16,16
09/10/2018 07:00:00 PM,22,11,11
09/10/2018 08:00:00 PM,12,8,4
09/10/2018 09:00:00 PM,17,7,10
09/10/2018 10:00:00 PM,9,2,7
09/10/2018 11:00:00 PM,5,3,2
09/11/2018 12:00:00 AM,7,3,4
09/11/2018 01:00:00 AM,2,0,2
09/11/2018 02:00:00 AM,1,1,0
09/11/2018 03:00:00 AM,1,1,0
09/11/2018 04:00:00 AM,2,0,2
09/11/2018 05:00:00 AM,4,0,4
09/11/2018 06:00:00 AM,17,3,14
09/11/2018 07:00:00 AM,24,6,18
09/11/2018 08:00:00 AM,36,11,25
09/11/2018 09:00:00 AM,24,6,18
09/11/2018 10:00:00 AM,11,4,7
09/11/2018 11:00:00 AM,14,8,6
09/11/2018 12:00:00 PM,16,6,10
09/11/2018 01:00:00 PM,17,9,8
09/11/2018 02:00:00 PM,23,13,10
09/11/2018 03:00:00 PM,22,12,10
09/11/2018 04:00:00 PM,31,18,13
09/11/2018 05:00:00 PM,56,37,19
09/11/2018 06:00:00 PM,43,17,26
09/11/2018 07:00:00 PM,26,9,17
09/11/2018 08:00:00 PM,18,10,8
09/11/2018 09:00:00 PM,14,7,7
09/11/2018 10:00:00 PM,8,2,6
09/11/2018 11:00:00 PM,13,7,6
09/12/2018 12:00:00 AM,1,0,1
09/12/2018 01:00:00 AM,2,0,2
09/12/2018 02:00:00 AM,1,0,1
09/12/2018 03:00:00 AM,0,0,0
09/12/2018 04:00:00 AM,1,0,1
09/12/2018 05:00:00 AM,5,0,5
09/12/2018 06:00:00 AM,18,3,15
09/12/2018 07:00:00 AM,26,6,20
09/12/2018 08:00:00 AM,32,9,23
09/12/2018 09:00:00 AM,19,6,13
09/12/2018 10:00:00 AM,15,11,4
09/12/2018 11:00:00 AM,7,3,4
09/12/2018 12:00:00 PM,8,6,2
09/12/2018 01:00:00 PM,15,7,8
09/12/2018 02:00:00 PM,23,13,10
09/12/2018 03:00:00 PM,15,8,7
09/12/2018 04:00:00 PM,22,16,6
09/12/2018 05:00:00 PM,47,34,13
09/12/2018 06:00:00 PM,40,23,17
09/12/2018 07:00:00 PM,35,20,15
09/12/2018 08:00:00 PM,10,7,3
09/12/2018 09:00:00 PM,17,8,9
09/12/2018 10:00:00 PM,10,4,6
09/12/2018 11:00:00 PM,5,2,3
09/13/2018 12:00:00 AM,1,0,1
09/13/2018 01:00:00 AM,2,1,1
09/13/2018 02:00:00 AM,1,0,1
09/13/2018 03:00:00 AM,1,1,0
09/13/2018 04:00:00 AM,2,0,2
09/13/2018 05:00:00 AM,6,1,5
09/13/2018 06:00:00 AM,15,4,11
09/13/2018 07:00:00 AM,28,10,18
09/13/2018 08:00:00 AM,41,14,27
09/13/2018 09:00:00 AM,22,9,13
09/13/2018 10:00:00 AM,11,4,7
09/13/2018 11:00:00 AM,17,9,8
09/13/2018 12:00:00 PM,15,8,7
09/13/2018 01:00:00 PM,13,8,5
09/13/2018 02:00:00 PM,26,12,14
09/13/2018 03:00:00 PM,22,11,11
09/13/2018 04:00:00 PM,32,21,11
09/13/2018 05:00:00 PM,49,30,19
09/13/2018 06:00:00 PM,37,19,18
09/13/2018 07:00:00 PM,35,14,21
09/13/2018 08:00:00 PM,15,9,6
09/13/2018 09:00:00 PM,9,3,6
09/13/2018 10:00:00 PM,15,10,5
09/13/2018 11:00:00 PM,6,3,3
09/14/2018 12:00:00 AM,2,1,1
09/14/2018 01:00:00 AM,6,3,3
09/14/2018 02:00:00 AM,1,0,1
09/14/2018 03:00:00 AM,1,0,1
09/14/2018 04:00:00 AM,2,0,2
09/14/2018 05:00:00 AM,4,1,3
09/14/2018 06:00:00 AM,20,4,16
09/14/2018 07:00:00 AM,19,5,14
09/14/2018 08:00:00 AM,21,3,18
09/14/2018 09:00:00 AM,8,5,3
09/14/2018 10:00:00 AM,5,2,3
09/14/2018 11:00:00 AM,15,8,7
09/14/2018 12:00:00 PM,12,6,6
09/14/2018 01:00:00 PM,7,3,4
09/14/2018 02:00:00 PM,7,2,5
09/14/2018 03:00:00 PM,26,12,14
09/14/2018 04:00:00 PM,26,17,9
09/14/2018 05:00:00 PM,39,21,18
09/14/2018 06:00:00 PM,33,15,18
09/14/2018 07:00:00 PM,24,15,9
09/14/2018 08:00:00 PM,18,11,7
09/14/2018 09:00:00 PM,10,2,8
09/14/2018 10:00:00 PM,4,4,0
09/14/2018 11:00:00 PM,15,7,8
09/15/2018 12:00:00 AM,4,1,3
09/15/2018 01:00:00 AM,6,1,5
09/15/2018 02:00:00 AM,11,5,6
09/15/2018 03:00:00 AM,2,0,2
09/15/2018 04:00:00 AM,6,3,3
09/15/2018 05:00:00 AM,1,1,0
09/15/2018 06:00:00 AM,3,0,3
09/15/2018 07:00:00 AM,7,6,1
09/15/2018 08:00:00 AM,8,2,6
09/15/2018 09:00:00 AM,6,4,2
09/15/2018 10:00:00 AM,9,3,6
09/15/2018 11:00:00 AM,17,7,10
09/15/2018 12:00:00 PM,8,5,3
09/15/2018 01:00:00 PM,14,9,5
09/15/2018 02:00:00 PM,7,3,4
09/15/2018 03:00:00 PM,12,8,4
09/15/2018 04:00:00 PM,8,5,3
09/15/2018 05:00:00 PM,14,5,9
09/15/2018 06:00:00 PM,13,7,6
09/15/2018 07:00:00 PM,15,7,8
09/15/2018 08:00:00 PM,9,8,1
09/15/2018 09:00:00 PM,5,3,2
09/15/2018 10:00:00 PM,8,3,5
09/15/2018 11:00:00 PM,6,3,3
09/16/2018 12:00:00 AM,7,3,4
09/16/2018 01:00:00 AM,12,4,8
09/16/2018 02:00:00 AM,5,1,4
09/16/2018 03:00:00 AM,1,0,1
09/16/2018 04:00:00 AM,1,0,1
09/16/2018 05:00:00 AM,1,0,1
09/16/2018 06:00:00 AM,5,1,4
09/16/2018 07:00:00 AM,3,2,1
09/16/2018 08:00:00 AM,8,3,5
09/16/2018 09:00:00 AM,7,3,4
09/16/2018 10:00:00 AM,11,6,5
09/16/2018 11:00:00 AM,6,4,2
09/16/2018 12:00:00 PM,16,11,5
09/16/2018 01:00:00 PM,16,9,7
09/16/2018 02:00:00 PM,22,9,13
09/16/2018 03:00:00 PM,14,4,10
09/16/2018 04:00:00 PM,19,9,10
09/16/2018 05:00:00 PM,24,10,14
09/16/2018 06:00:00 PM,25,12,13
09/16/2018 07:00:00 PM,18,9,9
09/16/2018 08:00:00 PM,15,9,6
09/16/2018 09:00:00 PM,16,4,12
09/16/2018 10:00:00 PM,5,1,4
09/16/2018 11:00:00 PM,9,4,5
09/17/2018 12:00:00 AM,2,1,1
09/17/2018 01:00:00 AM,0,0,0
09/17/2018 02:00:00 AM,0,0,0
09/17/2018 03:00:00 AM,1,1,0
09/17/2018 04:00:00 AM,3,0,3
09/17/2018 05:00:00 AM,4,1,3
09/17/2018 06:00:00 AM,18,3,15
09/17/2018 07:00:00 AM,34,8,26
09/17/2018 08:00:00 AM,38,12,26
09/17/2018 09:00:00 AM,31,18,13
09/17/2018 10:00:00 AM,15,7,8
09/17/2018 11:00:00 AM,7,5,2
09/17/2018 12:00:00 PM,22,8,14
09/17/2018 01:00:00 PM,18,7,11
09/17/2018 02:00:00 PM,18,8,10
09/17/2018 03:00:00 PM,18,10,8
09/17/2018 04:00:00 PM,35,19,16
09/17/2018 05:00:00 PM,56,37,19
09/17/2018 06:00:00 PM,46,25,21
09/17/2018 07:00:00 PM,27,13,14
09/17/2018 08:00:00 PM,19,11,8
09/17/2018 09:00:00 PM,10,3,7
09/17/2018 10:00:00 PM,9,5,4
09/17/2018 11:00:00 PM,6,3,3
09/18/2018 12:00:00 AM,1,0,1
09/18/2018 01:00:00 AM,2,1,1
09/18/2018 02:00:00 AM,0,0,0
09/18/2018 03:00:00 AM,1,0,1
09/18/2018 04:00:00 AM,1,0,1
09/18/2018 05:00:00 AM,7,2,5
09/18/2018 06:00:00 AM,19,4,15
09/18/2018 07:00:00 AM,36,8,28
09/18/2018 08:00:00 AM,43,10,33
09/18/2018 09:00:00 AM,26,10,16
09/18/2018 10:00:00 AM,21,5,16
09/18/2018 11:00:00 AM,11,5,6
09/18/2018 12:00:00 PM,11,6,5
09/18/2018 01:00:00 PM,18,10,8
09/18/2018 02:00:00 PM,23,13,10
09/18/2018 03:00:00 PM,31,20,11
09/18/2018 04:00:00 PM,34,21,13
09/18/2018 05:00:00 PM,50,31,19
09/18/2018 06:00:00 PM,67,30,37
09/18/2018 07:00:00 PM,37,26,11
09/18/2018 08:00:00 PM,17,9,8
09/18/2018 09:00:00 PM,21,11,10
09/18/2018 10:00:00 PM,5,2,3
09/18/2018 11:00:00 PM,13,5,8
09/19/2018 12:00:00 AM,5,2,3
09/19/2018 01:00:00 AM,2,2,0
09/19/2018 02:00:00 AM,3,3,0
09/19/2018 03:00:00 AM,0,0,0
09/19/2018 04:00:00 AM,1,0,1
09/19/2018 05:00:00 AM,1,1,0
09/19/2018 06:00:00 AM,18,3,15
09/19/2018 07:00:00 AM,31,4,27
09/19/2018 08:00:00 AM,47,12,35
09/19/2018 09:00:00 AM,21,8,13
09/19/2018 10:00:00 AM,17,5,12
09/19/2018 11:00:00 AM,19,11,8
09/19/2018 12:00:00 PM,19,13,6
09/19/2018 01:00:00 PM,22,10,12
09/19/2018 02:00:00 PM,22,12,10
09/19/2018 03:00:00 PM,20,10,10
09/19/2018 04:00:00 PM,25,14,11
09/19/2018 05:00:00 PM,43,24,19
09/19/2018 06:00:00 PM,42,21,21
09/19/2018 07:00:00 PM,21,12,9
09/19/2018 08:00:00 PM,26,14,12
09/19/2018 09:00:00 PM,20,9,11
09/19/2018 10:00:00 PM,9,2,7
09/19/2018 11:00:00 PM,6,5,1
09/20/2018 12:00:00 AM,2,1,1
09/20/2018 01:00:00 AM,0,0,0
09/20/2018 02:00:00 AM,9,3,6
09/20/2018 03:00:00 AM,1,1,0
09/20/2018 04:00:00 AM,3,1,2
09/20/2018 05:00:00 AM,7,2,5
09/20/2018 06:00:00 AM,22,4,18
09/20/2018 07:00:00 AM,20,4,16
09/20/2018 08:00:00 AM,42,12,30
09/20/2018 09:00:00 AM,20,9,11
09/20/2018 10:00:00 AM,20,8,12
09/20/2018 11:00:00 AM,9,2,7
09/20/2018 12:00:00 PM,13,5,8
09/20/2018 01:00:00 PM,18,8,10
09/20/2018 02:00:00 PM,19,7,12
09/20/2018 03:00:00 PM,19,9,10
09/20/2018 04:00:00 PM,24,15,9
09/20/2018 05:00:00 PM,61,39,22
09/20/2018 06:00:00 PM,36,22,14
09/20/2018 07:00:00 PM,43,23,20
09/20/2018 08:00:00 PM,14,6,8
09/20/2018 09:00:00 PM,10,9,1
09/20/2018 10:00:00 PM,8,1,7
09/20/2018 11:00:00 PM,15,5,10
09/21/2018 12:00:00 AM,2,1,1
09/21/2018 01:00:00 AM,8,4,4
09/21/2018 02:00:00 AM,5,2,3
09/21/2018 03:00:00 AM,2,1,1
09/21/2018 04:00:00 AM,5,2,3
09/21/2018 05:00:00 AM,5,3,2
09/21/2018 06:00:00 AM,13,2,11
09/21/2018 07:00:00 AM,18,2,16
09/21/2018 08:00:00 AM,33,14,19
09/21/2018 09:00:00 AM,26,9,17
09/21/2018 10:00:00 AM,12,8,4
09/21/2018 11:00:00 AM,11,3,8
09/21/2018 12:00:00 PM,24,13,11
09/21/2018 01:00:00 PM,12,6,6
09/21/2018 02:00:00 PM,19,9,10
09/21/2018 03:00:00 PM,28,18,10
09/21/2018 04:00:00 PM,21,13,8
09/21/2018 05:00:00 PM,54,34,20
09/21/2018 06:00:00 PM,34,12,22
09/21/2018 07:00:00 PM,26,19,7
09/21/2018 08:00:00 PM,22,8,14
09/21/2018 09:00:00 PM,8,4,4
09/21/2018 10:00:00 PM,6,3,3
09/21/2018 11:00:00 PM,5,4,1
09/22/2018 12:00:00 AM,2,0,2
09/22/2018 01:00:00 AM,4,2,2
09/22/2018 02:00:00 AM,4,0,4
09/22/2018 03:00:00 AM,2,0,2
09/22/2018 04:00:00 AM,2,0,2
09/22/2018 05:00:00 AM,2,1,1
09/22/2018 06:00:00 AM,8,0,8
09/22/2018 07:00:00 AM,8,5,3
09/22/2018 08:00:00 AM,5,5,0
09/22/2018 09:00:00 AM,7,4,3
09/22/2018 10:00:00 AM,9,4,5
09/22/2018 11:00:00 AM,10,4,6
09/22/2018 12:00:00 PM,8,2,6
09/22/2018 01:00:00 PM,14,5,9
09/22/2018 02:00:00 PM,17,7,10
09/22/2018 03:00:00 PM,14,7,7
09/22/2018 04:00:00 PM,14,6,8
09/22/2018 05:00:00 PM,17,9,8
09/22/2018 06:00:00 PM,20,9,11
09/22/2018 07:00:00 PM,12,9,3
09/22/2018 08:00:00 PM,11,4,7
09/22/2018 09:00:00 PM,11,4,7
09/22/2018 10:00:00 PM,10,2,8
09/22/2018 11:00:00 PM,6,2,4
09/23/2018 12:00:00 AM,1,1,0
09/23/2018 01:00:00 AM,3,2,1
09/23/2018 02:00:00 AM,21,7,14
09/23/2018 03:00:00 AM,2,1,1
09/23/2018 04:00:00 AM,2,0,2
09/23/2018 05:00:00 AM,3,0,3
09/23/2018 06:00:00 AM,7,1,6
09/23/2018 07:00:00 AM,6,4,2
09/23/2018 08:00:00 AM,3,2,1
09/23/2018 09:00:00 AM,8,2,6
09/23/2018 10:00:00 AM,7,4,3
09/23/2018 11:00:00 AM,11,6,5
09/23/2018 12:00:00 PM,26,13,13
09/23/2018 01:00:00 PM,19,13,6
09/23/2018 02:00:00 PM,28,14,14
09/23/2018 03:00:00 PM,19,8,11
09/23/2018 04:00:00 PM,23,9,14
09/23/2018 05:00:00 PM,14,6,8
09/23/2018 06:00:00 PM,21,7,14
09/23/2018 07:00:00 PM,15,4,11
09/23/2018 08:00:00 PM,12,7,5
09/23/2018 09:00:00 PM,16,3,13
09/23/2018 10:00:00 PM,6,1,5
09/23/2018 11:00:00 PM,8,5,3
09/24/2018 12:00:00 AM,1,1,0
09/24/2018 01:00:00 AM,3,1,2
09/24/2018 02:00:00 AM,0,0,0
09/24/2018 03:00:00 AM,2,1,1
09/24/2018 04:00:00 AM,3,0,3
09/24/2018 05:00:00 AM,2,0,2
09/24/2018 06:00:00 AM,16,5,11
09/24/2018 07:00:00 AM,35,7,28
09/24/2018 08:00:00 AM,44,15,29
09/24/2018 09:00:00 AM,20,7,13
09/24/2018 10:00:00 AM,13,8,5
09/24/2018 11:00:00 AM,24,13,11
09/24/2018 12:00:00 PM,20,11,9
09/24/2018 01:00:00 PM,18,8,10
09/24/2018 02:00:00 PM,28,13,15
09/24/2018 03:00:00 PM,20,9,11
09/24/2018 04:00:00 PM,41,27,14
09/24/2018 05:00:00 PM,49,27,22
09/24/2018 06:00:00 PM,51,27,24
09/24/2018 07:00:00 PM,29,12,17
09/24/2018 08:00:00 PM,10,6,4
09/24/2018 09:00:00 PM,18,6,12
09/24/2018 10:00:00 PM,11,5,6
09/24/2018 11:00:00 PM,5,3,2
09/25/2018 12:00:00 AM,3,1,2
09/25/2018 01:00:00 AM,1,0,1
09/25/2018 02:00:00 AM,0,0,0
09/25/2018 03:00:00 AM,1,0,1
09/25/2018 04:00:00 AM,3,0,3
09/25/2018 05:00:00 AM,3,0,3
09/25/2018 06:00:00 AM,22,4,18
09/25/2018 07:00:00 AM,32,6,26
09/25/2018 08:00:00 AM,37,10,27
09/25/2018 09:00:00 AM,21,11,10
09/25/2018 10:00:00 AM,24,12,12
09/25/2018 11:00:00 AM,18,7,11
09/25/2018 12:00:00 PM,21,15,6
09/25/2018 01:00:00 PM,17,3,14
09/25/2018 02:00:00 PM,23,11,12
09/25/2018 03:00:00 PM,25,16,9
09/25/2018 04:00:00 PM,33,20,13
09/25/2018 05:00:00 PM,62,39,23
09/25/2018 06:00:00 PM,55,33,22
09/25/2018 07:00:00 PM,29,15,14
09/25/2018 08:00:00 PM,15,6,9
09/25/2018 09:00:00 PM,11,4,7
09/25/2018 10:00:00 PM,11,3,8
09/25/2018 11:00:00 PM,8,5,3
09/26/2018 12:00:00 AM,5,0,5
09/26/2018 01:00:00 AM,0,0,0
09/26/2018 02:00:00 AM,0,0,0
09/26/2018 03:00:00 AM,0,0,0
09/26/2018 04:00:00 AM,1,0,1
09/26/2018 05:00:00 AM,5,0,5
09/26/2018 06:00:00 AM,16,4,12
09/26/2018 07:00:00 AM,42,4,38
09/26/2018 08:00:00 AM,38,11,27
09/26/2018 09:00:00 AM,26,9,17
09/26/2018 10:00:00 AM,17,8,9
09/26/2018 11:00:00 AM,14,5,9
09/26/2018 12:00:00 PM,23,13,10
09/26/2018 01:00:00 PM,11,3,8
09/26/2018 02:00:00 PM,29,11,18
09/26/2018 03:00:00 PM,19,10,9
09/26/2018 04:00:00 PM,45,29,16
09/26/2018 05:00:00 PM,60,34,26
09/26/2018 06:00:00 PM,57,26,31
09/26/2018 07:00:00 PM,36,20,16
09/26/2018 08:00:00 PM,22,9,13
09/26/2018 09:00:00 PM,18,9,9
09/26/2018 10:00:00 PM,6,5,1
09/26/2018 11:00:00 PM,9,4,5
09/27/2018 12:00:00 AM,6,3,3
09/27/2018 01:00:00 AM,3,1,2
09/27/2018 02:00:00 AM,0,0,0
09/27/2018 03:00:00 AM,0,0,0
09/27/2018 04:00:00 AM,4,0,4
09/27/2018 05:00:00 AM,5,1,4
09/27/2018 06:00:00 AM,16,2,14
09/27/2018 07:00:00 AM,39,11,28
09/27/2018 08:00:00 AM,34,9,25
09/27/2018 09:00:00 AM,28,13,15
09/27/2018 10:00:00 AM,22,4,18
09/27/2018 11:00:00 AM,15,12,3
09/27/2018 12:00:00 PM,22,10,12
09/27/2018 01:00:00 PM,26,17,9
09/27/2018 02:00:00 PM,28,15,13
09/27/2018 03:00:00 PM,26,16,10
09/27/2018 04:00:00 PM,41,24,17
09/27/2018 05:00:00 PM,49,33,16
09/27/2018 06:00:00 PM,49,28,21
09/27/2018 07:00:00 PM,29,11,18
09/27/2018 08:00:00 PM,23,12,11
09/27/2018 09:00:00 PM,9,2,7
09/27/2018 10:00:00 PM,8,6,2
09/27/2018 11:00:00 PM,13,6,7
09/28/2018 12:00:00 AM,6,3,3
09/28/2018 01:00:00 AM,1,0,1
09/28/2018 02:00:00 AM,3,1,2
09/28/2018 03:00:00 AM,0,0,0
09/28/2018 04:00:00 AM,3,1,2
09/28/2018 05:00:00 AM,8,2,6
09/28/2018 06:00:00 AM,21,4,17
09/28/2018 07:00:00 AM,33,5,28
09/28/2018 08:00:00 AM,44,12,32
09/28/2018 09:00:00 AM,25,11,14
09/28/2018 10:00:00 AM,24,11,13
09/28/2018 11:00:00 AM,14,6,8
09/28/2018 12:00:00 PM,21,16,5
09/28/2018 01:00:00 PM,19,8,11
09/28/2018 02:00:00 PM,21,3,18
09/28/2018 03:00:00 PM,25,14,11
09/28/2018 04:00:00 PM,41,26,15
09/28/2018 05:00:00 PM,52,33,19
09/28/2018 06:00:00 PM,34,19,15
09/28/2018 07:00:00 PM,27,17,10
09/28/2018 08:00:00 PM,25,12,13
09/28/2018 09:00:00 PM,19,13,6
09/28/2018 10:00:00 PM,8,3,5
09/28/2018 11:00:00 PM,6,4,2
09/29/2018 12:00:00 AM,7,4,3
09/29/2018 01:00:00 AM,7,6,1
09/29/2018 02:00:00 AM,6,0,6
09/29/2018 03:00:00 AM,1,0,1
09/29/2018 04:00:00 AM,0,0,0
09/29/2018 05:00:00 AM,2,0,2
09/29/2018 06:00:00 AM,6,2,4
09/29/2018 07:00:00 AM,12,3,9
09/29/2018 08:00:00 AM,15,9,6
09/29/2018 09:00:00 AM,15,6,9
09/29/2018 10:00:00 AM,18,8,10
09/29/2018 11:00:00 AM,15,11,4
09/29/2018 12:00:00 PM,9,4,5
09/29/2018 01:00:00 PM,16,8,8
09/29/2018 02:00:00 PM,22,8,14
09/29/2018 03:00:00 PM,19,9,10
09/29/2018 04:00:00 PM,12,6,6
09/29/2018 05:00:00 PM,12,8,4
09/29/2018 06:00:00 PM,11,8,3
09/29/2018 07:00:00 PM,8,4,4
09/29/2018 08:00:00 PM,10,6,4
09/29/2018 09:00:00 PM,5,1,4
09/29/2018 10:00:00 PM,7,3,4
09/29/2018 11:00:00 PM,8,4,4
09/30/2018 12:00:00 AM,4,2,2
09/30/2018 01:00:00 AM,16,9,7
09/30/2018 02:00:00 AM,8,3,5
09/30/2018 03:00:00 AM,3,1,2
09/30/2018 04:00:00 AM,3,1,2
09/30/2018 05:00:00 AM,2,1,1
09/30/2018 06:00:00 AM,5,0,5
09/30/2018 07:00:00 AM,5,2,3
09/30/2018 08:00:00 AM,6,5,1
09/30/2018 09:00:00 AM,8,3,5
09/30/2018 10:00:00 AM,9,4,5
09/30/2018 11:00:00 AM,8,5,3
09/30/2018 12:00:00 PM,11,7,4
09/30/2018 01:00:00 PM,29,12,17
09/30/2018 02:00:00 PM,23,6,17
09/30/2018 03:00:00 PM,23,12,11
09/30/2018 04:00:00 PM,23,13,10
09/30/2018 05:00:00 PM,18,11,7
09/30/2018 06:00:00 PM,27,13,14
09/30/2018 07:00:00 PM,13,6,7
09/30/2018 08:00:00 PM,8,6,2
09/30/2018 09:00:00 PM,8,4,4
09/30/2018 10:00:00 PM,5,0,5
09/30/2018 11:00:00 PM,2,1,1
10/01/2018 12:00:00 AM,6,4,2
10/01/2018 01:00:00 AM,1,0,1
10/01/2018 02:00:00 AM,2,1,1
10/01/2018 03:00:00 AM,1,1,0
10/01/2018 04:00:00 AM,3,1,2
10/01/2018 05:00:00 AM,2,1,1
10/01/2018 06:00:00 AM,15,3,12
10/01/2018 07:00:00 AM,36,6,30
10/01/2018 08:00:00 AM,44,7,37
10/01/2018 09:00:00 AM,16,7,9
10/01/2018 10:00:00 AM,16,4,12
10/01/2018 11:00:00 AM,16,7,9
10/01/2018 12:00:00 PM,15,10,5
10/01/2018 01:00:00 PM,14,9,5
10/01/2018 02:00:00 PM,23,11,12
10/01/2018 03:00:00 PM,21,8,13
10/01/2018 04:00:00 PM,24,9,15
10/01/2018 05:00:00 PM,49,30,19
10/01/2018 06:00:00 PM,35,22,13
10/01/2018 07:00:00 PM,20,13,7
10/01/2018 08:00:00 PM,11,6,5
10/01/2018 09:00:00 PM,9,4,5
10/01/2018 10:00:00 PM,5,0,5
10/01/2018 11:00:00 PM,3,2,1
10/02/2018 12:00:00 AM,2,1,1
10/02/2018 01:00:00 AM,3,1,2
10/02/2018 02:00:00 AM,0,0,0
10/02/2018 03:00:00 AM,1,0,1
10/02/2018 04:00:00 AM,1,0,1
10/02/2018 05:00:00 AM,5,1,4
10/02/2018 06:00:00 AM,17,3,14
10/02/2018 07:00:00 AM,29,3,26
10/02/2018 08:00:00 AM,47,7,40
10/02/2018 09:00:00 AM,19,7,12
10/02/2018 10:00:00 AM,21,8,13
10/02/2018 11:00:00 AM,17,6,11
10/02/2018 12:00:00 PM,21,14,7
10/02/2018 01:00:00 PM,13,3,10
10/02/2018 02:00:00 PM,17,7,10
10/02/2018 03:00:00 PM,24,16,8
10/02/2018 04:00:00 PM,25,15,10
10/02/2018 05:00:00 PM,56,41,15
10/02/2018 06:00:00 PM,33,19,14
10/02/2018 07:00:00 PM,18,9,9
10/02/2018 08:00:00 PM,17,6,11
10/02/2018 09:00:00 PM,11,4,7
10/02/2018 10:00:00 PM,14,5,9
10/02/2018 11:00:00 PM,2,1,1
10/03/2018 12:00:00 AM,1,0,1
10/03/2018 01:00:00 AM,0,0,0
10/03/2018 02:00:00 AM,0,0,0
10/03/2018 03:00:00 AM,0,0,0
10/03/2018 04:00:00 AM,1,0,1
10/03/2018 05:00:00 AM,2,0,2
10/03/2018 06:00:00 AM,16,2,14
10/03/2018 07:00:00 AM,36,11,25
10/03/2018 08:00:00 AM,46,14,32
10/03/2018 09:00:00 AM,16,7,9
10/03/2018 10:00:00 AM,14,3,11
10/03/2018 11:00:00 AM,12,5,7
10/03/2018 12:00:00 PM,23,13,10
10/03/2018 01:00:00 PM,17,10,7
10/03/2018 02:00:00 PM,17,9,8
10/03/2018 03:00:00 PM,22,10,12
10/03/2018 04:00:00 PM,32,22,10
10/03/2018 05:00:00 PM,55,32,23
10/03/2018 06:00:00 PM,36,17,19
10/03/2018 07:00:00 PM,30,16,14
10/03/2018 08:00:00 PM,25,8,17
10/03/2018 09:00:00 PM,13,6,7
10/03/2018 10:00:00 PM,2,0,2
10/03/2018 11:00:00 PM,8,6,2
10/04/2018 12:00:00 AM,2,1,1
10/04/2018 01:00:00 AM,1,0,1
10/04/2018 02:00:00 AM,0,0,0
10/04/2018 03:00:00 AM,0,0,0
10/04/2018 04:00:00 AM,0,0,0
10/04/2018 05:00:00 AM,6,2,4
10/04/2018 06:00:00 AM,13,2,11
10/04/2018 07:00:00 AM,33,11,22
10/04/2018 08:00:00 AM,48,17,31
10/04/2018 09:00:00 AM,20,8,12
10/04/2018 10:00:00 AM,24,10,14
10/04/2018 11:00:00 AM,16,5,11
10/04/2018 12:00:00 PM,19,7,12
10/04/2018 01:00:00 PM,19,9,10
10/04/2018 02:00:00 PM,15,4,11
10/04/2018 03:00:00 PM,24,19,5
10/04/2018 04:00:00 PM,42,25,17
10/04/2018 05:00:00 PM,63,37,26
10/04/2018 06:00:00 PM,41,23,18
10/04/2018 07:00:00 PM,37,23,14
10/04/2018 08:00:00 PM,27,10,17
10/04/2018 09:00:00 PM,13,5,8
10/04/2018 10:00:00 PM,15,7,8
10/04/2018 11:00:00 PM,12,8,4
10/05/2018 12:00:00 AM,1,0,1
10/05/2018 01:00:00 AM,6,1,5
10/05/2018 02:00:00 AM,1,0,1
10/05/2018 03:00:00 AM,1,0,1
10/05/2018 04:00:00 AM,1,0,1
10/05/2018 05:00:00 AM,1,0,1
10/05/2018 06:00:00 AM,16,1,15
10/05/2018 07:00:00 AM,19,4,15
10/05/2018 08:00:00 AM,24,4,20
10/05/2018 09:00:00 AM,24,10,14
10/05/2018 10:00:00 AM,10,3,7
10/05/2018 11:00:00 AM,9,4,5
10/05/2018 12:00:00 PM,15,5,10
10/05/2018 01:00:00 PM,13,5,8
10/05/2018 02:00:00 PM,5,2,3
10/05/2018 03:00:00 PM,16,8,8
10/05/2018 04:00:00 PM,24,14,10
10/05/2018 05:00:00 PM,24,16,8
10/05/2018 06:00:00 PM,27,15,12
10/05/2018 07:00:00 PM,22,14,8
10/05/2018 08:00:00 PM,9,4,5
10/05/2018 09:00:00 PM,4,1,3
10/05/2018 10:00:00 PM,6,5,1
10/05/2018 11:00:00 PM,4,2,2
10/06/2018 12:00:00 AM,9,6,3
10/06/2018 01:00:00 AM,10,5,5
10/06/2018 02:00:00 AM,1,0,1
10/06/2018 03:00:00 AM,1,0,1
10/06/2018 04:00:00 AM,3,0,3
10/06/2018 05:00:00 AM,2,1,1
10/06/2018 06:00:00 AM,6,1,5
10/06/2018 07:00:00 AM,8,4,4
10/06/2018 08:00:00 AM,7,4,3
10/06/2018 09:00:00 AM,11,7,4
10/06/2018 10:00:00 AM,12,2,10
10/06/2018 11:00:00 AM,17,13,4
10/06/2018 12:00:00 PM,14,11,3
10/06/2018 01:00:00 PM,15,4,11
10/06/2018 02:00:00 PM,23,12,11
10/06/2018 03:00:00 PM,22,11,11
10/06/2018 04:00:00 PM,10,4,6
10/06/2018 05:00:00 PM,17,7,10
10/06/2018 06:00:00 PM,30,16,14
10/06/2018 07:00:00 PM,23,12,11
10/06/2018 08:00:00 PM,17,8,9
10/06/2018 09:00:00 PM,7,4,3
10/06/2018 10:00:00 PM,5,5,0
10/06/2018 11:00:00 PM,2,1,1
10/07/2018 12:00:00 AM,5,2,3
10/07/2018 01:00:00 AM,24,13,11
10/07/2018 02:00:00 AM,1,0,1
10/07/2018 03:00:00 AM,2,0,2
10/07/2018 04:00:00 AM,2,2,0
10/07/2018 05:00:00 AM,4,3,1
10/07/2018 06:00:00 AM,5,3,2
10/07/2018 07:00:00 AM,0,0,0
10/07/2018 08:00:00 AM,14,9,5
10/07/2018 09:00:00 AM,6,5,1
10/07/2018 10:00:00 AM,7,5,2
10/07/2018 11:00:00 AM,10,7,3
10/07/2018 12:00:00 PM,10,4,6
10/07/2018 01:00:00 PM,10,6,4
10/07/2018 02:00:00 PM,15,8,7
10/07/2018 03:00:00 PM,9,5,4
10/07/2018 04:00:00 PM,9,6,3
10/07/2018 05:00:00 PM,24,17,7
10/07/2018 06:00:00 PM,17,10,7
10/07/2018 07:00:00 PM,16,8,8
10/07/2018 08:00:00 PM,12,7,5
10/07/2018 09:00:00 PM,6,2,4
10/07/2018 10:00:00 PM,2,0,2
10/07/2018 11:00:00 PM,1,0,1
10/08/2018 12:00:00 AM,4,0,4
10/08/2018 01:00:00 AM,0,0,0
10/08/2018 02:00:00 AM,0,0,0
10/08/2018 03:00:00 AM,0,0,0
10/08/2018 04:00:00 AM,4,2,2
10/08/2018 05:00:00 AM,1,0,1
10/08/2018 06:00:00 AM,15,2,13
10/08/2018 07:00:00 AM,21,6,15
10/08/2018 08:00:00 AM,38,15,23
10/08/2018 09:00:00 AM,20,9,11
10/08/2018 10:00:00 AM,12,6,6
10/08/2018 11:00:00 AM,8,2,6
10/08/2018 12:00:00 PM,9,4,5
10/08/2018 01:00:00 PM,10,5,5
10/08/2018 02:00:00 PM,20,9,11
10/08/2018 03:00:00 PM,12,8,4
10/08/2018 04:00:00 PM,22,15,7
10/08/2018 05:00:00 PM,34,23,11
10/08/2018 06:00:00 PM,30,12,18
10/08/2018 07:00:00 PM,22,11,11
10/08/2018 08:00:00 PM,14,7,7
10/08/2018 09:00:00 PM,11,6,5
10/08/2018 10:00:00 PM,5,2,3
10/08/2018 11:00:00 PM,3,1,2
10/09/2018 12:00:00 AM,5,2,3
10/09/2018 01:00:00 AM,0,0,0
10/09/2018 02:00:00 AM,0,0,0
10/09/2018 03:00:00 AM,1,0,1
10/09/2018 04:00:00 AM,3,1,2
10/09/2018 05:00:00 AM,2,1,1
10/09/2018 06:00:00 AM,20,2,18
10/09/2018 07:00:00 AM,31,12,19
10/09/2018 08:00:00 AM,31,11,20
10/09/2018 09:00:00 AM,19,9,10
10/09/2018 10:00:00 AM,24,11,13
10/09/2018 11:00:00 AM,12,2,10
10/09/2018 12:00:00 PM,19,9,10
10/09/2018 01:00:00 PM,15,6,9
10/09/2018 02:00:00 PM,14,10,4
10/09/2018 03:00:00 PM,19,9,10
10/09/2018 04:00:00 PM,32,22,10
10/09/2018 05:00:00 PM,58,37,21
10/09/2018 06:00:00 PM,42,18,24
10/09/2018 07:00:00 PM,33,14,19
10/09/2018 08:00:00 PM,24,11,13
10/09/2018 09:00:00 PM,10,5,5
10/09/2018 10:00:00 PM,10,3,7
10/09/2018 11:00:00 PM,5,2,3
10/10/2018 12:00:00 AM,2,0,2
10/10/2018 01:00:00 AM,1,0,1
10/10/2018 02:00:00 AM,0,0,0
10/10/2018 03:00:00 AM,0,0,0
10/10/2018 04:00:00 AM,2,0,2
10/10/2018 05:00:00 AM,3,1,2
10/10/2018 06:00:00 AM,13,3,10
10/10/2018 07:00:00 AM,36,5,31
10/10/2018 08:00:00 AM,46,16,30
10/10/2018 09:00:00 AM,23,7,16
10/10/2018 10:00:00 AM,14,5,9
10/10/2018 11:00:00 AM,21,11,10
10/10/2018 12:00:00 PM,25,13,12
10/10/2018 01:00:00 PM,17,8,9
10/10/2018 02:00:00 PM,25,14,11
10/10/2018 03:00:00 PM,30,19,11
10/10/2018 04:00:00 PM,44,29,15
10/10/2018 05:00:00 PM,52,29,23
10/10/2018 06:00:00 PM,38,22,16
10/10/2018 07:00:00 PM,24,10,14
10/10/2018 08:00:00 PM,27,9,18
10/10/2018 09:00:00 PM,16,8,8
10/10/2018 10:00:00 PM,10,7,3
10/10/2018 11:00:00 PM,11,6,5
10/11/2018 12:00:00 AM,4,1,3
10/11/2018 01:00:00 AM,3,1,2
10/11/2018 02:00:00 AM,0,0,0
10/11/2018 03:00:00 AM,0,0,0
10/11/2018 04:00:00 AM,2,0,2
10/11/2018 05:00:00 AM,1,1,0
10/11/2018 06:00:00 AM,12,3,9
10/11/2018 07:00:00 AM,39,9,30
10/11/2018 08:00:00 AM,32,8,24
10/11/2018 09:00:00 AM,21,6,15
10/11/2018 10:00:00 AM,18,7,11
10/11/2018 11:00:00 AM,15,8,7
10/11/2018 12:00:00 PM,27,10,17
10/11/2018 01:00:00 PM,20,10,10
10/11/2018 02:00:00 PM,19,13,6
10/11/2018 03:00:00 PM,16,8,8
10/11/2018 04:00:00 PM,32,15,17
10/11/2018 05:00:00 PM,58,48,10
10/11/2018 06:00:00 PM,55,27,28
10/11/2018 07:00:00 PM,35,20,15
10/11/2018 08:00:00 PM,25,13,12
10/11/2018 09:00:00 PM,21,17,4
10/11/2018 10:00:00 PM,10,6,4
10/11/2018 11:00:00 PM,13,5,8
10/12/2018 12:00:00 AM,4,3,1
10/12/2018 01:00:00 AM,4,2,2
10/12/2018 02:00:00 AM,2,0,2
10/12/2018 03:00:00 AM,0,0,0
10/12/2018 04:00:00 AM,2,0,2
10/12/2018 05:00:00 AM,4,1,3
10/12/2018 06:00:00 AM,11,1,10
10/12/2018 07:00:00 AM,26,7,19
10/12/2018 08:00:00 AM,36,10,26
10/12/2018 09:00:00 AM,24,7,17
10/12/2018 10:00:00 AM,13,3,10
10/12/2018 11:00:00 AM,20,6,14
10/12/2018 12:00:00 PM,22,13,9
10/12/2018 01:00:00 PM,12,5,7
10/12/2018 02:00:00 PM,27,15,12
10/12/2018 03:00:00 PM,35,21,14
10/12/2018 04:00:00 PM,40,27,13
10/12/2018 05:00:00 PM,36,19,17
10/12/2018 06:00:00 PM,37,21,16
10/12/2018 07:00:00 PM,18,13,5
10/12/2018 08:00:00 PM,14,10,4
10/12/2018 09:00:00 PM,15,6,9
10/12/2018 10:00:00 PM,10,8,2
10/12/2018 11:00:00 PM,8,5,3
10/13/2018 12:00:00 AM,5,3,2
10/13/2018 01:00:00 AM,6,2,4
10/13/2018 02:00:00 AM,4,1,3
10/13/2018 03:00:00 AM,2,1,1
10/13/2018 04:00:00 AM,0,0,0
10/13/2018 05:00:00 AM,2,1,1
10/13/2018 06:00:00 AM,6,1,5
10/13/2018 07:00:00 AM,5,1,4
10/13/2018 08:00:00 AM,31,13,18
10/13/2018 09:00:00 AM,18,8,10
10/13/2018 10:00:00 AM,14,6,8
10/13/2018 11:00:00 AM,14,8,6
10/13/2018 12:00:00 PM,18,9,9
10/13/2018 01:00:00 PM,18,10,8
10/13/2018 02:00:00 PM,17,9,8
10/13/2018 03:00:00 PM,20,10,10
10/13/2018 04:00:00 PM,30,21,9
10/13/2018 05:00:00 PM,44,27,17
10/13/2018 06:00:00 PM,28,13,15
10/13/2018 07:00:00 PM,16,9,7
10/13/2018 08:00:00 PM,20,11,9
10/13/2018 09:00:00 PM,11,5,6
10/13/2018 10:00:00 PM,6,3,3
10/13/2018 11:00:00 PM,7,4,3
10/14/2018 12:00:00 AM,4,2,2
10/14/2018 01:00:00 AM,2,1,1
10/14/2018 02:00:00 AM,2,1,1
10/14/2018 03:00:00 AM,0,0,0
10/14/2018 04:00:00 AM,0,0,0
10/14/2018 05:00:00 AM,3,1,2
10/14/2018 06:00:00 AM,15,3,12
10/14/2018 07:00:00 AM,20,6,14
10/14/2018 08:00:00 AM,19,7,12
10/14/2018 09:00:00 AM,17,7,10
10/14/2018 10:00:00 AM,11,5,6
10/14/2018 11:00:00 AM,13,8,5
10/14/2018 12:00:00 PM,13,8,5
10/14/2018 01:00:00 PM,16,8,8
10/14/2018 02:00:00 PM,20,9,11
10/14/2018 03:00:00 PM,17,9,8
10/14/2018 04:00:00 PM,26,18,8
10/14/2018 05:00:00 PM,32,20,12
10/14/2018 06:00:00 PM,30,15,15
10/14/2018 07:00:00 PM,25,14,11
10/14/2018 08:00:00 PM,24,13,11
10/14/2018 09:00:00 PM,11,5,6
10/14/2018 10:00:00 PM,10,4,6
10/14/2018 11:00:00 PM,8,3,5
10/15/2018 12:00:00 AM,4,1,3
10/15/2018 01:00:00 AM,5,1,4
10/15/2018 02:00:00 AM,5,1,4
10/15/2018 03:00:00 AM,0,0,0
10/15/2018 04:00:00 AM,1,0,1
10/15/2018 05:00:00 AM,3,1,2
10/15/2018 06:00:00 AM,13,3,10
10/15/2018 07:00:00 AM,20,6,14
10/15/2018 08:00:00 AM,19,6,13
10/15/2018 09:00:00 AM,17,7,10
10/15/2018 10:00:00 AM,10,5,5
10/15/2018 11:00:00 AM,16,8,8
10/15/2018 12:00:00 PM,13,6,7
10/15/2018 01:00:00 PM,18,6,12
10/15/2018 02:00:00 PM,12,5,7
10/15/2018 03:00:00 PM,20,12,8
10/15/2018 04:00:00 PM,25,15,10
10/15/2018 05:00:00 PM,33,18,15
10/15/2018 06:00:00 PM,26,13,13
10/15/2018 07:00:00 PM,13,9,4
10/15/2018 08:00:00 PM,15,9,6
10/15/2018 09:00:00 PM,11,5,6
10/15/2018 10:00:00 PM,6,2,4
10/15/2018 11:00:00 PM,5,3,2
10/16/2018 12:00:00 AM,3,1,2
10/16/2018 01:00:00 AM,3,1,2
10/16/2018 02:00:00 AM,2,1,1
10/16/2018 03:00:00 AM,0,0,0
10/16/2018 04:00:00 AM,1,0,1
10/16/2018 05:00:00 AM,2,0,2
10/16/2018 06:00:00 AM,8,2,6
10/16/2018 07:00:00 AM,17,5,12
10/16/2018 08:00:00 AM,24,9,15
10/16/2018 09:00:00 AM,16,8,8
10/16/2018 10:00:00 AM,17,8,9
10/16/2018 11:00:00 AM,13,6,7
10/16/2018 12:00:00 PM,15,9,6
10/16/2018 01:00:00 PM,19,10,9
10/16/2018 02:00:00 PM,22,10,12
10/16/2018 03:00:00 PM,24,16,8
10/16/2018 04:00:00 PM,25,16,9
10/16/2018 05:00:00 PM,40,24,16
10/16/2018 06:00:00 PM,31,17,14
10/16/2018 07:00:00 PM,20,10,10
10/16/2018 08:00:00 PM,18,8,10
10/16/2018 09:00:00 PM,11,6,5
10/16/2018 10:00:00 PM,6,2,4
10/16/2018 11:00:00 PM,9,4,5
10/17/2018 12:00:00 AM,4,1,3
10/17/2018 01:00:00 AM,5,2,3
10/17/2018 02:00:00 AM,8,2,6
10/17/2018 03:00:00 AM,1,0,1
10/17/2018 04:00:00 AM,1,0,1
10/17/2018 05:00:00 AM,5,1,4
10/17/2018 06:00:00 AM,15,3,12
10/17/2018 07:00:00 AM,22,5,17
10/17/2018 08:00:00 AM,25,7,18
10/17/2018 09:00:00 AM,16,6,10
10/17/2018 10:00:00 AM,13,5,8
10/17/2018 11:00:00 AM,12,6,6
10/17/2018 12:00:00 PM,15,7,8
10/17/2018 01:00:00 PM,18,9,9
10/17/2018 02:00:00 PM,18,7,11
10/17/2018 03:00:00 PM,16,8,8
10/17/2018 04:00:00 PM,26,15,11
10/17/2018 05:00:00 PM,43,25,18
10/17/2018 06:00:00 PM,33,15,18
10/17/2018 07:00:00 PM,19,9,10
10/17/2018 08:00:00 PM,14,7,7
10/17/2018 09:00:00 PM,15,8,7
10/17/2018 10:00:00 PM,8,3,5
10/17/2018 11:00:00 PM,8,4,4
10/18/2018 12:00:00 AM,6,3,3
10/18/2018 01:00:00 AM,2,1,1
10/18/2018 02:00:00 AM,4,1,3
10/18/2018 03:00:00 AM,1,0,1
10/18/2018 04:00:00 AM,0,0,0
10/18/2018 05:00:00 AM,3,1,2
10/18/2018 06:00:00 AM,8,1,7
10/18/2018 07:00:00 AM,18,5,13
10/18/2018 08:00:00 AM,19,7,12
10/18/2018 09:00:00 AM,12,4,8
10/18/2018 10:00:00 AM,10,3,7
10/18/2018 11:00:00 AM,11,6,5
10/18/2018 12:00:00 PM,14,7,7
10/18/2018 01:00:00 PM,11,5,6
10/18/2018 02:00:00 PM,15,9,6
10/18/2018 03:00:00 PM,20,10,10
10/18/2018 04:00:00 PM,19,12,7
10/18/2018 05:00:00 PM,25,13,12
10/18/2018 06:00:00 PM,24,14,10
10/18/2018 07:00:00 PM,20,11,9
10/18/2018 08:00:00 PM,13,5,8
10/18/2018 09:00:00 PM,9,5,4
10/18/2018 10:00:00 PM,5,3,2
10/18/2018 11:00:00 PM,5,3,2
10/19/2018 12:00:00 AM,4,2,2
10/19/2018 01:00:00 AM,3,1,2
10/19/2018 02:00:00 AM,2,1,1
10/19/2018 03:00:00 AM,1,1,0
10/19/2018 04:00:00 AM,1,0,1
10/19/2018 05:00:00 AM,5,0,5
10/19/2018 06:00:00 AM,9,1,8
10/19/2018 07:00:00 AM,20,5,15
10/19/2018 08:00:00 AM,24,7,17
10/19/2018 09:00:00 AM,15,5,10
10/19/2018 10:00:00 AM,9,4,5
10/19/2018 11:00:00 AM,13,7,6
10/19/2018 12:00:00 PM,17,9,8
10/19/2018 01:00:00 PM,18,7,11
10/19/2018 02:00:00 PM,16,7,9
10/19/2018 03:00:00 PM,21,13,8
10/19/2018 04:00:00 PM,30,19,11
10/19/2018 05:00:00 PM,38,22,16
10/19/2018 06:00:00 PM,28,15,13
10/19/2018 07:00:00 PM,21,9,12
10/19/2018 08:00:00 PM,17,9,8
10/19/2018 09:00:00 PM,11,6,5
10/19/2018 10:00:00 PM,5,2,3
10/19/2018 11:00:00 PM,5,2,3
10/20/2018 12:00:00 AM,3,1,2
10/20/2018 01:00:00 AM,2,1,1
10/20/2018 02:00:00 AM,1,0,1
10/20/2018 03:00:00 AM,0,0,0
10/20/2018 04:00:00 AM,1,0,1
10/20/2018 05:00:00 AM,5,1,4
10/20/2018 06:00:00 AM,15,2,13
10/20/2018 07:00:00 AM,23,5,18
10/20/2018 08:00:00 AM,30,7,23
10/20/2018 09:00:00 AM,18,7,11
10/20/2018 10:00:00 AM,15,6,9
10/20/2018 11:00:00 AM,12,6,6
10/20/2018 12:00:00 PM,13,7,6
10/20/2018 01:00:00 PM,17,6,11
10/20/2018 02:00:00 PM,19,10,9
10/20/2018 03:00:00 PM,21,12,9
10/20/2018 04:00:00 PM,33,20,13
10/20/2018 05:00:00 PM,43,25,18
10/20/2018 06:00:00 PM,33,16,17
10/20/2018 07:00:00 PM,22,12,10
10/20/2018 08:00:00 PM,16,7,9
10/20/2018 09:00:00 PM,11,4,7
10/20/2018 10:00:00 PM,8,4,4
10/20/2018 11:00:00 PM,12,6,6
10/21/2018 12:00:00 AM,2,1,1
10/21/2018 01:00:00 AM,3,1,2
10/21/2018 02:00:00 AM,1,0,1
10/21/2018 03:00:00 AM,2,1,1
10/21/2018 04:00:00 AM,1,0,1
10/21/2018 05:00:00 AM,5,2,3
10/21/2018 06:00:00 AM,12,2,10
10/21/2018 07:00:00 AM,21,7,14
10/21/2018 08:00:00 AM,26,11,15
10/21/2018 09:00:00 AM,14,5,9
10/21/2018 10:00:00 AM,14,7,7
10/21/2018 11:00:00 AM,13,7,6
10/21/2018 12:00:00 PM,16,8,8
10/21/2018 01:00:00 PM,21,10,11
10/21/2018 02:00:00 PM,19,10,9
10/21/2018 03:00:00 PM,16,9,7
10/21/2018 04:00:00 PM,21,14,7
10/21/2018 05:00:00 PM,31,19,12
10/21/2018 06:00:00 PM,28,14,14
10/21/2018 07:00:00 PM,19,10,9
10/21/2018 08:00:00 PM,15,9,6
10/21/2018 09:00:00 PM,9,3,6
10/21/2018 10:00:00 PM,9,5,4
10/21/2018 11:00:00 PM,7,2,5
10/22/2018 12:00:00 AM,5,2,3
10/22/2018 01:00:00 AM,4,2,2
10/22/2018 02:00:00 AM,3,1,2
10/22/2018 03:00:00 AM,1,0,1
10/22/2018 04:00:00 AM,2,0,2
10/22/2018 05:00:00 AM,2,0,2
10/22/2018 06:00:00 AM,9,1,8
10/22/2018 07:00:00 AM,18,5,13
10/22/2018 08:00:00 AM,17,6,11
10/22/2018 09:00:00 AM,15,6,9
10/22/2018 10:00:00 AM,12,5,7
10/22/2018 11:00:00 AM,14,7,7
10/22/2018 12:00:00 PM,15,7,8
10/22/2018 01:00:00 PM,19,9,10
10/22/2018 02:00:00 PM,17,7,10
10/22/2018 03:00:00 PM,17,8,9
10/22/2018 04:00:00 PM,28,16,12
10/22/2018 05:00:00 PM,31,20,11
10/22/2018 06:00:00 PM,29,15,14
10/22/2018 07:00:00 PM,17,9,8
10/22/2018 08:00:00 PM,14,6,8
10/22/2018 09:00:00 PM,9,6,3
10/22/2018 10:00:00 PM,7,4,3
10/22/2018 11:00:00 PM,7,2,5
10/23/2018 12:00:00 AM,4,2,2
10/23/2018 01:00:00 AM,3,1,2
10/23/2018 02:00:00 AM,3,1,2
10/23/2018 03:00:00 AM,1,1,0
10/23/2018 04:00:00 AM,2,1,1
10/23/2018 05:00:00 AM,4,0,4
10/23/2018 06:00:00 AM,10,1,9
10/23/2018 07:00:00 AM,23,7,16
10/23/2018 08:00:00 AM,23,8,15
10/23/2018 09:00:00 AM,18,7,11
10/23/2018 10:00:00 AM,12,6,6
10/23/2018 11:00:00 AM,14,5,9
10/23/2018 12:00:00 PM,19,10,9
10/23/2018 01:00:00 PM,18,10,8
10/23/2018 02:00:00 PM,18,7,11
10/23/2018 03:00:00 PM,18,11,7
10/23/2018 04:00:00 PM,29,17,12
10/23/2018 05:00:00 PM,41,25,16
10/23/2018 06:00:00 PM,28,14,14
10/23/2018 07:00:00 PM,21,11,10
10/23/2018 08:00:00 PM,18,7,11
10/23/2018 09:00:00 PM,10,5,5
10/23/2018 10:00:00 PM,10,5,5
10/23/2018 11:00:00 PM,6,3,3
10/24/2018 12:00:00 AM,5,2,3
10/24/2018 01:00:00 AM,3,1,2
10/24/2018 02:00:00 AM,2,0,2
10/24/2018 03:00:00 AM,1,0,1
10/24/2018 04:00:00 AM,2,1,1
10/24/2018 05:00:00 AM,6,1,5
10/24/2018 06:00:00 AM,12,3,9
10/24/2018 07:00:00 AM,21,5,16
10/24/2018 08:00:00 AM,31,11,20
10/24/2018 09:00:00 AM,20,8,12
10/24/2018 10:00:00 AM,19,11,8
10/24/2018 11:00:00 AM,15,6,9
10/24/2018 12:00:00 PM,17,8,9
10/24/2018 01:00:00 PM,18,9,9
10/24/2018 02:00:00 PM,17,9,8
10/24/2018 03:00:00 PM,20,10,10
10/24/2018 04:00:00 PM,30,18,12
10/24/2018 05:00:00 PM,43,26,17
10/24/2018 06:00:00 PM,31,16,15
10/24/2018 07:00:00 PM,19,9,10
10/24/2018 08:00:00 PM,16,8,8
10/24/2018 09:00:00 PM,9,3,6
10/24/2018 10:00:00 PM,7,4,3
10/24/2018 11:00:00 PM,10,5,5
10/25/2018 12:00:00 AM,6,3,3
10/25/2018 01:00:00 AM,4,3,1
10/25/2018 02:00:00 AM,3,1,2
10/25/2018 03:00:00 AM,1,1,0
10/25/2018 04:00:00 AM,1,0,1
10/25/2018 05:00:00 AM,3,0,3
10/25/2018 06:00:00 AM,10,1,9
10/25/2018 07:00:00 AM,19,5,14
10/25/2018 08:00:00 AM,20,7,13
10/25/2018 09:00:00 AM,13,5,8
10/25/2018 10:00:00 AM,10,4,6
10/25/2018 11:00:00 AM,13,6,7
10/25/2018 12:00:00 PM,15,8,7
10/25/2018 01:00:00 PM,18,7,11
10/25/2018 02:00:00 PM,18,10,8
10/25/2018 03:00:00 PM,19,10,9
10/25/2018 04:00:00 PM,19,13,6
10/25/2018 05:00:00 PM,35,19,16
10/25/2018 06:00:00 PM,25,12,13
10/25/2018 07:00:00 PM,13,6,7
10/25/2018 08:00:00 PM,13,6,7
10/25/2018 09:00:00 PM,9,5,4
10/25/2018 10:00:00 PM,5,3,2
10/25/2018 11:00:00 PM,4,2,2
10/26/2018 12:00:00 AM,2,1,1
10/26/2018 01:00:00 AM,3,1,2
10/26/2018 02:00:00 AM,0,0,0
10/26/2018 03:00:00 AM,1,1,0
10/26/2018 04:00:00 AM,2,1,1
10/26/2018 05:00:00 AM,6,1,5
10/26/2018 06:00:00 AM,8,1,7
10/26/2018 07:00:00 AM,20,4,16
10/26/2018 08:00:00 AM,18,6,12
10/26/2018 09:00:00 AM,11,4,7
10/26/2018 10:00:00 AM,11,5,6
10/26/2018 11:00:00 AM,12,5,7
10/26/2018 12:00:00 PM,13,7,6
10/26/2018 01:00:00 PM,13,6,7
10/26/2018 02:00:00 PM,11,6,5
10/26/2018 03:00:00 PM,15,8,7
10/26/2018 04:00:00 PM,18,10,8
10/26/2018 05:00:00 PM,38,21,17
10/26/2018 06:00:00 PM,26,14,12
10/26/2018 07:00:00 PM,17,7,10
10/26/2018 08:00:00 PM,15,8,7
10/26/2018 09:00:00 PM,10,4,6
10/26/2018 10:00:00 PM,8,3,5
10/26/2018 11:00:00 PM,5,3,2
10/27/2018 12:00:00 AM,4,2,2
10/27/2018 01:00:00 AM,0,0,0
10/27/2018 02:00:00 AM,2,1,1
10/27/2018 03:00:00 AM,0,0,0
10/27/2018 04:00:00 AM,1,0,1
10/27/2018 05:00:00 AM,4,0,4
10/27/2018 06:00:00 AM,12,1,11
10/27/2018 07:00:00 AM,28,6,22
10/27/2018 08:00:00 AM,33,9,24
10/27/2018 09:00:00 AM,22,8,14
10/27/2018 10:00:00 AM,13,4,9
10/27/2018 11:00:00 AM,13,6,7
10/27/2018 12:00:00 PM,19,9,10
10/27/2018 01:00:00 PM,16,6,10
10/27/2018 02:00:00 PM,19,6,13
10/27/2018 03:00:00 PM,21,11,10
10/27/2018 04:00:00 PM,27,15,12
10/27/2018 05:00:00 PM,41,23,18
10/27/2018 06:00:00 PM,28,12,16
10/27/2018 07:00:00 PM,17,10,7
10/27/2018 08:00:00 PM,13,5,8
10/27/2018 09:00:00 PM,10,4,6
10/27/2018 10:00:00 PM,5,1,4
10/27/2018 11:00:00 PM,7,3,4
10/28/2018 12:00:00 AM,3,1,2
10/28/2018 01:00:00 AM,0,0,0
10/28/2018 02:00:00 AM,1,0,1
10/28/2018 03:00:00 AM,1,0,1
10/28/2018 04:00:00 AM,0,0,0
10/28/2018 05:00:00 AM,5,1,4
10/28/2018 06:00:00 AM,9,2,7
10/28/2018 07:00:00 AM,18,5,13
10/28/2018 08:00:00 AM,16,7,9
10/28/2018 09:00:00 AM,17,7,10
10/28/2018 10:00:00 AM,11,4,7
10/28/2018 11:00:00 AM,13,5,8
10/28/2018 12:00:00 PM,14,6,8
10/28/2018 01:00:00 PM,15,7,8
10/28/2018 02:00:00 PM,15,7,8
10/28/2018 03:00:00 PM,17,8,9
10/28/2018 04:00:00 PM,27,14,13
10/28/2018 05:00:00 PM,31,16,15
10/28/2018 06:00:00 PM,24,11,13
10/28/2018 07:00:00 PM,18,9,9
10/28/2018 08:00:00 PM,13,5,8
10/28/2018 09:00:00 PM,12,6,6
10/28/2018 10:00:00 PM,5,3,2
10/28/2018 11:00:00 PM,8,4,4
10/29/2018 12:00:00 AM,4,1,3
10/29/2018 01:00:00 AM,8,5,3
10/29/2018 02:00:00 AM,6,1,5
10/29/2018 03:00:00 AM,2,1,1
10/29/2018 04:00:00 AM,1,0,1
10/29/2018 05:00:00 AM,2,0,2
10/29/2018 06:00:00 AM,9,2,7
10/29/2018 07:00:00 AM,11,3,8
10/29/2018 08:00:00 AM,13,5,8
10/29/2018 09:00:00 AM,0,0,0
10/29/2018 10:00:00 AM,10,4,6
10/29/2018 11:00:00 AM,11,4,7
10/29/2018 12:00:00 PM,11,4,7
10/29/2018 01:00:00 PM,34,7,27
10/29/2018 02:00:00 PM,11,2,9
10/29/2018 03:00:00 PM,16,9,7
10/29/2018 04:00:00 PM,29,21,8
10/29/2018 05:00:00 PM,35,18,17
10/29/2018 06:00:00 PM,38,19,19
10/29/2018 07:00:00 PM,24,12,12
10/29/2018 08:00:00 PM,10,6,4
10/29/2018 09:00:00 PM,9,3,6
10/29/2018 10:00:00 PM,4,2,2
10/29/2018 11:00:00 PM,3,2,1
10/30/2018 12:00:00 AM,5,3,2
10/30/2018 01:00:00 AM,2,0,2
10/30/2018 02:00:00 AM,1,0,1
10/30/2018 03:00:00 AM,0,0,0
10/30/2018 04:00:00 AM,2,0,2
10/30/2018 05:00:00 AM,6,1,5
10/30/2018 06:00:00 AM,11,1,10
10/30/2018 07:00:00 AM,32,8,24
10/30/2018 08:00:00 AM,33,9,24
10/30/2018 09:00:00 AM,31,9,22
10/30/2018 10:00:00 AM,26,9,17
10/30/2018 11:00:00 AM,16,9,7
10/30/2018 12:00:00 PM,19,10,9
10/30/2018 01:00:00 PM,21,9,12
10/30/2018 02:00:00 PM,23,11,12
10/30/2018 03:00:00 PM,23,11,12
10/30/2018 04:00:00 PM,34,24,10
10/30/2018 05:00:00 PM,50,34,16
10/30/2018 06:00:00 PM,29,16,13
10/30/2018 07:00:00 PM,26,11,15
10/30/2018 08:00:00 PM,20,9,11
10/30/2018 09:00:00 PM,18,7,11
10/30/2018 10:00:00 PM,8,3,5
10/30/2018 11:00:00 PM,7,4,3
10/31/2018 12:00:00 AM,3,2,1
10/31/2018 01:00:00 AM,2,1,1
10/31/2018 02:00:00 AM,1,1,0
10/31/2018 03:00:00 AM,0,0,0
10/31/2018 04:00:00 AM,0,0,0
10/31/2018 05:00:00 AM,4,0,4
10/31/2018 06:00:00 AM,17,3,14
10/31/2018 07:00:00 AM,22,5,17
10/31/2018 08:00:00 AM,34,7,27
10/31/2018 09:00:00 AM,19,6,13
10/31/2018 10:00:00 AM,9,2,7
10/31/2018 11:00:00 AM,5,0,5
10/31/2018 12:00:00 PM,8,3,5
10/31/2018 01:00:00 PM,19,7,12
10/31/2018 02:00:00 PM,12,7,5
10/31/2018 03:00:00 PM,21,10,11
10/31/2018 04:00:00 PM,27,18,9
10/31/2018 05:00:00 PM,43,27,16
10/31/2018 06:00:00 PM,28,17,11
10/31/2018 07:00:00 PM,22,11,11
10/31/2018 08:00:00 PM,16,4,12
10/31/2018 09:00:00 PM,7,6,1
10/31/2018 10:00:00 PM,6,2,4
10/31/2018 11:00:00 PM,8,2,6
11/01/2018 12:00:00 AM,5,3,2
11/01/2018 01:00:00 AM,5,2,3
11/01/2018 02:00:00 AM,0,0,0
11/01/2018 03:00:00 AM,0,0,0
11/01/2018 04:00:00 AM,1,1,0
11/01/2018 05:00:00 AM,3,0,3
11/01/2018 06:00:00 AM,16,2,14
11/01/2018 07:00:00 AM,16,3,13
11/01/2018 08:00:00 AM,29,3,26
11/01/2018 09:00:00 AM,29,12,17
11/01/2018 10:00:00 AM,16,8,8
11/01/2018 11:00:00 AM,14,4,10
11/01/2018 12:00:00 PM,13,7,6
11/01/2018 01:00:00 PM,17,4,13
11/01/2018 02:00:00 PM,10,5,5
11/01/2018 03:00:00 PM,23,11,12
11/01/2018 04:00:00 PM,34,24,10
11/01/2018 05:00:00 PM,46,28,18
11/01/2018 06:00:00 PM,31,12,19
11/01/2018 07:00:00 PM,26,15,11
11/01/2018 08:00:00 PM,17,5,12
11/01/2018 09:00:00 PM,9,6,3
11/01/2018 10:00:00 PM,17,13,4
11/01/2018 11:00:00 PM,7,3,4
11/02/2018 12:00:00 AM,2,2,0
11/02/2018 01:00:00 AM,1,1,0
11/02/2018 02:00:00 AM,2,2,0
11/02/2018 03:00:00 AM,0,0,0
11/02/2018 04:00:00 AM,1,0,1
11/02/2018 05:00:00 AM,4,0,4
11/02/2018 06:00:00 AM,13,1,12
11/02/2018 07:00:00 AM,22,7,15
11/02/2018 08:00:00 AM,30,8,22
11/02/2018 09:00:00 AM,25,8,17
11/02/2018 10:00:00 AM,8,4,4
11/02/2018 11:00:00 AM,11,5,6
11/02/2018 12:00:00 PM,10,3,7
11/02/2018 01:00:00 PM,15,7,8
11/02/2018 02:00:00 PM,19,11,8
11/02/2018 03:00:00 PM,20,11,9
11/02/2018 04:00:00 PM,37,23,14
11/02/2018 05:00:00 PM,32,19,13
11/02/2018 06:00:00 PM,41,19,22
11/02/2018 07:00:00 PM,18,12,6
11/02/2018 08:00:00 PM,12,6,6
11/02/2018 09:00:00 PM,9,4,5
11/02/2018 10:00:00 PM,11,10,1
11/02/2018 11:00:00 PM,5,0,5
11/03/2018 12:00:00 AM,1,0,1
11/03/2018 01:00:00 AM,2,0,2
11/03/2018 02:00:00 AM,2,1,1
11/03/2018 03:00:00 AM,0,0,0
11/03/2018 04:00:00 AM,1,0,1
11/03/2018 05:00:00 AM,12,2,10
11/03/2018 06:00:00 AM,3,2,1
11/03/2018 07:00:00 AM,9,5,4
11/03/2018 08:00:00 AM,7,5,2
11/03/2018 09:00:00 AM,8,5,3
11/03/2018 10:00:00 AM,9,6,3
11/03/2018 11:00:00 AM,7,3,4
11/03/2018 12:00:00 PM,9,5,4
11/03/2018 01:00:00 PM,4,1,3
11/03/2018 02:00:00 PM,10,8,2
11/03/2018 03:00:00 PM,14,6,8
11/03/2018 04:00:00 PM,11,7,4
11/03/2018 05:00:00 PM,12,1,11
11/03/2018 06:00:00 PM,9,5,4
11/03/2018 07:00:00 PM,2,2,0
11/03/2018 08:00:00 PM,4,0,4
11/03/2018 09:00:00 PM,6,1,5
11/03/2018 10:00:00 PM,6,2,4
11/03/2018 11:00:00 PM,3,0,3
11/04/2018 12:00:00 AM,9,5,4
11/04/2018 01:00:00 AM,4,0,4
11/04/2018 02:00:00 AM,0,0,0
11/04/2018 03:00:00 AM,1,0,1
11/04/2018 04:00:00 AM,2,0,2
11/04/2018 05:00:00 AM,4,0,4
11/04/2018 06:00:00 AM,5,3,2
11/04/2018 07:00:00 AM,4,1,3
11/04/2018 08:00:00 AM,4,4,0
11/04/2018 09:00:00 AM,19,8,11
11/04/2018 10:00:00 AM,10,7,3
11/04/2018 11:00:00 AM,15,10,5
11/04/2018 12:00:00 PM,22,15,7
11/04/2018 01:00:00 PM,14,5,9
11/04/2018 02:00:00 PM,23,14,9
11/04/2018 03:00:00 PM,31,22,9
11/04/2018 04:00:00 PM,19,10,9
11/04/2018 05:00:00 PM,13,6,7
11/04/2018 06:00:00 PM,21,14,7
11/04/2018 07:00:00 PM,12,3,9
11/04/2018 08:00:00 PM,11,2,9
11/04/2018 09:00:00 PM,4,1,3
11/04/2018 10:00:00 PM,1,0,1
11/04/2018 11:00:00 PM,1,0,1
11/05/2018 12:00:00 AM,0,0,0
11/05/2018 01:00:00 AM,0,0,0
11/05/2018 02:00:00 AM,0,0,0
11/05/2018 03:00:00 AM,1,0,1
11/05/2018 04:00:00 AM,4,1,3
11/05/2018 05:00:00 AM,4,0,4
11/05/2018 06:00:00 AM,31,11,20
11/05/2018 07:00:00 AM,45,12,33
11/05/2018 08:00:00 AM,17,6,11
11/05/2018 09:00:00 AM,9,1,8
11/05/2018 10:00:00 AM,15,5,10
11/05/2018 11:00:00 AM,13,9,4
11/05/2018 12:00:00 PM,12,7,5
11/05/2018 01:00:00 PM,16,5,11
11/05/2018 02:00:00 PM,14,6,8
11/05/2018 03:00:00 PM,29,20,9
11/05/2018 04:00:00 PM,50,26,24
11/05/2018 05:00:00 PM,31,16,15
11/05/2018 06:00:00 PM,22,9,13
11/05/2018 07:00:00 PM,15,3,12
11/05/2018 08:00:00 PM,12,9,3
11/05/2018 09:00:00 PM,6,3,3
11/05/2018 10:00:00 PM,2,1,1
11/05/2018 11:00:00 PM,3,1,2
11/06/2018 12:00:00 AM,1,1,0
11/06/2018 01:00:00 AM,0,0,0
11/06/2018 02:00:00 AM,0,0,0
11/06/2018 03:00:00 AM,2,0,2
11/06/2018 04:00:00 AM,3,0,3
11/06/2018 05:00:00 AM,13,2,11
11/06/2018 06:00:00 AM,32,7,25
11/06/2018 07:00:00 AM,38,10,28
11/06/2018 08:00:00 AM,18,8,10
11/06/2018 09:00:00 AM,18,8,10
11/06/2018 10:00:00 AM,17,10,7
11/06/2018 11:00:00 AM,20,9,11
11/06/2018 12:00:00 PM,20,10,10
11/06/2018 01:00:00 PM,10,4,6
11/06/2018 02:00:00 PM,24,13,11
11/06/2018 03:00:00 PM,35,27,8
11/06/2018 04:00:00 PM,50,34,16
11/06/2018 05:00:00 PM,50,25,25
11/06/2018 06:00:00 PM,17,7,10
11/06/2018 07:00:00 PM,12,5,7
11/06/2018 08:00:00 PM,19,9,10
11/06/2018 09:00:00 PM,11,2,9
11/06/2018 10:00:00 PM,4,2,2
11/06/2018 11:00:00 PM,2,1,1
11/07/2018 12:00:00 AM,1,1,0
11/07/2018 01:00:00 AM,1,0,1
11/07/2018 02:00:00 AM,0,0,0
11/07/2018 03:00:00 AM,2,1,1
11/07/2018 04:00:00 AM,3,0,3
11/07/2018 05:00:00 AM,13,3,10
11/07/2018 06:00:00 AM,30,9,21
11/07/2018 07:00:00 AM,39,11,28
11/07/2018 08:00:00 AM,27,12,15
11/07/2018 09:00:00 AM,15,8,7
11/07/2018 10:00:00 AM,16,5,11
11/07/2018 11:00:00 AM,18,8,10
11/07/2018 12:00:00 PM,11,4,7
11/07/2018 01:00:00 PM,14,9,5
11/07/2018 02:00:00 PM,29,15,14
11/07/2018 03:00:00 PM,34,28,6
11/07/2018 04:00:00 PM,55,35,20
11/07/2018 05:00:00 PM,33,16,17
11/07/2018 06:00:00 PM,20,5,15
11/07/2018 07:00:00 PM,17,7,10
11/07/2018 08:00:00 PM,13,3,10
11/07/2018 09:00:00 PM,7,3,4
11/07/2018 10:00:00 PM,3,1,2
11/07/2018 11:00:00 PM,3,2,1
11/08/2018 12:00:00 AM,0,0,0
11/08/2018 01:00:00 AM,0,0,0
11/08/2018 02:00:00 AM,0,0,0
11/08/2018 03:00:00 AM,0,0,0
11/08/2018 04:00:00 AM,4,1,3
11/08/2018 05:00:00 AM,16,3,13
11/08/2018 06:00:00 AM,27,6,21
11/08/2018 07:00:00 AM,37,12,25
11/08/2018 08:00:00 AM,25,12,13
11/08/2018 09:00:00 AM,20,7,13
11/08/2018 10:00:00 AM,12,8,4
11/08/2018 11:00:00 AM,20,9,11
11/08/2018 12:00:00 PM,14,5,9
11/08/2018 01:00:00 PM,19,12,7
11/08/2018 02:00:00 PM,10,8,2
11/08/2018 03:00:00 PM,39,34,5
11/08/2018 04:00:00 PM,58,31,27
11/08/2018 05:00:00 PM,45,24,21
11/08/2018 06:00:00 PM,28,13,15
11/08/2018 07:00:00 PM,9,4,5
11/08/2018 08:00:00 PM,18,10,8
11/08/2018 09:00:00 PM,6,3,3
11/08/2018 10:00:00 PM,8,3,5
11/08/2018 11:00:00 PM,8,4,4
11/09/2018 12:00:00 AM,2,2,0
11/09/2018 01:00:00 AM,0,0,0
11/09/2018 02:00:00 AM,0,0,0
11/09/2018 03:00:00 AM,0,0,0
11/09/2018 04:00:00 AM,9,3,6
11/09/2018 05:00:00 AM,6,0,6
11/09/2018 06:00:00 AM,25,9,16
11/09/2018 07:00:00 AM,34,11,23
11/09/2018 08:00:00 AM,20,9,11
11/09/2018 09:00:00 AM,8,6,2
11/09/2018 10:00:00 AM,9,5,4
11/09/2018 11:00:00 AM,12,4,8
11/09/2018 12:00:00 PM,17,10,7
11/09/2018 01:00:00 PM,10,5,5
11/09/2018 02:00:00 PM,11,6,5
11/09/2018 03:00:00 PM,20,11,9
11/09/2018 04:00:00 PM,46,25,21
11/09/2018 05:00:00 PM,23,13,10
11/09/2018 06:00:00 PM,22,14,8
11/09/2018 07:00:00 PM,7,5,2
11/09/2018 08:00:00 PM,9,4,5
11/09/2018 09:00:00 PM,6,2,4
11/09/2018 10:00:00 PM,4,1,3
11/09/2018 11:00:00 PM,2,2,0
11/10/2018 12:00:00 AM,1,0,1
11/10/2018 01:00:00 AM,2,1,1
11/10/2018 02:00:00 AM,2,0,2
11/10/2018 03:00:00 AM,2,1,1
11/10/2018 04:00:00 AM,2,0,2
11/10/2018 05:00:00 AM,14,2,12
11/10/2018 06:00:00 AM,5,4,1
11/10/2018 07:00:00 AM,6,3,3
11/10/2018 08:00:00 AM,9,5,4
11/10/2018 09:00:00 AM,15,7,8
11/10/2018 10:00:00 AM,14,12,2
11/10/2018 11:00:00 AM,15,8,7
11/10/2018 12:00:00 PM,17,9,8
11/10/2018 01:00:00 PM,22,13,9
11/10/2018 02:00:00 PM,21,9,12
11/10/2018 03:00:00 PM,24,17,7
11/10/2018 04:00:00 PM,6,1,5
11/10/2018 05:00:00 PM,29,12,17
11/10/2018 06:00:00 PM,11,7,4
11/10/2018 07:00:00 PM,9,3,6
11/10/2018 08:00:00 PM,5,3,2
11/10/2018 09:00:00 PM,9,4,5
11/10/2018 10:00:00 PM,4,2,2
11/10/2018 11:00:00 PM,3,2,1
11/11/2018 12:00:00 AM,9,3,6
11/11/2018 01:00:00 AM,2,0,2
11/11/2018 02:00:00 AM,0,0,0
11/11/2018 03:00:00 AM,0,0,0
11/11/2018 04:00:00 AM,3,0,3
11/11/2018 05:00:00 AM,3,0,3
11/11/2018 06:00:00 AM,5,1,4
11/11/2018 07:00:00 AM,5,3,2
11/11/2018 08:00:00 AM,10,7,3
11/11/2018 09:00:00 AM,1,1,0
11/11/2018 10:00:00 AM,20,11,9
11/11/2018 11:00:00 AM,18,10,8
11/11/2018 12:00:00 PM,17,5,12
11/11/2018 01:00:00 PM,16,11,5
11/11/2018 02:00:00 PM,30,8,22
11/11/2018 03:00:00 PM,18,12,6
11/11/2018 04:00:00 PM,25,17,8
11/11/2018 05:00:00 PM,17,7,10
11/11/2018 06:00:00 PM,13,7,6
11/11/2018 07:00:00 PM,12,8,4
11/11/2018 08:00:00 PM,4,1,3
11/11/2018 09:00:00 PM,8,3,5
11/11/2018 10:00:00 PM,0,0,0
11/11/2018 11:00:00 PM,4,0,4
11/12/2018 12:00:00 AM,0,0,0
11/12/2018 01:00:00 AM,0,0,0
11/12/2018 02:00:00 AM,0,0,0
11/12/2018 03:00:00 AM,2,0,2
11/12/2018 04:00:00 AM,5,1,4
11/12/2018 05:00:00 AM,10,2,8
11/12/2018 06:00:00 AM,16,2,14
11/12/2018 07:00:00 AM,21,5,16
11/12/2018 08:00:00 AM,19,9,10
11/12/2018 09:00:00 AM,15,3,12
11/12/2018 10:00:00 AM,12,4,8
11/12/2018 11:00:00 AM,9,1,8
11/12/2018 12:00:00 PM,15,7,8
11/12/2018 01:00:00 PM,14,9,5
11/12/2018 02:00:00 PM,13,9,4
11/12/2018 03:00:00 PM,21,14,7
11/12/2018 04:00:00 PM,29,19,10
11/12/2018 05:00:00 PM,22,10,12
11/12/2018 06:00:00 PM,19,9,10
11/12/2018 07:00:00 PM,7,3,4
11/12/2018 08:00:00 PM,8,4,4
11/12/2018 09:00:00 PM,8,3,5
11/12/2018 10:00:00 PM,6,3,3
11/12/2018 11:00:00 PM,3,1,2
11/13/2018 12:00:00 AM,1,0,1
11/13/2018 01:00:00 AM,0,0,0
11/13/2018 02:00:00 AM,0,0,0
11/13/2018 03:00:00 AM,2,0,2
11/13/2018 04:00:00 AM,5,1,4
11/13/2018 05:00:00 AM,12,1,11
11/13/2018 06:00:00 AM,30,5,25
11/13/2018 07:00:00 AM,36,10,26
11/13/2018 08:00:00 AM,22,5,17
11/13/2018 09:00:00 AM,17,5,12
11/13/2018 10:00:00 AM,11,8,3
11/13/2018 11:00:00 AM,16,6,10
11/13/2018 12:00:00 PM,24,14,10
11/13/2018 01:00:00 PM,24,10,14
11/13/2018 02:00:00 PM,19,12,7
11/13/2018 03:00:00 PM,33,21,12
11/13/2018 04:00:00 PM,53,35,18
11/13/2018 05:00:00 PM,40,24,16
11/13/2018 06:00:00 PM,32,16,16
11/13/2018 07:00:00 PM,18,7,11
11/13/2018 08:00:00 PM,19,9,10
11/13/2018 09:00:00 PM,9,2,7
11/13/2018 10:00:00 PM,8,2,6
11/13/2018 11:00:00 PM,2,1,1
11/14/2018 12:00:00 AM,0,0,0
11/14/2018 01:00:00 AM,1,0,1
11/14/2018 02:00:00 AM,0,0,0
11/14/2018 03:00:00 AM,1,0,1
11/14/2018 04:00:00 AM,3,0,3
11/14/2018 05:00:00 AM,9,1,8
11/14/2018 06:00:00 AM,25,9,16
11/14/2018 07:00:00 AM,26,7,19
11/14/2018 08:00:00 AM,16,5,11
11/14/2018 09:00:00 AM,11,2,9
11/14/2018 10:00:00 AM,12,5,7
11/14/2018 11:00:00 AM,13,6,7
11/14/2018 12:00:00 PM,11,6,5
11/14/2018 01:00:00 PM,13,7,6
11/14/2018 02:00:00 PM,14,7,7
11/14/2018 03:00:00 PM,33,25,8
11/14/2018 04:00:00 PM,45,28,17
11/14/2018 05:00:00 PM,31,14,17
11/14/2018 06:00:00 PM,24,11,13
11/14/2018 07:00:00 PM,14,5,9
11/14/2018 08:00:00 PM,10,6,4
11/14/2018 09:00:00 PM,8,3,5
11/14/2018 10:00:00 PM,1,1,0
11/14/2018 11:00:00 PM,1,0,1
11/15/2018 12:00:00 AM,1,1,0
11/15/2018 01:00:00 AM,0,0,0
11/15/2018 02:00:00 AM,0,0,0
11/15/2018 03:00:00 AM,1,0,1
11/15/2018 04:00:00 AM,4,2,2
11/15/2018 05:00:00 AM,11,1,10
11/15/2018 06:00:00 AM,29,6,23
11/15/2018 07:00:00 AM,36,13,23
11/15/2018 08:00:00 AM,24,10,14
11/15/2018 09:00:00 AM,18,6,12
11/15/2018 10:00:00 AM,11,5,6
11/15/2018 11:00:00 AM,23,13,10
11/15/2018 12:00:00 PM,23,9,14
11/15/2018 01:00:00 PM,16,7,9
11/15/2018 02:00:00 PM,13,8,5
11/15/2018 03:00:00 PM,28,20,8
11/15/2018 04:00:00 PM,37,22,15
11/15/2018 05:00:00 PM,34,16,18
11/15/2018 06:00:00 PM,27,12,15
11/15/2018 07:00:00 PM,21,10,11
11/15/2018 08:00:00 PM,6,3,3
11/15/2018 09:00:00 PM,18,7,11
11/15/2018 10:00:00 PM,11,4,7
11/15/2018 11:00:00 PM,0,0,0
11/16/2018 12:00:00 AM,3,1,2
11/16/2018 01:00:00 AM,1,1,0
11/16/2018 02:00:00 AM,0,0,0
11/16/2018 03:00:00 AM,1,1,0
11/16/2018 04:00:00 AM,3,0,3
11/16/2018 05:00:00 AM,10,0,10
11/16/2018 06:00:00 AM,15,5,10
11/16/2018 07:00:00 AM,31,9,22
11/16/2018 08:00:00 AM,17,6,11
11/16/2018 09:00:00 AM,15,4,11
11/16/2018 10:00:00 AM,17,10,7
11/16/2018 11:00:00 AM,10,5,5
11/16/2018 12:00:00 PM,21,10,11
11/16/2018 01:00:00 PM,23,14,9
11/16/2018 02:00:00 PM,16,6,10
11/16/2018 03:00:00 PM,28,22,6
11/16/2018 04:00:00 PM,47,27,20
11/16/2018 05:00:00 PM,38,22,16
11/16/2018 06:00:00 PM,23,13,10
11/16/2018 07:00:00 PM,24,14,10
11/16/2018 08:00:00 PM,10,3,7
11/16/2018 09:00:00 PM,14,6,8
11/16/2018 10:00:00 PM,3,1,2
11/16/2018 11:00:00 PM,6,3,3
11/17/2018 12:00:00 AM,4,2,2
11/17/2018 01:00:00 AM,3,0,3
11/17/2018 02:00:00 AM,2,1,1
11/17/2018 03:00:00 AM,1,0,1
11/17/2018 04:00:00 AM,3,0,3
11/17/2018 05:00:00 AM,9,1,8
11/17/2018 06:00:00 AM,7,5,2
11/17/2018 07:00:00 AM,4,0,4
11/17/2018 08:00:00 AM,9,4,5
11/17/2018 09:00:00 AM,15,2,13
11/17/2018 10:00:00 AM,13,9,4
11/17/2018 11:00:00 AM,24,11,13
11/17/2018 12:00:00 PM,24,11,13
11/17/2018 01:00:00 PM,19,8,11
11/17/2018 02:00:00 PM,12,5,7
11/17/2018 03:00:00 PM,25,15,10
11/17/2018 04:00:00 PM,17,9,8
11/17/2018 05:00:00 PM,20,9,11
11/17/2018 06:00:00 PM,17,11,6
11/17/2018 07:00:00 PM,6,6,0
11/17/2018 08:00:00 PM,11,3,8
11/17/2018 09:00:00 PM,5,1,4
11/17/2018 10:00:00 PM,4,0,4
11/17/2018 11:00:00 PM,5,2,3
11/18/2018 12:00:00 AM,19,12,7
11/18/2018 01:00:00 AM,1,0,1
11/18/2018 02:00:00 AM,0,0,0
11/18/2018 03:00:00 AM,1,0,1
11/18/2018 04:00:00 AM,2,0,2
11/18/2018 05:00:00 AM,9,1,8
11/18/2018 06:00:00 AM,1,1,0
11/18/2018 07:00:00 AM,4,2,2
11/18/2018 08:00:00 AM,3,3,0
11/18/2018 09:00:00 AM,5,3,2
11/18/2018 10:00:00 AM,10,8,2
11/18/2018 11:00:00 AM,13,5,8
11/18/2018 12:00:00 PM,12,1,11
11/18/2018 01:00:00 PM,11,6,5
11/18/2018 02:00:00 PM,18,12,6
11/18/2018 03:00:00 PM,15,6,9
11/18/2018 04:00:00 PM,16,9,7
11/18/2018 05:00:00 PM,11,3,8
11/18/2018 06:00:00 PM,16,7,9
11/18/2018 07:00:00 PM,14,8,6
11/18/2018 08:00:00 PM,4,0,4
11/18/2018 09:00:00 PM,3,2,1
11/18/2018 10:00:00 PM,3,0,3
11/18/2018 11:00:00 PM,6,3,3
11/19/2018 12:00:00 AM,1,0,1
11/19/2018 01:00:00 AM,0,0,0
11/19/2018 02:00:00 AM,1,0,1
11/19/2018 03:00:00 AM,0,0,0
11/19/2018 04:00:00 AM,6,1,5
11/19/2018 05:00:00 AM,12,4,8
11/19/2018 06:00:00 AM,17,5,12
11/19/2018 07:00:00 AM,32,5,27
11/19/2018 08:00:00 AM,18,4,14
11/19/2018 09:00:00 AM,17,7,10
11/19/2018 10:00:00 AM,10,3,7
11/19/2018 11:00:00 AM,7,4,3
11/19/2018 12:00:00 PM,21,13,8
11/19/2018 01:00:00 PM,17,8,9
11/19/2018 02:00:00 PM,19,12,7
11/19/2018 03:00:00 PM,37,21,16
11/19/2018 04:00:00 PM,47,29,18
11/19/2018 05:00:00 PM,32,18,14
11/19/2018 06:00:00 PM,23,10,13
11/19/2018 07:00:00 PM,15,8,7
11/19/2018 08:00:00 PM,6,1,5
11/19/2018 09:00:00 PM,4,2,2
11/19/2018 10:00:00 PM,1,1,0
11/19/2018 11:00:00 PM,3,1,2
11/20/2018 12:00:00 AM,2,0,2
11/20/2018 01:00:00 AM,1,0,1
11/20/2018 02:00:00 AM,0,0,0
11/20/2018 03:00:00 AM,1,0,1
11/20/2018 04:00:00 AM,2,0,2
11/20/2018 05:00:00 AM,12,2,10
11/20/2018 06:00:00 AM,23,2,21
11/20/2018 07:00:00 AM,32,10,22
11/20/2018 08:00:00 AM,22,7,15
11/20/2018 09:00:00 AM,10,3,7
11/20/2018 10:00:00 AM,13,7,6
11/20/2018 11:00:00 AM,12,6,6
11/20/2018 12:00:00 PM,25,15,10
11/20/2018 01:00:00 PM,12,4,8
11/20/2018 02:00:00 PM,9,3,6
11/20/2018 03:00:00 PM,30,19,11
11/20/2018 04:00:00 PM,45,33,12
11/20/2018 05:00:00 PM,34,19,15
11/20/2018 06:00:00 PM,23,16,7
11/20/2018 07:00:00 PM,16,8,8
11/20/2018 08:00:00 PM,10,6,4
11/20/2018 09:00:00 PM,14,2,12
11/20/2018 10:00:00 PM,6,2,4
11/20/2018 11:00:00 PM,3,0,3
11/21/2018 12:00:00 AM,0,0,0
11/21/2018 01:00:00 AM,0,0,0
11/21/2018 02:00:00 AM,0,0,0
11/21/2018 03:00:00 AM,0,0,0
11/21/2018 04:00:00 AM,2,0,2
11/21/2018 05:00:00 AM,6,2,4
11/21/2018 06:00:00 AM,20,4,16
11/21/2018 07:00:00 AM,22,9,13
11/21/2018 08:00:00 AM,12,3,9
11/21/2018 09:00:00 AM,11,4,7
11/21/2018 10:00:00 AM,12,7,5
11/21/2018 11:00:00 AM,9,4,5
11/21/2018 12:00:00 PM,8,5,3
11/21/2018 01:00:00 PM,10,6,4
11/21/2018 02:00:00 PM,25,12,13
11/21/2018 03:00:00 PM,22,13,9
11/21/2018 04:00:00 PM,23,13,10
11/21/2018 05:00:00 PM,20,11,9
11/21/2018 06:00:00 PM,14,4,10
11/21/2018 07:00:00 PM,10,3,7
11/21/2018 08:00:00 PM,6,5,1
11/21/2018 09:00:00 PM,7,2,5
11/21/2018 10:00:00 PM,2,2,0
11/21/2018 11:00:00 PM,2,0,2
11/22/2018 12:00:00 AM,2,2,0
11/22/2018 01:00:00 AM,0,0,0
11/22/2018 02:00:00 AM,1,0,1
11/22/2018 03:00:00 AM,0,0,0
11/22/2018 04:00:00 AM,1,0,1
11/22/2018 05:00:00 AM,1,1,0
11/22/2018 06:00:00 AM,2,1,1
11/22/2018 07:00:00 AM,1,1,0
11/22/2018 08:00:00 AM,7,1,6
11/22/2018 09:00:00 AM,10,6,4
11/22/2018 10:00:00 AM,6,3,3
11/22/2018 11:00:00 AM,8,1,7
11/22/2018 12:00:00 PM,8,4,4
11/22/2018 01:00:00 PM,2,0,2
11/22/2018 02:00:00 PM,3,2,1
11/22/2018 03:00:00 PM,4,1,3
11/22/2018 04:00:00 PM,1,0,1
11/22/2018 05:00:00 PM,4,0,4
11/22/2018 06:00:00 PM,0,0,0
11/22/2018 07:00:00 PM,2,1,1
11/22/2018 08:00:00 PM,2,1,1
11/22/2018 09:00:00 PM,1,0,1
11/22/2018 10:00:00 PM,1,0,1
11/22/2018 11:00:00 PM,1,0,1
11/23/2018 12:00:00 AM,1,1,0
11/23/2018 01:00:00 AM,0,0,0
11/23/2018 02:00:00 AM,1,1,0
11/23/2018 03:00:00 AM,0,0,0
11/23/2018 04:00:00 AM,2,0,2
11/23/2018 05:00:00 AM,4,1,3
11/23/2018 06:00:00 AM,7,1,6
11/23/2018 07:00:00 AM,2,1,1
11/23/2018 08:00:00 AM,1,0,1
11/23/2018 09:00:00 AM,4,2,2
11/23/2018 10:00:00 AM,8,6,2
11/23/2018 11:00:00 AM,4,0,4
11/23/2018 12:00:00 PM,7,4,3
11/23/2018 01:00:00 PM,11,5,6
11/23/2018 02:00:00 PM,9,5,4
11/23/2018 03:00:00 PM,11,7,4
11/23/2018 04:00:00 PM,14,4,10
11/23/2018 05:00:00 PM,10,4,6
11/23/2018 06:00:00 PM,9,3,6
11/23/2018 07:00:00 PM,6,5,1
11/23/2018 08:00:00 PM,3,1,2
11/23/2018 09:00:00 PM,3,1,2
11/23/2018 10:00:00 PM,3,1,2
11/23/2018 11:00:00 PM,4,0,4
11/24/2018 12:00:00 AM,7,0,7
11/24/2018 01:00:00 AM,0,0,0
11/24/2018 02:00:00 AM,0,0,0
11/24/2018 03:00:00 AM,1,0,1
11/24/2018 04:00:00 AM,0,0,0
11/24/2018 05:00:00 AM,6,0,6
11/24/2018 06:00:00 AM,1,0,1
11/24/2018 07:00:00 AM,4,3,1
11/24/2018 08:00:00 AM,9,3,6
11/24/2018 09:00:00 AM,10,7,3
11/24/2018 10:00:00 AM,10,8,2
11/24/2018 11:00:00 AM,7,5,2
11/24/2018 12:00:00 PM,17,5,12
11/24/2018 01:00:00 PM,11,7,4
11/24/2018 02:00:00 PM,14,8,6
11/24/2018 03:00:00 PM,18,10,8
11/24/2018 04:00:00 PM,4,1,3
11/24/2018 05:00:00 PM,8,3,5
11/24/2018 06:00:00 PM,9,6,3
11/24/2018 07:00:00 PM,3,0,3
11/24/2018 08:00:00 PM,3,1,2
11/24/2018 09:00:00 PM,6,2,4
11/24/2018 10:00:00 PM,4,2,2
11/24/2018 11:00:00 PM,3,1,2
11/25/2018 12:00:00 AM,4,1,3
11/25/2018 01:00:00 AM,1,0,1
11/25/2018 02:00:00 AM,1,0,1
11/25/2018 03:00:00 AM,1,0,1
11/25/2018 04:00:00 AM,1,0,1
11/25/2018 05:00:00 AM,4,0,4
11/25/2018 06:00:00 AM,3,1,2
11/25/2018 07:00:00 AM,4,4,0
11/25/2018 08:00:00 AM,9,5,4
11/25/2018 09:00:00 AM,5,0,5
11/25/2018 10:00:00 AM,9,6,3
11/25/2018 11:00:00 AM,11,5,6
11/25/2018 12:00:00 PM,21,6,15
11/25/2018 01:00:00 PM,13,8,5
11/25/2018 02:00:00 PM,21,9,12
11/25/2018 03:00:00 PM,22,13,9
11/25/2018 04:00:00 PM,9,5,4
11/25/2018 05:00:00 PM,9,3,6
11/25/2018 06:00:00 PM,1,1,0
11/25/2018 07:00:00 PM,7,2,5
11/25/2018 08:00:00 PM,5,2,3
11/25/2018 09:00:00 PM,7,4,3
11/25/2018 10:00:00 PM,6,4,2
11/25/2018 11:00:00 PM,4,0,4
11/26/2018 12:00:00 AM,0,0,0
11/26/2018 01:00:00 AM,0,0,0
11/26/2018 02:00:00 AM,0,0,0
11/26/2018 03:00:00 AM,2,1,1
11/26/2018 04:00:00 AM,2,0,2
11/26/2018 05:00:00 AM,7,1,6
11/26/2018 06:00:00 AM,15,5,10
11/26/2018 07:00:00 AM,24,7,17
11/26/2018 08:00:00 AM,15,2,13
11/26/2018 09:00:00 AM,12,1,11
11/26/2018 10:00:00 AM,3,2,1
11/26/2018 11:00:00 AM,5,2,3
11/26/2018 12:00:00 PM,9,4,5
11/26/2018 01:00:00 PM,5,1,4
11/26/2018 02:00:00 PM,8,6,2
11/26/2018 03:00:00 PM,22,13,9
11/26/2018 04:00:00 PM,18,13,5
11/26/2018 05:00:00 PM,24,9,15
11/26/2018 06:00:00 PM,10,4,6
11/26/2018 07:00:00 PM,11,7,4
11/26/2018 08:00:00 PM,2,1,1
11/26/2018 09:00:00 PM,2,1,1
11/26/2018 10:00:00 PM,1,1,0
11/26/2018 11:00:00 PM,1,0,1
11/27/2018 12:00:00 AM,0,0,0
11/27/2018 01:00:00 AM,1,0,1
11/27/2018 02:00:00 AM,0,0,0
11/27/2018 03:00:00 AM,3,0,3
11/27/2018 04:00:00 AM,1,0,1
11/27/2018 05:00:00 AM,7,0,7
11/27/2018 06:00:00 AM,23,7,16
11/27/2018 07:00:00 AM,30,9,21
11/27/2018 08:00:00 AM,19,10,9
11/27/2018 09:00:00 AM,9,4,5
11/27/2018 10:00:00 AM,17,5,12
11/27/2018 11:00:00 AM,12,6,6
11/27/2018 12:00:00 PM,16,6,10
11/27/2018 01:00:00 PM,11,5,6
11/27/2018 02:00:00 PM,21,13,8
11/27/2018 03:00:00 PM,28,17,11
11/27/2018 04:00:00 PM,30,19,11
11/27/2018 05:00:00 PM,32,17,15
11/27/2018 06:00:00 PM,13,5,8
11/27/2018 07:00:00 PM,5,1,4
11/27/2018 08:00:00 PM,6,2,4
11/27/2018 09:00:00 PM,3,1,2
11/27/2018 10:00:00 PM,6,2,4
11/27/2018 11:00:00 PM,1,0,1
11/28/2018 12:00:00 AM,0,0,0
11/28/2018 01:00:00 AM,1,0,1
11/28/2018 02:00:00 AM,0,0,0
11/28/2018 03:00:00 AM,1,0,1
11/28/2018 04:00:00 AM,1,0,1
11/28/2018 05:00:00 AM,9,1,8
11/28/2018 06:00:00 AM,13,6,7
11/28/2018 07:00:00 AM,28,10,18
11/28/2018 08:00:00 AM,16,5,11
11/28/2018 09:00:00 AM,15,4,11
11/28/2018 10:00:00 AM,8,2,6
11/28/2018 11:00:00 AM,7,4,3
11/28/2018 12:00:00 PM,9,3,6
11/28/2018 01:00:00 PM,12,4,8
11/28/2018 02:00:00 PM,19,9,10
11/28/2018 03:00:00 PM,19,13,6
11/28/2018 04:00:00 PM,44,29,15
11/28/2018 05:00:00 PM,22,11,11
11/28/2018 06:00:00 PM,20,10,10
11/28/2018 07:00:00 PM,10,5,5
11/28/2018 08:00:00 PM,11,4,7
11/28/2018 09:00:00 PM,13,9,4
11/28/2018 10:00:00 PM,5,4,1
11/28/2018 11:00:00 PM,3,2,1
11/29/2018 12:00:00 AM,0,0,0
11/29/2018 01:00:00 AM,0,0,0
11/29/2018 02:00:00 AM,0,0,0
11/29/2018 03:00:00 AM,2,0,2
11/29/2018 04:00:00 AM,4,0,4
11/29/2018 05:00:00 AM,8,1,7
11/29/2018 06:00:00 AM,23,9,14
11/29/2018 07:00:00 AM,24,4,20
11/29/2018 08:00:00 AM,17,7,10
11/29/2018 09:00:00 AM,13,3,10
11/29/2018 10:00:00 AM,9,7,2
11/29/2018 11:00:00 AM,10,5,5
11/29/2018 12:00:00 PM,13,5,8
11/29/2018 01:00:00 PM,18,8,10
11/29/2018 02:00:00 PM,31,17,14
11/29/2018 03:00:00 PM,26,17,9
11/29/2018 04:00:00 PM,42,25,17
11/29/2018 05:00:00 PM,49,18,31
11/29/2018 06:00:00 PM,35,16,19
11/29/2018 07:00:00 PM,21,10,11
11/29/2018 08:00:00 PM,17,9,8
11/29/2018 09:00:00 PM,11,6,5
11/29/2018 10:00:00 PM,8,5,3
11/29/2018 11:00:00 PM,0,0,0
11/30/2018 12:00:00 AM,4,2,2
11/30/2018 01:00:00 AM,0,0,0
11/30/2018 02:00:00 AM,2,1,1
11/30/2018 03:00:00 AM,0,0,0
11/30/2018 04:00:00 AM,5,1,4
11/30/2018 05:00:00 AM,15,3,12
11/30/2018 06:00:00 AM,25,8,17
11/30/2018 07:00:00 AM,29,11,18
11/30/2018 08:00:00 AM,18,6,12
11/30/2018 09:00:00 AM,10,5,5
11/30/2018 10:00:00 AM,12,7,5
11/30/2018 11:00:00 AM,23,14,9
11/30/2018 12:00:00 PM,20,5,15
11/30/2018 01:00:00 PM,15,7,8
11/30/2018 02:00:00 PM,16,12,4
11/30/2018 03:00:00 PM,27,14,13
11/30/2018 04:00:00 PM,45,24,21
11/30/2018 05:00:00 PM,30,14,16
11/30/2018 06:00:00 PM,17,13,4
11/30/2018 07:00:00 PM,12,5,7
11/30/2018 08:00:00 PM,7,3,4
11/30/2018 09:00:00 PM,7,4,3
11/30/2018 10:00:00 PM,6,3,3
11/30/2018 11:00:00 PM,6,0,6
12/01/2018 12:00:00 AM,1,0,1
12/01/2018 01:00:00 AM,3,0,3
12/01/2018 02:00:00 AM,1,0,1
12/01/2018 03:00:00 AM,1,0,1
12/01/2018 04:00:00 AM,4,3,1
12/01/2018 05:00:00 AM,8,1,7
12/01/2018 06:00:00 AM,3,3,0
12/01/2018 07:00:00 AM,7,5,2
12/01/2018 08:00:00 AM,1,0,1
12/01/2018 09:00:00 AM,17,10,7
12/01/2018 10:00:00 AM,8,6,2
12/01/2018 11:00:00 AM,14,5,9
12/01/2018 12:00:00 PM,13,6,7
12/01/2018 01:00:00 PM,6,3,3
12/01/2018 02:00:00 PM,14,10,4
12/01/2018 03:00:00 PM,11,10,1
12/01/2018 04:00:00 PM,9,1,8
12/01/2018 05:00:00 PM,12,6,6
12/01/2018 06:00:00 PM,17,9,8
12/01/2018 07:00:00 PM,6,2,4
12/01/2018 08:00:00 PM,4,0,4
12/01/2018 09:00:00 PM,7,1,6
12/01/2018 10:00:00 PM,1,0,1
12/01/2018 11:00:00 PM,3,1,2
12/02/2018 12:00:00 AM,6,2,4
12/02/2018 01:00:00 AM,2,0,2
12/02/2018 02:00:00 AM,3,1,2
12/02/2018 03:00:00 AM,0,0,0
12/02/2018 04:00:00 AM,1,0,1
12/02/2018 05:00:00 AM,5,2,3
12/02/2018 06:00:00 AM,2,2,0
12/02/2018 07:00:00 AM,2,1,1
12/02/2018 08:00:00 AM,3,1,2
12/02/2018 09:00:00 AM,5,4,1
12/02/2018 10:00:00 AM,8,2,6
12/02/2018 11:00:00 AM,12,9,3
12/02/2018 12:00:00 PM,6,4,2
12/02/2018 01:00:00 PM,17,9,8
12/02/2018 02:00:00 PM,17,12,5
12/02/2018 03:00:00 PM,27,10,17
12/02/2018 04:00:00 PM,12,6,6
12/02/2018 05:00:00 PM,15,6,9
12/02/2018 06:00:00 PM,9,4,5
12/02/2018 07:00:00 PM,7,2,5
12/02/2018 08:00:00 PM,6,3,3
12/02/2018 09:00:00 PM,5,1,4
12/02/2018 10:00:00 PM,2,1,1
12/02/2018 11:00:00 PM,2,0,2
12/03/2018 12:00:00 AM,2,2,0
12/03/2018 01:00:00 AM,1,1,0
12/03/2018 02:00:00 AM,0,0,0
12/03/2018 03:00:00 AM,3,1,2
12/03/2018 04:00:00 AM,1,0,1
12/03/2018 05:00:00 AM,12,3,9
12/03/2018 06:00:00 AM,35,8,27
12/03/2018 07:00:00 AM,26,6,20
12/03/2018 08:00:00 AM,17,7,10
12/03/2018 09:00:00 AM,14,7,7
12/03/2018 10:00:00 AM,3,2,1
12/03/2018 11:00:00 AM,11,7,4
12/03/2018 12:00:00 PM,15,9,6
12/03/2018 01:00:00 PM,13,6,7
12/03/2018 02:00:00 PM,12,9,3
12/03/2018 03:00:00 PM,30,15,15
12/03/2018 04:00:00 PM,40,29,11
12/03/2018 05:00:00 PM,34,20,14
12/03/2018 06:00:00 PM,13,7,6
12/03/2018 07:00:00 PM,17,10,7
12/03/2018 08:00:00 PM,8,3,5
12/03/2018 09:00:00 PM,3,0,3
12/03/2018 10:00:00 PM,4,2,2
12/03/2018 11:00:00 PM,3,1,2
12/04/2018 12:00:00 AM,2,1,1
12/04/2018 01:00:00 AM,1,1,0
12/04/2018 02:00:00 AM,0,0,0
12/04/2018 03:00:00 AM,3,1,2
12/04/2018 04:00:00 AM,0,0,0
12/04/2018 05:00:00 AM,11,3,8
12/04/2018 06:00:00 AM,29,8,21
12/04/2018 07:00:00 AM,26,6,20
12/04/2018 08:00:00 AM,16,7,9
12/04/2018 09:00:00 AM,15,7,8
12/04/2018 10:00:00 AM,9,7,2
12/04/2018 11:00:00 AM,22,10,12
12/04/2018 12:00:00 PM,6,3,3
12/04/2018 01:00:00 PM,18,11,7
12/04/2018 02:00:00 PM,17,10,7
12/04/2018 03:00:00 PM,32,19,13
12/04/2018 04:00:00 PM,43,24,19
12/04/2018 05:00:00 PM,40,19,21
12/04/2018 06:00:00 PM,15,5,10
12/04/2018 07:00:00 PM,10,3,7
12/04/2018 08:00:00 PM,7,3,4
12/04/2018 09:00:00 PM,6,3,3
12/04/2018 10:00:00 PM,7,3,4
12/04/2018 11:00:00 PM,1,1,0
12/05/2018 12:00:00 AM,1,1,0
12/05/2018 01:00:00 AM,0,0,0
12/05/2018 02:00:00 AM,0,0,0
12/05/2018 03:00:00 AM,1,0,1
12/05/2018 04:00:00 AM,1,1,0
12/05/2018 05:00:00 AM,12,2,10
12/05/2018 06:00:00 AM,18,4,14
12/05/2018 07:00:00 AM,26,9,17
12/05/2018 08:00:00 AM,14,4,10
12/05/2018 09:00:00 AM,10,2,8
12/05/2018 10:00:00 AM,10,5,5
12/05/2018 11:00:00 AM,19,8,11
12/05/2018 12:00:00 PM,27,10,17
12/05/2018 01:00:00 PM,2,0,2
12/05/2018 02:00:00 PM,31,15,16
12/05/2018 03:00:00 PM,22,10,12
12/05/2018 04:00:00 PM,28,18,10
12/05/2018 05:00:00 PM,43,23,20
12/05/2018 06:00:00 PM,35,19,16
12/05/2018 07:00:00 PM,19,5,14
12/05/2018 08:00:00 PM,17,8,9
12/05/2018 09:00:00 PM,9,5,4
12/05/2018 10:00:00 PM,5,2,3
12/05/2018 11:00:00 PM,7,4,3
12/06/2018 12:00:00 AM,4,2,2
12/06/2018 01:00:00 AM,2,1,1
12/06/2018 02:00:00 AM,2,2,0
12/06/2018 03:00:00 AM,1,1,0
12/06/2018 04:00:00 AM,2,0,2
12/06/2018 05:00:00 AM,2,1,1
12/06/2018 06:00:00 AM,14,2,12
12/06/2018 07:00:00 AM,24,7,17
12/06/2018 08:00:00 AM,33,11,22
12/06/2018 09:00:00 AM,17,6,11
12/06/2018 10:00:00 AM,10,3,7
12/06/2018 11:00:00 AM,15,6,9
12/06/2018 12:00:00 PM,8,4,4
12/06/2018 01:00:00 PM,13,5,8
12/06/2018 02:00:00 PM,23,12,11
12/06/2018 03:00:00 PM,14,8,6
12/06/2018 04:00:00 PM,25,19,6
12/06/2018 05:00:00 PM,40,26,14
12/06/2018 06:00:00 PM,34,14,20
12/06/2018 07:00:00 PM,25,15,10
12/06/2018 08:00:00 PM,12,8,4
12/06/2018 09:00:00 PM,10,4,6
12/06/2018 10:00:00 PM,13,6,7
12/06/2018 11:00:00 PM,8,4,4
12/07/2018 12:00:00 AM,3,3,0
12/07/2018 01:00:00 AM,1,1,0
12/07/2018 02:00:00 AM,0,0,0
12/07/2018 03:00:00 AM,0,0,0
12/07/2018 04:00:00 AM,1,0,1
12/07/2018 05:00:00 AM,3,2,1
12/07/2018 06:00:00 AM,13,1,12
12/07/2018 07:00:00 AM,21,7,14
12/07/2018 08:00:00 AM,15,5,10
12/07/2018 09:00:00 AM,25,8,17
12/07/2018 10:00:00 AM,11,4,7
12/07/2018 11:00:00 AM,13,5,8
12/07/2018 12:00:00 PM,15,7,8
12/07/2018 01:00:00 PM,17,5,12
12/07/2018 02:00:00 PM,14,6,8
12/07/2018 03:00:00 PM,23,13,10
12/07/2018 04:00:00 PM,32,19,13
12/07/2018 05:00:00 PM,37,20,17
12/07/2018 06:00:00 PM,16,8,8
12/07/2018 07:00:00 PM,22,10,12
12/07/2018 08:00:00 PM,13,8,5
12/07/2018 09:00:00 PM,7,3,4
12/07/2018 10:00:00 PM,6,4,2
12/07/2018 11:00:00 PM,6,4,2
12/08/2018 12:00:00 AM,3,1,2
12/08/2018 01:00:00 AM,5,4,1
12/08/2018 02:00:00 AM,4,1,3
12/08/2018 03:00:00 AM,1,0,1
12/08/2018 04:00:00 AM,1,0,1
12/08/2018 05:00:00 AM,2,0,2
12/08/2018 06:00:00 AM,1,0,1
12/08/2018 07:00:00 AM,9,5,4
12/08/2018 08:00:00 AM,4,2,2
12/08/2018 09:00:00 AM,8,2,6
12/08/2018 10:00:00 AM,8,4,4
12/08/2018 11:00:00 AM,18,10,8
12/08/2018 12:00:00 PM,9,5,4
12/08/2018 01:00:00 PM,14,10,4
12/08/2018 02:00:00 PM,14,6,8
12/08/2018 03:00:00 PM,15,10,5
12/08/2018 04:00:00 PM,16,12,4
12/08/2018 05:00:00 PM,14,8,6
12/08/2018 06:00:00 PM,14,3,11
12/08/2018 07:00:00 PM,7,5,2
12/08/2018 08:00:00 PM,0,0,0
12/08/2018 09:00:00 PM,17,14,3
12/08/2018 10:00:00 PM,7,4,3
12/08/2018 11:00:00 PM,4,1,3
12/09/2018 12:00:00 AM,4,0,4
12/09/2018 01:00:00 AM,7,5,2
12/09/2018 02:00:00 AM,4,1,3
12/09/2018 03:00:00 AM,2,0,2
12/09/2018 04:00:00 AM,0,0,0
12/09/2018 05:00:00 AM,0,0,0
12/09/2018 06:00:00 AM,5,3,2
12/09/2018 07:00:00 AM,6,1,5
12/09/2018 08:00:00 AM,5,3,2
12/09/2018 09:00:00 AM,6,2,4
12/09/2018 10:00:00 AM,3,3,0
12/09/2018 11:00:00 AM,2,0,2
12/09/2018 12:00:00 PM,7,5,2
12/09/2018 01:00:00 PM,4,2,2
12/09/2018 02:00:00 PM,9,5,4
12/09/2018 03:00:00 PM,9,4,5
12/09/2018 04:00:00 PM,2,1,1
12/09/2018 05:00:00 PM,5,4,1
12/09/2018 06:00:00 PM,8,0,8
12/09/2018 07:00:00 PM,5,3,2
12/09/2018 08:00:00 PM,3,2,1
12/09/2018 09:00:00 PM,2,0,2
12/09/2018 10:00:00 PM,7,2,5
12/09/2018 11:00:00 PM,0,0,0
12/10/2018 12:00:00 AM,2,0,2
12/10/2018 01:00:00 AM,0,0,0
12/10/2018 02:00:00 AM,1,1,0
12/10/2018 03:00:00 AM,0,0,0
12/10/2018 04:00:00 AM,1,0,1
12/10/2018 05:00:00 AM,8,2,6
12/10/2018 06:00:00 AM,9,2,7
12/10/2018 07:00:00 AM,18,6,12
12/10/2018 08:00:00 AM,24,9,15
12/10/2018 09:00:00 AM,23,7,16
12/10/2018 10:00:00 AM,8,3,5
12/10/2018 11:00:00 AM,20,8,12
12/10/2018 12:00:00 PM,14,4,10
12/10/2018 01:00:00 PM,13,8,5
12/10/2018 02:00:00 PM,7,4,3
12/10/2018 03:00:00 PM,18,10,8
12/10/2018 04:00:00 PM,26,20,6
12/10/2018 05:00:00 PM,34,23,11
12/10/2018 06:00:00 PM,32,16,16
12/10/2018 07:00:00 PM,18,9,9
12/10/2018 08:00:00 PM,15,4,11
12/10/2018 09:00:00 PM,13,5,8
12/10/2018 10:00:00 PM,4,1,3
12/10/2018 11:00:00 PM,5,5,0
12/11/2018 12:00:00 AM,3,0,3
12/11/2018 01:00:00 AM,2,0,2
12/11/2018 02:00:00 AM,0,0,0
12/11/2018 03:00:00 AM,0,0,0
12/11/2018 04:00:00 AM,1,0,1
12/11/2018 05:00:00 AM,1,0,1
12/11/2018 06:00:00 AM,8,4,4
12/11/2018 07:00:00 AM,21,6,15
12/11/2018 08:00:00 AM,23,7,16
12/11/2018 09:00:00 AM,10,7,3
12/11/2018 10:00:00 AM,15,7,8
12/11/2018 11:00:00 AM,9,4,5
12/11/2018 12:00:00 PM,5,3,2
12/11/2018 01:00:00 PM,10,4,6
12/11/2018 02:00:00 PM,3,2,1
12/11/2018 03:00:00 PM,14,9,5
12/11/2018 04:00:00 PM,15,9,6
12/11/2018 05:00:00 PM,26,20,6
12/11/2018 06:00:00 PM,32,19,13
12/11/2018 07:00:00 PM,24,13,11
12/11/2018 08:00:00 PM,11,5,6
12/11/2018 09:00:00 PM,8,2,6
12/11/2018 10:00:00 PM,5,3,2
12/11/2018 11:00:00 PM,8,3,5
12/12/2018 12:00:00 AM,5,2,3
12/12/2018 01:00:00 AM,2,1,1
12/12/2018 02:00:00 AM,2,1,1
12/12/2018 03:00:00 AM,0,0,0
12/12/2018 04:00:00 AM,2,1,1
12/12/2018 05:00:00 AM,2,0,2
12/12/2018 06:00:00 AM,11,2,9
12/12/2018 07:00:00 AM,18,5,13
12/12/2018 08:00:00 AM,27,10,17
12/12/2018 09:00:00 AM,20,3,17
12/12/2018 10:00:00 AM,16,4,12
12/12/2018 11:00:00 AM,7,5,2
12/12/2018 12:00:00 PM,17,11,6
12/12/2018 01:00:00 PM,10,5,5
12/12/2018 02:00:00 PM,12,6,6
12/12/2018 03:00:00 PM,20,13,7
12/12/2018 04:00:00 PM,26,19,7
12/12/2018 05:00:00 PM,39,20,19
12/12/2018 06:00:00 PM,31,16,15
12/12/2018 07:00:00 PM,17,7,10
12/12/2018 08:00:00 PM,11,5,6
12/12/2018 09:00:00 PM,8,5,3
12/12/2018 10:00:00 PM,5,1,4
12/12/2018 11:00:00 PM,3,2,1
12/13/2018 12:00:00 AM,4,2,2
12/13/2018 01:00:00 AM,0,0,0
12/13/2018 02:00:00 AM,4,2,2
12/13/2018 03:00:00 AM,1,0,1
12/13/2018 04:00:00 AM,3,0,3
12/13/2018 05:00:00 AM,2,1,1
12/13/2018 06:00:00 AM,7,0,7
12/13/2018 07:00:00 AM,11,5,6
12/13/2018 08:00:00 AM,30,9,21
12/13/2018 09:00:00 AM,17,10,7
12/13/2018 10:00:00 AM,15,5,10
12/13/2018 11:00:00 AM,12,5,7
12/13/2018 12:00:00 PM,12,7,5
12/13/2018 01:00:00 PM,10,4,6
12/13/2018 02:00:00 PM,14,9,5
12/13/2018 03:00:00 PM,10,5,5
12/13/2018 04:00:00 PM,17,13,4
12/13/2018 05:00:00 PM,33,19,14
12/13/2018 06:00:00 PM,22,10,12
12/13/2018 07:00:00 PM,13,10,3
12/13/2018 08:00:00 PM,16,10,6
12/13/2018 09:00:00 PM,8,2,6
12/13/2018 10:00:00 PM,6,1,5
12/13/2018 11:00:00 PM,7,2,5
12/14/2018 12:00:00 AM,4,2,2
12/14/2018 01:00:00 AM,0,0,0
12/14/2018 02:00:00 AM,3,1,2
12/14/2018 03:00:00 AM,1,0,1
12/14/2018 04:00:00 AM,2,0,2
12/14/2018 05:00:00 AM,1,0,1
12/14/2018 06:00:00 AM,13,2,11
12/14/2018 07:00:00 AM,18,3,15
12/14/2018 08:00:00 AM,17,6,11
12/14/2018 09:00:00 AM,12,3,9
12/14/2018 10:00:00 AM,8,5,3
12/14/2018 11:00:00 AM,11,4,7
12/14/2018 12:00:00 PM,20,10,10
12/14/2018 01:00:00 PM,20,10,10
12/14/2018 02:00:00 PM,8,3,5
12/14/2018 03:00:00 PM,13,6,7
12/14/2018 04:00:00 PM,28,16,12
12/14/2018 05:00:00 PM,38,23,15
12/14/2018 06:00:00 PM,20,10,10
12/14/2018 07:00:00 PM,21,13,8
12/14/2018 08:00:00 PM,13,4,9
12/14/2018 09:00:00 PM,6,4,2
12/14/2018 10:00:00 PM,7,4,3
12/14/2018 11:00:00 PM,5,3,2
12/15/2018 12:00:00 AM,0,0,0
12/15/2018 01:00:00 AM,7,1,6
12/15/2018 02:00:00 AM,2,2,0
12/15/2018 03:00:00 AM,1,0,1
12/15/2018 04:00:00 AM,0,0,0
12/15/2018 05:00:00 AM,7,3,4
12/15/2018 06:00:00 AM,5,1,4
12/15/2018 07:00:00 AM,6,2,4
12/15/2018 08:00:00 AM,7,5,2
12/15/2018 09:00:00 AM,4,1,3
12/15/2018 10:00:00 AM,7,4,3
12/15/2018 11:00:00 AM,7,3,4
12/15/2018 12:00:00 PM,8,4,4
12/15/2018 01:00:00 PM,13,8,5
12/15/2018 02:00:00 PM,12,5,7
12/15/2018 03:00:00 PM,16,8,8
12/15/2018 04:00:00 PM,13,7,6
12/15/2018 05:00:00 PM,8,5,3
12/15/2018 06:00:00 PM,11,3,8
12/15/2018 07:00:00 PM,15,11,4
12/15/2018 08:00:00 PM,9,4,5
12/15/2018 09:00:00 PM,2,2,0
12/15/2018 10:00:00 PM,3,2,1
12/15/2018 11:00:00 PM,2,1,1
12/16/2018 12:00:00 AM,5,1,4
12/16/2018 01:00:00 AM,7,0,7
12/16/2018 02:00:00 AM,4,4,0
12/16/2018 03:00:00 AM,0,0,0
12/16/2018 04:00:00 AM,0,0,0
12/16/2018 05:00:00 AM,1,0,1
12/16/2018 06:00:00 AM,2,1,1
12/16/2018 07:00:00 AM,2,2,0
12/16/2018 08:00:00 AM,5,4,1
12/16/2018 09:00:00 AM,2,2,0
12/16/2018 10:00:00 AM,6,2,4
12/16/2018 11:00:00 AM,9,3,6
12/16/2018 12:00:00 PM,4,2,2
12/16/2018 01:00:00 PM,6,3,3
12/16/2018 02:00:00 PM,13,6,7
12/16/2018 03:00:00 PM,6,3,3
12/16/2018 04:00:00 PM,15,7,8
12/16/2018 05:00:00 PM,4,3,1
12/16/2018 06:00:00 PM,5,1,4
12/16/2018 07:00:00 PM,5,2,3
12/16/2018 08:00:00 PM,3,1,2
12/16/2018 09:00:00 PM,5,1,4
12/16/2018 10:00:00 PM,2,1,1
12/16/2018 11:00:00 PM,1,0,1
12/17/2018 12:00:00 AM,2,1,1
12/17/2018 01:00:00 AM,1,1,0
12/17/2018 02:00:00 AM,0,0,0
12/17/2018 03:00:00 AM,1,0,1
12/17/2018 04:00:00 AM,2,0,2
12/17/2018 05:00:00 AM,1,0,1
12/17/2018 06:00:00 AM,8,2,6
12/17/2018 07:00:00 AM,19,4,15
12/17/2018 08:00:00 AM,27,8,19
12/17/2018 09:00:00 AM,9,2,7
12/17/2018 10:00:00 AM,9,4,5
12/17/2018 11:00:00 AM,10,3,7
12/17/2018 12:00:00 PM,16,5,11
12/17/2018 01:00:00 PM,11,5,6
12/17/2018 02:00:00 PM,18,8,10
12/17/2018 03:00:00 PM,15,11,4
12/17/2018 04:00:00 PM,15,11,4
12/17/2018 05:00:00 PM,29,18,11
12/17/2018 06:00:00 PM,14,6,8
12/17/2018 07:00:00 PM,7,5,2
12/17/2018 08:00:00 PM,8,5,3
12/17/2018 09:00:00 PM,4,1,3
12/17/2018 10:00:00 PM,6,2,4
12/17/2018 11:00:00 PM,2,2,0
12/18/2018 12:00:00 AM,2,1,1
12/18/2018 01:00:00 AM,1,0,1
12/18/2018 02:00:00 AM,0,0,0
12/18/2018 03:00:00 AM,0,0,0
12/18/2018 04:00:00 AM,1,0,1
12/18/2018 05:00:00 AM,0,0,0
12/18/2018 06:00:00 AM,6,1,5
12/18/2018 07:00:00 AM,18,3,15
12/18/2018 08:00:00 AM,20,6,14
12/18/2018 09:00:00 AM,13,2,11
12/18/2018 10:00:00 AM,10,5,5
12/18/2018 11:00:00 AM,10,6,4
12/18/2018 12:00:00 PM,7,0,7
12/18/2018 01:00:00 PM,4,1,3
12/18/2018 02:00:00 PM,17,10,7
12/18/2018 03:00:00 PM,16,8,8
12/18/2018 04:00:00 PM,14,12,2
12/18/2018 05:00:00 PM,20,16,4
12/18/2018 06:00:00 PM,24,15,9
12/18/2018 07:00:00 PM,8,2,6
12/18/2018 08:00:00 PM,12,4,8
12/18/2018 09:00:00 PM,6,2,4
12/18/2018 10:00:00 PM,2,0,2
12/18/2018 11:00:00 PM,7,2,5
12/19/2018 12:00:00 AM,1,1,0
12/19/2018 01:00:00 AM,2,0,2
12/19/2018 02:00:00 AM,0,0,0
12/19/2018 03:00:00 AM,0,0,0
12/19/2018 04:00:00 AM,0,0,0
12/19/2018 05:00:00 AM,1,0,1
12/19/2018 06:00:00 AM,12,2,10
12/19/2018 07:00:00 AM,25,3,22
12/19/2018 08:00:00 AM,28,8,20
12/19/2018 09:00:00 AM,18,9,9
12/19/2018 10:00:00 AM,7,3,4
12/19/2018 11:00:00 AM,13,7,6
12/19/2018 12:00:00 PM,9,2,7
12/19/2018 01:00:00 PM,4,2,2
12/19/2018 02:00:00 PM,13,8,5
12/19/2018 03:00:00 PM,14,7,7
12/19/2018 04:00:00 PM,20,11,9
12/19/2018 05:00:00 PM,36,22,14
12/19/2018 06:00:00 PM,17,10,7
12/19/2018 07:00:00 PM,24,13,11
12/19/2018 08:00:00 PM,6,3,3
12/19/2018 09:00:00 PM,11,7,4
12/19/2018 10:00:00 PM,7,1,6
12/19/2018 11:00:00 PM,3,3,0
12/20/2018 12:00:00 AM,4,2,2
12/20/2018 01:00:00 AM,1,1,0
12/20/2018 02:00:00 AM,0,0,0
12/20/2018 03:00:00 AM,1,0,1
12/20/2018 04:00:00 AM,7,0,7
12/20/2018 05:00:00 AM,4,2,2
12/20/2018 06:00:00 AM,8,2,6
12/20/2018 07:00:00 AM,10,1,9
12/20/2018 08:00:00 AM,14,4,10
12/20/2018 09:00:00 AM,16,6,10
12/20/2018 10:00:00 AM,6,3,3
12/20/2018 11:00:00 AM,5,1,4
12/20/2018 12:00:00 PM,7,2,5
12/20/2018 01:00:00 PM,2,1,1
12/20/2018 02:00:00 PM,6,3,3
12/20/2018 03:00:00 PM,7,4,3
12/20/2018 04:00:00 PM,23,11,12
12/20/2018 05:00:00 PM,30,24,6
12/20/2018 06:00:00 PM,13,2,11
12/20/2018 07:00:00 PM,11,9,2
12/20/2018 08:00:00 PM,4,3,1
12/20/2018 09:00:00 PM,3,1,2
12/20/2018 10:00:00 PM,5,4,1
12/20/2018 11:00:00 PM,14,9,5
12/21/2018 12:00:00 AM,2,1,1
12/21/2018 01:00:00 AM,1,0,1
12/21/2018 02:00:00 AM,2,0,2
12/21/2018 03:00:00 AM,0,0,0
12/21/2018 04:00:00 AM,1,0,1
12/21/2018 05:00:00 AM,2,0,2
12/21/2018 06:00:00 AM,10,1,9
12/21/2018 07:00:00 AM,20,6,14
12/21/2018 08:00:00 AM,16,6,10
12/21/2018 09:00:00 AM,15,3,12
12/21/2018 10:00:00 AM,7,3,4
12/21/2018 11:00:00 AM,8,4,4
12/21/2018 12:00:00 PM,15,6,9
12/21/2018 01:00:00 PM,12,6,6
12/21/2018 02:00:00 PM,8,3,5
12/21/2018 03:00:00 PM,17,11,6
12/21/2018 04:00:00 PM,29,17,12
12/21/2018 05:00:00 PM,28,21,7
12/21/2018 06:00:00 PM,22,11,11
12/21/2018 07:00:00 PM,13,6,7
12/21/2018 08:00:00 PM,11,6,5
12/21/2018 09:00:00 PM,8,3,5
12/21/2018 10:00:00 PM,4,0,4
12/21/2018 11:00:00 PM,9,3,6
12/22/2018 12:00:00 AM,1,0,1
12/22/2018 01:00:00 AM,3,3,0
12/22/2018 02:00:00 AM,9,1,8
12/22/2018 03:00:00 AM,2,0,2
12/22/2018 04:00:00 AM,0,0,0
12/22/2018 05:00:00 AM,0,0,0
12/22/2018 06:00:00 AM,6,3,3
12/22/2018 07:00:00 AM,4,0,4
12/22/2018 08:00:00 AM,4,3,1
12/22/2018 09:00:00 AM,5,2,3
12/22/2018 10:00:00 AM,6,3,3
12/22/2018 11:00:00 AM,13,4,9
12/22/2018 12:00:00 PM,5,3,2
12/22/2018 01:00:00 PM,8,4,4
12/22/2018 02:00:00 PM,16,8,8
12/22/2018 03:00:00 PM,12,4,8
12/22/2018 04:00:00 PM,14,9,5
12/22/2018 05:00:00 PM,8,4,4
12/22/2018 06:00:00 PM,6,1,5
12/22/2018 07:00:00 PM,8,6,2
12/22/2018 08:00:00 PM,1,1,0
12/22/2018 09:00:00 PM,3,2,1
12/22/2018 10:00:00 PM,3,1,2
12/22/2018 11:00:00 PM,2,1,1
12/23/2018 12:00:00 AM,2,1,1
12/23/2018 01:00:00 AM,3,0,3
12/23/2018 02:00:00 AM,2,1,1
12/23/2018 03:00:00 AM,0,0,0
12/23/2018 04:00:00 AM,0,0,0
12/23/2018 05:00:00 AM,0,0,0
12/23/2018 06:00:00 AM,2,0,2
12/23/2018 07:00:00 AM,2,1,1
12/23/2018 08:00:00 AM,3,2,1
12/23/2018 09:00:00 AM,0,0,0
12/23/2018 10:00:00 AM,3,3,0
12/23/2018 11:00:00 AM,9,4,5
12/23/2018 12:00:00 PM,1,1,0
12/23/2018 01:00:00 PM,9,5,4
12/23/2018 02:00:00 PM,4,1,3
12/23/2018 03:00:00 PM,7,6,1
12/23/2018 04:00:00 PM,8,5,3
12/23/2018 05:00:00 PM,9,3,6
12/23/2018 06:00:00 PM,8,3,5
12/23/2018 07:00:00 PM,10,5,5
12/23/2018 08:00:00 PM,9,4,5
12/23/2018 09:00:00 PM,4,2,2
12/23/2018 10:00:00 PM,1,0,1
12/23/2018 11:00:00 PM,1,1,0
12/24/2018 12:00:00 AM,3,1,2
12/24/2018 01:00:00 AM,1,1,0
12/24/2018 02:00:00 AM,0,0,0
12/24/2018 03:00:00 AM,0,0,0
12/24/2018 04:00:00 AM,3,1,2
12/24/2018 05:00:00 AM,2,0,2
12/24/2018 06:00:00 AM,7,1,6
12/24/2018 07:00:00 AM,7,2,5
12/24/2018 08:00:00 AM,11,1,10
12/24/2018 09:00:00 AM,7,4,3
12/24/2018 10:00:00 AM,12,8,4
12/24/2018 11:00:00 AM,6,3,3
12/24/2018 12:00:00 PM,8,4,4
12/24/2018 01:00:00 PM,13,7,6
12/24/2018 02:00:00 PM,24,12,12
12/24/2018 03:00:00 PM,5,5,0
12/24/2018 04:00:00 PM,9,4,5
12/24/2018 05:00:00 PM,12,5,7
12/24/2018 06:00:00 PM,8,5,3
12/24/2018 07:00:00 PM,11,5,6
12/24/2018 08:00:00 PM,4,2,2
12/24/2018 09:00:00 PM,4,1,3
12/24/2018 10:00:00 PM,2,2,0
12/24/2018 11:00:00 PM,2,2,0
12/25/2018 12:00:00 AM,3,2,1
12/25/2018 01:00:00 AM,0,0,0
12/25/2018 02:00:00 AM,0,0,0
12/25/2018 03:00:00 AM,0,0,0
12/25/2018 04:00:00 AM,0,0,0
12/25/2018 05:00:00 AM,0,0,0
12/25/2018 06:00:00 AM,0,0,0
12/25/2018 07:00:00 AM,4,2,2
12/25/2018 08:00:00 AM,0,0,0
12/25/2018 09:00:00 AM,0,0,0
12/25/2018 10:00:00 AM,1,0,1
12/25/2018 11:00:00 AM,4,3,1
12/25/2018 12:00:00 PM,4,3,1
12/25/2018 01:00:00 PM,1,0,1
12/25/2018 02:00:00 PM,6,2,4
12/25/2018 03:00:00 PM,3,2,1
12/25/2018 04:00:00 PM,1,1,0
12/25/2018 05:00:00 PM,3,2,1
12/25/2018 06:00:00 PM,5,2,3
12/25/2018 07:00:00 PM,3,3,0
12/25/2018 08:00:00 PM,0,0,0
12/25/2018 09:00:00 PM,5,0,5
12/25/2018 10:00:00 PM,5,2,3
12/25/2018 11:00:00 PM,3,2,1
12/26/2018 12:00:00 AM,0,0,0
12/26/2018 01:00:00 AM,0,0,0
12/26/2018 02:00:00 AM,1,0,1
12/26/2018 03:00:00 AM,0,0,0
12/26/2018 04:00:00 AM,0,0,0
12/26/2018 05:00:00 AM,1,1,0
12/26/2018 06:00:00 AM,10,2,8
12/26/2018 07:00:00 AM,12,2,10
12/26/2018 08:00:00 AM,7,2,5
12/26/2018 09:00:00 AM,6,1,5
12/26/2018 10:00:00 AM,9,3,6
12/26/2018 11:00:00 AM,5,3,2
12/26/2018 12:00:00 PM,6,2,4
12/26/2018 01:00:00 PM,8,4,4
12/26/2018 02:00:00 PM,8,3,5
12/26/2018 03:00:00 PM,13,5,8
12/26/2018 04:00:00 PM,9,6,3
12/26/2018 05:00:00 PM,9,6,3
12/26/2018 06:00:00 PM,14,10,4
12/26/2018 07:00:00 PM,10,4,6
12/26/2018 08:00:00 PM,8,3,5
12/26/2018 09:00:00 PM,4,1,3
12/26/2018 10:00:00 PM,2,0,2
12/26/2018 11:00:00 PM,2,2,0
12/27/2018 12:00:00 AM,0,0,0
12/27/2018 01:00:00 AM,0,0,0
12/27/2018 02:00:00 AM,0,0,0
12/27/2018 03:00:00 AM,0,0,0
12/27/2018 04:00:00 AM,1,0,1
12/27/2018 05:00:00 AM,1,0,1
12/27/2018 06:00:00 AM,6,1,5
12/27/2018 07:00:00 AM,16,2,14
12/27/2018 08:00:00 AM,16,11,5
12/27/2018 09:00:00 AM,9,5,4
12/27/2018 10:00:00 AM,10,6,4
12/27/2018 11:00:00 AM,7,1,6
12/27/2018 12:00:00 PM,13,5,8
12/27/2018 01:00:00 PM,6,2,4
12/27/2018 02:00:00 PM,11,4,7
12/27/2018 03:00:00 PM,10,7,3
12/27/2018 04:00:00 PM,25,16,9
12/27/2018 05:00:00 PM,27,15,12
12/27/2018 06:00:00 PM,18,9,9
12/27/2018 07:00:00 PM,9,4,5
12/27/2018 08:00:00 PM,6,4,2
12/27/2018 09:00:00 PM,4,3,1
12/27/2018 10:00:00 PM,7,4,3
12/27/2018 11:00:00 PM,8,5,3
12/28/2018 12:00:00 AM,1,1,0
12/28/2018 01:00:00 AM,1,1,0
12/28/2018 02:00:00 AM,0,0,0
12/28/2018 03:00:00 AM,0,0,0
12/28/2018 04:00:00 AM,1,0,1
12/28/2018 05:00:00 AM,8,3,5
12/28/2018 06:00:00 AM,8,1,7
12/28/2018 07:00:00 AM,12,2,10
12/28/2018 08:00:00 AM,13,4,9
12/28/2018 09:00:00 AM,7,5,2
12/28/2018 10:00:00 AM,4,2,2
12/28/2018 11:00:00 AM,4,2,2
12/28/2018 12:00:00 PM,5,2,3
12/28/2018 01:00:00 PM,7,4,3
12/28/2018 02:00:00 PM,7,5,2
12/28/2018 03:00:00 PM,9,5,4
12/28/2018 04:00:00 PM,11,6,5
12/28/2018 05:00:00 PM,15,11,4
12/28/2018 06:00:00 PM,13,5,8
12/28/2018 07:00:00 PM,17,10,7
12/28/2018 08:00:00 PM,3,1,2
12/28/2018 09:00:00 PM,3,2,1
12/28/2018 10:00:00 PM,5,2,3
12/28/2018 11:00:00 PM,5,4,1
12/29/2018 12:00:00 AM,2,1,1
12/29/2018 01:00:00 AM,0,0,0
12/29/2018 02:00:00 AM,3,0,3
12/29/2018 03:00:00 AM,0,0,0
12/29/2018 04:00:00 AM,0,0,0
12/29/2018 05:00:00 AM,1,0,1
12/29/2018 06:00:00 AM,2,0,2
12/29/2018 07:00:00 AM,3,2,1
12/29/2018 08:00:00 AM,2,0,2
12/29/2018 09:00:00 AM,5,2,3
12/29/2018 10:00:00 AM,6,4,2
12/29/2018 11:00:00 AM,5,4,1
12/29/2018 12:00:00 PM,1,1,0
12/29/2018 01:00:00 PM,5,2,3
12/29/2018 02:00:00 PM,9,3,6
12/29/2018 03:00:00 PM,4,0,4
12/29/2018 04:00:00 PM,5,1,4
12/29/2018 05:00:00 PM,8,6,2
12/29/2018 06:00:00 PM,9,4,5
12/29/2018 07:00:00 PM,6,3,3
12/29/2018 08:00:00 PM,1,1,0
12/29/2018 09:00:00 PM,4,1,3
12/29/2018 10:00:00 PM,5,1,4
12/29/2018 11:00:00 PM,6,4,2
12/30/2018 12:00:00 AM,1,1,0
12/30/2018 01:00:00 AM,3,1,2
12/30/2018 02:00:00 AM,1,0,1
12/30/2018 03:00:00 AM,1,0,1
12/30/2018 04:00:00 AM,0,0,0
12/30/2018 05:00:00 AM,2,0,2
12/30/2018 06:00:00 AM,5,1,4
12/30/2018 07:00:00 AM,3,2,1
12/30/2018 08:00:00 AM,5,3,2
12/30/2018 09:00:00 AM,3,1,2
12/30/2018 10:00:00 AM,7,2,5
12/30/2018 11:00:00 AM,6,2,4
12/30/2018 12:00:00 PM,12,2,10
12/30/2018 01:00:00 PM,17,9,8
12/30/2018 02:00:00 PM,10,7,3
12/30/2018 03:00:00 PM,17,7,10
12/30/2018 04:00:00 PM,12,6,6
12/30/2018 05:00:00 PM,14,8,6
12/30/2018 06:00:00 PM,12,2,10
12/30/2018 07:00:00 PM,8,3,5
12/30/2018 08:00:00 PM,3,2,1
12/30/2018 09:00:00 PM,8,4,4
12/30/2018 10:00:00 PM,6,3,3
12/30/2018 11:00:00 PM,4,3,1
12/31/2018 12:00:00 AM,3,1,2
12/31/2018 01:00:00 AM,2,0,2
12/31/2018 02:00:00 AM,3,1,2
12/31/2018 03:00:00 AM,0,0,0
12/31/2018 04:00:00 AM,2,0,2
12/31/2018 05:00:00 AM,2,0,2
12/31/2018 06:00:00 AM,7,0,7
12/31/2018 07:00:00 AM,16,5,11
12/31/2018 08:00:00 AM,10,2,8
12/31/2018 09:00:00 AM,5,2,3
12/31/2018 10:00:00 AM,15,6,9
12/31/2018 11:00:00 AM,3,3,0
12/31/2018 12:00:00 PM,5,2,3
12/31/2018 01:00:00 PM,11,6,5
12/31/2018 02:00:00 PM,10,7,3
12/31/2018 03:00:00 PM,10,5,5
12/31/2018 04:00:00 PM,19,14,5
12/31/2018 05:00:00 PM,24,13,11
12/31/2018 06:00:00 PM,15,10,5
12/31/2018 07:00:00 PM,10,7,3
12/31/2018 08:00:00 PM,8,4,4
12/31/2018 09:00:00 PM,9,3,6
12/31/2018 10:00:00 PM,1,1,0
12/31/2018 11:00:00 PM,6,0,6
01/01/2019 12:00:00 AM,5,2,3
01/01/2019 01:00:00 AM,15,4,11
01/01/2019 02:00:00 AM,3,1,2
01/01/2019 03:00:00 AM,0,0,0
01/01/2019 04:00:00 AM,1,0,1
01/01/2019 05:00:00 AM,1,0,1
01/01/2019 06:00:00 AM,1,1,0
01/01/2019 07:00:00 AM,1,1,0
01/01/2019 08:00:00 AM,4,2,2
01/01/2019 09:00:00 AM,1,1,0
01/01/2019 10:00:00 AM,6,1,5
01/01/2019 11:00:00 AM,2,2,0
01/01/2019 12:00:00 PM,7,5,2
01/01/2019 01:00:00 PM,12,5,7
01/01/2019 02:00:00 PM,15,6,9
01/01/2019 03:00:00 PM,10,5,5
01/01/2019 04:00:00 PM,15,9,6
01/01/2019 05:00:00 PM,10,1,9
01/01/2019 06:00:00 PM,11,6,5
01/01/2019 07:00:00 PM,3,1,2
01/01/2019 08:00:00 PM,3,2,1
01/01/2019 09:00:00 PM,8,1,7
01/01/2019 10:00:00 PM,1,1,0
01/01/2019 11:00:00 PM,2,2,0
01/02/2019 12:00:00 AM,1,0,1
01/02/2019 01:00:00 AM,1,0,1
01/02/2019 02:00:00 AM,0,0,0
01/02/2019 03:00:00 AM,0,0,0
01/02/2019 04:00:00 AM,2,0,2
01/02/2019 05:00:00 AM,3,1,2
01/02/2019 06:00:00 AM,4,0,4
01/02/2019 07:00:00 AM,14,1,13
01/02/2019 08:00:00 AM,24,7,17
01/02/2019 09:00:00 AM,18,8,10
01/02/2019 10:00:00 AM,14,6,8
01/02/2019 11:00:00 AM,12,2,10
01/02/2019 12:00:00 PM,13,6,7
01/02/2019 01:00:00 PM,13,8,5
01/02/2019 02:00:00 PM,14,4,10
01/02/2019 03:00:00 PM,15,10,5
01/02/2019 04:00:00 PM,28,17,11
01/02/2019 05:00:00 PM,36,28,8
01/02/2019 06:00:00 PM,26,13,13
01/02/2019 07:00:00 PM,21,9,12
01/02/2019 08:00:00 PM,14,3,11
01/02/2019 09:00:00 PM,4,0,4
01/02/2019 10:00:00 PM,2,1,1
01/02/2019 11:00:00 PM,4,3,1
01/03/2019 12:00:00 AM,7,3,4
01/03/2019 01:00:00 AM,4,2,2
01/03/2019 02:00:00 AM,1,1,0
01/03/2019 03:00:00 AM,0,0,0
01/03/2019 04:00:00 AM,1,0,1
01/03/2019 05:00:00 AM,3,0,3
01/03/2019 06:00:00 AM,7,0,7
01/03/2019 07:00:00 AM,13,2,11
01/03/2019 08:00:00 AM,16,7,9
01/03/2019 09:00:00 AM,9,4,5
01/03/2019 10:00:00 AM,8,4,4
01/03/2019 11:00:00 AM,11,6,5
01/03/2019 12:00:00 PM,8,1,7
01/03/2019 01:00:00 PM,10,5,5
01/03/2019 02:00:00 PM,13,6,7
01/03/2019 03:00:00 PM,15,8,7
01/03/2019 04:00:00 PM,20,14,6
01/03/2019 05:00:00 PM,23,16,7
01/03/2019 06:00:00 PM,24,11,13
01/03/2019 07:00:00 PM,11,6,5
01/03/2019 08:00:00 PM,7,3,4
01/03/2019 09:00:00 PM,7,2,5
01/03/2019 10:00:00 PM,6,2,4
01/03/2019 11:00:00 PM,4,3,1
01/04/2019 12:00:00 AM,2,0,2
01/04/2019 01:00:00 AM,1,1,0
01/04/2019 02:00:00 AM,1,0,1
01/04/2019 03:00:00 AM,0,0,0
01/04/2019 04:00:00 AM,3,0,3
01/04/2019 05:00:00 AM,6,1,5
01/04/2019 06:00:00 AM,7,0,7
01/04/2019 07:00:00 AM,16,3,13
01/04/2019 08:00:00 AM,18,2,16
01/04/2019 09:00:00 AM,24,15,9
01/04/2019 10:00:00 AM,9,3,6
01/04/2019 11:00:00 AM,18,11,7
01/04/2019 12:00:00 PM,10,4,6
01/04/2019 01:00:00 PM,15,9,6
01/04/2019 02:00:00 PM,12,6,6
01/04/2019 03:00:00 PM,8,5,3
01/04/2019 04:00:00 PM,27,21,6
01/04/2019 05:00:00 PM,41,29,12
01/04/2019 06:00:00 PM,32,13,19
01/04/2019 07:00:00 PM,28,16,12
01/04/2019 08:00:00 PM,12,8,4
01/04/2019 09:00:00 PM,6,1,5
01/04/2019 10:00:00 PM,7,3,4
01/04/2019 11:00:00 PM,7,4,3
01/05/2019 12:00:00 AM,6,4,2
01/05/2019 01:00:00 AM,5,3,2
01/05/2019 02:00:00 AM,0,0,0
01/05/2019 03:00:00 AM,0,0,0
01/05/2019 04:00:00 AM,0,0,0
01/05/2019 05:00:00 AM,2,1,1
01/05/2019 06:00:00 AM,3,0,3
01/05/2019 07:00:00 AM,6,1,5
01/05/2019 08:00:00 AM,6,2,4
01/05/2019 09:00:00 AM,9,3,6
01/05/2019 10:00:00 AM,9,0,9
01/05/2019 11:00:00 AM,14,8,6
01/05/2019 12:00:00 PM,7,4,3
01/05/2019 01:00:00 PM,17,8,9
01/05/2019 02:00:00 PM,18,9,9
01/05/2019 03:00:00 PM,22,11,11
01/05/2019 04:00:00 PM,14,7,7
01/05/2019 05:00:00 PM,7,5,2
01/05/2019 06:00:00 PM,11,4,7
01/05/2019 07:00:00 PM,11,5,6
01/05/2019 08:00:00 PM,7,5,2
01/05/2019 09:00:00 PM,6,2,4
01/05/2019 10:00:00 PM,4,1,3
01/05/2019 11:00:00 PM,3,2,1
01/06/2019 12:00:00 AM,5,1,4
01/06/2019 01:00:00 AM,3,1,2
01/06/2019 02:00:00 AM,0,0,0
01/06/2019 03:00:00 AM,2,0,2
01/06/2019 04:00:00 AM,0,0,0
01/06/2019 05:00:00 AM,0,0,0
01/06/2019 06:00:00 AM,5,0,5
01/06/2019 07:00:00 AM,4,3,1
01/06/2019 08:00:00 AM,3,2,1
01/06/2019 09:00:00 AM,1,1,0
01/06/2019 10:00:00 AM,8,3,5
01/06/2019 11:00:00 AM,8,4,4
01/06/2019 12:00:00 PM,7,3,4
01/06/2019 01:00:00 PM,11,5,6
01/06/2019 02:00:00 PM,20,11,9
01/06/2019 03:00:00 PM,8,3,5
01/06/2019 04:00:00 PM,12,5,7
01/06/2019 05:00:00 PM,9,3,6
01/06/2019 06:00:00 PM,14,5,9
01/06/2019 07:00:00 PM,6,3,3
01/06/2019 08:00:00 PM,7,5,2
01/06/2019 09:00:00 PM,0,0,0
01/06/2019 10:00:00 PM,5,0,5
01/06/2019 11:00:00 PM,3,1,2
01/07/2019 12:00:00 AM,1,0,1
01/07/2019 01:00:00 AM,1,0,1
01/07/2019 02:00:00 AM,1,0,1
01/07/2019 03:00:00 AM,0,0,0
01/07/2019 04:00:00 AM,1,0,1
01/07/2019 05:00:00 AM,4,0,4
01/07/2019 06:00:00 AM,8,1,7
01/07/2019 07:00:00 AM,25,6,19
01/07/2019 08:00:00 AM,34,14,20
01/07/2019 09:00:00 AM,14,5,9
01/07/2019 10:00:00 AM,14,4,10
01/07/2019 11:00:00 AM,11,5,6
01/07/2019 12:00:00 PM,11,3,8
01/07/2019 01:00:00 PM,11,6,5
01/07/2019 02:00:00 PM,14,5,9
01/07/2019 03:00:00 PM,17,13,4
01/07/2019 04:00:00 PM,38,27,11
01/07/2019 05:00:00 PM,55,32,23
01/07/2019 06:00:00 PM,40,13,27
01/07/2019 07:00:00 PM,23,12,11
01/07/2019 08:00:00 PM,9,4,5
01/07/2019 09:00:00 PM,9,2,7
01/07/2019 10:00:00 PM,6,2,4
01/07/2019 11:00:00 PM,2,1,1
01/08/2019 12:00:00 AM,4,2,2
01/08/2019 01:00:00 AM,0,0,0
01/08/2019 02:00:00 AM,0,0,0
01/08/2019 03:00:00 AM,1,1,0
01/08/2019 04:00:00 AM,2,1,1
01/08/2019 05:00:00 AM,5,1,4
01/08/2019 06:00:00 AM,15,4,11
01/08/2019 07:00:00 AM,23,4,19
01/08/2019 08:00:00 AM,27,10,17
01/08/2019 09:00:00 AM,7,3,4
01/08/2019 10:00:00 AM,14,5,9
01/08/2019 11:00:00 AM,12,6,6
01/08/2019 12:00:00 PM,11,2,9
01/08/2019 01:00:00 PM,14,8,6
01/08/2019 02:00:00 PM,14,9,5
01/08/2019 03:00:00 PM,13,11,2
01/08/2019 04:00:00 PM,18,11,7
01/08/2019 05:00:00 PM,31,20,11
01/08/2019 06:00:00 PM,30,12,18
01/08/2019 07:00:00 PM,12,7,5
01/08/2019 08:00:00 PM,9,5,4
01/08/2019 09:00:00 PM,8,4,4
01/08/2019 10:00:00 PM,2,1,1
01/08/2019 11:00:00 PM,4,2,2
01/09/2019 12:00:00 AM,3,1,2
01/09/2019 01:00:00 AM,2,1,1
01/09/2019 02:00:00 AM,0,0,0
01/09/2019 03:00:00 AM,1,0,1
01/09/2019 04:00:00 AM,1,0,1
01/09/2019 05:00:00 AM,4,2,2
01/09/2019 06:00:00 AM,10,2,8
01/09/2019 07:00:00 AM,13,3,10
01/09/2019 08:00:00 AM,25,7,18
01/09/2019 09:00:00 AM,16,6,10
01/09/2019 10:00:00 AM,6,2,4
01/09/2019 11:00:00 AM,12,4,8
01/09/2019 12:00:00 PM,6,1,5
01/09/2019 01:00:00 PM,8,5,3
01/09/2019 02:00:00 PM,13,4,9
01/09/2019 03:00:00 PM,14,8,6
01/09/2019 04:00:00 PM,27,19,8
01/09/2019 05:00:00 PM,37,22,15
01/09/2019 06:00:00 PM,30,10,20
01/09/2019 07:00:00 PM,17,8,9
01/09/2019 08:00:00 PM,13,7,6
01/09/2019 09:00:00 PM,7,4,3
01/09/2019 10:00:00 PM,3,2,1
01/09/2019 11:00:00 PM,7,5,2
01/10/2019 12:00:00 AM,4,3,1
01/10/2019 01:00:00 AM,0,0,0
01/10/2019 02:00:00 AM,0,0,0
01/10/2019 03:00:00 AM,0,0,0
01/10/2019 04:00:00 AM,3,0,3
01/10/2019 05:00:00 AM,3,1,2
01/10/2019 06:00:00 AM,13,4,9
01/10/2019 07:00:00 AM,18,2,16
01/10/2019 08:00:00 AM,32,12,20
01/10/2019 09:00:00 AM,23,7,16
01/10/2019 10:00:00 AM,11,4,7
01/10/2019 11:00:00 AM,8,3,5
01/10/2019 12:00:00 PM,17,8,9
01/10/2019 01:00:00 PM,16,11,5
01/10/2019 02:00:00 PM,9,8,1
01/10/2019 03:00:00 PM,18,5,13
01/10/2019 04:00:00 PM,26,16,10
01/10/2019 05:00:00 PM,50,34,16
01/10/2019 06:00:00 PM,38,17,21
01/10/2019 07:00:00 PM,13,7,6
01/10/2019 08:00:00 PM,13,6,7
01/10/2019 09:00:00 PM,8,1,7
01/10/2019 10:00:00 PM,6,3,3
01/10/2019 11:00:00 PM,5,1,4
01/11/2019 12:00:00 AM,2,1,1
01/11/2019 01:00:00 AM,1,1,0
01/11/2019 02:00:00 AM,0,0,0
01/11/2019 03:00:00 AM,0,0,0
01/11/2019 04:00:00 AM,6,2,4
01/11/2019 05:00:00 AM,2,1,1
01/11/2019 06:00:00 AM,16,3,13
01/11/2019 07:00:00 AM,18,4,14
01/11/2019 08:00:00 AM,30,8,22
01/11/2019 09:00:00 AM,19,8,11
01/11/2019 10:00:00 AM,12,6,6
01/11/2019 11:00:00 AM,11,8,3
01/11/2019 12:00:00 PM,19,9,10
01/11/2019 01:00:00 PM,10,5,5
01/11/2019 02:00:00 PM,21,6,15
01/11/2019 03:00:00 PM,16,14,2
01/11/2019 04:00:00 PM,25,15,10
01/11/2019 05:00:00 PM,46,32,14
01/11/2019 06:00:00 PM,33,11,22
01/11/2019 07:00:00 PM,18,10,8
01/11/2019 08:00:00 PM,13,4,9
01/11/2019 09:00:00 PM,15,8,7
01/11/2019 10:00:00 PM,16,8,8
01/11/2019 11:00:00 PM,4,2,2
01/12/2019 12:00:00 AM,14,8,6
01/12/2019 01:00:00 AM,4,1,3
01/12/2019 02:00:00 AM,2,0,2
01/12/2019 03:00:00 AM,1,0,1
01/12/2019 04:00:00 AM,0,0,0
01/12/2019 05:00:00 AM,1,0,1
01/12/2019 06:00:00 AM,8,2,6
01/12/2019 07:00:00 AM,2,0,2
01/12/2019 08:00:00 AM,5,2,3
01/12/2019 09:00:00 AM,6,4,2
01/12/2019 10:00:00 AM,9,5,4
01/12/2019 11:00:00 AM,21,12,9
01/12/2019 12:00:00 PM,12,6,6
01/12/2019 01:00:00 PM,17,6,11
01/12/2019 02:00:00 PM,21,10,11
01/12/2019 03:00:00 PM,25,13,12
01/12/2019 04:00:00 PM,13,7,6
01/12/2019 05:00:00 PM,15,6,9
01/12/2019 06:00:00 PM,13,3,10
01/12/2019 07:00:00 PM,19,7,12
01/12/2019 08:00:00 PM,8,2,6
01/12/2019 09:00:00 PM,9,4,5
01/12/2019 10:00:00 PM,16,9,7
01/12/2019 11:00:00 PM,5,3,2
01/13/2019 12:00:00 AM,8,3,5
01/13/2019 01:00:00 AM,2,0,2
01/13/2019 02:00:00 AM,1,0,1
01/13/2019 03:00:00 AM,1,0,1
01/13/2019 04:00:00 AM,0,0,0
01/13/2019 05:00:00 AM,1,1,0
01/13/2019 06:00:00 AM,12,1,11
01/13/2019 07:00:00 AM,4,3,1
01/13/2019 08:00:00 AM,7,3,4
01/13/2019 09:00:00 AM,8,3,5
01/13/2019 10:00:00 AM,10,3,7
01/13/2019 11:00:00 AM,23,11,12
01/13/2019 12:00:00 PM,12,3,9
01/13/2019 01:00:00 PM,19,7,12
01/13/2019 02:00:00 PM,17,10,7
01/13/2019 03:00:00 PM,24,12,12
01/13/2019 04:00:00 PM,14,8,6
01/13/2019 05:00:00 PM,7,6,1
01/13/2019 06:00:00 PM,18,6,12
01/13/2019 07:00:00 PM,13,5,8
01/13/2019 08:00:00 PM,8,2,6
01/13/2019 09:00:00 PM,5,2,3
01/13/2019 10:00:00 PM,3,1,2
01/13/2019 11:00:00 PM,3,2,1
01/14/2019 12:00:00 AM,3,1,2
01/14/2019 01:00:00 AM,0,0,0
01/14/2019 02:00:00 AM,0,0,0
01/14/2019 03:00:00 AM,0,0,0
01/14/2019 04:00:00 AM,1,0,1
01/14/2019 05:00:00 AM,7,1,6
01/14/2019 06:00:00 AM,13,0,13
01/14/2019 07:00:00 AM,28,8,20
01/14/2019 08:00:00 AM,41,13,28
01/14/2019 09:00:00 AM,28,8,20
01/14/2019 10:00:00 AM,20,8,12
01/14/2019 11:00:00 AM,13,8,5
01/14/2019 12:00:00 PM,19,6,13
01/14/2019 01:00:00 PM,18,6,12
01/14/2019 02:00:00 PM,21,14,7
01/14/2019 03:00:00 PM,27,17,10
01/14/2019 04:00:00 PM,36,28,8
01/14/2019 05:00:00 PM,51,32,19
01/14/2019 06:00:00 PM,43,23,20
01/14/2019 07:00:00 PM,27,14,13
01/14/2019 08:00:00 PM,18,9,9
01/14/2019 09:00:00 PM,3,1,2
01/14/2019 10:00:00 PM,8,5,3
01/14/2019 11:00:00 PM,5,3,2
01/15/2019 12:00:00 AM,4,2,2
01/15/2019 01:00:00 AM,0,0,0
01/15/2019 02:00:00 AM,0,0,0
01/15/2019 03:00:00 AM,1,0,1
01/15/2019 04:00:00 AM,2,1,1
01/15/2019 05:00:00 AM,5,2,3
01/15/2019 06:00:00 AM,15,1,14
01/15/2019 07:00:00 AM,28,1,27
01/15/2019 08:00:00 AM,36,9,27
01/15/2019 09:00:00 AM,21,6,15
01/15/2019 10:00:00 AM,13,3,10
01/15/2019 11:00:00 AM,12,4,8
01/15/2019 12:00:00 PM,22,9,13
01/15/2019 01:00:00 PM,16,6,10
01/15/2019 02:00:00 PM,15,6,9
01/15/2019 03:00:00 PM,28,21,7
01/15/2019 04:00:00 PM,29,24,5
01/15/2019 05:00:00 PM,53,33,20
01/15/2019 06:00:00 PM,36,20,16
01/15/2019 07:00:00 PM,24,10,14
01/15/2019 08:00:00 PM,19,6,13
01/15/2019 09:00:00 PM,16,7,9
01/15/2019 10:00:00 PM,7,4,3
01/15/2019 11:00:00 PM,6,4,2
01/16/2019 12:00:00 AM,4,1,3
01/16/2019 01:00:00 AM,3,2,1
01/16/2019 02:00:00 AM,0,0,0
01/16/2019 03:00:00 AM,0,0,0
01/16/2019 04:00:00 AM,0,0,0
01/16/2019 05:00:00 AM,3,0,3
01/16/2019 06:00:00 AM,13,5,8
01/16/2019 07:00:00 AM,38,6,32
01/16/2019 08:00:00 AM,26,10,16
01/16/2019 09:00:00 AM,18,4,14
01/16/2019 10:00:00 AM,12,3,9
01/16/2019 11:00:00 AM,13,7,6
01/16/2019 12:00:00 PM,16,8,8
01/16/2019 01:00:00 PM,9,4,5
01/16/2019 02:00:00 PM,19,9,10
01/16/2019 03:00:00 PM,17,9,8
01/16/2019 04:00:00 PM,37,25,12
01/16/2019 05:00:00 PM,44,32,12
01/16/2019 06:00:00 PM,36,16,20
01/16/2019 07:00:00 PM,23,10,13
01/16/2019 08:00:00 PM,28,10,18
01/16/2019 09:00:00 PM,9,4,5
01/16/2019 10:00:00 PM,13,8,5
01/16/2019 11:00:00 PM,7,4,3
01/17/2019 12:00:00 AM,0,0,0
01/17/2019 01:00:00 AM,1,1,0
01/17/2019 02:00:00 AM,0,0,0
01/17/2019 03:00:00 AM,0,0,0
01/17/2019 04:00:00 AM,2,0,2
01/17/2019 05:00:00 AM,6,0,6
01/17/2019 06:00:00 AM,13,3,10
01/17/2019 07:00:00 AM,20,6,14
01/17/2019 08:00:00 AM,25,7,18
01/17/2019 09:00:00 AM,16,5,11
01/17/2019 10:00:00 AM,15,5,10
01/17/2019 11:00:00 AM,17,8,9
01/17/2019 12:00:00 PM,16,9,7
01/17/2019 01:00:00 PM,16,5,11
01/17/2019 02:00:00 PM,18,7,11
01/17/2019 03:00:00 PM,16,9,7
01/17/2019 04:00:00 PM,25,17,8
01/17/2019 05:00:00 PM,42,27,15
01/17/2019 06:00:00 PM,30,13,17
01/17/2019 07:00:00 PM,23,13,10
01/17/2019 08:00:00 PM,12,7,5
01/17/2019 09:00:00 PM,7,5,2
01/17/2019 10:00:00 PM,9,4,5
01/17/2019 11:00:00 PM,4,2,2
01/18/2019 12:00:00 AM,1,0,1
01/18/2019 01:00:00 AM,0,0,0
01/18/2019 02:00:00 AM,0,0,0
01/18/2019 03:00:00 AM,2,2,0
01/18/2019 04:00:00 AM,1,0,1
01/18/2019 05:00:00 AM,7,0,7
01/18/2019 06:00:00 AM,12,1,11
01/18/2019 07:00:00 AM,13,4,9
01/18/2019 08:00:00 AM,27,11,16
01/18/2019 09:00:00 AM,27,10,17
01/18/2019 10:00:00 AM,7,4,3
01/18/2019 11:00:00 AM,6,3,3
01/18/2019 12:00:00 PM,12,6,6
01/18/2019 01:00:00 PM,10,6,4
01/18/2019 02:00:00 PM,11,4,7
01/18/2019 03:00:00 PM,16,12,4
01/18/2019 04:00:00 PM,23,18,5
01/18/2019 05:00:00 PM,37,22,15
01/18/2019 06:00:00 PM,27,11,16
01/18/2019 07:00:00 PM,19,8,11
01/18/2019 08:00:00 PM,9,4,5
01/18/2019 09:00:00 PM,2,1,1
01/18/2019 10:00:00 PM,5,2,3
01/18/2019 11:00:00 PM,7,5,2
01/19/2019 12:00:00 AM,4,3,1
01/19/2019 01:00:00 AM,3,1,2
01/19/2019 02:00:00 AM,3,2,1
01/19/2019 03:00:00 AM,0,0,0
01/19/2019 04:00:00 AM,0,0,0
01/19/2019 05:00:00 AM,2,0,2
01/19/2019 06:00:00 AM,6,0,6
01/19/2019 07:00:00 AM,6,3,3
01/19/2019 08:00:00 AM,9,5,4
01/19/2019 09:00:00 AM,5,5,0
01/19/2019 10:00:00 AM,8,2,6
01/19/2019 11:00:00 AM,11,7,4
01/19/2019 12:00:00 PM,21,10,11
01/19/2019 01:00:00 PM,8,6,2
01/19/2019 02:00:00 PM,17,9,8
01/19/2019 03:00:00 PM,15,6,9
01/19/2019 04:00:00 PM,8,6,2
01/19/2019 05:00:00 PM,12,10,2
01/19/2019 06:00:00 PM,15,4,11
01/19/2019 07:00:00 PM,11,6,5
01/19/2019 08:00:00 PM,7,3,4
01/19/2019 09:00:00 PM,5,0,5
01/19/2019 10:00:00 PM,12,7,5
01/19/2019 11:00:00 PM,5,0,5
01/20/2019 12:00:00 AM,4,1,3
01/20/2019 01:00:00 AM,3,1,2
01/20/2019 02:00:00 AM,8,1,7
01/20/2019 03:00:00 AM,2,1,1
01/20/2019 04:00:00 AM,0,0,0
01/20/2019 05:00:00 AM,4,2,2
01/20/2019 06:00:00 AM,7,0,7
01/20/2019 07:00:00 AM,6,2,4
01/20/2019 08:00:00 AM,3,3,0
01/20/2019 09:00:00 AM,4,1,3
01/20/2019 10:00:00 AM,7,5,2
01/20/2019 11:00:00 AM,17,9,8
01/20/2019 12:00:00 PM,16,9,7
01/20/2019 01:00:00 PM,11,3,8
01/20/2019 02:00:00 PM,11,7,4
01/20/2019 03:00:00 PM,12,5,7
01/20/2019 04:00:00 PM,15,8,7
01/20/2019 05:00:00 PM,19,12,7
01/20/2019 06:00:00 PM,17,7,10
01/20/2019 07:00:00 PM,9,4,5
01/20/2019 08:00:00 PM,4,2,2
01/20/2019 09:00:00 PM,5,4,1
01/20/2019 10:00:00 PM,4,3,1
01/20/2019 11:00:00 PM,4,3,1
01/21/2019 12:00:00 AM,3,0,3
01/21/2019 01:00:00 AM,3,1,2
01/21/2019 02:00:00 AM,0,0,0
01/21/2019 03:00:00 AM,0,0,0
01/21/2019 04:00:00 AM,1,0,1
01/21/2019 05:00:00 AM,2,1,1
01/21/2019 06:00:00 AM,5,0,5
01/21/2019 07:00:00 AM,13,5,8
01/21/2019 08:00:00 AM,12,4,8
01/21/2019 09:00:00 AM,8,3,5
01/21/2019 10:00:00 AM,16,6,10
01/21/2019 11:00:00 AM,5,2,3
01/21/2019 12:00:00 PM,13,7,6
01/21/2019 01:00:00 PM,26,17,9
01/21/2019 02:00:00 PM,15,8,7
01/21/2019 03:00:00 PM,14,7,7
01/21/2019 04:00:00 PM,24,12,12
01/21/2019 05:00:00 PM,23,16,7
01/21/2019 06:00:00 PM,22,7,15
01/21/2019 07:00:00 PM,21,9,12
01/21/2019 08:00:00 PM,9,2,7
01/21/2019 09:00:00 PM,6,4,2
01/21/2019 10:00:00 PM,4,1,3
01/21/2019 11:00:00 PM,8,3,5
01/22/2019 12:00:00 AM,3,2,1
01/22/2019 01:00:00 AM,3,2,1
01/22/2019 02:00:00 AM,2,1,1
01/22/2019 03:00:00 AM,0,0,0
01/22/2019 04:00:00 AM,2,0,2
01/22/2019 05:00:00 AM,3,2,1
01/22/2019 06:00:00 AM,14,5,9
01/22/2019 07:00:00 AM,20,4,16
01/22/2019 08:00:00 AM,35,11,24
01/22/2019 09:00:00 AM,22,7,15
01/22/2019 10:00:00 AM,17,5,12
01/22/2019 11:00:00 AM,12,7,5
01/22/2019 12:00:00 PM,18,13,5
01/22/2019 01:00:00 PM,8,4,4
01/22/2019 02:00:00 PM,14,7,7
01/22/2019 03:00:00 PM,17,12,5
01/22/2019 04:00:00 PM,26,20,6
01/22/2019 05:00:00 PM,33,27,6
01/22/2019 06:00:00 PM,34,17,17
01/22/2019 07:00:00 PM,18,6,12
01/22/2019 08:00:00 PM,10,6,4
01/22/2019 09:00:00 PM,8,4,4
01/22/2019 10:00:00 PM,8,2,6
01/22/2019 11:00:00 PM,5,4,1
01/23/2019 12:00:00 AM,2,0,2
01/23/2019 01:00:00 AM,0,0,0
01/23/2019 02:00:00 AM,1,0,1
01/23/2019 03:00:00 AM,0,0,0
01/23/2019 04:00:00 AM,1,0,1
01/23/2019 05:00:00 AM,5,1,4
01/23/2019 06:00:00 AM,11,3,8
01/23/2019 07:00:00 AM,20,6,14
01/23/2019 08:00:00 AM,24,10,14
01/23/2019 09:00:00 AM,16,3,13
01/23/2019 10:00:00 AM,11,6,5
01/23/2019 11:00:00 AM,5,1,4
01/23/2019 12:00:00 PM,11,3,8
01/23/2019 01:00:00 PM,14,7,7
01/23/2019 02:00:00 PM,16,8,8
01/23/2019 03:00:00 PM,18,8,10
01/23/2019 04:00:00 PM,24,19,5
01/23/2019 05:00:00 PM,38,23,15
01/23/2019 06:00:00 PM,46,23,23
01/23/2019 07:00:00 PM,28,10,18
01/23/2019 08:00:00 PM,18,8,10
01/23/2019 09:00:00 PM,18,7,11
01/23/2019 10:00:00 PM,15,6,9
01/23/2019 11:00:00 PM,7,4,3
01/24/2019 12:00:00 AM,2,1,1
01/24/2019 01:00:00 AM,2,1,1
01/24/2019 02:00:00 AM,3,2,1
01/24/2019 03:00:00 AM,0,0,0
01/24/2019 04:00:00 AM,2,1,1
01/24/2019 05:00:00 AM,4,1,3
01/24/2019 06:00:00 AM,13,3,10
01/24/2019 07:00:00 AM,27,7,20
01/24/2019 08:00:00 AM,36,12,24
01/24/2019 09:00:00 AM,22,3,19
01/24/2019 10:00:00 AM,4,2,2
01/24/2019 11:00:00 AM,15,5,10
01/24/2019 12:00:00 PM,16,8,8
01/24/2019 01:00:00 PM,15,3,12
01/24/2019 02:00:00 PM,20,15,5
01/24/2019 03:00:00 PM,18,14,4
01/24/2019 04:00:00 PM,34,19,15
01/24/2019 05:00:00 PM,55,37,18
01/24/2019 06:00:00 PM,34,16,18
01/24/2019 07:00:00 PM,19,9,10
01/24/2019 08:00:00 PM,14,11,3
01/24/2019 09:00:00 PM,15,5,10
01/24/2019 10:00:00 PM,9,3,6
01/24/2019 11:00:00 PM,9,4,5
01/25/2019 12:00:00 AM,1,1,0
01/25/2019 01:00:00 AM,1,0,1
01/25/2019 02:00:00 AM,2,0,2
01/25/2019 03:00:00 AM,0,0,0
01/25/2019 04:00:00 AM,1,0,1
01/25/2019 05:00:00 AM,4,2,2
01/25/2019 06:00:00 AM,16,3,13
01/25/2019 07:00:00 AM,24,6,18
01/25/2019 08:00:00 AM,34,11,23
01/25/2019 09:00:00 AM,28,10,18
01/25/2019 10:00:00 AM,14,9,5
01/25/2019 11:00:00 AM,16,8,8
01/25/2019 12:00:00 PM,21,10,11
01/25/2019 01:00:00 PM,17,6,11
01/25/2019 02:00:00 PM,15,5,10
01/25/2019 03:00:00 PM,22,16,6
01/25/2019 04:00:00 PM,24,12,12
01/25/2019 05:00:00 PM,45,32,13
01/25/2019 06:00:00 PM,38,16,22
01/25/2019 07:00:00 PM,31,14,17
01/25/2019 08:00:00 PM,23,10,13
01/25/2019 09:00:00 PM,8,2,6
01/25/2019 10:00:00 PM,9,4,5
01/25/2019 11:00:00 PM,13,5,8
01/26/2019 12:00:00 AM,4,1,3
01/26/2019 01:00:00 AM,4,1,3
01/26/2019 02:00:00 AM,2,0,2
01/26/2019 03:00:00 AM,0,0,0
01/26/2019 04:00:00 AM,3,0,3
01/26/2019 05:00:00 AM,1,0,1
01/26/2019 06:00:00 AM,7,2,5
01/26/2019 07:00:00 AM,7,4,3
01/26/2019 08:00:00 AM,5,2,3
01/26/2019 09:00:00 AM,9,5,4
01/26/2019 10:00:00 AM,12,8,4
01/26/2019 11:00:00 AM,14,12,2
01/26/2019 12:00:00 PM,18,5,13
01/26/2019 01:00:00 PM,26,11,15
01/26/2019 02:00:00 PM,19,12,7
01/26/2019 03:00:00 PM,18,11,7
01/26/2019 04:00:00 PM,20,8,12
01/26/2019 05:00:00 PM,16,5,11
01/26/2019 06:00:00 PM,17,3,14
01/26/2019 07:00:00 PM,17,9,8
01/26/2019 08:00:00 PM,9,7,2
01/26/2019 09:00:00 PM,13,8,5
01/26/2019 10:00:00 PM,6,2,4
01/26/2019 11:00:00 PM,6,2,4
01/27/2019 12:00:00 AM,1,1,0
01/27/2019 01:00:00 AM,4,1,3
01/27/2019 02:00:00 AM,6,4,2
01/27/2019 03:00:00 AM,1,0,1
01/27/2019 04:00:00 AM,0,0,0
01/27/2019 05:00:00 AM,1,0,1
01/27/2019 06:00:00 AM,6,0,6
01/27/2019 07:00:00 AM,2,1,1
01/27/2019 08:00:00 AM,8,4,4
01/27/2019 09:00:00 AM,7,3,4
01/27/2019 10:00:00 AM,7,4,3
01/27/2019 11:00:00 AM,15,10,5
01/27/2019 12:00:00 PM,14,6,8
01/27/2019 01:00:00 PM,18,2,16
01/27/2019 02:00:00 PM,13,9,4
01/27/2019 03:00:00 PM,18,8,10
01/27/2019 04:00:00 PM,19,8,11
01/27/2019 05:00:00 PM,11,4,7
01/27/2019 06:00:00 PM,12,6,6
01/27/2019 07:00:00 PM,10,6,4
01/27/2019 08:00:00 PM,9,3,6
01/27/2019 09:00:00 PM,8,5,3
01/27/2019 10:00:00 PM,8,3,5
01/27/2019 11:00:00 PM,1,0,1
01/28/2019 12:00:00 AM,0,0,0
01/28/2019 01:00:00 AM,2,1,1
01/28/2019 02:00:00 AM,2,1,1
01/28/2019 03:00:00 AM,0,0,0
01/28/2019 04:00:00 AM,1,0,1
01/28/2019 05:00:00 AM,4,3,1
01/28/2019 06:00:00 AM,14,1,13
01/28/2019 07:00:00 AM,23,7,16
01/28/2019 08:00:00 AM,31,8,23
01/28/2019 09:00:00 AM,21,7,14
01/28/2019 10:00:00 AM,10,6,4
01/28/2019 11:00:00 AM,22,11,11
01/28/2019 12:00:00 PM,24,9,15
01/28/2019 01:00:00 PM,15,6,9
01/28/2019 02:00:00 PM,18,11,7
01/28/2019 03:00:00 PM,19,10,9
01/28/2019 04:00:00 PM,34,26,8
01/28/2019 05:00:00 PM,41,23,18
01/28/2019 06:00:00 PM,49,23,26
01/28/2019 07:00:00 PM,31,14,17
01/28/2019 08:00:00 PM,19,7,12
01/28/2019 09:00:00 PM,8,5,3
01/28/2019 10:00:00 PM,5,0,5
01/28/2019 11:00:00 PM,5,2,3
01/29/2019 12:00:00 AM,1,0,1
01/29/2019 01:00:00 AM,1,0,1
01/29/2019 02:00:00 AM,0,0,0
01/29/2019 03:00:00 AM,0,0,0
01/29/2019 04:00:00 AM,1,0,1
01/29/2019 05:00:00 AM,1,0,1
01/29/2019 06:00:00 AM,15,1,14
01/29/2019 07:00:00 AM,20,3,17
01/29/2019 08:00:00 AM,36,11,25
01/29/2019 09:00:00 AM,27,7,20
01/29/2019 10:00:00 AM,12,5,7
01/29/2019 11:00:00 AM,14,7,7
01/29/2019 12:00:00 PM,13,7,6
01/29/2019 01:00:00 PM,30,10,20
01/29/2019 02:00:00 PM,24,10,14
01/29/2019 03:00:00 PM,30,23,7
01/29/2019 04:00:00 PM,38,21,17
01/29/2019 05:00:00 PM,51,25,26
01/29/2019 06:00:00 PM,39,20,19
01/29/2019 07:00:00 PM,27,11,16
01/29/2019 08:00:00 PM,16,7,9
01/29/2019 09:00:00 PM,8,4,4
01/29/2019 10:00:00 PM,8,3,5
01/29/2019 11:00:00 PM,7,3,4
01/30/2019 12:00:00 AM,6,3,3
01/30/2019 01:00:00 AM,0,0,0
01/30/2019 02:00:00 AM,0,0,0
01/30/2019 03:00:00 AM,1,0,1
01/30/2019 04:00:00 AM,2,1,1
01/30/2019 05:00:00 AM,4,3,1
01/30/2019 06:00:00 AM,13,1,12
01/30/2019 07:00:00 AM,30,8,22
01/30/2019 08:00:00 AM,24,8,16
01/30/2019 09:00:00 AM,17,6,11
01/30/2019 10:00:00 AM,12,4,8
01/30/2019 11:00:00 AM,13,6,7
01/30/2019 12:00:00 PM,10,4,6
01/30/2019 01:00:00 PM,19,8,11
01/30/2019 02:00:00 PM,17,8,9
01/30/2019 03:00:00 PM,22,12,10
01/30/2019 04:00:00 PM,45,27,18
01/30/2019 05:00:00 PM,41,26,15
01/30/2019 06:00:00 PM,45,21,24
01/30/2019 07:00:00 PM,26,13,13
01/30/2019 08:00:00 PM,13,6,7
01/30/2019 09:00:00 PM,12,7,5
01/30/2019 10:00:00 PM,11,4,7
01/30/2019 11:00:00 PM,4,1,3
01/31/2019 12:00:00 AM,0,0,0
01/31/2019 01:00:00 AM,1,0,1
01/31/2019 02:00:00 AM,0,0,0
01/31/2019 03:00:00 AM,0,0,0
01/31/2019 04:00:00 AM,5,2,3
01/31/2019 05:00:00 AM,3,2,1
01/31/2019 06:00:00 AM,14,2,12
01/31/2019 07:00:00 AM,23,9,14
01/31/2019 08:00:00 AM,37,12,25
01/31/2019 09:00:00 AM,26,7,19
01/31/2019 10:00:00 AM,12,3,9
01/31/2019 11:00:00 AM,21,12,9
01/31/2019 12:00:00 PM,20,7,13
01/31/2019 01:00:00 PM,16,8,8
01/31/2019 02:00:00 PM,20,5,15
01/31/2019 03:00:00 PM,19,10,9
01/31/2019 04:00:00 PM,30,18,12
01/31/2019 05:00:00 PM,49,27,22
01/31/2019 06:00:00 PM,37,16,21
01/31/2019 07:00:00 PM,17,10,7
01/31/2019 08:00:00 PM,17,8,9
01/31/2019 09:00:00 PM,8,4,4
01/31/2019 10:00:00 PM,11,5,6
01/31/2019 11:00:00 PM,6,4,2
