Date,NW 58th St Greenway st 22nd Ave NW Total,East,West
01/31/2019 11:00:00 PM,0,0,0
01/31/2019 10:00:00 PM,1,1,0
01/31/2019 09:00:00 PM,3,2,1
01/31/2019 08:00:00 PM,3,1,2
01/31/2019 07:00:00 PM,8,6,2
01/31/2019 06:00:00 PM,10,5,5
01/31/2019 05:00:00 PM,13,6,7
01/31/2019 04:00:00 PM,8,5,3
01/31/2019 03:00:00 PM,9,3,6
01/31/2019 02:00:00 PM,6,3,3
01/31/2019 01:00:00 PM,3,3,0
01/31/2019 12:00:00 PM,4,3,1
01/31/2019 11:00:00 AM,2,2,0
01/31/2019 10:00:00 AM,2,1,1
01/31/2019 09:00:00 AM,8,5,3
01/31/2019 08:00:00 AM,8,5,3
01/31/2019 07:00:00 AM,6,3,3
01/31/2019 06:00:00 AM,4,2,2
01/31/2019 05:00:00 AM,0,0,0
01/31/2019 04:00:00 AM,0,0,0
01/31/2019 03:00:00 AM,0,0,0
01/31/2019 02:00:00 AM,0,0,0
01/31/2019 01:00:00 AM,1,0,1
01/31/2019 12:00:00 AM,0,0,0
01/30/2019 11:00:00 PM,0,0,0
01/30/2019 10:00:00 PM,0,0,0
01/30/2019 09:00:00 PM,2,1,1
01/30/2019 08:00:00 PM,7,4,3
01/30/2019 07:00:00 PM,5,1,4
01/30/2019 06:00:00 PM,13,7,6
01/30/2019 05:00:00 PM,17,7,10
01/30/2019 04:00:00 PM,8,1,7
01/30/2019 03:00:00 PM,7,2,5
01/30/2019 02:00:00 PM,4,3,1
01/30/2019 01:00:00 PM,6,4,2
01/30/2019 12:00:00 PM,2,0,2
01/30/2019 11:00:00 AM,4,4,0
01/30/2019 10:00:00 AM,10,7,3
01/30/2019 09:00:00 AM,5,4,1
01/30/2019 08:00:00 AM,14,8,6
01/30/2019 07:00:00 AM,3,0,3
01/30/2019 06:00:00 AM,2,0,2
01/30/2019 05:00:00 AM,1,1,0
01/30/2019 04:00:00 AM,0,0,0
01/30/2019 03:00:00 AM,0,0,0
01/30/2019 02:00:00 AM,0,0,0
01/30/2019 01:00:00 AM,0,0,0
01/30/2019 12:00:00 AM,0,0,0
01/29/2019 11:00:00 PM,0,0,0
01/29/2019 10:00:00 PM,0,0,0
01/29/2019 09:00:00 PM,2,0,2
01/29/2019 08:00:00 PM,2,0,2
01/29/2019 07:00:00 PM,3,0,3
01/29/2019 06:00:00 PM,2,1,1
01/29/2019 05:00:00 PM,8,2,6
01/29/2019 04:00:00 PM,11,4,7
01/29/2019 03:00:00 PM,4,1,3
01/29/2019 02:00:00 PM,4,3,1
01/29/2019 01:00:00 PM,3,1,2
01/29/2019 12:00:00 PM,9,1,8
01/29/2019 11:00:00 AM,3,2,1
01/29/2019 10:00:00 AM,4,0,4
01/29/2019 09:00:00 AM,4,2,2
01/29/2019 08:00:00 AM,9,4,5
01/29/2019 07:00:00 AM,3,1,2
01/29/2019 06:00:00 AM,0,0,0
01/29/2019 05:00:00 AM,0,0,0
01/29/2019 04:00:00 AM,1,0,1
01/29/2019 03:00:00 AM,0,0,0
01/29/2019 02:00:00 AM,0,0,0
01/29/2019 01:00:00 AM,1,0,1
01/29/2019 12:00:00 AM,1,0,1
01/28/2019 11:00:00 PM,0,0,0
01/28/2019 10:00:00 PM,1,0,1
01/28/2019 09:00:00 PM,2,0,2
01/28/2019 08:00:00 PM,3,0,3
01/28/2019 07:00:00 PM,3,0,3
01/28/2019 06:00:00 PM,8,4,4
01/28/2019 05:00:00 PM,12,3,9
01/28/2019 04:00:00 PM,5,3,2
01/28/2019 03:00:00 PM,2,1,1
01/28/2019 02:00:00 PM,7,3,4
01/28/2019 01:00:00 PM,8,2,6
01/28/2019 12:00:00 PM,2,2,0
01/28/2019 11:00:00 AM,2,2,0
01/28/2019 10:00:00 AM,8,1,7
01/28/2019 09:00:00 AM,3,1,2
01/28/2019 08:00:00 AM,5,3,2
01/28/2019 07:00:00 AM,4,1,3
01/28/2019 06:00:00 AM,3,0,3
01/28/2019 05:00:00 AM,0,0,0
01/28/2019 04:00:00 AM,1,1,0
01/28/2019 03:00:00 AM,1,0,1
01/28/2019 02:00:00 AM,0,0,0
01/28/2019 01:00:00 AM,0,0,0
01/28/2019 12:00:00 AM,0,0,0
01/27/2019 11:00:00 PM,2,1,1
01/27/2019 10:00:00 PM,1,0,1
01/27/2019 09:00:00 PM,0,0,0
01/27/2019 08:00:00 PM,0,0,0
01/27/2019 07:00:00 PM,3,3,0
01/27/2019 06:00:00 PM,6,4,2
01/27/2019 05:00:00 PM,4,2,2
01/27/2019 04:00:00 PM,7,3,4
01/27/2019 03:00:00 PM,12,5,7
01/27/2019 02:00:00 PM,9,5,4
01/27/2019 01:00:00 PM,12,9,3
01/27/2019 12:00:00 PM,21,8,13
01/27/2019 11:00:00 AM,9,7,2
01/27/2019 10:00:00 AM,2,1,1
01/27/2019 09:00:00 AM,2,2,0
01/27/2019 08:00:00 AM,3,2,1
01/27/2019 07:00:00 AM,1,1,0
01/27/2019 06:00:00 AM,1,0,1
01/27/2019 05:00:00 AM,1,1,0
01/27/2019 04:00:00 AM,0,0,0
01/27/2019 03:00:00 AM,1,0,1
01/27/2019 02:00:00 AM,0,0,0
01/27/2019 01:00:00 AM,1,1,0
01/27/2019 12:00:00 AM,0,0,0
01/26/2019 11:00:00 PM,1,1,0
01/26/2019 10:00:00 PM,0,0,0
01/26/2019 09:00:00 PM,2,1,1
01/26/2019 08:00:00 PM,3,1,2
01/26/2019 07:00:00 PM,2,2,0
01/26/2019 06:00:00 PM,8,5,3
01/26/2019 05:00:00 PM,6,1,5
01/26/2019 04:00:00 PM,7,1,6
01/26/2019 03:00:00 PM,16,7,9
01/26/2019 02:00:00 PM,18,4,14
01/26/2019 01:00:00 PM,14,6,8
01/26/2019 12:00:00 PM,8,1,7
01/26/2019 11:00:00 AM,8,6,2
01/26/2019 10:00:00 AM,6,4,2
01/26/2019 09:00:00 AM,4,1,3
01/26/2019 08:00:00 AM,5,3,2
01/26/2019 07:00:00 AM,2,1,1
01/26/2019 06:00:00 AM,1,0,1
01/26/2019 05:00:00 AM,0,0,0
01/26/2019 04:00:00 AM,0,0,0
01/26/2019 03:00:00 AM,1,1,0
01/26/2019 02:00:00 AM,0,0,0
01/26/2019 01:00:00 AM,1,0,1
01/26/2019 12:00:00 AM,3,2,1
01/25/2019 11:00:00 PM,2,0,2
01/25/2019 10:00:00 PM,1,0,1
01/25/2019 09:00:00 PM,4,2,2
01/25/2019 08:00:00 PM,5,1,4
01/25/2019 07:00:00 PM,6,2,4
01/25/2019 06:00:00 PM,6,2,4
01/25/2019 05:00:00 PM,12,5,7
01/25/2019 04:00:00 PM,8,1,7
01/25/2019 03:00:00 PM,6,2,4
01/25/2019 02:00:00 PM,10,5,5
01/25/2019 01:00:00 PM,5,2,3
01/25/2019 12:00:00 PM,3,3,0
01/25/2019 11:00:00 AM,1,1,0
01/25/2019 10:00:00 AM,5,4,1
01/25/2019 09:00:00 AM,6,1,5
01/25/2019 08:00:00 AM,8,3,5
01/25/2019 07:00:00 AM,2,0,2
01/25/2019 06:00:00 AM,1,1,0
01/25/2019 05:00:00 AM,0,0,0
01/25/2019 04:00:00 AM,1,0,1
01/25/2019 03:00:00 AM,0,0,0
01/25/2019 02:00:00 AM,0,0,0
01/25/2019 01:00:00 AM,0,0,0
01/25/2019 12:00:00 AM,0,0,0
01/24/2019 11:00:00 PM,0,0,0
01/24/2019 10:00:00 PM,1,0,1
01/24/2019 09:00:00 PM,3,1,2
01/24/2019 08:00:00 PM,2,0,2
01/24/2019 07:00:00 PM,6,1,5
01/24/2019 06:00:00 PM,11,5,6
01/24/2019 05:00:00 PM,14,4,10
01/24/2019 04:00:00 PM,5,3,2
01/24/2019 03:00:00 PM,4,1,3
01/24/2019 02:00:00 PM,4,2,2
01/24/2019 01:00:00 PM,4,1,3
01/24/2019 12:00:00 PM,11,10,1
01/24/2019 11:00:00 AM,4,3,1
01/24/2019 10:00:00 AM,5,3,2
01/24/2019 09:00:00 AM,3,0,3
01/24/2019 08:00:00 AM,8,3,5
01/24/2019 07:00:00 AM,9,3,6
01/24/2019 06:00:00 AM,3,1,2
01/24/2019 05:00:00 AM,0,0,0
01/24/2019 04:00:00 AM,0,0,0
01/24/2019 03:00:00 AM,0,0,0
01/24/2019 02:00:00 AM,0,0,0
01/24/2019 01:00:00 AM,0,0,0
01/24/2019 12:00:00 AM,0,0,0
01/23/2019 11:00:00 PM,0,0,0
01/23/2019 10:00:00 PM,0,0,0
01/23/2019 09:00:00 PM,3,0,3
01/23/2019 08:00:00 PM,9,4,5
01/23/2019 07:00:00 PM,5,3,2
01/23/2019 06:00:00 PM,12,4,8
01/23/2019 05:00:00 PM,12,5,7
01/23/2019 04:00:00 PM,4,1,3
01/23/2019 03:00:00 PM,3,1,2
01/23/2019 02:00:00 PM,7,5,2
01/23/2019 01:00:00 PM,7,2,5
01/23/2019 12:00:00 PM,5,2,3
01/23/2019 11:00:00 AM,3,2,1
01/23/2019 10:00:00 AM,2,1,1
01/23/2019 09:00:00 AM,3,3,0
01/23/2019 08:00:00 AM,7,4,3
01/23/2019 07:00:00 AM,5,1,4
01/23/2019 06:00:00 AM,2,0,2
01/23/2019 05:00:00 AM,1,0,1
01/23/2019 04:00:00 AM,0,0,0
01/23/2019 03:00:00 AM,0,0,0
01/23/2019 02:00:00 AM,0,0,0
01/23/2019 01:00:00 AM,0,0,0
01/23/2019 12:00:00 AM,0,0,0
01/22/2019 11:00:00 PM,0,0,0
01/22/2019 10:00:00 PM,1,0,1
01/22/2019 09:00:00 PM,1,0,1
01/22/2019 08:00:00 PM,0,0,0
01/22/2019 07:00:00 PM,3,1,2
01/22/2019 06:00:00 PM,6,4,2
01/22/2019 05:00:00 PM,12,2,10
01/22/2019 04:00:00 PM,6,6,0
01/22/2019 03:00:00 PM,1,0,1
01/22/2019 02:00:00 PM,2,1,1
01/22/2019 01:00:00 PM,5,3,2
01/22/2019 12:00:00 PM,2,2,0
01/22/2019 11:00:00 AM,3,1,2
01/22/2019 10:00:00 AM,4,2,2
01/22/2019 09:00:00 AM,8,6,2
01/22/2019 08:00:00 AM,10,4,6
01/22/2019 07:00:00 AM,5,2,3
01/22/2019 06:00:00 AM,2,1,1
01/22/2019 05:00:00 AM,0,0,0
01/22/2019 04:00:00 AM,1,0,1
01/22/2019 03:00:00 AM,1,1,0
01/22/2019 02:00:00 AM,0,0,0
01/22/2019 01:00:00 AM,1,0,1
01/22/2019 12:00:00 AM,1,0,1
01/21/2019 11:00:00 PM,0,0,0
01/21/2019 10:00:00 PM,2,1,1
01/21/2019 09:00:00 PM,1,1,0
01/21/2019 08:00:00 PM,1,1,0
01/21/2019 07:00:00 PM,7,3,4
01/21/2019 06:00:00 PM,8,4,4
01/21/2019 05:00:00 PM,11,6,5
01/21/2019 04:00:00 PM,6,4,2
01/21/2019 03:00:00 PM,6,5,1
01/21/2019 02:00:00 PM,15,8,7
01/21/2019 01:00:00 PM,8,5,3
01/21/2019 12:00:00 PM,6,4,2
01/21/2019 11:00:00 AM,2,0,2
01/21/2019 10:00:00 AM,3,3,0
01/21/2019 09:00:00 AM,3,2,1
01/21/2019 08:00:00 AM,8,6,2
01/21/2019 07:00:00 AM,4,2,2
01/21/2019 06:00:00 AM,3,1,2
01/21/2019 05:00:00 AM,0,0,0
01/21/2019 04:00:00 AM,1,1,0
01/21/2019 03:00:00 AM,0,0,0
01/21/2019 02:00:00 AM,0,0,0
01/21/2019 01:00:00 AM,1,1,0
01/21/2019 12:00:00 AM,2,0,2
01/20/2019 11:00:00 PM,0,0,0
01/20/2019 10:00:00 PM,0,0,0
01/20/2019 09:00:00 PM,3,1,2
01/20/2019 08:00:00 PM,2,1,1
01/20/2019 07:00:00 PM,2,0,2
01/20/2019 06:00:00 PM,1,0,1
01/20/2019 05:00:00 PM,6,4,2
01/20/2019 04:00:00 PM,6,3,3
01/20/2019 03:00:00 PM,16,7,9
01/20/2019 02:00:00 PM,11,6,5
01/20/2019 01:00:00 PM,13,7,6
01/20/2019 12:00:00 PM,12,8,4
01/20/2019 11:00:00 AM,14,8,6
01/20/2019 10:00:00 AM,3,2,1
01/20/2019 09:00:00 AM,1,0,1
01/20/2019 08:00:00 AM,0,0,0
01/20/2019 07:00:00 AM,0,0,0
01/20/2019 06:00:00 AM,0,0,0
01/20/2019 05:00:00 AM,0,0,0
01/20/2019 04:00:00 AM,0,0,0
01/20/2019 03:00:00 AM,1,0,1
01/20/2019 02:00:00 AM,0,0,0
01/20/2019 01:00:00 AM,1,1,0
01/20/2019 12:00:00 AM,0,0,0
01/19/2019 11:00:00 PM,0,0,0
01/19/2019 10:00:00 PM,1,1,0
01/19/2019 09:00:00 PM,4,1,3
01/19/2019 08:00:00 PM,2,0,2
01/19/2019 07:00:00 PM,2,1,1
01/19/2019 06:00:00 PM,3,1,2
01/19/2019 05:00:00 PM,4,2,2
01/19/2019 04:00:00 PM,3,0,3
01/19/2019 03:00:00 PM,12,7,5
01/19/2019 02:00:00 PM,3,1,2
01/19/2019 01:00:00 PM,9,6,3
01/19/2019 12:00:00 PM,5,3,2
01/19/2019 11:00:00 AM,5,3,2
01/19/2019 10:00:00 AM,11,8,3
01/19/2019 09:00:00 AM,2,2,0
01/19/2019 08:00:00 AM,2,0,2
01/19/2019 07:00:00 AM,0,0,0
01/19/2019 06:00:00 AM,1,1,0
01/19/2019 05:00:00 AM,0,0,0
01/19/2019 04:00:00 AM,0,0,0
01/19/2019 03:00:00 AM,1,1,0
01/19/2019 02:00:00 AM,0,0,0
01/19/2019 01:00:00 AM,0,0,0
01/19/2019 12:00:00 AM,0,0,0
01/18/2019 11:00:00 PM,0,0,0
01/18/2019 10:00:00 PM,0,0,0
01/18/2019 09:00:00 PM,0,0,0
01/18/2019 08:00:00 PM,0,0,0
01/18/2019 07:00:00 PM,4,2,2
01/18/2019 06:00:00 PM,9,4,5
01/18/2019 05:00:00 PM,13,9,4
01/18/2019 04:00:00 PM,6,2,4
01/18/2019 03:00:00 PM,5,3,2
01/18/2019 02:00:00 PM,7,4,3
01/18/2019 01:00:00 PM,7,6,1
01/18/2019 12:00:00 PM,12,8,4
01/18/2019 11:00:00 AM,5,4,1
01/18/2019 10:00:00 AM,4,3,1
01/18/2019 09:00:00 AM,4,3,1
01/18/2019 08:00:00 AM,9,5,4
01/18/2019 07:00:00 AM,7,1,6
01/18/2019 06:00:00 AM,2,1,1
01/18/2019 05:00:00 AM,2,1,1
01/18/2019 04:00:00 AM,1,1,0
01/18/2019 03:00:00 AM,0,0,0
01/18/2019 02:00:00 AM,3,3,0
01/18/2019 01:00:00 AM,0,0,0
01/18/2019 12:00:00 AM,2,1,1
01/17/2019 11:00:00 PM,0,0,0
01/17/2019 10:00:00 PM,0,0,0
01/17/2019 09:00:00 PM,4,2,2
01/17/2019 08:00:00 PM,6,2,4
01/17/2019 07:00:00 PM,6,3,3
01/17/2019 06:00:00 PM,6,4,2
01/17/2019 05:00:00 PM,15,7,8
01/17/2019 04:00:00 PM,10,5,5
01/17/2019 03:00:00 PM,3,2,1
01/17/2019 02:00:00 PM,6,5,1
01/17/2019 01:00:00 PM,6,4,2
01/17/2019 12:00:00 PM,4,2,2
01/17/2019 11:00:00 AM,2,0,2
01/17/2019 10:00:00 AM,2,1,1
01/17/2019 09:00:00 AM,6,4,2
01/17/2019 08:00:00 AM,7,5,2
01/17/2019 07:00:00 AM,6,4,2
01/17/2019 06:00:00 AM,2,1,1
01/17/2019 05:00:00 AM,1,1,0
01/17/2019 04:00:00 AM,0,0,0
01/17/2019 03:00:00 AM,1,1,0
01/17/2019 02:00:00 AM,1,0,1
01/17/2019 01:00:00 AM,0,0,0
01/17/2019 12:00:00 AM,0,0,0
01/16/2019 11:00:00 PM,1,0,1
01/16/2019 10:00:00 PM,1,1,0
01/16/2019 09:00:00 PM,1,0,1
01/16/2019 08:00:00 PM,0,0,0
01/16/2019 07:00:00 PM,4,2,2
01/16/2019 06:00:00 PM,8,6,2
01/16/2019 05:00:00 PM,14,4,10
01/16/2019 04:00:00 PM,5,3,2
01/16/2019 03:00:00 PM,6,1,5
01/16/2019 02:00:00 PM,6,4,2
01/16/2019 01:00:00 PM,12,9,3
01/16/2019 12:00:00 PM,4,1,3
01/16/2019 11:00:00 AM,10,7,3
01/16/2019 10:00:00 AM,6,5,1
01/16/2019 09:00:00 AM,4,2,2
01/16/2019 08:00:00 AM,10,9,1
01/16/2019 07:00:00 AM,3,0,3
01/16/2019 06:00:00 AM,1,0,1
01/16/2019 05:00:00 AM,2,2,0
01/16/2019 04:00:00 AM,0,0,0
01/16/2019 03:00:00 AM,0,0,0
01/16/2019 02:00:00 AM,0,0,0
01/16/2019 01:00:00 AM,0,0,0
01/16/2019 12:00:00 AM,0,0,0
01/15/2019 11:00:00 PM,0,0,0
01/15/2019 10:00:00 PM,1,0,1
01/15/2019 09:00:00 PM,4,3,1
01/15/2019 08:00:00 PM,1,0,1
01/15/2019 07:00:00 PM,3,1,2
01/15/2019 06:00:00 PM,12,6,6
01/15/2019 05:00:00 PM,13,5,8
01/15/2019 04:00:00 PM,7,4,3
01/15/2019 03:00:00 PM,3,2,1
01/15/2019 02:00:00 PM,7,4,3
01/15/2019 01:00:00 PM,6,3,3
01/15/2019 12:00:00 PM,4,3,1
01/15/2019 11:00:00 AM,12,7,5
01/15/2019 10:00:00 AM,3,3,0
01/15/2019 09:00:00 AM,5,2,3
01/15/2019 08:00:00 AM,8,6,2
01/15/2019 07:00:00 AM,7,5,2
01/15/2019 06:00:00 AM,1,1,0
01/15/2019 05:00:00 AM,0,0,0
01/15/2019 04:00:00 AM,0,0,0
01/15/2019 03:00:00 AM,0,0,0
01/15/2019 02:00:00 AM,1,1,0
01/15/2019 01:00:00 AM,0,0,0
01/15/2019 12:00:00 AM,0,0,0
01/14/2019 11:00:00 PM,0,0,0
01/14/2019 10:00:00 PM,1,0,1
01/14/2019 09:00:00 PM,2,1,1
01/14/2019 08:00:00 PM,2,2,0
01/14/2019 07:00:00 PM,8,4,4
01/14/2019 06:00:00 PM,7,3,4
01/14/2019 05:00:00 PM,10,5,5
01/14/2019 04:00:00 PM,16,12,4
01/14/2019 03:00:00 PM,12,7,5
01/14/2019 02:00:00 PM,9,4,5
01/14/2019 01:00:00 PM,4,2,2
01/14/2019 12:00:00 PM,7,5,2
01/14/2019 11:00:00 AM,5,4,1
01/14/2019 10:00:00 AM,7,4,3
01/14/2019 09:00:00 AM,3,1,2
01/14/2019 08:00:00 AM,12,9,3
01/14/2019 07:00:00 AM,7,3,4
01/14/2019 06:00:00 AM,2,2,0
01/14/2019 05:00:00 AM,0,0,0
01/14/2019 04:00:00 AM,1,1,0
01/14/2019 03:00:00 AM,0,0,0
01/14/2019 02:00:00 AM,0,0,0
01/14/2019 01:00:00 AM,1,0,1
01/14/2019 12:00:00 AM,1,1,0
01/13/2019 11:00:00 PM,0,0,0
01/13/2019 10:00:00 PM,0,0,0
01/13/2019 09:00:00 PM,3,0,3
01/13/2019 08:00:00 PM,2,0,2
01/13/2019 07:00:00 PM,3,1,2
01/13/2019 06:00:00 PM,2,1,1
01/13/2019 05:00:00 PM,14,9,5
01/13/2019 04:00:00 PM,14,6,8
01/13/2019 03:00:00 PM,28,14,14
01/13/2019 02:00:00 PM,23,14,9
01/13/2019 01:00:00 PM,24,18,6
01/13/2019 12:00:00 PM,24,17,7
01/13/2019 11:00:00 AM,13,7,6
01/13/2019 10:00:00 AM,9,5,4
01/13/2019 09:00:00 AM,13,12,1
01/13/2019 08:00:00 AM,4,2,2
01/13/2019 07:00:00 AM,0,0,0
01/13/2019 06:00:00 AM,0,0,0
01/13/2019 05:00:00 AM,1,1,0
01/13/2019 04:00:00 AM,0,0,0
01/13/2019 03:00:00 AM,2,1,1
01/13/2019 02:00:00 AM,0,0,0
01/13/2019 01:00:00 AM,0,0,0
01/13/2019 12:00:00 AM,0,0,0
01/12/2019 11:00:00 PM,0,0,0
01/12/2019 10:00:00 PM,2,0,2
01/12/2019 09:00:00 PM,1,1,0
01/12/2019 08:00:00 PM,2,1,1
01/12/2019 07:00:00 PM,2,1,1
01/12/2019 06:00:00 PM,8,4,4
01/12/2019 05:00:00 PM,9,4,5
01/12/2019 04:00:00 PM,18,13,5
01/12/2019 03:00:00 PM,23,10,13
01/12/2019 02:00:00 PM,20,16,4
01/12/2019 01:00:00 PM,10,6,4
01/12/2019 12:00:00 PM,23,12,11
01/12/2019 11:00:00 AM,10,8,2
01/12/2019 10:00:00 AM,4,3,1
01/12/2019 09:00:00 AM,4,4,0
01/12/2019 08:00:00 AM,2,1,1
01/12/2019 07:00:00 AM,1,0,1
01/12/2019 06:00:00 AM,2,0,2
01/12/2019 05:00:00 AM,0,0,0
01/12/2019 04:00:00 AM,1,1,0
01/12/2019 03:00:00 AM,3,2,1
01/12/2019 02:00:00 AM,2,1,1
01/12/2019 01:00:00 AM,0,0,0
01/12/2019 12:00:00 AM,1,0,1
01/11/2019 11:00:00 PM,1,1,0
01/11/2019 10:00:00 PM,3,1,2
01/11/2019 09:00:00 PM,1,0,1
01/11/2019 08:00:00 PM,5,2,3
01/11/2019 07:00:00 PM,3,0,3
01/11/2019 06:00:00 PM,4,3,1
01/11/2019 05:00:00 PM,13,9,4
01/11/2019 04:00:00 PM,14,8,6
01/11/2019 03:00:00 PM,6,5,1
01/11/2019 02:00:00 PM,5,3,2
01/11/2019 01:00:00 PM,6,3,3
01/11/2019 12:00:00 PM,9,4,5
01/11/2019 11:00:00 AM,2,1,1
01/11/2019 10:00:00 AM,4,2,2
01/11/2019 09:00:00 AM,6,3,3
01/11/2019 08:00:00 AM,13,8,5
01/11/2019 07:00:00 AM,3,3,0
01/11/2019 06:00:00 AM,1,0,1
01/11/2019 05:00:00 AM,1,0,1
01/11/2019 04:00:00 AM,0,0,0
01/11/2019 03:00:00 AM,0,0,0
01/11/2019 02:00:00 AM,1,0,1
01/11/2019 01:00:00 AM,0,0,0
01/11/2019 12:00:00 AM,0,0,0
01/10/2019 11:00:00 PM,2,0,2
01/10/2019 10:00:00 PM,3,0,3
01/10/2019 09:00:00 PM,3,0,3
01/10/2019 08:00:00 PM,3,1,2
01/10/2019 07:00:00 PM,7,4,3
01/10/2019 06:00:00 PM,10,7,3
01/10/2019 05:00:00 PM,13,4,9
01/10/2019 04:00:00 PM,10,6,4
01/10/2019 03:00:00 PM,6,3,3
01/10/2019 02:00:00 PM,7,2,5
01/10/2019 01:00:00 PM,4,1,3
01/10/2019 12:00:00 PM,8,5,3
01/10/2019 11:00:00 AM,8,4,4
01/10/2019 10:00:00 AM,1,0,1
01/10/2019 09:00:00 AM,4,2,2
01/10/2019 08:00:00 AM,5,3,2
01/10/2019 07:00:00 AM,6,3,3
01/10/2019 06:00:00 AM,2,1,1
01/10/2019 05:00:00 AM,1,0,1
01/10/2019 04:00:00 AM,1,1,0
01/10/2019 03:00:00 AM,1,1,0
01/10/2019 02:00:00 AM,0,0,0
01/10/2019 01:00:00 AM,1,1,0
01/10/2019 12:00:00 AM,1,0,1
01/09/2019 11:00:00 PM,3,0,3
01/09/2019 10:00:00 PM,0,0,0
01/09/2019 09:00:00 PM,3,0,3
01/09/2019 08:00:00 PM,1,0,1
01/09/2019 07:00:00 PM,3,2,1
01/09/2019 06:00:00 PM,2,1,1
01/09/2019 05:00:00 PM,11,4,7
01/09/2019 04:00:00 PM,6,1,5
01/09/2019 03:00:00 PM,8,5,3
01/09/2019 02:00:00 PM,2,0,2
01/09/2019 01:00:00 PM,2,1,1
01/09/2019 12:00:00 PM,4,2,2
01/09/2019 11:00:00 AM,4,3,1
01/09/2019 10:00:00 AM,4,4,0
01/09/2019 09:00:00 AM,4,3,1
01/09/2019 08:00:00 AM,5,3,2
01/09/2019 07:00:00 AM,5,2,3
01/09/2019 06:00:00 AM,2,2,0
01/09/2019 05:00:00 AM,0,0,0
01/09/2019 04:00:00 AM,1,0,1
01/09/2019 03:00:00 AM,0,0,0
01/09/2019 02:00:00 AM,0,0,0
01/09/2019 01:00:00 AM,0,0,0
01/09/2019 12:00:00 AM,1,0,1
01/08/2019 11:00:00 PM,0,0,0
01/08/2019 10:00:00 PM,0,0,0
01/08/2019 09:00:00 PM,1,0,1
01/08/2019 08:00:00 PM,2,0,2
01/08/2019 07:00:00 PM,4,2,2
01/08/2019 06:00:00 PM,4,1,3
01/08/2019 05:00:00 PM,7,3,4
01/08/2019 04:00:00 PM,10,4,6
01/08/2019 03:00:00 PM,5,4,1
01/08/2019 02:00:00 PM,2,1,1
01/08/2019 01:00:00 PM,2,0,2
01/08/2019 12:00:00 PM,1,1,0
01/08/2019 11:00:00 AM,7,3,4
01/08/2019 10:00:00 AM,3,1,2
01/08/2019 09:00:00 AM,3,1,2
01/08/2019 08:00:00 AM,6,5,1
01/08/2019 07:00:00 AM,5,1,4
01/08/2019 06:00:00 AM,2,1,1
01/08/2019 05:00:00 AM,1,0,1
01/08/2019 04:00:00 AM,1,0,1
01/08/2019 03:00:00 AM,1,0,1
01/08/2019 02:00:00 AM,1,0,1
01/08/2019 01:00:00 AM,1,1,0
01/08/2019 12:00:00 AM,0,0,0
01/07/2019 11:00:00 PM,2,0,2
01/07/2019 10:00:00 PM,1,0,1
01/07/2019 09:00:00 PM,3,2,1
01/07/2019 08:00:00 PM,3,0,3
01/07/2019 07:00:00 PM,10,5,5
01/07/2019 06:00:00 PM,13,8,5
01/07/2019 05:00:00 PM,8,4,4
01/07/2019 04:00:00 PM,13,4,9
01/07/2019 03:00:00 PM,8,5,3
01/07/2019 02:00:00 PM,6,2,4
01/07/2019 01:00:00 PM,6,3,3
01/07/2019 12:00:00 PM,3,3,0
01/07/2019 11:00:00 AM,7,7,0
01/07/2019 10:00:00 AM,3,1,2
01/07/2019 09:00:00 AM,6,4,2
01/07/2019 08:00:00 AM,8,2,6
01/07/2019 07:00:00 AM,9,5,4
01/07/2019 06:00:00 AM,4,2,2
01/07/2019 05:00:00 AM,0,0,0
01/07/2019 04:00:00 AM,0,0,0
01/07/2019 03:00:00 AM,0,0,0
01/07/2019 02:00:00 AM,1,0,1
01/07/2019 01:00:00 AM,0,0,0
01/07/2019 12:00:00 AM,0,0,0
01/06/2019 11:00:00 PM,0,0,0
01/06/2019 10:00:00 PM,2,1,1
01/06/2019 09:00:00 PM,1,1,0
01/06/2019 08:00:00 PM,0,0,0
01/06/2019 07:00:00 PM,2,1,1
01/06/2019 06:00:00 PM,0,0,0
01/06/2019 05:00:00 PM,3,1,2
01/06/2019 04:00:00 PM,0,0,0
01/06/2019 03:00:00 PM,4,1,3
01/06/2019 02:00:00 PM,8,4,4
01/06/2019 01:00:00 PM,9,7,2
01/06/2019 12:00:00 PM,10,7,3
01/06/2019 11:00:00 AM,6,4,2
01/06/2019 10:00:00 AM,13,4,9
01/06/2019 09:00:00 AM,2,1,1
01/06/2019 08:00:00 AM,6,3,3
01/06/2019 07:00:00 AM,0,0,0
01/06/2019 06:00:00 AM,0,0,0
01/06/2019 05:00:00 AM,0,0,0
01/06/2019 04:00:00 AM,0,0,0
01/06/2019 03:00:00 AM,0,0,0
01/06/2019 02:00:00 AM,0,0,0
01/06/2019 01:00:00 AM,1,1,0
01/06/2019 12:00:00 AM,0,0,0
01/05/2019 11:00:00 PM,0,0,0
01/05/2019 10:00:00 PM,1,0,1
01/05/2019 09:00:00 PM,0,0,0
01/05/2019 08:00:00 PM,0,0,0
01/05/2019 07:00:00 PM,3,2,1
01/05/2019 06:00:00 PM,2,1,1
01/05/2019 05:00:00 PM,3,1,2
01/05/2019 04:00:00 PM,5,4,1
01/05/2019 03:00:00 PM,18,9,9
01/05/2019 02:00:00 PM,8,4,4
01/05/2019 01:00:00 PM,12,7,5
01/05/2019 12:00:00 PM,11,5,6
01/05/2019 11:00:00 AM,15,12,3
01/05/2019 10:00:00 AM,3,3,0
01/05/2019 09:00:00 AM,1,0,1
01/05/2019 08:00:00 AM,3,1,2
01/05/2019 07:00:00 AM,0,0,0
01/05/2019 06:00:00 AM,0,0,0
01/05/2019 05:00:00 AM,0,0,0
01/05/2019 04:00:00 AM,0,0,0
01/05/2019 03:00:00 AM,0,0,0
01/05/2019 02:00:00 AM,0,0,0
01/05/2019 01:00:00 AM,0,0,0
01/05/2019 12:00:00 AM,2,0,2
01/04/2019 11:00:00 PM,0,0,0
01/04/2019 10:00:00 PM,1,1,0
01/04/2019 09:00:00 PM,2,0,2
01/04/2019 08:00:00 PM,2,1,1
01/04/2019 07:00:00 PM,6,4,2
01/04/2019 06:00:00 PM,8,4,4
01/04/2019 05:00:00 PM,6,6,0
01/04/2019 04:00:00 PM,4,2,2
01/04/2019 03:00:00 PM,10,6,4
01/04/2019 02:00:00 PM,9,2,7
01/04/2019 01:00:00 PM,3,3,0
01/04/2019 12:00:00 PM,3,1,2
01/04/2019 11:00:00 AM,4,2,2
01/04/2019 10:00:00 AM,8,5,3
01/04/2019 09:00:00 AM,7,3,4
01/04/2019 08:00:00 AM,9,5,4
01/04/2019 07:00:00 AM,5,3,2
01/04/2019 06:00:00 AM,0,0,0
01/04/2019 05:00:00 AM,0,0,0
01/04/2019 04:00:00 AM,0,0,0
01/04/2019 03:00:00 AM,0,0,0
01/04/2019 02:00:00 AM,0,0,0
01/04/2019 01:00:00 AM,0,0,0
01/04/2019 12:00:00 AM,0,0,0
01/03/2019 11:00:00 PM,0,0,0
01/03/2019 10:00:00 PM,1,1,0
01/03/2019 09:00:00 PM,2,0,2
01/03/2019 08:00:00 PM,2,1,1
01/03/2019 07:00:00 PM,7,4,3
01/03/2019 06:00:00 PM,3,1,2
01/03/2019 05:00:00 PM,5,0,5
01/03/2019 04:00:00 PM,4,1,3
01/03/2019 03:00:00 PM,3,1,2
01/03/2019 02:00:00 PM,6,3,3
01/03/2019 01:00:00 PM,3,2,1
01/03/2019 12:00:00 PM,4,3,1
01/03/2019 11:00:00 AM,7,4,3
01/03/2019 10:00:00 AM,2,1,1
01/03/2019 09:00:00 AM,3,2,1
01/03/2019 08:00:00 AM,5,2,3
01/03/2019 07:00:00 AM,6,5,1
01/03/2019 06:00:00 AM,1,0,1
01/03/2019 05:00:00 AM,0,0,0
01/03/2019 04:00:00 AM,0,0,0
01/03/2019 03:00:00 AM,0,0,0
01/03/2019 02:00:00 AM,0,0,0
01/03/2019 01:00:00 AM,0,0,0
01/03/2019 12:00:00 AM,0,0,0
01/02/2019 11:00:00 PM,1,1,0
01/02/2019 10:00:00 PM,0,0,0
01/02/2019 09:00:00 PM,3,1,2
01/02/2019 08:00:00 PM,1,0,1
01/02/2019 07:00:00 PM,5,2,3
01/02/2019 06:00:00 PM,7,4,3
01/02/2019 05:00:00 PM,16,9,7
01/02/2019 04:00:00 PM,8,2,6
01/02/2019 03:00:00 PM,4,4,0
01/02/2019 02:00:00 PM,3,2,1
01/02/2019 01:00:00 PM,5,2,3
01/02/2019 12:00:00 PM,9,6,3
01/02/2019 11:00:00 AM,4,4,0
01/02/2019 10:00:00 AM,2,2,0
01/02/2019 09:00:00 AM,9,6,3
01/02/2019 08:00:00 AM,4,3,1
01/02/2019 07:00:00 AM,4,3,1
01/02/2019 06:00:00 AM,2,1,1
01/02/2019 05:00:00 AM,0,0,0
01/02/2019 04:00:00 AM,0,0,0
01/02/2019 03:00:00 AM,0,0,0
01/02/2019 02:00:00 AM,0,0,0
01/02/2019 01:00:00 AM,0,0,0
01/02/2019 12:00:00 AM,1,0,1
01/01/2019 11:00:00 PM,0,0,0
01/01/2019 10:00:00 PM,0,0,0
01/01/2019 09:00:00 PM,2,1,1
01/01/2019 08:00:00 PM,2,2,0
01/01/2019 07:00:00 PM,2,2,0
01/01/2019 06:00:00 PM,1,0,1
01/01/2019 05:00:00 PM,6,2,4
01/01/2019 04:00:00 PM,10,7,3
01/01/2019 03:00:00 PM,13,5,8
01/01/2019 02:00:00 PM,3,2,1
01/01/2019 01:00:00 PM,10,8,2
01/01/2019 12:00:00 PM,7,5,2
01/01/2019 11:00:00 AM,2,1,1
01/01/2019 10:00:00 AM,1,0,1
01/01/2019 09:00:00 AM,1,1,0
01/01/2019 08:00:00 AM,3,1,2
01/01/2019 07:00:00 AM,1,0,1
01/01/2019 06:00:00 AM,0,0,0
01/01/2019 05:00:00 AM,0,0,0
01/01/2019 04:00:00 AM,0,0,0
01/01/2019 03:00:00 AM,1,0,1
01/01/2019 02:00:00 AM,0,0,0
01/01/2019 01:00:00 AM,2,0,2
01/01/2019 12:00:00 AM,1,1,0
12/31/2018 11:00:00 PM,0,0,0
12/31/2018 10:00:00 PM,0,0,0
12/31/2018 09:00:00 PM,0,0,0
12/31/2018 08:00:00 PM,2,2,0
12/31/2018 07:00:00 PM,0,0,0
12/31/2018 06:00:00 PM,3,2,1
12/31/2018 05:00:00 PM,6,2,4
12/31/2018 04:00:00 PM,11,6,5
12/31/2018 03:00:00 PM,10,5,5
12/31/2018 02:00:00 PM,4,4,0
12/31/2018 01:00:00 PM,9,6,3
12/31/2018 12:00:00 PM,2,1,1
12/31/2018 11:00:00 AM,6,6,0
12/31/2018 10:00:00 AM,3,2,1
12/31/2018 09:00:00 AM,3,3,0
12/31/2018 08:00:00 AM,1,1,0
12/31/2018 07:00:00 AM,3,2,1
12/31/2018 06:00:00 AM,1,1,0
12/31/2018 05:00:00 AM,1,0,1
12/31/2018 04:00:00 AM,0,0,0
12/31/2018 03:00:00 AM,0,0,0
12/31/2018 02:00:00 AM,0,0,0
12/31/2018 01:00:00 AM,0,0,0
12/31/2018 12:00:00 AM,0,0,0
12/30/2018 11:00:00 PM,2,1,1
12/30/2018 10:00:00 PM,3,2,1
12/30/2018 09:00:00 PM,1,0,1
12/30/2018 08:00:00 PM,2,1,1
12/30/2018 07:00:00 PM,3,2,1
12/30/2018 06:00:00 PM,2,1,1
12/30/2018 05:00:00 PM,1,1,0
12/30/2018 04:00:00 PM,0,0,0
12/30/2018 03:00:00 PM,7,4,3
12/30/2018 02:00:00 PM,5,2,3
12/30/2018 01:00:00 PM,11,7,4
12/30/2018 12:00:00 PM,8,5,3
12/30/2018 11:00:00 AM,6,6,0
12/30/2018 10:00:00 AM,2,2,0
12/30/2018 09:00:00 AM,5,2,3
12/30/2018 08:00:00 AM,1,1,0
12/30/2018 07:00:00 AM,0,0,0
12/30/2018 06:00:00 AM,0,0,0
12/30/2018 05:00:00 AM,0,0,0
12/30/2018 04:00:00 AM,0,0,0
12/30/2018 03:00:00 AM,0,0,0
12/30/2018 02:00:00 AM,0,0,0
12/30/2018 01:00:00 AM,1,1,0
12/30/2018 12:00:00 AM,0,0,0
12/29/2018 11:00:00 PM,0,0,0
12/29/2018 10:00:00 PM,0,0,0
12/29/2018 09:00:00 PM,1,0,1
12/29/2018 08:00:00 PM,2,1,1
12/29/2018 07:00:00 PM,2,1,1
12/29/2018 06:00:00 PM,4,2,2
12/29/2018 05:00:00 PM,0,0,0
12/29/2018 04:00:00 PM,1,1,0
12/29/2018 03:00:00 PM,3,1,2
12/29/2018 02:00:00 PM,1,0,1
12/29/2018 01:00:00 PM,2,0,2
12/29/2018 12:00:00 PM,2,1,1
12/29/2018 11:00:00 AM,5,1,4
12/29/2018 10:00:00 AM,1,0,1
12/29/2018 09:00:00 AM,3,0,3
12/29/2018 08:00:00 AM,2,1,1
12/29/2018 07:00:00 AM,4,2,2
12/29/2018 06:00:00 AM,0,0,0
12/29/2018 05:00:00 AM,0,0,0
12/29/2018 04:00:00 AM,0,0,0
12/29/2018 03:00:00 AM,0,0,0
12/29/2018 02:00:00 AM,0,0,0
12/29/2018 01:00:00 AM,1,1,0
12/29/2018 12:00:00 AM,1,0,1
12/28/2018 11:00:00 PM,1,0,1
12/28/2018 10:00:00 PM,2,2,0
12/28/2018 09:00:00 PM,2,1,1
12/28/2018 08:00:00 PM,0,0,0
12/28/2018 07:00:00 PM,2,0,2
12/28/2018 06:00:00 PM,6,2,4
12/28/2018 05:00:00 PM,3,1,2
12/28/2018 04:00:00 PM,5,2,3
12/28/2018 03:00:00 PM,7,4,3
12/28/2018 02:00:00 PM,1,0,1
12/28/2018 01:00:00 PM,0,0,0
12/28/2018 12:00:00 PM,4,3,1
12/28/2018 11:00:00 AM,2,1,1
12/28/2018 10:00:00 AM,3,0,3
12/28/2018 09:00:00 AM,5,4,1
12/28/2018 08:00:00 AM,4,2,2
12/28/2018 07:00:00 AM,2,1,1
12/28/2018 06:00:00 AM,0,0,0
12/28/2018 05:00:00 AM,0,0,0
12/28/2018 04:00:00 AM,0,0,0
12/28/2018 03:00:00 AM,0,0,0
12/28/2018 02:00:00 AM,1,1,0
12/28/2018 01:00:00 AM,0,0,0
12/28/2018 12:00:00 AM,1,0,1
12/27/2018 11:00:00 PM,0,0,0
12/27/2018 10:00:00 PM,1,1,0
12/27/2018 09:00:00 PM,1,1,0
12/27/2018 08:00:00 PM,0,0,0
12/27/2018 07:00:00 PM,6,3,3
12/27/2018 06:00:00 PM,5,2,3
12/27/2018 05:00:00 PM,4,2,2
12/27/2018 04:00:00 PM,7,5,2
12/27/2018 03:00:00 PM,11,5,6
12/27/2018 02:00:00 PM,7,4,3
12/27/2018 01:00:00 PM,4,3,1
12/27/2018 12:00:00 PM,10,8,2
12/27/2018 11:00:00 AM,5,2,3
12/27/2018 10:00:00 AM,6,2,4
12/27/2018 09:00:00 AM,2,2,0
12/27/2018 08:00:00 AM,2,2,0
12/27/2018 07:00:00 AM,5,3,2
12/27/2018 06:00:00 AM,0,0,0
12/27/2018 05:00:00 AM,0,0,0
12/27/2018 04:00:00 AM,0,0,0
12/27/2018 03:00:00 AM,0,0,0
12/27/2018 02:00:00 AM,0,0,0
12/27/2018 01:00:00 AM,0,0,0
12/27/2018 12:00:00 AM,0,0,0
12/26/2018 11:00:00 PM,0,0,0
12/26/2018 10:00:00 PM,3,1,2
12/26/2018 09:00:00 PM,0,0,0
12/26/2018 08:00:00 PM,0,0,0
12/26/2018 07:00:00 PM,0,0,0
12/26/2018 06:00:00 PM,0,0,0
12/26/2018 05:00:00 PM,6,2,4
12/26/2018 04:00:00 PM,3,2,1
12/26/2018 03:00:00 PM,2,2,0
12/26/2018 02:00:00 PM,1,1,0
12/26/2018 01:00:00 PM,2,2,0
12/26/2018 12:00:00 PM,1,0,1
12/26/2018 11:00:00 AM,2,1,1
12/26/2018 10:00:00 AM,2,1,1
12/26/2018 09:00:00 AM,5,5,0
12/26/2018 08:00:00 AM,4,4,0
12/26/2018 07:00:00 AM,1,1,0
12/26/2018 06:00:00 AM,0,0,0
12/26/2018 05:00:00 AM,0,0,0
12/26/2018 04:00:00 AM,0,0,0
12/26/2018 03:00:00 AM,0,0,0
12/26/2018 02:00:00 AM,0,0,0
12/26/2018 01:00:00 AM,0,0,0
12/26/2018 12:00:00 AM,0,0,0
12/25/2018 11:00:00 PM,0,0,0
12/25/2018 10:00:00 PM,1,0,1
12/25/2018 09:00:00 PM,1,1,0
12/25/2018 08:00:00 PM,0,0,0
12/25/2018 07:00:00 PM,3,1,2
12/25/2018 06:00:00 PM,2,2,0
12/25/2018 05:00:00 PM,1,0,1
12/25/2018 04:00:00 PM,1,1,0
12/25/2018 03:00:00 PM,4,2,2
12/25/2018 02:00:00 PM,9,7,2
12/25/2018 01:00:00 PM,8,2,6
12/25/2018 12:00:00 PM,1,1,0
12/25/2018 11:00:00 AM,1,1,0
12/25/2018 10:00:00 AM,4,0,4
12/25/2018 09:00:00 AM,0,0,0
12/25/2018 08:00:00 AM,2,1,1
12/25/2018 07:00:00 AM,3,1,2
12/25/2018 06:00:00 AM,1,0,1
12/25/2018 05:00:00 AM,0,0,0
12/25/2018 04:00:00 AM,0,0,0
12/25/2018 03:00:00 AM,0,0,0
12/25/2018 02:00:00 AM,0,0,0
12/25/2018 01:00:00 AM,0,0,0
12/25/2018 12:00:00 AM,0,0,0
12/24/2018 11:00:00 PM,1,1,0
12/24/2018 10:00:00 PM,0,0,0
12/24/2018 09:00:00 PM,1,0,1
12/24/2018 08:00:00 PM,2,1,1
12/24/2018 07:00:00 PM,1,0,1
12/24/2018 06:00:00 PM,2,2,0
12/24/2018 05:00:00 PM,3,1,2
12/24/2018 04:00:00 PM,2,0,2
12/24/2018 03:00:00 PM,6,1,5
12/24/2018 02:00:00 PM,5,2,3
12/24/2018 01:00:00 PM,9,5,4
12/24/2018 12:00:00 PM,8,5,3
12/24/2018 11:00:00 AM,2,2,0
12/24/2018 10:00:00 AM,6,1,5
12/24/2018 09:00:00 AM,6,5,1
12/24/2018 08:00:00 AM,2,0,2
12/24/2018 07:00:00 AM,1,0,1
12/24/2018 06:00:00 AM,0,0,0
12/24/2018 05:00:00 AM,0,0,0
12/24/2018 04:00:00 AM,1,1,0
12/24/2018 03:00:00 AM,0,0,0
12/24/2018 02:00:00 AM,1,0,1
12/24/2018 01:00:00 AM,0,0,0
12/24/2018 12:00:00 AM,1,1,0
12/23/2018 11:00:00 PM,0,0,0
12/23/2018 10:00:00 PM,1,1,0
12/23/2018 09:00:00 PM,1,1,0
12/23/2018 08:00:00 PM,0,0,0
12/23/2018 07:00:00 PM,1,1,0
12/23/2018 06:00:00 PM,0,0,0
12/23/2018 05:00:00 PM,1,0,1
12/23/2018 04:00:00 PM,3,1,2
12/23/2018 03:00:00 PM,7,2,5
12/23/2018 02:00:00 PM,7,1,6
12/23/2018 01:00:00 PM,6,4,2
12/23/2018 12:00:00 PM,8,3,5
12/23/2018 11:00:00 AM,5,4,1
12/23/2018 10:00:00 AM,5,3,2
12/23/2018 09:00:00 AM,3,1,2
12/23/2018 08:00:00 AM,1,0,1
12/23/2018 07:00:00 AM,1,1,0
12/23/2018 06:00:00 AM,1,0,1
12/23/2018 05:00:00 AM,0,0,0
12/23/2018 04:00:00 AM,1,1,0
12/23/2018 03:00:00 AM,0,0,0
12/23/2018 02:00:00 AM,0,0,0
12/23/2018 01:00:00 AM,0,0,0
12/23/2018 12:00:00 AM,0,0,0
12/22/2018 11:00:00 PM,1,0,1
12/22/2018 10:00:00 PM,1,1,0
12/22/2018 09:00:00 PM,1,0,1
12/22/2018 08:00:00 PM,1,0,1
12/22/2018 07:00:00 PM,3,1,2
12/22/2018 06:00:00 PM,1,1,0
12/22/2018 05:00:00 PM,4,3,1
12/22/2018 04:00:00 PM,8,3,5
12/22/2018 03:00:00 PM,6,0,6
12/22/2018 02:00:00 PM,4,0,4
12/22/2018 01:00:00 PM,7,6,1
12/22/2018 12:00:00 PM,4,1,3
12/22/2018 11:00:00 AM,7,4,3
12/22/2018 10:00:00 AM,7,4,3
12/22/2018 09:00:00 AM,9,5,4
12/22/2018 08:00:00 AM,1,1,0
12/22/2018 07:00:00 AM,2,1,1
12/22/2018 06:00:00 AM,0,0,0
12/22/2018 05:00:00 AM,1,0,1
12/22/2018 04:00:00 AM,0,0,0
12/22/2018 03:00:00 AM,0,0,0
12/22/2018 02:00:00 AM,1,1,0
12/22/2018 01:00:00 AM,0,0,0
12/22/2018 12:00:00 AM,0,0,0
12/21/2018 11:00:00 PM,1,0,1
12/21/2018 10:00:00 PM,0,0,0
12/21/2018 09:00:00 PM,1,0,1
12/21/2018 08:00:00 PM,3,1,2
12/21/2018 07:00:00 PM,7,5,2
12/21/2018 06:00:00 PM,5,2,3
12/21/2018 05:00:00 PM,7,5,2
12/21/2018 04:00:00 PM,11,7,4
12/21/2018 03:00:00 PM,8,5,3
12/21/2018 02:00:00 PM,6,2,4
12/21/2018 01:00:00 PM,7,4,3
12/21/2018 12:00:00 PM,9,5,4
12/21/2018 11:00:00 AM,5,1,4
12/21/2018 10:00:00 AM,4,2,2
12/21/2018 09:00:00 AM,6,3,3
12/21/2018 08:00:00 AM,9,4,5
12/21/2018 07:00:00 AM,1,0,1
12/21/2018 06:00:00 AM,0,0,0
12/21/2018 05:00:00 AM,0,0,0
12/21/2018 04:00:00 AM,0,0,0
12/21/2018 03:00:00 AM,1,1,0
12/21/2018 02:00:00 AM,0,0,0
12/21/2018 01:00:00 AM,0,0,0
12/21/2018 12:00:00 AM,1,0,1
12/20/2018 11:00:00 PM,1,1,0
12/20/2018 10:00:00 PM,0,0,0
12/20/2018 09:00:00 PM,2,2,0
12/20/2018 08:00:00 PM,6,3,3
12/20/2018 07:00:00 PM,5,3,2
12/20/2018 06:00:00 PM,9,6,3
12/20/2018 05:00:00 PM,10,4,6
12/20/2018 04:00:00 PM,7,4,3
12/20/2018 03:00:00 PM,9,7,2
12/20/2018 02:00:00 PM,6,4,2
12/20/2018 01:00:00 PM,2,1,1
12/20/2018 12:00:00 PM,4,1,3
12/20/2018 11:00:00 AM,4,3,1
12/20/2018 10:00:00 AM,2,0,2
12/20/2018 09:00:00 AM,2,1,1
12/20/2018 08:00:00 AM,5,2,3
12/20/2018 07:00:00 AM,5,2,3
12/20/2018 06:00:00 AM,1,0,1
12/20/2018 05:00:00 AM,0,0,0
12/20/2018 04:00:00 AM,0,0,0
12/20/2018 03:00:00 AM,1,1,0
12/20/2018 02:00:00 AM,0,0,0
12/20/2018 01:00:00 AM,0,0,0
12/20/2018 12:00:00 AM,1,0,1
12/19/2018 11:00:00 PM,0,0,0
12/19/2018 10:00:00 PM,2,0,2
12/19/2018 09:00:00 PM,4,0,4
12/19/2018 08:00:00 PM,3,1,2
12/19/2018 07:00:00 PM,7,5,2
12/19/2018 06:00:00 PM,10,5,5
12/19/2018 05:00:00 PM,19,9,10
12/19/2018 04:00:00 PM,7,5,2
12/19/2018 03:00:00 PM,7,4,3
12/19/2018 02:00:00 PM,8,5,3
12/19/2018 01:00:00 PM,5,4,1
12/19/2018 12:00:00 PM,3,0,3
12/19/2018 11:00:00 AM,4,2,2
12/19/2018 10:00:00 AM,5,4,1
12/19/2018 09:00:00 AM,10,6,4
12/19/2018 08:00:00 AM,12,9,3
12/19/2018 07:00:00 AM,10,7,3
12/19/2018 06:00:00 AM,1,0,1
12/19/2018 05:00:00 AM,0,0,0
12/19/2018 04:00:00 AM,0,0,0
12/19/2018 03:00:00 AM,1,0,1
12/19/2018 02:00:00 AM,1,1,0
12/19/2018 01:00:00 AM,1,0,1
12/19/2018 12:00:00 AM,0,0,0
12/18/2018 11:00:00 PM,1,1,0
12/18/2018 10:00:00 PM,0,0,0
12/18/2018 09:00:00 PM,1,1,0
12/18/2018 08:00:00 PM,5,1,4
12/18/2018 07:00:00 PM,4,2,2
12/18/2018 06:00:00 PM,8,6,2
12/18/2018 05:00:00 PM,4,2,2
12/18/2018 04:00:00 PM,11,8,3
12/18/2018 03:00:00 PM,6,3,3
12/18/2018 02:00:00 PM,4,2,2
12/18/2018 01:00:00 PM,2,2,0
12/18/2018 12:00:00 PM,2,2,0
12/18/2018 11:00:00 AM,6,4,2
12/18/2018 10:00:00 AM,4,3,1
12/18/2018 09:00:00 AM,5,1,4
12/18/2018 08:00:00 AM,8,2,6
12/18/2018 07:00:00 AM,6,2,4
12/18/2018 06:00:00 AM,1,1,0
12/18/2018 05:00:00 AM,0,0,0
12/18/2018 04:00:00 AM,1,1,0
12/18/2018 03:00:00 AM,0,0,0
12/18/2018 02:00:00 AM,0,0,0
12/18/2018 01:00:00 AM,0,0,0
12/18/2018 12:00:00 AM,0,0,0
12/17/2018 11:00:00 PM,0,0,0
12/17/2018 10:00:00 PM,0,0,0
12/17/2018 09:00:00 PM,0,0,0
12/17/2018 08:00:00 PM,4,1,3
12/17/2018 07:00:00 PM,7,5,2
12/17/2018 06:00:00 PM,3,2,1
12/17/2018 05:00:00 PM,3,1,2
12/17/2018 04:00:00 PM,5,3,2
12/17/2018 03:00:00 PM,4,1,3
12/17/2018 02:00:00 PM,3,1,2
12/17/2018 01:00:00 PM,3,2,1
12/17/2018 12:00:00 PM,5,4,1
12/17/2018 11:00:00 AM,6,3,3
12/17/2018 10:00:00 AM,2,0,2
12/17/2018 09:00:00 AM,8,5,3
12/17/2018 08:00:00 AM,9,7,2
12/17/2018 07:00:00 AM,8,3,5
12/17/2018 06:00:00 AM,0,0,0
12/17/2018 05:00:00 AM,1,0,1
12/17/2018 04:00:00 AM,0,0,0
12/17/2018 03:00:00 AM,0,0,0
12/17/2018 02:00:00 AM,0,0,0
12/17/2018 01:00:00 AM,2,1,1
12/17/2018 12:00:00 AM,1,0,1
12/16/2018 11:00:00 PM,0,0,0
12/16/2018 10:00:00 PM,0,0,0
12/16/2018 09:00:00 PM,0,0,0
12/16/2018 08:00:00 PM,1,1,0
12/16/2018 07:00:00 PM,3,3,0
12/16/2018 06:00:00 PM,2,0,2
12/16/2018 05:00:00 PM,4,2,2
12/16/2018 04:00:00 PM,0,0,0
12/16/2018 03:00:00 PM,8,4,4
12/16/2018 02:00:00 PM,4,2,2
12/16/2018 01:00:00 PM,8,3,5
12/16/2018 12:00:00 PM,9,5,4
12/16/2018 11:00:00 AM,5,4,1
12/16/2018 10:00:00 AM,2,1,1
12/16/2018 09:00:00 AM,2,2,0
12/16/2018 08:00:00 AM,1,1,0
12/16/2018 07:00:00 AM,1,1,0
12/16/2018 06:00:00 AM,1,1,0
12/16/2018 05:00:00 AM,1,1,0
12/16/2018 04:00:00 AM,0,0,0
12/16/2018 03:00:00 AM,0,0,0
12/16/2018 02:00:00 AM,0,0,0
12/16/2018 01:00:00 AM,0,0,0
12/16/2018 12:00:00 AM,1,1,0
12/15/2018 11:00:00 PM,2,1,1
12/15/2018 10:00:00 PM,1,0,1
12/15/2018 09:00:00 PM,1,0,1
12/15/2018 08:00:00 PM,5,2,3
12/15/2018 07:00:00 PM,2,2,0
12/15/2018 06:00:00 PM,4,1,3
12/15/2018 05:00:00 PM,4,2,2
12/15/2018 04:00:00 PM,12,8,4
12/15/2018 03:00:00 PM,13,6,7
12/15/2018 02:00:00 PM,7,5,2
12/15/2018 01:00:00 PM,16,6,10
12/15/2018 12:00:00 PM,13,8,5
12/15/2018 11:00:00 AM,6,5,1
12/15/2018 10:00:00 AM,2,1,1
12/15/2018 09:00:00 AM,6,4,2
12/15/2018 08:00:00 AM,2,1,1
12/15/2018 07:00:00 AM,1,0,1
12/15/2018 06:00:00 AM,0,0,0
12/15/2018 05:00:00 AM,0,0,0
12/15/2018 04:00:00 AM,0,0,0
12/15/2018 03:00:00 AM,0,0,0
12/15/2018 02:00:00 AM,0,0,0
12/15/2018 01:00:00 AM,0,0,0
12/15/2018 12:00:00 AM,2,1,1
12/14/2018 11:00:00 PM,2,1,1
12/14/2018 10:00:00 PM,0,0,0
12/14/2018 09:00:00 PM,1,0,1
12/14/2018 08:00:00 PM,0,0,0
12/14/2018 07:00:00 PM,3,1,2
12/14/2018 06:00:00 PM,6,3,3
12/14/2018 05:00:00 PM,10,8,2
12/14/2018 04:00:00 PM,3,1,2
12/14/2018 03:00:00 PM,8,4,4
12/14/2018 02:00:00 PM,9,4,5
12/14/2018 01:00:00 PM,2,1,1
12/14/2018 12:00:00 PM,13,7,6
12/14/2018 11:00:00 AM,6,3,3
12/14/2018 10:00:00 AM,2,2,0
12/14/2018 09:00:00 AM,9,5,4
12/14/2018 08:00:00 AM,3,1,2
12/14/2018 07:00:00 AM,4,2,2
12/14/2018 06:00:00 AM,0,0,0
12/14/2018 05:00:00 AM,0,0,0
12/14/2018 04:00:00 AM,1,0,1
12/14/2018 03:00:00 AM,1,1,0
12/14/2018 02:00:00 AM,0,0,0
12/14/2018 01:00:00 AM,0,0,0
12/14/2018 12:00:00 AM,1,0,1
12/13/2018 11:00:00 PM,2,2,0
12/13/2018 10:00:00 PM,1,0,1
12/13/2018 09:00:00 PM,6,3,3
12/13/2018 08:00:00 PM,1,0,1
12/13/2018 07:00:00 PM,4,1,3
12/13/2018 06:00:00 PM,4,1,3
12/13/2018 05:00:00 PM,10,6,4
12/13/2018 04:00:00 PM,0,0,0
12/13/2018 03:00:00 PM,3,0,3
12/13/2018 02:00:00 PM,3,1,2
12/13/2018 01:00:00 PM,3,0,3
12/13/2018 12:00:00 PM,7,5,2
12/13/2018 11:00:00 AM,4,2,2
12/13/2018 10:00:00 AM,0,0,0
12/13/2018 09:00:00 AM,3,1,2
12/13/2018 08:00:00 AM,4,2,2
12/13/2018 07:00:00 AM,5,4,1
12/13/2018 06:00:00 AM,2,0,2
12/13/2018 05:00:00 AM,0,0,0
12/13/2018 04:00:00 AM,0,0,0
12/13/2018 03:00:00 AM,1,1,0
12/13/2018 02:00:00 AM,0,0,0
12/13/2018 01:00:00 AM,1,1,0
12/13/2018 12:00:00 AM,0,0,0
12/12/2018 11:00:00 PM,0,0,0
12/12/2018 10:00:00 PM,1,0,1
12/12/2018 09:00:00 PM,1,0,1
12/12/2018 08:00:00 PM,1,0,1
12/12/2018 07:00:00 PM,8,3,5
12/12/2018 06:00:00 PM,4,2,2
12/12/2018 05:00:00 PM,12,6,6
12/12/2018 04:00:00 PM,3,1,2
12/12/2018 03:00:00 PM,4,4,0
12/12/2018 02:00:00 PM,4,2,2
12/12/2018 01:00:00 PM,7,6,1
12/12/2018 12:00:00 PM,3,1,2
12/12/2018 11:00:00 AM,5,4,1
12/12/2018 10:00:00 AM,1,1,0
12/12/2018 09:00:00 AM,6,5,1
12/12/2018 08:00:00 AM,3,3,0
12/12/2018 07:00:00 AM,5,2,3
12/12/2018 06:00:00 AM,5,3,2
12/12/2018 05:00:00 AM,0,0,0
12/12/2018 04:00:00 AM,0,0,0
12/12/2018 03:00:00 AM,0,0,0
12/12/2018 02:00:00 AM,0,0,0
12/12/2018 01:00:00 AM,0,0,0
12/12/2018 12:00:00 AM,0,0,0
12/11/2018 11:00:00 PM,0,0,0
12/11/2018 10:00:00 PM,3,2,1
12/11/2018 09:00:00 PM,1,1,0
12/11/2018 08:00:00 PM,2,2,0
12/11/2018 07:00:00 PM,4,1,3
12/11/2018 06:00:00 PM,2,1,1
12/11/2018 05:00:00 PM,5,2,3
12/11/2018 04:00:00 PM,1,0,1
12/11/2018 03:00:00 PM,4,2,2
12/11/2018 02:00:00 PM,1,1,0
12/11/2018 01:00:00 PM,2,0,2
12/11/2018 12:00:00 PM,0,0,0
12/11/2018 11:00:00 AM,1,1,0
12/11/2018 10:00:00 AM,4,3,1
12/11/2018 09:00:00 AM,4,1,3
12/11/2018 08:00:00 AM,4,4,0
12/11/2018 07:00:00 AM,1,1,0
12/11/2018 06:00:00 AM,3,2,1
12/11/2018 05:00:00 AM,0,0,0
12/11/2018 04:00:00 AM,0,0,0
12/11/2018 03:00:00 AM,0,0,0
12/11/2018 02:00:00 AM,0,0,0
12/11/2018 01:00:00 AM,0,0,0
12/11/2018 12:00:00 AM,0,0,0
12/10/2018 11:00:00 PM,0,0,0
12/10/2018 10:00:00 PM,1,1,0
12/10/2018 09:00:00 PM,1,0,1
12/10/2018 08:00:00 PM,1,0,1
12/10/2018 07:00:00 PM,3,1,2
12/10/2018 06:00:00 PM,11,9,2
12/10/2018 05:00:00 PM,8,2,6
12/10/2018 04:00:00 PM,9,5,4
12/10/2018 03:00:00 PM,11,5,6
12/10/2018 02:00:00 PM,5,2,3
12/10/2018 01:00:00 PM,5,2,3
12/10/2018 12:00:00 PM,3,3,0
12/10/2018 11:00:00 AM,4,2,2
12/10/2018 10:00:00 AM,3,2,1
12/10/2018 09:00:00 AM,7,3,4
12/10/2018 08:00:00 AM,5,3,2
12/10/2018 07:00:00 AM,3,2,1
12/10/2018 06:00:00 AM,3,2,1
12/10/2018 05:00:00 AM,1,0,1
12/10/2018 04:00:00 AM,0,0,0
12/10/2018 03:00:00 AM,0,0,0
12/10/2018 02:00:00 AM,0,0,0
12/10/2018 01:00:00 AM,0,0,0
12/10/2018 12:00:00 AM,0,0,0
12/09/2018 11:00:00 PM,0,0,0
12/09/2018 10:00:00 PM,0,0,0
12/09/2018 09:00:00 PM,0,0,0
12/09/2018 08:00:00 PM,0,0,0
12/09/2018 07:00:00 PM,0,0,0
12/09/2018 06:00:00 PM,0,0,0
12/09/2018 05:00:00 PM,1,1,0
12/09/2018 04:00:00 PM,3,0,3
12/09/2018 03:00:00 PM,2,1,1
12/09/2018 02:00:00 PM,2,0,2
12/09/2018 01:00:00 PM,0,0,0
12/09/2018 12:00:00 PM,0,0,0
12/09/2018 11:00:00 AM,2,2,0
12/09/2018 10:00:00 AM,2,1,1
12/09/2018 09:00:00 AM,2,2,0
12/09/2018 08:00:00 AM,1,1,0
12/09/2018 07:00:00 AM,0,0,0
12/09/2018 06:00:00 AM,1,0,1
12/09/2018 05:00:00 AM,1,1,0
12/09/2018 04:00:00 AM,0,0,0
12/09/2018 03:00:00 AM,1,0,1
12/09/2018 02:00:00 AM,0,0,0
12/09/2018 01:00:00 AM,1,1,0
12/09/2018 12:00:00 AM,1,0,1
12/08/2018 11:00:00 PM,1,0,1
12/08/2018 10:00:00 PM,1,0,1
12/08/2018 09:00:00 PM,2,1,1
12/08/2018 08:00:00 PM,2,0,2
12/08/2018 07:00:00 PM,2,0,2
12/08/2018 06:00:00 PM,6,3,3
12/08/2018 05:00:00 PM,4,1,3
12/08/2018 04:00:00 PM,4,0,4
12/08/2018 03:00:00 PM,8,5,3
12/08/2018 02:00:00 PM,5,1,4
12/08/2018 01:00:00 PM,6,2,4
12/08/2018 12:00:00 PM,3,3,0
12/08/2018 11:00:00 AM,4,2,2
12/08/2018 10:00:00 AM,6,2,4
12/08/2018 09:00:00 AM,2,2,0
12/08/2018 08:00:00 AM,6,4,2
12/08/2018 07:00:00 AM,1,1,0
12/08/2018 06:00:00 AM,0,0,0
12/08/2018 05:00:00 AM,2,1,1
12/08/2018 04:00:00 AM,1,0,1
12/08/2018 03:00:00 AM,1,0,1
12/08/2018 02:00:00 AM,0,0,0
12/08/2018 01:00:00 AM,0,0,0
12/08/2018 12:00:00 AM,1,0,1
12/07/2018 11:00:00 PM,0,0,0
12/07/2018 10:00:00 PM,1,0,1
12/07/2018 09:00:00 PM,10,2,8
12/07/2018 08:00:00 PM,5,2,3
12/07/2018 07:00:00 PM,4,2,2
12/07/2018 06:00:00 PM,7,6,1
12/07/2018 05:00:00 PM,6,3,3
12/07/2018 04:00:00 PM,5,3,2
12/07/2018 03:00:00 PM,5,2,3
12/07/2018 02:00:00 PM,8,4,4
12/07/2018 01:00:00 PM,9,5,4
12/07/2018 12:00:00 PM,7,5,2
12/07/2018 11:00:00 AM,7,6,1
12/07/2018 10:00:00 AM,9,4,5
12/07/2018 09:00:00 AM,8,3,5
12/07/2018 08:00:00 AM,7,5,2
12/07/2018 07:00:00 AM,10,3,7
12/07/2018 06:00:00 AM,2,0,2
12/07/2018 05:00:00 AM,0,0,0
12/07/2018 04:00:00 AM,0,0,0
12/07/2018 03:00:00 AM,0,0,0
12/07/2018 02:00:00 AM,0,0,0
12/07/2018 01:00:00 AM,0,0,0
12/07/2018 12:00:00 AM,0,0,0
12/06/2018 11:00:00 PM,0,0,0
12/06/2018 10:00:00 PM,3,0,3
12/06/2018 09:00:00 PM,4,3,1
12/06/2018 08:00:00 PM,13,8,5
12/06/2018 07:00:00 PM,16,14,2
12/06/2018 06:00:00 PM,21,18,3
12/06/2018 05:00:00 PM,20,13,7
12/06/2018 04:00:00 PM,20,17,3
12/06/2018 03:00:00 PM,18,12,6
12/06/2018 02:00:00 PM,4,3,1
12/06/2018 01:00:00 PM,2,1,1
12/06/2018 12:00:00 PM,9,7,2
12/06/2018 11:00:00 AM,5,4,1
12/06/2018 10:00:00 AM,6,3,3
12/06/2018 09:00:00 AM,12,3,9
12/06/2018 08:00:00 AM,15,7,8
12/06/2018 07:00:00 AM,8,4,4
12/06/2018 06:00:00 AM,2,1,1
12/06/2018 05:00:00 AM,0,0,0
12/06/2018 04:00:00 AM,0,0,0
12/06/2018 03:00:00 AM,0,0,0
12/06/2018 02:00:00 AM,0,0,0
12/06/2018 01:00:00 AM,0,0,0
12/06/2018 12:00:00 AM,0,0,0
12/05/2018 11:00:00 PM,0,0,0
12/05/2018 10:00:00 PM,0,0,0
12/05/2018 09:00:00 PM,1,0,1
12/05/2018 08:00:00 PM,3,0,3
12/05/2018 07:00:00 PM,9,5,4
12/05/2018 06:00:00 PM,11,4,7
12/05/2018 05:00:00 PM,14,5,9
12/05/2018 04:00:00 PM,14,7,7
12/05/2018 03:00:00 PM,7,4,3
12/05/2018 02:00:00 PM,8,5,3
12/05/2018 01:00:00 PM,9,5,4
12/05/2018 12:00:00 PM,7,5,2
12/05/2018 11:00:00 AM,6,4,2
12/05/2018 10:00:00 AM,12,7,5
12/05/2018 09:00:00 AM,12,10,2
12/05/2018 08:00:00 AM,13,9,4
12/05/2018 07:00:00 AM,8,4,4
12/05/2018 06:00:00 AM,1,0,1
12/05/2018 05:00:00 AM,0,0,0
12/05/2018 04:00:00 AM,0,0,0
12/05/2018 03:00:00 AM,1,1,0
12/05/2018 02:00:00 AM,0,0,0
12/05/2018 01:00:00 AM,0,0,0
12/05/2018 12:00:00 AM,0,0,0
12/04/2018 11:00:00 PM,1,1,0
12/04/2018 10:00:00 PM,0,0,0
12/04/2018 09:00:00 PM,0,0,0
12/04/2018 08:00:00 PM,3,0,3
12/04/2018 07:00:00 PM,9,4,5
12/04/2018 06:00:00 PM,14,7,7
12/04/2018 05:00:00 PM,10,3,7
12/04/2018 04:00:00 PM,10,6,4
12/04/2018 03:00:00 PM,1,1,0
12/04/2018 02:00:00 PM,7,3,4
12/04/2018 01:00:00 PM,9,4,5
12/04/2018 12:00:00 PM,7,6,1
12/04/2018 11:00:00 AM,4,3,1
12/04/2018 10:00:00 AM,8,6,2
12/04/2018 09:00:00 AM,6,3,3
12/04/2018 08:00:00 AM,10,8,2
12/04/2018 07:00:00 AM,7,5,2
12/04/2018 06:00:00 AM,2,2,0
12/04/2018 05:00:00 AM,0,0,0
12/04/2018 04:00:00 AM,0,0,0
12/04/2018 03:00:00 AM,1,1,0
12/04/2018 02:00:00 AM,0,0,0
12/04/2018 01:00:00 AM,0,0,0
12/04/2018 12:00:00 AM,0,0,0
12/03/2018 11:00:00 PM,1,0,1
12/03/2018 10:00:00 PM,1,0,1
12/03/2018 09:00:00 PM,2,1,1
12/03/2018 08:00:00 PM,3,0,3
12/03/2018 07:00:00 PM,4,2,2
12/03/2018 06:00:00 PM,7,4,3
12/03/2018 05:00:00 PM,9,2,7
12/03/2018 04:00:00 PM,5,3,2
12/03/2018 03:00:00 PM,7,3,4
12/03/2018 02:00:00 PM,9,5,4
12/03/2018 01:00:00 PM,9,4,5
12/03/2018 12:00:00 PM,14,10,4
12/03/2018 11:00:00 AM,6,3,3
12/03/2018 10:00:00 AM,6,3,3
12/03/2018 09:00:00 AM,8,4,4
12/03/2018 08:00:00 AM,13,10,3
12/03/2018 07:00:00 AM,8,4,4
12/03/2018 06:00:00 AM,2,2,0
12/03/2018 05:00:00 AM,0,0,0
12/03/2018 04:00:00 AM,0,0,0
12/03/2018 03:00:00 AM,1,1,0
12/03/2018 02:00:00 AM,0,0,0
12/03/2018 01:00:00 AM,0,0,0
12/03/2018 12:00:00 AM,0,0,0
12/02/2018 11:00:00 PM,0,0,0
12/02/2018 10:00:00 PM,0,0,0
12/02/2018 09:00:00 PM,2,0,2
12/02/2018 08:00:00 PM,1,1,0
12/02/2018 07:00:00 PM,3,1,2
12/02/2018 06:00:00 PM,2,1,1
12/02/2018 05:00:00 PM,7,3,4
12/02/2018 04:00:00 PM,5,3,2
12/02/2018 03:00:00 PM,11,5,6
12/02/2018 02:00:00 PM,6,2,4
12/02/2018 01:00:00 PM,12,7,5
12/02/2018 12:00:00 PM,4,3,1
12/02/2018 11:00:00 AM,6,2,4
12/02/2018 10:00:00 AM,5,2,3
12/02/2018 09:00:00 AM,4,4,0
12/02/2018 08:00:00 AM,1,1,0
12/02/2018 07:00:00 AM,2,1,1
12/02/2018 06:00:00 AM,4,2,2
12/02/2018 05:00:00 AM,0,0,0
12/02/2018 04:00:00 AM,1,0,1
12/02/2018 03:00:00 AM,1,0,1
12/02/2018 02:00:00 AM,0,0,0
12/02/2018 01:00:00 AM,1,1,0
12/02/2018 12:00:00 AM,1,1,0
12/01/2018 11:00:00 PM,0,0,0
12/01/2018 10:00:00 PM,1,1,0
12/01/2018 09:00:00 PM,3,0,3
12/01/2018 08:00:00 PM,2,0,2
12/01/2018 07:00:00 PM,6,5,1
12/01/2018 06:00:00 PM,2,0,2
12/01/2018 05:00:00 PM,2,1,1
12/01/2018 04:00:00 PM,11,10,1
12/01/2018 03:00:00 PM,12,9,3
12/01/2018 02:00:00 PM,7,3,4
12/01/2018 01:00:00 PM,9,4,5
12/01/2018 12:00:00 PM,4,3,1
12/01/2018 11:00:00 AM,4,2,2
12/01/2018 10:00:00 AM,9,7,2
12/01/2018 09:00:00 AM,6,3,3
12/01/2018 08:00:00 AM,2,2,0
12/01/2018 07:00:00 AM,0,0,0
12/01/2018 06:00:00 AM,1,0,1
12/01/2018 05:00:00 AM,0,0,0
12/01/2018 04:00:00 AM,0,0,0
12/01/2018 03:00:00 AM,1,1,0
12/01/2018 02:00:00 AM,0,0,0
12/01/2018 01:00:00 AM,0,0,0
12/01/2018 12:00:00 AM,0,0,0
11/30/2018 11:00:00 PM,1,0,1
11/30/2018 10:00:00 PM,0,0,0
11/30/2018 09:00:00 PM,1,0,1
11/30/2018 08:00:00 PM,3,1,2
11/30/2018 07:00:00 PM,2,1,1
11/30/2018 06:00:00 PM,15,6,9
11/30/2018 05:00:00 PM,13,9,4
11/30/2018 04:00:00 PM,15,5,10
11/30/2018 03:00:00 PM,9,6,3
11/30/2018 02:00:00 PM,5,2,3
11/30/2018 01:00:00 PM,12,6,6
11/30/2018 12:00:00 PM,9,5,4
11/30/2018 11:00:00 AM,5,3,2
11/30/2018 10:00:00 AM,4,3,1
11/30/2018 09:00:00 AM,6,5,1
11/30/2018 08:00:00 AM,10,4,6
11/30/2018 07:00:00 AM,7,5,2
11/30/2018 06:00:00 AM,3,3,0
11/30/2018 05:00:00 AM,0,0,0
11/30/2018 04:00:00 AM,0,0,0
11/30/2018 03:00:00 AM,0,0,0
11/30/2018 02:00:00 AM,1,0,1
11/30/2018 01:00:00 AM,0,0,0
11/30/2018 12:00:00 AM,1,1,0
11/29/2018 11:00:00 PM,1,1,0
11/29/2018 10:00:00 PM,0,0,0
11/29/2018 09:00:00 PM,1,1,0
11/29/2018 08:00:00 PM,3,2,1
11/29/2018 07:00:00 PM,11,2,9
11/29/2018 06:00:00 PM,9,5,4
11/29/2018 05:00:00 PM,18,10,8
11/29/2018 04:00:00 PM,5,3,2
11/29/2018 03:00:00 PM,4,2,2
11/29/2018 02:00:00 PM,9,5,4
11/29/2018 01:00:00 PM,4,3,1
11/29/2018 12:00:00 PM,6,1,5
11/29/2018 11:00:00 AM,8,8,0
11/29/2018 10:00:00 AM,5,5,0
11/29/2018 09:00:00 AM,6,2,4
11/29/2018 08:00:00 AM,9,5,4
11/29/2018 07:00:00 AM,9,3,6
11/29/2018 06:00:00 AM,3,2,1
11/29/2018 05:00:00 AM,0,0,0
11/29/2018 04:00:00 AM,0,0,0
11/29/2018 03:00:00 AM,0,0,0
11/29/2018 02:00:00 AM,0,0,0
11/29/2018 01:00:00 AM,0,0,0
11/29/2018 12:00:00 AM,0,0,0
11/28/2018 11:00:00 PM,0,0,0
11/28/2018 10:00:00 PM,1,0,1
11/28/2018 09:00:00 PM,2,1,1
11/28/2018 08:00:00 PM,1,1,0
11/28/2018 07:00:00 PM,5,3,2
11/28/2018 06:00:00 PM,7,4,3
11/28/2018 05:00:00 PM,6,2,4
11/28/2018 04:00:00 PM,3,2,1
11/28/2018 03:00:00 PM,8,8,0
11/28/2018 02:00:00 PM,6,3,3
11/28/2018 01:00:00 PM,5,2,3
11/28/2018 12:00:00 PM,4,2,2
11/28/2018 11:00:00 AM,4,3,1
11/28/2018 10:00:00 AM,4,4,0
11/28/2018 09:00:00 AM,10,6,4
11/28/2018 08:00:00 AM,9,5,4
11/28/2018 07:00:00 AM,3,2,1
11/28/2018 06:00:00 AM,2,2,0
11/28/2018 05:00:00 AM,0,0,0
11/28/2018 04:00:00 AM,0,0,0
11/28/2018 03:00:00 AM,2,1,1
11/28/2018 02:00:00 AM,0,0,0
11/28/2018 01:00:00 AM,1,1,0
11/28/2018 12:00:00 AM,0,0,0
11/27/2018 11:00:00 PM,1,0,1
11/27/2018 10:00:00 PM,1,0,1
11/27/2018 09:00:00 PM,3,1,2
11/27/2018 08:00:00 PM,1,1,0
11/27/2018 07:00:00 PM,4,3,1
11/27/2018 06:00:00 PM,10,4,6
11/27/2018 05:00:00 PM,7,4,3
11/27/2018 04:00:00 PM,5,3,2
11/27/2018 03:00:00 PM,7,6,1
11/27/2018 02:00:00 PM,11,6,5
11/27/2018 01:00:00 PM,6,2,4
11/27/2018 12:00:00 PM,5,4,1
11/27/2018 11:00:00 AM,3,0,3
11/27/2018 10:00:00 AM,7,7,0
11/27/2018 09:00:00 AM,6,5,1
11/27/2018 08:00:00 AM,7,3,4
11/27/2018 07:00:00 AM,5,2,3
11/27/2018 06:00:00 AM,2,1,1
11/27/2018 05:00:00 AM,0,0,0
11/27/2018 04:00:00 AM,0,0,0
11/27/2018 03:00:00 AM,1,1,0
11/27/2018 02:00:00 AM,0,0,0
11/27/2018 01:00:00 AM,0,0,0
11/27/2018 12:00:00 AM,0,0,0
11/26/2018 11:00:00 PM,0,0,0
11/26/2018 10:00:00 PM,0,0,0
11/26/2018 09:00:00 PM,3,0,3
11/26/2018 08:00:00 PM,2,2,0
11/26/2018 07:00:00 PM,7,1,6
11/26/2018 06:00:00 PM,4,3,1
11/26/2018 05:00:00 PM,10,4,6
11/26/2018 04:00:00 PM,5,2,3
11/26/2018 03:00:00 PM,1,1,0
11/26/2018 02:00:00 PM,5,4,1
11/26/2018 01:00:00 PM,3,2,1
11/26/2018 12:00:00 PM,0,0,0
11/26/2018 11:00:00 AM,2,1,1
11/26/2018 10:00:00 AM,1,1,0
11/26/2018 09:00:00 AM,5,3,2
11/26/2018 08:00:00 AM,5,2,3
11/26/2018 07:00:00 AM,8,6,2
11/26/2018 06:00:00 AM,2,2,0
11/26/2018 05:00:00 AM,0,0,0
11/26/2018 04:00:00 AM,0,0,0
11/26/2018 03:00:00 AM,2,1,1
11/26/2018 02:00:00 AM,0,0,0
11/26/2018 01:00:00 AM,0,0,0
11/26/2018 12:00:00 AM,0,0,0
11/25/2018 11:00:00 PM,0,0,0
11/25/2018 10:00:00 PM,1,0,1
11/25/2018 09:00:00 PM,0,0,0
11/25/2018 08:00:00 PM,1,0,1
11/25/2018 07:00:00 PM,4,3,1
11/25/2018 06:00:00 PM,2,1,1
11/25/2018 05:00:00 PM,3,1,2
11/25/2018 04:00:00 PM,5,2,3
11/25/2018 03:00:00 PM,17,10,7
11/25/2018 02:00:00 PM,15,10,5
11/25/2018 01:00:00 PM,8,6,2
11/25/2018 12:00:00 PM,13,4,9
11/25/2018 11:00:00 AM,13,7,6
11/25/2018 10:00:00 AM,5,4,1
11/25/2018 09:00:00 AM,7,2,5
11/25/2018 08:00:00 AM,0,0,0
11/25/2018 07:00:00 AM,3,1,2
11/25/2018 06:00:00 AM,1,0,1
11/25/2018 05:00:00 AM,1,1,0
11/25/2018 04:00:00 AM,2,0,2
11/25/2018 03:00:00 AM,0,0,0
11/25/2018 02:00:00 AM,0,0,0
11/25/2018 01:00:00 AM,0,0,0
11/25/2018 12:00:00 AM,1,0,1
11/24/2018 11:00:00 PM,0,0,0
11/24/2018 10:00:00 PM,4,2,2
11/24/2018 09:00:00 PM,0,0,0
11/24/2018 08:00:00 PM,3,3,0
11/24/2018 07:00:00 PM,3,2,1
11/24/2018 06:00:00 PM,2,1,1
11/24/2018 05:00:00 PM,6,4,2
11/24/2018 04:00:00 PM,14,9,5
11/24/2018 03:00:00 PM,8,3,5
11/24/2018 02:00:00 PM,8,6,2
11/24/2018 01:00:00 PM,15,4,11
11/24/2018 12:00:00 PM,7,2,5
11/24/2018 11:00:00 AM,4,2,2
11/24/2018 10:00:00 AM,12,7,5
11/24/2018 09:00:00 AM,2,1,1
11/24/2018 08:00:00 AM,6,4,2
11/24/2018 07:00:00 AM,1,1,0
11/24/2018 06:00:00 AM,0,0,0
11/24/2018 05:00:00 AM,1,1,0
11/24/2018 04:00:00 AM,0,0,0
11/24/2018 03:00:00 AM,0,0,0
11/24/2018 02:00:00 AM,0,0,0
11/24/2018 01:00:00 AM,0,0,0
11/24/2018 12:00:00 AM,0,0,0
11/23/2018 11:00:00 PM,0,0,0
11/23/2018 10:00:00 PM,1,1,0
11/23/2018 09:00:00 PM,3,2,1
11/23/2018 08:00:00 PM,1,0,1
11/23/2018 07:00:00 PM,1,1,0
11/23/2018 06:00:00 PM,4,1,3
11/23/2018 05:00:00 PM,4,2,2
11/23/2018 04:00:00 PM,7,5,2
11/23/2018 03:00:00 PM,6,4,2
11/23/2018 02:00:00 PM,2,2,0
11/23/2018 01:00:00 PM,4,3,1
11/23/2018 12:00:00 PM,12,6,6
11/23/2018 11:00:00 AM,4,4,0
11/23/2018 10:00:00 AM,3,3,0
11/23/2018 09:00:00 AM,9,7,2
11/23/2018 08:00:00 AM,2,1,1
11/23/2018 07:00:00 AM,2,2,0
11/23/2018 06:00:00 AM,0,0,0
11/23/2018 05:00:00 AM,0,0,0
11/23/2018 04:00:00 AM,0,0,0
11/23/2018 03:00:00 AM,0,0,0
11/23/2018 02:00:00 AM,0,0,0
11/23/2018 01:00:00 AM,0,0,0
11/23/2018 12:00:00 AM,3,1,2
11/22/2018 11:00:00 PM,0,0,0
11/22/2018 10:00:00 PM,1,1,0
11/22/2018 09:00:00 PM,2,1,1
11/22/2018 08:00:00 PM,0,0,0
11/22/2018 07:00:00 PM,3,2,1
11/22/2018 06:00:00 PM,3,2,1
11/22/2018 05:00:00 PM,4,2,2
11/22/2018 04:00:00 PM,1,1,0
11/22/2018 03:00:00 PM,1,0,1
11/22/2018 02:00:00 PM,2,2,0
11/22/2018 01:00:00 PM,4,2,2
11/22/2018 12:00:00 PM,5,2,3
11/22/2018 11:00:00 AM,5,3,2
11/22/2018 10:00:00 AM,2,0,2
11/22/2018 09:00:00 AM,5,5,0
11/22/2018 08:00:00 AM,5,3,2
11/22/2018 07:00:00 AM,1,0,1
11/22/2018 06:00:00 AM,1,0,1
11/22/2018 05:00:00 AM,1,0,1
11/22/2018 04:00:00 AM,0,0,0
11/22/2018 03:00:00 AM,0,0,0
11/22/2018 02:00:00 AM,0,0,0
11/22/2018 01:00:00 AM,0,0,0
11/22/2018 12:00:00 AM,0,0,0
11/21/2018 11:00:00 PM,1,1,0
11/21/2018 10:00:00 PM,0,0,0
11/21/2018 09:00:00 PM,1,1,0
11/21/2018 08:00:00 PM,5,2,3
11/21/2018 07:00:00 PM,2,0,2
11/21/2018 06:00:00 PM,4,1,3
11/21/2018 05:00:00 PM,10,5,5
11/21/2018 04:00:00 PM,5,2,3
11/21/2018 03:00:00 PM,10,5,5
11/21/2018 02:00:00 PM,6,2,4
11/21/2018 01:00:00 PM,6,3,3
11/21/2018 12:00:00 PM,5,3,2
11/21/2018 11:00:00 AM,2,2,0
11/21/2018 10:00:00 AM,7,6,1
11/21/2018 09:00:00 AM,9,6,3
11/21/2018 08:00:00 AM,4,2,2
11/21/2018 07:00:00 AM,1,0,1
11/21/2018 06:00:00 AM,7,3,4
11/21/2018 05:00:00 AM,1,0,1
11/21/2018 04:00:00 AM,1,0,1
11/21/2018 03:00:00 AM,1,1,0
11/21/2018 02:00:00 AM,0,0,0
11/21/2018 01:00:00 AM,0,0,0
11/21/2018 12:00:00 AM,0,0,0
11/20/2018 11:00:00 PM,2,0,2
11/20/2018 10:00:00 PM,0,0,0
11/20/2018 09:00:00 PM,5,3,2
11/20/2018 08:00:00 PM,2,1,1
11/20/2018 07:00:00 PM,3,2,1
11/20/2018 06:00:00 PM,8,4,4
11/20/2018 05:00:00 PM,11,6,5
11/20/2018 04:00:00 PM,11,7,4
11/20/2018 03:00:00 PM,8,5,3
11/20/2018 02:00:00 PM,11,6,5
11/20/2018 01:00:00 PM,4,3,1
11/20/2018 12:00:00 PM,1,0,1
11/20/2018 11:00:00 AM,6,5,1
11/20/2018 10:00:00 AM,2,1,1
11/20/2018 09:00:00 AM,1,1,0
11/20/2018 08:00:00 AM,10,5,5
11/20/2018 07:00:00 AM,4,3,1
11/20/2018 06:00:00 AM,1,1,0
11/20/2018 05:00:00 AM,1,0,1
11/20/2018 04:00:00 AM,0,0,0
11/20/2018 03:00:00 AM,1,1,0
11/20/2018 02:00:00 AM,1,0,1
11/20/2018 01:00:00 AM,0,0,0
11/20/2018 12:00:00 AM,0,0,0
11/19/2018 11:00:00 PM,0,0,0
11/19/2018 10:00:00 PM,0,0,0
11/19/2018 09:00:00 PM,1,1,0
11/19/2018 08:00:00 PM,6,1,5
11/19/2018 07:00:00 PM,2,1,1
11/19/2018 06:00:00 PM,7,3,4
11/19/2018 05:00:00 PM,12,3,9
11/19/2018 04:00:00 PM,7,4,3
11/19/2018 03:00:00 PM,10,5,5
11/19/2018 02:00:00 PM,5,1,4
11/19/2018 01:00:00 PM,9,6,3
11/19/2018 12:00:00 PM,1,0,1
11/19/2018 11:00:00 AM,5,3,2
11/19/2018 10:00:00 AM,9,6,3
11/19/2018 09:00:00 AM,9,4,5
11/19/2018 08:00:00 AM,14,10,4
11/19/2018 07:00:00 AM,3,2,1
11/19/2018 06:00:00 AM,1,1,0
11/19/2018 05:00:00 AM,1,1,0
11/19/2018 04:00:00 AM,0,0,0
11/19/2018 03:00:00 AM,2,2,0
11/19/2018 02:00:00 AM,0,0,0
11/19/2018 01:00:00 AM,0,0,0
11/19/2018 12:00:00 AM,0,0,0
11/18/2018 11:00:00 PM,1,0,1
11/18/2018 10:00:00 PM,1,1,0
11/18/2018 09:00:00 PM,0,0,0
11/18/2018 08:00:00 PM,2,2,0
11/18/2018 07:00:00 PM,2,2,0
11/18/2018 06:00:00 PM,3,1,2
11/18/2018 05:00:00 PM,3,2,1
11/18/2018 04:00:00 PM,15,5,10
11/18/2018 03:00:00 PM,21,11,10
11/18/2018 02:00:00 PM,9,8,1
11/18/2018 01:00:00 PM,12,7,5
11/18/2018 12:00:00 PM,19,6,13
11/18/2018 11:00:00 AM,19,12,7
11/18/2018 10:00:00 AM,10,10,0
11/18/2018 09:00:00 AM,8,4,4
11/18/2018 08:00:00 AM,2,2,0
11/18/2018 07:00:00 AM,2,0,2
11/18/2018 06:00:00 AM,1,0,1
11/18/2018 05:00:00 AM,0,0,0
11/18/2018 04:00:00 AM,0,0,0
11/18/2018 03:00:00 AM,0,0,0
11/18/2018 02:00:00 AM,0,0,0
11/18/2018 01:00:00 AM,0,0,0
11/18/2018 12:00:00 AM,0,0,0
11/17/2018 11:00:00 PM,0,0,0
11/17/2018 10:00:00 PM,2,1,1
11/17/2018 09:00:00 PM,1,0,1
11/17/2018 08:00:00 PM,2,2,0
11/17/2018 07:00:00 PM,5,0,5
11/17/2018 06:00:00 PM,2,0,2
11/17/2018 05:00:00 PM,6,1,5
11/17/2018 04:00:00 PM,11,6,5
11/17/2018 03:00:00 PM,14,10,4
11/17/2018 02:00:00 PM,18,11,7
11/17/2018 01:00:00 PM,13,7,6
11/17/2018 12:00:00 PM,14,8,6
11/17/2018 11:00:00 AM,15,5,10
11/17/2018 10:00:00 AM,13,8,5
11/17/2018 09:00:00 AM,6,6,0
11/17/2018 08:00:00 AM,5,3,2
11/17/2018 07:00:00 AM,1,0,1
11/17/2018 06:00:00 AM,1,0,1
11/17/2018 05:00:00 AM,0,0,0
11/17/2018 04:00:00 AM,0,0,0
11/17/2018 03:00:00 AM,0,0,0
11/17/2018 02:00:00 AM,0,0,0
11/17/2018 01:00:00 AM,0,0,0
11/17/2018 12:00:00 AM,2,1,1
11/16/2018 11:00:00 PM,3,1,2
11/16/2018 10:00:00 PM,1,1,0
11/16/2018 09:00:00 PM,3,2,1
11/16/2018 08:00:00 PM,1,1,0
11/16/2018 07:00:00 PM,6,2,4
11/16/2018 06:00:00 PM,8,3,5
11/16/2018 05:00:00 PM,17,8,9
11/16/2018 04:00:00 PM,15,11,4
11/16/2018 03:00:00 PM,7,2,5
11/16/2018 02:00:00 PM,11,4,7
11/16/2018 01:00:00 PM,6,4,2
11/16/2018 12:00:00 PM,6,3,3
11/16/2018 11:00:00 AM,6,4,2
11/16/2018 10:00:00 AM,10,7,3
11/16/2018 09:00:00 AM,11,5,6
11/16/2018 08:00:00 AM,11,5,6
11/16/2018 07:00:00 AM,6,4,2
11/16/2018 06:00:00 AM,2,1,1
11/16/2018 05:00:00 AM,1,0,1
11/16/2018 04:00:00 AM,0,0,0
11/16/2018 03:00:00 AM,1,1,0
11/16/2018 02:00:00 AM,0,0,0
11/16/2018 01:00:00 AM,0,0,0
11/16/2018 12:00:00 AM,0,0,0
11/15/2018 11:00:00 PM,3,2,1
11/15/2018 10:00:00 PM,1,1,0
11/15/2018 09:00:00 PM,5,3,2
11/15/2018 08:00:00 PM,10,2,8
11/15/2018 07:00:00 PM,12,8,4
11/15/2018 06:00:00 PM,10,6,4
11/15/2018 05:00:00 PM,10,5,5
11/15/2018 04:00:00 PM,12,3,9
11/15/2018 03:00:00 PM,17,12,5
11/15/2018 02:00:00 PM,10,7,3
11/15/2018 01:00:00 PM,5,1,4
11/15/2018 12:00:00 PM,6,3,3
11/15/2018 11:00:00 AM,10,7,3
11/15/2018 10:00:00 AM,5,5,0
11/15/2018 09:00:00 AM,9,6,3
11/15/2018 08:00:00 AM,13,8,5
11/15/2018 07:00:00 AM,5,3,2
11/15/2018 06:00:00 AM,5,4,1
11/15/2018 05:00:00 AM,0,0,0
11/15/2018 04:00:00 AM,0,0,0
11/15/2018 03:00:00 AM,1,1,0
11/15/2018 02:00:00 AM,0,0,0
11/15/2018 01:00:00 AM,0,0,0
11/15/2018 12:00:00 AM,0,0,0
11/14/2018 11:00:00 PM,0,0,0
11/14/2018 10:00:00 PM,1,1,0
11/14/2018 09:00:00 PM,5,4,1
11/14/2018 08:00:00 PM,4,0,4
11/14/2018 07:00:00 PM,7,4,3
11/14/2018 06:00:00 PM,17,8,9
11/14/2018 05:00:00 PM,7,4,3
11/14/2018 04:00:00 PM,9,6,3
11/14/2018 03:00:00 PM,4,1,3
11/14/2018 02:00:00 PM,13,11,2
11/14/2018 01:00:00 PM,4,1,3
11/14/2018 12:00:00 PM,10,7,3
11/14/2018 11:00:00 AM,7,6,1
11/14/2018 10:00:00 AM,2,1,1
11/14/2018 09:00:00 AM,5,5,0
11/14/2018 08:00:00 AM,5,3,2
11/14/2018 07:00:00 AM,6,3,3
11/14/2018 06:00:00 AM,2,1,1
11/14/2018 05:00:00 AM,1,1,0
11/14/2018 04:00:00 AM,0,0,0
11/14/2018 03:00:00 AM,0,0,0
11/14/2018 02:00:00 AM,1,0,1
11/14/2018 01:00:00 AM,0,0,0
11/14/2018 12:00:00 AM,0,0,0
11/13/2018 11:00:00 PM,0,0,0
11/13/2018 10:00:00 PM,0,0,0
11/13/2018 09:00:00 PM,4,1,3
11/13/2018 08:00:00 PM,6,1,5
11/13/2018 07:00:00 PM,10,5,5
11/13/2018 06:00:00 PM,10,8,2
11/13/2018 05:00:00 PM,17,8,9
11/13/2018 04:00:00 PM,11,6,5
11/13/2018 03:00:00 PM,10,5,5
11/13/2018 02:00:00 PM,8,4,4
11/13/2018 01:00:00 PM,8,4,4
11/13/2018 12:00:00 PM,4,4,0
11/13/2018 11:00:00 AM,7,5,2
11/13/2018 10:00:00 AM,7,6,1
11/13/2018 09:00:00 AM,5,3,2
11/13/2018 08:00:00 AM,12,7,5
11/13/2018 07:00:00 AM,7,2,5
11/13/2018 06:00:00 AM,4,3,1
11/13/2018 05:00:00 AM,2,1,1
11/13/2018 04:00:00 AM,0,0,0
11/13/2018 03:00:00 AM,0,0,0
11/13/2018 02:00:00 AM,0,0,0
11/13/2018 01:00:00 AM,1,1,0
11/13/2018 12:00:00 AM,0,0,0
11/12/2018 11:00:00 PM,0,0,0
11/12/2018 10:00:00 PM,2,0,2
11/12/2018 09:00:00 PM,0,0,0
11/12/2018 08:00:00 PM,1,0,1
11/12/2018 07:00:00 PM,3,3,0
11/12/2018 06:00:00 PM,6,4,2
11/12/2018 05:00:00 PM,8,2,6
11/12/2018 04:00:00 PM,11,6,5
11/12/2018 03:00:00 PM,13,8,5
11/12/2018 02:00:00 PM,19,10,9
11/12/2018 01:00:00 PM,5,3,2
11/12/2018 12:00:00 PM,13,5,8
11/12/2018 11:00:00 AM,12,5,7
11/12/2018 10:00:00 AM,6,3,3
11/12/2018 09:00:00 AM,7,5,2
11/12/2018 08:00:00 AM,8,5,3
11/12/2018 07:00:00 AM,4,2,2
11/12/2018 06:00:00 AM,1,0,1
11/12/2018 05:00:00 AM,2,1,1
11/12/2018 04:00:00 AM,0,0,0
11/12/2018 03:00:00 AM,0,0,0
11/12/2018 02:00:00 AM,0,0,0
11/12/2018 01:00:00 AM,0,0,0
11/12/2018 12:00:00 AM,2,0,2
11/11/2018 11:00:00 PM,0,0,0
11/11/2018 10:00:00 PM,1,1,0
11/11/2018 09:00:00 PM,2,0,2
11/11/2018 08:00:00 PM,0,0,0
11/11/2018 07:00:00 PM,5,3,2
11/11/2018 06:00:00 PM,2,1,1
11/11/2018 05:00:00 PM,5,3,2
11/11/2018 04:00:00 PM,9,3,6
11/11/2018 03:00:00 PM,9,5,4
11/11/2018 02:00:00 PM,5,4,1
11/11/2018 01:00:00 PM,18,11,7
11/11/2018 12:00:00 PM,18,10,8
11/11/2018 11:00:00 AM,12,11,1
11/11/2018 10:00:00 AM,12,11,1
11/11/2018 09:00:00 AM,1,0,1
11/11/2018 08:00:00 AM,2,1,1
11/11/2018 07:00:00 AM,0,0,0
11/11/2018 06:00:00 AM,0,0,0
11/11/2018 05:00:00 AM,0,0,0
11/11/2018 04:00:00 AM,0,0,0
11/11/2018 03:00:00 AM,0,0,0
11/11/2018 02:00:00 AM,0,0,0
11/11/2018 01:00:00 AM,0,0,0
11/11/2018 12:00:00 AM,2,1,1
11/10/2018 11:00:00 PM,1,1,0
11/10/2018 10:00:00 PM,2,0,2
11/10/2018 09:00:00 PM,0,0,0
11/10/2018 08:00:00 PM,2,1,1
11/10/2018 07:00:00 PM,2,0,2
11/10/2018 06:00:00 PM,5,2,3
11/10/2018 05:00:00 PM,6,3,3
11/10/2018 04:00:00 PM,16,6,10
11/10/2018 03:00:00 PM,12,6,6
11/10/2018 02:00:00 PM,12,7,5
11/10/2018 01:00:00 PM,13,3,10
11/10/2018 12:00:00 PM,11,8,3
11/10/2018 11:00:00 AM,8,4,4
11/10/2018 10:00:00 AM,4,3,1
11/10/2018 09:00:00 AM,5,4,1
11/10/2018 08:00:00 AM,2,2,0
11/10/2018 07:00:00 AM,0,0,0
11/10/2018 06:00:00 AM,1,0,1
11/10/2018 05:00:00 AM,1,0,1
11/10/2018 04:00:00 AM,0,0,0
11/10/2018 03:00:00 AM,0,0,0
11/10/2018 02:00:00 AM,0,0,0
11/10/2018 01:00:00 AM,2,0,2
11/10/2018 12:00:00 AM,0,0,0
11/09/2018 11:00:00 PM,0,0,0
11/09/2018 10:00:00 PM,0,0,0
11/09/2018 09:00:00 PM,0,0,0
11/09/2018 08:00:00 PM,2,1,1
11/09/2018 07:00:00 PM,3,0,3
11/09/2018 06:00:00 PM,7,5,2
11/09/2018 05:00:00 PM,4,3,1
11/09/2018 04:00:00 PM,8,3,5
11/09/2018 03:00:00 PM,10,3,7
11/09/2018 02:00:00 PM,11,6,5
11/09/2018 01:00:00 PM,13,8,5
11/09/2018 12:00:00 PM,4,4,0
11/09/2018 11:00:00 AM,6,6,0
11/09/2018 10:00:00 AM,2,2,0
11/09/2018 09:00:00 AM,4,3,1
11/09/2018 08:00:00 AM,17,8,9
11/09/2018 07:00:00 AM,3,0,3
11/09/2018 06:00:00 AM,4,2,2
11/09/2018 05:00:00 AM,0,0,0
11/09/2018 04:00:00 AM,0,0,0
11/09/2018 03:00:00 AM,1,1,0
11/09/2018 02:00:00 AM,0,0,0
11/09/2018 01:00:00 AM,1,1,0
11/09/2018 12:00:00 AM,0,0,0
11/08/2018 11:00:00 PM,0,0,0
11/08/2018 10:00:00 PM,1,1,0
11/08/2018 09:00:00 PM,3,2,1
11/08/2018 08:00:00 PM,1,1,0
11/08/2018 07:00:00 PM,6,1,5
11/08/2018 06:00:00 PM,9,5,4
11/08/2018 05:00:00 PM,22,12,10
11/08/2018 04:00:00 PM,14,9,5
11/08/2018 03:00:00 PM,8,7,1
11/08/2018 02:00:00 PM,10,5,5
11/08/2018 01:00:00 PM,10,5,5
11/08/2018 12:00:00 PM,9,6,3
11/08/2018 11:00:00 AM,5,3,2
11/08/2018 10:00:00 AM,4,4,0
11/08/2018 09:00:00 AM,6,1,5
11/08/2018 08:00:00 AM,5,3,2
11/08/2018 07:00:00 AM,8,3,5
11/08/2018 06:00:00 AM,3,3,0
11/08/2018 05:00:00 AM,0,0,0
11/08/2018 04:00:00 AM,1,0,1
11/08/2018 03:00:00 AM,3,2,1
11/08/2018 02:00:00 AM,0,0,0
11/08/2018 01:00:00 AM,0,0,0
11/08/2018 12:00:00 AM,0,0,0
11/07/2018 11:00:00 PM,0,0,0
11/07/2018 10:00:00 PM,4,2,2
11/07/2018 09:00:00 PM,0,0,0
11/07/2018 08:00:00 PM,4,2,2
11/07/2018 07:00:00 PM,5,3,2
11/07/2018 06:00:00 PM,13,2,11
11/07/2018 05:00:00 PM,13,7,6
11/07/2018 04:00:00 PM,4,2,2
11/07/2018 03:00:00 PM,9,7,2
11/07/2018 02:00:00 PM,10,3,7
11/07/2018 01:00:00 PM,7,5,2
11/07/2018 12:00:00 PM,7,4,3
11/07/2018 11:00:00 AM,7,2,5
11/07/2018 10:00:00 AM,7,7,0
11/07/2018 09:00:00 AM,5,4,1
11/07/2018 08:00:00 AM,13,10,3
11/07/2018 07:00:00 AM,6,3,3
11/07/2018 06:00:00 AM,5,3,2
11/07/2018 05:00:00 AM,0,0,0
11/07/2018 04:00:00 AM,0,0,0
11/07/2018 03:00:00 AM,1,0,1
11/07/2018 02:00:00 AM,0,0,0
11/07/2018 01:00:00 AM,1,0,1
11/07/2018 12:00:00 AM,0,0,0
11/06/2018 11:00:00 PM,2,1,1
11/06/2018 10:00:00 PM,4,2,2
11/06/2018 09:00:00 PM,3,2,1
11/06/2018 08:00:00 PM,3,3,0
11/06/2018 07:00:00 PM,11,7,4
11/06/2018 06:00:00 PM,16,7,9
11/06/2018 05:00:00 PM,22,10,12
11/06/2018 04:00:00 PM,13,7,6
11/06/2018 03:00:00 PM,17,10,7
11/06/2018 02:00:00 PM,9,5,4
11/06/2018 01:00:00 PM,12,7,5
11/06/2018 12:00:00 PM,11,6,5
11/06/2018 11:00:00 AM,5,2,3
11/06/2018 10:00:00 AM,8,7,1
11/06/2018 09:00:00 AM,16,14,2
11/06/2018 08:00:00 AM,17,12,5
11/06/2018 07:00:00 AM,9,6,3
11/06/2018 06:00:00 AM,5,5,0
11/06/2018 05:00:00 AM,2,1,1
11/06/2018 04:00:00 AM,0,0,0
11/06/2018 03:00:00 AM,0,0,0
11/06/2018 02:00:00 AM,0,0,0
11/06/2018 01:00:00 AM,0,0,0
11/06/2018 12:00:00 AM,3,3,0
11/05/2018 11:00:00 PM,1,0,1
11/05/2018 10:00:00 PM,1,0,1
11/05/2018 09:00:00 PM,1,1,0
11/05/2018 08:00:00 PM,2,2,0
11/05/2018 07:00:00 PM,8,1,7
11/05/2018 06:00:00 PM,10,6,4
11/05/2018 05:00:00 PM,12,7,5
11/05/2018 04:00:00 PM,16,10,6
11/05/2018 03:00:00 PM,13,7,6
11/05/2018 02:00:00 PM,7,4,3
11/05/2018 01:00:00 PM,7,4,3
11/05/2018 12:00:00 PM,2,1,1
11/05/2018 11:00:00 AM,6,4,2
11/05/2018 10:00:00 AM,8,6,2
11/05/2018 09:00:00 AM,8,6,2
11/05/2018 08:00:00 AM,10,4,6
11/05/2018 07:00:00 AM,12,3,9
11/05/2018 06:00:00 AM,4,4,0
11/05/2018 05:00:00 AM,1,0,1
11/05/2018 04:00:00 AM,0,0,0
11/05/2018 03:00:00 AM,0,0,0
11/05/2018 02:00:00 AM,0,0,0
11/05/2018 01:00:00 AM,0,0,0
11/05/2018 12:00:00 AM,0,0,0
11/04/2018 11:00:00 PM,3,2,1
11/04/2018 10:00:00 PM,1,0,1
11/04/2018 09:00:00 PM,2,2,0
11/04/2018 08:00:00 PM,2,0,2
11/04/2018 07:00:00 PM,2,1,1
11/04/2018 06:00:00 PM,3,2,1
11/04/2018 05:00:00 PM,7,3,4
11/04/2018 04:00:00 PM,7,3,4
11/04/2018 03:00:00 PM,7,2,5
11/04/2018 02:00:00 PM,11,7,4
11/04/2018 01:00:00 PM,23,13,10
11/04/2018 12:00:00 PM,16,10,6
11/04/2018 11:00:00 AM,7,2,5
11/04/2018 10:00:00 AM,12,7,5
11/04/2018 09:00:00 AM,6,2,4
11/04/2018 08:00:00 AM,3,3,0
11/04/2018 07:00:00 AM,1,0,1
11/04/2018 06:00:00 AM,1,0,1
11/04/2018 05:00:00 AM,0,0,0
11/04/2018 04:00:00 AM,0,0,0
11/04/2018 03:00:00 AM,0,0,0
11/04/2018 02:00:00 AM,0,0,0
11/04/2018 01:00:00 AM,0,0,0
11/04/2018 12:00:00 AM,2,1,1
11/03/2018 11:00:00 PM,0,0,0
11/03/2018 10:00:00 PM,2,0,2
11/03/2018 09:00:00 PM,1,0,1
11/03/2018 08:00:00 PM,0,0,0
11/03/2018 07:00:00 PM,2,1,1
11/03/2018 06:00:00 PM,4,1,3
11/03/2018 05:00:00 PM,3,2,1
11/03/2018 04:00:00 PM,4,4,0
11/03/2018 03:00:00 PM,6,4,2
11/03/2018 02:00:00 PM,0,0,0
11/03/2018 01:00:00 PM,8,7,1
11/03/2018 12:00:00 PM,9,6,3
11/03/2018 11:00:00 AM,5,3,2
11/03/2018 10:00:00 AM,5,5,0
11/03/2018 09:00:00 AM,3,2,1
11/03/2018 08:00:00 AM,1,0,1
11/03/2018 07:00:00 AM,0,0,0
11/03/2018 06:00:00 AM,2,0,2
11/03/2018 05:00:00 AM,0,0,0
11/03/2018 04:00:00 AM,0,0,0
11/03/2018 03:00:00 AM,0,0,0
11/03/2018 02:00:00 AM,1,1,0
11/03/2018 01:00:00 AM,2,1,1
11/03/2018 12:00:00 AM,1,1,0
11/02/2018 11:00:00 PM,4,2,2
11/02/2018 10:00:00 PM,1,0,1
11/02/2018 09:00:00 PM,1,1,0
11/02/2018 08:00:00 PM,6,3,3
11/02/2018 07:00:00 PM,4,2,2
11/02/2018 06:00:00 PM,13,7,6
11/02/2018 05:00:00 PM,17,8,9
11/02/2018 04:00:00 PM,10,5,5
11/02/2018 03:00:00 PM,11,7,4
11/02/2018 02:00:00 PM,11,7,4
11/02/2018 01:00:00 PM,6,4,2
11/02/2018 12:00:00 PM,6,4,2
11/02/2018 11:00:00 AM,6,3,3
11/02/2018 10:00:00 AM,3,3,0
11/02/2018 09:00:00 AM,7,4,3
11/02/2018 08:00:00 AM,6,4,2
11/02/2018 07:00:00 AM,6,3,3
11/02/2018 06:00:00 AM,2,2,0
11/02/2018 05:00:00 AM,0,0,0
11/02/2018 04:00:00 AM,1,1,0
11/02/2018 03:00:00 AM,0,0,0
11/02/2018 02:00:00 AM,0,0,0
11/02/2018 01:00:00 AM,4,1,3
11/02/2018 12:00:00 AM,0,0,0
11/01/2018 11:00:00 PM,2,1,1
11/01/2018 10:00:00 PM,2,1,1
11/01/2018 09:00:00 PM,3,2,1
11/01/2018 08:00:00 PM,3,0,3
11/01/2018 07:00:00 PM,6,1,5
11/01/2018 06:00:00 PM,12,7,5
11/01/2018 05:00:00 PM,20,11,9
11/01/2018 04:00:00 PM,12,8,4
11/01/2018 03:00:00 PM,5,1,4
11/01/2018 02:00:00 PM,7,3,4
11/01/2018 01:00:00 PM,4,3,1
11/01/2018 12:00:00 PM,10,6,4
11/01/2018 11:00:00 AM,4,0,4
11/01/2018 10:00:00 AM,4,3,1
11/01/2018 09:00:00 AM,8,6,2
11/01/2018 08:00:00 AM,8,3,5
11/01/2018 07:00:00 AM,6,4,2
11/01/2018 06:00:00 AM,2,0,2
11/01/2018 05:00:00 AM,0,0,0
11/01/2018 04:00:00 AM,0,0,0
11/01/2018 03:00:00 AM,0,0,0
11/01/2018 02:00:00 AM,1,1,0
11/01/2018 01:00:00 AM,0,0,0
11/01/2018 12:00:00 AM,0,0,0
10/31/2018 11:00:00 PM,1,1,0
10/31/2018 10:00:00 PM,3,0,3
10/31/2018 09:00:00 PM,3,2,1
10/31/2018 08:00:00 PM,4,1,3
10/31/2018 07:00:00 PM,2,0,2
10/31/2018 06:00:00 PM,9,5,4
10/31/2018 05:00:00 PM,12,6,6
10/31/2018 04:00:00 PM,11,8,3
10/31/2018 03:00:00 PM,8,5,3
10/31/2018 02:00:00 PM,7,7,0
10/31/2018 01:00:00 PM,8,1,7
10/31/2018 12:00:00 PM,8,6,2
10/31/2018 11:00:00 AM,6,5,1
10/31/2018 10:00:00 AM,8,6,2
10/31/2018 09:00:00 AM,8,7,1
10/31/2018 08:00:00 AM,5,2,3
10/31/2018 07:00:00 AM,5,2,3
10/31/2018 06:00:00 AM,3,3,0
10/31/2018 05:00:00 AM,2,0,2
10/31/2018 04:00:00 AM,0,0,0
10/31/2018 03:00:00 AM,0,0,0
10/31/2018 02:00:00 AM,0,0,0
10/31/2018 01:00:00 AM,0,0,0
10/31/2018 12:00:00 AM,0,0,0
10/30/2018 11:00:00 PM,0,0,0
10/30/2018 10:00:00 PM,0,0,0
10/30/2018 09:00:00 PM,5,1,4
10/30/2018 08:00:00 PM,6,2,4
10/30/2018 07:00:00 PM,13,6,7
10/30/2018 06:00:00 PM,17,9,8
10/30/2018 05:00:00 PM,15,3,12
10/30/2018 04:00:00 PM,13,5,8
10/30/2018 03:00:00 PM,16,8,8
10/30/2018 02:00:00 PM,5,3,2
10/30/2018 01:00:00 PM,0,0,0
10/30/2018 12:00:00 PM,4,4,0
10/30/2018 11:00:00 AM,3,2,1
10/30/2018 10:00:00 AM,2,2,0
10/30/2018 09:00:00 AM,5,3,2
10/30/2018 08:00:00 AM,13,8,5
10/30/2018 07:00:00 AM,6,2,4
10/30/2018 06:00:00 AM,2,2,0
10/30/2018 05:00:00 AM,1,0,1
10/30/2018 04:00:00 AM,2,2,0
10/30/2018 03:00:00 AM,0,0,0
10/30/2018 02:00:00 AM,0,0,0
10/30/2018 01:00:00 AM,0,0,0
10/30/2018 12:00:00 AM,0,0,0
10/29/2018 11:00:00 PM,2,0,2
10/29/2018 10:00:00 PM,2,1,1
10/29/2018 09:00:00 PM,2,1,1
10/29/2018 08:00:00 PM,1,0,1
10/29/2018 07:00:00 PM,6,3,3
10/29/2018 06:00:00 PM,13,8,5
10/29/2018 05:00:00 PM,11,4,7
10/29/2018 04:00:00 PM,4,4,0
10/29/2018 03:00:00 PM,10,4,6
10/29/2018 02:00:00 PM,5,2,3
10/29/2018 01:00:00 PM,0,0,0
10/29/2018 12:00:00 PM,7,4,3
10/29/2018 11:00:00 AM,5,4,1
10/29/2018 10:00:00 AM,2,1,1
10/29/2018 09:00:00 AM,10,6,4
10/29/2018 08:00:00 AM,7,3,4
10/29/2018 07:00:00 AM,5,2,3
10/29/2018 06:00:00 AM,1,1,0
10/29/2018 05:00:00 AM,1,0,1
10/29/2018 04:00:00 AM,1,1,0
10/29/2018 03:00:00 AM,0,0,0
10/29/2018 02:00:00 AM,0,0,0
10/29/2018 01:00:00 AM,0,0,0
10/29/2018 12:00:00 AM,0,0,0
10/28/2018 11:00:00 PM,0,0,0
10/28/2018 10:00:00 PM,0,0,0
10/28/2018 09:00:00 PM,1,1,0
10/28/2018 08:00:00 PM,2,1,1
10/28/2018 07:00:00 PM,1,1,0
10/28/2018 06:00:00 PM,1,1,0
10/28/2018 05:00:00 PM,5,4,1
10/28/2018 04:00:00 PM,9,5,4
10/28/2018 03:00:00 PM,9,5,4
10/28/2018 02:00:00 PM,5,2,3
10/28/2018 01:00:00 PM,11,5,6
10/28/2018 12:00:00 PM,5,3,2
10/28/2018 11:00:00 AM,5,1,4
10/28/2018 10:00:00 AM,1,0,1
10/28/2018 09:00:00 AM,2,1,1
10/28/2018 08:00:00 AM,0,0,0
10/28/2018 07:00:00 AM,1,0,1
10/28/2018 06:00:00 AM,0,0,0
10/28/2018 05:00:00 AM,0,0,0
10/28/2018 04:00:00 AM,0,0,0
10/28/2018 03:00:00 AM,0,0,0
10/28/2018 02:00:00 AM,0,0,0
10/28/2018 01:00:00 AM,0,0,0
10/28/2018 12:00:00 AM,0,0,0
10/27/2018 11:00:00 PM,1,0,1
10/27/2018 10:00:00 PM,2,0,2
10/27/2018 09:00:00 PM,1,0,1
10/27/2018 08:00:00 PM,2,0,2
10/27/2018 07:00:00 PM,0,0,0
10/27/2018 06:00:00 PM,2,0,2
10/27/2018 05:00:00 PM,6,0,6
10/27/2018 04:00:00 PM,8,4,4
10/27/2018 03:00:00 PM,7,4,3
10/27/2018 02:00:00 PM,9,3,6
10/27/2018 01:00:00 PM,15,4,11
10/27/2018 12:00:00 PM,5,1,4
10/27/2018 11:00:00 AM,8,7,1
10/27/2018 10:00:00 AM,2,2,0
10/27/2018 09:00:00 AM,6,5,1
10/27/2018 08:00:00 AM,3,3,0
10/27/2018 07:00:00 AM,2,1,1
10/27/2018 06:00:00 AM,0,0,0
10/27/2018 05:00:00 AM,0,0,0
10/27/2018 04:00:00 AM,0,0,0
10/27/2018 03:00:00 AM,0,0,0
10/27/2018 02:00:00 AM,0,0,0
10/27/2018 01:00:00 AM,0,0,0
10/27/2018 12:00:00 AM,0,0,0
10/26/2018 11:00:00 PM,1,0,1
10/26/2018 10:00:00 PM,1,1,0
10/26/2018 09:00:00 PM,1,0,1
10/26/2018 08:00:00 PM,5,2,3
10/26/2018 07:00:00 PM,6,3,3
10/26/2018 06:00:00 PM,7,1,6
10/26/2018 05:00:00 PM,9,3,6
10/26/2018 04:00:00 PM,3,1,2
10/26/2018 03:00:00 PM,5,4,1
10/26/2018 02:00:00 PM,6,3,3
10/26/2018 01:00:00 PM,9,3,6
10/26/2018 12:00:00 PM,5,3,2
10/26/2018 11:00:00 AM,6,3,3
10/26/2018 10:00:00 AM,1,0,1
10/26/2018 09:00:00 AM,5,2,3
10/26/2018 08:00:00 AM,11,6,5
10/26/2018 07:00:00 AM,4,1,3
10/26/2018 06:00:00 AM,2,1,1
10/26/2018 05:00:00 AM,0,0,0
10/26/2018 04:00:00 AM,0,0,0
10/26/2018 03:00:00 AM,1,1,0
10/26/2018 02:00:00 AM,0,0,0
10/26/2018 01:00:00 AM,0,0,0
10/26/2018 12:00:00 AM,0,0,0
10/25/2018 11:00:00 PM,4,1,3
10/25/2018 10:00:00 PM,3,1,2
10/25/2018 09:00:00 PM,5,2,3
10/25/2018 08:00:00 PM,2,0,2
10/25/2018 07:00:00 PM,4,2,2
10/25/2018 06:00:00 PM,6,3,3
10/25/2018 05:00:00 PM,12,7,5
10/25/2018 04:00:00 PM,6,5,1
10/25/2018 03:00:00 PM,5,3,2
10/25/2018 02:00:00 PM,7,3,4
10/25/2018 01:00:00 PM,3,0,3
10/25/2018 12:00:00 PM,7,6,1
10/25/2018 11:00:00 AM,4,1,3
10/25/2018 10:00:00 AM,3,3,0
10/25/2018 09:00:00 AM,6,4,2
10/25/2018 08:00:00 AM,5,2,3
10/25/2018 07:00:00 AM,8,4,4
10/25/2018 06:00:00 AM,4,1,3
10/25/2018 05:00:00 AM,0,0,0
10/25/2018 04:00:00 AM,0,0,0
10/25/2018 03:00:00 AM,1,0,1
10/25/2018 02:00:00 AM,0,0,0
10/25/2018 01:00:00 AM,2,2,0
10/25/2018 12:00:00 AM,0,0,0
10/24/2018 11:00:00 PM,1,1,0
10/24/2018 10:00:00 PM,2,2,0
10/24/2018 09:00:00 PM,2,1,1
10/24/2018 08:00:00 PM,1,0,1
10/24/2018 07:00:00 PM,6,4,2
10/24/2018 06:00:00 PM,16,8,8
10/24/2018 05:00:00 PM,17,7,10
10/24/2018 04:00:00 PM,7,1,6
10/24/2018 03:00:00 PM,7,4,3
10/24/2018 02:00:00 PM,9,1,8
10/24/2018 01:00:00 PM,4,3,1
10/24/2018 12:00:00 PM,9,4,5
10/24/2018 11:00:00 AM,12,9,3
10/24/2018 10:00:00 AM,6,4,2
10/24/2018 09:00:00 AM,6,4,2
10/24/2018 08:00:00 AM,12,7,5
10/24/2018 07:00:00 AM,10,2,8
10/24/2018 06:00:00 AM,0,0,0
10/24/2018 05:00:00 AM,0,0,0
10/24/2018 04:00:00 AM,1,0,1
10/24/2018 03:00:00 AM,0,0,0
10/24/2018 02:00:00 AM,0,0,0
10/24/2018 01:00:00 AM,1,0,1
10/24/2018 12:00:00 AM,0,0,0
10/23/2018 11:00:00 PM,0,0,0
10/23/2018 10:00:00 PM,1,1,0
10/23/2018 09:00:00 PM,1,0,1
10/23/2018 08:00:00 PM,2,2,0
10/23/2018 07:00:00 PM,8,2,6
10/23/2018 06:00:00 PM,13,3,10
10/23/2018 05:00:00 PM,24,13,11
10/23/2018 04:00:00 PM,16,7,9
10/23/2018 03:00:00 PM,9,4,5
10/23/2018 02:00:00 PM,6,1,5
10/23/2018 01:00:00 PM,8,5,3
10/23/2018 12:00:00 PM,12,3,9
10/23/2018 11:00:00 AM,4,1,3
10/23/2018 10:00:00 AM,3,2,1
10/23/2018 09:00:00 AM,4,3,1
10/23/2018 08:00:00 AM,13,5,8
10/23/2018 07:00:00 AM,6,0,6
10/23/2018 06:00:00 AM,1,1,0
10/23/2018 05:00:00 AM,1,0,1
10/23/2018 04:00:00 AM,0,0,0
10/23/2018 03:00:00 AM,0,0,0
10/23/2018 02:00:00 AM,0,0,0
10/23/2018 01:00:00 AM,0,0,0
10/23/2018 12:00:00 AM,1,0,1
10/22/2018 11:00:00 PM,0,0,0
10/22/2018 10:00:00 PM,0,0,0
10/22/2018 09:00:00 PM,0,0,0
10/22/2018 08:00:00 PM,3,0,3
10/22/2018 07:00:00 PM,3,0,3
10/22/2018 06:00:00 PM,8,4,4
10/22/2018 05:00:00 PM,18,6,12
10/22/2018 04:00:00 PM,3,1,2
10/22/2018 03:00:00 PM,6,1,5
10/22/2018 02:00:00 PM,7,2,5
10/22/2018 01:00:00 PM,9,1,8
10/22/2018 12:00:00 PM,11,4,7
10/22/2018 11:00:00 AM,7,3,4
10/22/2018 10:00:00 AM,5,2,3
10/22/2018 09:00:00 AM,3,1,2
10/22/2018 08:00:00 AM,10,5,5
10/22/2018 07:00:00 AM,8,0,8
10/22/2018 06:00:00 AM,2,0,2
10/22/2018 05:00:00 AM,1,1,0
10/22/2018 04:00:00 AM,0,0,0
10/22/2018 03:00:00 AM,0,0,0
10/22/2018 02:00:00 AM,0,0,0
10/22/2018 01:00:00 AM,0,0,0
10/22/2018 12:00:00 AM,0,0,0
10/21/2018 11:00:00 PM,0,0,0
10/21/2018 10:00:00 PM,1,0,1
10/21/2018 09:00:00 PM,1,0,1
10/21/2018 08:00:00 PM,1,0,1
10/21/2018 07:00:00 PM,3,3,0
10/21/2018 06:00:00 PM,9,1,8
10/21/2018 05:00:00 PM,11,4,7
10/21/2018 04:00:00 PM,9,2,7
10/21/2018 03:00:00 PM,14,3,11
10/21/2018 02:00:00 PM,10,3,7
10/21/2018 01:00:00 PM,9,3,6
10/21/2018 12:00:00 PM,16,7,9
10/21/2018 11:00:00 AM,11,4,7
10/21/2018 10:00:00 AM,10,8,2
10/21/2018 09:00:00 AM,3,1,2
10/21/2018 08:00:00 AM,1,0,1
10/21/2018 07:00:00 AM,3,0,3
10/21/2018 06:00:00 AM,0,0,0
10/21/2018 05:00:00 AM,0,0,0
10/21/2018 04:00:00 AM,0,0,0
10/21/2018 03:00:00 AM,0,0,0
10/21/2018 02:00:00 AM,0,0,0
10/21/2018 01:00:00 AM,0,0,0
10/21/2018 12:00:00 AM,0,0,0
10/20/2018 11:00:00 PM,0,0,0
10/20/2018 10:00:00 PM,0,0,0
10/20/2018 09:00:00 PM,1,0,1
10/20/2018 08:00:00 PM,3,0,3
10/20/2018 07:00:00 PM,4,1,3
10/20/2018 06:00:00 PM,9,4,5
10/20/2018 05:00:00 PM,13,6,7
10/20/2018 04:00:00 PM,10,6,4
10/20/2018 03:00:00 PM,14,5,9
10/20/2018 02:00:00 PM,7,4,3
10/20/2018 01:00:00 PM,11,1,10
10/20/2018 12:00:00 PM,8,1,7
10/20/2018 11:00:00 AM,10,6,4
10/20/2018 10:00:00 AM,7,3,4
10/20/2018 09:00:00 AM,4,1,3
10/20/2018 08:00:00 AM,1,0,1
10/20/2018 07:00:00 AM,3,0,3
10/20/2018 06:00:00 AM,0,0,0
10/20/2018 05:00:00 AM,0,0,0
10/20/2018 04:00:00 AM,1,1,0
10/20/2018 03:00:00 AM,0,0,0
10/20/2018 02:00:00 AM,0,0,0
10/20/2018 01:00:00 AM,1,0,1
10/20/2018 12:00:00 AM,2,1,1
10/19/2018 11:00:00 PM,1,0,1
10/19/2018 10:00:00 PM,2,0,2
10/19/2018 09:00:00 PM,2,0,2
10/19/2018 08:00:00 PM,3,0,3
10/19/2018 07:00:00 PM,6,1,5
10/19/2018 06:00:00 PM,8,4,4
10/19/2018 05:00:00 PM,9,3,6
10/19/2018 04:00:00 PM,13,4,9
10/19/2018 03:00:00 PM,5,1,4
10/19/2018 02:00:00 PM,6,4,2
10/19/2018 01:00:00 PM,8,2,6
10/19/2018 12:00:00 PM,7,2,5
10/19/2018 11:00:00 AM,7,3,4
10/19/2018 10:00:00 AM,4,2,2
10/19/2018 09:00:00 AM,4,3,1
10/19/2018 08:00:00 AM,14,8,6
10/19/2018 07:00:00 AM,8,1,7
10/19/2018 06:00:00 AM,4,2,2
10/19/2018 05:00:00 AM,0,0,0
10/19/2018 04:00:00 AM,0,0,0
10/19/2018 03:00:00 AM,0,0,0
10/19/2018 02:00:00 AM,0,0,0
10/19/2018 01:00:00 AM,0,0,0
10/19/2018 12:00:00 AM,1,1,0
10/18/2018 11:00:00 PM,3,1,2
10/18/2018 10:00:00 PM,1,0,1
10/18/2018 09:00:00 PM,0,0,0
10/18/2018 08:00:00 PM,8,4,4
10/18/2018 07:00:00 PM,13,4,9
10/18/2018 06:00:00 PM,8,5,3
10/18/2018 05:00:00 PM,12,6,6
10/18/2018 04:00:00 PM,12,1,11
10/18/2018 03:00:00 PM,10,2,8
10/18/2018 02:00:00 PM,6,1,5
10/18/2018 01:00:00 PM,5,4,1
10/18/2018 12:00:00 PM,7,2,5
10/18/2018 11:00:00 AM,3,0,3
10/18/2018 10:00:00 AM,3,1,2
10/18/2018 09:00:00 AM,6,3,3
10/18/2018 08:00:00 AM,12,2,10
10/18/2018 07:00:00 AM,6,4,2
10/18/2018 06:00:00 AM,2,0,2
10/18/2018 05:00:00 AM,0,0,0
10/18/2018 04:00:00 AM,0,0,0
10/18/2018 03:00:00 AM,0,0,0
10/18/2018 02:00:00 AM,1,0,1
10/18/2018 01:00:00 AM,0,0,0
10/18/2018 12:00:00 AM,1,1,0
10/17/2018 11:00:00 PM,0,0,0
10/17/2018 10:00:00 PM,1,0,1
10/17/2018 09:00:00 PM,2,0,2
10/17/2018 08:00:00 PM,1,0,1
10/17/2018 07:00:00 PM,7,1,6
10/17/2018 06:00:00 PM,10,2,8
10/17/2018 05:00:00 PM,18,5,13
10/17/2018 04:00:00 PM,8,1,7
10/17/2018 03:00:00 PM,6,3,3
10/17/2018 02:00:00 PM,2,0,2
10/17/2018 01:00:00 PM,3,1,2
10/17/2018 12:00:00 PM,6,2,4
10/17/2018 11:00:00 AM,7,3,4
10/17/2018 10:00:00 AM,5,3,2
10/17/2018 09:00:00 AM,7,2,5
10/17/2018 08:00:00 AM,9,3,6
10/17/2018 07:00:00 AM,5,1,4
10/17/2018 06:00:00 AM,3,1,2
10/17/2018 05:00:00 AM,0,0,0
10/17/2018 04:00:00 AM,0,0,0
10/17/2018 03:00:00 AM,0,0,0
10/17/2018 02:00:00 AM,0,0,0
10/17/2018 01:00:00 AM,0,0,0
10/17/2018 12:00:00 AM,0,0,0
10/16/2018 11:00:00 PM,2,0,2
10/16/2018 10:00:00 PM,2,0,2
10/16/2018 09:00:00 PM,1,0,1
10/16/2018 08:00:00 PM,5,1,4
10/16/2018 07:00:00 PM,9,3,6
10/16/2018 06:00:00 PM,8,1,7
10/16/2018 05:00:00 PM,16,2,14
10/16/2018 04:00:00 PM,7,2,5
10/16/2018 03:00:00 PM,7,5,2
10/16/2018 02:00:00 PM,7,2,5
10/16/2018 01:00:00 PM,7,1,6
10/16/2018 12:00:00 PM,6,1,5
10/16/2018 11:00:00 AM,8,3,5
10/16/2018 10:00:00 AM,3,0,3
10/16/2018 09:00:00 AM,4,2,2
10/16/2018 08:00:00 AM,10,4,6
10/16/2018 07:00:00 AM,6,4,2
10/16/2018 06:00:00 AM,2,0,2
10/16/2018 05:00:00 AM,1,1,0
10/16/2018 04:00:00 AM,0,0,0
10/16/2018 03:00:00 AM,0,0,0
10/16/2018 02:00:00 AM,0,0,0
10/16/2018 01:00:00 AM,1,0,1
10/16/2018 12:00:00 AM,0,0,0
10/15/2018 11:00:00 PM,1,0,1
10/15/2018 10:00:00 PM,2,2,0
10/15/2018 09:00:00 PM,1,0,1
10/15/2018 08:00:00 PM,0,0,0
10/15/2018 07:00:00 PM,5,1,4
10/15/2018 06:00:00 PM,17,10,7
10/15/2018 05:00:00 PM,17,9,8
10/15/2018 04:00:00 PM,10,9,1
10/15/2018 03:00:00 PM,4,1,3
10/15/2018 02:00:00 PM,5,2,3
10/15/2018 01:00:00 PM,8,2,6
10/15/2018 12:00:00 PM,6,3,3
10/15/2018 11:00:00 AM,6,4,2
10/15/2018 10:00:00 AM,1,1,0
10/15/2018 09:00:00 AM,8,6,2
10/15/2018 08:00:00 AM,1,1,0
10/15/2018 07:00:00 AM,6,4,2
10/15/2018 06:00:00 AM,2,2,0
10/15/2018 05:00:00 AM,3,1,2
10/15/2018 04:00:00 AM,0,0,0
10/15/2018 03:00:00 AM,0,0,0
10/15/2018 02:00:00 AM,0,0,0
10/15/2018 01:00:00 AM,0,0,0
10/15/2018 12:00:00 AM,1,0,1
10/14/2018 11:00:00 PM,0,0,0
10/14/2018 10:00:00 PM,1,1,0
10/14/2018 09:00:00 PM,1,0,1
10/14/2018 08:00:00 PM,6,4,2
10/14/2018 07:00:00 PM,5,1,4
10/14/2018 06:00:00 PM,8,2,6
10/14/2018 05:00:00 PM,10,5,5
10/14/2018 04:00:00 PM,21,9,12
10/14/2018 03:00:00 PM,18,9,9
10/14/2018 02:00:00 PM,7,4,3
10/14/2018 01:00:00 PM,21,11,10
10/14/2018 12:00:00 PM,13,11,2
10/14/2018 11:00:00 AM,12,7,5
10/14/2018 10:00:00 AM,7,6,1
10/14/2018 09:00:00 AM,3,2,1
10/14/2018 08:00:00 AM,3,2,1
10/14/2018 07:00:00 AM,0,0,0
10/14/2018 06:00:00 AM,0,0,0
10/14/2018 05:00:00 AM,0,0,0
10/14/2018 04:00:00 AM,0,0,0
10/14/2018 03:00:00 AM,0,0,0
10/14/2018 02:00:00 AM,0,0,0
10/14/2018 01:00:00 AM,1,0,1
10/14/2018 12:00:00 AM,0,0,0
10/13/2018 11:00:00 PM,7,2,5
10/13/2018 10:00:00 PM,0,0,0
10/13/2018 09:00:00 PM,1,0,1
10/13/2018 08:00:00 PM,4,1,3
10/13/2018 07:00:00 PM,6,1,5
10/13/2018 06:00:00 PM,7,5,2
10/13/2018 05:00:00 PM,9,5,4
10/13/2018 04:00:00 PM,5,5,0
10/13/2018 03:00:00 PM,6,3,3
10/13/2018 02:00:00 PM,10,4,6
10/13/2018 01:00:00 PM,9,4,5
10/13/2018 12:00:00 PM,10,3,7
10/13/2018 11:00:00 AM,6,5,1
10/13/2018 10:00:00 AM,35,33,2
10/13/2018 09:00:00 AM,13,11,2
10/13/2018 08:00:00 AM,5,4,1
10/13/2018 07:00:00 AM,0,0,0
10/13/2018 06:00:00 AM,0,0,0
10/13/2018 05:00:00 AM,1,0,1
10/13/2018 04:00:00 AM,0,0,0
10/13/2018 03:00:00 AM,0,0,0
10/13/2018 02:00:00 AM,1,1,0
10/13/2018 01:00:00 AM,0,0,0
10/13/2018 12:00:00 AM,1,0,1
10/12/2018 11:00:00 PM,0,0,0
10/12/2018 10:00:00 PM,0,0,0
10/12/2018 09:00:00 PM,1,0,1
10/12/2018 08:00:00 PM,3,0,3
10/12/2018 07:00:00 PM,7,3,4
10/12/2018 06:00:00 PM,5,4,1
10/12/2018 05:00:00 PM,14,4,10
10/12/2018 04:00:00 PM,10,4,6
10/12/2018 03:00:00 PM,11,7,4
10/12/2018 02:00:00 PM,3,1,2
10/12/2018 01:00:00 PM,8,3,5
10/12/2018 12:00:00 PM,6,1,5
10/12/2018 11:00:00 AM,6,5,1
10/12/2018 10:00:00 AM,5,4,1
10/12/2018 09:00:00 AM,8,6,2
10/12/2018 08:00:00 AM,13,8,5
10/12/2018 07:00:00 AM,6,4,2
10/12/2018 06:00:00 AM,0,0,0
10/12/2018 05:00:00 AM,0,0,0
10/12/2018 04:00:00 AM,0,0,0
10/12/2018 03:00:00 AM,2,2,0
10/12/2018 02:00:00 AM,0,0,0
10/12/2018 01:00:00 AM,0,0,0
10/12/2018 12:00:00 AM,3,0,3
10/11/2018 11:00:00 PM,2,0,2
10/11/2018 10:00:00 PM,4,3,1
10/11/2018 09:00:00 PM,0,0,0
10/11/2018 08:00:00 PM,12,6,6
10/11/2018 07:00:00 PM,8,1,7
10/11/2018 06:00:00 PM,18,11,7
10/11/2018 05:00:00 PM,17,6,11
10/11/2018 04:00:00 PM,10,4,6
10/11/2018 03:00:00 PM,9,3,6
10/11/2018 02:00:00 PM,7,2,5
10/11/2018 01:00:00 PM,5,3,2
10/11/2018 12:00:00 PM,6,3,3
10/11/2018 11:00:00 AM,7,3,4
10/11/2018 10:00:00 AM,6,4,2
10/11/2018 09:00:00 AM,17,11,6
10/11/2018 08:00:00 AM,10,5,5
10/11/2018 07:00:00 AM,10,7,3
10/11/2018 06:00:00 AM,2,1,1
10/11/2018 05:00:00 AM,1,0,1
10/11/2018 04:00:00 AM,1,0,1
10/11/2018 03:00:00 AM,0,0,0
10/11/2018 02:00:00 AM,0,0,0
10/11/2018 01:00:00 AM,0,0,0
10/11/2018 12:00:00 AM,0,0,0
10/10/2018 11:00:00 PM,0,0,0
10/10/2018 10:00:00 PM,0,0,0
10/10/2018 09:00:00 PM,1,1,0
10/10/2018 08:00:00 PM,4,2,2
10/10/2018 07:00:00 PM,10,6,4
10/10/2018 06:00:00 PM,20,9,11
10/10/2018 05:00:00 PM,17,8,9
10/10/2018 04:00:00 PM,12,6,6
10/10/2018 03:00:00 PM,6,0,6
10/10/2018 02:00:00 PM,7,5,2
10/10/2018 01:00:00 PM,6,2,4
10/10/2018 12:00:00 PM,11,6,5
10/10/2018 11:00:00 AM,5,3,2
10/10/2018 10:00:00 AM,6,3,3
10/10/2018 09:00:00 AM,12,6,6
10/10/2018 08:00:00 AM,15,9,6
10/10/2018 07:00:00 AM,12,6,6
10/10/2018 06:00:00 AM,3,0,3
10/10/2018 05:00:00 AM,0,0,0
10/10/2018 04:00:00 AM,0,0,0
10/10/2018 03:00:00 AM,0,0,0
10/10/2018 02:00:00 AM,0,0,0
10/10/2018 01:00:00 AM,1,0,1
10/10/2018 12:00:00 AM,0,0,0
10/09/2018 11:00:00 PM,4,4,0
10/09/2018 10:00:00 PM,1,1,0
10/09/2018 09:00:00 PM,3,0,3
10/09/2018 08:00:00 PM,5,3,2
10/09/2018 07:00:00 PM,11,6,5
10/09/2018 06:00:00 PM,17,10,7
10/09/2018 05:00:00 PM,12,9,3
10/09/2018 04:00:00 PM,6,1,5
10/09/2018 03:00:00 PM,7,3,4
10/09/2018 02:00:00 PM,8,2,6
10/09/2018 01:00:00 PM,4,1,3
10/09/2018 12:00:00 PM,9,3,6
10/09/2018 11:00:00 AM,5,1,4
10/09/2018 10:00:00 AM,12,2,10
10/09/2018 09:00:00 AM,11,5,6
10/09/2018 08:00:00 AM,19,9,10
10/09/2018 07:00:00 AM,8,3,5
10/09/2018 06:00:00 AM,1,1,0
10/09/2018 05:00:00 AM,1,0,1
10/09/2018 04:00:00 AM,1,0,1
10/09/2018 03:00:00 AM,0,0,0
10/09/2018 02:00:00 AM,1,1,0
10/09/2018 01:00:00 AM,0,0,0
10/09/2018 12:00:00 AM,0,0,0
10/08/2018 11:00:00 PM,1,0,1
10/08/2018 10:00:00 PM,3,1,2
10/08/2018 09:00:00 PM,3,0,3
10/08/2018 08:00:00 PM,4,1,3
10/08/2018 07:00:00 PM,3,2,1
10/08/2018 06:00:00 PM,7,3,4
10/08/2018 05:00:00 PM,5,3,2
10/08/2018 04:00:00 PM,12,7,5
10/08/2018 03:00:00 PM,4,2,2
10/08/2018 02:00:00 PM,5,1,4
10/08/2018 01:00:00 PM,2,0,2
10/08/2018 12:00:00 PM,7,4,3
10/08/2018 11:00:00 AM,6,3,3
10/08/2018 10:00:00 AM,6,5,1
10/08/2018 09:00:00 AM,10,4,6
10/08/2018 08:00:00 AM,13,5,8
10/08/2018 07:00:00 AM,13,6,7
10/08/2018 06:00:00 AM,2,0,2
10/08/2018 05:00:00 AM,2,0,2
10/08/2018 04:00:00 AM,0,0,0
10/08/2018 03:00:00 AM,0,0,0
10/08/2018 02:00:00 AM,1,0,1
10/08/2018 01:00:00 AM,0,0,0
10/08/2018 12:00:00 AM,0,0,0
10/07/2018 11:00:00 PM,2,0,2
10/07/2018 10:00:00 PM,2,0,2
10/07/2018 09:00:00 PM,1,0,1
10/07/2018 08:00:00 PM,6,2,4
10/07/2018 07:00:00 PM,3,1,2
10/07/2018 06:00:00 PM,8,3,5
10/07/2018 05:00:00 PM,8,3,5
10/07/2018 04:00:00 PM,7,4,3
10/07/2018 03:00:00 PM,8,2,6
10/07/2018 02:00:00 PM,13,8,5
10/07/2018 01:00:00 PM,16,5,11
10/07/2018 12:00:00 PM,6,2,4
10/07/2018 11:00:00 AM,14,8,6
10/07/2018 10:00:00 AM,20,10,10
10/07/2018 09:00:00 AM,7,3,4
10/07/2018 08:00:00 AM,2,0,2
10/07/2018 07:00:00 AM,2,1,1
10/07/2018 06:00:00 AM,1,0,1
10/07/2018 05:00:00 AM,0,0,0
10/07/2018 04:00:00 AM,0,0,0
10/07/2018 03:00:00 AM,0,0,0
10/07/2018 02:00:00 AM,0,0,0
10/07/2018 01:00:00 AM,0,0,0
10/07/2018 12:00:00 AM,1,0,1
10/06/2018 11:00:00 PM,8,1,7
10/06/2018 10:00:00 PM,3,1,2
10/06/2018 09:00:00 PM,2,2,0
10/06/2018 08:00:00 PM,7,4,3
10/06/2018 07:00:00 PM,4,3,1
10/06/2018 06:00:00 PM,4,1,3
10/06/2018 05:00:00 PM,11,6,5
10/06/2018 04:00:00 PM,21,10,11
10/06/2018 03:00:00 PM,18,11,7
10/06/2018 02:00:00 PM,23,8,15
10/06/2018 01:00:00 PM,15,5,10
10/06/2018 12:00:00 PM,15,6,9
10/06/2018 11:00:00 AM,10,4,6
10/06/2018 10:00:00 AM,8,4,4
10/06/2018 09:00:00 AM,14,6,8
10/06/2018 08:00:00 AM,6,2,4
10/06/2018 07:00:00 AM,1,0,1
10/06/2018 06:00:00 AM,2,0,2
10/06/2018 05:00:00 AM,2,0,2
10/06/2018 04:00:00 AM,1,1,0
10/06/2018 03:00:00 AM,1,0,1
10/06/2018 02:00:00 AM,1,0,1
10/06/2018 01:00:00 AM,3,1,2
10/06/2018 12:00:00 AM,4,1,3
10/05/2018 11:00:00 PM,3,0,3
10/05/2018 10:00:00 PM,2,1,1
10/05/2018 09:00:00 PM,9,1,8
10/05/2018 08:00:00 PM,5,2,3
10/05/2018 07:00:00 PM,6,0,6
10/05/2018 06:00:00 PM,7,3,4
10/05/2018 05:00:00 PM,17,2,15
10/05/2018 04:00:00 PM,6,1,5
10/05/2018 03:00:00 PM,12,5,7
10/05/2018 02:00:00 PM,5,3,2
10/05/2018 01:00:00 PM,9,2,7
10/05/2018 12:00:00 PM,7,3,4
10/05/2018 11:00:00 AM,5,1,4
10/05/2018 10:00:00 AM,10,4,6
10/05/2018 09:00:00 AM,7,4,3
10/05/2018 08:00:00 AM,7,6,1
10/05/2018 07:00:00 AM,5,1,4
10/05/2018 06:00:00 AM,2,0,2
10/05/2018 05:00:00 AM,0,0,0
10/05/2018 04:00:00 AM,0,0,0
10/05/2018 03:00:00 AM,0,0,0
10/05/2018 02:00:00 AM,0,0,0
10/05/2018 01:00:00 AM,0,0,0
10/05/2018 12:00:00 AM,1,1,0
10/04/2018 11:00:00 PM,1,0,1
10/04/2018 10:00:00 PM,2,2,0
10/04/2018 09:00:00 PM,3,1,2
10/04/2018 08:00:00 PM,3,1,2
10/04/2018 07:00:00 PM,8,3,5
10/04/2018 06:00:00 PM,16,10,6
10/04/2018 05:00:00 PM,20,15,5
10/04/2018 04:00:00 PM,6,6,0
10/04/2018 03:00:00 PM,3,2,1
10/04/2018 02:00:00 PM,13,5,8
10/04/2018 01:00:00 PM,9,5,4
10/04/2018 12:00:00 PM,10,5,5
10/04/2018 11:00:00 AM,6,3,3
10/04/2018 10:00:00 AM,3,2,1
10/04/2018 09:00:00 AM,5,3,2
10/04/2018 08:00:00 AM,13,5,8
10/04/2018 07:00:00 AM,7,3,4
10/04/2018 06:00:00 AM,0,0,0
10/04/2018 05:00:00 AM,1,0,1
10/04/2018 04:00:00 AM,0,0,0
10/04/2018 03:00:00 AM,0,0,0
10/04/2018 02:00:00 AM,0,0,0
10/04/2018 01:00:00 AM,0,0,0
10/04/2018 12:00:00 AM,0,0,0
10/03/2018 11:00:00 PM,0,0,0
10/03/2018 10:00:00 PM,2,2,0
10/03/2018 09:00:00 PM,4,2,2
10/03/2018 08:00:00 PM,5,1,4
10/03/2018 07:00:00 PM,8,3,5
10/03/2018 06:00:00 PM,13,8,5
10/03/2018 05:00:00 PM,13,6,7
10/03/2018 04:00:00 PM,7,4,3
10/03/2018 03:00:00 PM,14,9,5
10/03/2018 02:00:00 PM,5,3,2
10/03/2018 01:00:00 PM,11,5,6
10/03/2018 12:00:00 PM,10,4,6
10/03/2018 11:00:00 AM,5,3,2
10/03/2018 10:00:00 AM,8,5,3
10/03/2018 09:00:00 AM,6,5,1
10/03/2018 08:00:00 AM,6,3,3
10/03/2018 07:00:00 AM,10,2,8
10/03/2018 06:00:00 AM,2,1,1
10/03/2018 05:00:00 AM,0,0,0
10/03/2018 04:00:00 AM,1,1,0
10/03/2018 03:00:00 AM,0,0,0
10/03/2018 02:00:00 AM,0,0,0
10/03/2018 01:00:00 AM,0,0,0
10/03/2018 12:00:00 AM,1,1,0
10/02/2018 11:00:00 PM,0,0,0
10/02/2018 10:00:00 PM,1,1,0
10/02/2018 09:00:00 PM,1,0,1
10/02/2018 08:00:00 PM,3,1,2
10/02/2018 07:00:00 PM,4,3,1
10/02/2018 06:00:00 PM,13,7,6
10/02/2018 05:00:00 PM,18,12,6
10/02/2018 04:00:00 PM,5,4,1
10/02/2018 03:00:00 PM,11,9,2
10/02/2018 02:00:00 PM,7,2,5
10/02/2018 01:00:00 PM,12,5,7
10/02/2018 12:00:00 PM,6,2,4
10/02/2018 11:00:00 AM,5,2,3
10/02/2018 10:00:00 AM,7,5,2
10/02/2018 09:00:00 AM,1,1,0
10/02/2018 08:00:00 AM,8,4,4
10/02/2018 07:00:00 AM,7,3,4
10/02/2018 06:00:00 AM,2,1,1
10/02/2018 05:00:00 AM,1,0,1
10/02/2018 04:00:00 AM,0,0,0
10/02/2018 03:00:00 AM,0,0,0
10/02/2018 02:00:00 AM,0,0,0
10/02/2018 01:00:00 AM,0,0,0
10/02/2018 12:00:00 AM,1,1,0
10/01/2018 11:00:00 PM,0,0,0
10/01/2018 10:00:00 PM,2,0,2
10/01/2018 09:00:00 PM,0,0,0
10/01/2018 08:00:00 PM,4,2,2
10/01/2018 07:00:00 PM,6,1,5
10/01/2018 06:00:00 PM,10,8,2
10/01/2018 05:00:00 PM,12,6,6
10/01/2018 04:00:00 PM,8,7,1
10/01/2018 03:00:00 PM,3,3,0
10/01/2018 02:00:00 PM,8,5,3
10/01/2018 01:00:00 PM,4,1,3
10/01/2018 12:00:00 PM,6,6,0
10/01/2018 11:00:00 AM,5,3,2
10/01/2018 10:00:00 AM,4,3,1
10/01/2018 09:00:00 AM,8,5,3
10/01/2018 08:00:00 AM,13,7,6
10/01/2018 07:00:00 AM,7,2,5
10/01/2018 06:00:00 AM,4,2,2
10/01/2018 05:00:00 AM,0,0,0
10/01/2018 04:00:00 AM,0,0,0
10/01/2018 03:00:00 AM,0,0,0
10/01/2018 02:00:00 AM,0,0,0
10/01/2018 01:00:00 AM,0,0,0
10/01/2018 12:00:00 AM,1,0,1
09/30/2018 11:00:00 PM,2,1,1
09/30/2018 10:00:00 PM,1,1,0
09/30/2018 09:00:00 PM,4,2,2
09/30/2018 08:00:00 PM,2,0,2
09/30/2018 07:00:00 PM,2,2,0
09/30/2018 06:00:00 PM,2,1,1
09/30/2018 05:00:00 PM,6,5,1
09/30/2018 04:00:00 PM,13,4,9
09/30/2018 03:00:00 PM,18,11,7
09/30/2018 02:00:00 PM,15,4,11
09/30/2018 01:00:00 PM,16,9,7
09/30/2018 12:00:00 PM,23,13,10
09/30/2018 11:00:00 AM,18,13,5
09/30/2018 10:00:00 AM,9,4,5
09/30/2018 09:00:00 AM,10,7,3
09/30/2018 08:00:00 AM,1,1,0
09/30/2018 07:00:00 AM,0,0,0
09/30/2018 06:00:00 AM,1,0,1
09/30/2018 05:00:00 AM,1,0,1
09/30/2018 04:00:00 AM,0,0,0
09/30/2018 03:00:00 AM,0,0,0
09/30/2018 02:00:00 AM,0,0,0
09/30/2018 01:00:00 AM,0,0,0
09/30/2018 12:00:00 AM,3,1,2
09/29/2018 11:00:00 PM,2,1,1
09/29/2018 10:00:00 PM,0,0,0
09/29/2018 09:00:00 PM,0,0,0
09/29/2018 08:00:00 PM,3,2,1
09/29/2018 07:00:00 PM,3,0,3
09/29/2018 06:00:00 PM,8,4,4
09/29/2018 05:00:00 PM,9,4,5
09/29/2018 04:00:00 PM,14,4,10
09/29/2018 03:00:00 PM,14,7,7
09/29/2018 02:00:00 PM,13,5,8
09/29/2018 01:00:00 PM,8,4,4
09/29/2018 12:00:00 PM,17,11,6
09/29/2018 11:00:00 AM,6,3,3
09/29/2018 10:00:00 AM,7,3,4
09/29/2018 09:00:00 AM,7,4,3
09/29/2018 08:00:00 AM,3,1,2
09/29/2018 07:00:00 AM,0,0,0
09/29/2018 06:00:00 AM,0,0,0
09/29/2018 05:00:00 AM,0,0,0
09/29/2018 04:00:00 AM,0,0,0
09/29/2018 03:00:00 AM,0,0,0
09/29/2018 02:00:00 AM,0,0,0
09/29/2018 01:00:00 AM,2,1,1
09/29/2018 12:00:00 AM,1,0,1
09/28/2018 11:00:00 PM,1,1,0
09/28/2018 10:00:00 PM,6,3,3
09/28/2018 09:00:00 PM,1,1,0
09/28/2018 08:00:00 PM,6,2,4
09/28/2018 07:00:00 PM,11,5,6
09/28/2018 06:00:00 PM,10,6,4
09/28/2018 05:00:00 PM,23,17,6
09/28/2018 04:00:00 PM,17,9,8
09/28/2018 03:00:00 PM,22,14,8
09/28/2018 02:00:00 PM,14,6,8
09/28/2018 01:00:00 PM,10,5,5
09/28/2018 12:00:00 PM,20,10,10
09/28/2018 11:00:00 AM,3,3,0
09/28/2018 10:00:00 AM,6,3,3
09/28/2018 09:00:00 AM,7,2,5
09/28/2018 08:00:00 AM,13,7,6
09/28/2018 07:00:00 AM,4,3,1
09/28/2018 06:00:00 AM,2,1,1
09/28/2018 05:00:00 AM,0,0,0
09/28/2018 04:00:00 AM,0,0,0
09/28/2018 03:00:00 AM,0,0,0
09/28/2018 02:00:00 AM,0,0,0
09/28/2018 01:00:00 AM,1,1,0
09/28/2018 12:00:00 AM,1,0,1
09/27/2018 11:00:00 PM,0,0,0
09/27/2018 10:00:00 PM,1,1,0
09/27/2018 09:00:00 PM,3,0,3
09/27/2018 08:00:00 PM,6,2,4
09/27/2018 07:00:00 PM,2,2,0
09/27/2018 06:00:00 PM,16,9,7
09/27/2018 05:00:00 PM,20,7,13
09/27/2018 04:00:00 PM,14,11,3
09/27/2018 03:00:00 PM,10,4,6
09/27/2018 02:00:00 PM,5,3,2
09/27/2018 01:00:00 PM,9,3,6
09/27/2018 12:00:00 PM,4,3,1
09/27/2018 11:00:00 AM,11,5,6
09/27/2018 10:00:00 AM,4,2,2
09/27/2018 09:00:00 AM,6,3,3
09/27/2018 08:00:00 AM,17,10,7
09/27/2018 07:00:00 AM,6,4,2
09/27/2018 06:00:00 AM,0,0,0
09/27/2018 05:00:00 AM,2,1,1
09/27/2018 04:00:00 AM,0,0,0
09/27/2018 03:00:00 AM,0,0,0
09/27/2018 02:00:00 AM,0,0,0
09/27/2018 01:00:00 AM,0,0,0
09/27/2018 12:00:00 AM,0,0,0
09/26/2018 11:00:00 PM,1,0,1
09/26/2018 10:00:00 PM,1,0,1
09/26/2018 09:00:00 PM,2,1,1
09/26/2018 08:00:00 PM,7,4,3
09/26/2018 07:00:00 PM,12,3,9
09/26/2018 06:00:00 PM,18,10,8
09/26/2018 05:00:00 PM,20,14,6
09/26/2018 04:00:00 PM,10,4,6
09/26/2018 03:00:00 PM,3,1,2
09/26/2018 02:00:00 PM,1,0,1
09/26/2018 01:00:00 PM,3,2,1
09/26/2018 12:00:00 PM,0,0,0
09/26/2018 11:00:00 AM,0,0,0
09/26/2018 10:00:00 AM,0,0,0
09/26/2018 09:00:00 AM,4,4,0
09/26/2018 08:00:00 AM,2,1,1
09/26/2018 07:00:00 AM,1,0,1
09/26/2018 06:00:00 AM,0,0,0
09/26/2018 05:00:00 AM,0,0,0
09/26/2018 04:00:00 AM,0,0,0
09/26/2018 03:00:00 AM,0,0,0
09/26/2018 02:00:00 AM,0,0,0
09/26/2018 01:00:00 AM,0,0,0
09/26/2018 12:00:00 AM,0,0,0
09/25/2018 11:00:00 PM,0,0,0
09/25/2018 10:00:00 PM,0,0,0
09/25/2018 09:00:00 PM,0,0,0
09/25/2018 08:00:00 PM,1,1,0
09/25/2018 07:00:00 PM,3,0,3
09/25/2018 06:00:00 PM,5,1,4
09/25/2018 05:00:00 PM,7,6,1
09/25/2018 04:00:00 PM,8,8,0
09/25/2018 03:00:00 PM,10,10,0
09/25/2018 02:00:00 PM,9,9,0
09/25/2018 01:00:00 PM,6,6,0
09/25/2018 12:00:00 PM,8,8,0
09/25/2018 11:00:00 AM,10,1,9
09/25/2018 10:00:00 AM,10,5,5
09/25/2018 09:00:00 AM,10,0,10
09/25/2018 08:00:00 AM,15,2,13
09/25/2018 07:00:00 AM,3,2,1
09/25/2018 06:00:00 AM,5,2,3
09/25/2018 05:00:00 AM,3,0,3
09/25/2018 04:00:00 AM,1,0,1
09/25/2018 03:00:00 AM,0,0,0
09/25/2018 02:00:00 AM,0,0,0
09/25/2018 01:00:00 AM,0,0,0
09/25/2018 12:00:00 AM,3,0,3
09/24/2018 11:00:00 PM,3,0,3
09/24/2018 10:00:00 PM,5,0,5
09/24/2018 09:00:00 PM,8,0,8
09/24/2018 08:00:00 PM,13,0,13
09/24/2018 07:00:00 PM,15,1,14
09/24/2018 06:00:00 PM,19,1,18
09/24/2018 05:00:00 PM,5,0,5
09/24/2018 04:00:00 PM,20,3,17
09/24/2018 03:00:00 PM,12,3,9
09/24/2018 02:00:00 PM,13,2,11
09/24/2018 01:00:00 PM,11,0,11
09/24/2018 12:00:00 PM,12,2,10
09/24/2018 11:00:00 AM,7,2,5
09/24/2018 10:00:00 AM,3,0,3
09/24/2018 09:00:00 AM,12,0,12
09/24/2018 08:00:00 AM,14,1,13
09/24/2018 07:00:00 AM,7,1,6
09/24/2018 06:00:00 AM,4,1,3
09/24/2018 05:00:00 AM,2,0,2
09/24/2018 04:00:00 AM,1,0,1
09/24/2018 03:00:00 AM,0,0,0
09/24/2018 02:00:00 AM,1,0,1
09/24/2018 01:00:00 AM,0,0,0
09/24/2018 12:00:00 AM,7,0,7
09/23/2018 11:00:00 PM,5,0,5
09/23/2018 10:00:00 PM,2,0,2
09/23/2018 09:00:00 PM,3,0,3
09/23/2018 08:00:00 PM,7,1,6
09/23/2018 07:00:00 PM,6,0,6
09/23/2018 06:00:00 PM,10,3,7
09/23/2018 05:00:00 PM,13,2,11
09/23/2018 04:00:00 PM,16,2,14
09/23/2018 03:00:00 PM,18,7,11
09/23/2018 02:00:00 PM,12,3,9
09/23/2018 01:00:00 PM,18,3,15
09/23/2018 12:00:00 PM,12,0,12
09/23/2018 11:00:00 AM,16,3,13
09/23/2018 10:00:00 AM,7,1,6
09/23/2018 09:00:00 AM,2,0,2
09/23/2018 08:00:00 AM,7,2,5
09/23/2018 07:00:00 AM,3,0,3
09/23/2018 06:00:00 AM,0,0,0
09/23/2018 05:00:00 AM,1,0,1
09/23/2018 04:00:00 AM,0,0,0
09/23/2018 03:00:00 AM,1,0,1
09/23/2018 02:00:00 AM,2,0,2
09/23/2018 01:00:00 AM,5,0,5
09/23/2018 12:00:00 AM,5,0,5
09/22/2018 11:00:00 PM,1,0,1
09/22/2018 10:00:00 PM,4,0,4
09/22/2018 09:00:00 PM,4,0,4
09/22/2018 08:00:00 PM,13,0,13
09/22/2018 07:00:00 PM,11,1,10
09/22/2018 06:00:00 PM,12,0,12
09/22/2018 05:00:00 PM,16,3,13
09/22/2018 04:00:00 PM,20,8,12
09/22/2018 03:00:00 PM,18,4,14
09/22/2018 02:00:00 PM,16,4,12
09/22/2018 01:00:00 PM,31,5,26
09/22/2018 12:00:00 PM,22,4,18
09/22/2018 11:00:00 AM,14,3,11
09/22/2018 10:00:00 AM,27,3,24
09/22/2018 09:00:00 AM,5,0,5
09/22/2018 08:00:00 AM,3,0,3
09/22/2018 07:00:00 AM,3,0,3
09/22/2018 06:00:00 AM,2,1,1
09/22/2018 05:00:00 AM,3,1,2
09/22/2018 04:00:00 AM,1,1,0
09/22/2018 03:00:00 AM,1,0,1
09/22/2018 02:00:00 AM,2,2,0
09/22/2018 01:00:00 AM,4,2,2
09/22/2018 12:00:00 AM,5,0,5
09/21/2018 11:00:00 PM,6,0,6
09/21/2018 10:00:00 PM,2,1,1
09/21/2018 09:00:00 PM,7,1,6
09/21/2018 08:00:00 PM,10,1,9
09/21/2018 07:00:00 PM,15,3,12
09/21/2018 06:00:00 PM,12,2,10
09/21/2018 05:00:00 PM,12,3,9
09/21/2018 04:00:00 PM,14,1,13
09/21/2018 03:00:00 PM,13,2,11
09/21/2018 02:00:00 PM,4,0,4
09/21/2018 01:00:00 PM,7,3,4
09/21/2018 12:00:00 PM,13,3,10
09/21/2018 11:00:00 AM,6,3,3
09/21/2018 10:00:00 AM,11,1,10
09/21/2018 09:00:00 AM,4,1,3
09/21/2018 08:00:00 AM,5,1,4
09/21/2018 07:00:00 AM,5,0,5
09/21/2018 06:00:00 AM,1,0,1
09/21/2018 05:00:00 AM,0,0,0
09/21/2018 04:00:00 AM,1,0,1
09/21/2018 03:00:00 AM,1,0,1
09/21/2018 02:00:00 AM,0,0,0
09/21/2018 01:00:00 AM,0,0,0
09/21/2018 12:00:00 AM,0,0,0
09/20/2018 11:00:00 PM,2,0,2
09/20/2018 10:00:00 PM,3,0,3
09/20/2018 09:00:00 PM,3,1,2
09/20/2018 08:00:00 PM,12,5,7
09/20/2018 07:00:00 PM,7,1,6
09/20/2018 06:00:00 PM,16,2,14
09/20/2018 05:00:00 PM,18,9,9
09/20/2018 04:00:00 PM,16,2,14
09/20/2018 03:00:00 PM,10,1,9
09/20/2018 02:00:00 PM,6,2,4
09/20/2018 01:00:00 PM,6,0,6
09/20/2018 12:00:00 PM,9,1,8
09/20/2018 11:00:00 AM,16,1,15
09/20/2018 10:00:00 AM,4,0,4
09/20/2018 09:00:00 AM,9,3,6
09/20/2018 08:00:00 AM,11,3,8
09/20/2018 07:00:00 AM,6,4,2
09/20/2018 06:00:00 AM,4,1,3
09/20/2018 05:00:00 AM,0,0,0
09/20/2018 04:00:00 AM,2,0,2
09/20/2018 03:00:00 AM,0,0,0
09/20/2018 02:00:00 AM,1,0,1
09/20/2018 01:00:00 AM,2,1,1
09/20/2018 12:00:00 AM,2,0,2
09/19/2018 11:00:00 PM,2,0,2
09/19/2018 10:00:00 PM,1,1,0
09/19/2018 09:00:00 PM,5,1,4
09/19/2018 08:00:00 PM,13,4,9
09/19/2018 07:00:00 PM,7,1,6
09/19/2018 06:00:00 PM,22,10,12
09/19/2018 05:00:00 PM,13,5,8
09/19/2018 04:00:00 PM,14,4,10
09/19/2018 03:00:00 PM,9,3,6
09/19/2018 02:00:00 PM,16,3,13
09/19/2018 01:00:00 PM,7,2,5
09/19/2018 12:00:00 PM,12,4,8
09/19/2018 11:00:00 AM,5,1,4
09/19/2018 10:00:00 AM,11,4,7
09/19/2018 09:00:00 AM,11,3,8
09/19/2018 08:00:00 AM,8,2,6
09/19/2018 07:00:00 AM,4,3,1
09/19/2018 06:00:00 AM,5,2,3
09/19/2018 05:00:00 AM,0,0,0
09/19/2018 04:00:00 AM,0,0,0
09/19/2018 03:00:00 AM,0,0,0
09/19/2018 02:00:00 AM,0,0,0
09/19/2018 01:00:00 AM,0,0,0
09/19/2018 12:00:00 AM,1,0,1
09/18/2018 11:00:00 PM,2,0,2
09/18/2018 10:00:00 PM,6,0,6
09/18/2018 09:00:00 PM,4,0,4
09/18/2018 08:00:00 PM,8,1,7
09/18/2018 07:00:00 PM,14,5,9
09/18/2018 06:00:00 PM,23,3,20
09/18/2018 05:00:00 PM,10,4,6
09/18/2018 04:00:00 PM,17,5,12
09/18/2018 03:00:00 PM,9,1,8
09/18/2018 02:00:00 PM,8,1,7
09/18/2018 01:00:00 PM,15,4,11
09/18/2018 12:00:00 PM,10,1,9
09/18/2018 11:00:00 AM,12,1,11
09/18/2018 10:00:00 AM,5,0,5
09/18/2018 09:00:00 AM,6,2,4
09/18/2018 08:00:00 AM,10,0,10
09/18/2018 07:00:00 AM,8,0,8
09/18/2018 06:00:00 AM,1,1,0
09/18/2018 05:00:00 AM,0,0,0
09/18/2018 04:00:00 AM,0,0,0
09/18/2018 03:00:00 AM,0,0,0
09/18/2018 02:00:00 AM,0,0,0
09/18/2018 01:00:00 AM,0,0,0
09/18/2018 12:00:00 AM,0,0,0
09/17/2018 11:00:00 PM,0,0,0
09/17/2018 10:00:00 PM,0,0,0
09/17/2018 09:00:00 PM,1,1,0
09/17/2018 08:00:00 PM,2,2,0
09/17/2018 07:00:00 PM,2,2,0
09/17/2018 06:00:00 PM,0,0,0
09/17/2018 05:00:00 PM,1,1,0
09/17/2018 04:00:00 PM,1,1,0
09/17/2018 03:00:00 PM,0,0,0
09/17/2018 02:00:00 PM,3,3,0
09/17/2018 01:00:00 PM,0,0,0
09/17/2018 12:00:00 PM,0,0,0
09/17/2018 11:00:00 AM,3,0,3
09/17/2018 10:00:00 AM,2,1,1
09/17/2018 09:00:00 AM,3,3,0
09/17/2018 08:00:00 AM,7,4,3
09/17/2018 07:00:00 AM,4,1,3
09/17/2018 06:00:00 AM,4,4,0
09/17/2018 05:00:00 AM,0,0,0
09/17/2018 04:00:00 AM,0,0,0
09/17/2018 03:00:00 AM,0,0,0
09/17/2018 02:00:00 AM,0,0,0
09/17/2018 01:00:00 AM,0,0,0
09/17/2018 12:00:00 AM,4,0,4
09/16/2018 11:00:00 PM,2,0,2
09/16/2018 10:00:00 PM,4,0,4
09/16/2018 09:00:00 PM,1,0,1
09/16/2018 08:00:00 PM,2,2,0
09/16/2018 07:00:00 PM,4,3,1
09/16/2018 06:00:00 PM,10,8,2
09/16/2018 05:00:00 PM,4,3,1
09/16/2018 04:00:00 PM,18,5,13
09/16/2018 03:00:00 PM,5,2,3
09/16/2018 02:00:00 PM,7,4,3
09/16/2018 01:00:00 PM,4,4,0
09/16/2018 12:00:00 PM,10,7,3
09/16/2018 11:00:00 AM,5,0,5
09/16/2018 10:00:00 AM,2,2,0
09/16/2018 09:00:00 AM,0,0,0
09/16/2018 08:00:00 AM,0,0,0
09/16/2018 07:00:00 AM,1,1,0
09/16/2018 06:00:00 AM,0,0,0
09/16/2018 05:00:00 AM,0,0,0
09/16/2018 04:00:00 AM,0,0,0
09/16/2018 03:00:00 AM,0,0,0
09/16/2018 02:00:00 AM,1,1,0
09/16/2018 01:00:00 AM,0,0,0
09/16/2018 12:00:00 AM,0,0,0
09/15/2018 11:00:00 PM,0,0,0
09/15/2018 10:00:00 PM,0,0,0
09/15/2018 09:00:00 PM,0,0,0
09/15/2018 08:00:00 PM,1,1,0
09/15/2018 07:00:00 PM,1,0,1
09/15/2018 06:00:00 PM,1,1,0
09/15/2018 05:00:00 PM,5,4,1
09/15/2018 04:00:00 PM,6,6,0
09/15/2018 03:00:00 PM,6,6,0
09/15/2018 02:00:00 PM,5,1,4
09/15/2018 01:00:00 PM,3,2,1
09/15/2018 12:00:00 PM,5,3,2
09/15/2018 11:00:00 AM,6,5,1
09/15/2018 10:00:00 AM,6,5,1
09/15/2018 09:00:00 AM,1,1,0
09/15/2018 08:00:00 AM,1,0,1
09/15/2018 07:00:00 AM,0,0,0
09/15/2018 06:00:00 AM,0,0,0
09/15/2018 05:00:00 AM,0,0,0
09/15/2018 04:00:00 AM,0,0,0
09/15/2018 03:00:00 AM,0,0,0
09/15/2018 02:00:00 AM,1,0,1
09/15/2018 01:00:00 AM,2,0,2
09/15/2018 12:00:00 AM,5,1,4
09/14/2018 11:00:00 PM,2,0,2
09/14/2018 10:00:00 PM,4,0,4
09/14/2018 09:00:00 PM,4,2,2
09/14/2018 08:00:00 PM,5,4,1
09/14/2018 07:00:00 PM,3,3,0
09/14/2018 06:00:00 PM,4,4,0
09/14/2018 05:00:00 PM,7,5,2
09/14/2018 04:00:00 PM,6,4,2
09/14/2018 03:00:00 PM,5,5,0
09/14/2018 02:00:00 PM,11,7,4
09/14/2018 01:00:00 PM,5,3,2
09/14/2018 12:00:00 PM,5,0,5
09/14/2018 11:00:00 AM,2,0,2
09/14/2018 10:00:00 AM,4,2,2
09/14/2018 09:00:00 AM,0,0,0
09/14/2018 08:00:00 AM,8,7,1
09/14/2018 07:00:00 AM,4,4,0
09/14/2018 06:00:00 AM,0,0,0
09/14/2018 05:00:00 AM,0,0,0
09/14/2018 04:00:00 AM,1,1,0
09/14/2018 03:00:00 AM,0,0,0
09/14/2018 02:00:00 AM,0,0,0
09/14/2018 01:00:00 AM,1,0,1
09/14/2018 12:00:00 AM,0,0,0
09/13/2018 11:00:00 PM,1,1,0
09/13/2018 10:00:00 PM,1,1,0
09/13/2018 09:00:00 PM,2,2,0
09/13/2018 08:00:00 PM,1,1,0
09/13/2018 07:00:00 PM,3,3,0
09/13/2018 06:00:00 PM,9,7,2
09/13/2018 05:00:00 PM,4,3,1
09/13/2018 04:00:00 PM,4,3,1
09/13/2018 03:00:00 PM,7,6,1
09/13/2018 02:00:00 PM,4,2,2
09/13/2018 01:00:00 PM,3,3,0
09/13/2018 12:00:00 PM,3,2,1
09/13/2018 11:00:00 AM,5,4,1
09/13/2018 10:00:00 AM,5,4,1
09/13/2018 09:00:00 AM,4,3,1
09/13/2018 08:00:00 AM,5,3,2
09/13/2018 07:00:00 AM,3,1,2
09/13/2018 06:00:00 AM,1,1,0
09/13/2018 05:00:00 AM,0,0,0
09/13/2018 04:00:00 AM,0,0,0
09/13/2018 03:00:00 AM,0,0,0
09/13/2018 02:00:00 AM,0,0,0
09/13/2018 01:00:00 AM,0,0,0
09/13/2018 12:00:00 AM,0,0,0
09/12/2018 11:00:00 PM,0,0,0
09/12/2018 10:00:00 PM,1,1,0
09/12/2018 09:00:00 PM,3,2,1
09/12/2018 08:00:00 PM,1,1,0
09/12/2018 07:00:00 PM,3,1,2
09/12/2018 06:00:00 PM,12,9,3
09/12/2018 05:00:00 PM,12,11,1
09/12/2018 04:00:00 PM,7,5,2
09/12/2018 03:00:00 PM,9,9,0
09/12/2018 02:00:00 PM,6,2,4
09/12/2018 01:00:00 PM,4,4,0
09/12/2018 12:00:00 PM,2,1,1
09/12/2018 11:00:00 AM,5,5,0
09/12/2018 10:00:00 AM,3,2,1
09/12/2018 09:00:00 AM,5,3,2
09/12/2018 08:00:00 AM,4,3,1
09/12/2018 07:00:00 AM,3,3,0
09/12/2018 06:00:00 AM,0,0,0
09/12/2018 05:00:00 AM,0,0,0
09/12/2018 04:00:00 AM,0,0,0
09/12/2018 03:00:00 AM,0,0,0
09/12/2018 02:00:00 AM,0,0,0
09/12/2018 01:00:00 AM,0,0,0
09/12/2018 12:00:00 AM,0,0,0
09/11/2018 11:00:00 PM,0,0,0
09/11/2018 10:00:00 PM,1,0,1
09/11/2018 09:00:00 PM,3,0,3
09/11/2018 08:00:00 PM,3,0,3
09/11/2018 07:00:00 PM,5,5,0
09/11/2018 06:00:00 PM,4,3,1
09/11/2018 05:00:00 PM,7,6,1
09/11/2018 04:00:00 PM,6,2,4
09/11/2018 03:00:00 PM,6,2,4
09/11/2018 02:00:00 PM,5,4,1
09/11/2018 01:00:00 PM,7,1,6
09/11/2018 12:00:00 PM,5,3,2
09/11/2018 11:00:00 AM,3,1,2
09/11/2018 10:00:00 AM,3,2,1
09/11/2018 09:00:00 AM,2,2,0
09/11/2018 08:00:00 AM,7,3,4
09/11/2018 07:00:00 AM,3,3,0
09/11/2018 06:00:00 AM,2,1,1
09/11/2018 05:00:00 AM,1,1,0
09/11/2018 04:00:00 AM,0,0,0
09/11/2018 03:00:00 AM,0,0,0
09/11/2018 02:00:00 AM,0,0,0
09/11/2018 01:00:00 AM,0,0,0
09/11/2018 12:00:00 AM,0,0,0
09/10/2018 11:00:00 PM,0,0,0
09/10/2018 10:00:00 PM,2,1,1
09/10/2018 09:00:00 PM,0,0,0
09/10/2018 08:00:00 PM,1,1,0
09/10/2018 07:00:00 PM,5,3,2
09/10/2018 06:00:00 PM,12,8,4
09/10/2018 05:00:00 PM,10,9,1
09/10/2018 04:00:00 PM,3,2,1
09/10/2018 03:00:00 PM,3,2,1
09/10/2018 02:00:00 PM,6,2,4
09/10/2018 01:00:00 PM,4,3,1
09/10/2018 12:00:00 PM,4,3,1
09/10/2018 11:00:00 AM,3,1,2
09/10/2018 10:00:00 AM,2,0,2
09/10/2018 09:00:00 AM,3,3,0
09/10/2018 08:00:00 AM,5,4,1
09/10/2018 07:00:00 AM,3,3,0
09/10/2018 06:00:00 AM,0,0,0
09/10/2018 05:00:00 AM,1,1,0
09/10/2018 04:00:00 AM,0,0,0
09/10/2018 03:00:00 AM,0,0,0
09/10/2018 02:00:00 AM,0,0,0
09/10/2018 01:00:00 AM,0,0,0
09/10/2018 12:00:00 AM,0,0,0
09/09/2018 11:00:00 PM,1,1,0
09/09/2018 10:00:00 PM,1,1,0
09/09/2018 09:00:00 PM,1,1,0
09/09/2018 08:00:00 PM,1,1,0
09/09/2018 07:00:00 PM,1,1,0
09/09/2018 06:00:00 PM,7,7,0
09/09/2018 05:00:00 PM,9,8,1
09/09/2018 04:00:00 PM,5,3,2
09/09/2018 03:00:00 PM,16,11,5
09/09/2018 02:00:00 PM,7,6,1
09/09/2018 01:00:00 PM,14,8,6
09/09/2018 12:00:00 PM,16,8,8
09/09/2018 11:00:00 AM,10,7,3
09/09/2018 10:00:00 AM,13,7,6
09/09/2018 09:00:00 AM,1,1,0
09/09/2018 08:00:00 AM,1,1,0
09/09/2018 07:00:00 AM,0,0,0
09/09/2018 06:00:00 AM,1,1,0
09/09/2018 05:00:00 AM,0,0,0
09/09/2018 04:00:00 AM,0,0,0
09/09/2018 03:00:00 AM,0,0,0
09/09/2018 02:00:00 AM,0,0,0
09/09/2018 01:00:00 AM,1,0,1
09/09/2018 12:00:00 AM,0,0,0
09/08/2018 11:00:00 PM,0,0,0
09/08/2018 10:00:00 PM,1,0,1
09/08/2018 09:00:00 PM,2,0,2
09/08/2018 08:00:00 PM,5,5,0
09/08/2018 07:00:00 PM,3,3,0
09/08/2018 06:00:00 PM,7,5,2
09/08/2018 05:00:00 PM,1,1,0
09/08/2018 04:00:00 PM,11,8,3
09/08/2018 03:00:00 PM,8,7,1
09/08/2018 02:00:00 PM,11,9,2
09/08/2018 01:00:00 PM,15,11,4
09/08/2018 12:00:00 PM,4,1,3
09/08/2018 11:00:00 AM,9,6,3
09/08/2018 10:00:00 AM,4,4,0
09/08/2018 09:00:00 AM,1,0,1
09/08/2018 08:00:00 AM,0,0,0
09/08/2018 07:00:00 AM,2,2,0
09/08/2018 06:00:00 AM,0,0,0
09/08/2018 05:00:00 AM,0,0,0
09/08/2018 04:00:00 AM,0,0,0
09/08/2018 03:00:00 AM,0,0,0
09/08/2018 02:00:00 AM,0,0,0
09/08/2018 01:00:00 AM,0,0,0
09/08/2018 12:00:00 AM,0,0,0
09/07/2018 11:00:00 PM,0,0,0
09/07/2018 10:00:00 PM,0,0,0
09/07/2018 09:00:00 PM,1,1,0
09/07/2018 08:00:00 PM,2,2,0
09/07/2018 07:00:00 PM,4,2,2
09/07/2018 06:00:00 PM,3,1,2
09/07/2018 05:00:00 PM,2,1,1
09/07/2018 04:00:00 PM,4,2,2
09/07/2018 03:00:00 PM,6,4,2
09/07/2018 02:00:00 PM,5,2,3
09/07/2018 01:00:00 PM,4,3,1
09/07/2018 12:00:00 PM,3,2,1
09/07/2018 11:00:00 AM,5,4,1
09/07/2018 10:00:00 AM,2,1,1
09/07/2018 09:00:00 AM,3,2,1
09/07/2018 08:00:00 AM,10,7,3
09/07/2018 07:00:00 AM,2,2,0
09/07/2018 06:00:00 AM,1,0,1
09/07/2018 05:00:00 AM,0,0,0
09/07/2018 04:00:00 AM,0,0,0
09/07/2018 03:00:00 AM,0,0,0
09/07/2018 02:00:00 AM,0,0,0
09/07/2018 01:00:00 AM,0,0,0
09/07/2018 12:00:00 AM,0,0,0
09/06/2018 11:00:00 PM,0,0,0
09/06/2018 10:00:00 PM,2,2,0
09/06/2018 09:00:00 PM,2,1,1
09/06/2018 08:00:00 PM,7,5,2
09/06/2018 07:00:00 PM,10,6,4
09/06/2018 06:00:00 PM,15,9,6
09/06/2018 05:00:00 PM,11,6,5
09/06/2018 04:00:00 PM,9,6,3
09/06/2018 03:00:00 PM,6,3,3
09/06/2018 02:00:00 PM,10,8,2
09/06/2018 01:00:00 PM,7,4,3
09/06/2018 12:00:00 PM,2,0,2
09/06/2018 11:00:00 AM,6,2,4
09/06/2018 10:00:00 AM,5,4,1
09/06/2018 09:00:00 AM,4,2,2
09/06/2018 08:00:00 AM,8,3,5
09/06/2018 07:00:00 AM,2,0,2
09/06/2018 06:00:00 AM,2,1,1
09/06/2018 05:00:00 AM,0,0,0
09/06/2018 04:00:00 AM,0,0,0
09/06/2018 03:00:00 AM,0,0,0
09/06/2018 02:00:00 AM,0,0,0
09/06/2018 01:00:00 AM,0,0,0
09/06/2018 12:00:00 AM,1,1,0
09/05/2018 11:00:00 PM,1,1,0
09/05/2018 10:00:00 PM,2,2,0
09/05/2018 09:00:00 PM,2,2,0
09/05/2018 08:00:00 PM,2,2,0
09/05/2018 07:00:00 PM,6,6,0
09/05/2018 06:00:00 PM,12,11,1
09/05/2018 05:00:00 PM,9,5,4
09/05/2018 04:00:00 PM,6,4,2
09/05/2018 03:00:00 PM,5,2,3
09/05/2018 02:00:00 PM,6,5,1
09/05/2018 01:00:00 PM,5,3,2
09/05/2018 12:00:00 PM,17,8,9
09/05/2018 11:00:00 AM,5,4,1
09/05/2018 10:00:00 AM,5,2,3
09/05/2018 09:00:00 AM,5,3,2
09/05/2018 08:00:00 AM,3,2,1
09/05/2018 07:00:00 AM,5,5,0
09/05/2018 06:00:00 AM,1,0,1
09/05/2018 05:00:00 AM,0,0,0
09/05/2018 04:00:00 AM,0,0,0
09/05/2018 03:00:00 AM,0,0,0
09/05/2018 02:00:00 AM,0,0,0
09/05/2018 01:00:00 AM,0,0,0
09/05/2018 12:00:00 AM,0,0,0
09/04/2018 11:00:00 PM,0,0,0
09/04/2018 10:00:00 PM,0,0,0
09/04/2018 09:00:00 PM,4,3,1
09/04/2018 08:00:00 PM,4,4,0
09/04/2018 07:00:00 PM,6,4,2
09/04/2018 06:00:00 PM,10,5,5
09/04/2018 05:00:00 PM,11,10,1
09/04/2018 04:00:00 PM,8,3,5
09/04/2018 03:00:00 PM,6,2,4
09/04/2018 02:00:00 PM,8,2,6
09/04/2018 01:00:00 PM,4,0,4
09/04/2018 12:00:00 PM,3,2,1
09/04/2018 11:00:00 AM,4,1,3
09/04/2018 10:00:00 AM,2,0,2
09/04/2018 09:00:00 AM,4,3,1
09/04/2018 08:00:00 AM,6,2,4
09/04/2018 07:00:00 AM,2,2,0
09/04/2018 06:00:00 AM,2,1,1
09/04/2018 05:00:00 AM,0,0,0
09/04/2018 04:00:00 AM,0,0,0
09/04/2018 03:00:00 AM,0,0,0
09/04/2018 02:00:00 AM,1,0,1
09/04/2018 01:00:00 AM,0,0,0
09/04/2018 12:00:00 AM,0,0,0
09/03/2018 11:00:00 PM,0,0,0
09/03/2018 10:00:00 PM,1,0,1
09/03/2018 09:00:00 PM,2,0,2
09/03/2018 08:00:00 PM,7,3,4
09/03/2018 07:00:00 PM,15,10,5
09/03/2018 06:00:00 PM,10,6,4
09/03/2018 05:00:00 PM,11,10,1
09/03/2018 04:00:00 PM,13,8,5
09/03/2018 03:00:00 PM,9,6,3
09/03/2018 02:00:00 PM,9,7,2
09/03/2018 01:00:00 PM,14,8,6
09/03/2018 12:00:00 PM,10,6,4
09/03/2018 11:00:00 AM,12,5,7
09/03/2018 10:00:00 AM,6,5,1
09/03/2018 09:00:00 AM,0,0,0
09/03/2018 08:00:00 AM,1,1,0
09/03/2018 07:00:00 AM,1,1,0
09/03/2018 06:00:00 AM,1,0,1
09/03/2018 05:00:00 AM,0,0,0
09/03/2018 04:00:00 AM,0,0,0
09/03/2018 03:00:00 AM,1,0,1
09/03/2018 02:00:00 AM,0,0,0
09/03/2018 01:00:00 AM,1,0,1
09/03/2018 12:00:00 AM,0,0,0
09/02/2018 11:00:00 PM,1,0,1
09/02/2018 10:00:00 PM,0,0,0
09/02/2018 09:00:00 PM,2,2,0
09/02/2018 08:00:00 PM,4,3,1
09/02/2018 07:00:00 PM,2,2,0
09/02/2018 06:00:00 PM,9,6,3
09/02/2018 05:00:00 PM,7,5,2
09/02/2018 04:00:00 PM,7,6,1
09/02/2018 03:00:00 PM,2,1,1
09/02/2018 02:00:00 PM,8,5,3
09/02/2018 01:00:00 PM,15,8,7
09/02/2018 12:00:00 PM,11,8,3
09/02/2018 11:00:00 AM,20,12,8
09/02/2018 10:00:00 AM,7,3,4
09/02/2018 09:00:00 AM,2,1,1
09/02/2018 08:00:00 AM,2,2,0
09/02/2018 07:00:00 AM,0,0,0
09/02/2018 06:00:00 AM,2,1,1
09/02/2018 05:00:00 AM,0,0,0
09/02/2018 04:00:00 AM,0,0,0
09/02/2018 03:00:00 AM,0,0,0
09/02/2018 02:00:00 AM,0,0,0
09/02/2018 01:00:00 AM,0,0,0
09/02/2018 12:00:00 AM,5,4,1
09/01/2018 11:00:00 PM,1,0,1
09/01/2018 10:00:00 PM,3,2,1
09/01/2018 09:00:00 PM,1,1,0
09/01/2018 08:00:00 PM,3,2,1
09/01/2018 07:00:00 PM,0,0,0
09/01/2018 06:00:00 PM,12,11,1
09/01/2018 05:00:00 PM,9,4,5
09/01/2018 04:00:00 PM,14,9,5
09/01/2018 03:00:00 PM,13,11,2
09/01/2018 02:00:00 PM,8,5,3
09/01/2018 01:00:00 PM,11,2,9
09/01/2018 12:00:00 PM,9,6,3
09/01/2018 11:00:00 AM,1,1,0
09/01/2018 10:00:00 AM,6,3,3
09/01/2018 09:00:00 AM,7,5,2
09/01/2018 08:00:00 AM,3,0,3
09/01/2018 07:00:00 AM,0,0,0
09/01/2018 06:00:00 AM,1,1,0
09/01/2018 05:00:00 AM,0,0,0
09/01/2018 04:00:00 AM,0,0,0
09/01/2018 03:00:00 AM,0,0,0
09/01/2018 02:00:00 AM,0,0,0
09/01/2018 01:00:00 AM,0,0,0
09/01/2018 12:00:00 AM,4,3,1
08/31/2018 11:00:00 PM,0,0,0
08/31/2018 10:00:00 PM,1,0,1
08/31/2018 09:00:00 PM,1,1,0
08/31/2018 08:00:00 PM,5,5,0
08/31/2018 07:00:00 PM,7,5,2
08/31/2018 06:00:00 PM,6,5,1
08/31/2018 05:00:00 PM,12,6,6
08/31/2018 04:00:00 PM,6,3,3
08/31/2018 03:00:00 PM,9,3,6
08/31/2018 02:00:00 PM,8,5,3
08/31/2018 01:00:00 PM,14,6,8
08/31/2018 12:00:00 PM,8,5,3
08/31/2018 11:00:00 AM,2,0,2
08/31/2018 10:00:00 AM,5,3,2
08/31/2018 09:00:00 AM,4,2,2
08/31/2018 08:00:00 AM,3,3,0
08/31/2018 07:00:00 AM,3,2,1
08/31/2018 06:00:00 AM,0,0,0
08/31/2018 05:00:00 AM,0,0,0
08/31/2018 04:00:00 AM,0,0,0
08/31/2018 03:00:00 AM,0,0,0
08/31/2018 02:00:00 AM,2,1,1
08/31/2018 01:00:00 AM,0,0,0
08/31/2018 12:00:00 AM,1,1,0
08/30/2018 11:00:00 PM,0,0,0
08/30/2018 10:00:00 PM,1,1,0
08/30/2018 09:00:00 PM,2,2,0
08/30/2018 08:00:00 PM,3,3,0
08/30/2018 07:00:00 PM,8,6,2
08/30/2018 06:00:00 PM,16,10,6
08/30/2018 05:00:00 PM,6,2,4
08/30/2018 04:00:00 PM,10,8,2
08/30/2018 03:00:00 PM,13,10,3
08/30/2018 02:00:00 PM,7,6,1
08/30/2018 01:00:00 PM,7,7,0
08/30/2018 12:00:00 PM,1,1,0
08/30/2018 11:00:00 AM,0,0,0
08/30/2018 10:00:00 AM,2,2,0
08/30/2018 09:00:00 AM,2,0,2
08/30/2018 08:00:00 AM,1,0,1
08/30/2018 07:00:00 AM,4,1,3
08/30/2018 06:00:00 AM,2,2,0
08/30/2018 05:00:00 AM,0,0,0
08/30/2018 04:00:00 AM,1,1,0
08/30/2018 03:00:00 AM,0,0,0
08/30/2018 02:00:00 AM,0,0,0
08/30/2018 01:00:00 AM,1,1,0
08/30/2018 12:00:00 AM,1,0,1
08/29/2018 11:00:00 PM,0,0,0
08/29/2018 10:00:00 PM,0,0,0
08/29/2018 09:00:00 PM,1,1,0
08/29/2018 08:00:00 PM,3,2,1
08/29/2018 07:00:00 PM,8,7,1
08/29/2018 06:00:00 PM,12,7,5
08/29/2018 05:00:00 PM,16,13,3
08/29/2018 04:00:00 PM,14,6,8
08/29/2018 03:00:00 PM,11,7,4
08/29/2018 02:00:00 PM,6,4,2
08/29/2018 01:00:00 PM,6,4,2
08/29/2018 12:00:00 PM,7,6,1
08/29/2018 11:00:00 AM,1,1,0
08/29/2018 10:00:00 AM,8,6,2
08/29/2018 09:00:00 AM,4,2,2
08/29/2018 08:00:00 AM,3,3,0
08/29/2018 07:00:00 AM,1,0,1
08/29/2018 06:00:00 AM,0,0,0
08/29/2018 05:00:00 AM,0,0,0
08/29/2018 04:00:00 AM,0,0,0
08/29/2018 03:00:00 AM,0,0,0
08/29/2018 02:00:00 AM,0,0,0
08/29/2018 01:00:00 AM,0,0,0
08/29/2018 12:00:00 AM,0,0,0
08/28/2018 11:00:00 PM,0,0,0
08/28/2018 10:00:00 PM,2,2,0
08/28/2018 09:00:00 PM,4,3,1
08/28/2018 08:00:00 PM,3,1,2
08/28/2018 07:00:00 PM,12,7,5
08/28/2018 06:00:00 PM,11,8,3
08/28/2018 05:00:00 PM,20,15,5
08/28/2018 04:00:00 PM,7,5,2
08/28/2018 03:00:00 PM,6,4,2
08/28/2018 02:00:00 PM,6,1,5
08/28/2018 01:00:00 PM,2,0,2
08/28/2018 12:00:00 PM,8,2,6
08/28/2018 11:00:00 AM,4,2,2
08/28/2018 10:00:00 AM,6,5,1
08/28/2018 09:00:00 AM,1,0,1
08/28/2018 08:00:00 AM,2,0,2
08/28/2018 07:00:00 AM,6,2,4
08/28/2018 06:00:00 AM,0,0,0
08/28/2018 05:00:00 AM,0,0,0
08/28/2018 04:00:00 AM,0,0,0
08/28/2018 03:00:00 AM,0,0,0
08/28/2018 02:00:00 AM,1,1,0
08/28/2018 01:00:00 AM,0,0,0
08/28/2018 12:00:00 AM,0,0,0
08/27/2018 11:00:00 PM,2,0,2
08/27/2018 10:00:00 PM,2,0,2
08/27/2018 09:00:00 PM,5,1,4
08/27/2018 08:00:00 PM,3,1,2
08/27/2018 07:00:00 PM,3,0,3
08/27/2018 06:00:00 PM,7,5,2
08/27/2018 05:00:00 PM,12,3,9
08/27/2018 04:00:00 PM,18,5,13
08/27/2018 03:00:00 PM,9,1,8
08/27/2018 02:00:00 PM,9,3,6
08/27/2018 01:00:00 PM,6,0,6
08/27/2018 12:00:00 PM,12,3,9
08/27/2018 11:00:00 AM,3,1,2
08/27/2018 10:00:00 AM,4,1,3
08/27/2018 09:00:00 AM,2,1,1
08/27/2018 08:00:00 AM,1,0,1
08/27/2018 07:00:00 AM,1,1,0
08/27/2018 06:00:00 AM,1,0,1
08/27/2018 05:00:00 AM,2,1,1
08/27/2018 04:00:00 AM,0,0,0
08/27/2018 03:00:00 AM,0,0,0
08/27/2018 02:00:00 AM,0,0,0
08/27/2018 01:00:00 AM,0,0,0
08/27/2018 12:00:00 AM,0,0,0
08/26/2018 11:00:00 PM,1,0,1
08/26/2018 10:00:00 PM,1,0,1
08/26/2018 09:00:00 PM,0,0,0
08/26/2018 08:00:00 PM,3,3,0
08/26/2018 07:00:00 PM,2,2,0
08/26/2018 06:00:00 PM,4,4,0
08/26/2018 05:00:00 PM,6,4,2
08/26/2018 04:00:00 PM,2,2,0
08/26/2018 03:00:00 PM,6,3,3
08/26/2018 02:00:00 PM,2,1,1
08/26/2018 01:00:00 PM,11,6,5
08/26/2018 12:00:00 PM,8,8,0
08/26/2018 11:00:00 AM,9,7,2
08/26/2018 10:00:00 AM,6,2,4
08/26/2018 09:00:00 AM,4,2,2
08/26/2018 08:00:00 AM,1,1,0
08/26/2018 07:00:00 AM,0,0,0
08/26/2018 06:00:00 AM,1,1,0
08/26/2018 05:00:00 AM,0,0,0
08/26/2018 04:00:00 AM,0,0,0
08/26/2018 03:00:00 AM,0,0,0
08/26/2018 02:00:00 AM,0,0,0
08/26/2018 01:00:00 AM,0,0,0
08/26/2018 12:00:00 AM,0,0,0
08/25/2018 11:00:00 PM,0,0,0
08/25/2018 10:00:00 PM,1,1,0
08/25/2018 09:00:00 PM,1,1,0
08/25/2018 08:00:00 PM,3,2,1
08/25/2018 07:00:00 PM,1,1,0
08/25/2018 06:00:00 PM,1,0,1
08/25/2018 05:00:00 PM,1,1,0
08/25/2018 04:00:00 PM,5,5,0
08/25/2018 03:00:00 PM,3,1,2
08/25/2018 02:00:00 PM,2,2,0
08/25/2018 01:00:00 PM,1,1,0
08/25/2018 12:00:00 PM,2,2,0
08/25/2018 11:00:00 AM,2,1,1
08/25/2018 10:00:00 AM,1,1,0
08/25/2018 09:00:00 AM,3,0,3
08/25/2018 08:00:00 AM,2,1,1
08/25/2018 07:00:00 AM,0,0,0
08/25/2018 06:00:00 AM,1,1,0
08/25/2018 05:00:00 AM,0,0,0
08/25/2018 04:00:00 AM,0,0,0
08/25/2018 03:00:00 AM,0,0,0
08/25/2018 02:00:00 AM,0,0,0
08/25/2018 01:00:00 AM,1,1,0
08/25/2018 12:00:00 AM,0,0,0
08/24/2018 11:00:00 PM,2,0,2
08/24/2018 10:00:00 PM,0,0,0
08/24/2018 09:00:00 PM,1,1,0
08/24/2018 08:00:00 PM,4,2,2
08/24/2018 07:00:00 PM,8,7,1
08/24/2018 06:00:00 PM,9,4,5
08/24/2018 05:00:00 PM,3,1,2
08/24/2018 04:00:00 PM,7,1,6
08/24/2018 03:00:00 PM,4,2,2
08/24/2018 02:00:00 PM,5,3,2
08/24/2018 01:00:00 PM,5,4,1
08/24/2018 12:00:00 PM,1,1,0
08/24/2018 11:00:00 AM,7,2,5
08/24/2018 10:00:00 AM,6,3,3
08/24/2018 09:00:00 AM,1,0,1
08/24/2018 08:00:00 AM,2,2,0
08/24/2018 07:00:00 AM,2,2,0
08/24/2018 06:00:00 AM,0,0,0
08/24/2018 05:00:00 AM,1,0,1
08/24/2018 04:00:00 AM,0,0,0
08/24/2018 03:00:00 AM,0,0,0
08/24/2018 02:00:00 AM,0,0,0
08/24/2018 01:00:00 AM,0,0,0
08/24/2018 12:00:00 AM,3,1,2
08/23/2018 11:00:00 PM,1,0,1
08/23/2018 10:00:00 PM,5,0,5
08/23/2018 09:00:00 PM,6,2,4
08/23/2018 08:00:00 PM,9,1,8
08/23/2018 07:00:00 PM,9,3,6
08/23/2018 06:00:00 PM,4,1,3
08/23/2018 05:00:00 PM,13,6,7
08/23/2018 04:00:00 PM,7,3,4
08/23/2018 03:00:00 PM,3,1,2
08/23/2018 02:00:00 PM,6,1,5
08/23/2018 01:00:00 PM,3,0,3
08/23/2018 12:00:00 PM,3,0,3
08/23/2018 11:00:00 AM,3,1,2
08/23/2018 10:00:00 AM,1,1,0
08/23/2018 09:00:00 AM,2,0,2
08/23/2018 08:00:00 AM,2,1,1
08/23/2018 07:00:00 AM,3,1,2
08/23/2018 06:00:00 AM,2,2,0
08/23/2018 05:00:00 AM,0,0,0
08/23/2018 04:00:00 AM,0,0,0
08/23/2018 03:00:00 AM,0,0,0
08/23/2018 02:00:00 AM,0,0,0
08/23/2018 01:00:00 AM,0,0,0
08/23/2018 12:00:00 AM,0,0,0
08/22/2018 11:00:00 PM,1,1,0
08/22/2018 10:00:00 PM,0,0,0
08/22/2018 09:00:00 PM,3,3,0
08/22/2018 08:00:00 PM,1,1,0
08/22/2018 07:00:00 PM,9,6,3
08/22/2018 06:00:00 PM,5,5,0
08/22/2018 05:00:00 PM,11,7,4
08/22/2018 04:00:00 PM,9,3,6
08/22/2018 03:00:00 PM,6,2,4
08/22/2018 02:00:00 PM,6,1,5
08/22/2018 01:00:00 PM,2,0,2
08/22/2018 12:00:00 PM,10,4,6
08/22/2018 11:00:00 AM,2,1,1
08/22/2018 10:00:00 AM,6,4,2
08/22/2018 09:00:00 AM,3,0,3
08/22/2018 08:00:00 AM,2,0,2
08/22/2018 07:00:00 AM,2,2,0
08/22/2018 06:00:00 AM,1,1,0
08/22/2018 05:00:00 AM,0,0,0
08/22/2018 04:00:00 AM,0,0,0
08/22/2018 03:00:00 AM,1,0,1
08/22/2018 02:00:00 AM,0,0,0
08/22/2018 01:00:00 AM,0,0,0
08/22/2018 12:00:00 AM,1,0,1
08/21/2018 11:00:00 PM,0,0,0
08/21/2018 10:00:00 PM,6,4,2
08/21/2018 09:00:00 PM,1,1,0
08/21/2018 08:00:00 PM,10,1,9
08/21/2018 07:00:00 PM,1,0,1
08/21/2018 06:00:00 PM,8,2,6
08/21/2018 05:00:00 PM,9,2,7
08/21/2018 04:00:00 PM,9,1,8
08/21/2018 03:00:00 PM,7,3,4
08/21/2018 02:00:00 PM,5,2,3
08/21/2018 01:00:00 PM,7,2,5
08/21/2018 12:00:00 PM,13,3,10
08/21/2018 11:00:00 AM,6,3,3
08/21/2018 10:00:00 AM,1,1,0
08/21/2018 09:00:00 AM,0,0,0
08/21/2018 08:00:00 AM,2,0,2
08/21/2018 07:00:00 AM,1,0,1
08/21/2018 06:00:00 AM,2,2,0
08/21/2018 05:00:00 AM,0,0,0
08/21/2018 04:00:00 AM,0,0,0
08/21/2018 03:00:00 AM,0,0,0
08/21/2018 02:00:00 AM,0,0,0
08/21/2018 01:00:00 AM,0,0,0
08/21/2018 12:00:00 AM,0,0,0
08/20/2018 11:00:00 PM,3,1,2
08/20/2018 10:00:00 PM,2,0,2
08/20/2018 09:00:00 PM,2,1,1
08/20/2018 08:00:00 PM,1,0,1
08/20/2018 07:00:00 PM,3,1,2
08/20/2018 06:00:00 PM,9,0,9
08/20/2018 05:00:00 PM,5,1,4
08/20/2018 04:00:00 PM,4,2,2
08/20/2018 03:00:00 PM,6,4,2
08/20/2018 02:00:00 PM,3,1,2
08/20/2018 01:00:00 PM,5,0,5
08/20/2018 12:00:00 PM,2,0,2
08/20/2018 11:00:00 AM,5,1,4
08/20/2018 10:00:00 AM,2,1,1
08/20/2018 09:00:00 AM,2,0,2
08/20/2018 08:00:00 AM,2,0,2
08/20/2018 07:00:00 AM,2,0,2
08/20/2018 06:00:00 AM,1,1,0
08/20/2018 05:00:00 AM,0,0,0
08/20/2018 04:00:00 AM,1,0,1
08/20/2018 03:00:00 AM,0,0,0
08/20/2018 02:00:00 AM,0,0,0
08/20/2018 01:00:00 AM,0,0,0
08/20/2018 12:00:00 AM,0,0,0
08/19/2018 11:00:00 PM,0,0,0
08/19/2018 10:00:00 PM,1,1,0
08/19/2018 09:00:00 PM,0,0,0
08/19/2018 08:00:00 PM,1,0,1
08/19/2018 07:00:00 PM,5,5,0
08/19/2018 06:00:00 PM,6,0,6
08/19/2018 05:00:00 PM,5,1,4
08/19/2018 04:00:00 PM,4,0,4
08/19/2018 03:00:00 PM,9,4,5
08/19/2018 02:00:00 PM,11,2,9
08/19/2018 01:00:00 PM,11,3,8
08/19/2018 12:00:00 PM,9,3,6
08/19/2018 11:00:00 AM,6,0,6
08/19/2018 10:00:00 AM,13,2,11
08/19/2018 09:00:00 AM,3,0,3
08/19/2018 08:00:00 AM,1,1,0
08/19/2018 07:00:00 AM,1,0,1
08/19/2018 06:00:00 AM,0,0,0
08/19/2018 05:00:00 AM,1,1,0
08/19/2018 04:00:00 AM,2,0,2
08/19/2018 03:00:00 AM,1,0,1
08/19/2018 02:00:00 AM,6,1,5
08/19/2018 01:00:00 AM,0,0,0
08/19/2018 12:00:00 AM,1,0,1
08/18/2018 11:00:00 PM,3,1,2
08/18/2018 10:00:00 PM,2,1,1
08/18/2018 09:00:00 PM,3,0,3
08/18/2018 08:00:00 PM,2,2,0
08/18/2018 07:00:00 PM,5,3,2
08/18/2018 06:00:00 PM,8,2,6
08/18/2018 05:00:00 PM,4,0,4
08/18/2018 04:00:00 PM,2,0,2
08/18/2018 03:00:00 PM,9,5,4
08/18/2018 02:00:00 PM,7,3,4
08/18/2018 01:00:00 PM,4,2,2
08/18/2018 12:00:00 PM,4,1,3
08/18/2018 11:00:00 AM,5,2,3
08/18/2018 10:00:00 AM,6,4,2
08/18/2018 09:00:00 AM,8,4,4
08/18/2018 08:00:00 AM,5,1,4
08/18/2018 07:00:00 AM,1,0,1
08/18/2018 06:00:00 AM,1,0,1
08/18/2018 05:00:00 AM,0,0,0
08/18/2018 04:00:00 AM,0,0,0
08/18/2018 03:00:00 AM,3,0,3
08/18/2018 02:00:00 AM,1,0,1
08/18/2018 01:00:00 AM,4,0,4
08/18/2018 12:00:00 AM,4,0,4
08/17/2018 11:00:00 PM,2,0,2
08/17/2018 10:00:00 PM,3,1,2
08/17/2018 09:00:00 PM,8,1,7
08/17/2018 08:00:00 PM,7,1,6
08/17/2018 07:00:00 PM,8,3,5
08/17/2018 06:00:00 PM,11,1,10
08/17/2018 05:00:00 PM,6,1,5
08/17/2018 04:00:00 PM,7,1,6
08/17/2018 03:00:00 PM,11,4,7
08/17/2018 02:00:00 PM,7,4,3
08/17/2018 01:00:00 PM,7,2,5
08/17/2018 12:00:00 PM,2,2,0
08/17/2018 11:00:00 AM,0,0,0
08/17/2018 10:00:00 AM,4,1,3
08/17/2018 09:00:00 AM,7,0,7
08/17/2018 08:00:00 AM,7,1,6
08/17/2018 07:00:00 AM,7,0,7
08/17/2018 06:00:00 AM,5,2,3
08/17/2018 05:00:00 AM,4,2,2
08/17/2018 04:00:00 AM,1,0,1
08/17/2018 03:00:00 AM,0,0,0
08/17/2018 02:00:00 AM,0,0,0
08/17/2018 01:00:00 AM,2,0,2
08/17/2018 12:00:00 AM,0,0,0
08/16/2018 11:00:00 PM,4,0,4
08/16/2018 10:00:00 PM,8,1,7
08/16/2018 09:00:00 PM,6,0,6
08/16/2018 08:00:00 PM,8,3,5
08/16/2018 07:00:00 PM,8,1,7
08/16/2018 06:00:00 PM,12,1,11
08/16/2018 05:00:00 PM,9,1,8
08/16/2018 04:00:00 PM,11,4,7
08/16/2018 03:00:00 PM,7,3,4
08/16/2018 02:00:00 PM,6,2,4
08/16/2018 01:00:00 PM,5,0,5
08/16/2018 12:00:00 PM,4,0,4
08/16/2018 11:00:00 AM,7,1,6
08/16/2018 10:00:00 AM,7,0,7
08/16/2018 09:00:00 AM,3,1,2
08/16/2018 08:00:00 AM,1,1,0
08/16/2018 07:00:00 AM,2,0,2
08/16/2018 06:00:00 AM,2,1,1
08/16/2018 05:00:00 AM,0,0,0
08/16/2018 04:00:00 AM,0,0,0
08/16/2018 03:00:00 AM,0,0,0
08/16/2018 02:00:00 AM,0,0,0
08/16/2018 01:00:00 AM,0,0,0
08/16/2018 12:00:00 AM,0,0,0
08/15/2018 11:00:00 PM,0,0,0
08/15/2018 10:00:00 PM,2,0,2
08/15/2018 09:00:00 PM,5,1,4
08/15/2018 08:00:00 PM,6,2,4
08/15/2018 07:00:00 PM,5,1,4
08/15/2018 06:00:00 PM,4,3,1
08/15/2018 05:00:00 PM,8,0,8
08/15/2018 04:00:00 PM,12,1,11
08/15/2018 03:00:00 PM,9,4,5
08/15/2018 02:00:00 PM,10,0,10
08/15/2018 01:00:00 PM,12,1,11
08/15/2018 12:00:00 PM,4,0,4
08/15/2018 11:00:00 AM,7,1,6
08/15/2018 10:00:00 AM,5,0,5
08/15/2018 09:00:00 AM,4,0,4
08/15/2018 08:00:00 AM,9,0,9
08/15/2018 07:00:00 AM,7,1,6
08/15/2018 06:00:00 AM,4,1,3
08/15/2018 05:00:00 AM,1,0,1
08/15/2018 04:00:00 AM,1,0,1
08/15/2018 03:00:00 AM,0,0,0
08/15/2018 02:00:00 AM,1,0,1
08/15/2018 01:00:00 AM,0,0,0
08/15/2018 12:00:00 AM,1,0,1
08/14/2018 11:00:00 PM,1,0,1
08/14/2018 10:00:00 PM,7,0,7
08/14/2018 09:00:00 PM,5,1,4
08/14/2018 08:00:00 PM,10,4,6
08/14/2018 07:00:00 PM,4,2,2
08/14/2018 06:00:00 PM,8,2,6
08/14/2018 05:00:00 PM,10,1,9
08/14/2018 04:00:00 PM,8,0,8
08/14/2018 03:00:00 PM,10,0,10
08/14/2018 02:00:00 PM,6,1,5
08/14/2018 01:00:00 PM,7,0,7
08/14/2018 12:00:00 PM,10,0,10
08/14/2018 11:00:00 AM,7,0,7
08/14/2018 10:00:00 AM,6,1,5
08/14/2018 09:00:00 AM,2,1,1
08/14/2018 08:00:00 AM,8,1,7
08/14/2018 07:00:00 AM,4,1,3
08/14/2018 06:00:00 AM,1,0,1
08/14/2018 05:00:00 AM,0,0,0
08/14/2018 04:00:00 AM,0,0,0
08/14/2018 03:00:00 AM,0,0,0
08/14/2018 02:00:00 AM,1,0,1
08/14/2018 01:00:00 AM,0,0,0
08/14/2018 12:00:00 AM,0,0,0
08/13/2018 11:00:00 PM,0,0,0
08/13/2018 10:00:00 PM,1,1,0
08/13/2018 09:00:00 PM,4,1,3
08/13/2018 08:00:00 PM,3,0,3
08/13/2018 07:00:00 PM,8,1,7
08/13/2018 06:00:00 PM,10,2,8
08/13/2018 05:00:00 PM,9,3,6
08/13/2018 04:00:00 PM,10,0,10
08/13/2018 03:00:00 PM,5,1,4
08/13/2018 02:00:00 PM,9,3,6
08/13/2018 01:00:00 PM,8,1,7
08/13/2018 12:00:00 PM,6,0,6
08/13/2018 11:00:00 AM,6,2,4
08/13/2018 10:00:00 AM,7,1,6
08/13/2018 09:00:00 AM,10,2,8
08/13/2018 08:00:00 AM,11,1,10
08/13/2018 07:00:00 AM,7,0,7
08/13/2018 06:00:00 AM,5,0,5
08/13/2018 05:00:00 AM,2,0,2
08/13/2018 04:00:00 AM,0,0,0
08/13/2018 03:00:00 AM,1,0,1
08/13/2018 02:00:00 AM,1,0,1
08/13/2018 01:00:00 AM,1,0,1
08/13/2018 12:00:00 AM,3,0,3
08/12/2018 11:00:00 PM,4,1,3
08/12/2018 10:00:00 PM,4,0,4
08/12/2018 09:00:00 PM,2,1,1
08/12/2018 08:00:00 PM,5,0,5
08/12/2018 07:00:00 PM,4,0,4
08/12/2018 06:00:00 PM,7,1,6
08/12/2018 05:00:00 PM,9,3,6
08/12/2018 04:00:00 PM,11,1,10
08/12/2018 03:00:00 PM,7,3,4
08/12/2018 02:00:00 PM,12,3,9
08/12/2018 01:00:00 PM,14,3,11
08/12/2018 12:00:00 PM,10,3,7
08/12/2018 11:00:00 AM,3,1,2
08/12/2018 10:00:00 AM,4,0,4
08/12/2018 09:00:00 AM,8,1,7
08/12/2018 08:00:00 AM,3,0,3
08/12/2018 07:00:00 AM,1,1,0
08/12/2018 06:00:00 AM,0,0,0
08/12/2018 05:00:00 AM,1,0,1
08/12/2018 04:00:00 AM,1,0,1
08/12/2018 03:00:00 AM,1,0,1
08/12/2018 02:00:00 AM,2,0,2
08/12/2018 01:00:00 AM,3,1,2
08/12/2018 12:00:00 AM,4,1,3
08/11/2018 11:00:00 PM,2,0,2
08/11/2018 10:00:00 PM,1,1,0
08/11/2018 09:00:00 PM,3,1,2
08/11/2018 08:00:00 PM,7,2,5
08/11/2018 07:00:00 PM,1,0,1
08/11/2018 06:00:00 PM,7,3,4
08/11/2018 05:00:00 PM,10,3,7
08/11/2018 04:00:00 PM,8,1,7
08/11/2018 03:00:00 PM,11,0,11
08/11/2018 02:00:00 PM,11,1,10
08/11/2018 01:00:00 PM,13,4,9
08/11/2018 12:00:00 PM,7,2,5
08/11/2018 11:00:00 AM,8,3,5
08/11/2018 10:00:00 AM,7,1,6
08/11/2018 09:00:00 AM,6,0,6
08/11/2018 08:00:00 AM,3,0,3
08/11/2018 07:00:00 AM,0,0,0
08/11/2018 06:00:00 AM,1,0,1
08/11/2018 05:00:00 AM,0,0,0
08/11/2018 04:00:00 AM,2,1,1
08/11/2018 03:00:00 AM,1,0,1
08/11/2018 02:00:00 AM,3,0,3
08/11/2018 01:00:00 AM,1,0,1
08/11/2018 12:00:00 AM,4,0,4
08/10/2018 11:00:00 PM,3,0,3
08/10/2018 10:00:00 PM,4,2,2
08/10/2018 09:00:00 PM,3,1,2
08/10/2018 08:00:00 PM,6,4,2
08/10/2018 07:00:00 PM,6,0,6
08/10/2018 06:00:00 PM,8,3,5
08/10/2018 05:00:00 PM,8,0,8
08/10/2018 04:00:00 PM,7,2,5
08/10/2018 03:00:00 PM,5,1,4
08/10/2018 02:00:00 PM,8,1,7
08/10/2018 01:00:00 PM,6,1,5
08/10/2018 12:00:00 PM,7,1,6
08/10/2018 11:00:00 AM,10,2,8
08/10/2018 10:00:00 AM,8,0,8
08/10/2018 09:00:00 AM,11,0,11
08/10/2018 08:00:00 AM,9,1,8
08/10/2018 07:00:00 AM,1,0,1
08/10/2018 06:00:00 AM,3,0,3
08/10/2018 05:00:00 AM,0,0,0
08/10/2018 04:00:00 AM,0,0,0
08/10/2018 03:00:00 AM,0,0,0
08/10/2018 02:00:00 AM,0,0,0
08/10/2018 01:00:00 AM,0,0,0
08/10/2018 12:00:00 AM,1,0,1
08/09/2018 11:00:00 PM,1,0,1
08/09/2018 10:00:00 PM,2,0,2
08/09/2018 09:00:00 PM,2,1,1
08/09/2018 08:00:00 PM,7,3,4
08/09/2018 07:00:00 PM,10,3,7
08/09/2018 06:00:00 PM,14,4,10
08/09/2018 05:00:00 PM,6,2,4
08/09/2018 04:00:00 PM,6,0,6
08/09/2018 03:00:00 PM,14,1,13
08/09/2018 02:00:00 PM,11,1,10
08/09/2018 01:00:00 PM,8,0,8
08/09/2018 12:00:00 PM,7,0,7
08/09/2018 11:00:00 AM,9,2,7
08/09/2018 10:00:00 AM,6,0,6
08/09/2018 09:00:00 AM,8,0,8
08/09/2018 08:00:00 AM,2,0,2
08/09/2018 07:00:00 AM,4,0,4
08/09/2018 06:00:00 AM,1,0,1
08/09/2018 05:00:00 AM,0,0,0
08/09/2018 04:00:00 AM,0,0,0
08/09/2018 03:00:00 AM,0,0,0
08/09/2018 02:00:00 AM,1,1,0
08/09/2018 01:00:00 AM,1,0,1
08/09/2018 12:00:00 AM,1,0,1
08/08/2018 11:00:00 PM,4,0,4
08/08/2018 10:00:00 PM,4,2,2
08/08/2018 09:00:00 PM,3,0,3
08/08/2018 08:00:00 PM,8,0,8
08/08/2018 07:00:00 PM,9,2,7
08/08/2018 06:00:00 PM,10,1,9
08/08/2018 05:00:00 PM,6,0,6
08/08/2018 04:00:00 PM,14,0,14
08/08/2018 03:00:00 PM,12,1,11
08/08/2018 02:00:00 PM,10,0,10
08/08/2018 01:00:00 PM,12,1,11
08/08/2018 12:00:00 PM,7,0,7
08/08/2018 11:00:00 AM,9,2,7
08/08/2018 10:00:00 AM,6,0,6
08/08/2018 09:00:00 AM,4,0,4
08/08/2018 08:00:00 AM,10,1,9
08/08/2018 07:00:00 AM,4,0,4
08/08/2018 06:00:00 AM,7,3,4
08/08/2018 05:00:00 AM,1,0,1
08/08/2018 04:00:00 AM,1,0,1
08/08/2018 03:00:00 AM,0,0,0
08/08/2018 02:00:00 AM,4,0,4
08/08/2018 01:00:00 AM,1,0,1
08/08/2018 12:00:00 AM,1,0,1
08/07/2018 11:00:00 PM,6,1,5
08/07/2018 10:00:00 PM,9,1,8
08/07/2018 09:00:00 PM,2,0,2
08/07/2018 08:00:00 PM,2,1,1
08/07/2018 07:00:00 PM,6,2,4
08/07/2018 06:00:00 PM,9,4,5
08/07/2018 05:00:00 PM,17,2,15
08/07/2018 04:00:00 PM,7,0,7
08/07/2018 03:00:00 PM,18,4,14
08/07/2018 02:00:00 PM,14,1,13
08/07/2018 01:00:00 PM,10,1,9
08/07/2018 12:00:00 PM,13,3,10
08/07/2018 11:00:00 AM,12,1,11
08/07/2018 10:00:00 AM,8,0,8
08/07/2018 09:00:00 AM,7,0,7
08/07/2018 08:00:00 AM,4,0,4
08/07/2018 07:00:00 AM,6,0,6
08/07/2018 06:00:00 AM,3,0,3
08/07/2018 05:00:00 AM,0,0,0
08/07/2018 04:00:00 AM,0,0,0
08/07/2018 03:00:00 AM,2,1,1
08/07/2018 02:00:00 AM,0,0,0
08/07/2018 01:00:00 AM,0,0,0
08/07/2018 12:00:00 AM,0,0,0
08/06/2018 11:00:00 PM,2,0,2
08/06/2018 10:00:00 PM,7,0,7
08/06/2018 09:00:00 PM,6,1,5
08/06/2018 08:00:00 PM,2,0,2
08/06/2018 07:00:00 PM,7,2,5
08/06/2018 06:00:00 PM,5,2,3
08/06/2018 05:00:00 PM,8,0,8
08/06/2018 04:00:00 PM,8,1,7
08/06/2018 03:00:00 PM,9,1,8
08/06/2018 02:00:00 PM,8,1,7
08/06/2018 01:00:00 PM,6,0,6
08/06/2018 12:00:00 PM,9,1,8
08/06/2018 11:00:00 AM,10,4,6
08/06/2018 10:00:00 AM,3,0,3
08/06/2018 09:00:00 AM,11,1,10
08/06/2018 08:00:00 AM,4,0,4
08/06/2018 07:00:00 AM,7,2,5
08/06/2018 06:00:00 AM,5,1,4
08/06/2018 05:00:00 AM,2,0,2
08/06/2018 04:00:00 AM,0,0,0
08/06/2018 03:00:00 AM,1,0,1
08/06/2018 02:00:00 AM,2,0,2
08/06/2018 01:00:00 AM,0,0,0
08/06/2018 12:00:00 AM,2,1,1
08/05/2018 11:00:00 PM,1,0,1
08/05/2018 10:00:00 PM,2,0,2
08/05/2018 09:00:00 PM,8,2,6
08/05/2018 08:00:00 PM,9,3,6
08/05/2018 07:00:00 PM,9,2,7
08/05/2018 06:00:00 PM,10,2,8
08/05/2018 05:00:00 PM,15,1,14
08/05/2018 04:00:00 PM,10,1,9
08/05/2018 03:00:00 PM,12,1,11
08/05/2018 02:00:00 PM,13,2,11
08/05/2018 01:00:00 PM,8,1,7
08/05/2018 12:00:00 PM,10,1,9
08/05/2018 11:00:00 AM,8,5,3
08/05/2018 10:00:00 AM,7,3,4
08/05/2018 09:00:00 AM,6,1,5
08/05/2018 08:00:00 AM,4,0,4
08/05/2018 07:00:00 AM,3,0,3
08/05/2018 06:00:00 AM,1,0,1
08/05/2018 05:00:00 AM,0,0,0
08/05/2018 04:00:00 AM,1,0,1
08/05/2018 03:00:00 AM,0,0,0
08/05/2018 02:00:00 AM,4,0,4
08/05/2018 01:00:00 AM,4,1,3
08/05/2018 12:00:00 AM,6,0,6
08/04/2018 11:00:00 PM,1,0,1
08/04/2018 10:00:00 PM,5,0,5
08/04/2018 09:00:00 PM,5,3,2
08/04/2018 08:00:00 PM,4,0,4
08/04/2018 07:00:00 PM,2,1,1
08/04/2018 06:00:00 PM,7,2,5
08/04/2018 05:00:00 PM,8,0,8
08/04/2018 04:00:00 PM,15,1,14
08/04/2018 03:00:00 PM,12,0,12
08/04/2018 02:00:00 PM,12,2,10
08/04/2018 01:00:00 PM,13,4,9
08/04/2018 12:00:00 PM,6,0,6
08/04/2018 11:00:00 AM,13,2,11
08/04/2018 10:00:00 AM,6,0,6
08/04/2018 09:00:00 AM,10,1,9
08/04/2018 08:00:00 AM,6,0,6
08/04/2018 07:00:00 AM,4,1,3
08/04/2018 06:00:00 AM,1,0,1
08/04/2018 05:00:00 AM,1,0,1
08/04/2018 04:00:00 AM,1,0,1
08/04/2018 03:00:00 AM,0,0,0
08/04/2018 02:00:00 AM,0,0,0
08/04/2018 01:00:00 AM,0,0,0
08/04/2018 12:00:00 AM,1,0,1
08/03/2018 11:00:00 PM,2,0,2
08/03/2018 10:00:00 PM,5,0,5
08/03/2018 09:00:00 PM,5,0,5
08/03/2018 08:00:00 PM,5,3,2
08/03/2018 07:00:00 PM,9,3,6
08/03/2018 06:00:00 PM,11,2,9
08/03/2018 05:00:00 PM,13,1,12
08/03/2018 04:00:00 PM,4,0,4
08/03/2018 03:00:00 PM,5,1,4
08/03/2018 02:00:00 PM,14,1,13
08/03/2018 01:00:00 PM,4,0,4
08/03/2018 12:00:00 PM,12,3,9
08/03/2018 11:00:00 AM,5,1,4
08/03/2018 10:00:00 AM,5,2,3
08/03/2018 09:00:00 AM,2,2,0
08/03/2018 08:00:00 AM,1,1,0
08/03/2018 07:00:00 AM,2,0,2
08/03/2018 06:00:00 AM,0,0,0
08/03/2018 05:00:00 AM,0,0,0
08/03/2018 04:00:00 AM,0,0,0
08/03/2018 03:00:00 AM,0,0,0
08/03/2018 02:00:00 AM,1,0,1
08/03/2018 01:00:00 AM,2,0,2
08/03/2018 12:00:00 AM,0,0,0
08/02/2018 11:00:00 PM,3,0,3
08/02/2018 10:00:00 PM,1,0,1
08/02/2018 09:00:00 PM,2,1,1
08/02/2018 08:00:00 PM,4,2,2
08/02/2018 07:00:00 PM,11,1,10
08/02/2018 06:00:00 PM,6,1,5
08/02/2018 05:00:00 PM,7,2,5
08/02/2018 04:00:00 PM,7,2,5
08/02/2018 03:00:00 PM,3,1,2
08/02/2018 02:00:00 PM,3,1,2
08/02/2018 01:00:00 PM,0,0,0
08/02/2018 12:00:00 PM,3,2,1
08/02/2018 11:00:00 AM,4,1,3
08/02/2018 10:00:00 AM,4,3,1
08/02/2018 09:00:00 AM,3,1,2
08/02/2018 08:00:00 AM,3,2,1
08/02/2018 07:00:00 AM,3,1,2
08/02/2018 06:00:00 AM,2,1,1
08/02/2018 05:00:00 AM,0,0,0
08/02/2018 04:00:00 AM,1,0,1
08/02/2018 03:00:00 AM,0,0,0
08/02/2018 02:00:00 AM,2,0,2
08/02/2018 01:00:00 AM,2,0,2
08/02/2018 12:00:00 AM,2,0,2
08/01/2018 11:00:00 PM,1,0,1
08/01/2018 10:00:00 PM,4,0,4
08/01/2018 09:00:00 PM,10,3,7
08/01/2018 08:00:00 PM,4,2,2
08/01/2018 07:00:00 PM,7,3,4
08/01/2018 06:00:00 PM,10,4,6
08/01/2018 05:00:00 PM,16,2,14
08/01/2018 04:00:00 PM,13,0,13
08/01/2018 03:00:00 PM,11,1,10
08/01/2018 02:00:00 PM,5,1,4
08/01/2018 01:00:00 PM,14,1,13
08/01/2018 12:00:00 PM,11,5,6
08/01/2018 11:00:00 AM,12,1,11
08/01/2018 10:00:00 AM,9,0,9
08/01/2018 09:00:00 AM,8,2,6
08/01/2018 08:00:00 AM,7,2,5
08/01/2018 07:00:00 AM,4,1,3
08/01/2018 06:00:00 AM,3,1,2
08/01/2018 05:00:00 AM,1,0,1
08/01/2018 04:00:00 AM,1,0,1
08/01/2018 03:00:00 AM,0,0,0
08/01/2018 02:00:00 AM,1,0,1
08/01/2018 01:00:00 AM,1,0,1
08/01/2018 12:00:00 AM,1,1,0
07/31/2018 11:00:00 PM,3,0,3
07/31/2018 10:00:00 PM,4,0,4
07/31/2018 09:00:00 PM,7,1,6
07/31/2018 08:00:00 PM,8,4,4
07/31/2018 07:00:00 PM,8,1,7
07/31/2018 06:00:00 PM,11,4,7
07/31/2018 05:00:00 PM,8,0,8
07/31/2018 04:00:00 PM,15,2,13
07/31/2018 03:00:00 PM,8,1,7
07/31/2018 02:00:00 PM,8,2,6
07/31/2018 01:00:00 PM,7,0,7
07/31/2018 12:00:00 PM,9,1,8
07/31/2018 11:00:00 AM,4,0,4
07/31/2018 10:00:00 AM,4,0,4
07/31/2018 09:00:00 AM,7,1,6
07/31/2018 08:00:00 AM,5,1,4
07/31/2018 07:00:00 AM,3,1,2
07/31/2018 06:00:00 AM,3,0,3
07/31/2018 05:00:00 AM,3,1,2
07/31/2018 04:00:00 AM,1,0,1
07/31/2018 03:00:00 AM,1,0,1
07/31/2018 02:00:00 AM,0,0,0
07/31/2018 01:00:00 AM,0,0,0
07/31/2018 12:00:00 AM,0,0,0
07/30/2018 11:00:00 PM,2,0,2
07/30/2018 10:00:00 PM,4,2,2
07/30/2018 09:00:00 PM,5,2,3
07/30/2018 08:00:00 PM,4,1,3
07/30/2018 07:00:00 PM,11,4,7
07/30/2018 06:00:00 PM,4,2,2
07/30/2018 05:00:00 PM,9,3,6
07/30/2018 04:00:00 PM,14,4,10
07/30/2018 03:00:00 PM,14,2,12
07/30/2018 02:00:00 PM,8,1,7
07/30/2018 01:00:00 PM,10,0,10
07/30/2018 12:00:00 PM,8,0,8
07/30/2018 11:00:00 AM,6,0,6
07/30/2018 10:00:00 AM,6,1,5
07/30/2018 09:00:00 AM,12,0,12
07/30/2018 08:00:00 AM,5,0,5
07/30/2018 07:00:00 AM,9,2,7
07/30/2018 06:00:00 AM,4,0,4
07/30/2018 05:00:00 AM,1,0,1
07/30/2018 04:00:00 AM,0,0,0
07/30/2018 03:00:00 AM,0,0,0
07/30/2018 02:00:00 AM,0,0,0
07/30/2018 01:00:00 AM,2,0,2
07/30/2018 12:00:00 AM,4,0,4
07/29/2018 11:00:00 PM,6,0,6
07/29/2018 10:00:00 PM,3,0,3
07/29/2018 09:00:00 PM,12,1,11
07/29/2018 08:00:00 PM,5,1,4
07/29/2018 07:00:00 PM,8,1,7
07/29/2018 06:00:00 PM,8,1,7
07/29/2018 05:00:00 PM,10,0,10
07/29/2018 04:00:00 PM,15,4,11
07/29/2018 03:00:00 PM,10,0,10
07/29/2018 02:00:00 PM,16,1,15
07/29/2018 01:00:00 PM,9,4,5
07/29/2018 12:00:00 PM,5,0,5
07/29/2018 11:00:00 AM,13,4,9
07/29/2018 10:00:00 AM,6,4,2
07/29/2018 09:00:00 AM,7,0,7
07/29/2018 08:00:00 AM,4,1,3
07/29/2018 07:00:00 AM,3,1,2
07/29/2018 06:00:00 AM,1,0,1
07/29/2018 05:00:00 AM,0,0,0
07/29/2018 04:00:00 AM,0,0,0
07/29/2018 03:00:00 AM,0,0,0
07/29/2018 02:00:00 AM,3,0,3
07/29/2018 01:00:00 AM,1,0,1
07/29/2018 12:00:00 AM,2,0,2
07/28/2018 11:00:00 PM,8,0,8
07/28/2018 10:00:00 PM,7,0,7
07/28/2018 09:00:00 PM,8,0,8
07/28/2018 08:00:00 PM,4,0,4
07/28/2018 07:00:00 PM,11,5,6
07/28/2018 06:00:00 PM,6,2,4
07/28/2018 05:00:00 PM,12,0,12
07/28/2018 04:00:00 PM,5,0,5
07/28/2018 03:00:00 PM,8,0,8
07/28/2018 02:00:00 PM,11,0,11
07/28/2018 01:00:00 PM,9,0,9
07/28/2018 12:00:00 PM,8,0,8
07/28/2018 11:00:00 AM,13,3,10
07/28/2018 10:00:00 AM,14,2,12
07/28/2018 09:00:00 AM,7,1,6
07/28/2018 08:00:00 AM,2,0,2
07/28/2018 07:00:00 AM,5,0,5
07/28/2018 06:00:00 AM,0,0,0
07/28/2018 05:00:00 AM,2,1,1
07/28/2018 04:00:00 AM,1,0,1
07/28/2018 03:00:00 AM,1,0,1
07/28/2018 02:00:00 AM,4,1,3
07/28/2018 01:00:00 AM,3,0,3
07/28/2018 12:00:00 AM,2,0,2
07/27/2018 11:00:00 PM,5,1,4
07/27/2018 10:00:00 PM,6,0,6
07/27/2018 09:00:00 PM,4,0,4
07/27/2018 08:00:00 PM,7,1,6
07/27/2018 07:00:00 PM,12,1,11
07/27/2018 06:00:00 PM,8,2,6
07/27/2018 05:00:00 PM,21,5,16
07/27/2018 04:00:00 PM,12,0,12
07/27/2018 03:00:00 PM,12,3,9
07/27/2018 02:00:00 PM,14,1,13
07/27/2018 01:00:00 PM,18,2,16
07/27/2018 12:00:00 PM,9,0,9
07/27/2018 11:00:00 AM,7,2,5
07/27/2018 10:00:00 AM,8,0,8
07/27/2018 09:00:00 AM,9,1,8
07/27/2018 08:00:00 AM,8,0,8
07/27/2018 07:00:00 AM,9,0,9
07/27/2018 06:00:00 AM,4,0,4
07/27/2018 05:00:00 AM,0,0,0
07/27/2018 04:00:00 AM,2,0,2
07/27/2018 03:00:00 AM,1,0,1
07/27/2018 02:00:00 AM,1,0,1
07/27/2018 01:00:00 AM,2,1,1
07/27/2018 12:00:00 AM,6,0,6
07/26/2018 11:00:00 PM,6,0,6
07/26/2018 10:00:00 PM,6,1,5
07/26/2018 09:00:00 PM,8,1,7
07/26/2018 08:00:00 PM,5,0,5
07/26/2018 07:00:00 PM,9,1,8
07/26/2018 06:00:00 PM,23,2,21
07/26/2018 05:00:00 PM,13,4,9
07/26/2018 04:00:00 PM,13,0,13
07/26/2018 03:00:00 PM,11,1,10
07/26/2018 02:00:00 PM,13,1,12
07/26/2018 01:00:00 PM,11,2,9
07/26/2018 12:00:00 PM,7,3,4
07/26/2018 11:00:00 AM,9,4,5
07/26/2018 10:00:00 AM,3,1,2
07/26/2018 09:00:00 AM,7,1,6
07/26/2018 08:00:00 AM,2,2,0
07/26/2018 07:00:00 AM,3,0,3
07/26/2018 06:00:00 AM,0,0,0
07/26/2018 05:00:00 AM,2,0,2
07/26/2018 04:00:00 AM,2,0,2
07/26/2018 03:00:00 AM,0,0,0
07/26/2018 02:00:00 AM,0,0,0
07/26/2018 01:00:00 AM,1,1,0
07/26/2018 12:00:00 AM,4,1,3
07/25/2018 11:00:00 PM,4,0,4
07/25/2018 10:00:00 PM,2,0,2
07/25/2018 09:00:00 PM,4,1,3
07/25/2018 08:00:00 PM,6,0,6
07/25/2018 07:00:00 PM,11,2,9
07/25/2018 06:00:00 PM,19,3,16
07/25/2018 05:00:00 PM,14,1,13
07/25/2018 04:00:00 PM,18,2,16
07/25/2018 03:00:00 PM,14,0,14
07/25/2018 02:00:00 PM,12,2,10
07/25/2018 01:00:00 PM,8,1,7
07/25/2018 12:00:00 PM,5,0,5
07/25/2018 11:00:00 AM,11,0,11
07/25/2018 10:00:00 AM,9,2,7
07/25/2018 09:00:00 AM,2,0,2
07/25/2018 08:00:00 AM,7,3,4
07/25/2018 07:00:00 AM,6,2,4
07/25/2018 06:00:00 AM,5,1,4
07/25/2018 05:00:00 AM,2,0,2
07/25/2018 04:00:00 AM,0,0,0
07/25/2018 03:00:00 AM,0,0,0
07/25/2018 02:00:00 AM,0,0,0
07/25/2018 01:00:00 AM,2,0,2
07/25/2018 12:00:00 AM,1,0,1
07/24/2018 11:00:00 PM,3,0,3
07/24/2018 10:00:00 PM,3,1,2
07/24/2018 09:00:00 PM,4,2,2
07/24/2018 08:00:00 PM,6,0,6
07/24/2018 07:00:00 PM,7,0,7
07/24/2018 06:00:00 PM,8,4,4
07/24/2018 05:00:00 PM,8,1,7
07/24/2018 04:00:00 PM,9,0,9
07/24/2018 03:00:00 PM,14,3,11
07/24/2018 02:00:00 PM,11,1,10
07/24/2018 01:00:00 PM,6,0,6
07/24/2018 12:00:00 PM,9,2,7
07/24/2018 11:00:00 AM,9,2,7
07/24/2018 10:00:00 AM,4,0,4
07/24/2018 09:00:00 AM,3,0,3
07/24/2018 08:00:00 AM,11,3,8
07/24/2018 07:00:00 AM,5,0,5
07/24/2018 06:00:00 AM,5,0,5
07/24/2018 05:00:00 AM,0,0,0
07/24/2018 04:00:00 AM,0,0,0
07/24/2018 03:00:00 AM,0,0,0
07/24/2018 02:00:00 AM,0,0,0
07/24/2018 01:00:00 AM,0,0,0
07/24/2018 12:00:00 AM,2,0,2
07/23/2018 11:00:00 PM,1,0,1
07/23/2018 10:00:00 PM,0,0,0
07/23/2018 09:00:00 PM,7,2,5
07/23/2018 08:00:00 PM,12,1,11
07/23/2018 07:00:00 PM,13,5,8
07/23/2018 06:00:00 PM,14,1,13
07/23/2018 05:00:00 PM,20,1,19
07/23/2018 04:00:00 PM,14,2,12
07/23/2018 03:00:00 PM,5,1,4
07/23/2018 02:00:00 PM,13,2,11
07/23/2018 01:00:00 PM,12,2,10
07/23/2018 12:00:00 PM,10,2,8
07/23/2018 11:00:00 AM,5,1,4
07/23/2018 10:00:00 AM,8,1,7
07/23/2018 09:00:00 AM,3,0,3
07/23/2018 08:00:00 AM,6,1,5
07/23/2018 07:00:00 AM,8,0,8
07/23/2018 06:00:00 AM,5,0,5
07/23/2018 05:00:00 AM,1,0,1
07/23/2018 04:00:00 AM,0,0,0
07/23/2018 03:00:00 AM,0,0,0
07/23/2018 02:00:00 AM,1,0,1
07/23/2018 01:00:00 AM,0,0,0
07/23/2018 12:00:00 AM,4,0,4
07/22/2018 11:00:00 PM,6,1,5
07/22/2018 10:00:00 PM,7,1,6
07/22/2018 09:00:00 PM,5,1,4
07/22/2018 08:00:00 PM,5,0,5
07/22/2018 07:00:00 PM,7,1,6
07/22/2018 06:00:00 PM,10,1,9
07/22/2018 05:00:00 PM,8,1,7
07/22/2018 04:00:00 PM,12,3,9
07/22/2018 03:00:00 PM,10,2,8
07/22/2018 02:00:00 PM,13,2,11
07/22/2018 01:00:00 PM,20,2,18
07/22/2018 12:00:00 PM,14,1,13
07/22/2018 11:00:00 AM,13,2,11
07/22/2018 10:00:00 AM,8,2,6
07/22/2018 09:00:00 AM,9,1,8
07/22/2018 08:00:00 AM,7,1,6
07/22/2018 07:00:00 AM,2,1,1
07/22/2018 06:00:00 AM,0,0,0
07/22/2018 05:00:00 AM,2,0,2
07/22/2018 04:00:00 AM,0,0,0
07/22/2018 03:00:00 AM,0,0,0
07/22/2018 02:00:00 AM,4,1,3
07/22/2018 01:00:00 AM,3,0,3
07/22/2018 12:00:00 AM,8,2,6
07/21/2018 11:00:00 PM,5,2,3
07/21/2018 10:00:00 PM,2,1,1
07/21/2018 09:00:00 PM,4,0,4
07/21/2018 08:00:00 PM,6,3,3
07/21/2018 07:00:00 PM,8,3,5
07/21/2018 06:00:00 PM,11,1,10
07/21/2018 05:00:00 PM,11,0,11
07/21/2018 04:00:00 PM,13,2,11
07/21/2018 03:00:00 PM,13,1,12
07/21/2018 02:00:00 PM,12,3,9
07/21/2018 01:00:00 PM,13,3,10
07/21/2018 12:00:00 PM,7,2,5
07/21/2018 11:00:00 AM,12,0,12
07/21/2018 10:00:00 AM,12,1,11
07/21/2018 09:00:00 AM,7,0,7
07/21/2018 08:00:00 AM,2,0,2
07/21/2018 07:00:00 AM,2,0,2
07/21/2018 06:00:00 AM,1,0,1
07/21/2018 05:00:00 AM,0,0,0
07/21/2018 04:00:00 AM,3,0,3
07/21/2018 03:00:00 AM,4,0,4
07/21/2018 02:00:00 AM,0,0,0
07/21/2018 01:00:00 AM,3,0,3
07/21/2018 12:00:00 AM,10,0,10
07/20/2018 11:00:00 PM,2,0,2
07/20/2018 10:00:00 PM,7,0,7
07/20/2018 09:00:00 PM,13,0,13
07/20/2018 08:00:00 PM,7,2,5
07/20/2018 07:00:00 PM,15,3,12
07/20/2018 06:00:00 PM,11,2,9
07/20/2018 05:00:00 PM,12,1,11
07/20/2018 04:00:00 PM,15,0,15
07/20/2018 03:00:00 PM,13,3,10
07/20/2018 02:00:00 PM,9,0,9
07/20/2018 01:00:00 PM,10,0,10
07/20/2018 12:00:00 PM,18,2,16
07/20/2018 11:00:00 AM,12,0,12
07/20/2018 10:00:00 AM,12,2,10
07/20/2018 09:00:00 AM,7,0,7
07/20/2018 08:00:00 AM,6,0,6
07/20/2018 07:00:00 AM,6,0,6
07/20/2018 06:00:00 AM,8,0,8
07/20/2018 05:00:00 AM,3,0,3
07/20/2018 04:00:00 AM,0,0,0
07/20/2018 03:00:00 AM,2,0,2
07/20/2018 02:00:00 AM,0,0,0
07/20/2018 01:00:00 AM,2,0,2
07/20/2018 12:00:00 AM,0,0,0
07/19/2018 11:00:00 PM,9,0,9
07/19/2018 10:00:00 PM,8,0,8
07/19/2018 09:00:00 PM,8,3,5
07/19/2018 08:00:00 PM,6,0,6
07/19/2018 07:00:00 PM,10,0,10
07/19/2018 06:00:00 PM,10,1,9
07/19/2018 05:00:00 PM,16,1,15
07/19/2018 04:00:00 PM,6,1,5
07/19/2018 03:00:00 PM,9,0,9
07/19/2018 02:00:00 PM,7,2,5
07/19/2018 01:00:00 PM,13,4,9
07/19/2018 12:00:00 PM,9,2,7
07/19/2018 11:00:00 AM,6,0,6
07/19/2018 10:00:00 AM,7,0,7
07/19/2018 09:00:00 AM,5,1,4
07/19/2018 08:00:00 AM,7,1,6
07/19/2018 07:00:00 AM,4,0,4
07/19/2018 06:00:00 AM,8,2,6
07/19/2018 05:00:00 AM,2,0,2
07/19/2018 04:00:00 AM,3,0,3
07/19/2018 03:00:00 AM,0,0,0
07/19/2018 02:00:00 AM,1,0,1
07/19/2018 01:00:00 AM,2,0,2
07/19/2018 12:00:00 AM,3,1,2
07/18/2018 11:00:00 PM,4,0,4
07/18/2018 10:00:00 PM,10,1,9
07/18/2018 09:00:00 PM,10,0,10
07/18/2018 08:00:00 PM,9,1,8
07/18/2018 07:00:00 PM,8,2,6
07/18/2018 06:00:00 PM,18,3,15
07/18/2018 05:00:00 PM,20,3,17
07/18/2018 04:00:00 PM,10,4,6
07/18/2018 03:00:00 PM,16,1,15
07/18/2018 02:00:00 PM,12,0,12
07/18/2018 01:00:00 PM,17,4,13
07/18/2018 12:00:00 PM,19,1,18
07/18/2018 11:00:00 AM,10,1,9
07/18/2018 10:00:00 AM,4,1,3
07/18/2018 09:00:00 AM,10,2,8
07/18/2018 08:00:00 AM,4,1,3
07/18/2018 07:00:00 AM,5,0,5
07/18/2018 06:00:00 AM,5,0,5
07/18/2018 05:00:00 AM,2,0,2
07/18/2018 04:00:00 AM,0,0,0
07/18/2018 03:00:00 AM,2,0,2
07/18/2018 02:00:00 AM,0,0,0
07/18/2018 01:00:00 AM,2,0,2
07/18/2018 12:00:00 AM,1,0,1
07/17/2018 11:00:00 PM,1,0,1
07/17/2018 10:00:00 PM,10,1,9
07/17/2018 09:00:00 PM,17,4,13
07/17/2018 08:00:00 PM,7,0,7
07/17/2018 07:00:00 PM,6,0,6
07/17/2018 06:00:00 PM,14,1,13
07/17/2018 05:00:00 PM,13,3,10
07/17/2018 04:00:00 PM,9,0,9
07/17/2018 03:00:00 PM,9,1,8
07/17/2018 02:00:00 PM,10,0,10
07/17/2018 01:00:00 PM,7,4,3
07/17/2018 12:00:00 PM,8,2,6
07/17/2018 11:00:00 AM,11,2,9
07/17/2018 10:00:00 AM,9,0,9
07/17/2018 09:00:00 AM,3,0,3
07/17/2018 08:00:00 AM,12,1,11
07/17/2018 07:00:00 AM,5,0,5
07/17/2018 06:00:00 AM,6,1,5
07/17/2018 05:00:00 AM,5,1,4
07/17/2018 04:00:00 AM,2,0,2
07/17/2018 03:00:00 AM,1,0,1
07/17/2018 02:00:00 AM,1,0,1
07/17/2018 01:00:00 AM,0,0,0
07/17/2018 12:00:00 AM,1,0,1
07/16/2018 11:00:00 PM,4,0,4
07/16/2018 10:00:00 PM,3,0,3
07/16/2018 09:00:00 PM,4,1,3
07/16/2018 08:00:00 PM,4,2,2
07/16/2018 07:00:00 PM,9,1,8
07/16/2018 06:00:00 PM,16,3,13
07/16/2018 05:00:00 PM,5,1,4
07/16/2018 04:00:00 PM,13,2,11
07/16/2018 03:00:00 PM,9,2,7
07/16/2018 02:00:00 PM,7,3,4
07/16/2018 01:00:00 PM,9,5,4
07/16/2018 12:00:00 PM,13,5,8
07/16/2018 11:00:00 AM,7,3,4
07/16/2018 10:00:00 AM,4,1,3
07/16/2018 09:00:00 AM,7,2,5
07/16/2018 08:00:00 AM,7,0,7
07/16/2018 07:00:00 AM,3,1,2
07/16/2018 06:00:00 AM,3,0,3
07/16/2018 05:00:00 AM,0,0,0
07/16/2018 04:00:00 AM,0,0,0
07/16/2018 03:00:00 AM,2,0,2
07/16/2018 02:00:00 AM,1,0,1
07/16/2018 01:00:00 AM,0,0,0
07/16/2018 12:00:00 AM,4,0,4
07/15/2018 11:00:00 PM,10,0,10
07/15/2018 10:00:00 PM,18,1,17
07/15/2018 09:00:00 PM,9,2,7
07/15/2018 08:00:00 PM,13,2,11
07/15/2018 07:00:00 PM,7,2,5
07/15/2018 06:00:00 PM,6,2,4
07/15/2018 05:00:00 PM,12,4,8
07/15/2018 04:00:00 PM,14,4,10
07/15/2018 03:00:00 PM,11,3,8
07/15/2018 02:00:00 PM,21,12,9
07/15/2018 01:00:00 PM,15,6,9
07/15/2018 12:00:00 PM,9,4,5
07/15/2018 11:00:00 AM,8,2,6
07/15/2018 10:00:00 AM,7,1,6
07/15/2018 09:00:00 AM,8,3,5
07/15/2018 08:00:00 AM,6,0,6
07/15/2018 07:00:00 AM,4,1,3
07/15/2018 06:00:00 AM,0,0,0
07/15/2018 05:00:00 AM,0,0,0
07/15/2018 04:00:00 AM,2,1,1
07/15/2018 03:00:00 AM,2,0,2
07/15/2018 02:00:00 AM,2,0,2
07/15/2018 01:00:00 AM,3,0,3
07/15/2018 12:00:00 AM,7,3,4
07/14/2018 11:00:00 PM,14,4,10
07/14/2018 10:00:00 PM,12,2,10
07/14/2018 09:00:00 PM,4,1,3
07/14/2018 08:00:00 PM,13,7,6
07/14/2018 07:00:00 PM,10,7,3
07/14/2018 06:00:00 PM,12,9,3
07/14/2018 05:00:00 PM,13,8,5
07/14/2018 04:00:00 PM,12,4,8
07/14/2018 03:00:00 PM,6,3,3
07/14/2018 02:00:00 PM,6,0,6
07/14/2018 01:00:00 PM,5,1,4
07/14/2018 12:00:00 PM,20,8,12
07/14/2018 11:00:00 AM,17,6,11
07/14/2018 10:00:00 AM,13,1,12
07/14/2018 09:00:00 AM,9,2,7
07/14/2018 08:00:00 AM,6,0,6
07/14/2018 07:00:00 AM,5,1,4
07/14/2018 06:00:00 AM,4,0,4
07/14/2018 05:00:00 AM,2,0,2
07/14/2018 04:00:00 AM,1,0,1
07/14/2018 03:00:00 AM,1,0,1
07/14/2018 02:00:00 AM,2,0,2
07/14/2018 01:00:00 AM,7,1,6
07/14/2018 12:00:00 AM,3,1,2
07/13/2018 11:00:00 PM,10,2,8
07/13/2018 10:00:00 PM,11,4,7
07/13/2018 09:00:00 PM,6,3,3
07/13/2018 08:00:00 PM,11,9,2
07/13/2018 07:00:00 PM,14,8,6
07/13/2018 06:00:00 PM,14,3,11
07/13/2018 05:00:00 PM,20,3,17
07/13/2018 04:00:00 PM,17,6,11
07/13/2018 03:00:00 PM,15,1,14
07/13/2018 02:00:00 PM,17,4,13
07/13/2018 01:00:00 PM,18,3,15
07/13/2018 12:00:00 PM,10,1,9
07/13/2018 11:00:00 AM,8,3,5
07/13/2018 10:00:00 AM,8,3,5
07/13/2018 09:00:00 AM,11,2,9
07/13/2018 08:00:00 AM,6,0,6
07/13/2018 07:00:00 AM,3,0,3
07/13/2018 06:00:00 AM,4,0,4
07/13/2018 05:00:00 AM,3,0,3
07/13/2018 04:00:00 AM,0,0,0
07/13/2018 03:00:00 AM,2,0,2
07/13/2018 02:00:00 AM,1,0,1
07/13/2018 01:00:00 AM,2,0,2
07/13/2018 12:00:00 AM,3,0,3
07/12/2018 11:00:00 PM,1,0,1
07/12/2018 10:00:00 PM,4,0,4
07/12/2018 09:00:00 PM,8,1,7
07/12/2018 08:00:00 PM,11,1,10
07/12/2018 07:00:00 PM,12,6,6
07/12/2018 06:00:00 PM,8,4,4
07/12/2018 05:00:00 PM,13,0,13
07/12/2018 04:00:00 PM,21,2,19
07/12/2018 03:00:00 PM,10,2,8
07/12/2018 02:00:00 PM,10,2,8
07/12/2018 01:00:00 PM,13,1,12
07/12/2018 12:00:00 PM,12,2,10
07/12/2018 11:00:00 AM,3,1,2
07/12/2018 10:00:00 AM,13,4,9
07/12/2018 09:00:00 AM,3,1,2
07/12/2018 08:00:00 AM,2,1,1
07/12/2018 07:00:00 AM,0,0,0
07/12/2018 06:00:00 AM,2,1,1
07/12/2018 05:00:00 AM,0,0,0
07/12/2018 04:00:00 AM,0,0,0
07/12/2018 03:00:00 AM,0,0,0
07/12/2018 02:00:00 AM,0,0,0
07/12/2018 01:00:00 AM,0,0,0
07/12/2018 12:00:00 AM,0,0,0
07/11/2018 11:00:00 PM,1,1,0
07/11/2018 10:00:00 PM,2,1,1
07/11/2018 09:00:00 PM,3,2,1
07/11/2018 08:00:00 PM,7,7,0
07/11/2018 07:00:00 PM,6,2,4
07/11/2018 06:00:00 PM,10,4,6
07/11/2018 05:00:00 PM,16,3,13
07/11/2018 04:00:00 PM,8,2,6
07/11/2018 03:00:00 PM,16,4,12
07/11/2018 02:00:00 PM,10,2,8
07/11/2018 01:00:00 PM,11,2,9
07/11/2018 12:00:00 PM,11,1,10
07/11/2018 11:00:00 AM,11,1,10
07/11/2018 10:00:00 AM,4,1,3
07/11/2018 09:00:00 AM,5,0,5
07/11/2018 08:00:00 AM,5,3,2
07/11/2018 07:00:00 AM,2,0,2
07/11/2018 06:00:00 AM,3,2,1
07/11/2018 05:00:00 AM,0,0,0
07/11/2018 04:00:00 AM,2,1,1
07/11/2018 03:00:00 AM,0,0,0
07/11/2018 02:00:00 AM,0,0,0
07/11/2018 01:00:00 AM,1,1,0
07/11/2018 12:00:00 AM,2,1,1
07/10/2018 11:00:00 PM,0,0,0
07/10/2018 10:00:00 PM,1,0,1
07/10/2018 09:00:00 PM,2,2,0
07/10/2018 08:00:00 PM,3,3,0
07/10/2018 07:00:00 PM,14,4,10
07/10/2018 06:00:00 PM,13,3,10
07/10/2018 05:00:00 PM,11,2,9
07/10/2018 04:00:00 PM,18,3,15
07/10/2018 03:00:00 PM,15,2,13
07/10/2018 02:00:00 PM,13,0,13
07/10/2018 01:00:00 PM,10,2,8
07/10/2018 12:00:00 PM,5,0,5
07/10/2018 11:00:00 AM,8,2,6
07/10/2018 10:00:00 AM,6,2,4
07/10/2018 09:00:00 AM,5,0,5
07/10/2018 08:00:00 AM,9,3,6
07/10/2018 07:00:00 AM,4,0,4
07/10/2018 06:00:00 AM,7,0,7
07/10/2018 05:00:00 AM,4,0,4
07/10/2018 04:00:00 AM,0,0,0
07/10/2018 03:00:00 AM,0,0,0
07/10/2018 02:00:00 AM,2,0,2
07/10/2018 01:00:00 AM,1,0,1
07/10/2018 12:00:00 AM,3,0,3
07/09/2018 11:00:00 PM,7,3,4
07/09/2018 10:00:00 PM,4,0,4
07/09/2018 09:00:00 PM,10,1,9
07/09/2018 08:00:00 PM,5,1,4
07/09/2018 07:00:00 PM,15,0,15
07/09/2018 06:00:00 PM,11,0,11
07/09/2018 05:00:00 PM,10,3,7
07/09/2018 04:00:00 PM,8,0,8
07/09/2018 03:00:00 PM,15,3,12
07/09/2018 02:00:00 PM,8,2,6
07/09/2018 01:00:00 PM,7,3,4
07/09/2018 12:00:00 PM,10,2,8
07/09/2018 11:00:00 AM,7,2,5
07/09/2018 10:00:00 AM,7,0,7
07/09/2018 09:00:00 AM,4,1,3
07/09/2018 08:00:00 AM,9,0,9
07/09/2018 07:00:00 AM,11,1,10
07/09/2018 06:00:00 AM,9,3,6
07/09/2018 05:00:00 AM,4,0,4
07/09/2018 04:00:00 AM,0,0,0
07/09/2018 03:00:00 AM,0,0,0
07/09/2018 02:00:00 AM,0,0,0
07/09/2018 01:00:00 AM,0,0,0
07/09/2018 12:00:00 AM,5,0,5
07/08/2018 11:00:00 PM,3,1,2
07/08/2018 10:00:00 PM,5,1,4
07/08/2018 09:00:00 PM,6,2,4
07/08/2018 08:00:00 PM,8,2,6
07/08/2018 07:00:00 PM,5,1,4
07/08/2018 06:00:00 PM,8,2,6
07/08/2018 05:00:00 PM,14,2,12
07/08/2018 04:00:00 PM,17,0,17
07/08/2018 03:00:00 PM,11,2,9
07/08/2018 02:00:00 PM,13,4,9
07/08/2018 01:00:00 PM,14,0,14
07/08/2018 12:00:00 PM,15,2,13
07/08/2018 11:00:00 AM,9,4,5
07/08/2018 10:00:00 AM,9,0,9
07/08/2018 09:00:00 AM,4,0,4
07/08/2018 08:00:00 AM,3,0,3
07/08/2018 07:00:00 AM,1,0,1
07/08/2018 06:00:00 AM,2,1,1
07/08/2018 05:00:00 AM,1,0,1
07/08/2018 04:00:00 AM,1,1,0
07/08/2018 03:00:00 AM,1,0,1
07/08/2018 02:00:00 AM,3,0,3
07/08/2018 01:00:00 AM,2,0,2
07/08/2018 12:00:00 AM,0,0,0
07/07/2018 11:00:00 PM,8,0,8
07/07/2018 10:00:00 PM,0,0,0
07/07/2018 09:00:00 PM,2,0,2
07/07/2018 08:00:00 PM,2,0,2
07/07/2018 07:00:00 PM,5,1,4
07/07/2018 06:00:00 PM,14,0,14
07/07/2018 05:00:00 PM,5,1,4
07/07/2018 04:00:00 PM,11,1,10
07/07/2018 03:00:00 PM,7,1,6
07/07/2018 02:00:00 PM,5,0,5
07/07/2018 01:00:00 PM,4,1,3
07/07/2018 12:00:00 PM,7,1,6
07/07/2018 11:00:00 AM,13,2,11
07/07/2018 10:00:00 AM,8,0,8
07/07/2018 09:00:00 AM,6,2,4
07/07/2018 08:00:00 AM,4,0,4
07/07/2018 07:00:00 AM,3,0,3
07/07/2018 06:00:00 AM,2,2,0
07/07/2018 05:00:00 AM,3,2,1
07/07/2018 04:00:00 AM,0,0,0
07/07/2018 03:00:00 AM,1,0,1
07/07/2018 02:00:00 AM,0,0,0
07/07/2018 01:00:00 AM,4,0,4
07/07/2018 12:00:00 AM,2,0,2
07/06/2018 11:00:00 PM,4,1,3
07/06/2018 10:00:00 PM,3,0,3
07/06/2018 09:00:00 PM,6,2,4
07/06/2018 08:00:00 PM,6,2,4
07/06/2018 07:00:00 PM,5,0,5
07/06/2018 06:00:00 PM,11,0,11
07/06/2018 05:00:00 PM,12,1,11
07/06/2018 04:00:00 PM,12,0,12
07/06/2018 03:00:00 PM,14,2,12
07/06/2018 02:00:00 PM,5,0,5
07/06/2018 01:00:00 PM,12,1,11
07/06/2018 12:00:00 PM,11,0,11
07/06/2018 11:00:00 AM,5,0,5
07/06/2018 10:00:00 AM,8,0,8
07/06/2018 09:00:00 AM,7,0,7
07/06/2018 08:00:00 AM,11,0,11
07/06/2018 07:00:00 AM,8,1,7
07/06/2018 06:00:00 AM,5,0,5
07/06/2018 05:00:00 AM,4,0,4
07/06/2018 04:00:00 AM,1,0,1
07/06/2018 03:00:00 AM,1,0,1
07/06/2018 02:00:00 AM,0,0,0
07/06/2018 01:00:00 AM,0,0,0
07/06/2018 12:00:00 AM,1,0,1
07/05/2018 11:00:00 PM,5,0,5
07/05/2018 10:00:00 PM,3,1,2
07/05/2018 09:00:00 PM,4,0,4
07/05/2018 08:00:00 PM,4,0,4
07/05/2018 07:00:00 PM,11,3,8
07/05/2018 06:00:00 PM,14,1,13
07/05/2018 05:00:00 PM,11,0,11
07/05/2018 04:00:00 PM,10,1,9
07/05/2018 03:00:00 PM,14,0,14
07/05/2018 02:00:00 PM,13,0,13
07/05/2018 01:00:00 PM,5,2,3
07/05/2018 12:00:00 PM,11,0,11
07/05/2018 11:00:00 AM,7,0,7
07/05/2018 10:00:00 AM,7,1,6
07/05/2018 09:00:00 AM,7,0,7
07/05/2018 08:00:00 AM,4,0,4
07/05/2018 07:00:00 AM,3,0,3
07/05/2018 06:00:00 AM,5,0,5
07/05/2018 05:00:00 AM,1,0,1
07/05/2018 04:00:00 AM,1,0,1
07/05/2018 03:00:00 AM,0,0,0
07/05/2018 02:00:00 AM,0,0,0
07/05/2018 01:00:00 AM,1,0,1
07/05/2018 12:00:00 AM,2,0,2
07/04/2018 11:00:00 PM,6,0,6
07/04/2018 10:00:00 PM,2,0,2
07/04/2018 09:00:00 PM,7,2,5
07/04/2018 08:00:00 PM,6,1,5
07/04/2018 07:00:00 PM,6,3,3
07/04/2018 06:00:00 PM,13,1,12
07/04/2018 05:00:00 PM,5,1,4
07/04/2018 04:00:00 PM,11,5,6
07/04/2018 03:00:00 PM,3,2,1
07/04/2018 02:00:00 PM,2,0,2
07/04/2018 01:00:00 PM,14,0,14
07/04/2018 12:00:00 PM,12,1,11
07/04/2018 11:00:00 AM,5,2,3
07/04/2018 10:00:00 AM,4,1,3
07/04/2018 09:00:00 AM,0,0,0
07/04/2018 08:00:00 AM,0,0,0
07/04/2018 07:00:00 AM,3,0,3
07/04/2018 06:00:00 AM,1,0,1
07/04/2018 05:00:00 AM,2,1,1
07/04/2018 04:00:00 AM,1,0,1
07/04/2018 03:00:00 AM,0,0,0
07/04/2018 02:00:00 AM,0,0,0
07/04/2018 01:00:00 AM,6,1,5
07/04/2018 12:00:00 AM,1,0,1
07/03/2018 11:00:00 PM,3,0,3
07/03/2018 10:00:00 PM,5,1,4
07/03/2018 09:00:00 PM,5,0,5
07/03/2018 08:00:00 PM,1,1,0
07/03/2018 07:00:00 PM,7,0,7
07/03/2018 06:00:00 PM,7,1,6
07/03/2018 05:00:00 PM,17,3,14
07/03/2018 04:00:00 PM,16,1,15
07/03/2018 03:00:00 PM,14,1,13
07/03/2018 02:00:00 PM,17,2,15
07/03/2018 01:00:00 PM,19,1,18
07/03/2018 12:00:00 PM,6,2,4
07/03/2018 11:00:00 AM,14,2,12
07/03/2018 10:00:00 AM,12,1,11
07/03/2018 09:00:00 AM,7,0,7
07/03/2018 08:00:00 AM,14,3,11
07/03/2018 07:00:00 AM,7,0,7
07/03/2018 06:00:00 AM,3,0,3
07/03/2018 05:00:00 AM,2,1,1
07/03/2018 04:00:00 AM,0,0,0
07/03/2018 03:00:00 AM,1,0,1
07/03/2018 02:00:00 AM,1,0,1
07/03/2018 01:00:00 AM,3,0,3
07/03/2018 12:00:00 AM,7,2,5
07/02/2018 11:00:00 PM,3,2,1
07/02/2018 10:00:00 PM,6,0,6
07/02/2018 09:00:00 PM,5,2,3
07/02/2018 08:00:00 PM,5,0,5
07/02/2018 07:00:00 PM,18,5,13
07/02/2018 06:00:00 PM,20,2,18
07/02/2018 05:00:00 PM,16,2,14
07/02/2018 04:00:00 PM,13,1,12
07/02/2018 03:00:00 PM,8,1,7
07/02/2018 02:00:00 PM,12,2,10
07/02/2018 01:00:00 PM,13,1,12
07/02/2018 12:00:00 PM,15,6,9
07/02/2018 11:00:00 AM,14,1,13
07/02/2018 10:00:00 AM,10,1,9
07/02/2018 09:00:00 AM,15,3,12
07/02/2018 08:00:00 AM,6,0,6
07/02/2018 07:00:00 AM,13,1,12
07/02/2018 06:00:00 AM,3,0,3
07/02/2018 05:00:00 AM,4,0,4
07/02/2018 04:00:00 AM,0,0,0
07/02/2018 03:00:00 AM,1,0,1
07/02/2018 02:00:00 AM,1,0,1
07/02/2018 01:00:00 AM,0,0,0
07/02/2018 12:00:00 AM,2,0,2
07/01/2018 11:00:00 PM,4,0,4
07/01/2018 10:00:00 PM,6,1,5
07/01/2018 09:00:00 PM,12,1,11
07/01/2018 08:00:00 PM,9,0,9
07/01/2018 07:00:00 PM,10,1,9
07/01/2018 06:00:00 PM,13,2,11
07/01/2018 05:00:00 PM,17,0,17
07/01/2018 04:00:00 PM,13,1,12
07/01/2018 03:00:00 PM,11,0,11
07/01/2018 02:00:00 PM,8,0,8
07/01/2018 01:00:00 PM,14,3,11
07/01/2018 12:00:00 PM,10,1,9
07/01/2018 11:00:00 AM,26,9,17
07/01/2018 10:00:00 AM,10,0,10
07/01/2018 09:00:00 AM,11,2,9
07/01/2018 08:00:00 AM,3,0,3
07/01/2018 07:00:00 AM,2,0,2
07/01/2018 06:00:00 AM,2,0,2
07/01/2018 05:00:00 AM,0,0,0
07/01/2018 04:00:00 AM,2,0,2
07/01/2018 03:00:00 AM,1,0,1
07/01/2018 02:00:00 AM,5,0,5
07/01/2018 01:00:00 AM,1,0,1
07/01/2018 12:00:00 AM,7,1,6
06/30/2018 11:00:00 PM,12,1,11
06/30/2018 10:00:00 PM,7,0,7
06/30/2018 09:00:00 PM,3,0,3
06/30/2018 08:00:00 PM,9,1,8
06/30/2018 07:00:00 PM,18,1,17
06/30/2018 06:00:00 PM,11,2,9
06/30/2018 05:00:00 PM,22,4,18
06/30/2018 04:00:00 PM,11,1,10
06/30/2018 03:00:00 PM,15,2,13
06/30/2018 02:00:00 PM,11,0,11
06/30/2018 01:00:00 PM,12,1,11
06/30/2018 12:00:00 PM,17,6,11
06/30/2018 11:00:00 AM,18,2,16
06/30/2018 10:00:00 AM,16,1,15
06/30/2018 09:00:00 AM,10,3,7
06/30/2018 08:00:00 AM,11,0,11
06/30/2018 07:00:00 AM,4,2,2
06/30/2018 06:00:00 AM,3,0,3
06/30/2018 05:00:00 AM,0,0,0
06/30/2018 04:00:00 AM,1,0,1
06/30/2018 03:00:00 AM,3,0,3
06/30/2018 02:00:00 AM,4,0,4
06/30/2018 01:00:00 AM,3,0,3
06/30/2018 12:00:00 AM,2,0,2
06/29/2018 11:00:00 PM,5,1,4
06/29/2018 10:00:00 PM,10,1,9
06/29/2018 09:00:00 PM,5,0,5
06/29/2018 08:00:00 PM,14,3,11
06/29/2018 07:00:00 PM,15,2,13
06/29/2018 06:00:00 PM,19,4,15
06/29/2018 05:00:00 PM,12,0,12
06/29/2018 04:00:00 PM,22,1,21
06/29/2018 03:00:00 PM,14,0,14
06/29/2018 02:00:00 PM,12,7,5
06/29/2018 01:00:00 PM,19,7,12
06/29/2018 12:00:00 PM,16,6,10
06/29/2018 11:00:00 AM,8,0,8
06/29/2018 10:00:00 AM,10,2,8
06/29/2018 09:00:00 AM,6,3,3
06/29/2018 08:00:00 AM,12,3,9
06/29/2018 07:00:00 AM,13,2,11
06/29/2018 06:00:00 AM,2,0,2
06/29/2018 05:00:00 AM,4,1,3
06/29/2018 04:00:00 AM,0,0,0
06/29/2018 03:00:00 AM,2,0,2
06/29/2018 02:00:00 AM,0,0,0
06/29/2018 01:00:00 AM,2,0,2
06/29/2018 12:00:00 AM,2,0,2
06/28/2018 11:00:00 PM,3,0,3
06/28/2018 10:00:00 PM,9,2,7
06/28/2018 09:00:00 PM,7,0,7
06/28/2018 08:00:00 PM,13,3,10
06/28/2018 07:00:00 PM,13,0,13
06/28/2018 06:00:00 PM,18,5,13
06/28/2018 05:00:00 PM,18,6,12
06/28/2018 04:00:00 PM,21,5,16
06/28/2018 03:00:00 PM,15,4,11
06/28/2018 02:00:00 PM,18,2,16
06/28/2018 01:00:00 PM,13,4,9
06/28/2018 12:00:00 PM,5,1,4
06/28/2018 11:00:00 AM,6,3,3
06/28/2018 10:00:00 AM,10,6,4
06/28/2018 09:00:00 AM,17,2,15
06/28/2018 08:00:00 AM,7,2,5
06/28/2018 07:00:00 AM,11,0,11
06/28/2018 06:00:00 AM,5,1,4
06/28/2018 05:00:00 AM,4,1,3
06/28/2018 04:00:00 AM,0,0,0
06/28/2018 03:00:00 AM,0,0,0
06/28/2018 02:00:00 AM,1,0,1
06/28/2018 01:00:00 AM,0,0,0
06/28/2018 12:00:00 AM,6,1,5
06/27/2018 11:00:00 PM,8,1,7
06/27/2018 10:00:00 PM,4,2,2
06/27/2018 09:00:00 PM,11,2,9
06/27/2018 08:00:00 PM,7,1,6
06/27/2018 07:00:00 PM,15,1,14
06/27/2018 06:00:00 PM,27,10,17
06/27/2018 05:00:00 PM,20,4,16
06/27/2018 04:00:00 PM,17,2,15
06/27/2018 03:00:00 PM,8,2,6
06/27/2018 02:00:00 PM,14,4,10
06/27/2018 01:00:00 PM,14,1,13
06/27/2018 12:00:00 PM,4,0,4
06/27/2018 11:00:00 AM,11,6,5
06/27/2018 10:00:00 AM,4,0,4
06/27/2018 09:00:00 AM,6,0,6
06/27/2018 08:00:00 AM,15,4,11
06/27/2018 07:00:00 AM,9,2,7
06/27/2018 06:00:00 AM,6,0,6
06/27/2018 05:00:00 AM,4,2,2
06/27/2018 04:00:00 AM,0,0,0
06/27/2018 03:00:00 AM,0,0,0
06/27/2018 02:00:00 AM,0,0,0
06/27/2018 01:00:00 AM,2,0,2
06/27/2018 12:00:00 AM,0,0,0
06/26/2018 11:00:00 PM,1,0,1
06/26/2018 10:00:00 PM,5,0,5
06/26/2018 09:00:00 PM,5,0,5
06/26/2018 08:00:00 PM,16,1,15
06/26/2018 07:00:00 PM,14,4,10
06/26/2018 06:00:00 PM,15,6,9
06/26/2018 05:00:00 PM,13,0,13
06/26/2018 04:00:00 PM,21,1,20
06/26/2018 03:00:00 PM,15,4,11
06/26/2018 02:00:00 PM,12,2,10
06/26/2018 01:00:00 PM,9,2,7
06/26/2018 12:00:00 PM,13,3,10
06/26/2018 11:00:00 AM,9,0,9
06/26/2018 10:00:00 AM,9,1,8
06/26/2018 09:00:00 AM,10,3,7
06/26/2018 08:00:00 AM,13,0,13
06/26/2018 07:00:00 AM,6,0,6
06/26/2018 06:00:00 AM,8,1,7
06/26/2018 05:00:00 AM,2,0,2
06/26/2018 04:00:00 AM,0,0,0
06/26/2018 03:00:00 AM,1,0,1
06/26/2018 02:00:00 AM,0,0,0
06/26/2018 01:00:00 AM,1,0,1
06/26/2018 12:00:00 AM,3,0,3
06/25/2018 11:00:00 PM,1,0,1
06/25/2018 10:00:00 PM,6,1,5
06/25/2018 09:00:00 PM,9,0,9
06/25/2018 08:00:00 PM,5,2,3
06/25/2018 07:00:00 PM,13,1,12
06/25/2018 06:00:00 PM,15,4,11
06/25/2018 05:00:00 PM,8,0,8
06/25/2018 04:00:00 PM,12,3,9
06/25/2018 03:00:00 PM,14,1,13
06/25/2018 02:00:00 PM,14,2,12
06/25/2018 01:00:00 PM,7,1,6
06/25/2018 12:00:00 PM,11,3,8
06/25/2018 11:00:00 AM,13,4,9
06/25/2018 10:00:00 AM,15,3,12
06/25/2018 09:00:00 AM,8,3,5
06/25/2018 08:00:00 AM,14,4,10
06/25/2018 07:00:00 AM,13,2,11
06/25/2018 06:00:00 AM,3,0,3
06/25/2018 05:00:00 AM,5,1,4
06/25/2018 04:00:00 AM,2,0,2
06/25/2018 03:00:00 AM,0,0,0
06/25/2018 02:00:00 AM,1,0,1
06/25/2018 01:00:00 AM,3,0,3
06/25/2018 12:00:00 AM,2,0,2
06/24/2018 11:00:00 PM,4,0,4
06/24/2018 10:00:00 PM,4,0,4
06/24/2018 09:00:00 PM,10,0,10
06/24/2018 08:00:00 PM,6,2,4
06/24/2018 07:00:00 PM,10,2,8
06/24/2018 06:00:00 PM,11,1,10
06/24/2018 05:00:00 PM,13,3,10
06/24/2018 04:00:00 PM,11,3,8
06/24/2018 03:00:00 PM,17,4,13
06/24/2018 02:00:00 PM,13,3,10
06/24/2018 01:00:00 PM,20,5,15
06/24/2018 12:00:00 PM,22,9,13
06/24/2018 11:00:00 AM,19,3,16
06/24/2018 10:00:00 AM,16,2,14
06/24/2018 09:00:00 AM,11,2,9
06/24/2018 08:00:00 AM,3,0,3
06/24/2018 07:00:00 AM,1,1,0
06/24/2018 06:00:00 AM,2,0,2
06/24/2018 05:00:00 AM,2,0,2
06/24/2018 04:00:00 AM,0,0,0
06/24/2018 03:00:00 AM,3,0,3
06/24/2018 02:00:00 AM,2,0,2
06/24/2018 01:00:00 AM,8,1,7
06/24/2018 12:00:00 AM,7,2,5
06/23/2018 11:00:00 PM,6,0,6
06/23/2018 10:00:00 PM,10,1,9
06/23/2018 09:00:00 PM,9,0,9
06/23/2018 08:00:00 PM,8,1,7
06/23/2018 07:00:00 PM,14,3,11
06/23/2018 06:00:00 PM,13,2,11
06/23/2018 05:00:00 PM,11,2,9
06/23/2018 04:00:00 PM,12,4,8
06/23/2018 03:00:00 PM,6,1,5
06/23/2018 02:00:00 PM,13,1,12
06/23/2018 01:00:00 PM,18,1,17
06/23/2018 12:00:00 PM,8,0,8
06/23/2018 11:00:00 AM,9,0,9
06/23/2018 10:00:00 AM,15,2,13
06/23/2018 09:00:00 AM,8,1,7
06/23/2018 08:00:00 AM,9,0,9
06/23/2018 07:00:00 AM,5,0,5
06/23/2018 06:00:00 AM,3,1,2
06/23/2018 05:00:00 AM,4,1,3
06/23/2018 04:00:00 AM,1,0,1
06/23/2018 03:00:00 AM,0,0,0
06/23/2018 02:00:00 AM,0,0,0
06/23/2018 01:00:00 AM,1,0,1
06/23/2018 12:00:00 AM,2,0,2
06/22/2018 11:00:00 PM,11,1,10
06/22/2018 10:00:00 PM,5,0,5
06/22/2018 09:00:00 PM,9,2,7
06/22/2018 08:00:00 PM,8,3,5
06/22/2018 07:00:00 PM,20,3,17
06/22/2018 06:00:00 PM,13,3,10
06/22/2018 05:00:00 PM,16,3,13
06/22/2018 04:00:00 PM,12,2,10
06/22/2018 03:00:00 PM,13,7,6
06/22/2018 02:00:00 PM,11,3,8
06/22/2018 01:00:00 PM,14,3,11
06/22/2018 12:00:00 PM,13,3,10
06/22/2018 11:00:00 AM,11,1,10
06/22/2018 10:00:00 AM,9,3,6
06/22/2018 09:00:00 AM,18,3,15
06/22/2018 08:00:00 AM,16,4,12
06/22/2018 07:00:00 AM,11,0,11
06/22/2018 06:00:00 AM,6,0,6
06/22/2018 05:00:00 AM,6,1,5
06/22/2018 04:00:00 AM,2,0,2
06/22/2018 03:00:00 AM,1,0,1
06/22/2018 02:00:00 AM,2,0,2
06/22/2018 01:00:00 AM,2,0,2
06/22/2018 12:00:00 AM,6,1,5
06/21/2018 11:00:00 PM,6,1,5
06/21/2018 10:00:00 PM,11,1,10
06/21/2018 09:00:00 PM,13,2,11
06/21/2018 08:00:00 PM,18,6,12
06/21/2018 07:00:00 PM,18,8,10
06/21/2018 06:00:00 PM,19,6,13
06/21/2018 05:00:00 PM,18,6,12
06/21/2018 04:00:00 PM,12,2,10
06/21/2018 03:00:00 PM,13,1,12
06/21/2018 02:00:00 PM,10,2,8
06/21/2018 01:00:00 PM,6,2,4
06/21/2018 12:00:00 PM,9,1,8
06/21/2018 11:00:00 AM,9,4,5
06/21/2018 10:00:00 AM,4,3,1
06/21/2018 09:00:00 AM,13,5,8
06/21/2018 08:00:00 AM,16,3,13
06/21/2018 07:00:00 AM,5,1,4
06/21/2018 06:00:00 AM,5,1,4
06/21/2018 05:00:00 AM,0,0,0
06/21/2018 04:00:00 AM,0,0,0
06/21/2018 03:00:00 AM,0,0,0
06/21/2018 02:00:00 AM,1,0,1
06/21/2018 01:00:00 AM,0,0,0
06/21/2018 12:00:00 AM,2,1,1
06/20/2018 11:00:00 PM,3,0,3
06/20/2018 10:00:00 PM,12,1,11
06/20/2018 09:00:00 PM,7,1,6
06/20/2018 08:00:00 PM,8,2,6
06/20/2018 07:00:00 PM,18,2,16
06/20/2018 06:00:00 PM,11,3,8
06/20/2018 05:00:00 PM,15,3,12
06/20/2018 04:00:00 PM,12,5,7
06/20/2018 03:00:00 PM,5,1,4
06/20/2018 02:00:00 PM,8,2,6
06/20/2018 01:00:00 PM,8,0,8
06/20/2018 12:00:00 PM,8,2,6
06/20/2018 11:00:00 AM,8,4,4
06/20/2018 10:00:00 AM,6,3,3
06/20/2018 09:00:00 AM,10,1,9
06/20/2018 08:00:00 AM,15,3,12
06/20/2018 07:00:00 AM,12,3,9
06/20/2018 06:00:00 AM,11,3,8
06/20/2018 05:00:00 AM,2,0,2
06/20/2018 04:00:00 AM,2,1,1
06/20/2018 03:00:00 AM,0,0,0
06/20/2018 02:00:00 AM,1,0,1
06/20/2018 01:00:00 AM,1,0,1
06/20/2018 12:00:00 AM,3,0,3
06/19/2018 11:00:00 PM,3,1,2
06/19/2018 10:00:00 PM,4,0,4
06/19/2018 09:00:00 PM,7,2,5
06/19/2018 08:00:00 PM,12,3,9
06/19/2018 07:00:00 PM,15,0,15
06/19/2018 06:00:00 PM,16,5,11
06/19/2018 05:00:00 PM,11,4,7
06/19/2018 04:00:00 PM,8,3,5
06/19/2018 03:00:00 PM,14,3,11
06/19/2018 02:00:00 PM,6,2,4
06/19/2018 01:00:00 PM,10,1,9
06/19/2018 12:00:00 PM,9,1,8
06/19/2018 11:00:00 AM,18,4,14
06/19/2018 10:00:00 AM,3,2,1
06/19/2018 09:00:00 AM,12,3,9
06/19/2018 08:00:00 AM,10,1,9
06/19/2018 07:00:00 AM,6,1,5
06/19/2018 06:00:00 AM,6,1,5
06/19/2018 05:00:00 AM,4,0,4
06/19/2018 04:00:00 AM,3,1,2
06/19/2018 03:00:00 AM,0,0,0
06/19/2018 02:00:00 AM,1,0,1
06/19/2018 01:00:00 AM,1,0,1
06/19/2018 12:00:00 AM,2,1,1
06/18/2018 11:00:00 PM,6,2,4
06/18/2018 10:00:00 PM,5,0,5
06/18/2018 09:00:00 PM,15,0,15
06/18/2018 08:00:00 PM,6,1,5
06/18/2018 07:00:00 PM,10,2,8
06/18/2018 06:00:00 PM,10,1,9
06/18/2018 05:00:00 PM,8,1,7
06/18/2018 04:00:00 PM,7,4,3
06/18/2018 03:00:00 PM,15,5,10
06/18/2018 02:00:00 PM,4,0,4
06/18/2018 01:00:00 PM,7,2,5
06/18/2018 12:00:00 PM,10,0,10
06/18/2018 11:00:00 AM,6,1,5
06/18/2018 10:00:00 AM,13,4,9
06/18/2018 09:00:00 AM,5,1,4
06/18/2018 08:00:00 AM,5,0,5
06/18/2018 07:00:00 AM,10,1,9
06/18/2018 06:00:00 AM,6,0,6
06/18/2018 05:00:00 AM,2,1,1
06/18/2018 04:00:00 AM,0,0,0
06/18/2018 03:00:00 AM,2,0,2
06/18/2018 02:00:00 AM,0,0,0
06/18/2018 01:00:00 AM,1,0,1
06/18/2018 12:00:00 AM,2,0,2
06/17/2018 11:00:00 PM,8,0,8
06/17/2018 10:00:00 PM,3,0,3
06/17/2018 09:00:00 PM,3,1,2
06/17/2018 08:00:00 PM,2,0,2
06/17/2018 07:00:00 PM,7,1,6
06/17/2018 06:00:00 PM,10,1,9
06/17/2018 05:00:00 PM,10,1,9
06/17/2018 04:00:00 PM,4,0,4
06/17/2018 03:00:00 PM,9,1,8
06/17/2018 02:00:00 PM,15,3,12
06/17/2018 01:00:00 PM,4,1,3
06/17/2018 12:00:00 PM,6,1,5
06/17/2018 11:00:00 AM,11,3,8
06/17/2018 10:00:00 AM,6,0,6
06/17/2018 09:00:00 AM,2,0,2
06/17/2018 08:00:00 AM,4,0,4
06/17/2018 07:00:00 AM,2,0,2
06/17/2018 06:00:00 AM,0,0,0
06/17/2018 05:00:00 AM,0,0,0
06/17/2018 04:00:00 AM,1,0,1
06/17/2018 03:00:00 AM,1,0,1
06/17/2018 02:00:00 AM,1,0,1
06/17/2018 01:00:00 AM,1,0,1
06/17/2018 12:00:00 AM,3,0,3
06/16/2018 11:00:00 PM,8,1,7
06/16/2018 10:00:00 PM,8,0,8
06/16/2018 09:00:00 PM,6,1,5
06/16/2018 08:00:00 PM,9,1,8
06/16/2018 07:00:00 PM,12,2,10
06/16/2018 06:00:00 PM,7,0,7
06/16/2018 05:00:00 PM,8,3,5
06/16/2018 04:00:00 PM,6,1,5
06/16/2018 03:00:00 PM,8,0,8
06/16/2018 02:00:00 PM,15,2,13
06/16/2018 01:00:00 PM,7,2,5
06/16/2018 12:00:00 PM,13,1,12
06/16/2018 11:00:00 AM,8,1,7
06/16/2018 10:00:00 AM,8,0,8
06/16/2018 09:00:00 AM,11,4,7
06/16/2018 08:00:00 AM,7,1,6
06/16/2018 07:00:00 AM,6,0,6
06/16/2018 06:00:00 AM,3,1,2
06/16/2018 05:00:00 AM,0,0,0
06/16/2018 04:00:00 AM,2,1,1
06/16/2018 03:00:00 AM,2,0,2
06/16/2018 02:00:00 AM,1,0,1
06/16/2018 01:00:00 AM,3,0,3
06/16/2018 12:00:00 AM,3,0,3
06/15/2018 11:00:00 PM,4,0,4
06/15/2018 10:00:00 PM,8,2,6
06/15/2018 09:00:00 PM,9,0,9
06/15/2018 08:00:00 PM,7,1,6
06/15/2018 07:00:00 PM,10,1,9
06/15/2018 06:00:00 PM,9,1,8
06/15/2018 05:00:00 PM,13,2,11
06/15/2018 04:00:00 PM,20,2,18
06/15/2018 03:00:00 PM,9,1,8
06/15/2018 02:00:00 PM,12,1,11
06/15/2018 01:00:00 PM,6,1,5
06/15/2018 12:00:00 PM,15,3,12
06/15/2018 11:00:00 AM,12,0,12
06/15/2018 10:00:00 AM,13,5,8
06/15/2018 09:00:00 AM,9,0,9
06/15/2018 08:00:00 AM,21,6,15
06/15/2018 07:00:00 AM,5,0,5
06/15/2018 06:00:00 AM,5,0,5
06/15/2018 05:00:00 AM,2,0,2
06/15/2018 04:00:00 AM,1,0,1
06/15/2018 03:00:00 AM,2,0,2
06/15/2018 02:00:00 AM,1,0,1
06/15/2018 01:00:00 AM,1,0,1
06/15/2018 12:00:00 AM,2,0,2
06/14/2018 11:00:00 PM,6,1,5
06/14/2018 10:00:00 PM,7,3,4
06/14/2018 09:00:00 PM,13,3,10
06/14/2018 08:00:00 PM,13,5,8
06/14/2018 07:00:00 PM,13,2,11
06/14/2018 06:00:00 PM,21,2,19
06/14/2018 05:00:00 PM,18,3,15
06/14/2018 04:00:00 PM,17,2,15
06/14/2018 03:00:00 PM,12,1,11
06/14/2018 02:00:00 PM,15,6,9
06/14/2018 01:00:00 PM,11,4,7
06/14/2018 12:00:00 PM,17,5,12
06/14/2018 11:00:00 AM,13,3,10
06/14/2018 10:00:00 AM,7,3,4
06/14/2018 09:00:00 AM,10,0,10
06/14/2018 08:00:00 AM,9,0,9
06/14/2018 07:00:00 AM,11,1,10
06/14/2018 06:00:00 AM,6,0,6
06/14/2018 05:00:00 AM,2,2,0
06/14/2018 04:00:00 AM,0,0,0
06/14/2018 03:00:00 AM,0,0,0
06/14/2018 02:00:00 AM,2,0,2
06/14/2018 01:00:00 AM,1,0,1
06/14/2018 12:00:00 AM,1,0,1
06/13/2018 11:00:00 PM,5,1,4
06/13/2018 10:00:00 PM,3,2,1
06/13/2018 09:00:00 PM,5,1,4
06/13/2018 08:00:00 PM,5,0,5
06/13/2018 07:00:00 PM,2,1,1
06/13/2018 06:00:00 PM,1,1,0
06/13/2018 05:00:00 PM,1,0,1
06/13/2018 04:00:00 PM,4,3,1
06/13/2018 03:00:00 PM,5,4,1
06/13/2018 02:00:00 PM,1,1,0
06/13/2018 01:00:00 PM,5,2,3
06/13/2018 12:00:00 PM,2,2,0
06/13/2018 11:00:00 AM,1,1,0
06/13/2018 10:00:00 AM,2,1,1
06/13/2018 09:00:00 AM,3,2,1
06/13/2018 08:00:00 AM,4,4,0
06/13/2018 07:00:00 AM,1,1,0
06/13/2018 06:00:00 AM,2,1,1
06/13/2018 05:00:00 AM,2,0,2
06/13/2018 04:00:00 AM,0,0,0
06/13/2018 03:00:00 AM,1,0,1
06/13/2018 02:00:00 AM,0,0,0
06/13/2018 01:00:00 AM,2,0,2
06/13/2018 12:00:00 AM,1,0,1
06/12/2018 11:00:00 PM,3,0,3
06/12/2018 10:00:00 PM,6,0,6
06/12/2018 09:00:00 PM,6,0,6
06/12/2018 08:00:00 PM,17,3,14
06/12/2018 07:00:00 PM,13,3,10
06/12/2018 06:00:00 PM,7,0,7
06/12/2018 05:00:00 PM,18,9,9
06/12/2018 04:00:00 PM,5,1,4
06/12/2018 03:00:00 PM,15,1,14
06/12/2018 02:00:00 PM,8,1,7
06/12/2018 01:00:00 PM,18,5,13
06/12/2018 12:00:00 PM,16,0,16
06/12/2018 11:00:00 AM,10,1,9
06/12/2018 10:00:00 AM,13,3,10
06/12/2018 09:00:00 AM,5,1,4
06/12/2018 08:00:00 AM,16,4,12
06/12/2018 07:00:00 AM,6,0,6
06/12/2018 06:00:00 AM,5,0,5
06/12/2018 05:00:00 AM,6,3,3
06/12/2018 04:00:00 AM,0,0,0
06/12/2018 03:00:00 AM,0,0,0
06/12/2018 02:00:00 AM,1,0,1
06/12/2018 01:00:00 AM,1,0,1
06/12/2018 12:00:00 AM,1,0,1
06/11/2018 11:00:00 PM,2,0,2
06/11/2018 10:00:00 PM,2,0,2
06/11/2018 09:00:00 PM,2,2,0
06/11/2018 08:00:00 PM,6,1,5
06/11/2018 07:00:00 PM,10,2,8
06/11/2018 06:00:00 PM,20,7,13
06/11/2018 05:00:00 PM,12,2,10
06/11/2018 04:00:00 PM,13,1,12
06/11/2018 03:00:00 PM,14,4,10
06/11/2018 02:00:00 PM,3,0,3
06/11/2018 01:00:00 PM,10,1,9
06/11/2018 12:00:00 PM,10,2,8
06/11/2018 11:00:00 AM,11,3,8
06/11/2018 10:00:00 AM,10,2,8
06/11/2018 09:00:00 AM,13,2,11
06/11/2018 08:00:00 AM,5,0,5
06/11/2018 07:00:00 AM,9,2,7
06/11/2018 06:00:00 AM,4,0,4
06/11/2018 05:00:00 AM,3,1,2
06/11/2018 04:00:00 AM,3,0,3
06/11/2018 03:00:00 AM,0,0,0
06/11/2018 02:00:00 AM,0,0,0
06/11/2018 01:00:00 AM,0,0,0
06/11/2018 12:00:00 AM,1,0,1
06/10/2018 11:00:00 PM,1,0,1
06/10/2018 10:00:00 PM,2,0,2
06/10/2018 09:00:00 PM,4,0,4
06/10/2018 08:00:00 PM,4,0,4
06/10/2018 07:00:00 PM,6,1,5
06/10/2018 06:00:00 PM,16,5,11
06/10/2018 05:00:00 PM,14,1,13
06/10/2018 04:00:00 PM,6,2,4
06/10/2018 03:00:00 PM,9,0,9
06/10/2018 02:00:00 PM,8,3,5
06/10/2018 01:00:00 PM,12,4,8
06/10/2018 12:00:00 PM,16,5,11
06/10/2018 11:00:00 AM,18,8,10
06/10/2018 10:00:00 AM,10,6,4
06/10/2018 09:00:00 AM,5,0,5
06/10/2018 08:00:00 AM,6,0,6
06/10/2018 07:00:00 AM,0,0,0
06/10/2018 06:00:00 AM,1,1,0
06/10/2018 05:00:00 AM,3,1,2
06/10/2018 04:00:00 AM,0,0,0
06/10/2018 03:00:00 AM,2,0,2
06/10/2018 02:00:00 AM,2,0,2
06/10/2018 01:00:00 AM,5,1,4
06/10/2018 12:00:00 AM,4,0,4
06/09/2018 11:00:00 PM,5,2,3
06/09/2018 10:00:00 PM,2,0,2
06/09/2018 09:00:00 PM,2,1,1
06/09/2018 08:00:00 PM,11,2,9
06/09/2018 07:00:00 PM,16,5,11
06/09/2018 06:00:00 PM,15,5,10
06/09/2018 05:00:00 PM,12,6,6
06/09/2018 04:00:00 PM,6,2,4
06/09/2018 03:00:00 PM,21,7,14
06/09/2018 02:00:00 PM,11,2,9
06/09/2018 01:00:00 PM,21,9,12
06/09/2018 12:00:00 PM,3,1,2
06/09/2018 11:00:00 AM,12,1,11
06/09/2018 10:00:00 AM,16,7,9
06/09/2018 09:00:00 AM,8,3,5
06/09/2018 08:00:00 AM,5,2,3
06/09/2018 07:00:00 AM,2,1,1
06/09/2018 06:00:00 AM,2,0,2
06/09/2018 05:00:00 AM,2,1,1
06/09/2018 04:00:00 AM,2,1,1
06/09/2018 03:00:00 AM,1,0,1
06/09/2018 02:00:00 AM,3,0,3
06/09/2018 01:00:00 AM,4,1,3
06/09/2018 12:00:00 AM,2,0,2
06/08/2018 11:00:00 PM,4,1,3
06/08/2018 10:00:00 PM,5,1,4
06/08/2018 09:00:00 PM,4,1,3
06/08/2018 08:00:00 PM,9,2,7
06/08/2018 07:00:00 PM,10,3,7
06/08/2018 06:00:00 PM,15,2,13
06/08/2018 05:00:00 PM,21,9,12
06/08/2018 04:00:00 PM,10,6,4
06/08/2018 03:00:00 PM,6,0,6
06/08/2018 02:00:00 PM,7,1,6
06/08/2018 01:00:00 PM,15,2,13
06/08/2018 12:00:00 PM,10,1,9
06/08/2018 11:00:00 AM,10,2,8
06/08/2018 10:00:00 AM,4,2,2
06/08/2018 09:00:00 AM,9,1,8
06/08/2018 08:00:00 AM,11,1,10
06/08/2018 07:00:00 AM,10,1,9
06/08/2018 06:00:00 AM,4,1,3
06/08/2018 05:00:00 AM,5,2,3
06/08/2018 04:00:00 AM,1,0,1
06/08/2018 03:00:00 AM,1,0,1
06/08/2018 02:00:00 AM,1,0,1
06/08/2018 01:00:00 AM,1,0,1
06/08/2018 12:00:00 AM,1,1,0
06/07/2018 11:00:00 PM,2,0,2
06/07/2018 10:00:00 PM,6,0,6
06/07/2018 09:00:00 PM,1,0,1
06/07/2018 08:00:00 PM,9,1,8
06/07/2018 07:00:00 PM,6,0,6
06/07/2018 06:00:00 PM,11,1,10
06/07/2018 05:00:00 PM,21,6,15
06/07/2018 04:00:00 PM,11,1,10
06/07/2018 03:00:00 PM,16,2,14
06/07/2018 02:00:00 PM,9,0,9
06/07/2018 01:00:00 PM,7,1,6
06/07/2018 12:00:00 PM,14,3,11
06/07/2018 11:00:00 AM,9,2,7
06/07/2018 10:00:00 AM,5,2,3
06/07/2018 09:00:00 AM,14,3,11
06/07/2018 08:00:00 AM,15,4,11
06/07/2018 07:00:00 AM,9,2,7
06/07/2018 06:00:00 AM,6,0,6
06/07/2018 05:00:00 AM,2,1,1
06/07/2018 04:00:00 AM,0,0,0
06/07/2018 03:00:00 AM,1,0,1
06/07/2018 02:00:00 AM,1,0,1
06/07/2018 01:00:00 AM,0,0,0
06/07/2018 12:00:00 AM,1,1,0
06/06/2018 11:00:00 PM,6,2,4
06/06/2018 10:00:00 PM,8,1,7
06/06/2018 09:00:00 PM,10,3,7
06/06/2018 08:00:00 PM,9,5,4
06/06/2018 07:00:00 PM,10,3,7
06/06/2018 06:00:00 PM,22,3,19
06/06/2018 05:00:00 PM,19,4,15
06/06/2018 04:00:00 PM,14,2,12
06/06/2018 03:00:00 PM,11,2,9
06/06/2018 02:00:00 PM,18,3,15
06/06/2018 01:00:00 PM,10,1,9
06/06/2018 12:00:00 PM,12,0,12
06/06/2018 11:00:00 AM,6,1,5
06/06/2018 10:00:00 AM,8,4,4
06/06/2018 09:00:00 AM,11,6,5
06/06/2018 08:00:00 AM,19,3,16
06/06/2018 07:00:00 AM,11,1,10
06/06/2018 06:00:00 AM,5,1,4
06/06/2018 05:00:00 AM,7,2,5
06/06/2018 04:00:00 AM,2,0,2
06/06/2018 03:00:00 AM,0,0,0
06/06/2018 02:00:00 AM,2,0,2
06/06/2018 01:00:00 AM,1,0,1
06/06/2018 12:00:00 AM,4,0,4
06/05/2018 11:00:00 PM,8,1,7
06/05/2018 10:00:00 PM,5,0,5
06/05/2018 09:00:00 PM,9,1,8
06/05/2018 08:00:00 PM,10,5,5
06/05/2018 07:00:00 PM,12,4,8
06/05/2018 06:00:00 PM,18,5,13
06/05/2018 05:00:00 PM,15,4,11
06/05/2018 04:00:00 PM,10,2,8
06/05/2018 03:00:00 PM,9,0,9
06/05/2018 02:00:00 PM,13,2,11
06/05/2018 01:00:00 PM,13,0,13
06/05/2018 12:00:00 PM,13,6,7
06/05/2018 11:00:00 AM,11,0,11
06/05/2018 10:00:00 AM,14,1,13
06/05/2018 09:00:00 AM,5,0,5
06/05/2018 08:00:00 AM,14,6,8
06/05/2018 07:00:00 AM,7,2,5
06/05/2018 06:00:00 AM,5,0,5
06/05/2018 05:00:00 AM,2,0,2
06/05/2018 04:00:00 AM,0,0,0
06/05/2018 03:00:00 AM,1,0,1
06/05/2018 02:00:00 AM,1,0,1
06/05/2018 01:00:00 AM,1,0,1
06/05/2018 12:00:00 AM,3,0,3
06/04/2018 11:00:00 PM,9,2,7
06/04/2018 10:00:00 PM,4,0,4
06/04/2018 09:00:00 PM,6,0,6
06/04/2018 08:00:00 PM,7,1,6
06/04/2018 07:00:00 PM,13,2,11
06/04/2018 06:00:00 PM,14,2,12
06/04/2018 05:00:00 PM,10,2,8
06/04/2018 04:00:00 PM,16,6,10
06/04/2018 03:00:00 PM,7,1,6
06/04/2018 02:00:00 PM,14,3,11
06/04/2018 01:00:00 PM,13,7,6
06/04/2018 12:00:00 PM,20,14,6
06/04/2018 11:00:00 AM,12,6,6
06/04/2018 10:00:00 AM,12,1,11
06/04/2018 09:00:00 AM,11,1,10
06/04/2018 08:00:00 AM,14,3,11
06/04/2018 07:00:00 AM,9,1,8
06/04/2018 06:00:00 AM,4,3,1
06/04/2018 05:00:00 AM,4,1,3
06/04/2018 04:00:00 AM,1,1,0
06/04/2018 03:00:00 AM,0,0,0
06/04/2018 02:00:00 AM,0,0,0
06/04/2018 01:00:00 AM,1,0,1
06/04/2018 12:00:00 AM,2,0,2
06/03/2018 11:00:00 PM,6,2,4
06/03/2018 10:00:00 PM,8,0,8
06/03/2018 09:00:00 PM,5,0,5
06/03/2018 08:00:00 PM,7,2,5
06/03/2018 07:00:00 PM,9,0,9
06/03/2018 06:00:00 PM,17,6,11
06/03/2018 05:00:00 PM,21,2,19
06/03/2018 04:00:00 PM,16,3,13
06/03/2018 03:00:00 PM,10,1,9
06/03/2018 02:00:00 PM,16,2,14
06/03/2018 01:00:00 PM,18,5,13
06/03/2018 12:00:00 PM,12,4,8
06/03/2018 11:00:00 AM,20,6,14
06/03/2018 10:00:00 AM,11,4,7
06/03/2018 09:00:00 AM,9,2,7
06/03/2018 08:00:00 AM,4,2,2
06/03/2018 07:00:00 AM,4,0,4
06/03/2018 06:00:00 AM,5,2,3
06/03/2018 05:00:00 AM,0,0,0
06/03/2018 04:00:00 AM,1,0,1
06/03/2018 03:00:00 AM,3,0,3
06/03/2018 02:00:00 AM,4,0,4
06/03/2018 01:00:00 AM,5,0,5
06/03/2018 12:00:00 AM,4,1,3
06/02/2018 11:00:00 PM,14,2,12
06/02/2018 10:00:00 PM,9,1,8
06/02/2018 09:00:00 PM,11,2,9
06/02/2018 08:00:00 PM,2,2,0
06/02/2018 07:00:00 PM,7,2,5
06/02/2018 06:00:00 PM,10,1,9
06/02/2018 05:00:00 PM,14,4,10
06/02/2018 04:00:00 PM,11,1,10
06/02/2018 03:00:00 PM,14,2,12
06/02/2018 02:00:00 PM,17,2,15
06/02/2018 01:00:00 PM,16,2,14
06/02/2018 12:00:00 PM,24,5,19
06/02/2018 11:00:00 AM,10,3,7
06/02/2018 10:00:00 AM,10,2,8
06/02/2018 09:00:00 AM,9,2,7
06/02/2018 08:00:00 AM,12,2,10
06/02/2018 07:00:00 AM,5,0,5
06/02/2018 06:00:00 AM,2,0,2
06/02/2018 05:00:00 AM,1,0,1
06/02/2018 04:00:00 AM,0,0,0
06/02/2018 03:00:00 AM,3,0,3
06/02/2018 02:00:00 AM,6,0,6
06/02/2018 01:00:00 AM,6,1,5
06/02/2018 12:00:00 AM,6,2,4
06/01/2018 11:00:00 PM,6,0,6
06/01/2018 10:00:00 PM,10,0,10
06/01/2018 09:00:00 PM,6,0,6
06/01/2018 08:00:00 PM,7,1,6
06/01/2018 07:00:00 PM,18,6,12
06/01/2018 06:00:00 PM,22,2,20
06/01/2018 05:00:00 PM,21,3,18
06/01/2018 04:00:00 PM,19,3,16
06/01/2018 03:00:00 PM,22,3,19
06/01/2018 02:00:00 PM,11,1,10
06/01/2018 01:00:00 PM,15,1,14
06/01/2018 12:00:00 PM,18,4,14
06/01/2018 11:00:00 AM,25,5,20
06/01/2018 10:00:00 AM,20,4,16
06/01/2018 09:00:00 AM,10,1,9
06/01/2018 08:00:00 AM,13,0,13
06/01/2018 07:00:00 AM,3,0,3
06/01/2018 06:00:00 AM,1,0,1
06/01/2018 05:00:00 AM,3,0,3
06/01/2018 04:00:00 AM,1,0,1
06/01/2018 03:00:00 AM,0,0,0
06/01/2018 02:00:00 AM,0,0,0
06/01/2018 01:00:00 AM,0,0,0
06/01/2018 12:00:00 AM,4,2,2
05/31/2018 11:00:00 PM,2,0,2
05/31/2018 10:00:00 PM,4,0,4
05/31/2018 09:00:00 PM,6,0,6
05/31/2018 08:00:00 PM,3,0,3
05/31/2018 07:00:00 PM,5,1,4
05/31/2018 06:00:00 PM,10,2,8
05/31/2018 05:00:00 PM,6,3,3
05/31/2018 04:00:00 PM,15,10,5
05/31/2018 03:00:00 PM,5,3,2
05/31/2018 02:00:00 PM,6,4,2
05/31/2018 01:00:00 PM,2,1,1
05/31/2018 12:00:00 PM,4,0,4
05/31/2018 11:00:00 AM,13,1,12
05/31/2018 10:00:00 AM,4,0,4
05/31/2018 09:00:00 AM,6,1,5
05/31/2018 08:00:00 AM,8,1,7
05/31/2018 07:00:00 AM,6,0,6
05/31/2018 06:00:00 AM,2,1,1
05/31/2018 05:00:00 AM,2,0,2
05/31/2018 04:00:00 AM,0,0,0
05/31/2018 03:00:00 AM,1,0,1
05/31/2018 02:00:00 AM,2,0,2
05/31/2018 01:00:00 AM,0,0,0
05/31/2018 12:00:00 AM,3,0,3
05/30/2018 11:00:00 PM,2,0,2
05/30/2018 10:00:00 PM,3,0,3
05/30/2018 09:00:00 PM,6,0,6
05/30/2018 08:00:00 PM,7,0,7
05/30/2018 07:00:00 PM,10,5,5
05/30/2018 06:00:00 PM,6,5,1
05/30/2018 05:00:00 PM,7,2,5
05/30/2018 04:00:00 PM,5,3,2
05/30/2018 03:00:00 PM,4,2,2
05/30/2018 02:00:00 PM,2,1,1
05/30/2018 01:00:00 PM,2,0,2
05/30/2018 12:00:00 PM,2,0,2
05/30/2018 11:00:00 AM,3,2,1
05/30/2018 10:00:00 AM,17,8,9
05/30/2018 09:00:00 AM,8,2,6
05/30/2018 08:00:00 AM,16,3,13
05/30/2018 07:00:00 AM,12,5,7
05/30/2018 06:00:00 AM,2,0,2
05/30/2018 05:00:00 AM,4,0,4
05/30/2018 04:00:00 AM,1,0,1
05/30/2018 03:00:00 AM,0,0,0
05/30/2018 02:00:00 AM,0,0,0
05/30/2018 01:00:00 AM,1,0,1
05/30/2018 12:00:00 AM,2,0,2
05/29/2018 11:00:00 PM,3,0,3
05/29/2018 10:00:00 PM,9,4,5
05/29/2018 09:00:00 PM,5,4,1
05/29/2018 08:00:00 PM,7,1,6
05/29/2018 07:00:00 PM,7,4,3
05/29/2018 06:00:00 PM,2,0,2
05/29/2018 05:00:00 PM,5,2,3
05/29/2018 04:00:00 PM,4,2,2
05/29/2018 03:00:00 PM,3,1,2
05/29/2018 02:00:00 PM,6,4,2
05/29/2018 01:00:00 PM,2,0,2
05/29/2018 12:00:00 PM,3,3,0
05/29/2018 11:00:00 AM,2,1,1
05/29/2018 10:00:00 AM,8,6,2
05/29/2018 09:00:00 AM,4,1,3
05/29/2018 08:00:00 AM,5,2,3
05/29/2018 07:00:00 AM,2,0,2
05/29/2018 06:00:00 AM,2,1,1
05/29/2018 05:00:00 AM,3,3,0
05/29/2018 04:00:00 AM,1,1,0
05/29/2018 03:00:00 AM,0,0,0
05/29/2018 02:00:00 AM,0,0,0
05/29/2018 01:00:00 AM,0,0,0
05/29/2018 12:00:00 AM,0,0,0
05/28/2018 11:00:00 PM,0,0,0
05/28/2018 10:00:00 PM,1,1,0
05/28/2018 09:00:00 PM,4,3,1
05/28/2018 08:00:00 PM,7,5,2
05/28/2018 07:00:00 PM,3,1,2
05/28/2018 06:00:00 PM,6,4,2
05/28/2018 05:00:00 PM,10,5,5
05/28/2018 04:00:00 PM,11,8,3
05/28/2018 03:00:00 PM,16,8,8
05/28/2018 02:00:00 PM,8,6,2
05/28/2018 01:00:00 PM,7,4,3
05/28/2018 12:00:00 PM,11,6,5
05/28/2018 11:00:00 AM,1,0,1
05/28/2018 10:00:00 AM,0,0,0
05/28/2018 09:00:00 AM,2,0,2
05/28/2018 08:00:00 AM,1,0,1
05/28/2018 07:00:00 AM,4,2,2
05/28/2018 06:00:00 AM,4,3,1
05/28/2018 05:00:00 AM,0,0,0
05/28/2018 04:00:00 AM,1,0,1
05/28/2018 03:00:00 AM,0,0,0
05/28/2018 02:00:00 AM,2,0,2
05/28/2018 01:00:00 AM,1,0,1
05/28/2018 12:00:00 AM,5,0,5
05/27/2018 11:00:00 PM,3,1,2
05/27/2018 10:00:00 PM,8,3,5
05/27/2018 09:00:00 PM,0,0,0
05/27/2018 08:00:00 PM,3,2,1
05/27/2018 07:00:00 PM,8,6,2
05/27/2018 06:00:00 PM,2,2,0
05/27/2018 05:00:00 PM,3,1,2
05/27/2018 04:00:00 PM,8,6,2
05/27/2018 03:00:00 PM,10,7,3
05/27/2018 02:00:00 PM,7,4,3
05/27/2018 01:00:00 PM,6,1,5
05/27/2018 12:00:00 PM,23,13,10
05/27/2018 11:00:00 AM,16,10,6
05/27/2018 10:00:00 AM,19,8,11
05/27/2018 09:00:00 AM,7,3,4
05/27/2018 08:00:00 AM,3,0,3
05/27/2018 07:00:00 AM,1,0,1
05/27/2018 06:00:00 AM,0,0,0
05/27/2018 05:00:00 AM,1,0,1
05/27/2018 04:00:00 AM,1,1,0
05/27/2018 03:00:00 AM,0,0,0
05/27/2018 02:00:00 AM,1,0,1
05/27/2018 01:00:00 AM,1,0,1
05/27/2018 12:00:00 AM,0,0,0
05/26/2018 11:00:00 PM,0,0,0
05/26/2018 10:00:00 PM,1,1,0
05/26/2018 09:00:00 PM,0,0,0
05/26/2018 08:00:00 PM,3,1,2
05/26/2018 07:00:00 PM,1,1,0
05/26/2018 06:00:00 PM,3,0,3
05/26/2018 05:00:00 PM,4,4,0
05/26/2018 04:00:00 PM,6,4,2
05/26/2018 03:00:00 PM,5,5,0
05/26/2018 02:00:00 PM,4,3,1
05/26/2018 01:00:00 PM,5,4,1
05/26/2018 12:00:00 PM,5,2,3
05/26/2018 11:00:00 AM,8,6,2
05/26/2018 10:00:00 AM,7,7,0
05/26/2018 09:00:00 AM,4,2,2
05/26/2018 08:00:00 AM,3,2,1
05/26/2018 07:00:00 AM,3,0,3
05/26/2018 06:00:00 AM,2,0,2
05/26/2018 05:00:00 AM,0,0,0
05/26/2018 04:00:00 AM,0,0,0
05/26/2018 03:00:00 AM,2,0,2
05/26/2018 02:00:00 AM,0,0,0
05/26/2018 01:00:00 AM,2,2,0
05/26/2018 12:00:00 AM,1,0,1
05/25/2018 11:00:00 PM,0,0,0
05/25/2018 10:00:00 PM,1,1,0
05/25/2018 09:00:00 PM,5,3,2
05/25/2018 08:00:00 PM,4,3,1
05/25/2018 07:00:00 PM,6,3,3
05/25/2018 06:00:00 PM,2,0,2
05/25/2018 05:00:00 PM,5,2,3
05/25/2018 04:00:00 PM,3,2,1
05/25/2018 03:00:00 PM,4,3,1
05/25/2018 02:00:00 PM,5,3,2
05/25/2018 01:00:00 PM,6,3,3
05/25/2018 12:00:00 PM,4,3,1
05/25/2018 11:00:00 AM,4,3,1
05/25/2018 10:00:00 AM,2,0,2
05/25/2018 09:00:00 AM,10,2,8
05/25/2018 08:00:00 AM,6,1,5
05/25/2018 07:00:00 AM,1,1,0
05/25/2018 06:00:00 AM,2,0,2
05/25/2018 05:00:00 AM,1,0,1
05/25/2018 04:00:00 AM,1,0,1
05/25/2018 03:00:00 AM,0,0,0
05/25/2018 02:00:00 AM,1,0,1
05/25/2018 01:00:00 AM,0,0,0
05/25/2018 12:00:00 AM,1,1,0
05/24/2018 11:00:00 PM,1,1,0
05/24/2018 10:00:00 PM,2,2,0
05/24/2018 09:00:00 PM,5,1,4
05/24/2018 08:00:00 PM,3,1,2
05/24/2018 07:00:00 PM,3,1,2
05/24/2018 06:00:00 PM,5,1,4
05/24/2018 05:00:00 PM,11,4,7
05/24/2018 04:00:00 PM,7,4,3
05/24/2018 03:00:00 PM,9,2,7
05/24/2018 02:00:00 PM,2,1,1
05/24/2018 01:00:00 PM,4,1,3
05/24/2018 12:00:00 PM,4,1,3
05/24/2018 11:00:00 AM,6,4,2
05/24/2018 10:00:00 AM,4,3,1
05/24/2018 09:00:00 AM,1,0,1
05/24/2018 08:00:00 AM,4,1,3
05/24/2018 07:00:00 AM,4,3,1
05/24/2018 06:00:00 AM,2,2,0
05/24/2018 05:00:00 AM,1,0,1
05/24/2018 04:00:00 AM,1,0,1
05/24/2018 03:00:00 AM,0,0,0
05/24/2018 02:00:00 AM,0,0,0
05/24/2018 01:00:00 AM,0,0,0
05/24/2018 12:00:00 AM,1,0,1
05/23/2018 11:00:00 PM,2,0,2
05/23/2018 10:00:00 PM,3,2,1
05/23/2018 09:00:00 PM,7,2,5
05/23/2018 08:00:00 PM,15,11,4
05/23/2018 07:00:00 PM,14,9,5
05/23/2018 06:00:00 PM,13,8,5
05/23/2018 05:00:00 PM,15,11,4
05/23/2018 04:00:00 PM,13,7,6
05/23/2018 03:00:00 PM,12,4,8
05/23/2018 02:00:00 PM,10,8,2
05/23/2018 01:00:00 PM,10,6,4
05/23/2018 12:00:00 PM,12,6,6
05/23/2018 11:00:00 AM,8,8,0
05/23/2018 10:00:00 AM,7,5,2
05/23/2018 09:00:00 AM,3,2,1
05/23/2018 08:00:00 AM,13,3,10
05/23/2018 07:00:00 AM,7,1,6
05/23/2018 06:00:00 AM,4,1,3
05/23/2018 05:00:00 AM,1,0,1
05/23/2018 04:00:00 AM,2,0,2
05/23/2018 03:00:00 AM,0,0,0
05/23/2018 02:00:00 AM,0,0,0
05/23/2018 01:00:00 AM,0,0,0
05/23/2018 12:00:00 AM,0,0,0
05/22/2018 11:00:00 PM,1,0,1
05/22/2018 10:00:00 PM,2,0,2
05/22/2018 09:00:00 PM,3,3,0
05/22/2018 08:00:00 PM,3,2,1
05/22/2018 07:00:00 PM,3,1,2
05/22/2018 06:00:00 PM,4,1,3
05/22/2018 05:00:00 PM,6,4,2
05/22/2018 04:00:00 PM,7,0,7
05/22/2018 03:00:00 PM,8,2,6
05/22/2018 02:00:00 PM,4,1,3
05/22/2018 01:00:00 PM,3,2,1
05/22/2018 12:00:00 PM,5,0,5
05/22/2018 11:00:00 AM,4,2,2
05/22/2018 10:00:00 AM,6,4,2
05/22/2018 09:00:00 AM,3,1,2
05/22/2018 08:00:00 AM,7,4,3
05/22/2018 07:00:00 AM,1,0,1
05/22/2018 06:00:00 AM,1,1,0
05/22/2018 05:00:00 AM,0,0,0
05/22/2018 04:00:00 AM,0,0,0
05/22/2018 03:00:00 AM,0,0,0
05/22/2018 02:00:00 AM,0,0,0
05/22/2018 01:00:00 AM,0,0,0
05/22/2018 12:00:00 AM,1,0,1
05/21/2018 11:00:00 PM,0,0,0
05/21/2018 10:00:00 PM,1,0,1
05/21/2018 09:00:00 PM,4,2,2
05/21/2018 08:00:00 PM,3,0,3
05/21/2018 07:00:00 PM,6,3,3
05/21/2018 06:00:00 PM,10,5,5
05/21/2018 05:00:00 PM,12,5,7
05/21/2018 04:00:00 PM,19,7,12
05/21/2018 03:00:00 PM,7,4,3
05/21/2018 02:00:00 PM,5,2,3
05/21/2018 01:00:00 PM,3,0,3
05/21/2018 12:00:00 PM,2,2,0
05/21/2018 11:00:00 AM,7,7,0
05/21/2018 10:00:00 AM,1,0,1
05/21/2018 09:00:00 AM,4,0,4
05/21/2018 08:00:00 AM,4,0,4
05/21/2018 07:00:00 AM,2,0,2
05/21/2018 06:00:00 AM,0,0,0
05/21/2018 05:00:00 AM,1,0,1
05/21/2018 04:00:00 AM,0,0,0
05/21/2018 03:00:00 AM,0,0,0
05/21/2018 02:00:00 AM,1,1,0
05/21/2018 01:00:00 AM,0,0,0
05/21/2018 12:00:00 AM,0,0,0
05/20/2018 11:00:00 PM,0,0,0
05/20/2018 10:00:00 PM,0,0,0
05/20/2018 09:00:00 PM,2,2,0
05/20/2018 08:00:00 PM,2,0,2
05/20/2018 07:00:00 PM,4,2,2
05/20/2018 06:00:00 PM,6,5,1
05/20/2018 05:00:00 PM,8,5,3
05/20/2018 04:00:00 PM,18,10,8
05/20/2018 03:00:00 PM,11,8,3
05/20/2018 02:00:00 PM,11,8,3
05/20/2018 01:00:00 PM,4,4,0
05/20/2018 12:00:00 PM,5,1,4
05/20/2018 11:00:00 AM,7,4,3
05/20/2018 10:00:00 AM,2,1,1
05/20/2018 09:00:00 AM,2,0,2
05/20/2018 08:00:00 AM,0,0,0
05/20/2018 07:00:00 AM,0,0,0
05/20/2018 06:00:00 AM,1,0,1
05/20/2018 05:00:00 AM,0,0,0
05/20/2018 04:00:00 AM,0,0,0
05/20/2018 03:00:00 AM,1,0,1
05/20/2018 02:00:00 AM,0,0,0
05/20/2018 01:00:00 AM,0,0,0
05/20/2018 12:00:00 AM,1,0,1
05/19/2018 11:00:00 PM,1,1,0
05/19/2018 10:00:00 PM,0,0,0
05/19/2018 09:00:00 PM,2,1,1
05/19/2018 08:00:00 PM,10,5,5
05/19/2018 07:00:00 PM,5,2,3
05/19/2018 06:00:00 PM,5,1,4
05/19/2018 05:00:00 PM,2,2,0
05/19/2018 04:00:00 PM,9,7,2
05/19/2018 03:00:00 PM,7,3,4
05/19/2018 02:00:00 PM,8,5,3
05/19/2018 01:00:00 PM,6,5,1
05/19/2018 12:00:00 PM,10,6,4
05/19/2018 11:00:00 AM,11,9,2
05/19/2018 10:00:00 AM,9,5,4
05/19/2018 09:00:00 AM,9,6,3
05/19/2018 08:00:00 AM,3,2,1
05/19/2018 07:00:00 AM,2,0,2
05/19/2018 06:00:00 AM,0,0,0
05/19/2018 05:00:00 AM,1,1,0
05/19/2018 04:00:00 AM,0,0,0
05/19/2018 03:00:00 AM,0,0,0
05/19/2018 02:00:00 AM,0,0,0
05/19/2018 01:00:00 AM,0,0,0
05/19/2018 12:00:00 AM,1,1,0
05/18/2018 11:00:00 PM,1,0,1
05/18/2018 10:00:00 PM,0,0,0
05/18/2018 09:00:00 PM,0,0,0
05/18/2018 08:00:00 PM,3,2,1
05/18/2018 07:00:00 PM,3,2,1
05/18/2018 06:00:00 PM,7,4,3
05/18/2018 05:00:00 PM,10,4,6
05/18/2018 04:00:00 PM,11,6,5
05/18/2018 03:00:00 PM,7,2,5
05/18/2018 02:00:00 PM,4,1,3
05/18/2018 01:00:00 PM,2,2,0
05/18/2018 12:00:00 PM,4,2,2
05/18/2018 11:00:00 AM,5,3,2
05/18/2018 10:00:00 AM,1,1,0
05/18/2018 09:00:00 AM,2,1,1
05/18/2018 08:00:00 AM,1,1,0
05/18/2018 07:00:00 AM,1,1,0
05/18/2018 06:00:00 AM,1,0,1
05/18/2018 05:00:00 AM,0,0,0
05/18/2018 04:00:00 AM,0,0,0
05/18/2018 03:00:00 AM,0,0,0
05/18/2018 02:00:00 AM,0,0,0
05/18/2018 01:00:00 AM,1,0,1
05/18/2018 12:00:00 AM,0,0,0
05/17/2018 11:00:00 PM,1,1,0
05/17/2018 10:00:00 PM,2,0,2
05/17/2018 09:00:00 PM,1,0,1
05/17/2018 08:00:00 PM,1,0,1
05/17/2018 07:00:00 PM,12,5,7
05/17/2018 06:00:00 PM,14,6,8
05/17/2018 05:00:00 PM,15,5,10
05/17/2018 04:00:00 PM,8,6,2
05/17/2018 03:00:00 PM,11,3,8
05/17/2018 02:00:00 PM,4,2,2
05/17/2018 01:00:00 PM,8,3,5
05/17/2018 12:00:00 PM,1,1,0
05/17/2018 11:00:00 AM,3,3,0
05/17/2018 10:00:00 AM,1,1,0
05/17/2018 09:00:00 AM,3,2,1
05/17/2018 08:00:00 AM,5,3,2
05/17/2018 07:00:00 AM,2,1,1
05/17/2018 06:00:00 AM,1,1,0
05/17/2018 05:00:00 AM,0,0,0
05/17/2018 04:00:00 AM,0,0,0
05/17/2018 03:00:00 AM,0,0,0
05/17/2018 02:00:00 AM,0,0,0
05/17/2018 01:00:00 AM,1,1,0
05/17/2018 12:00:00 AM,0,0,0
05/16/2018 11:00:00 PM,0,0,0
05/16/2018 10:00:00 PM,1,0,1
05/16/2018 09:00:00 PM,0,0,0
05/16/2018 08:00:00 PM,6,5,1
05/16/2018 07:00:00 PM,4,3,1
05/16/2018 06:00:00 PM,10,4,6
05/16/2018 05:00:00 PM,3,1,2
05/16/2018 04:00:00 PM,7,2,5
05/16/2018 03:00:00 PM,6,3,3
05/16/2018 02:00:00 PM,3,1,2
05/16/2018 01:00:00 PM,4,4,0
05/16/2018 12:00:00 PM,9,5,4
05/16/2018 11:00:00 AM,5,4,1
05/16/2018 10:00:00 AM,1,0,1
05/16/2018 09:00:00 AM,1,1,0
05/16/2018 08:00:00 AM,1,1,0
05/16/2018 07:00:00 AM,2,0,2
05/16/2018 06:00:00 AM,0,0,0
05/16/2018 05:00:00 AM,1,0,1
05/16/2018 04:00:00 AM,0,0,0
05/16/2018 03:00:00 AM,0,0,0
05/16/2018 02:00:00 AM,0,0,0
05/16/2018 01:00:00 AM,0,0,0
05/16/2018 12:00:00 AM,1,0,1
05/15/2018 11:00:00 PM,1,0,1
05/15/2018 10:00:00 PM,3,1,2
05/15/2018 09:00:00 PM,4,2,2
05/15/2018 08:00:00 PM,3,1,2
05/15/2018 07:00:00 PM,12,6,6
05/15/2018 06:00:00 PM,8,0,8
05/15/2018 05:00:00 PM,6,2,4
05/15/2018 04:00:00 PM,5,0,5
05/15/2018 03:00:00 PM,5,1,4
05/15/2018 02:00:00 PM,5,0,5
05/15/2018 01:00:00 PM,7,3,4
05/15/2018 12:00:00 PM,3,0,3
05/15/2018 11:00:00 AM,4,4,0
05/15/2018 10:00:00 AM,2,2,0
05/15/2018 09:00:00 AM,4,1,3
05/15/2018 08:00:00 AM,1,1,0
05/15/2018 07:00:00 AM,3,3,0
05/15/2018 06:00:00 AM,1,1,0
05/15/2018 05:00:00 AM,0,0,0
05/15/2018 04:00:00 AM,0,0,0
05/15/2018 03:00:00 AM,0,0,0
05/15/2018 02:00:00 AM,0,0,0
05/15/2018 01:00:00 AM,0,0,0
05/15/2018 12:00:00 AM,1,0,1
05/14/2018 11:00:00 PM,0,0,0
05/14/2018 10:00:00 PM,1,0,1
05/14/2018 09:00:00 PM,3,1,2
05/14/2018 08:00:00 PM,2,2,0
05/14/2018 07:00:00 PM,3,2,1
05/14/2018 06:00:00 PM,7,4,3
05/14/2018 05:00:00 PM,5,1,4
05/14/2018 04:00:00 PM,18,6,12
05/14/2018 03:00:00 PM,9,2,7
05/14/2018 02:00:00 PM,4,0,4
05/14/2018 01:00:00 PM,7,4,3
05/14/2018 12:00:00 PM,6,2,4
05/14/2018 11:00:00 AM,5,2,3
05/14/2018 10:00:00 AM,3,2,1
05/14/2018 09:00:00 AM,2,1,1
05/14/2018 08:00:00 AM,5,2,3
05/14/2018 07:00:00 AM,3,3,0
05/14/2018 06:00:00 AM,0,0,0
05/14/2018 05:00:00 AM,0,0,0
05/14/2018 04:00:00 AM,1,1,0
05/14/2018 03:00:00 AM,0,0,0
05/14/2018 02:00:00 AM,0,0,0
05/14/2018 01:00:00 AM,1,0,1
05/14/2018 12:00:00 AM,3,2,1
05/13/2018 11:00:00 PM,2,0,2
05/13/2018 10:00:00 PM,5,2,3
05/13/2018 09:00:00 PM,5,0,5
05/13/2018 08:00:00 PM,2,1,1
05/13/2018 07:00:00 PM,5,1,4
05/13/2018 06:00:00 PM,9,4,5
05/13/2018 05:00:00 PM,12,4,8
05/13/2018 04:00:00 PM,9,0,9
05/13/2018 03:00:00 PM,10,6,4
05/13/2018 02:00:00 PM,14,6,8
05/13/2018 01:00:00 PM,12,7,5
05/13/2018 12:00:00 PM,8,3,5
05/13/2018 11:00:00 AM,9,2,7
05/13/2018 10:00:00 AM,5,2,3
05/13/2018 09:00:00 AM,3,0,3
05/13/2018 08:00:00 AM,3,0,3
05/13/2018 07:00:00 AM,2,0,2
05/13/2018 06:00:00 AM,1,0,1
05/13/2018 05:00:00 AM,0,0,0
05/13/2018 04:00:00 AM,0,0,0
05/13/2018 03:00:00 AM,0,0,0
05/13/2018 02:00:00 AM,0,0,0
05/13/2018 01:00:00 AM,0,0,0
05/13/2018 12:00:00 AM,3,1,2
05/12/2018 11:00:00 PM,0,0,0
05/12/2018 10:00:00 PM,3,0,3
05/12/2018 09:00:00 PM,2,2,0
05/12/2018 08:00:00 PM,0,0,0
05/12/2018 07:00:00 PM,3,1,2
05/12/2018 06:00:00 PM,6,0,6
05/12/2018 05:00:00 PM,6,2,4
05/12/2018 04:00:00 PM,8,3,5
05/12/2018 03:00:00 PM,2,1,1
05/12/2018 02:00:00 PM,14,8,6
05/12/2018 01:00:00 PM,13,2,11
05/12/2018 12:00:00 PM,10,6,4
05/12/2018 11:00:00 AM,13,7,6
05/12/2018 10:00:00 AM,4,0,4
05/12/2018 09:00:00 AM,1,0,1
05/12/2018 08:00:00 AM,4,0,4
05/12/2018 07:00:00 AM,0,0,0
05/12/2018 06:00:00 AM,0,0,0
05/12/2018 05:00:00 AM,0,0,0
05/12/2018 04:00:00 AM,0,0,0
05/12/2018 03:00:00 AM,0,0,0
05/12/2018 02:00:00 AM,0,0,0
05/12/2018 01:00:00 AM,3,0,3
05/12/2018 12:00:00 AM,1,0,1
05/11/2018 11:00:00 PM,7,1,6
05/11/2018 10:00:00 PM,13,2,11
05/11/2018 09:00:00 PM,13,4,9
05/11/2018 08:00:00 PM,8,5,3
05/11/2018 07:00:00 PM,8,0,8
05/11/2018 06:00:00 PM,8,4,4
05/11/2018 05:00:00 PM,2,0,2
05/11/2018 04:00:00 PM,6,0,6
05/11/2018 03:00:00 PM,6,0,6
05/11/2018 02:00:00 PM,5,2,3
05/11/2018 01:00:00 PM,12,2,10
05/11/2018 12:00:00 PM,4,1,3
05/11/2018 11:00:00 AM,2,1,1
05/11/2018 10:00:00 AM,4,3,1
05/11/2018 09:00:00 AM,2,1,1
05/11/2018 08:00:00 AM,8,2,6
05/11/2018 07:00:00 AM,4,3,1
05/11/2018 06:00:00 AM,6,3,3
05/11/2018 05:00:00 AM,0,0,0
05/11/2018 04:00:00 AM,1,0,1
05/11/2018 03:00:00 AM,0,0,0
05/11/2018 02:00:00 AM,0,0,0
05/11/2018 01:00:00 AM,0,0,0
05/11/2018 12:00:00 AM,0,0,0
05/10/2018 11:00:00 PM,0,0,0
05/10/2018 10:00:00 PM,2,0,2
05/10/2018 09:00:00 PM,6,1,5
05/10/2018 08:00:00 PM,4,1,3
05/10/2018 07:00:00 PM,14,5,9
05/10/2018 06:00:00 PM,6,3,3
05/10/2018 05:00:00 PM,10,3,7
05/10/2018 04:00:00 PM,2,1,1
05/10/2018 03:00:00 PM,6,4,2
05/10/2018 02:00:00 PM,2,1,1
05/10/2018 01:00:00 PM,7,5,2
05/10/2018 12:00:00 PM,1,0,1
05/10/2018 11:00:00 AM,0,0,0
05/10/2018 10:00:00 AM,0,0,0
05/10/2018 09:00:00 AM,6,3,3
05/10/2018 08:00:00 AM,7,2,5
05/10/2018 07:00:00 AM,4,0,4
05/10/2018 06:00:00 AM,1,1,0
05/10/2018 05:00:00 AM,0,0,0
05/10/2018 04:00:00 AM,0,0,0
05/10/2018 03:00:00 AM,0,0,0
05/10/2018 02:00:00 AM,0,0,0
05/10/2018 01:00:00 AM,0,0,0
05/10/2018 12:00:00 AM,1,0,1
05/09/2018 11:00:00 PM,1,0,1
05/09/2018 10:00:00 PM,0,0,0
05/09/2018 09:00:00 PM,2,2,0
05/09/2018 08:00:00 PM,3,1,2
05/09/2018 07:00:00 PM,2,0,2
05/09/2018 06:00:00 PM,11,8,3
05/09/2018 05:00:00 PM,1,0,1
05/09/2018 04:00:00 PM,7,5,2
05/09/2018 03:00:00 PM,6,3,3
05/09/2018 02:00:00 PM,3,2,1
05/09/2018 01:00:00 PM,4,1,3
05/09/2018 12:00:00 PM,3,2,1
05/09/2018 11:00:00 AM,4,0,4
05/09/2018 10:00:00 AM,0,0,0
05/09/2018 09:00:00 AM,6,2,4
05/09/2018 08:00:00 AM,7,5,2
05/09/2018 07:00:00 AM,1,1,0
05/09/2018 06:00:00 AM,0,0,0
05/09/2018 05:00:00 AM,0,0,0
05/09/2018 04:00:00 AM,0,0,0
05/09/2018 03:00:00 AM,1,0,1
05/09/2018 02:00:00 AM,0,0,0
05/09/2018 01:00:00 AM,0,0,0
05/09/2018 12:00:00 AM,0,0,0
05/08/2018 11:00:00 PM,1,1,0
05/08/2018 10:00:00 PM,1,0,1
05/08/2018 09:00:00 PM,2,0,2
05/08/2018 08:00:00 PM,5,3,2
05/08/2018 07:00:00 PM,3,2,1
05/08/2018 06:00:00 PM,13,2,11
05/08/2018 05:00:00 PM,7,3,4
05/08/2018 04:00:00 PM,14,2,12
05/08/2018 03:00:00 PM,7,4,3
05/08/2018 02:00:00 PM,7,4,3
05/08/2018 01:00:00 PM,6,0,6
05/08/2018 12:00:00 PM,9,0,9
05/08/2018 11:00:00 AM,5,0,5
05/08/2018 10:00:00 AM,9,2,7
05/08/2018 09:00:00 AM,4,0,4
05/08/2018 08:00:00 AM,7,4,3
05/08/2018 07:00:00 AM,3,0,3
05/08/2018 06:00:00 AM,3,1,2
05/08/2018 05:00:00 AM,3,0,3
05/08/2018 04:00:00 AM,2,0,2
05/08/2018 03:00:00 AM,0,0,0
05/08/2018 02:00:00 AM,0,0,0
05/08/2018 01:00:00 AM,1,0,1
05/08/2018 12:00:00 AM,3,1,2
05/07/2018 11:00:00 PM,2,2,0
05/07/2018 10:00:00 PM,7,0,7
05/07/2018 09:00:00 PM,9,0,9
05/07/2018 08:00:00 PM,8,2,6
05/07/2018 07:00:00 PM,6,2,4
05/07/2018 06:00:00 PM,11,2,9
05/07/2018 05:00:00 PM,14,2,12
05/07/2018 04:00:00 PM,11,2,9
05/07/2018 03:00:00 PM,12,2,10
05/07/2018 02:00:00 PM,10,1,9
05/07/2018 01:00:00 PM,10,1,9
05/07/2018 12:00:00 PM,12,3,9
05/07/2018 11:00:00 AM,7,1,6
05/07/2018 10:00:00 AM,4,3,1
05/07/2018 09:00:00 AM,4,1,3
05/07/2018 08:00:00 AM,5,1,4
05/07/2018 07:00:00 AM,1,1,0
05/07/2018 06:00:00 AM,0,0,0
05/07/2018 05:00:00 AM,2,1,1
05/07/2018 04:00:00 AM,0,0,0
05/07/2018 03:00:00 AM,1,1,0
05/07/2018 02:00:00 AM,0,0,0
05/07/2018 01:00:00 AM,1,0,1
05/07/2018 12:00:00 AM,0,0,0
05/06/2018 11:00:00 PM,2,0,2
05/06/2018 10:00:00 PM,1,1,0
05/06/2018 09:00:00 PM,4,1,3
05/06/2018 08:00:00 PM,6,1,5
05/06/2018 07:00:00 PM,4,1,3
05/06/2018 06:00:00 PM,10,3,7
05/06/2018 05:00:00 PM,9,1,8
05/06/2018 04:00:00 PM,9,0,9
05/06/2018 03:00:00 PM,9,3,6
05/06/2018 02:00:00 PM,10,2,8
05/06/2018 01:00:00 PM,9,4,5
05/06/2018 12:00:00 PM,13,2,11
05/06/2018 11:00:00 AM,19,11,8
05/06/2018 10:00:00 AM,13,4,9
05/06/2018 09:00:00 AM,5,1,4
05/06/2018 08:00:00 AM,3,3,0
05/06/2018 07:00:00 AM,2,1,1
05/06/2018 06:00:00 AM,1,0,1
05/06/2018 05:00:00 AM,0,0,0
05/06/2018 04:00:00 AM,0,0,0
05/06/2018 03:00:00 AM,1,0,1
05/06/2018 02:00:00 AM,1,0,1
05/06/2018 01:00:00 AM,1,0,1
05/06/2018 12:00:00 AM,3,3,0
05/05/2018 11:00:00 PM,3,2,1
05/05/2018 10:00:00 PM,7,0,7
05/05/2018 09:00:00 PM,3,1,2
05/05/2018 08:00:00 PM,6,1,5
05/05/2018 07:00:00 PM,7,0,7
05/05/2018 06:00:00 PM,12,4,8
05/05/2018 05:00:00 PM,8,3,5
05/05/2018 04:00:00 PM,3,2,1
05/05/2018 03:00:00 PM,9,3,6
05/05/2018 02:00:00 PM,10,5,5
05/05/2018 01:00:00 PM,17,11,6
05/05/2018 12:00:00 PM,7,1,6
05/05/2018 11:00:00 AM,9,3,6
05/05/2018 10:00:00 AM,22,11,11
05/05/2018 09:00:00 AM,4,4,0
05/05/2018 08:00:00 AM,0,0,0
05/05/2018 07:00:00 AM,4,2,2
05/05/2018 06:00:00 AM,2,0,2
05/05/2018 05:00:00 AM,3,0,3
05/05/2018 04:00:00 AM,0,0,0
05/05/2018 03:00:00 AM,2,0,2
05/05/2018 02:00:00 AM,4,0,4
05/05/2018 01:00:00 AM,4,0,4
05/05/2018 12:00:00 AM,4,1,3
05/04/2018 11:00:00 PM,5,1,4
05/04/2018 10:00:00 PM,8,1,7
05/04/2018 09:00:00 PM,10,2,8
05/04/2018 08:00:00 PM,8,1,7
05/04/2018 07:00:00 PM,8,4,4
05/04/2018 06:00:00 PM,7,2,5
05/04/2018 05:00:00 PM,8,2,6
05/04/2018 04:00:00 PM,9,1,8
05/04/2018 03:00:00 PM,15,4,11
05/04/2018 02:00:00 PM,8,4,4
05/04/2018 01:00:00 PM,14,5,9
05/04/2018 12:00:00 PM,12,1,11
05/04/2018 11:00:00 AM,3,2,1
05/04/2018 10:00:00 AM,6,3,3
05/04/2018 09:00:00 AM,3,2,1
05/04/2018 08:00:00 AM,8,4,4
05/04/2018 07:00:00 AM,8,1,7
05/04/2018 06:00:00 AM,8,5,3
05/04/2018 05:00:00 AM,4,2,2
05/04/2018 04:00:00 AM,0,0,0
05/04/2018 03:00:00 AM,2,0,2
05/04/2018 02:00:00 AM,1,0,1
05/04/2018 01:00:00 AM,0,0,0
05/04/2018 12:00:00 AM,1,0,1
05/03/2018 11:00:00 PM,5,0,5
05/03/2018 10:00:00 PM,12,2,10
05/03/2018 09:00:00 PM,6,1,5
05/03/2018 08:00:00 PM,7,1,6
05/03/2018 07:00:00 PM,9,1,8
05/03/2018 06:00:00 PM,16,3,13
05/03/2018 05:00:00 PM,18,4,14
05/03/2018 04:00:00 PM,6,0,6
05/03/2018 03:00:00 PM,7,1,6
05/03/2018 02:00:00 PM,6,1,5
05/03/2018 01:00:00 PM,9,2,7
05/03/2018 12:00:00 PM,7,3,4
05/03/2018 11:00:00 AM,8,1,7
05/03/2018 10:00:00 AM,4,1,3
05/03/2018 09:00:00 AM,1,0,1
05/03/2018 08:00:00 AM,1,0,1
05/03/2018 07:00:00 AM,5,3,2
05/03/2018 06:00:00 AM,0,0,0
05/03/2018 05:00:00 AM,0,0,0
05/03/2018 04:00:00 AM,2,0,2
05/03/2018 03:00:00 AM,0,0,0
05/03/2018 02:00:00 AM,0,0,0
05/03/2018 01:00:00 AM,0,0,0
05/03/2018 12:00:00 AM,1,0,1
05/02/2018 11:00:00 PM,1,1,0
05/02/2018 10:00:00 PM,1,1,0
05/02/2018 09:00:00 PM,1,1,0
05/02/2018 08:00:00 PM,5,1,4
05/02/2018 07:00:00 PM,3,1,2
05/02/2018 06:00:00 PM,11,4,7
05/02/2018 05:00:00 PM,14,4,10
05/02/2018 04:00:00 PM,9,1,8
05/02/2018 03:00:00 PM,11,2,9
05/02/2018 02:00:00 PM,8,1,7
05/02/2018 01:00:00 PM,8,1,7
05/02/2018 12:00:00 PM,5,0,5
05/02/2018 11:00:00 AM,5,0,5
05/02/2018 10:00:00 AM,4,3,1
05/02/2018 09:00:00 AM,8,6,2
05/02/2018 08:00:00 AM,1,0,1
05/02/2018 07:00:00 AM,2,2,0
05/02/2018 06:00:00 AM,2,1,1
05/02/2018 05:00:00 AM,1,0,1
05/02/2018 04:00:00 AM,1,1,0
05/02/2018 03:00:00 AM,0,0,0
05/02/2018 02:00:00 AM,0,0,0
05/02/2018 01:00:00 AM,0,0,0
05/02/2018 12:00:00 AM,0,0,0
05/01/2018 11:00:00 PM,0,0,0
05/01/2018 10:00:00 PM,4,2,2
05/01/2018 09:00:00 PM,4,1,3
05/01/2018 08:00:00 PM,5,0,5
05/01/2018 07:00:00 PM,13,3,10
05/01/2018 06:00:00 PM,12,3,9
05/01/2018 05:00:00 PM,13,1,12
05/01/2018 04:00:00 PM,17,3,14
05/01/2018 03:00:00 PM,12,5,7
05/01/2018 02:00:00 PM,4,1,3
05/01/2018 01:00:00 PM,9,1,8
05/01/2018 12:00:00 PM,6,2,4
05/01/2018 11:00:00 AM,2,1,1
05/01/2018 10:00:00 AM,2,0,2
05/01/2018 09:00:00 AM,6,3,3
05/01/2018 08:00:00 AM,5,4,1
05/01/2018 07:00:00 AM,4,2,2
05/01/2018 06:00:00 AM,0,0,0
05/01/2018 05:00:00 AM,1,1,0
05/01/2018 04:00:00 AM,0,0,0
05/01/2018 03:00:00 AM,0,0,0
05/01/2018 02:00:00 AM,1,1,0
05/01/2018 01:00:00 AM,1,1,0
05/01/2018 12:00:00 AM,0,0,0
04/30/2018 11:00:00 PM,1,0,1
04/30/2018 10:00:00 PM,1,0,1
04/30/2018 09:00:00 PM,5,1,4
04/30/2018 08:00:00 PM,6,0,6
04/30/2018 07:00:00 PM,4,2,2
04/30/2018 06:00:00 PM,14,3,11
04/30/2018 05:00:00 PM,10,3,7
04/30/2018 04:00:00 PM,13,6,7
04/30/2018 03:00:00 PM,4,1,3
04/30/2018 02:00:00 PM,3,1,2
04/30/2018 01:00:00 PM,1,1,0
04/30/2018 12:00:00 PM,4,3,1
04/30/2018 11:00:00 AM,3,2,1
04/30/2018 10:00:00 AM,2,2,0
04/30/2018 09:00:00 AM,4,1,3
04/30/2018 08:00:00 AM,3,1,2
04/30/2018 07:00:00 AM,1,1,0
04/30/2018 06:00:00 AM,1,0,1
04/30/2018 05:00:00 AM,1,1,0
04/30/2018 04:00:00 AM,0,0,0
04/30/2018 03:00:00 AM,0,0,0
04/30/2018 02:00:00 AM,0,0,0
04/30/2018 01:00:00 AM,0,0,0
04/30/2018 12:00:00 AM,0,0,0
04/29/2018 11:00:00 PM,2,0,2
04/29/2018 10:00:00 PM,3,1,2
04/29/2018 09:00:00 PM,3,0,3
04/29/2018 08:00:00 PM,7,4,3
04/29/2018 07:00:00 PM,12,4,8
04/29/2018 06:00:00 PM,10,1,9
04/29/2018 05:00:00 PM,7,1,6
04/29/2018 04:00:00 PM,7,4,3
04/29/2018 03:00:00 PM,5,4,1
04/29/2018 02:00:00 PM,11,7,4
04/29/2018 01:00:00 PM,9,4,5
04/29/2018 12:00:00 PM,13,9,4
04/29/2018 11:00:00 AM,8,4,4
04/29/2018 10:00:00 AM,0,0,0
04/29/2018 09:00:00 AM,2,1,1
04/29/2018 08:00:00 AM,1,0,1
04/29/2018 07:00:00 AM,1,0,1
04/29/2018 06:00:00 AM,0,0,0
04/29/2018 05:00:00 AM,0,0,0
04/29/2018 04:00:00 AM,0,0,0
04/29/2018 03:00:00 AM,0,0,0
04/29/2018 02:00:00 AM,0,0,0
04/29/2018 01:00:00 AM,0,0,0
04/29/2018 12:00:00 AM,0,0,0
04/28/2018 11:00:00 PM,2,1,1
04/28/2018 10:00:00 PM,1,0,1
04/28/2018 09:00:00 PM,1,0,1
04/28/2018 08:00:00 PM,1,1,0
04/28/2018 07:00:00 PM,3,2,1
04/28/2018 06:00:00 PM,1,0,1
04/28/2018 05:00:00 PM,4,0,4
04/28/2018 04:00:00 PM,9,5,4
04/28/2018 03:00:00 PM,3,2,1
04/28/2018 02:00:00 PM,4,1,3
04/28/2018 01:00:00 PM,1,0,1
04/28/2018 12:00:00 PM,4,3,1
04/28/2018 11:00:00 AM,3,1,2
04/28/2018 10:00:00 AM,6,3,3
04/28/2018 09:00:00 AM,18,13,5
04/28/2018 08:00:00 AM,6,3,3
04/28/2018 07:00:00 AM,3,1,2
04/28/2018 06:00:00 AM,0,0,0
04/28/2018 05:00:00 AM,0,0,0
04/28/2018 04:00:00 AM,0,0,0
04/28/2018 03:00:00 AM,0,0,0
04/28/2018 02:00:00 AM,0,0,0
04/28/2018 01:00:00 AM,0,0,0
04/28/2018 12:00:00 AM,1,0,1
04/27/2018 11:00:00 PM,2,2,0
04/27/2018 10:00:00 PM,5,0,5
04/27/2018 09:00:00 PM,2,2,0
04/27/2018 08:00:00 PM,4,3,1
04/27/2018 07:00:00 PM,1,1,0
04/27/2018 06:00:00 PM,4,3,1
04/27/2018 05:00:00 PM,4,3,1
04/27/2018 04:00:00 PM,3,2,1
04/27/2018 03:00:00 PM,4,3,1
04/27/2018 02:00:00 PM,3,2,1
04/27/2018 01:00:00 PM,7,3,4
04/27/2018 12:00:00 PM,11,8,3
04/27/2018 11:00:00 AM,5,5,0
04/27/2018 10:00:00 AM,2,2,0
04/27/2018 09:00:00 AM,3,3,0
04/27/2018 08:00:00 AM,3,2,1
04/27/2018 07:00:00 AM,0,0,0
04/27/2018 06:00:00 AM,0,0,0
04/27/2018 05:00:00 AM,0,0,0
04/27/2018 04:00:00 AM,0,0,0
04/27/2018 03:00:00 AM,0,0,0
04/27/2018 02:00:00 AM,0,0,0
04/27/2018 01:00:00 AM,0,0,0
04/27/2018 12:00:00 AM,2,2,0
04/26/2018 11:00:00 PM,0,0,0
04/26/2018 10:00:00 PM,3,1,2
04/26/2018 09:00:00 PM,1,0,1
04/26/2018 08:00:00 PM,6,2,4
04/26/2018 07:00:00 PM,7,2,5
04/26/2018 06:00:00 PM,12,3,9
04/26/2018 05:00:00 PM,11,2,9
04/26/2018 04:00:00 PM,7,2,5
04/26/2018 03:00:00 PM,11,2,9
04/26/2018 02:00:00 PM,6,1,5
04/26/2018 01:00:00 PM,4,0,4
04/26/2018 12:00:00 PM,8,1,7
04/26/2018 11:00:00 AM,4,1,3
04/26/2018 10:00:00 AM,4,0,4
04/26/2018 09:00:00 AM,4,2,2
04/26/2018 08:00:00 AM,6,1,5
04/26/2018 07:00:00 AM,6,1,5
04/26/2018 06:00:00 AM,3,3,0
04/26/2018 05:00:00 AM,1,1,0
04/26/2018 04:00:00 AM,0,0,0
04/26/2018 03:00:00 AM,0,0,0
04/26/2018 02:00:00 AM,0,0,0
04/26/2018 01:00:00 AM,0,0,0
04/26/2018 12:00:00 AM,0,0,0
04/25/2018 11:00:00 PM,4,0,4
04/25/2018 10:00:00 PM,4,1,3
04/25/2018 09:00:00 PM,6,1,5
04/25/2018 08:00:00 PM,14,2,12
04/25/2018 07:00:00 PM,6,2,4
04/25/2018 06:00:00 PM,9,2,7
04/25/2018 05:00:00 PM,10,3,7
04/25/2018 04:00:00 PM,12,2,10
04/25/2018 03:00:00 PM,8,0,8
04/25/2018 02:00:00 PM,11,3,8
04/25/2018 01:00:00 PM,11,3,8
04/25/2018 12:00:00 PM,13,2,11
04/25/2018 11:00:00 AM,6,0,6
04/25/2018 10:00:00 AM,10,7,3
04/25/2018 09:00:00 AM,5,2,3
04/25/2018 08:00:00 AM,9,2,7
04/25/2018 07:00:00 AM,7,2,5
04/25/2018 06:00:00 AM,3,0,3
04/25/2018 05:00:00 AM,2,0,2
04/25/2018 04:00:00 AM,2,0,2
04/25/2018 03:00:00 AM,0,0,0
04/25/2018 02:00:00 AM,1,1,0
04/25/2018 01:00:00 AM,1,0,1
04/25/2018 12:00:00 AM,0,0,0
04/24/2018 11:00:00 PM,3,0,3
04/24/2018 10:00:00 PM,9,0,9
04/24/2018 09:00:00 PM,7,1,6
04/24/2018 08:00:00 PM,11,5,6
04/24/2018 07:00:00 PM,9,3,6
04/24/2018 06:00:00 PM,11,3,8
04/24/2018 05:00:00 PM,8,3,5
04/24/2018 04:00:00 PM,5,0,5
04/24/2018 03:00:00 PM,4,0,4
04/24/2018 02:00:00 PM,5,4,1
04/24/2018 01:00:00 PM,9,3,6
04/24/2018 12:00:00 PM,10,1,9
04/24/2018 11:00:00 AM,6,1,5
04/24/2018 10:00:00 AM,6,1,5
04/24/2018 09:00:00 AM,6,1,5
04/24/2018 08:00:00 AM,9,2,7
04/24/2018 07:00:00 AM,6,3,3
04/24/2018 06:00:00 AM,2,1,1
04/24/2018 05:00:00 AM,3,3,0
04/24/2018 04:00:00 AM,1,0,1
04/24/2018 03:00:00 AM,1,0,1
04/24/2018 02:00:00 AM,0,0,0
04/24/2018 01:00:00 AM,0,0,0
04/24/2018 12:00:00 AM,1,0,1
04/23/2018 11:00:00 PM,0,0,0
04/23/2018 10:00:00 PM,4,0,4
04/23/2018 09:00:00 PM,2,0,2
04/23/2018 08:00:00 PM,8,1,7
04/23/2018 07:00:00 PM,11,3,8
04/23/2018 06:00:00 PM,14,2,12
04/23/2018 05:00:00 PM,7,0,7
04/23/2018 04:00:00 PM,13,2,11
04/23/2018 03:00:00 PM,7,2,5
04/23/2018 02:00:00 PM,7,0,7
04/23/2018 01:00:00 PM,3,0,3
04/23/2018 12:00:00 PM,3,1,2
04/23/2018 11:00:00 AM,6,4,2
04/23/2018 10:00:00 AM,6,2,4
04/23/2018 09:00:00 AM,1,1,0
04/23/2018 08:00:00 AM,5,2,3
04/23/2018 07:00:00 AM,2,0,2
04/23/2018 06:00:00 AM,0,0,0
04/23/2018 05:00:00 AM,0,0,0
04/23/2018 04:00:00 AM,0,0,0
04/23/2018 03:00:00 AM,0,0,0
04/23/2018 02:00:00 AM,0,0,0
04/23/2018 01:00:00 AM,0,0,0
04/23/2018 12:00:00 AM,2,0,2
04/22/2018 11:00:00 PM,2,0,2
04/22/2018 10:00:00 PM,3,0,3
04/22/2018 09:00:00 PM,6,1,5
04/22/2018 08:00:00 PM,5,1,4
04/22/2018 07:00:00 PM,6,2,4
04/22/2018 06:00:00 PM,4,0,4
04/22/2018 05:00:00 PM,5,2,3
04/22/2018 04:00:00 PM,6,0,6
04/22/2018 03:00:00 PM,3,2,1
04/22/2018 02:00:00 PM,1,0,1
04/22/2018 01:00:00 PM,6,4,2
04/22/2018 12:00:00 PM,6,4,2
04/22/2018 11:00:00 AM,1,1,0
04/22/2018 10:00:00 AM,4,3,1
04/22/2018 09:00:00 AM,2,1,1
04/22/2018 08:00:00 AM,1,0,1
04/22/2018 07:00:00 AM,1,0,1
04/22/2018 06:00:00 AM,1,0,1
04/22/2018 05:00:00 AM,2,0,2
04/22/2018 04:00:00 AM,0,0,0
04/22/2018 03:00:00 AM,1,1,0
04/22/2018 02:00:00 AM,1,0,1
04/22/2018 01:00:00 AM,3,0,3
04/22/2018 12:00:00 AM,4,0,4
04/21/2018 11:00:00 PM,10,4,6
04/21/2018 10:00:00 PM,4,3,1
04/21/2018 09:00:00 PM,4,1,3
04/21/2018 08:00:00 PM,10,2,8
04/21/2018 07:00:00 PM,10,4,6
04/21/2018 06:00:00 PM,2,0,2
04/21/2018 05:00:00 PM,3,3,0
04/21/2018 04:00:00 PM,5,0,5
04/21/2018 03:00:00 PM,3,0,3
04/21/2018 02:00:00 PM,5,1,4
04/21/2018 01:00:00 PM,2,1,1
04/21/2018 12:00:00 PM,4,1,3
04/21/2018 11:00:00 AM,5,2,3
04/21/2018 10:00:00 AM,6,1,5
04/21/2018 09:00:00 AM,4,1,3
04/21/2018 08:00:00 AM,4,3,1
04/21/2018 07:00:00 AM,2,1,1
04/21/2018 06:00:00 AM,0,0,0
04/21/2018 05:00:00 AM,1,0,1
04/21/2018 04:00:00 AM,2,1,1
04/21/2018 03:00:00 AM,0,0,0
04/21/2018 02:00:00 AM,1,0,1
04/21/2018 01:00:00 AM,3,0,3
04/21/2018 12:00:00 AM,0,0,0
04/20/2018 11:00:00 PM,5,1,4
04/20/2018 10:00:00 PM,5,0,5
04/20/2018 09:00:00 PM,9,2,7
04/20/2018 08:00:00 PM,7,0,7
04/20/2018 07:00:00 PM,6,1,5
04/20/2018 06:00:00 PM,10,7,3
04/20/2018 05:00:00 PM,5,0,5
04/20/2018 04:00:00 PM,6,1,5
04/20/2018 03:00:00 PM,4,3,1
04/20/2018 02:00:00 PM,4,0,4
04/20/2018 01:00:00 PM,6,0,6
04/20/2018 12:00:00 PM,4,1,3
04/20/2018 11:00:00 AM,4,1,3
04/20/2018 10:00:00 AM,1,0,1
04/20/2018 09:00:00 AM,6,1,5
04/20/2018 08:00:00 AM,7,1,6
04/20/2018 07:00:00 AM,6,1,5
04/20/2018 06:00:00 AM,8,2,6
04/20/2018 05:00:00 AM,5,1,4
04/20/2018 04:00:00 AM,0,0,0
04/20/2018 03:00:00 AM,0,0,0
04/20/2018 02:00:00 AM,1,0,1
04/20/2018 01:00:00 AM,1,0,1
04/20/2018 12:00:00 AM,0,0,0
04/19/2018 11:00:00 PM,3,0,3
04/19/2018 10:00:00 PM,6,0,6
04/19/2018 09:00:00 PM,5,0,5
04/19/2018 08:00:00 PM,3,0,3
04/19/2018 07:00:00 PM,10,3,7
04/19/2018 06:00:00 PM,4,0,4
04/19/2018 05:00:00 PM,5,1,4
04/19/2018 04:00:00 PM,9,2,7
04/19/2018 03:00:00 PM,5,1,4
04/19/2018 02:00:00 PM,8,3,5
04/19/2018 01:00:00 PM,4,0,4
04/19/2018 12:00:00 PM,4,3,1
04/19/2018 11:00:00 AM,7,1,6
04/19/2018 10:00:00 AM,3,3,0
04/19/2018 09:00:00 AM,4,1,3
04/19/2018 08:00:00 AM,6,0,6
04/19/2018 07:00:00 AM,3,1,2
04/19/2018 06:00:00 AM,6,2,4
04/19/2018 05:00:00 AM,2,0,2
04/19/2018 04:00:00 AM,1,0,1
04/19/2018 03:00:00 AM,0,0,0
04/19/2018 02:00:00 AM,1,0,1
04/19/2018 01:00:00 AM,1,0,1
04/19/2018 12:00:00 AM,1,0,1
04/18/2018 11:00:00 PM,2,0,2
04/18/2018 10:00:00 PM,5,0,5
04/18/2018 09:00:00 PM,5,0,5
04/18/2018 08:00:00 PM,8,1,7
04/18/2018 07:00:00 PM,4,0,4
04/18/2018 06:00:00 PM,9,3,6
04/18/2018 05:00:00 PM,11,1,10
04/18/2018 04:00:00 PM,7,0,7
04/18/2018 03:00:00 PM,9,1,8
04/18/2018 02:00:00 PM,6,0,6
04/18/2018 01:00:00 PM,9,0,9
04/18/2018 12:00:00 PM,3,1,2
04/18/2018 11:00:00 AM,9,2,7
04/18/2018 10:00:00 AM,4,1,3
04/18/2018 09:00:00 AM,6,2,4
04/18/2018 08:00:00 AM,2,0,2
04/18/2018 07:00:00 AM,5,0,5
04/18/2018 06:00:00 AM,5,0,5
04/18/2018 05:00:00 AM,1,0,1
04/18/2018 04:00:00 AM,1,0,1
04/18/2018 03:00:00 AM,1,0,1
04/18/2018 02:00:00 AM,0,0,0
04/18/2018 01:00:00 AM,0,0,0
04/18/2018 12:00:00 AM,0,0,0
04/17/2018 11:00:00 PM,1,0,1
04/17/2018 10:00:00 PM,4,0,4
04/17/2018 09:00:00 PM,6,0,6
04/17/2018 08:00:00 PM,10,0,10
04/17/2018 07:00:00 PM,12,0,12
04/17/2018 06:00:00 PM,9,1,8
04/17/2018 05:00:00 PM,5,1,4
04/17/2018 04:00:00 PM,6,2,4
04/17/2018 03:00:00 PM,4,0,4
04/17/2018 02:00:00 PM,6,0,6
04/17/2018 01:00:00 PM,6,1,5
04/17/2018 12:00:00 PM,8,1,7
04/17/2018 11:00:00 AM,3,2,1
04/17/2018 10:00:00 AM,6,4,2
04/17/2018 09:00:00 AM,4,0,4
04/17/2018 08:00:00 AM,7,0,7
04/17/2018 07:00:00 AM,6,1,5
04/17/2018 06:00:00 AM,0,0,0
04/17/2018 05:00:00 AM,2,1,1
04/17/2018 04:00:00 AM,2,0,2
04/17/2018 03:00:00 AM,0,0,0
04/17/2018 02:00:00 AM,1,0,1
04/17/2018 01:00:00 AM,1,1,0
04/17/2018 12:00:00 AM,4,0,4
04/16/2018 11:00:00 PM,5,0,5
04/16/2018 10:00:00 PM,5,0,5
04/16/2018 09:00:00 PM,5,1,4
04/16/2018 08:00:00 PM,8,0,8
04/16/2018 07:00:00 PM,3,0,3
04/16/2018 06:00:00 PM,6,2,4
04/16/2018 05:00:00 PM,2,0,2
04/16/2018 04:00:00 PM,1,1,0
04/16/2018 03:00:00 PM,2,1,1
04/16/2018 02:00:00 PM,1,0,1
04/16/2018 01:00:00 PM,1,0,1
04/16/2018 12:00:00 PM,6,0,6
04/16/2018 11:00:00 AM,8,2,6
04/16/2018 10:00:00 AM,13,3,10
04/16/2018 09:00:00 AM,7,0,7
04/16/2018 08:00:00 AM,6,0,6
04/16/2018 07:00:00 AM,6,3,3
04/16/2018 06:00:00 AM,6,0,6
04/16/2018 05:00:00 AM,4,0,4
04/16/2018 04:00:00 AM,2,0,2
04/16/2018 03:00:00 AM,0,0,0
04/16/2018 02:00:00 AM,0,0,0
04/16/2018 01:00:00 AM,0,0,0
04/16/2018 12:00:00 AM,1,0,1
04/15/2018 11:00:00 PM,0,0,0
04/15/2018 10:00:00 PM,1,1,0
04/15/2018 09:00:00 PM,5,1,4
04/15/2018 08:00:00 PM,4,0,4
04/15/2018 07:00:00 PM,2,0,2
04/15/2018 06:00:00 PM,4,0,4
04/15/2018 05:00:00 PM,3,0,3
04/15/2018 04:00:00 PM,8,2,6
04/15/2018 03:00:00 PM,7,1,6
04/15/2018 02:00:00 PM,12,3,9
04/15/2018 01:00:00 PM,13,4,9
04/15/2018 12:00:00 PM,6,3,3
04/15/2018 11:00:00 AM,6,4,2
04/15/2018 10:00:00 AM,5,1,4
04/15/2018 09:00:00 AM,2,0,2
04/15/2018 08:00:00 AM,0,0,0
04/15/2018 07:00:00 AM,0,0,0
04/15/2018 06:00:00 AM,0,0,0
04/15/2018 05:00:00 AM,0,0,0
04/15/2018 04:00:00 AM,0,0,0
04/15/2018 03:00:00 AM,0,0,0
04/15/2018 02:00:00 AM,4,1,3
04/15/2018 01:00:00 AM,0,0,0
04/15/2018 12:00:00 AM,1,0,1
04/14/2018 11:00:00 PM,2,0,2
04/14/2018 10:00:00 PM,3,0,3
04/14/2018 09:00:00 PM,3,1,2
04/14/2018 08:00:00 PM,1,0,1
04/14/2018 07:00:00 PM,5,1,4
04/14/2018 06:00:00 PM,3,0,3
04/14/2018 05:00:00 PM,4,1,3
04/14/2018 04:00:00 PM,3,1,2
04/14/2018 03:00:00 PM,7,4,3
04/14/2018 02:00:00 PM,17,4,13
04/14/2018 01:00:00 PM,6,2,4
04/14/2018 12:00:00 PM,1,0,1
04/14/2018 11:00:00 AM,5,0,5
04/14/2018 10:00:00 AM,6,4,2
04/14/2018 09:00:00 AM,2,0,2
04/14/2018 08:00:00 AM,2,0,2
04/14/2018 07:00:00 AM,3,1,2
04/14/2018 06:00:00 AM,0,0,0
04/14/2018 05:00:00 AM,0,0,0
04/14/2018 04:00:00 AM,1,0,1
04/14/2018 03:00:00 AM,1,0,1
04/14/2018 02:00:00 AM,1,0,1
04/14/2018 01:00:00 AM,0,0,0
04/14/2018 12:00:00 AM,0,0,0
04/13/2018 11:00:00 PM,3,2,1
04/13/2018 10:00:00 PM,2,0,2
04/13/2018 09:00:00 PM,6,3,3
04/13/2018 08:00:00 PM,9,0,9
04/13/2018 07:00:00 PM,13,1,12
04/13/2018 06:00:00 PM,19,6,13
04/13/2018 05:00:00 PM,10,4,6
04/13/2018 04:00:00 PM,12,5,7
04/13/2018 03:00:00 PM,5,3,2
04/13/2018 02:00:00 PM,5,3,2
04/13/2018 01:00:00 PM,7,3,4
04/13/2018 12:00:00 PM,1,1,0
04/13/2018 11:00:00 AM,1,0,1
04/13/2018 10:00:00 AM,0,0,0
04/13/2018 09:00:00 AM,1,1,0
04/13/2018 08:00:00 AM,3,2,1
04/13/2018 07:00:00 AM,4,2,2
04/13/2018 06:00:00 AM,0,0,0
04/13/2018 05:00:00 AM,1,1,0
04/13/2018 04:00:00 AM,0,0,0
04/13/2018 03:00:00 AM,0,0,0
04/13/2018 02:00:00 AM,0,0,0
04/13/2018 01:00:00 AM,0,0,0
04/13/2018 12:00:00 AM,0,0,0
04/12/2018 11:00:00 PM,0,0,0
04/12/2018 10:00:00 PM,1,1,0
04/12/2018 09:00:00 PM,2,2,0
04/12/2018 08:00:00 PM,2,1,1
04/12/2018 07:00:00 PM,6,5,1
04/12/2018 06:00:00 PM,8,8,0
04/12/2018 05:00:00 PM,4,2,2
04/12/2018 04:00:00 PM,5,5,0
04/12/2018 03:00:00 PM,0,0,0
04/12/2018 02:00:00 PM,0,0,0
04/12/2018 01:00:00 PM,2,2,0
04/12/2018 12:00:00 PM,7,4,3
04/12/2018 11:00:00 AM,3,2,1
04/12/2018 10:00:00 AM,0,0,0
04/12/2018 09:00:00 AM,1,1,0
04/12/2018 08:00:00 AM,1,0,1
04/12/2018 07:00:00 AM,1,1,0
04/12/2018 06:00:00 AM,1,0,1
04/12/2018 05:00:00 AM,0,0,0
04/12/2018 04:00:00 AM,2,0,2
04/12/2018 03:00:00 AM,0,0,0
04/12/2018 02:00:00 AM,0,0,0
04/12/2018 01:00:00 AM,0,0,0
04/12/2018 12:00:00 AM,0,0,0
04/11/2018 11:00:00 PM,0,0,0
04/11/2018 10:00:00 PM,3,2,1
04/11/2018 09:00:00 PM,2,2,0
04/11/2018 08:00:00 PM,1,0,1
04/11/2018 07:00:00 PM,5,4,1
04/11/2018 06:00:00 PM,9,5,4
04/11/2018 05:00:00 PM,7,2,5
04/11/2018 04:00:00 PM,5,5,0
04/11/2018 03:00:00 PM,2,2,0
04/11/2018 02:00:00 PM,4,3,1
04/11/2018 01:00:00 PM,1,0,1
04/11/2018 12:00:00 PM,5,4,1
04/11/2018 11:00:00 AM,6,4,2
04/11/2018 10:00:00 AM,6,4,2
04/11/2018 09:00:00 AM,9,2,7
04/11/2018 08:00:00 AM,10,6,4
04/11/2018 07:00:00 AM,4,4,0
04/11/2018 06:00:00 AM,0,0,0
04/11/2018 05:00:00 AM,0,0,0
04/11/2018 04:00:00 AM,0,0,0
04/11/2018 03:00:00 AM,0,0,0
04/11/2018 02:00:00 AM,0,0,0
04/11/2018 01:00:00 AM,0,0,0
04/11/2018 12:00:00 AM,1,1,0
04/10/2018 11:00:00 PM,0,0,0
04/10/2018 10:00:00 PM,2,2,0
04/10/2018 09:00:00 PM,6,3,3
04/10/2018 08:00:00 PM,6,4,2
04/10/2018 07:00:00 PM,8,3,5
04/10/2018 06:00:00 PM,16,9,7
04/10/2018 05:00:00 PM,9,5,4
04/10/2018 04:00:00 PM,7,2,5
04/10/2018 03:00:00 PM,17,8,9
04/10/2018 02:00:00 PM,7,4,3
04/10/2018 01:00:00 PM,8,6,2
04/10/2018 12:00:00 PM,7,4,3
04/10/2018 11:00:00 AM,9,4,5
04/10/2018 10:00:00 AM,3,1,2
04/10/2018 09:00:00 AM,5,3,2
04/10/2018 08:00:00 AM,7,5,2
04/10/2018 07:00:00 AM,6,4,2
04/10/2018 06:00:00 AM,1,0,1
04/10/2018 05:00:00 AM,0,0,0
04/10/2018 04:00:00 AM,0,0,0
04/10/2018 03:00:00 AM,0,0,0
04/10/2018 02:00:00 AM,0,0,0
04/10/2018 01:00:00 AM,0,0,0
04/10/2018 12:00:00 AM,0,0,0
04/09/2018 11:00:00 PM,1,0,1
04/09/2018 10:00:00 PM,2,1,1
04/09/2018 09:00:00 PM,6,3,3
04/09/2018 08:00:00 PM,9,4,5
04/09/2018 07:00:00 PM,12,6,6
04/09/2018 06:00:00 PM,18,10,8
04/09/2018 05:00:00 PM,27,12,15
04/09/2018 04:00:00 PM,19,10,9
04/09/2018 03:00:00 PM,18,11,7
04/09/2018 02:00:00 PM,5,3,2
04/09/2018 01:00:00 PM,11,7,4
04/09/2018 12:00:00 PM,12,3,9
04/09/2018 11:00:00 AM,8,4,4
04/09/2018 10:00:00 AM,13,5,8
04/09/2018 09:00:00 AM,11,6,5
04/09/2018 08:00:00 AM,5,3,2
04/09/2018 07:00:00 AM,8,2,6
04/09/2018 06:00:00 AM,4,3,1
04/09/2018 05:00:00 AM,0,0,0
04/09/2018 04:00:00 AM,0,0,0
04/09/2018 03:00:00 AM,0,0,0
04/09/2018 02:00:00 AM,0,0,0
04/09/2018 01:00:00 AM,0,0,0
04/09/2018 12:00:00 AM,0,0,0
04/08/2018 11:00:00 PM,0,0,0
04/08/2018 10:00:00 PM,2,1,1
04/08/2018 09:00:00 PM,2,1,1
04/08/2018 08:00:00 PM,4,2,2
04/08/2018 07:00:00 PM,9,6,3
04/08/2018 06:00:00 PM,7,4,3
04/08/2018 05:00:00 PM,9,6,3
04/08/2018 04:00:00 PM,11,6,5
04/08/2018 03:00:00 PM,7,5,2
04/08/2018 02:00:00 PM,14,11,3
04/08/2018 01:00:00 PM,14,6,8
04/08/2018 12:00:00 PM,17,14,3
04/08/2018 11:00:00 AM,9,7,2
04/08/2018 10:00:00 AM,8,8,0
04/08/2018 09:00:00 AM,3,0,3
04/08/2018 08:00:00 AM,2,1,1
04/08/2018 07:00:00 AM,1,0,1
04/08/2018 06:00:00 AM,3,2,1
04/08/2018 05:00:00 AM,0,0,0
04/08/2018 04:00:00 AM,0,0,0
04/08/2018 03:00:00 AM,0,0,0
04/08/2018 02:00:00 AM,0,0,0
04/08/2018 01:00:00 AM,0,0,0
04/08/2018 12:00:00 AM,2,0,2
04/07/2018 11:00:00 PM,5,4,1
04/07/2018 10:00:00 PM,3,3,0
04/07/2018 09:00:00 PM,0,0,0
04/07/2018 08:00:00 PM,8,5,3
04/07/2018 07:00:00 PM,10,7,3
04/07/2018 06:00:00 PM,3,3,0
04/07/2018 05:00:00 PM,5,3,2
04/07/2018 04:00:00 PM,3,3,0
04/07/2018 03:00:00 PM,6,5,1
04/07/2018 02:00:00 PM,5,1,4
04/07/2018 01:00:00 PM,5,1,4
04/07/2018 12:00:00 PM,8,6,2
04/07/2018 11:00:00 AM,10,5,5
04/07/2018 10:00:00 AM,5,1,4
04/07/2018 09:00:00 AM,4,4,0
04/07/2018 08:00:00 AM,6,3,3
04/07/2018 07:00:00 AM,2,0,2
04/07/2018 06:00:00 AM,0,0,0
04/07/2018 05:00:00 AM,1,1,0
04/07/2018 04:00:00 AM,0,0,0
04/07/2018 03:00:00 AM,0,0,0
04/07/2018 02:00:00 AM,0,0,0
04/07/2018 01:00:00 AM,0,0,0
04/07/2018 12:00:00 AM,1,0,1
04/06/2018 11:00:00 PM,1,0,1
04/06/2018 10:00:00 PM,3,2,1
04/06/2018 09:00:00 PM,8,3,5
04/06/2018 08:00:00 PM,11,10,1
04/06/2018 07:00:00 PM,11,5,6
04/06/2018 06:00:00 PM,21,17,4
04/06/2018 05:00:00 PM,18,7,11
04/06/2018 04:00:00 PM,8,4,4
04/06/2018 03:00:00 PM,7,1,6
04/06/2018 02:00:00 PM,7,6,1
04/06/2018 01:00:00 PM,7,7,0
04/06/2018 12:00:00 PM,9,2,7
04/06/2018 11:00:00 AM,6,4,2
04/06/2018 10:00:00 AM,6,2,4
04/06/2018 09:00:00 AM,10,4,6
04/06/2018 08:00:00 AM,6,4,2
04/06/2018 07:00:00 AM,4,2,2
04/06/2018 06:00:00 AM,3,3,0
04/06/2018 05:00:00 AM,0,0,0
04/06/2018 04:00:00 AM,0,0,0
04/06/2018 03:00:00 AM,0,0,0
04/06/2018 02:00:00 AM,0,0,0
04/06/2018 01:00:00 AM,0,0,0
04/06/2018 12:00:00 AM,1,0,1
04/05/2018 11:00:00 PM,0,0,0
04/05/2018 10:00:00 PM,3,2,1
04/05/2018 09:00:00 PM,3,2,1
04/05/2018 08:00:00 PM,2,2,0
04/05/2018 07:00:00 PM,2,0,2
04/05/2018 06:00:00 PM,8,4,4
04/05/2018 05:00:00 PM,7,7,0
04/05/2018 04:00:00 PM,3,1,2
04/05/2018 03:00:00 PM,2,0,2
04/05/2018 02:00:00 PM,8,6,2
04/05/2018 01:00:00 PM,5,3,2
04/05/2018 12:00:00 PM,7,5,2
04/05/2018 11:00:00 AM,2,1,1
04/05/2018 10:00:00 AM,2,0,2
04/05/2018 09:00:00 AM,1,0,1
04/05/2018 08:00:00 AM,7,2,5
04/05/2018 07:00:00 AM,3,3,0
04/05/2018 06:00:00 AM,2,2,0
04/05/2018 05:00:00 AM,0,0,0
04/05/2018 04:00:00 AM,0,0,0
04/05/2018 03:00:00 AM,0,0,0
04/05/2018 02:00:00 AM,0,0,0
04/05/2018 01:00:00 AM,0,0,0
04/05/2018 12:00:00 AM,0,0,0
04/04/2018 11:00:00 PM,0,0,0
04/04/2018 10:00:00 PM,0,0,0
04/04/2018 09:00:00 PM,1,0,1
04/04/2018 08:00:00 PM,1,1,0
04/04/2018 07:00:00 PM,6,2,4
04/04/2018 06:00:00 PM,9,6,3
04/04/2018 05:00:00 PM,8,4,4
04/04/2018 04:00:00 PM,4,1,3
04/04/2018 03:00:00 PM,6,4,2
04/04/2018 02:00:00 PM,3,0,3
04/04/2018 01:00:00 PM,3,2,1
04/04/2018 12:00:00 PM,5,3,2
04/04/2018 11:00:00 AM,3,1,2
04/04/2018 10:00:00 AM,4,1,3
04/04/2018 09:00:00 AM,3,1,2
04/04/2018 08:00:00 AM,8,6,2
04/04/2018 07:00:00 AM,5,4,1
04/04/2018 06:00:00 AM,2,2,0
04/04/2018 05:00:00 AM,0,0,0
04/04/2018 04:00:00 AM,1,1,0
04/04/2018 03:00:00 AM,0,0,0
04/04/2018 02:00:00 AM,0,0,0
04/04/2018 01:00:00 AM,0,0,0
04/04/2018 12:00:00 AM,0,0,0
04/03/2018 11:00:00 PM,0,0,0
04/03/2018 10:00:00 PM,2,2,0
04/03/2018 09:00:00 PM,2,2,0
04/03/2018 08:00:00 PM,2,1,1
04/03/2018 07:00:00 PM,7,5,2
04/03/2018 06:00:00 PM,13,3,10
04/03/2018 05:00:00 PM,14,9,5
04/03/2018 04:00:00 PM,10,5,5
04/03/2018 03:00:00 PM,6,5,1
04/03/2018 02:00:00 PM,4,2,2
04/03/2018 01:00:00 PM,10,8,2
04/03/2018 12:00:00 PM,4,2,2
04/03/2018 11:00:00 AM,5,2,3
04/03/2018 10:00:00 AM,7,3,4
04/03/2018 09:00:00 AM,9,4,5
04/03/2018 08:00:00 AM,12,7,5
04/03/2018 07:00:00 AM,7,2,5
04/03/2018 06:00:00 AM,3,3,0
04/03/2018 05:00:00 AM,2,1,1
04/03/2018 04:00:00 AM,1,1,0
04/03/2018 03:00:00 AM,0,0,0
04/03/2018 02:00:00 AM,0,0,0
04/03/2018 01:00:00 AM,0,0,0
04/03/2018 12:00:00 AM,0,0,0
04/02/2018 11:00:00 PM,1,1,0
04/02/2018 10:00:00 PM,3,1,2
04/02/2018 09:00:00 PM,1,1,0
04/02/2018 08:00:00 PM,6,4,2
04/02/2018 07:00:00 PM,7,4,3
04/02/2018 06:00:00 PM,26,11,15
04/02/2018 05:00:00 PM,14,7,7
04/02/2018 04:00:00 PM,9,7,2
04/02/2018 03:00:00 PM,19,11,8
04/02/2018 02:00:00 PM,8,7,1
04/02/2018 01:00:00 PM,4,1,3
04/02/2018 12:00:00 PM,7,4,3
04/02/2018 11:00:00 AM,4,3,1
04/02/2018 10:00:00 AM,,,
04/02/2018 09:00:00 AM,10,6,4
04/02/2018 08:00:00 AM,11,7,4
04/02/2018 07:00:00 AM,4,2,2
04/02/2018 06:00:00 AM,5,4,1
04/02/2018 05:00:00 AM,2,2,0
04/02/2018 04:00:00 AM,0,0,0
04/02/2018 03:00:00 AM,0,0,0
04/02/2018 02:00:00 AM,0,0,0
04/02/2018 01:00:00 AM,0,0,0
04/02/2018 12:00:00 AM,0,0,0
04/01/2018 11:00:00 PM,0,0,0
04/01/2018 10:00:00 PM,0,0,0
04/01/2018 09:00:00 PM,3,3,0
04/01/2018 08:00:00 PM,6,3,3
04/01/2018 07:00:00 PM,1,0,1
04/01/2018 06:00:00 PM,2,2,0
04/01/2018 05:00:00 PM,2,2,0
04/01/2018 04:00:00 PM,3,3,0
04/01/2018 03:00:00 PM,9,6,3
04/01/2018 02:00:00 PM,6,4,2
04/01/2018 01:00:00 PM,7,5,2
04/01/2018 12:00:00 PM,8,4,4
04/01/2018 11:00:00 AM,5,3,2
04/01/2018 10:00:00 AM,4,3,1
04/01/2018 09:00:00 AM,7,3,4
04/01/2018 08:00:00 AM,0,0,0
04/01/2018 07:00:00 AM,1,1,0
04/01/2018 06:00:00 AM,0,0,0
04/01/2018 05:00:00 AM,0,0,0
04/01/2018 04:00:00 AM,0,0,0
04/01/2018 03:00:00 AM,0,0,0
04/01/2018 02:00:00 AM,0,0,0
04/01/2018 01:00:00 AM,0,0,0
04/01/2018 12:00:00 AM,4,4,0
03/31/2018 11:00:00 PM,3,2,1
03/31/2018 10:00:00 PM,1,0,1
03/31/2018 09:00:00 PM,2,1,1
03/31/2018 08:00:00 PM,6,3,3
03/31/2018 07:00:00 PM,4,4,0
03/31/2018 06:00:00 PM,7,4,3
03/31/2018 05:00:00 PM,12,4,8
03/31/2018 04:00:00 PM,17,8,9
03/31/2018 03:00:00 PM,16,10,6
03/31/2018 02:00:00 PM,9,6,3
03/31/2018 01:00:00 PM,5,1,4
03/31/2018 12:00:00 PM,11,8,3
03/31/2018 11:00:00 AM,13,6,7
03/31/2018 10:00:00 AM,10,5,5
03/31/2018 09:00:00 AM,10,2,8
03/31/2018 08:00:00 AM,0,0,0
03/31/2018 07:00:00 AM,1,0,1
03/31/2018 06:00:00 AM,2,2,0
03/31/2018 05:00:00 AM,0,0,0
03/31/2018 04:00:00 AM,0,0,0
03/31/2018 03:00:00 AM,0,0,0
03/31/2018 02:00:00 AM,0,0,0
03/31/2018 01:00:00 AM,1,0,1
03/31/2018 12:00:00 AM,2,2,0
03/30/2018 11:00:00 PM,4,1,3
03/30/2018 10:00:00 PM,4,2,2
03/30/2018 09:00:00 PM,5,4,1
03/30/2018 08:00:00 PM,8,6,2
03/30/2018 07:00:00 PM,15,8,7
03/30/2018 06:00:00 PM,6,4,2
03/30/2018 05:00:00 PM,14,6,8
03/30/2018 04:00:00 PM,11,6,5
03/30/2018 03:00:00 PM,13,12,1
03/30/2018 02:00:00 PM,5,2,3
03/30/2018 01:00:00 PM,8,3,5
03/30/2018 12:00:00 PM,6,3,3
03/30/2018 11:00:00 AM,5,2,3
03/30/2018 10:00:00 AM,3,1,2
03/30/2018 09:00:00 AM,5,2,3
03/30/2018 08:00:00 AM,7,3,4
03/30/2018 07:00:00 AM,7,4,3
03/30/2018 06:00:00 AM,1,1,0
03/30/2018 05:00:00 AM,1,1,0
03/30/2018 04:00:00 AM,0,0,0
03/30/2018 03:00:00 AM,0,0,0
03/30/2018 02:00:00 AM,0,0,0
03/30/2018 01:00:00 AM,0,0,0
03/30/2018 12:00:00 AM,0,0,0
03/29/2018 11:00:00 PM,0,0,0
03/29/2018 10:00:00 PM,2,1,1
03/29/2018 09:00:00 PM,2,1,1
03/29/2018 08:00:00 PM,6,4,2
03/29/2018 07:00:00 PM,11,4,7
03/29/2018 06:00:00 PM,19,16,3
03/29/2018 05:00:00 PM,14,6,8
03/29/2018 04:00:00 PM,8,2,6
03/29/2018 03:00:00 PM,11,8,3
03/29/2018 02:00:00 PM,7,3,4
03/29/2018 01:00:00 PM,5,5,0
03/29/2018 12:00:00 PM,4,3,1
03/29/2018 11:00:00 AM,8,4,4
03/29/2018 10:00:00 AM,3,0,3
03/29/2018 09:00:00 AM,4,2,2
03/29/2018 08:00:00 AM,8,3,5
03/29/2018 07:00:00 AM,3,3,0
03/29/2018 06:00:00 AM,3,3,0
03/29/2018 05:00:00 AM,1,0,1
03/29/2018 04:00:00 AM,0,0,0
03/29/2018 03:00:00 AM,0,0,0
03/29/2018 02:00:00 AM,0,0,0
03/29/2018 01:00:00 AM,0,0,0
03/29/2018 12:00:00 AM,0,0,0
03/28/2018 11:00:00 PM,0,0,0
03/28/2018 10:00:00 PM,0,0,0
03/28/2018 09:00:00 PM,4,2,2
03/28/2018 08:00:00 PM,5,1,4
03/28/2018 07:00:00 PM,15,13,2
03/28/2018 06:00:00 PM,13,10,3
03/28/2018 05:00:00 PM,12,8,4
03/28/2018 04:00:00 PM,7,4,3
03/28/2018 03:00:00 PM,9,3,6
03/28/2018 02:00:00 PM,7,4,3
03/28/2018 01:00:00 PM,7,6,1
03/28/2018 12:00:00 PM,8,4,4
03/28/2018 11:00:00 AM,5,3,2
03/28/2018 10:00:00 AM,3,0,3
03/28/2018 09:00:00 AM,10,7,3
03/28/2018 08:00:00 AM,14,4,10
03/28/2018 07:00:00 AM,4,3,1
03/28/2018 06:00:00 AM,5,4,1
03/28/2018 05:00:00 AM,0,0,0
03/28/2018 04:00:00 AM,1,0,1
03/28/2018 03:00:00 AM,0,0,0
03/28/2018 02:00:00 AM,0,0,0
03/28/2018 01:00:00 AM,0,0,0
03/28/2018 12:00:00 AM,1,1,0
03/27/2018 11:00:00 PM,1,0,1
03/27/2018 10:00:00 PM,2,0,2
03/27/2018 09:00:00 PM,3,3,0
03/27/2018 08:00:00 PM,5,4,1
03/27/2018 07:00:00 PM,9,6,3
03/27/2018 06:00:00 PM,9,3,6
03/27/2018 05:00:00 PM,6,1,5
03/27/2018 04:00:00 PM,11,8,3
03/27/2018 03:00:00 PM,8,5,3
03/27/2018 02:00:00 PM,3,2,1
03/27/2018 01:00:00 PM,4,2,2
03/27/2018 12:00:00 PM,6,3,3
03/27/2018 11:00:00 AM,4,3,1
03/27/2018 10:00:00 AM,1,0,1
03/27/2018 09:00:00 AM,9,3,6
03/27/2018 08:00:00 AM,7,4,3
03/27/2018 07:00:00 AM,6,4,2
03/27/2018 06:00:00 AM,2,2,0
03/27/2018 05:00:00 AM,1,1,0
03/27/2018 04:00:00 AM,0,0,0
03/27/2018 03:00:00 AM,0,0,0
03/27/2018 02:00:00 AM,0,0,0
03/27/2018 01:00:00 AM,0,0,0
03/27/2018 12:00:00 AM,0,0,0
03/26/2018 11:00:00 PM,0,0,0
03/26/2018 10:00:00 PM,0,0,0
03/26/2018 09:00:00 PM,5,2,3
03/26/2018 08:00:00 PM,4,3,1
03/26/2018 07:00:00 PM,3,1,2
03/26/2018 06:00:00 PM,5,3,2
03/26/2018 05:00:00 PM,4,1,3
03/26/2018 04:00:00 PM,6,5,1
03/26/2018 03:00:00 PM,3,3,0
03/26/2018 02:00:00 PM,5,2,3
03/26/2018 01:00:00 PM,0,0,0
03/26/2018 12:00:00 PM,1,1,0
03/26/2018 11:00:00 AM,4,3,1
03/26/2018 10:00:00 AM,3,2,1
03/26/2018 09:00:00 AM,3,2,1
03/26/2018 08:00:00 AM,9,2,7
03/26/2018 07:00:00 AM,2,1,1
03/26/2018 06:00:00 AM,0,0,0
03/26/2018 05:00:00 AM,0,0,0
03/26/2018 04:00:00 AM,1,1,0
03/26/2018 03:00:00 AM,0,0,0
03/26/2018 02:00:00 AM,0,0,0
03/26/2018 01:00:00 AM,0,0,0
03/26/2018 12:00:00 AM,0,0,0
03/25/2018 11:00:00 PM,2,0,2
03/25/2018 10:00:00 PM,0,0,0
03/25/2018 09:00:00 PM,1,1,0
03/25/2018 08:00:00 PM,2,2,0
03/25/2018 07:00:00 PM,8,8,0
03/25/2018 06:00:00 PM,10,6,4
03/25/2018 05:00:00 PM,9,4,5
03/25/2018 04:00:00 PM,13,7,6
03/25/2018 03:00:00 PM,13,5,8
03/25/2018 02:00:00 PM,20,12,8
03/25/2018 01:00:00 PM,11,7,4
03/25/2018 12:00:00 PM,10,3,7
03/25/2018 11:00:00 AM,11,5,6
03/25/2018 10:00:00 AM,11,3,8
03/25/2018 09:00:00 AM,3,1,2
03/25/2018 08:00:00 AM,2,1,1
03/25/2018 07:00:00 AM,0,0,0
03/25/2018 06:00:00 AM,0,0,0
03/25/2018 05:00:00 AM,0,0,0
03/25/2018 04:00:00 AM,1,1,0
03/25/2018 03:00:00 AM,1,1,0
03/25/2018 02:00:00 AM,1,0,1
03/25/2018 01:00:00 AM,1,1,0
03/25/2018 12:00:00 AM,1,1,0
03/24/2018 11:00:00 PM,1,0,1
03/24/2018 10:00:00 PM,3,2,1
03/24/2018 09:00:00 PM,2,2,0
03/24/2018 08:00:00 PM,7,2,5
03/24/2018 07:00:00 PM,5,4,1
03/24/2018 06:00:00 PM,5,2,3
03/24/2018 05:00:00 PM,7,2,5
03/24/2018 04:00:00 PM,11,6,5
03/24/2018 03:00:00 PM,12,4,8
03/24/2018 02:00:00 PM,13,5,8
03/24/2018 01:00:00 PM,7,5,2
03/24/2018 12:00:00 PM,5,3,2
03/24/2018 11:00:00 AM,6,4,2
03/24/2018 10:00:00 AM,33,3,30
03/24/2018 09:00:00 AM,5,3,2
03/24/2018 08:00:00 AM,1,1,0
03/24/2018 07:00:00 AM,3,1,2
03/24/2018 06:00:00 AM,0,0,0
03/24/2018 05:00:00 AM,0,0,0
03/24/2018 04:00:00 AM,0,0,0
03/24/2018 03:00:00 AM,0,0,0
03/24/2018 02:00:00 AM,0,0,0
03/24/2018 01:00:00 AM,0,0,0
03/24/2018 12:00:00 AM,1,0,1
03/23/2018 11:00:00 PM,0,0,0
03/23/2018 10:00:00 PM,0,0,0
03/23/2018 09:00:00 PM,1,0,1
03/23/2018 08:00:00 PM,0,0,0
03/23/2018 07:00:00 PM,3,2,1
03/23/2018 06:00:00 PM,8,5,3
03/23/2018 05:00:00 PM,7,3,4
03/23/2018 04:00:00 PM,5,3,2
03/23/2018 03:00:00 PM,2,1,1
03/23/2018 02:00:00 PM,0,0,0
03/23/2018 01:00:00 PM,3,2,1
03/23/2018 12:00:00 PM,4,3,1
03/23/2018 11:00:00 AM,1,1,0
03/23/2018 10:00:00 AM,3,2,1
03/23/2018 09:00:00 AM,3,1,2
03/23/2018 08:00:00 AM,5,1,4
03/23/2018 07:00:00 AM,4,3,1
03/23/2018 06:00:00 AM,0,0,0
03/23/2018 05:00:00 AM,0,0,0
03/23/2018 04:00:00 AM,1,1,0
03/23/2018 03:00:00 AM,0,0,0
03/23/2018 02:00:00 AM,0,0,0
03/23/2018 01:00:00 AM,0,0,0
03/23/2018 12:00:00 AM,0,0,0
03/22/2018 11:00:00 PM,2,1,1
03/22/2018 10:00:00 PM,1,1,0
03/22/2018 09:00:00 PM,2,1,1
03/22/2018 08:00:00 PM,1,1,0
03/22/2018 07:00:00 PM,4,4,0
03/22/2018 06:00:00 PM,8,4,4
03/22/2018 05:00:00 PM,2,1,1
03/22/2018 04:00:00 PM,5,2,3
03/22/2018 03:00:00 PM,0,0,0
03/22/2018 02:00:00 PM,1,0,1
03/22/2018 01:00:00 PM,2,2,0
03/22/2018 12:00:00 PM,2,1,1
03/22/2018 11:00:00 AM,4,3,1
03/22/2018 10:00:00 AM,0,0,0
03/22/2018 09:00:00 AM,3,2,1
03/22/2018 08:00:00 AM,5,3,2
03/22/2018 07:00:00 AM,4,3,1
03/22/2018 06:00:00 AM,2,1,1
03/22/2018 05:00:00 AM,0,0,0
03/22/2018 04:00:00 AM,0,0,0
03/22/2018 03:00:00 AM,0,0,0
03/22/2018 02:00:00 AM,1,1,0
03/22/2018 01:00:00 AM,0,0,0
03/22/2018 12:00:00 AM,0,0,0
03/21/2018 11:00:00 PM,0,0,0
03/21/2018 10:00:00 PM,2,1,1
03/21/2018 09:00:00 PM,5,3,2
03/21/2018 08:00:00 PM,1,1,0
03/21/2018 07:00:00 PM,9,3,6
03/21/2018 06:00:00 PM,16,14,2
03/21/2018 05:00:00 PM,12,8,4
03/21/2018 04:00:00 PM,9,6,3
03/21/2018 03:00:00 PM,12,4,8
03/21/2018 02:00:00 PM,1,0,1
03/21/2018 01:00:00 PM,3,1,2
03/21/2018 12:00:00 PM,10,6,4
03/21/2018 11:00:00 AM,8,5,3
03/21/2018 10:00:00 AM,8,2,6
03/21/2018 09:00:00 AM,3,1,2
03/21/2018 08:00:00 AM,7,2,5
03/21/2018 07:00:00 AM,3,3,0
03/21/2018 06:00:00 AM,2,1,1
03/21/2018 05:00:00 AM,0,0,0
03/21/2018 04:00:00 AM,0,0,0
03/21/2018 03:00:00 AM,0,0,0
03/21/2018 02:00:00 AM,0,0,0
03/21/2018 01:00:00 AM,0,0,0
03/21/2018 12:00:00 AM,0,0,0
03/20/2018 11:00:00 PM,1,1,0
03/20/2018 10:00:00 PM,3,0,3
03/20/2018 09:00:00 PM,2,2,0
03/20/2018 08:00:00 PM,9,6,3
03/20/2018 07:00:00 PM,22,13,9
03/20/2018 06:00:00 PM,15,8,7
03/20/2018 05:00:00 PM,17,9,8
03/20/2018 04:00:00 PM,7,5,2
03/20/2018 03:00:00 PM,10,4,6
03/20/2018 02:00:00 PM,4,3,1
03/20/2018 01:00:00 PM,3,2,1
03/20/2018 12:00:00 PM,5,1,4
03/20/2018 11:00:00 AM,3,1,2
03/20/2018 10:00:00 AM,4,1,3
03/20/2018 09:00:00 AM,7,3,4
03/20/2018 08:00:00 AM,5,2,3
03/20/2018 07:00:00 AM,6,3,3
03/20/2018 06:00:00 AM,2,1,1
03/20/2018 05:00:00 AM,0,0,0
03/20/2018 04:00:00 AM,0,0,0
03/20/2018 03:00:00 AM,0,0,0
03/20/2018 02:00:00 AM,0,0,0
03/20/2018 01:00:00 AM,0,0,0
03/20/2018 12:00:00 AM,1,1,0
03/19/2018 11:00:00 PM,1,1,0
03/19/2018 10:00:00 PM,1,0,1
03/19/2018 09:00:00 PM,1,0,1
03/19/2018 08:00:00 PM,6,3,3
03/19/2018 07:00:00 PM,5,4,1
03/19/2018 06:00:00 PM,14,8,6
03/19/2018 05:00:00 PM,8,5,3
03/19/2018 04:00:00 PM,9,5,4
03/19/2018 03:00:00 PM,7,4,3
03/19/2018 02:00:00 PM,10,6,4
03/19/2018 01:00:00 PM,3,1,2
03/19/2018 12:00:00 PM,3,2,1
03/19/2018 11:00:00 AM,6,3,3
03/19/2018 10:00:00 AM,4,1,3
03/19/2018 09:00:00 AM,6,3,3
03/19/2018 08:00:00 AM,5,2,3
03/19/2018 07:00:00 AM,4,1,3
03/19/2018 06:00:00 AM,2,1,1
03/19/2018 05:00:00 AM,0,0,0
03/19/2018 04:00:00 AM,0,0,0
03/19/2018 03:00:00 AM,0,0,0
03/19/2018 02:00:00 AM,0,0,0
03/19/2018 01:00:00 AM,0,0,0
03/19/2018 12:00:00 AM,0,0,0
03/18/2018 11:00:00 PM,0,0,0
03/18/2018 10:00:00 PM,2,1,1
03/18/2018 09:00:00 PM,1,1,0
03/18/2018 08:00:00 PM,3,2,1
03/18/2018 07:00:00 PM,6,5,1
03/18/2018 06:00:00 PM,8,4,4
03/18/2018 05:00:00 PM,11,9,2
03/18/2018 04:00:00 PM,10,4,6
03/18/2018 03:00:00 PM,10,5,5
03/18/2018 02:00:00 PM,11,5,6
03/18/2018 01:00:00 PM,11,5,6
03/18/2018 12:00:00 PM,7,2,5
03/18/2018 11:00:00 AM,17,7,10
03/18/2018 10:00:00 AM,8,3,5
03/18/2018 09:00:00 AM,2,0,2
03/18/2018 08:00:00 AM,4,3,1
03/18/2018 07:00:00 AM,0,0,0
03/18/2018 06:00:00 AM,0,0,0
03/18/2018 05:00:00 AM,0,0,0
03/18/2018 04:00:00 AM,0,0,0
03/18/2018 03:00:00 AM,0,0,0
03/18/2018 02:00:00 AM,0,0,0
03/18/2018 01:00:00 AM,1,0,1
03/18/2018 12:00:00 AM,0,0,0
03/17/2018 11:00:00 PM,1,0,1
03/17/2018 10:00:00 PM,0,0,0
03/17/2018 09:00:00 PM,2,2,0
03/17/2018 08:00:00 PM,2,1,1
03/17/2018 07:00:00 PM,6,4,2
03/17/2018 06:00:00 PM,8,5,3
03/17/2018 05:00:00 PM,8,2,6
03/17/2018 04:00:00 PM,10,6,4
03/17/2018 03:00:00 PM,4,1,3
03/17/2018 02:00:00 PM,11,9,2
03/17/2018 01:00:00 PM,9,3,6
03/17/2018 12:00:00 PM,8,5,3
03/17/2018 11:00:00 AM,5,2,3
03/17/2018 10:00:00 AM,13,10,3
03/17/2018 09:00:00 AM,1,1,0
03/17/2018 08:00:00 AM,4,4,0
03/17/2018 07:00:00 AM,1,0,1
03/17/2018 06:00:00 AM,0,0,0
03/17/2018 05:00:00 AM,0,0,0
03/17/2018 04:00:00 AM,0,0,0
03/17/2018 03:00:00 AM,0,0,0
03/17/2018 02:00:00 AM,0,0,0
03/17/2018 01:00:00 AM,0,0,0
03/17/2018 12:00:00 AM,0,0,0
03/16/2018 11:00:00 PM,0,0,0
03/16/2018 10:00:00 PM,0,0,0
03/16/2018 09:00:00 PM,1,1,0
03/16/2018 08:00:00 PM,7,7,0
03/16/2018 07:00:00 PM,9,4,5
03/16/2018 06:00:00 PM,14,6,8
03/16/2018 05:00:00 PM,16,6,10
03/16/2018 04:00:00 PM,5,3,2
03/16/2018 03:00:00 PM,8,3,5
03/16/2018 02:00:00 PM,6,4,2
03/16/2018 01:00:00 PM,7,4,3
03/16/2018 12:00:00 PM,7,3,4
03/16/2018 11:00:00 AM,4,2,2
03/16/2018 10:00:00 AM,5,2,3
03/16/2018 09:00:00 AM,7,3,4
03/16/2018 08:00:00 AM,6,1,5
03/16/2018 07:00:00 AM,7,4,3
03/16/2018 06:00:00 AM,1,0,1
03/16/2018 05:00:00 AM,0,0,0
03/16/2018 04:00:00 AM,0,0,0
03/16/2018 03:00:00 AM,0,0,0
03/16/2018 02:00:00 AM,0,0,0
03/16/2018 01:00:00 AM,0,0,0
03/16/2018 12:00:00 AM,1,0,1
03/15/2018 11:00:00 PM,3,3,0
03/15/2018 10:00:00 PM,1,1,0
03/15/2018 09:00:00 PM,4,1,3
03/15/2018 08:00:00 PM,7,6,1
03/15/2018 07:00:00 PM,8,1,7
03/15/2018 06:00:00 PM,12,8,4
03/15/2018 05:00:00 PM,13,8,5
03/15/2018 04:00:00 PM,5,2,3
03/15/2018 03:00:00 PM,6,1,5
03/15/2018 02:00:00 PM,6,4,2
03/15/2018 01:00:00 PM,7,4,3
03/15/2018 12:00:00 PM,5,3,2
03/15/2018 11:00:00 AM,4,2,2
03/15/2018 10:00:00 AM,10,4,6
03/15/2018 09:00:00 AM,5,2,3
03/15/2018 08:00:00 AM,3,2,1
03/15/2018 07:00:00 AM,8,5,3
03/15/2018 06:00:00 AM,1,0,1
03/15/2018 05:00:00 AM,0,0,0
03/15/2018 04:00:00 AM,0,0,0
03/15/2018 03:00:00 AM,0,0,0
03/15/2018 02:00:00 AM,0,0,0
03/15/2018 01:00:00 AM,1,1,0
03/15/2018 12:00:00 AM,0,0,0
03/14/2018 11:00:00 PM,0,0,0
03/14/2018 10:00:00 PM,2,1,1
03/14/2018 09:00:00 PM,2,2,0
03/14/2018 08:00:00 PM,2,1,1
03/14/2018 07:00:00 PM,15,8,7
03/14/2018 06:00:00 PM,16,10,6
03/14/2018 05:00:00 PM,20,9,11
03/14/2018 04:00:00 PM,8,5,3
03/14/2018 03:00:00 PM,13,7,6
03/14/2018 02:00:00 PM,4,2,2
03/14/2018 01:00:00 PM,5,0,5
03/14/2018 12:00:00 PM,4,0,4
03/14/2018 11:00:00 AM,4,2,2
03/14/2018 10:00:00 AM,4,1,3
03/14/2018 09:00:00 AM,4,3,1
03/14/2018 08:00:00 AM,9,4,5
03/14/2018 07:00:00 AM,6,6,0
03/14/2018 06:00:00 AM,3,2,1
03/14/2018 05:00:00 AM,0,0,0
03/14/2018 04:00:00 AM,0,0,0
03/14/2018 03:00:00 AM,0,0,0
03/14/2018 02:00:00 AM,0,0,0
03/14/2018 01:00:00 AM,1,0,1
03/14/2018 12:00:00 AM,0,0,0
03/13/2018 11:00:00 PM,1,1,0
03/13/2018 10:00:00 PM,3,1,2
03/13/2018 09:00:00 PM,3,1,2
03/13/2018 08:00:00 PM,1,1,0
03/13/2018 07:00:00 PM,6,4,2
03/13/2018 06:00:00 PM,6,2,4
03/13/2018 05:00:00 PM,6,5,1
03/13/2018 04:00:00 PM,8,5,3
03/13/2018 03:00:00 PM,5,3,2
03/13/2018 02:00:00 PM,2,1,1
03/13/2018 01:00:00 PM,3,0,3
03/13/2018 12:00:00 PM,3,3,0
03/13/2018 11:00:00 AM,1,0,1
03/13/2018 10:00:00 AM,3,3,0
03/13/2018 09:00:00 AM,6,2,4
03/13/2018 08:00:00 AM,6,4,2
03/13/2018 07:00:00 AM,4,2,2
03/13/2018 06:00:00 AM,2,0,2
03/13/2018 05:00:00 AM,0,0,0
03/13/2018 04:00:00 AM,0,0,0
03/13/2018 03:00:00 AM,0,0,0
03/13/2018 02:00:00 AM,0,0,0
03/13/2018 01:00:00 AM,1,1,0
03/13/2018 12:00:00 AM,0,0,0
03/12/2018 11:00:00 PM,1,0,1
03/12/2018 10:00:00 PM,1,0,1
03/12/2018 09:00:00 PM,1,1,0
03/12/2018 08:00:00 PM,6,6,0
03/12/2018 07:00:00 PM,5,2,3
03/12/2018 06:00:00 PM,8,4,4
03/12/2018 05:00:00 PM,17,9,8
03/12/2018 04:00:00 PM,9,3,6
03/12/2018 03:00:00 PM,11,7,4
03/12/2018 02:00:00 PM,7,7,0
03/12/2018 01:00:00 PM,7,4,3
03/12/2018 12:00:00 PM,9,4,5
03/12/2018 11:00:00 AM,10,4,6
03/12/2018 10:00:00 AM,5,2,3
03/12/2018 09:00:00 AM,4,1,3
03/12/2018 08:00:00 AM,10,2,8
03/12/2018 07:00:00 AM,0,0,0
03/12/2018 06:00:00 AM,2,1,1
03/12/2018 05:00:00 AM,0,0,0
03/12/2018 04:00:00 AM,1,0,1
03/12/2018 03:00:00 AM,0,0,0
03/12/2018 02:00:00 AM,0,0,0
03/12/2018 01:00:00 AM,0,0,0
03/12/2018 12:00:00 AM,0,0,0
03/11/2018 11:00:00 PM,0,0,0
03/11/2018 10:00:00 PM,0,0,0
03/11/2018 09:00:00 PM,2,1,1
03/11/2018 08:00:00 PM,4,4,0
03/11/2018 07:00:00 PM,6,4,2
03/11/2018 06:00:00 PM,13,5,8
03/11/2018 05:00:00 PM,10,6,4
03/11/2018 04:00:00 PM,17,9,8
03/11/2018 03:00:00 PM,11,4,7
03/11/2018 02:00:00 PM,19,13,6
03/11/2018 01:00:00 PM,30,13,17
03/11/2018 12:00:00 PM,15,9,6
03/11/2018 11:00:00 AM,11,3,8
03/11/2018 10:00:00 AM,4,0,4
03/11/2018 09:00:00 AM,2,2,0
03/11/2018 08:00:00 AM,0,0,0
03/11/2018 07:00:00 AM,1,0,1
03/11/2018 06:00:00 AM,0,0,0
03/11/2018 05:00:00 AM,1,0,1
03/11/2018 04:00:00 AM,0,0,0
03/11/2018 03:00:00 AM,1,1,0
03/11/2018 02:00:00 AM,,,
03/11/2018 01:00:00 AM,0,0,0
03/11/2018 12:00:00 AM,0,0,0
03/10/2018 11:00:00 PM,0,0,0
03/10/2018 10:00:00 PM,0,0,0
03/10/2018 09:00:00 PM,1,0,1
03/10/2018 08:00:00 PM,1,1,0
03/10/2018 07:00:00 PM,5,1,4
03/10/2018 06:00:00 PM,9,7,2
03/10/2018 05:00:00 PM,8,3,5
03/10/2018 04:00:00 PM,13,6,7
03/10/2018 03:00:00 PM,19,8,11
03/10/2018 02:00:00 PM,9,5,4
03/10/2018 01:00:00 PM,9,4,5
03/10/2018 12:00:00 PM,5,3,2
03/10/2018 11:00:00 AM,7,4,3
03/10/2018 10:00:00 AM,7,0,7
03/10/2018 09:00:00 AM,5,1,4
03/10/2018 08:00:00 AM,4,1,3
03/10/2018 07:00:00 AM,2,1,1
03/10/2018 06:00:00 AM,0,0,0
03/10/2018 05:00:00 AM,0,0,0
03/10/2018 04:00:00 AM,1,1,0
03/10/2018 03:00:00 AM,0,0,0
03/10/2018 02:00:00 AM,0,0,0
03/10/2018 01:00:00 AM,3,1,2
03/10/2018 12:00:00 AM,0,0,0
03/09/2018 11:00:00 PM,0,0,0
03/09/2018 10:00:00 PM,0,0,0
03/09/2018 09:00:00 PM,1,0,1
03/09/2018 08:00:00 PM,1,1,0
03/09/2018 07:00:00 PM,2,2,0
03/09/2018 06:00:00 PM,7,1,6
03/09/2018 05:00:00 PM,10,3,7
03/09/2018 04:00:00 PM,7,3,4
03/09/2018 03:00:00 PM,4,2,2
03/09/2018 02:00:00 PM,5,3,2
03/09/2018 01:00:00 PM,5,1,4
03/09/2018 12:00:00 PM,4,1,3
03/09/2018 11:00:00 AM,6,4,2
03/09/2018 10:00:00 AM,9,4,5
03/09/2018 09:00:00 AM,2,0,2
03/09/2018 08:00:00 AM,4,1,3
03/09/2018 07:00:00 AM,2,0,2
03/09/2018 06:00:00 AM,1,0,1
03/09/2018 05:00:00 AM,0,0,0
03/09/2018 04:00:00 AM,0,0,0
03/09/2018 03:00:00 AM,0,0,0
03/09/2018 02:00:00 AM,0,0,0
03/09/2018 01:00:00 AM,0,0,0
03/09/2018 12:00:00 AM,0,0,0
03/08/2018 11:00:00 PM,0,0,0
03/08/2018 10:00:00 PM,2,2,0
03/08/2018 09:00:00 PM,2,2,0
03/08/2018 08:00:00 PM,2,1,1
03/08/2018 07:00:00 PM,6,1,5
03/08/2018 06:00:00 PM,4,2,2
03/08/2018 05:00:00 PM,3,1,2
03/08/2018 04:00:00 PM,1,1,0
03/08/2018 03:00:00 PM,1,1,0
03/08/2018 02:00:00 PM,0,0,0
03/08/2018 01:00:00 PM,0,0,0
03/08/2018 12:00:00 PM,2,2,0
03/08/2018 11:00:00 AM,5,3,2
03/08/2018 10:00:00 AM,0,0,0
03/08/2018 09:00:00 AM,2,1,1
03/08/2018 08:00:00 AM,2,1,1
03/08/2018 07:00:00 AM,2,2,0
03/08/2018 06:00:00 AM,2,1,1
03/08/2018 05:00:00 AM,0,0,0
03/08/2018 04:00:00 AM,0,0,0
03/08/2018 03:00:00 AM,1,1,0
03/08/2018 02:00:00 AM,0,0,0
03/08/2018 01:00:00 AM,0,0,0
03/08/2018 12:00:00 AM,0,0,0
03/07/2018 11:00:00 PM,0,0,0
03/07/2018 10:00:00 PM,0,0,0
03/07/2018 09:00:00 PM,4,3,1
03/07/2018 08:00:00 PM,1,1,0
03/07/2018 07:00:00 PM,9,2,7
03/07/2018 06:00:00 PM,5,2,3
03/07/2018 05:00:00 PM,5,3,2
03/07/2018 04:00:00 PM,4,1,3
03/07/2018 03:00:00 PM,1,0,1
03/07/2018 02:00:00 PM,2,1,1
03/07/2018 01:00:00 PM,4,1,3
03/07/2018 12:00:00 PM,5,2,3
03/07/2018 11:00:00 AM,5,2,3
03/07/2018 10:00:00 AM,3,1,2
03/07/2018 09:00:00 AM,9,2,7
03/07/2018 08:00:00 AM,3,2,1
03/07/2018 07:00:00 AM,5,4,1
03/07/2018 06:00:00 AM,0,0,0
03/07/2018 05:00:00 AM,0,0,0
03/07/2018 04:00:00 AM,0,0,0
03/07/2018 03:00:00 AM,0,0,0
03/07/2018 02:00:00 AM,0,0,0
03/07/2018 01:00:00 AM,0,0,0
03/07/2018 12:00:00 AM,0,0,0
03/06/2018 11:00:00 PM,0,0,0
03/06/2018 10:00:00 PM,2,1,1
03/06/2018 09:00:00 PM,4,3,1
03/06/2018 08:00:00 PM,7,4,3
03/06/2018 07:00:00 PM,6,4,2
03/06/2018 06:00:00 PM,11,6,5
03/06/2018 05:00:00 PM,17,9,8
03/06/2018 04:00:00 PM,8,6,2
03/06/2018 03:00:00 PM,9,5,4
03/06/2018 02:00:00 PM,2,1,1
03/06/2018 01:00:00 PM,3,2,1
03/06/2018 12:00:00 PM,11,4,7
03/06/2018 11:00:00 AM,6,2,4
03/06/2018 10:00:00 AM,3,1,2
03/06/2018 09:00:00 AM,5,2,3
03/06/2018 08:00:00 AM,3,3,0
03/06/2018 07:00:00 AM,5,4,1
03/06/2018 06:00:00 AM,3,1,2
03/06/2018 05:00:00 AM,1,1,0
03/06/2018 04:00:00 AM,0,0,0
03/06/2018 03:00:00 AM,1,1,0
03/06/2018 02:00:00 AM,0,0,0
03/06/2018 01:00:00 AM,1,1,0
03/06/2018 12:00:00 AM,0,0,0
03/05/2018 11:00:00 PM,0,0,0
03/05/2018 10:00:00 PM,0,0,0
03/05/2018 09:00:00 PM,1,1,0
03/05/2018 08:00:00 PM,2,2,0
03/05/2018 07:00:00 PM,7,3,4
03/05/2018 06:00:00 PM,7,1,6
03/05/2018 05:00:00 PM,10,7,3
03/05/2018 04:00:00 PM,4,3,1
03/05/2018 03:00:00 PM,6,2,4
03/05/2018 02:00:00 PM,4,3,1
03/05/2018 01:00:00 PM,9,7,2
03/05/2018 12:00:00 PM,11,2,9
03/05/2018 11:00:00 AM,1,0,1
03/05/2018 10:00:00 AM,7,2,5
03/05/2018 09:00:00 AM,2,2,0
03/05/2018 08:00:00 AM,4,2,2
03/05/2018 07:00:00 AM,2,1,1
03/05/2018 06:00:00 AM,0,0,0
03/05/2018 05:00:00 AM,1,0,1
03/05/2018 04:00:00 AM,0,0,0
03/05/2018 03:00:00 AM,0,0,0
03/05/2018 02:00:00 AM,0,0,0
03/05/2018 01:00:00 AM,0,0,0
03/05/2018 12:00:00 AM,0,0,0
03/04/2018 11:00:00 PM,0,0,0
03/04/2018 10:00:00 PM,0,0,0
03/04/2018 09:00:00 PM,2,2,0
03/04/2018 08:00:00 PM,5,3,2
03/04/2018 07:00:00 PM,3,2,1
03/04/2018 06:00:00 PM,3,2,1
03/04/2018 05:00:00 PM,4,1,3
03/04/2018 04:00:00 PM,1,1,0
03/04/2018 03:00:00 PM,3,2,1
03/04/2018 02:00:00 PM,5,4,1
03/04/2018 01:00:00 PM,11,6,5
03/04/2018 12:00:00 PM,8,4,4
03/04/2018 11:00:00 AM,6,1,5
03/04/2018 10:00:00 AM,9,2,7
03/04/2018 09:00:00 AM,1,0,1
03/04/2018 08:00:00 AM,1,1,0
03/04/2018 07:00:00 AM,0,0,0
03/04/2018 06:00:00 AM,0,0,0
03/04/2018 05:00:00 AM,0,0,0
03/04/2018 04:00:00 AM,0,0,0
03/04/2018 03:00:00 AM,0,0,0
03/04/2018 02:00:00 AM,0,0,0
03/04/2018 01:00:00 AM,0,0,0
03/04/2018 12:00:00 AM,0,0,0
03/03/2018 11:00:00 PM,0,0,0
03/03/2018 10:00:00 PM,2,2,0
03/03/2018 09:00:00 PM,0,0,0
03/03/2018 08:00:00 PM,2,2,0
03/03/2018 07:00:00 PM,2,1,1
03/03/2018 06:00:00 PM,9,5,4
03/03/2018 05:00:00 PM,7,3,4
03/03/2018 04:00:00 PM,10,4,6
03/03/2018 03:00:00 PM,12,10,2
03/03/2018 02:00:00 PM,3,0,3
03/03/2018 01:00:00 PM,7,2,5
03/03/2018 12:00:00 PM,11,5,6
03/03/2018 11:00:00 AM,6,2,4
03/03/2018 10:00:00 AM,7,1,6
03/03/2018 09:00:00 AM,1,1,0
03/03/2018 08:00:00 AM,1,1,0
03/03/2018 07:00:00 AM,0,0,0
03/03/2018 06:00:00 AM,0,0,0
03/03/2018 05:00:00 AM,0,0,0
03/03/2018 04:00:00 AM,0,0,0
03/03/2018 03:00:00 AM,0,0,0
03/03/2018 02:00:00 AM,0,0,0
03/03/2018 01:00:00 AM,1,1,0
03/03/2018 12:00:00 AM,0,0,0
03/02/2018 11:00:00 PM,1,1,0
03/02/2018 10:00:00 PM,0,0,0
03/02/2018 09:00:00 PM,2,0,2
03/02/2018 08:00:00 PM,3,2,1
03/02/2018 07:00:00 PM,4,3,1
03/02/2018 06:00:00 PM,2,1,1
03/02/2018 05:00:00 PM,5,3,2
03/02/2018 04:00:00 PM,4,2,2
03/02/2018 03:00:00 PM,1,0,1
03/02/2018 02:00:00 PM,2,1,1
03/02/2018 01:00:00 PM,6,2,4
03/02/2018 12:00:00 PM,2,1,1
03/02/2018 11:00:00 AM,2,2,0
03/02/2018 10:00:00 AM,4,2,2
03/02/2018 09:00:00 AM,5,2,3
03/02/2018 08:00:00 AM,5,2,3
03/02/2018 07:00:00 AM,0,0,0
03/02/2018 06:00:00 AM,1,1,0
03/02/2018 05:00:00 AM,0,0,0
03/02/2018 04:00:00 AM,0,0,0
03/02/2018 03:00:00 AM,0,0,0
03/02/2018 02:00:00 AM,0,0,0
03/02/2018 01:00:00 AM,0,0,0
03/02/2018 12:00:00 AM,0,0,0
03/01/2018 11:00:00 PM,0,0,0
03/01/2018 10:00:00 PM,1,0,1
03/01/2018 09:00:00 PM,1,1,0
03/01/2018 08:00:00 PM,1,1,0
03/01/2018 07:00:00 PM,2,0,2
03/01/2018 06:00:00 PM,11,9,2
03/01/2018 05:00:00 PM,13,8,5
03/01/2018 04:00:00 PM,7,5,2
03/01/2018 03:00:00 PM,3,0,3
03/01/2018 02:00:00 PM,2,2,0
03/01/2018 01:00:00 PM,6,3,3
03/01/2018 12:00:00 PM,5,2,3
03/01/2018 11:00:00 AM,3,2,1
03/01/2018 10:00:00 AM,3,2,1
03/01/2018 09:00:00 AM,4,0,4
03/01/2018 08:00:00 AM,0,0,0
03/01/2018 07:00:00 AM,4,3,1
03/01/2018 06:00:00 AM,0,0,0
03/01/2018 05:00:00 AM,0,0,0
03/01/2018 04:00:00 AM,0,0,0
03/01/2018 03:00:00 AM,0,0,0
03/01/2018 02:00:00 AM,0,0,0
03/01/2018 01:00:00 AM,1,0,1
03/01/2018 12:00:00 AM,0,0,0
02/28/2018 11:00:00 PM,0,0,0
02/28/2018 10:00:00 PM,0,0,0
02/28/2018 09:00:00 PM,2,2,0
02/28/2018 08:00:00 PM,0,0,0
02/28/2018 07:00:00 PM,1,1,0
02/28/2018 06:00:00 PM,4,2,2
02/28/2018 05:00:00 PM,5,3,2
02/28/2018 04:00:00 PM,1,1,0
02/28/2018 03:00:00 PM,1,1,0
02/28/2018 02:00:00 PM,0,0,0
02/28/2018 01:00:00 PM,1,1,0
02/28/2018 12:00:00 PM,3,2,1
02/28/2018 11:00:00 AM,3,2,1
02/28/2018 10:00:00 AM,5,2,3
02/28/2018 09:00:00 AM,1,0,1
02/28/2018 08:00:00 AM,4,3,1
02/28/2018 07:00:00 AM,2,1,1
02/28/2018 06:00:00 AM,0,0,0
02/28/2018 05:00:00 AM,0,0,0
02/28/2018 04:00:00 AM,0,0,0
02/28/2018 03:00:00 AM,0,0,0
02/28/2018 02:00:00 AM,0,0,0
02/28/2018 01:00:00 AM,0,0,0
02/28/2018 12:00:00 AM,0,0,0
02/27/2018 11:00:00 PM,0,0,0
02/27/2018 10:00:00 PM,0,0,0
02/27/2018 09:00:00 PM,1,1,0
02/27/2018 08:00:00 PM,5,3,2
02/27/2018 07:00:00 PM,3,2,1
02/27/2018 06:00:00 PM,7,4,3
02/27/2018 05:00:00 PM,8,4,4
02/27/2018 04:00:00 PM,3,1,2
02/27/2018 03:00:00 PM,3,2,1
02/27/2018 02:00:00 PM,9,4,5
02/27/2018 01:00:00 PM,2,1,1
02/27/2018 12:00:00 PM,6,2,4
02/27/2018 11:00:00 AM,2,1,1
02/27/2018 10:00:00 AM,3,0,3
02/27/2018 09:00:00 AM,4,2,2
02/27/2018 08:00:00 AM,2,1,1
02/27/2018 07:00:00 AM,7,4,3
02/27/2018 06:00:00 AM,0,0,0
02/27/2018 05:00:00 AM,0,0,0
02/27/2018 04:00:00 AM,0,0,0
02/27/2018 03:00:00 AM,0,0,0
02/27/2018 02:00:00 AM,0,0,0
02/27/2018 01:00:00 AM,0,0,0
02/27/2018 12:00:00 AM,0,0,0
02/26/2018 11:00:00 PM,1,1,0
02/26/2018 10:00:00 PM,0,0,0
02/26/2018 09:00:00 PM,2,2,0
02/26/2018 08:00:00 PM,3,2,1
02/26/2018 07:00:00 PM,3,1,2
02/26/2018 06:00:00 PM,2,2,0
02/26/2018 05:00:00 PM,8,5,3
02/26/2018 04:00:00 PM,2,2,0
02/26/2018 03:00:00 PM,2,2,0
02/26/2018 02:00:00 PM,7,4,3
02/26/2018 01:00:00 PM,4,2,2
02/26/2018 12:00:00 PM,4,1,3
02/26/2018 11:00:00 AM,1,1,0
02/26/2018 10:00:00 AM,3,3,0
02/26/2018 09:00:00 AM,4,1,3
02/26/2018 08:00:00 AM,1,0,1
02/26/2018 07:00:00 AM,0,0,0
02/26/2018 06:00:00 AM,1,1,0
02/26/2018 05:00:00 AM,0,0,0
02/26/2018 04:00:00 AM,0,0,0
02/26/2018 03:00:00 AM,0,0,0
02/26/2018 02:00:00 AM,0,0,0
02/26/2018 01:00:00 AM,0,0,0
02/26/2018 12:00:00 AM,0,0,0
02/25/2018 11:00:00 PM,0,0,0
02/25/2018 10:00:00 PM,0,0,0
02/25/2018 09:00:00 PM,0,0,0
02/25/2018 08:00:00 PM,1,1,0
02/25/2018 07:00:00 PM,2,1,1
02/25/2018 06:00:00 PM,3,2,1
02/25/2018 05:00:00 PM,0,0,0
02/25/2018 04:00:00 PM,2,1,1
02/25/2018 03:00:00 PM,3,3,0
02/25/2018 02:00:00 PM,8,3,5
02/25/2018 01:00:00 PM,5,2,3
02/25/2018 12:00:00 PM,5,3,2
02/25/2018 11:00:00 AM,9,3,6
02/25/2018 10:00:00 AM,2,1,1
02/25/2018 09:00:00 AM,4,2,2
02/25/2018 08:00:00 AM,1,1,0
02/25/2018 07:00:00 AM,1,1,0
02/25/2018 06:00:00 AM,0,0,0
02/25/2018 05:00:00 AM,0,0,0
02/25/2018 04:00:00 AM,0,0,0
02/25/2018 03:00:00 AM,0,0,0
02/25/2018 02:00:00 AM,1,0,1
02/25/2018 01:00:00 AM,0,0,0
02/25/2018 12:00:00 AM,0,0,0
02/24/2018 11:00:00 PM,1,1,0
02/24/2018 10:00:00 PM,2,2,0
02/24/2018 09:00:00 PM,0,0,0
02/24/2018 08:00:00 PM,6,5,1
02/24/2018 07:00:00 PM,3,1,2
02/24/2018 06:00:00 PM,2,2,0
02/24/2018 05:00:00 PM,3,1,2
02/24/2018 04:00:00 PM,6,2,4
02/24/2018 03:00:00 PM,3,2,1
02/24/2018 02:00:00 PM,5,2,3
02/24/2018 01:00:00 PM,4,0,4
02/24/2018 12:00:00 PM,5,1,4
02/24/2018 11:00:00 AM,5,3,2
02/24/2018 10:00:00 AM,1,1,0
02/24/2018 09:00:00 AM,2,2,0
02/24/2018 08:00:00 AM,2,1,1
02/24/2018 07:00:00 AM,1,0,1
02/24/2018 06:00:00 AM,0,0,0
02/24/2018 05:00:00 AM,0,0,0
02/24/2018 04:00:00 AM,0,0,0
02/24/2018 03:00:00 AM,0,0,0
02/24/2018 02:00:00 AM,0,0,0
02/24/2018 01:00:00 AM,0,0,0
02/24/2018 12:00:00 AM,1,1,0
02/23/2018 11:00:00 PM,0,0,0
02/23/2018 10:00:00 PM,0,0,0
02/23/2018 09:00:00 PM,0,0,0
02/23/2018 08:00:00 PM,1,1,0
02/23/2018 07:00:00 PM,2,0,2
02/23/2018 06:00:00 PM,7,6,1
02/23/2018 05:00:00 PM,2,0,2
02/23/2018 04:00:00 PM,2,2,0
02/23/2018 03:00:00 PM,1,0,1
02/23/2018 02:00:00 PM,1,1,0
02/23/2018 01:00:00 PM,2,1,1
02/23/2018 12:00:00 PM,1,0,1
02/23/2018 11:00:00 AM,0,0,0
02/23/2018 10:00:00 AM,0,0,0
02/23/2018 09:00:00 AM,0,0,0
02/23/2018 08:00:00 AM,0,0,0
02/23/2018 07:00:00 AM,0,0,0
02/23/2018 06:00:00 AM,0,0,0
02/23/2018 05:00:00 AM,0,0,0
02/23/2018 04:00:00 AM,0,0,0
02/23/2018 03:00:00 AM,0,0,0
02/23/2018 02:00:00 AM,0,0,0
02/23/2018 01:00:00 AM,0,0,0
02/23/2018 12:00:00 AM,0,0,0
02/22/2018 11:00:00 PM,0,0,0
02/22/2018 10:00:00 PM,1,0,1
02/22/2018 09:00:00 PM,0,0,0
02/22/2018 08:00:00 PM,0,0,0
02/22/2018 07:00:00 PM,2,1,1
02/22/2018 06:00:00 PM,2,1,1
02/22/2018 05:00:00 PM,5,3,2
02/22/2018 04:00:00 PM,6,3,3
02/22/2018 03:00:00 PM,2,1,1
02/22/2018 02:00:00 PM,2,1,1
02/22/2018 01:00:00 PM,2,1,1
02/22/2018 12:00:00 PM,1,0,1
02/22/2018 11:00:00 AM,2,1,1
02/22/2018 10:00:00 AM,2,1,1
02/22/2018 09:00:00 AM,2,2,0
02/22/2018 08:00:00 AM,3,2,1
02/22/2018 07:00:00 AM,1,0,1
02/22/2018 06:00:00 AM,1,0,1
02/22/2018 05:00:00 AM,0,0,0
02/22/2018 04:00:00 AM,0,0,0
02/22/2018 03:00:00 AM,0,0,0
02/22/2018 02:00:00 AM,0,0,0
02/22/2018 01:00:00 AM,0,0,0
02/22/2018 12:00:00 AM,1,0,1
02/21/2018 11:00:00 PM,0,0,0
02/21/2018 10:00:00 PM,0,0,0
02/21/2018 09:00:00 PM,2,1,1
02/21/2018 08:00:00 PM,2,0,2
02/21/2018 07:00:00 PM,1,1,0
02/21/2018 06:00:00 PM,4,3,1
02/21/2018 05:00:00 PM,1,1,0
02/21/2018 04:00:00 PM,4,3,1
02/21/2018 03:00:00 PM,3,2,1
02/21/2018 02:00:00 PM,4,2,2
02/21/2018 01:00:00 PM,7,5,2
02/21/2018 12:00:00 PM,2,0,2
02/21/2018 11:00:00 AM,3,2,1
02/21/2018 10:00:00 AM,2,1,1
02/21/2018 09:00:00 AM,4,4,0
02/21/2018 08:00:00 AM,0,0,0
02/21/2018 07:00:00 AM,0,0,0
02/21/2018 06:00:00 AM,0,0,0
02/21/2018 05:00:00 AM,0,0,0
02/21/2018 04:00:00 AM,0,0,0
02/21/2018 03:00:00 AM,0,0,0
02/21/2018 02:00:00 AM,0,0,0
02/21/2018 01:00:00 AM,0,0,0
02/21/2018 12:00:00 AM,0,0,0
02/20/2018 11:00:00 PM,0,0,0
02/20/2018 10:00:00 PM,1,1,0
02/20/2018 09:00:00 PM,0,0,0
02/20/2018 08:00:00 PM,2,2,0
02/20/2018 07:00:00 PM,1,1,0
02/20/2018 06:00:00 PM,3,3,0
02/20/2018 05:00:00 PM,6,4,2
02/20/2018 04:00:00 PM,1,1,0
02/20/2018 03:00:00 PM,3,2,1
02/20/2018 02:00:00 PM,1,0,1
02/20/2018 01:00:00 PM,3,2,1
02/20/2018 12:00:00 PM,3,1,2
02/20/2018 11:00:00 AM,8,3,5
02/20/2018 10:00:00 AM,4,3,1
02/20/2018 09:00:00 AM,1,0,1
02/20/2018 08:00:00 AM,1,0,1
02/20/2018 07:00:00 AM,0,0,0
02/20/2018 06:00:00 AM,0,0,0
02/20/2018 05:00:00 AM,0,0,0
02/20/2018 04:00:00 AM,0,0,0
02/20/2018 03:00:00 AM,0,0,0
02/20/2018 02:00:00 AM,0,0,0
02/20/2018 01:00:00 AM,0,0,0
02/20/2018 12:00:00 AM,0,0,0
02/19/2018 11:00:00 PM,0,0,0
02/19/2018 10:00:00 PM,0,0,0
02/19/2018 09:00:00 PM,0,0,0
02/19/2018 08:00:00 PM,0,0,0
02/19/2018 07:00:00 PM,2,1,1
02/19/2018 06:00:00 PM,2,1,1
02/19/2018 05:00:00 PM,5,4,1
02/19/2018 04:00:00 PM,8,5,3
02/19/2018 03:00:00 PM,9,5,4
02/19/2018 02:00:00 PM,9,3,6
02/19/2018 01:00:00 PM,3,0,3
02/19/2018 12:00:00 PM,5,2,3
02/19/2018 11:00:00 AM,2,1,1
02/19/2018 10:00:00 AM,5,4,1
02/19/2018 09:00:00 AM,0,0,0
02/19/2018 08:00:00 AM,0,0,0
02/19/2018 07:00:00 AM,1,0,1
02/19/2018 06:00:00 AM,0,0,0
02/19/2018 05:00:00 AM,0,0,0
02/19/2018 04:00:00 AM,0,0,0
02/19/2018 03:00:00 AM,0,0,0
02/19/2018 02:00:00 AM,0,0,0
02/19/2018 01:00:00 AM,0,0,0
02/19/2018 12:00:00 AM,0,0,0
02/18/2018 11:00:00 PM,1,0,1
02/18/2018 10:00:00 PM,1,1,0
02/18/2018 09:00:00 PM,0,0,0
02/18/2018 08:00:00 PM,1,1,0
02/18/2018 07:00:00 PM,3,2,1
02/18/2018 06:00:00 PM,1,0,1
02/18/2018 05:00:00 PM,2,1,1
02/18/2018 04:00:00 PM,2,2,0
02/18/2018 03:00:00 PM,6,3,3
02/18/2018 02:00:00 PM,6,2,4
02/18/2018 01:00:00 PM,2,1,1
02/18/2018 12:00:00 PM,2,1,1
02/18/2018 11:00:00 AM,4,2,2
02/18/2018 10:00:00 AM,0,0,0
02/18/2018 09:00:00 AM,0,0,0
02/18/2018 08:00:00 AM,0,0,0
02/18/2018 07:00:00 AM,1,0,1
02/18/2018 06:00:00 AM,0,0,0
02/18/2018 05:00:00 AM,0,0,0
02/18/2018 04:00:00 AM,0,0,0
02/18/2018 03:00:00 AM,0,0,0
02/18/2018 02:00:00 AM,0,0,0
02/18/2018 01:00:00 AM,0,0,0
02/18/2018 12:00:00 AM,1,1,0
02/17/2018 11:00:00 PM,0,0,0
02/17/2018 10:00:00 PM,2,1,1
02/17/2018 09:00:00 PM,1,1,0
02/17/2018 08:00:00 PM,3,1,2
02/17/2018 07:00:00 PM,4,3,1
02/17/2018 06:00:00 PM,2,2,0
02/17/2018 05:00:00 PM,9,3,6
02/17/2018 04:00:00 PM,6,3,3
02/17/2018 03:00:00 PM,5,4,1
02/17/2018 02:00:00 PM,5,1,4
02/17/2018 01:00:00 PM,8,2,6
02/17/2018 12:00:00 PM,4,1,3
02/17/2018 11:00:00 AM,0,0,0
02/17/2018 10:00:00 AM,2,0,2
02/17/2018 09:00:00 AM,1,0,1
02/17/2018 08:00:00 AM,0,0,0
02/17/2018 07:00:00 AM,1,0,1
02/17/2018 06:00:00 AM,0,0,0
02/17/2018 05:00:00 AM,0,0,0
02/17/2018 04:00:00 AM,0,0,0
02/17/2018 03:00:00 AM,0,0,0
02/17/2018 02:00:00 AM,0,0,0
02/17/2018 01:00:00 AM,0,0,0
02/17/2018 12:00:00 AM,0,0,0
02/16/2018 11:00:00 PM,0,0,0
02/16/2018 10:00:00 PM,1,0,1
02/16/2018 09:00:00 PM,1,1,0
02/16/2018 08:00:00 PM,2,2,0
02/16/2018 07:00:00 PM,5,0,5
02/16/2018 06:00:00 PM,8,4,4
02/16/2018 05:00:00 PM,8,4,4
02/16/2018 04:00:00 PM,3,1,2
02/16/2018 03:00:00 PM,4,3,1
02/16/2018 02:00:00 PM,1,0,1
02/16/2018 01:00:00 PM,4,2,2
02/16/2018 12:00:00 PM,3,1,2
02/16/2018 11:00:00 AM,5,3,2
02/16/2018 10:00:00 AM,4,0,4
02/16/2018 09:00:00 AM,2,2,0
02/16/2018 08:00:00 AM,4,1,3
02/16/2018 07:00:00 AM,2,1,1
02/16/2018 06:00:00 AM,0,0,0
02/16/2018 05:00:00 AM,1,0,1
02/16/2018 04:00:00 AM,0,0,0
02/16/2018 03:00:00 AM,0,0,0
02/16/2018 02:00:00 AM,0,0,0
02/16/2018 01:00:00 AM,0,0,0
02/16/2018 12:00:00 AM,0,0,0
02/15/2018 11:00:00 PM,1,1,0
02/15/2018 10:00:00 PM,1,0,1
02/15/2018 09:00:00 PM,1,1,0
02/15/2018 08:00:00 PM,6,5,1
02/15/2018 07:00:00 PM,5,2,3
02/15/2018 06:00:00 PM,4,1,3
02/15/2018 05:00:00 PM,12,7,5
02/15/2018 04:00:00 PM,2,1,1
02/15/2018 03:00:00 PM,3,1,2
02/15/2018 02:00:00 PM,2,1,1
02/15/2018 01:00:00 PM,2,2,0
02/15/2018 12:00:00 PM,6,4,2
02/15/2018 11:00:00 AM,6,2,4
02/15/2018 10:00:00 AM,4,2,2
02/15/2018 09:00:00 AM,7,3,4
02/15/2018 08:00:00 AM,5,4,1
02/15/2018 07:00:00 AM,5,2,3
02/15/2018 06:00:00 AM,1,0,1
02/15/2018 05:00:00 AM,0,0,0
02/15/2018 04:00:00 AM,0,0,0
02/15/2018 03:00:00 AM,0,0,0
02/15/2018 02:00:00 AM,0,0,0
02/15/2018 01:00:00 AM,0,0,0
02/15/2018 12:00:00 AM,1,0,1
02/14/2018 11:00:00 PM,0,0,0
02/14/2018 10:00:00 PM,1,1,0
02/14/2018 09:00:00 PM,1,0,1
02/14/2018 08:00:00 PM,3,3,0
02/14/2018 07:00:00 PM,6,2,4
02/14/2018 06:00:00 PM,4,3,1
02/14/2018 05:00:00 PM,9,6,3
02/14/2018 04:00:00 PM,7,5,2
02/14/2018 03:00:00 PM,2,2,0
02/14/2018 02:00:00 PM,4,2,2
02/14/2018 01:00:00 PM,4,3,1
02/14/2018 12:00:00 PM,3,0,3
02/14/2018 11:00:00 AM,3,2,1
02/14/2018 10:00:00 AM,1,0,1
02/14/2018 09:00:00 AM,3,2,1
02/14/2018 08:00:00 AM,1,1,0
02/14/2018 07:00:00 AM,2,2,0
02/14/2018 06:00:00 AM,1,1,0
02/14/2018 05:00:00 AM,0,0,0
02/14/2018 04:00:00 AM,0,0,0
02/14/2018 03:00:00 AM,0,0,0
02/14/2018 02:00:00 AM,0,0,0
02/14/2018 01:00:00 AM,0,0,0
02/14/2018 12:00:00 AM,0,0,0
02/13/2018 11:00:00 PM,1,1,0
02/13/2018 10:00:00 PM,0,0,0
02/13/2018 09:00:00 PM,1,1,0
02/13/2018 08:00:00 PM,2,1,1
02/13/2018 07:00:00 PM,5,2,3
02/13/2018 06:00:00 PM,5,2,3
02/13/2018 05:00:00 PM,5,4,1
02/13/2018 04:00:00 PM,12,9,3
02/13/2018 03:00:00 PM,5,3,2
02/13/2018 02:00:00 PM,3,1,2
02/13/2018 01:00:00 PM,3,1,2
02/13/2018 12:00:00 PM,4,2,2
02/13/2018 11:00:00 AM,6,4,2
02/13/2018 10:00:00 AM,4,3,1
02/13/2018 09:00:00 AM,4,2,2
02/13/2018 08:00:00 AM,0,0,0
02/13/2018 07:00:00 AM,0,0,0
02/13/2018 06:00:00 AM,0,0,0
02/13/2018 05:00:00 AM,0,0,0
02/13/2018 04:00:00 AM,0,0,0
02/13/2018 03:00:00 AM,0,0,0
02/13/2018 02:00:00 AM,0,0,0
02/13/2018 01:00:00 AM,0,0,0
02/13/2018 12:00:00 AM,0,0,0
02/12/2018 11:00:00 PM,0,0,0
02/12/2018 10:00:00 PM,0,0,0
02/12/2018 09:00:00 PM,3,3,0
02/12/2018 08:00:00 PM,1,1,0
02/12/2018 07:00:00 PM,1,1,0
02/12/2018 06:00:00 PM,7,4,3
02/12/2018 05:00:00 PM,3,1,2
02/12/2018 04:00:00 PM,5,3,2
02/12/2018 03:00:00 PM,6,2,4
02/12/2018 02:00:00 PM,2,2,0
02/12/2018 01:00:00 PM,7,4,3
02/12/2018 12:00:00 PM,6,1,5
02/12/2018 11:00:00 AM,6,4,2
02/12/2018 10:00:00 AM,3,1,2
02/12/2018 09:00:00 AM,3,2,1
02/12/2018 08:00:00 AM,0,0,0
02/12/2018 07:00:00 AM,3,2,1
02/12/2018 06:00:00 AM,0,0,0
02/12/2018 05:00:00 AM,0,0,0
02/12/2018 04:00:00 AM,1,1,0
02/12/2018 03:00:00 AM,0,0,0
02/12/2018 02:00:00 AM,0,0,0
02/12/2018 01:00:00 AM,0,0,0
02/12/2018 12:00:00 AM,0,0,0
02/11/2018 11:00:00 PM,0,0,0
02/11/2018 10:00:00 PM,1,0,1
02/11/2018 09:00:00 PM,1,0,1
02/11/2018 08:00:00 PM,1,1,0
02/11/2018 07:00:00 PM,2,0,2
02/11/2018 06:00:00 PM,1,1,0
02/11/2018 05:00:00 PM,3,1,2
02/11/2018 04:00:00 PM,6,2,4
02/11/2018 03:00:00 PM,7,4,3
02/11/2018 02:00:00 PM,25,15,10
02/11/2018 01:00:00 PM,9,4,5
02/11/2018 12:00:00 PM,15,6,9
02/11/2018 11:00:00 AM,10,6,4
02/11/2018 10:00:00 AM,9,2,7
02/11/2018 09:00:00 AM,5,2,3
02/11/2018 08:00:00 AM,0,0,0
02/11/2018 07:00:00 AM,0,0,0
02/11/2018 06:00:00 AM,1,0,1
02/11/2018 05:00:00 AM,0,0,0
02/11/2018 04:00:00 AM,0,0,0
02/11/2018 03:00:00 AM,0,0,0
02/11/2018 02:00:00 AM,1,1,0
02/11/2018 01:00:00 AM,0,0,0
02/11/2018 12:00:00 AM,0,0,0
02/10/2018 11:00:00 PM,2,2,0
02/10/2018 10:00:00 PM,0,0,0
02/10/2018 09:00:00 PM,0,0,0
02/10/2018 08:00:00 PM,5,3,2
02/10/2018 07:00:00 PM,2,1,1
02/10/2018 06:00:00 PM,4,3,1
02/10/2018 05:00:00 PM,6,4,2
02/10/2018 04:00:00 PM,8,2,6
02/10/2018 03:00:00 PM,12,3,9
02/10/2018 02:00:00 PM,12,8,4
02/10/2018 01:00:00 PM,5,2,3
02/10/2018 12:00:00 PM,11,7,4
02/10/2018 11:00:00 AM,10,6,4
02/10/2018 10:00:00 AM,10,5,5
02/10/2018 09:00:00 AM,5,2,3
02/10/2018 08:00:00 AM,2,1,1
02/10/2018 07:00:00 AM,1,1,0
02/10/2018 06:00:00 AM,0,0,0
02/10/2018 05:00:00 AM,0,0,0
02/10/2018 04:00:00 AM,0,0,0
02/10/2018 03:00:00 AM,0,0,0
02/10/2018 02:00:00 AM,0,0,0
02/10/2018 01:00:00 AM,0,0,0
02/10/2018 12:00:00 AM,0,0,0
02/09/2018 11:00:00 PM,0,0,0
02/09/2018 10:00:00 PM,0,0,0
02/09/2018 09:00:00 PM,1,1,0
02/09/2018 08:00:00 PM,1,1,0
02/09/2018 07:00:00 PM,2,0,2
02/09/2018 06:00:00 PM,8,4,4
02/09/2018 05:00:00 PM,5,3,2
02/09/2018 04:00:00 PM,3,3,0
02/09/2018 03:00:00 PM,3,1,2
02/09/2018 02:00:00 PM,5,3,2
02/09/2018 01:00:00 PM,6,2,4
02/09/2018 12:00:00 PM,4,1,3
02/09/2018 11:00:00 AM,4,3,1
02/09/2018 10:00:00 AM,4,2,2
02/09/2018 09:00:00 AM,3,1,2
02/09/2018 08:00:00 AM,3,2,1
02/09/2018 07:00:00 AM,2,2,0
02/09/2018 06:00:00 AM,0,0,0
02/09/2018 05:00:00 AM,0,0,0
02/09/2018 04:00:00 AM,0,0,0
02/09/2018 03:00:00 AM,1,0,1
02/09/2018 02:00:00 AM,0,0,0
02/09/2018 01:00:00 AM,0,0,0
02/09/2018 12:00:00 AM,0,0,0
02/08/2018 11:00:00 PM,0,0,0
02/08/2018 10:00:00 PM,0,0,0
02/08/2018 09:00:00 PM,0,0,0
02/08/2018 08:00:00 PM,1,1,0
02/08/2018 07:00:00 PM,1,0,1
02/08/2018 06:00:00 PM,4,3,1
02/08/2018 05:00:00 PM,5,1,4
02/08/2018 04:00:00 PM,2,1,1
02/08/2018 03:00:00 PM,3,2,1
02/08/2018 02:00:00 PM,5,3,2
02/08/2018 01:00:00 PM,2,2,0
02/08/2018 12:00:00 PM,3,2,1
02/08/2018 11:00:00 AM,2,0,2
02/08/2018 10:00:00 AM,6,4,2
02/08/2018 09:00:00 AM,3,1,2
02/08/2018 08:00:00 AM,2,1,1
02/08/2018 07:00:00 AM,2,1,1
02/08/2018 06:00:00 AM,0,0,0
02/08/2018 05:00:00 AM,0,0,0
02/08/2018 04:00:00 AM,0,0,0
02/08/2018 03:00:00 AM,0,0,0
02/08/2018 02:00:00 AM,0,0,0
02/08/2018 01:00:00 AM,0,0,0
02/08/2018 12:00:00 AM,0,0,0
02/07/2018 11:00:00 PM,0,0,0
02/07/2018 10:00:00 PM,1,0,1
02/07/2018 09:00:00 PM,1,0,1
02/07/2018 08:00:00 PM,1,0,1
02/07/2018 07:00:00 PM,6,3,3
02/07/2018 06:00:00 PM,4,2,2
02/07/2018 05:00:00 PM,4,0,4
02/07/2018 04:00:00 PM,2,0,2
02/07/2018 03:00:00 PM,2,1,1
02/07/2018 02:00:00 PM,3,0,3
02/07/2018 01:00:00 PM,5,3,2
02/07/2018 12:00:00 PM,4,2,2
02/07/2018 11:00:00 AM,3,2,1
02/07/2018 10:00:00 AM,5,3,2
02/07/2018 09:00:00 AM,2,0,2
02/07/2018 08:00:00 AM,5,4,1
02/07/2018 07:00:00 AM,6,5,1
02/07/2018 06:00:00 AM,1,1,0
02/07/2018 05:00:00 AM,0,0,0
02/07/2018 04:00:00 AM,0,0,0
02/07/2018 03:00:00 AM,0,0,0
02/07/2018 02:00:00 AM,0,0,0
02/07/2018 01:00:00 AM,0,0,0
02/07/2018 12:00:00 AM,1,0,1
02/06/2018 11:00:00 PM,1,0,1
02/06/2018 10:00:00 PM,1,0,1
02/06/2018 09:00:00 PM,0,0,0
02/06/2018 08:00:00 PM,4,3,1
02/06/2018 07:00:00 PM,1,0,1
02/06/2018 06:00:00 PM,7,4,3
02/06/2018 05:00:00 PM,6,3,3
02/06/2018 04:00:00 PM,2,1,1
02/06/2018 03:00:00 PM,5,4,1
02/06/2018 02:00:00 PM,3,0,3
02/06/2018 01:00:00 PM,3,3,0
02/06/2018 12:00:00 PM,3,3,0
02/06/2018 11:00:00 AM,3,0,3
02/06/2018 10:00:00 AM,5,1,4
02/06/2018 09:00:00 AM,3,0,3
02/06/2018 08:00:00 AM,2,1,1
02/06/2018 07:00:00 AM,4,4,0
02/06/2018 06:00:00 AM,2,0,2
02/06/2018 05:00:00 AM,0,0,0
02/06/2018 04:00:00 AM,0,0,0
02/06/2018 03:00:00 AM,0,0,0
02/06/2018 02:00:00 AM,0,0,0
02/06/2018 01:00:00 AM,0,0,0
02/06/2018 12:00:00 AM,0,0,0
02/05/2018 11:00:00 PM,0,0,0
02/05/2018 10:00:00 PM,0,0,0
02/05/2018 09:00:00 PM,3,2,1
02/05/2018 08:00:00 PM,2,2,0
02/05/2018 07:00:00 PM,2,1,1
02/05/2018 06:00:00 PM,2,2,0
02/05/2018 05:00:00 PM,5,4,1
02/05/2018 04:00:00 PM,6,2,4
02/05/2018 03:00:00 PM,5,4,1
02/05/2018 02:00:00 PM,6,4,2
02/05/2018 01:00:00 PM,4,1,3
02/05/2018 12:00:00 PM,4,2,2
02/05/2018 11:00:00 AM,5,1,4
02/05/2018 10:00:00 AM,5,1,4
02/05/2018 09:00:00 AM,4,0,4
02/05/2018 08:00:00 AM,4,3,1
02/05/2018 07:00:00 AM,4,4,0
02/05/2018 06:00:00 AM,1,1,0
02/05/2018 05:00:00 AM,0,0,0
02/05/2018 04:00:00 AM,0,0,0
02/05/2018 03:00:00 AM,0,0,0
02/05/2018 02:00:00 AM,0,0,0
02/05/2018 01:00:00 AM,0,0,0
02/05/2018 12:00:00 AM,0,0,0
02/04/2018 11:00:00 PM,0,0,0
02/04/2018 10:00:00 PM,1,1,0
02/04/2018 09:00:00 PM,0,0,0
02/04/2018 08:00:00 PM,1,1,0
02/04/2018 07:00:00 PM,0,0,0
02/04/2018 06:00:00 PM,0,0,0
02/04/2018 05:00:00 PM,2,2,0
02/04/2018 04:00:00 PM,2,1,1
02/04/2018 03:00:00 PM,12,10,2
02/04/2018 02:00:00 PM,9,5,4
02/04/2018 01:00:00 PM,8,4,4
02/04/2018 12:00:00 PM,2,2,0
02/04/2018 11:00:00 AM,5,5,0
02/04/2018 10:00:00 AM,3,2,1
02/04/2018 09:00:00 AM,0,0,0
02/04/2018 08:00:00 AM,0,0,0
02/04/2018 07:00:00 AM,0,0,0
02/04/2018 06:00:00 AM,1,0,1
02/04/2018 05:00:00 AM,0,0,0
02/04/2018 04:00:00 AM,0,0,0
02/04/2018 03:00:00 AM,0,0,0
02/04/2018 02:00:00 AM,0,0,0
02/04/2018 01:00:00 AM,0,0,0
02/04/2018 12:00:00 AM,0,0,0
02/03/2018 11:00:00 PM,2,1,1
02/03/2018 10:00:00 PM,0,0,0
02/03/2018 09:00:00 PM,0,0,0
02/03/2018 08:00:00 PM,0,0,0
02/03/2018 07:00:00 PM,1,1,0
02/03/2018 06:00:00 PM,0,0,0
02/03/2018 05:00:00 PM,0,0,0
02/03/2018 04:00:00 PM,1,1,0
02/03/2018 03:00:00 PM,0,0,0
02/03/2018 02:00:00 PM,2,0,2
02/03/2018 01:00:00 PM,3,2,1
02/03/2018 12:00:00 PM,6,4,2
02/03/2018 11:00:00 AM,5,1,4
02/03/2018 10:00:00 AM,5,2,3
02/03/2018 09:00:00 AM,3,2,1
02/03/2018 08:00:00 AM,1,1,0
02/03/2018 07:00:00 AM,4,1,3
02/03/2018 06:00:00 AM,0,0,0
02/03/2018 05:00:00 AM,0,0,0
02/03/2018 04:00:00 AM,0,0,0
02/03/2018 03:00:00 AM,0,0,0
02/03/2018 02:00:00 AM,0,0,0
02/03/2018 01:00:00 AM,0,0,0
02/03/2018 12:00:00 AM,0,0,0
02/02/2018 11:00:00 PM,0,0,0
02/02/2018 10:00:00 PM,0,0,0
02/02/2018 09:00:00 PM,1,1,0
02/02/2018 08:00:00 PM,2,1,1
02/02/2018 07:00:00 PM,2,2,0
02/02/2018 06:00:00 PM,2,1,1
02/02/2018 05:00:00 PM,8,2,6
02/02/2018 04:00:00 PM,5,1,4
02/02/2018 03:00:00 PM,5,2,3
02/02/2018 02:00:00 PM,5,1,4
02/02/2018 01:00:00 PM,8,3,5
02/02/2018 12:00:00 PM,4,2,2
02/02/2018 11:00:00 AM,3,0,3
02/02/2018 10:00:00 AM,6,1,5
02/02/2018 09:00:00 AM,2,2,0
02/02/2018 08:00:00 AM,8,5,3
02/02/2018 07:00:00 AM,2,2,0
02/02/2018 06:00:00 AM,1,1,0
02/02/2018 05:00:00 AM,0,0,0
02/02/2018 04:00:00 AM,0,0,0
02/02/2018 03:00:00 AM,0,0,0
02/02/2018 02:00:00 AM,0,0,0
02/02/2018 01:00:00 AM,0,0,0
02/02/2018 12:00:00 AM,0,0,0
02/01/2018 11:00:00 PM,2,1,1
02/01/2018 10:00:00 PM,1,1,0
02/01/2018 09:00:00 PM,2,1,1
02/01/2018 08:00:00 PM,1,0,1
02/01/2018 07:00:00 PM,3,2,1
02/01/2018 06:00:00 PM,2,2,0
02/01/2018 05:00:00 PM,3,1,2
02/01/2018 04:00:00 PM,3,2,1
02/01/2018 03:00:00 PM,4,2,2
02/01/2018 02:00:00 PM,1,1,0
02/01/2018 01:00:00 PM,1,1,0
02/01/2018 12:00:00 PM,2,0,2
02/01/2018 11:00:00 AM,2,1,1
02/01/2018 10:00:00 AM,2,0,2
02/01/2018 09:00:00 AM,3,1,2
02/01/2018 08:00:00 AM,5,2,3
02/01/2018 07:00:00 AM,3,2,1
02/01/2018 06:00:00 AM,2,0,2
02/01/2018 05:00:00 AM,0,0,0
02/01/2018 04:00:00 AM,0,0,0
02/01/2018 03:00:00 AM,0,0,0
02/01/2018 02:00:00 AM,0,0,0
02/01/2018 01:00:00 AM,0,0,0
02/01/2018 12:00:00 AM,0,0,0
01/31/2018 11:00:00 PM,0,0,0
01/31/2018 10:00:00 PM,0,0,0
01/31/2018 09:00:00 PM,1,1,0
01/31/2018 08:00:00 PM,1,0,1
01/31/2018 07:00:00 PM,5,1,4
01/31/2018 06:00:00 PM,3,1,2
01/31/2018 05:00:00 PM,10,5,5
01/31/2018 04:00:00 PM,1,0,1
01/31/2018 03:00:00 PM,7,4,3
01/31/2018 02:00:00 PM,6,3,3
01/31/2018 01:00:00 PM,7,3,4
01/31/2018 12:00:00 PM,4,2,2
01/31/2018 11:00:00 AM,2,0,2
01/31/2018 10:00:00 AM,8,2,6
01/31/2018 09:00:00 AM,4,3,1
01/31/2018 08:00:00 AM,3,2,1
01/31/2018 07:00:00 AM,5,2,3
01/31/2018 06:00:00 AM,1,0,1
01/31/2018 05:00:00 AM,0,0,0
01/31/2018 04:00:00 AM,0,0,0
01/31/2018 03:00:00 AM,0,0,0
01/31/2018 02:00:00 AM,1,0,1
01/31/2018 01:00:00 AM,0,0,0
01/31/2018 12:00:00 AM,1,0,1
01/30/2018 11:00:00 PM,0,0,0
01/30/2018 10:00:00 PM,1,0,1
01/30/2018 09:00:00 PM,1,1,0
01/30/2018 08:00:00 PM,1,1,0
01/30/2018 07:00:00 PM,10,7,3
01/30/2018 06:00:00 PM,11,4,7
01/30/2018 05:00:00 PM,11,4,7
01/30/2018 04:00:00 PM,4,3,1
01/30/2018 03:00:00 PM,6,3,3
01/30/2018 02:00:00 PM,6,1,5
01/30/2018 01:00:00 PM,4,3,1
01/30/2018 12:00:00 PM,5,3,2
01/30/2018 11:00:00 AM,2,1,1
01/30/2018 10:00:00 AM,4,2,2
01/30/2018 09:00:00 AM,4,1,3
01/30/2018 08:00:00 AM,5,2,3
01/30/2018 07:00:00 AM,6,3,3
01/30/2018 06:00:00 AM,3,0,3
01/30/2018 05:00:00 AM,1,1,0
01/30/2018 04:00:00 AM,0,0,0
01/30/2018 03:00:00 AM,0,0,0
01/30/2018 02:00:00 AM,1,1,0
01/30/2018 01:00:00 AM,0,0,0
01/30/2018 12:00:00 AM,0,0,0
01/29/2018 11:00:00 PM,1,1,0
01/29/2018 10:00:00 PM,0,0,0
01/29/2018 09:00:00 PM,0,0,0
01/29/2018 08:00:00 PM,2,2,0
01/29/2018 07:00:00 PM,2,2,0
01/29/2018 06:00:00 PM,3,3,0
01/29/2018 05:00:00 PM,2,1,1
01/29/2018 04:00:00 PM,2,2,0
01/29/2018 03:00:00 PM,1,0,1
01/29/2018 02:00:00 PM,3,3,0
01/29/2018 01:00:00 PM,2,2,0
01/29/2018 12:00:00 PM,1,0,1
01/29/2018 11:00:00 AM,0,0,0
01/29/2018 10:00:00 AM,1,0,1
01/29/2018 09:00:00 AM,0,0,0
01/29/2018 08:00:00 AM,2,1,1
01/29/2018 07:00:00 AM,6,3,3
01/29/2018 06:00:00 AM,0,0,0
01/29/2018 05:00:00 AM,0,0,0
01/29/2018 04:00:00 AM,0,0,0
01/29/2018 03:00:00 AM,0,0,0
01/29/2018 02:00:00 AM,0,0,0
01/29/2018 01:00:00 AM,1,0,1
01/29/2018 12:00:00 AM,1,0,1
01/28/2018 11:00:00 PM,0,0,0
01/28/2018 10:00:00 PM,1,1,0
01/28/2018 09:00:00 PM,0,0,0
01/28/2018 08:00:00 PM,3,2,1
01/28/2018 07:00:00 PM,3,1,2
01/28/2018 06:00:00 PM,2,1,1
01/28/2018 05:00:00 PM,3,1,2
01/28/2018 04:00:00 PM,3,3,0
01/28/2018 03:00:00 PM,4,2,2
01/28/2018 02:00:00 PM,5,5,0
01/28/2018 01:00:00 PM,7,1,6
01/28/2018 12:00:00 PM,4,3,1
01/28/2018 11:00:00 AM,5,2,3
01/28/2018 10:00:00 AM,2,1,1
01/28/2018 09:00:00 AM,1,0,1
01/28/2018 08:00:00 AM,3,1,2
01/28/2018 07:00:00 AM,0,0,0
01/28/2018 06:00:00 AM,0,0,0
01/28/2018 05:00:00 AM,0,0,0
01/28/2018 04:00:00 AM,0,0,0
01/28/2018 03:00:00 AM,0,0,0
01/28/2018 02:00:00 AM,0,0,0
01/28/2018 01:00:00 AM,0,0,0
01/28/2018 12:00:00 AM,1,0,1
01/27/2018 11:00:00 PM,1,1,0
01/27/2018 10:00:00 PM,0,0,0
01/27/2018 09:00:00 PM,3,0,3
01/27/2018 08:00:00 PM,0,0,0
01/27/2018 07:00:00 PM,1,1,0
01/27/2018 06:00:00 PM,5,4,1
01/27/2018 05:00:00 PM,4,2,2
01/27/2018 04:00:00 PM,6,3,3
01/27/2018 03:00:00 PM,1,0,1
01/27/2018 02:00:00 PM,4,1,3
01/27/2018 01:00:00 PM,5,2,3
01/27/2018 12:00:00 PM,4,2,2
01/27/2018 11:00:00 AM,1,0,1
01/27/2018 10:00:00 AM,3,2,1
01/27/2018 09:00:00 AM,0,0,0
01/27/2018 08:00:00 AM,1,0,1
01/27/2018 07:00:00 AM,0,0,0
01/27/2018 06:00:00 AM,0,0,0
01/27/2018 05:00:00 AM,0,0,0
01/27/2018 04:00:00 AM,0,0,0
01/27/2018 03:00:00 AM,0,0,0
01/27/2018 02:00:00 AM,0,0,0
01/27/2018 01:00:00 AM,1,1,0
01/27/2018 12:00:00 AM,0,0,0
01/26/2018 11:00:00 PM,2,1,1
01/26/2018 10:00:00 PM,0,0,0
01/26/2018 09:00:00 PM,3,1,2
01/26/2018 08:00:00 PM,1,1,0
01/26/2018 07:00:00 PM,8,4,4
01/26/2018 06:00:00 PM,3,1,2
01/26/2018 05:00:00 PM,6,2,4
01/26/2018 04:00:00 PM,7,2,5
01/26/2018 03:00:00 PM,7,4,3
01/26/2018 02:00:00 PM,4,1,3
01/26/2018 01:00:00 PM,7,2,5
01/26/2018 12:00:00 PM,4,0,4
01/26/2018 11:00:00 AM,1,0,1
01/26/2018 10:00:00 AM,5,3,2
01/26/2018 09:00:00 AM,1,0,1
01/26/2018 08:00:00 AM,1,1,0
01/26/2018 07:00:00 AM,5,4,1
01/26/2018 06:00:00 AM,3,0,3
01/26/2018 05:00:00 AM,0,0,0
01/26/2018 04:00:00 AM,0,0,0
01/26/2018 03:00:00 AM,0,0,0
01/26/2018 02:00:00 AM,0,0,0
01/26/2018 01:00:00 AM,0,0,0
01/26/2018 12:00:00 AM,1,0,1
01/25/2018 11:00:00 PM,0,0,0
01/25/2018 10:00:00 PM,2,1,1
01/25/2018 09:00:00 PM,2,1,1
01/25/2018 08:00:00 PM,2,0,2
01/25/2018 07:00:00 PM,3,2,1
01/25/2018 06:00:00 PM,5,4,1
01/25/2018 05:00:00 PM,8,3,5
01/25/2018 04:00:00 PM,1,1,0
01/25/2018 03:00:00 PM,3,0,3
01/25/2018 02:00:00 PM,1,0,1
01/25/2018 01:00:00 PM,7,5,2
01/25/2018 12:00:00 PM,3,1,2
01/25/2018 11:00:00 AM,2,1,1
01/25/2018 10:00:00 AM,4,2,2
01/25/2018 09:00:00 AM,10,9,1
01/25/2018 08:00:00 AM,4,3,1
01/25/2018 07:00:00 AM,2,2,0
01/25/2018 06:00:00 AM,2,0,2
01/25/2018 05:00:00 AM,0,0,0
01/25/2018 04:00:00 AM,0,0,0
01/25/2018 03:00:00 AM,0,0,0
01/25/2018 02:00:00 AM,0,0,0
01/25/2018 01:00:00 AM,0,0,0
01/25/2018 12:00:00 AM,0,0,0
01/24/2018 11:00:00 PM,1,1,0
01/24/2018 10:00:00 PM,0,0,0
01/24/2018 09:00:00 PM,1,0,1
01/24/2018 08:00:00 PM,1,1,0
01/24/2018 07:00:00 PM,4,2,2
01/24/2018 06:00:00 PM,5,3,2
01/24/2018 05:00:00 PM,6,4,2
01/24/2018 04:00:00 PM,2,2,0
01/24/2018 03:00:00 PM,2,0,2
01/24/2018 02:00:00 PM,1,0,1
01/24/2018 01:00:00 PM,2,1,1
01/24/2018 12:00:00 PM,5,2,3
01/24/2018 11:00:00 AM,3,1,2
01/24/2018 10:00:00 AM,5,1,4
01/24/2018 09:00:00 AM,5,2,3
01/24/2018 08:00:00 AM,6,2,4
01/24/2018 07:00:00 AM,1,1,0
01/24/2018 06:00:00 AM,3,1,2
01/24/2018 05:00:00 AM,0,0,0
01/24/2018 04:00:00 AM,0,0,0
01/24/2018 03:00:00 AM,0,0,0
01/24/2018 02:00:00 AM,0,0,0
01/24/2018 01:00:00 AM,0,0,0
01/24/2018 12:00:00 AM,0,0,0
01/23/2018 11:00:00 PM,0,0,0
01/23/2018 10:00:00 PM,0,0,0
01/23/2018 09:00:00 PM,1,1,0
01/23/2018 08:00:00 PM,2,2,0
01/23/2018 07:00:00 PM,1,0,1
01/23/2018 06:00:00 PM,2,0,2
01/23/2018 05:00:00 PM,0,0,0
01/23/2018 04:00:00 PM,0,0,0
01/23/2018 03:00:00 PM,3,2,1
01/23/2018 02:00:00 PM,0,0,0
01/23/2018 01:00:00 PM,2,0,2
01/23/2018 12:00:00 PM,3,2,1
01/23/2018 11:00:00 AM,3,1,2
01/23/2018 10:00:00 AM,3,3,0
01/23/2018 09:00:00 AM,2,1,1
01/23/2018 08:00:00 AM,3,1,2
01/23/2018 07:00:00 AM,4,3,1
01/23/2018 06:00:00 AM,3,0,3
01/23/2018 05:00:00 AM,0,0,0
01/23/2018 04:00:00 AM,0,0,0
01/23/2018 03:00:00 AM,0,0,0
01/23/2018 02:00:00 AM,1,0,1
01/23/2018 01:00:00 AM,0,0,0
01/23/2018 12:00:00 AM,1,1,0
01/22/2018 11:00:00 PM,0,0,0
01/22/2018 10:00:00 PM,1,1,0
01/22/2018 09:00:00 PM,1,1,0
01/22/2018 08:00:00 PM,4,2,2
01/22/2018 07:00:00 PM,8,2,6
01/22/2018 06:00:00 PM,6,2,4
01/22/2018 05:00:00 PM,5,4,1
01/22/2018 04:00:00 PM,6,3,3
01/22/2018 03:00:00 PM,3,2,1
01/22/2018 02:00:00 PM,6,3,3
01/22/2018 01:00:00 PM,5,3,2
01/22/2018 12:00:00 PM,2,0,2
01/22/2018 11:00:00 AM,1,1,0
01/22/2018 10:00:00 AM,2,2,0
01/22/2018 09:00:00 AM,6,2,4
01/22/2018 08:00:00 AM,7,3,4
01/22/2018 07:00:00 AM,3,2,1
01/22/2018 06:00:00 AM,2,0,2
01/22/2018 05:00:00 AM,0,0,0
01/22/2018 04:00:00 AM,0,0,0
01/22/2018 03:00:00 AM,0,0,0
01/22/2018 02:00:00 AM,0,0,0
01/22/2018 01:00:00 AM,0,0,0
01/22/2018 12:00:00 AM,0,0,0
01/21/2018 11:00:00 PM,0,0,0
01/21/2018 10:00:00 PM,1,1,0
01/21/2018 09:00:00 PM,1,0,1
01/21/2018 08:00:00 PM,1,1,0
01/21/2018 07:00:00 PM,1,0,1
01/21/2018 06:00:00 PM,2,1,1
01/21/2018 05:00:00 PM,5,1,4
01/21/2018 04:00:00 PM,6,2,4
01/21/2018 03:00:00 PM,6,1,5
01/21/2018 02:00:00 PM,4,2,2
01/21/2018 01:00:00 PM,6,3,3
01/21/2018 12:00:00 PM,3,1,2
01/21/2018 11:00:00 AM,1,1,0
01/21/2018 10:00:00 AM,4,4,0
01/21/2018 09:00:00 AM,1,0,1
01/21/2018 08:00:00 AM,1,0,1
01/21/2018 07:00:00 AM,0,0,0
01/21/2018 06:00:00 AM,0,0,0
01/21/2018 05:00:00 AM,0,0,0
01/21/2018 04:00:00 AM,0,0,0
01/21/2018 03:00:00 AM,0,0,0
01/21/2018 02:00:00 AM,0,0,0
01/21/2018 01:00:00 AM,2,2,0
01/21/2018 12:00:00 AM,1,1,0
01/20/2018 11:00:00 PM,0,0,0
01/20/2018 10:00:00 PM,0,0,0
01/20/2018 09:00:00 PM,1,0,1
01/20/2018 08:00:00 PM,3,2,1
01/20/2018 07:00:00 PM,2,1,1
01/20/2018 06:00:00 PM,2,0,2
01/20/2018 05:00:00 PM,0,0,0
01/20/2018 04:00:00 PM,0,0,0
01/20/2018 03:00:00 PM,0,0,0
01/20/2018 02:00:00 PM,0,0,0
01/20/2018 01:00:00 PM,0,0,0
01/20/2018 12:00:00 PM,0,0,0
01/20/2018 11:00:00 AM,0,0,0
01/20/2018 10:00:00 AM,0,0,0
01/20/2018 09:00:00 AM,1,1,0
01/20/2018 08:00:00 AM,0,0,0
01/20/2018 07:00:00 AM,1,0,1
01/20/2018 06:00:00 AM,0,0,0
01/20/2018 05:00:00 AM,0,0,0
01/20/2018 04:00:00 AM,0,0,0
01/20/2018 03:00:00 AM,0,0,0
01/20/2018 02:00:00 AM,0,0,0
01/20/2018 01:00:00 AM,0,0,0
01/20/2018 12:00:00 AM,1,1,0
01/19/2018 11:00:00 PM,0,0,0
01/19/2018 10:00:00 PM,0,0,0
01/19/2018 09:00:00 PM,1,1,0
01/19/2018 08:00:00 PM,2,2,0
01/19/2018 07:00:00 PM,1,0,1
01/19/2018 06:00:00 PM,6,1,5
01/19/2018 05:00:00 PM,4,1,3
01/19/2018 04:00:00 PM,5,3,2
01/19/2018 03:00:00 PM,8,4,4
01/19/2018 02:00:00 PM,1,1,0
01/19/2018 01:00:00 PM,0,0,0
01/19/2018 12:00:00 PM,5,1,4
01/19/2018 11:00:00 AM,2,1,1
01/19/2018 10:00:00 AM,2,1,1
01/19/2018 09:00:00 AM,6,4,2
01/19/2018 08:00:00 AM,1,0,1
01/19/2018 07:00:00 AM,3,3,0
01/19/2018 06:00:00 AM,4,2,2
01/19/2018 05:00:00 AM,0,0,0
01/19/2018 04:00:00 AM,1,1,0
01/19/2018 03:00:00 AM,0,0,0
01/19/2018 02:00:00 AM,0,0,0
01/19/2018 01:00:00 AM,0,0,0
01/19/2018 12:00:00 AM,1,1,0
01/18/2018 11:00:00 PM,0,0,0
01/18/2018 10:00:00 PM,2,1,1
01/18/2018 09:00:00 PM,1,1,0
01/18/2018 08:00:00 PM,0,0,0
01/18/2018 07:00:00 PM,2,0,2
01/18/2018 06:00:00 PM,4,1,3
01/18/2018 05:00:00 PM,2,1,1
01/18/2018 04:00:00 PM,2,1,1
01/18/2018 03:00:00 PM,0,0,0
01/18/2018 02:00:00 PM,4,2,2
01/18/2018 01:00:00 PM,3,2,1
01/18/2018 12:00:00 PM,6,4,2
01/18/2018 11:00:00 AM,2,2,0
01/18/2018 10:00:00 AM,2,1,1
01/18/2018 09:00:00 AM,6,1,5
01/18/2018 08:00:00 AM,4,3,1
01/18/2018 07:00:00 AM,2,2,0
01/18/2018 06:00:00 AM,0,0,0
01/18/2018 05:00:00 AM,1,1,0
01/18/2018 04:00:00 AM,0,0,0
01/18/2018 03:00:00 AM,0,0,0
01/18/2018 02:00:00 AM,0,0,0
01/18/2018 01:00:00 AM,0,0,0
01/18/2018 12:00:00 AM,0,0,0
01/17/2018 11:00:00 PM,1,1,0
01/17/2018 10:00:00 PM,0,0,0
01/17/2018 09:00:00 PM,0,0,0
01/17/2018 08:00:00 PM,0,0,0
01/17/2018 07:00:00 PM,5,2,3
01/17/2018 06:00:00 PM,4,1,3
01/17/2018 05:00:00 PM,2,2,0
01/17/2018 04:00:00 PM,1,0,1
01/17/2018 03:00:00 PM,3,3,0
01/17/2018 02:00:00 PM,1,1,0
01/17/2018 01:00:00 PM,4,1,3
01/17/2018 12:00:00 PM,3,2,1
01/17/2018 11:00:00 AM,7,3,4
01/17/2018 10:00:00 AM,5,1,4
01/17/2018 09:00:00 AM,2,1,1
01/17/2018 08:00:00 AM,5,2,3
01/17/2018 07:00:00 AM,0,0,0
01/17/2018 06:00:00 AM,0,0,0
01/17/2018 05:00:00 AM,0,0,0
01/17/2018 04:00:00 AM,0,0,0
01/17/2018 03:00:00 AM,0,0,0
01/17/2018 02:00:00 AM,0,0,0
01/17/2018 01:00:00 AM,0,0,0
01/17/2018 12:00:00 AM,0,0,0
01/16/2018 11:00:00 PM,1,1,0
01/16/2018 10:00:00 PM,1,0,1
01/16/2018 09:00:00 PM,3,2,1
01/16/2018 08:00:00 PM,2,1,1
01/16/2018 07:00:00 PM,9,4,5
01/16/2018 06:00:00 PM,9,4,5
01/16/2018 05:00:00 PM,8,4,4
01/16/2018 04:00:00 PM,3,1,2
01/16/2018 03:00:00 PM,9,5,4
01/16/2018 02:00:00 PM,3,1,2
01/16/2018 01:00:00 PM,4,0,4
01/16/2018 12:00:00 PM,7,1,6
01/16/2018 11:00:00 AM,2,1,1
01/16/2018 10:00:00 AM,7,3,4
01/16/2018 09:00:00 AM,4,1,3
01/16/2018 08:00:00 AM,4,3,1
01/16/2018 07:00:00 AM,6,6,0
01/16/2018 06:00:00 AM,3,0,3
01/16/2018 05:00:00 AM,0,0,0
01/16/2018 04:00:00 AM,0,0,0
01/16/2018 03:00:00 AM,0,0,0
01/16/2018 02:00:00 AM,1,1,0
01/16/2018 01:00:00 AM,2,2,0
01/16/2018 12:00:00 AM,0,0,0
01/15/2018 11:00:00 PM,0,0,0
01/15/2018 10:00:00 PM,0,0,0
01/15/2018 09:00:00 PM,2,2,0
01/15/2018 08:00:00 PM,1,0,1
01/15/2018 07:00:00 PM,4,1,3
01/15/2018 06:00:00 PM,3,1,2
01/15/2018 05:00:00 PM,7,3,4
01/15/2018 04:00:00 PM,10,4,6
01/15/2018 03:00:00 PM,13,5,8
01/15/2018 02:00:00 PM,12,5,7
01/15/2018 01:00:00 PM,10,4,6
01/15/2018 12:00:00 PM,4,0,4
01/15/2018 11:00:00 AM,6,4,2
01/15/2018 10:00:00 AM,10,2,8
01/15/2018 09:00:00 AM,9,5,4
01/15/2018 08:00:00 AM,5,2,3
01/15/2018 07:00:00 AM,4,3,1
01/15/2018 06:00:00 AM,1,0,1
01/15/2018 05:00:00 AM,0,0,0
01/15/2018 04:00:00 AM,0,0,0
01/15/2018 03:00:00 AM,0,0,0
01/15/2018 02:00:00 AM,0,0,0
01/15/2018 01:00:00 AM,0,0,0
01/15/2018 12:00:00 AM,0,0,0
01/14/2018 11:00:00 PM,0,0,0
01/14/2018 10:00:00 PM,3,3,0
01/14/2018 09:00:00 PM,1,0,1
01/14/2018 08:00:00 PM,2,2,0
01/14/2018 07:00:00 PM,2,0,2
01/14/2018 06:00:00 PM,2,0,2
01/14/2018 05:00:00 PM,5,5,0
01/14/2018 04:00:00 PM,6,2,4
01/14/2018 03:00:00 PM,10,4,6
01/14/2018 02:00:00 PM,9,2,7
01/14/2018 01:00:00 PM,15,13,2
01/14/2018 12:00:00 PM,10,8,2
01/14/2018 11:00:00 AM,17,7,10
01/14/2018 10:00:00 AM,7,3,4
01/14/2018 09:00:00 AM,5,3,2
01/14/2018 08:00:00 AM,4,1,3
01/14/2018 07:00:00 AM,0,0,0
01/14/2018 06:00:00 AM,0,0,0
01/14/2018 05:00:00 AM,0,0,0
01/14/2018 04:00:00 AM,0,0,0
01/14/2018 03:00:00 AM,0,0,0
01/14/2018 02:00:00 AM,1,0,1
01/14/2018 01:00:00 AM,0,0,0
01/14/2018 12:00:00 AM,1,1,0
01/13/2018 11:00:00 PM,1,0,1
01/13/2018 10:00:00 PM,2,1,1
01/13/2018 09:00:00 PM,3,2,1
01/13/2018 08:00:00 PM,3,2,1
01/13/2018 07:00:00 PM,4,1,3
01/13/2018 06:00:00 PM,4,2,2
01/13/2018 05:00:00 PM,4,2,2
01/13/2018 04:00:00 PM,13,6,7
01/13/2018 03:00:00 PM,5,1,4
01/13/2018 02:00:00 PM,7,1,6
01/13/2018 01:00:00 PM,6,5,1
01/13/2018 12:00:00 PM,6,3,3
01/13/2018 11:00:00 AM,9,5,4
01/13/2018 10:00:00 AM,2,1,1
01/13/2018 09:00:00 AM,4,3,1
01/13/2018 08:00:00 AM,3,2,1
01/13/2018 07:00:00 AM,1,0,1
01/13/2018 06:00:00 AM,1,0,1
01/13/2018 05:00:00 AM,0,0,0
01/13/2018 04:00:00 AM,0,0,0
01/13/2018 03:00:00 AM,0,0,0
01/13/2018 02:00:00 AM,1,1,0
01/13/2018 01:00:00 AM,1,1,0
01/13/2018 12:00:00 AM,1,0,1
01/12/2018 11:00:00 PM,1,1,0
01/12/2018 10:00:00 PM,1,0,1
01/12/2018 09:00:00 PM,1,1,0
01/12/2018 08:00:00 PM,0,0,0
01/12/2018 07:00:00 PM,3,3,0
01/12/2018 06:00:00 PM,3,1,2
01/12/2018 05:00:00 PM,9,3,6
01/12/2018 04:00:00 PM,8,4,4
01/12/2018 03:00:00 PM,3,1,2
01/12/2018 02:00:00 PM,10,5,5
01/12/2018 01:00:00 PM,1,0,1
01/12/2018 12:00:00 PM,2,1,1
01/12/2018 11:00:00 AM,6,2,4
01/12/2018 10:00:00 AM,5,2,3
01/12/2018 09:00:00 AM,2,2,0
01/12/2018 08:00:00 AM,2,1,1
01/12/2018 07:00:00 AM,4,4,0
01/12/2018 06:00:00 AM,1,0,1
01/12/2018 05:00:00 AM,0,0,0
01/12/2018 04:00:00 AM,0,0,0
01/12/2018 03:00:00 AM,0,0,0
01/12/2018 02:00:00 AM,0,0,0
01/12/2018 01:00:00 AM,0,0,0
01/12/2018 12:00:00 AM,1,1,0
01/11/2018 11:00:00 PM,0,0,0
01/11/2018 10:00:00 PM,2,1,1
01/11/2018 09:00:00 PM,5,5,0
01/11/2018 08:00:00 PM,3,1,2
01/11/2018 07:00:00 PM,2,1,1
01/11/2018 06:00:00 PM,4,3,1
01/11/2018 05:00:00 PM,6,4,2
01/11/2018 04:00:00 PM,1,0,1
01/11/2018 03:00:00 PM,0,0,0
01/11/2018 02:00:00 PM,0,0,0
01/11/2018 01:00:00 PM,2,0,2
01/11/2018 12:00:00 PM,3,1,2
01/11/2018 11:00:00 AM,0,0,0
01/11/2018 10:00:00 AM,6,3,3
01/11/2018 09:00:00 AM,1,0,1
01/11/2018 08:00:00 AM,3,1,2
01/11/2018 07:00:00 AM,2,2,0
01/11/2018 06:00:00 AM,3,1,2
01/11/2018 05:00:00 AM,0,0,0
01/11/2018 04:00:00 AM,0,0,0
01/11/2018 03:00:00 AM,0,0,0
01/11/2018 02:00:00 AM,2,2,0
01/11/2018 01:00:00 AM,0,0,0
01/11/2018 12:00:00 AM,0,0,0
01/10/2018 11:00:00 PM,0,0,0
01/10/2018 10:00:00 PM,0,0,0
01/10/2018 09:00:00 PM,0,0,0
01/10/2018 08:00:00 PM,2,1,1
01/10/2018 07:00:00 PM,7,3,4
01/10/2018 06:00:00 PM,4,3,1
01/10/2018 05:00:00 PM,7,6,1
01/10/2018 04:00:00 PM,4,2,2
01/10/2018 03:00:00 PM,5,3,2
01/10/2018 02:00:00 PM,20,0,20
01/10/2018 01:00:00 PM,13,0,13
01/10/2018 12:00:00 PM,10,0,10
01/10/2018 11:00:00 AM,11,2,9
01/10/2018 10:00:00 AM,14,1,13
01/10/2018 09:00:00 AM,24,2,22
01/10/2018 08:00:00 AM,20,0,20
01/10/2018 07:00:00 AM,17,1,16
01/10/2018 06:00:00 AM,5,0,5
01/10/2018 05:00:00 AM,4,0,4
01/10/2018 04:00:00 AM,2,0,2
01/10/2018 03:00:00 AM,0,0,0
01/10/2018 02:00:00 AM,1,0,1
01/10/2018 01:00:00 AM,0,0,0
01/10/2018 12:00:00 AM,2,0,2
01/09/2018 11:00:00 PM,2,0,2
01/09/2018 10:00:00 PM,5,0,5
01/09/2018 09:00:00 PM,12,0,12
01/09/2018 08:00:00 PM,17,1,16
01/09/2018 07:00:00 PM,30,1,29
01/09/2018 06:00:00 PM,20,2,18
01/09/2018 05:00:00 PM,19,0,19
01/09/2018 04:00:00 PM,23,1,22
01/09/2018 03:00:00 PM,30,0,30
01/09/2018 02:00:00 PM,18,0,18
01/09/2018 01:00:00 PM,12,0,12
01/09/2018 12:00:00 PM,16,1,15
01/09/2018 11:00:00 AM,33,1,32
01/09/2018 10:00:00 AM,21,0,21
01/09/2018 09:00:00 AM,19,0,19
01/09/2018 08:00:00 AM,33,1,32
01/09/2018 07:00:00 AM,14,0,14
01/09/2018 06:00:00 AM,9,0,9
01/09/2018 05:00:00 AM,5,0,5
01/09/2018 04:00:00 AM,4,0,4
01/09/2018 03:00:00 AM,1,0,1
01/09/2018 02:00:00 AM,0,0,0
01/09/2018 01:00:00 AM,2,0,2
01/09/2018 12:00:00 AM,0,0,0
01/08/2018 11:00:00 PM,2,0,2
01/08/2018 10:00:00 PM,8,0,8
01/08/2018 09:00:00 PM,14,0,14
01/08/2018 08:00:00 PM,13,0,13
01/08/2018 07:00:00 PM,16,2,14
01/08/2018 06:00:00 PM,21,0,21
01/08/2018 05:00:00 PM,21,3,18
01/08/2018 04:00:00 PM,27,2,25
01/08/2018 03:00:00 PM,29,0,29
01/08/2018 02:00:00 PM,17,0,17
01/08/2018 01:00:00 PM,22,0,22
01/08/2018 12:00:00 PM,20,1,19
01/08/2018 11:00:00 AM,31,2,29
01/08/2018 10:00:00 AM,27,0,27
01/08/2018 09:00:00 AM,22,1,21
01/08/2018 08:00:00 AM,28,0,28
01/08/2018 07:00:00 AM,12,1,11
01/08/2018 06:00:00 AM,9,0,9
01/08/2018 05:00:00 AM,2,0,2
01/08/2018 04:00:00 AM,5,0,5
01/08/2018 03:00:00 AM,1,0,1
01/08/2018 02:00:00 AM,0,0,0
01/08/2018 01:00:00 AM,0,0,0
01/08/2018 12:00:00 AM,2,0,2
01/07/2018 11:00:00 PM,4,0,4
01/07/2018 10:00:00 PM,6,0,6
01/07/2018 09:00:00 PM,8,0,8
01/07/2018 08:00:00 PM,11,1,10
01/07/2018 07:00:00 PM,15,0,15
01/07/2018 06:00:00 PM,14,1,13
01/07/2018 05:00:00 PM,12,1,11
01/07/2018 04:00:00 PM,22,1,21
01/07/2018 03:00:00 PM,19,0,19
01/07/2018 02:00:00 PM,26,2,24
01/07/2018 01:00:00 PM,23,2,21
01/07/2018 12:00:00 PM,24,1,23
01/07/2018 11:00:00 AM,25,4,21
01/07/2018 10:00:00 AM,24,1,23
01/07/2018 09:00:00 AM,16,0,16
01/07/2018 08:00:00 AM,7,1,6
01/07/2018 07:00:00 AM,5,1,4
01/07/2018 06:00:00 AM,0,0,0
01/07/2018 05:00:00 AM,0,0,0
01/07/2018 04:00:00 AM,0,0,0
01/07/2018 03:00:00 AM,0,0,0
01/07/2018 02:00:00 AM,1,0,1
01/07/2018 01:00:00 AM,2,0,2
01/07/2018 12:00:00 AM,4,0,4
01/06/2018 11:00:00 PM,5,0,5
01/06/2018 10:00:00 PM,11,1,10
01/06/2018 09:00:00 PM,6,0,6
01/06/2018 08:00:00 PM,6,0,6
01/06/2018 07:00:00 PM,10,1,9
01/06/2018 06:00:00 PM,14,1,13
01/06/2018 05:00:00 PM,9,0,9
01/06/2018 04:00:00 PM,19,1,18
01/06/2018 03:00:00 PM,18,2,16
01/06/2018 02:00:00 PM,9,1,8
01/06/2018 01:00:00 PM,11,0,11
01/06/2018 12:00:00 PM,17,3,14
01/06/2018 11:00:00 AM,23,2,21
01/06/2018 10:00:00 AM,21,0,21
01/06/2018 09:00:00 AM,18,3,15
01/06/2018 08:00:00 AM,8,3,5
01/06/2018 07:00:00 AM,1,0,1
01/06/2018 06:00:00 AM,0,0,0
01/06/2018 05:00:00 AM,2,0,2
01/06/2018 04:00:00 AM,0,0,0
01/06/2018 03:00:00 AM,2,0,2
01/06/2018 02:00:00 AM,0,0,0
01/06/2018 01:00:00 AM,1,0,1
01/06/2018 12:00:00 AM,0,0,0
01/05/2018 11:00:00 PM,1,0,1
01/05/2018 10:00:00 PM,0,0,0
01/05/2018 09:00:00 PM,2,2,0
01/05/2018 08:00:00 PM,3,1,2
01/05/2018 07:00:00 PM,4,1,3
01/05/2018 06:00:00 PM,11,1,10
01/05/2018 05:00:00 PM,6,5,1
01/05/2018 04:00:00 PM,5,5,0
01/05/2018 03:00:00 PM,9,5,4
01/05/2018 02:00:00 PM,4,3,1
01/05/2018 01:00:00 PM,3,3,0
01/05/2018 12:00:00 PM,0,0,0
01/05/2018 11:00:00 AM,1,0,1
01/05/2018 10:00:00 AM,2,1,1
01/05/2018 09:00:00 AM,3,0,3
01/05/2018 08:00:00 AM,5,0,5
01/05/2018 07:00:00 AM,2,1,1
01/05/2018 06:00:00 AM,1,0,1
01/05/2018 05:00:00 AM,0,0,0
01/05/2018 04:00:00 AM,0,0,0
01/05/2018 03:00:00 AM,1,1,0
01/05/2018 02:00:00 AM,0,0,0
01/05/2018 01:00:00 AM,0,0,0
01/05/2018 12:00:00 AM,0,0,0
01/04/2018 11:00:00 PM,0,0,0
01/04/2018 10:00:00 PM,1,0,1
01/04/2018 09:00:00 PM,5,3,2
01/04/2018 08:00:00 PM,0,0,0
01/04/2018 07:00:00 PM,4,2,2
01/04/2018 06:00:00 PM,2,0,2
01/04/2018 05:00:00 PM,8,1,7
01/04/2018 04:00:00 PM,4,1,3
01/04/2018 03:00:00 PM,3,1,2
01/04/2018 02:00:00 PM,7,3,4
01/04/2018 01:00:00 PM,2,1,1
01/04/2018 12:00:00 PM,3,0,3
01/04/2018 11:00:00 AM,3,1,2
01/04/2018 10:00:00 AM,8,4,4
01/04/2018 09:00:00 AM,1,0,1
01/04/2018 08:00:00 AM,4,3,1
01/04/2018 07:00:00 AM,4,0,4
01/04/2018 06:00:00 AM,2,0,2
01/04/2018 05:00:00 AM,0,0,0
01/04/2018 04:00:00 AM,0,0,0
01/04/2018 03:00:00 AM,0,0,0
01/04/2018 02:00:00 AM,0,0,0
01/04/2018 01:00:00 AM,0,0,0
01/04/2018 12:00:00 AM,1,0,1
01/03/2018 11:00:00 PM,0,0,0
01/03/2018 10:00:00 PM,0,0,0
01/03/2018 09:00:00 PM,3,1,2
01/03/2018 08:00:00 PM,4,0,4
01/03/2018 07:00:00 PM,4,0,4
01/03/2018 06:00:00 PM,4,1,3
01/03/2018 05:00:00 PM,8,5,3
01/03/2018 04:00:00 PM,6,0,6
01/03/2018 03:00:00 PM,4,1,3
01/03/2018 02:00:00 PM,9,3,6
01/03/2018 01:00:00 PM,5,0,5
01/03/2018 12:00:00 PM,1,0,1
01/03/2018 11:00:00 AM,6,1,5
01/03/2018 10:00:00 AM,6,3,3
01/03/2018 09:00:00 AM,3,1,2
01/03/2018 08:00:00 AM,2,1,1
01/03/2018 07:00:00 AM,1,0,1
01/03/2018 06:00:00 AM,0,0,0
01/03/2018 05:00:00 AM,0,0,0
01/03/2018 04:00:00 AM,1,0,1
01/03/2018 03:00:00 AM,0,0,0
01/03/2018 02:00:00 AM,0,0,0
01/03/2018 01:00:00 AM,0,0,0
01/03/2018 12:00:00 AM,0,0,0
01/02/2018 11:00:00 PM,0,0,0
01/02/2018 10:00:00 PM,1,0,1
01/02/2018 09:00:00 PM,2,0,2
01/02/2018 08:00:00 PM,2,1,1
01/02/2018 07:00:00 PM,2,2,0
01/02/2018 06:00:00 PM,7,2,5
01/02/2018 05:00:00 PM,3,2,1
01/02/2018 04:00:00 PM,6,2,4
01/02/2018 03:00:00 PM,3,2,1
01/02/2018 02:00:00 PM,3,1,2
01/02/2018 01:00:00 PM,4,2,2
01/02/2018 12:00:00 PM,5,2,3
01/02/2018 11:00:00 AM,10,4,6
01/02/2018 10:00:00 AM,2,0,2
01/02/2018 09:00:00 AM,2,0,2
01/02/2018 08:00:00 AM,2,1,1
01/02/2018 07:00:00 AM,4,3,1
01/02/2018 06:00:00 AM,1,0,1
01/02/2018 05:00:00 AM,0,0,0
01/02/2018 04:00:00 AM,0,0,0
01/02/2018 03:00:00 AM,0,0,0
01/02/2018 02:00:00 AM,0,0,0
01/02/2018 01:00:00 AM,0,0,0
01/02/2018 12:00:00 AM,0,0,0
01/01/2018 11:00:00 PM,0,0,0
01/01/2018 10:00:00 PM,0,0,0
01/01/2018 09:00:00 PM,2,0,2
01/01/2018 08:00:00 PM,1,0,1
01/01/2018 07:00:00 PM,1,0,1
01/01/2018 06:00:00 PM,3,1,2
01/01/2018 05:00:00 PM,2,0,2
01/01/2018 04:00:00 PM,5,0,5
01/01/2018 03:00:00 PM,4,2,2
01/01/2018 02:00:00 PM,2,0,2
01/01/2018 01:00:00 PM,5,1,4
01/01/2018 12:00:00 PM,3,0,3
01/01/2018 11:00:00 AM,4,1,3
01/01/2018 10:00:00 AM,0,0,0
01/01/2018 09:00:00 AM,5,0,5
01/01/2018 08:00:00 AM,0,0,0
01/01/2018 07:00:00 AM,0,0,0
01/01/2018 06:00:00 AM,1,0,1
01/01/2018 05:00:00 AM,0,0,0
01/01/2018 04:00:00 AM,1,0,1
01/01/2018 03:00:00 AM,2,1,1
01/01/2018 02:00:00 AM,4,0,4
01/01/2018 01:00:00 AM,1,0,1
01/01/2018 12:00:00 AM,5,0,5
12/31/2017 11:00:00 PM,3,0,3
12/31/2017 10:00:00 PM,2,0,2
12/31/2017 09:00:00 PM,11,0,11
12/31/2017 08:00:00 PM,5,2,3
12/31/2017 07:00:00 PM,10,0,10
12/31/2017 06:00:00 PM,6,1,5
12/31/2017 05:00:00 PM,5,2,3
12/31/2017 04:00:00 PM,7,0,7
12/31/2017 03:00:00 PM,8,1,7
12/31/2017 02:00:00 PM,5,2,3
12/31/2017 01:00:00 PM,18,2,16
12/31/2017 12:00:00 PM,18,0,18
12/31/2017 11:00:00 AM,20,1,19
12/31/2017 10:00:00 AM,15,0,15
12/31/2017 09:00:00 AM,8,0,8
12/31/2017 08:00:00 AM,4,0,4
12/31/2017 07:00:00 AM,2,0,2
12/31/2017 06:00:00 AM,1,0,1
12/31/2017 05:00:00 AM,1,0,1
12/31/2017 04:00:00 AM,0,0,0
12/31/2017 03:00:00 AM,1,0,1
12/31/2017 02:00:00 AM,1,0,1
12/31/2017 01:00:00 AM,2,0,2
12/31/2017 12:00:00 AM,0,0,0
12/30/2017 11:00:00 PM,3,0,3
12/30/2017 10:00:00 PM,3,0,3
12/30/2017 09:00:00 PM,1,0,1
12/30/2017 08:00:00 PM,7,2,5
12/30/2017 07:00:00 PM,10,0,10
12/30/2017 06:00:00 PM,12,0,12
12/30/2017 05:00:00 PM,18,1,17
12/30/2017 04:00:00 PM,18,0,18
12/30/2017 03:00:00 PM,23,0,23
12/30/2017 02:00:00 PM,29,1,28
12/30/2017 01:00:00 PM,26,0,26
12/30/2017 12:00:00 PM,23,0,23
12/30/2017 11:00:00 AM,26,2,24
12/30/2017 10:00:00 AM,16,1,15
12/30/2017 09:00:00 AM,9,0,9
12/30/2017 08:00:00 AM,5,0,5
12/30/2017 07:00:00 AM,3,0,3
12/30/2017 06:00:00 AM,1,0,1
12/30/2017 05:00:00 AM,1,0,1
12/30/2017 04:00:00 AM,1,0,1
12/30/2017 03:00:00 AM,2,0,2
12/30/2017 02:00:00 AM,0,0,0
12/30/2017 01:00:00 AM,0,0,0
12/30/2017 12:00:00 AM,1,0,1
12/29/2017 11:00:00 PM,5,0,5
12/29/2017 10:00:00 PM,2,0,2
12/29/2017 09:00:00 PM,10,0,10
12/29/2017 08:00:00 PM,4,1,3
12/29/2017 07:00:00 PM,7,0,7
12/29/2017 06:00:00 PM,6,2,4
12/29/2017 05:00:00 PM,12,0,12
12/29/2017 04:00:00 PM,18,2,16
12/29/2017 03:00:00 PM,15,4,11
12/29/2017 02:00:00 PM,4,0,4
12/29/2017 01:00:00 PM,3,0,3
12/29/2017 12:00:00 PM,2,1,1
12/29/2017 11:00:00 AM,3,2,1
12/29/2017 10:00:00 AM,5,3,2
12/29/2017 09:00:00 AM,1,0,1
12/29/2017 08:00:00 AM,0,0,0
12/29/2017 07:00:00 AM,0,0,0
12/29/2017 06:00:00 AM,1,0,1
12/29/2017 05:00:00 AM,0,0,0
12/29/2017 04:00:00 AM,2,1,1
12/29/2017 03:00:00 AM,0,0,0
12/29/2017 02:00:00 AM,0,0,0
12/29/2017 01:00:00 AM,0,0,0
12/29/2017 12:00:00 AM,0,0,0
12/28/2017 11:00:00 PM,0,0,0
12/28/2017 10:00:00 PM,0,0,0
12/28/2017 09:00:00 PM,0,0,0
12/28/2017 08:00:00 PM,2,1,1
12/28/2017 07:00:00 PM,2,0,2
12/28/2017 06:00:00 PM,2,0,2
12/28/2017 05:00:00 PM,3,2,1
12/28/2017 04:00:00 PM,2,1,1
12/28/2017 03:00:00 PM,5,5,0
12/28/2017 02:00:00 PM,5,3,2
12/28/2017 01:00:00 PM,7,6,1
12/28/2017 12:00:00 PM,2,2,0
12/28/2017 11:00:00 AM,3,2,1
12/28/2017 10:00:00 AM,3,3,0
12/28/2017 09:00:00 AM,2,1,1
12/28/2017 08:00:00 AM,2,0,2
12/28/2017 07:00:00 AM,3,1,2
12/28/2017 06:00:00 AM,0,0,0
12/28/2017 05:00:00 AM,0,0,0
12/28/2017 04:00:00 AM,0,0,0
12/28/2017 03:00:00 AM,1,0,1
12/28/2017 02:00:00 AM,0,0,0
12/28/2017 01:00:00 AM,0,0,0
12/28/2017 12:00:00 AM,1,0,1
12/27/2017 11:00:00 PM,0,0,0
12/27/2017 10:00:00 PM,0,0,0
12/27/2017 09:00:00 PM,1,0,1
12/27/2017 08:00:00 PM,2,0,2
12/27/2017 07:00:00 PM,1,1,0
12/27/2017 06:00:00 PM,4,2,2
12/27/2017 05:00:00 PM,4,3,1
12/27/2017 04:00:00 PM,2,2,0
12/27/2017 03:00:00 PM,2,2,0
12/27/2017 02:00:00 PM,4,1,3
12/27/2017 01:00:00 PM,8,3,5
12/27/2017 12:00:00 PM,2,1,1
12/27/2017 11:00:00 AM,3,3,0
12/27/2017 10:00:00 AM,1,1,0
12/27/2017 09:00:00 AM,1,1,0
12/27/2017 08:00:00 AM,2,1,1
12/27/2017 07:00:00 AM,4,0,4
12/27/2017 06:00:00 AM,2,0,2
12/27/2017 05:00:00 AM,0,0,0
12/27/2017 04:00:00 AM,1,0,1
12/27/2017 03:00:00 AM,0,0,0
12/27/2017 02:00:00 AM,0,0,0
12/27/2017 01:00:00 AM,0,0,0
12/27/2017 12:00:00 AM,0,0,0
12/26/2017 11:00:00 PM,4,0,4
12/26/2017 10:00:00 PM,1,0,1
12/26/2017 09:00:00 PM,0,0,0
12/26/2017 08:00:00 PM,4,0,4
12/26/2017 07:00:00 PM,3,0,3
12/26/2017 06:00:00 PM,7,1,6
12/26/2017 05:00:00 PM,6,0,6
12/26/2017 04:00:00 PM,8,0,8
12/26/2017 03:00:00 PM,9,1,8
12/26/2017 02:00:00 PM,12,1,11
12/26/2017 01:00:00 PM,8,1,7
12/26/2017 12:00:00 PM,5,0,5
12/26/2017 11:00:00 AM,6,1,5
12/26/2017 10:00:00 AM,5,0,5
12/26/2017 09:00:00 AM,3,0,3
12/26/2017 08:00:00 AM,5,0,5
12/26/2017 07:00:00 AM,3,1,2
12/26/2017 06:00:00 AM,1,0,1
12/26/2017 05:00:00 AM,0,0,0
12/26/2017 04:00:00 AM,2,0,2
12/26/2017 03:00:00 AM,1,0,1
12/26/2017 02:00:00 AM,0,0,0
12/26/2017 01:00:00 AM,0,0,0
12/26/2017 12:00:00 AM,0,0,0
12/25/2017 11:00:00 PM,0,0,0
12/25/2017 10:00:00 PM,1,0,1
12/25/2017 09:00:00 PM,2,0,2
12/25/2017 08:00:00 PM,3,0,3
12/25/2017 07:00:00 PM,1,0,1
12/25/2017 06:00:00 PM,1,0,1
12/25/2017 05:00:00 PM,3,3,0
12/25/2017 04:00:00 PM,2,0,2
12/25/2017 03:00:00 PM,2,0,2
12/25/2017 02:00:00 PM,1,0,1
12/25/2017 01:00:00 PM,1,1,0
12/25/2017 12:00:00 PM,1,0,1
12/25/2017 11:00:00 AM,2,0,2
12/25/2017 10:00:00 AM,1,1,0
12/25/2017 09:00:00 AM,0,0,0
12/25/2017 08:00:00 AM,0,0,0
12/25/2017 07:00:00 AM,1,0,1
12/25/2017 06:00:00 AM,0,0,0
12/25/2017 05:00:00 AM,1,0,1
12/25/2017 04:00:00 AM,0,0,0
12/25/2017 03:00:00 AM,0,0,0
12/25/2017 02:00:00 AM,0,0,0
12/25/2017 01:00:00 AM,1,0,1
12/25/2017 12:00:00 AM,0,0,0
12/24/2017 11:00:00 PM,1,0,1
12/24/2017 10:00:00 PM,1,0,1
12/24/2017 09:00:00 PM,1,0,1
12/24/2017 08:00:00 PM,0,0,0
12/24/2017 07:00:00 PM,0,0,0
12/24/2017 06:00:00 PM,1,0,1
12/24/2017 05:00:00 PM,0,0,0
12/24/2017 04:00:00 PM,0,0,0
12/24/2017 03:00:00 PM,9,2,7
12/24/2017 02:00:00 PM,1,0,1
12/24/2017 01:00:00 PM,6,0,6
12/24/2017 12:00:00 PM,4,0,4
12/24/2017 11:00:00 AM,12,0,12
12/24/2017 10:00:00 AM,6,1,5
12/24/2017 09:00:00 AM,0,0,0
12/24/2017 08:00:00 AM,0,0,0
12/24/2017 07:00:00 AM,0,0,0
12/24/2017 06:00:00 AM,0,0,0
12/24/2017 05:00:00 AM,0,0,0
12/24/2017 04:00:00 AM,0,0,0
12/24/2017 03:00:00 AM,0,0,0
12/24/2017 02:00:00 AM,0,0,0
12/24/2017 01:00:00 AM,0,0,0
12/24/2017 12:00:00 AM,0,0,0
12/23/2017 11:00:00 PM,0,0,0
12/23/2017 10:00:00 PM,0,0,0
12/23/2017 09:00:00 PM,10,1,9
12/23/2017 08:00:00 PM,4,2,2
12/23/2017 07:00:00 PM,4,0,4
12/23/2017 06:00:00 PM,9,0,9
12/23/2017 05:00:00 PM,1,0,1
12/23/2017 04:00:00 PM,2,0,2
12/23/2017 03:00:00 PM,5,1,4
12/23/2017 02:00:00 PM,11,3,8
12/23/2017 01:00:00 PM,21,10,11
12/23/2017 12:00:00 PM,11,3,8
12/23/2017 11:00:00 AM,20,5,15
12/23/2017 10:00:00 AM,10,1,9
12/23/2017 09:00:00 AM,9,3,6
12/23/2017 08:00:00 AM,4,0,4
12/23/2017 07:00:00 AM,5,0,5
12/23/2017 06:00:00 AM,0,0,0
12/23/2017 05:00:00 AM,1,1,0
12/23/2017 04:00:00 AM,0,0,0
12/23/2017 03:00:00 AM,2,0,2
12/23/2017 02:00:00 AM,0,0,0
12/23/2017 01:00:00 AM,1,0,1
12/23/2017 12:00:00 AM,0,0,0
12/22/2017 11:00:00 PM,2,0,2
12/22/2017 10:00:00 PM,2,0,2
12/22/2017 09:00:00 PM,3,1,2
12/22/2017 08:00:00 PM,3,0,3
12/22/2017 07:00:00 PM,10,3,7
12/22/2017 06:00:00 PM,11,7,4
12/22/2017 05:00:00 PM,8,3,5
12/22/2017 04:00:00 PM,12,6,6
12/22/2017 03:00:00 PM,16,1,15
12/22/2017 02:00:00 PM,11,2,9
12/22/2017 01:00:00 PM,12,5,7
12/22/2017 12:00:00 PM,10,0,10
12/22/2017 11:00:00 AM,10,2,8
12/22/2017 10:00:00 AM,12,3,9
12/22/2017 09:00:00 AM,5,1,4
12/22/2017 08:00:00 AM,3,0,3
12/22/2017 07:00:00 AM,8,3,5
12/22/2017 06:00:00 AM,0,0,0
12/22/2017 05:00:00 AM,2,0,2
12/22/2017 04:00:00 AM,0,0,0
12/22/2017 03:00:00 AM,0,0,0
12/22/2017 02:00:00 AM,0,0,0
12/22/2017 01:00:00 AM,1,0,1
12/22/2017 12:00:00 AM,2,0,2
12/21/2017 11:00:00 PM,1,0,1
12/21/2017 10:00:00 PM,3,0,3
12/21/2017 09:00:00 PM,4,1,3
12/21/2017 08:00:00 PM,4,0,4
12/21/2017 07:00:00 PM,5,0,5
12/21/2017 06:00:00 PM,8,3,5
12/21/2017 05:00:00 PM,8,0,8
12/21/2017 04:00:00 PM,9,3,6
12/21/2017 03:00:00 PM,12,3,9
12/21/2017 02:00:00 PM,5,1,4
12/21/2017 01:00:00 PM,11,3,8
12/21/2017 12:00:00 PM,11,2,9
12/21/2017 11:00:00 AM,10,1,9
12/21/2017 10:00:00 AM,17,0,17
12/21/2017 09:00:00 AM,7,1,6
12/21/2017 08:00:00 AM,0,0,0
12/21/2017 07:00:00 AM,0,0,0
12/21/2017 06:00:00 AM,0,0,0
12/21/2017 05:00:00 AM,3,0,3
12/21/2017 04:00:00 AM,1,0,1
12/21/2017 03:00:00 AM,0,0,0
12/21/2017 02:00:00 AM,1,0,1
12/21/2017 01:00:00 AM,0,0,0
12/21/2017 12:00:00 AM,0,0,0
12/20/2017 11:00:00 PM,2,0,2
12/20/2017 10:00:00 PM,4,0,4
12/20/2017 09:00:00 PM,5,0,5
12/20/2017 08:00:00 PM,6,0,6
12/20/2017 07:00:00 PM,12,0,12
12/20/2017 06:00:00 PM,11,2,9
12/20/2017 05:00:00 PM,7,0,7
12/20/2017 04:00:00 PM,13,1,12
12/20/2017 03:00:00 PM,8,1,7
12/20/2017 02:00:00 PM,6,0,6
12/20/2017 01:00:00 PM,12,1,11
12/20/2017 12:00:00 PM,16,2,14
12/20/2017 11:00:00 AM,9,4,5
12/20/2017 10:00:00 AM,1,0,1
12/20/2017 09:00:00 AM,0,0,0
12/20/2017 08:00:00 AM,0,0,0
12/20/2017 07:00:00 AM,0,0,0
12/20/2017 06:00:00 AM,0,0,0
12/20/2017 05:00:00 AM,0,0,0
12/20/2017 04:00:00 AM,0,0,0
12/20/2017 03:00:00 AM,0,0,0
12/20/2017 02:00:00 AM,0,0,0
12/20/2017 01:00:00 AM,0,0,0
12/20/2017 12:00:00 AM,0,0,0
12/19/2017 11:00:00 PM,0,0,0
12/19/2017 10:00:00 PM,4,0,4
12/19/2017 09:00:00 PM,2,0,2
12/19/2017 08:00:00 PM,5,0,5
12/19/2017 07:00:00 PM,6,2,4
12/19/2017 06:00:00 PM,9,3,6
12/19/2017 05:00:00 PM,13,0,13
12/19/2017 04:00:00 PM,14,4,10
12/19/2017 03:00:00 PM,15,1,14
12/19/2017 02:00:00 PM,15,7,8
12/19/2017 01:00:00 PM,9,0,9
12/19/2017 12:00:00 PM,10,1,9
12/19/2017 11:00:00 AM,11,1,10
12/19/2017 10:00:00 AM,7,0,7
12/19/2017 09:00:00 AM,15,3,12
12/19/2017 08:00:00 AM,11,2,9
12/19/2017 07:00:00 AM,7,0,7
12/19/2017 06:00:00 AM,5,1,4
12/19/2017 05:00:00 AM,0,0,0
12/19/2017 04:00:00 AM,0,0,0
12/19/2017 03:00:00 AM,0,0,0
12/19/2017 02:00:00 AM,1,1,0
12/19/2017 01:00:00 AM,0,0,0
12/19/2017 12:00:00 AM,0,0,0
12/18/2017 11:00:00 PM,1,0,1
12/18/2017 10:00:00 PM,0,0,0
12/18/2017 09:00:00 PM,2,2,0
12/18/2017 08:00:00 PM,1,1,0
12/18/2017 07:00:00 PM,1,0,1
12/18/2017 06:00:00 PM,6,4,2
12/18/2017 05:00:00 PM,2,2,0
12/18/2017 04:00:00 PM,1,1,0
12/18/2017 03:00:00 PM,2,2,0
12/18/2017 02:00:00 PM,1,0,1
12/18/2017 01:00:00 PM,2,2,0
12/18/2017 12:00:00 PM,3,1,2
12/18/2017 11:00:00 AM,1,1,0
12/18/2017 10:00:00 AM,0,0,0
12/18/2017 09:00:00 AM,2,0,2
12/18/2017 08:00:00 AM,6,0,6
12/18/2017 07:00:00 AM,3,2,1
12/18/2017 06:00:00 AM,1,1,0
12/18/2017 05:00:00 AM,0,0,0
12/18/2017 04:00:00 AM,1,0,1
12/18/2017 03:00:00 AM,0,0,0
12/18/2017 02:00:00 AM,0,0,0
12/18/2017 01:00:00 AM,0,0,0
12/18/2017 12:00:00 AM,1,0,1
12/17/2017 11:00:00 PM,0,0,0
12/17/2017 10:00:00 PM,0,0,0
12/17/2017 09:00:00 PM,1,1,0
12/17/2017 08:00:00 PM,1,0,1
12/17/2017 07:00:00 PM,0,0,0
12/17/2017 06:00:00 PM,0,0,0
12/17/2017 05:00:00 PM,1,0,1
12/17/2017 04:00:00 PM,2,0,2
12/17/2017 03:00:00 PM,4,3,1
12/17/2017 02:00:00 PM,3,0,3
12/17/2017 01:00:00 PM,5,1,4
12/17/2017 12:00:00 PM,8,5,3
12/17/2017 11:00:00 AM,4,2,2
12/17/2017 10:00:00 AM,0,0,0
12/17/2017 09:00:00 AM,0,0,0
12/17/2017 08:00:00 AM,2,0,2
12/17/2017 07:00:00 AM,0,0,0
12/17/2017 06:00:00 AM,0,0,0
12/17/2017 05:00:00 AM,0,0,0
12/17/2017 04:00:00 AM,0,0,0
12/17/2017 03:00:00 AM,0,0,0
12/17/2017 02:00:00 AM,0,0,0
12/17/2017 01:00:00 AM,0,0,0
12/17/2017 12:00:00 AM,0,0,0
12/16/2017 11:00:00 PM,1,0,1
12/16/2017 10:00:00 PM,1,0,1
12/16/2017 09:00:00 PM,2,2,0
12/16/2017 08:00:00 PM,0,0,0
12/16/2017 07:00:00 PM,1,0,1
12/16/2017 06:00:00 PM,1,1,0
12/16/2017 05:00:00 PM,8,1,7
12/16/2017 04:00:00 PM,3,1,2
12/16/2017 03:00:00 PM,1,1,0
12/16/2017 02:00:00 PM,7,6,1
12/16/2017 01:00:00 PM,2,2,0
12/16/2017 12:00:00 PM,6,6,0
12/16/2017 11:00:00 AM,5,1,4
12/16/2017 10:00:00 AM,2,2,0
12/16/2017 09:00:00 AM,1,0,1
12/16/2017 08:00:00 AM,5,1,4
12/16/2017 07:00:00 AM,0,0,0
12/16/2017 06:00:00 AM,1,1,0
12/16/2017 05:00:00 AM,1,0,1
12/16/2017 04:00:00 AM,0,0,0
12/16/2017 03:00:00 AM,0,0,0
12/16/2017 02:00:00 AM,1,1,0
12/16/2017 01:00:00 AM,0,0,0
12/16/2017 12:00:00 AM,2,1,1
12/15/2017 11:00:00 PM,2,0,2
12/15/2017 10:00:00 PM,2,1,1
12/15/2017 09:00:00 PM,2,0,2
12/15/2017 08:00:00 PM,1,0,1
12/15/2017 07:00:00 PM,1,1,0
12/15/2017 06:00:00 PM,6,5,1
12/15/2017 05:00:00 PM,4,0,4
12/15/2017 04:00:00 PM,4,1,3
12/15/2017 03:00:00 PM,5,1,4
12/15/2017 02:00:00 PM,8,5,3
12/15/2017 01:00:00 PM,4,1,3
12/15/2017 12:00:00 PM,3,0,3
12/15/2017 11:00:00 AM,4,3,1
12/15/2017 10:00:00 AM,3,1,2
12/15/2017 09:00:00 AM,4,1,3
12/15/2017 08:00:00 AM,2,0,2
12/15/2017 07:00:00 AM,3,3,0
12/15/2017 06:00:00 AM,2,1,1
12/15/2017 05:00:00 AM,1,0,1
12/15/2017 04:00:00 AM,0,0,0
12/15/2017 03:00:00 AM,0,0,0
12/15/2017 02:00:00 AM,0,0,0
12/15/2017 01:00:00 AM,0,0,0
12/15/2017 12:00:00 AM,2,0,2
12/14/2017 11:00:00 PM,0,0,0
12/14/2017 10:00:00 PM,0,0,0
12/14/2017 09:00:00 PM,3,0,3
12/14/2017 08:00:00 PM,6,1,5
12/14/2017 07:00:00 PM,6,0,6
12/14/2017 06:00:00 PM,10,1,9
12/14/2017 05:00:00 PM,12,4,8
12/14/2017 04:00:00 PM,11,4,7
12/14/2017 03:00:00 PM,4,0,4
12/14/2017 02:00:00 PM,7,0,7
12/14/2017 01:00:00 PM,5,1,4
12/14/2017 12:00:00 PM,2,0,2
12/14/2017 11:00:00 AM,8,0,8
12/14/2017 10:00:00 AM,5,1,4
12/14/2017 09:00:00 AM,7,3,4
12/14/2017 08:00:00 AM,2,2,0
12/14/2017 07:00:00 AM,1,0,1
12/14/2017 06:00:00 AM,1,1,0
12/14/2017 05:00:00 AM,0,0,0
12/14/2017 04:00:00 AM,0,0,0
12/14/2017 03:00:00 AM,0,0,0
12/14/2017 02:00:00 AM,0,0,0
12/14/2017 01:00:00 AM,0,0,0
12/14/2017 12:00:00 AM,0,0,0
12/13/2017 11:00:00 PM,1,0,1
12/13/2017 10:00:00 PM,3,0,3
12/13/2017 09:00:00 PM,2,0,2
12/13/2017 08:00:00 PM,5,0,5
12/13/2017 07:00:00 PM,6,0,6
12/13/2017 06:00:00 PM,10,0,10
12/13/2017 05:00:00 PM,7,1,6
12/13/2017 04:00:00 PM,10,0,10
12/13/2017 03:00:00 PM,4,0,4
12/13/2017 02:00:00 PM,8,3,5
12/13/2017 01:00:00 PM,2,0,2
12/13/2017 12:00:00 PM,3,1,2
12/13/2017 11:00:00 AM,7,2,5
12/13/2017 10:00:00 AM,4,1,3
12/13/2017 09:00:00 AM,7,1,6
12/13/2017 08:00:00 AM,2,1,1
12/13/2017 07:00:00 AM,3,0,3
12/13/2017 06:00:00 AM,0,0,0
12/13/2017 05:00:00 AM,1,0,1
12/13/2017 04:00:00 AM,3,0,3
12/13/2017 03:00:00 AM,0,0,0
12/13/2017 02:00:00 AM,0,0,0
12/13/2017 01:00:00 AM,0,0,0
12/13/2017 12:00:00 AM,2,0,2
12/12/2017 11:00:00 PM,6,0,6
12/12/2017 10:00:00 PM,2,0,2
12/12/2017 09:00:00 PM,2,1,1
12/12/2017 08:00:00 PM,6,0,6
12/12/2017 07:00:00 PM,9,1,8
12/12/2017 06:00:00 PM,8,2,6
12/12/2017 05:00:00 PM,8,2,6
12/12/2017 04:00:00 PM,4,1,3
12/12/2017 03:00:00 PM,12,2,10
12/12/2017 02:00:00 PM,4,3,1
12/12/2017 01:00:00 PM,4,3,1
12/12/2017 12:00:00 PM,5,4,1
12/12/2017 11:00:00 AM,5,2,3
12/12/2017 10:00:00 AM,4,0,4
12/12/2017 09:00:00 AM,4,1,3
12/12/2017 08:00:00 AM,1,1,0
12/12/2017 07:00:00 AM,2,0,2
12/12/2017 06:00:00 AM,0,0,0
12/12/2017 05:00:00 AM,0,0,0
12/12/2017 04:00:00 AM,0,0,0
12/12/2017 03:00:00 AM,2,0,2
12/12/2017 02:00:00 AM,0,0,0
12/12/2017 01:00:00 AM,0,0,0
12/12/2017 12:00:00 AM,1,0,1
12/11/2017 11:00:00 PM,0,0,0
12/11/2017 10:00:00 PM,2,0,2
12/11/2017 09:00:00 PM,7,1,6
12/11/2017 08:00:00 PM,6,0,6
12/11/2017 07:00:00 PM,6,0,6
12/11/2017 06:00:00 PM,9,2,7
12/11/2017 05:00:00 PM,10,3,7
12/11/2017 04:00:00 PM,5,4,1
12/11/2017 03:00:00 PM,0,0,0
12/11/2017 02:00:00 PM,5,2,3
12/11/2017 01:00:00 PM,2,0,2
12/11/2017 12:00:00 PM,9,7,2
12/11/2017 11:00:00 AM,7,6,1
12/11/2017 10:00:00 AM,3,1,2
12/11/2017 09:00:00 AM,5,5,0
12/11/2017 08:00:00 AM,4,1,3
12/11/2017 07:00:00 AM,2,0,2
12/11/2017 06:00:00 AM,1,1,0
12/11/2017 05:00:00 AM,0,0,0
12/11/2017 04:00:00 AM,0,0,0
12/11/2017 03:00:00 AM,0,0,0
12/11/2017 02:00:00 AM,0,0,0
12/11/2017 01:00:00 AM,0,0,0
12/11/2017 12:00:00 AM,1,0,1
12/10/2017 11:00:00 PM,0,0,0
12/10/2017 10:00:00 PM,1,0,1
12/10/2017 09:00:00 PM,0,0,0
12/10/2017 08:00:00 PM,2,0,2
12/10/2017 07:00:00 PM,2,2,0
12/10/2017 06:00:00 PM,6,3,3
12/10/2017 05:00:00 PM,5,0,5
12/10/2017 04:00:00 PM,7,5,2
12/10/2017 03:00:00 PM,5,3,2
12/10/2017 02:00:00 PM,5,1,4
12/10/2017 01:00:00 PM,13,8,5
12/10/2017 12:00:00 PM,8,5,3
12/10/2017 11:00:00 AM,5,5,0
12/10/2017 10:00:00 AM,4,1,3
12/10/2017 09:00:00 AM,1,0,1
12/10/2017 08:00:00 AM,1,0,1
12/10/2017 07:00:00 AM,0,0,0
12/10/2017 06:00:00 AM,0,0,0
12/10/2017 05:00:00 AM,0,0,0
12/10/2017 04:00:00 AM,0,0,0
12/10/2017 03:00:00 AM,0,0,0
12/10/2017 02:00:00 AM,0,0,0
12/10/2017 01:00:00 AM,1,1,0
12/10/2017 12:00:00 AM,0,0,0
12/09/2017 11:00:00 PM,1,0,1
12/09/2017 10:00:00 PM,4,2,2
12/09/2017 09:00:00 PM,3,0,3
12/09/2017 08:00:00 PM,2,1,1
12/09/2017 07:00:00 PM,3,1,2
12/09/2017 06:00:00 PM,7,0,7
12/09/2017 05:00:00 PM,7,0,7
12/09/2017 04:00:00 PM,15,2,13
12/09/2017 03:00:00 PM,11,2,9
12/09/2017 02:00:00 PM,18,1,17
12/09/2017 01:00:00 PM,19,4,15
12/09/2017 12:00:00 PM,21,1,20
12/09/2017 11:00:00 AM,22,2,20
12/09/2017 10:00:00 AM,10,1,9
12/09/2017 09:00:00 AM,11,2,9
12/09/2017 08:00:00 AM,4,0,4
12/09/2017 07:00:00 AM,1,0,1
12/09/2017 06:00:00 AM,0,0,0
12/09/2017 05:00:00 AM,0,0,0
12/09/2017 04:00:00 AM,1,0,1
12/09/2017 03:00:00 AM,0,0,0
12/09/2017 02:00:00 AM,1,0,1
12/09/2017 01:00:00 AM,1,0,1
12/09/2017 12:00:00 AM,6,4,2
12/08/2017 11:00:00 PM,2,0,2
12/08/2017 10:00:00 PM,9,0,9
12/08/2017 09:00:00 PM,7,1,6
12/08/2017 08:00:00 PM,22,0,22
12/08/2017 07:00:00 PM,11,1,10
12/08/2017 06:00:00 PM,7,1,6
12/08/2017 05:00:00 PM,15,0,15
12/08/2017 04:00:00 PM,21,1,20
12/08/2017 03:00:00 PM,25,1,24
12/08/2017 02:00:00 PM,23,6,17
12/08/2017 01:00:00 PM,11,1,10
12/08/2017 12:00:00 PM,8,1,7
12/08/2017 11:00:00 AM,8,1,7
12/08/2017 10:00:00 AM,1,0,1
12/08/2017 09:00:00 AM,0,0,0
12/08/2017 08:00:00 AM,0,0,0
12/08/2017 07:00:00 AM,5,1,4
12/08/2017 06:00:00 AM,3,0,3
12/08/2017 05:00:00 AM,2,0,2
12/08/2017 04:00:00 AM,0,0,0
12/08/2017 03:00:00 AM,1,0,1
12/08/2017 02:00:00 AM,0,0,0
12/08/2017 01:00:00 AM,0,0,0
12/08/2017 12:00:00 AM,1,0,1
12/07/2017 11:00:00 PM,3,0,3
12/07/2017 10:00:00 PM,6,0,6
12/07/2017 09:00:00 PM,5,0,5
12/07/2017 08:00:00 PM,10,0,10
12/07/2017 07:00:00 PM,11,0,11
12/07/2017 06:00:00 PM,12,0,12
12/07/2017 05:00:00 PM,16,1,15
12/07/2017 04:00:00 PM,5,1,4
12/07/2017 03:00:00 PM,2,0,2
12/07/2017 02:00:00 PM,10,5,5
12/07/2017 01:00:00 PM,8,3,5
12/07/2017 12:00:00 PM,11,2,9
12/07/2017 11:00:00 AM,10,6,4
12/07/2017 10:00:00 AM,5,3,2
12/07/2017 09:00:00 AM,7,1,6
12/07/2017 08:00:00 AM,14,5,9
12/07/2017 07:00:00 AM,6,0,6
12/07/2017 06:00:00 AM,5,0,5
12/07/2017 05:00:00 AM,3,0,3
12/07/2017 04:00:00 AM,1,0,1
12/07/2017 03:00:00 AM,0,0,0
12/07/2017 02:00:00 AM,0,0,0
12/07/2017 01:00:00 AM,1,0,1
12/07/2017 12:00:00 AM,0,0,0
12/06/2017 11:00:00 PM,2,0,2
12/06/2017 10:00:00 PM,5,4,1
12/06/2017 09:00:00 PM,4,0,4
12/06/2017 08:00:00 PM,4,0,4
12/06/2017 07:00:00 PM,5,0,5
12/06/2017 06:00:00 PM,6,5,1
12/06/2017 05:00:00 PM,10,3,7
12/06/2017 04:00:00 PM,12,0,12
12/06/2017 03:00:00 PM,13,3,10
12/06/2017 02:00:00 PM,12,1,11
12/06/2017 01:00:00 PM,21,0,21
12/06/2017 12:00:00 PM,15,0,15
12/06/2017 11:00:00 AM,14,0,14
12/06/2017 10:00:00 AM,18,1,17
12/06/2017 09:00:00 AM,6,0,6
12/06/2017 08:00:00 AM,10,0,10
12/06/2017 07:00:00 AM,10,1,9
12/06/2017 06:00:00 AM,4,2,2
12/06/2017 05:00:00 AM,3,0,3
12/06/2017 04:00:00 AM,2,0,2
12/06/2017 03:00:00 AM,1,0,1
12/06/2017 02:00:00 AM,0,0,0
12/06/2017 01:00:00 AM,0,0,0
12/06/2017 12:00:00 AM,2,0,2
12/05/2017 11:00:00 PM,5,0,5
12/05/2017 10:00:00 PM,6,0,6
12/05/2017 09:00:00 PM,10,0,10
12/05/2017 08:00:00 PM,18,0,18
12/05/2017 07:00:00 PM,10,0,10
12/05/2017 06:00:00 PM,9,0,9
12/05/2017 05:00:00 PM,14,1,13
12/05/2017 04:00:00 PM,7,0,7
12/05/2017 03:00:00 PM,33,3,30
12/05/2017 02:00:00 PM,25,0,25
12/05/2017 01:00:00 PM,32,1,31
12/05/2017 12:00:00 PM,24,3,21
12/05/2017 11:00:00 AM,18,1,17
12/05/2017 10:00:00 AM,15,1,14
12/05/2017 09:00:00 AM,17,1,16
12/05/2017 08:00:00 AM,17,2,15
12/05/2017 07:00:00 AM,13,1,12
12/05/2017 06:00:00 AM,6,0,6
12/05/2017 05:00:00 AM,3,0,3
12/05/2017 04:00:00 AM,3,0,3
12/05/2017 03:00:00 AM,1,0,1
12/05/2017 02:00:00 AM,1,0,1
12/05/2017 01:00:00 AM,4,0,4
12/05/2017 12:00:00 AM,2,0,2
12/04/2017 11:00:00 PM,5,0,5
12/04/2017 10:00:00 PM,5,1,4
12/04/2017 09:00:00 PM,13,0,13
12/04/2017 08:00:00 PM,12,1,11
12/04/2017 07:00:00 PM,11,1,10
12/04/2017 06:00:00 PM,24,0,24
12/04/2017 05:00:00 PM,19,1,18
12/04/2017 04:00:00 PM,29,1,28
12/04/2017 03:00:00 PM,33,6,27
12/04/2017 02:00:00 PM,18,1,17
12/04/2017 01:00:00 PM,27,2,25
12/04/2017 12:00:00 PM,19,1,18
12/04/2017 11:00:00 AM,22,0,22
12/04/2017 10:00:00 AM,19,2,17
12/04/2017 09:00:00 AM,23,2,21
12/04/2017 08:00:00 AM,20,0,20
12/04/2017 07:00:00 AM,4,0,4
12/04/2017 06:00:00 AM,8,0,8
12/04/2017 05:00:00 AM,3,0,3
12/04/2017 04:00:00 AM,2,0,2
12/04/2017 03:00:00 AM,1,0,1
12/04/2017 02:00:00 AM,0,0,0
12/04/2017 01:00:00 AM,3,0,3
12/04/2017 12:00:00 AM,0,0,0
12/03/2017 11:00:00 PM,8,0,8
12/03/2017 10:00:00 PM,2,0,2
12/03/2017 09:00:00 PM,10,0,10
12/03/2017 08:00:00 PM,4,0,4
12/03/2017 07:00:00 PM,10,1,9
12/03/2017 06:00:00 PM,18,0,18
12/03/2017 05:00:00 PM,18,1,17
12/03/2017 04:00:00 PM,17,1,16
12/03/2017 03:00:00 PM,24,2,22
12/03/2017 02:00:00 PM,18,0,18
12/03/2017 01:00:00 PM,36,7,29
12/03/2017 12:00:00 PM,21,1,20
12/03/2017 11:00:00 AM,24,4,20
12/03/2017 10:00:00 AM,15,2,13
12/03/2017 09:00:00 AM,6,0,6
12/03/2017 08:00:00 AM,3,1,2
12/03/2017 07:00:00 AM,1,0,1
12/03/2017 06:00:00 AM,1,0,1
12/03/2017 05:00:00 AM,0,0,0
12/03/2017 04:00:00 AM,0,0,0
12/03/2017 03:00:00 AM,0,0,0
12/03/2017 02:00:00 AM,3,1,2
12/03/2017 01:00:00 AM,1,0,1
12/03/2017 12:00:00 AM,1,1,0
12/02/2017 11:00:00 PM,2,0,2
12/02/2017 10:00:00 PM,2,0,2
12/02/2017 09:00:00 PM,4,0,4
12/02/2017 08:00:00 PM,5,4,1
12/02/2017 07:00:00 PM,3,1,2
12/02/2017 06:00:00 PM,1,0,1
12/02/2017 05:00:00 PM,12,1,11
12/02/2017 04:00:00 PM,9,1,8
12/02/2017 03:00:00 PM,13,0,13
12/02/2017 02:00:00 PM,5,0,5
12/02/2017 01:00:00 PM,7,2,5
12/02/2017 12:00:00 PM,8,5,3
12/02/2017 11:00:00 AM,4,1,3
12/02/2017 10:00:00 AM,4,2,2
12/02/2017 09:00:00 AM,9,4,5
12/02/2017 08:00:00 AM,2,1,1
12/02/2017 07:00:00 AM,2,1,1
12/02/2017 06:00:00 AM,0,0,0
12/02/2017 05:00:00 AM,0,0,0
12/02/2017 04:00:00 AM,0,0,0
12/02/2017 03:00:00 AM,1,0,1
12/02/2017 02:00:00 AM,0,0,0
12/02/2017 01:00:00 AM,0,0,0
12/02/2017 12:00:00 AM,0,0,0
12/01/2017 11:00:00 PM,2,2,0
12/01/2017 10:00:00 PM,0,0,0
12/01/2017 09:00:00 PM,3,3,0
12/01/2017 08:00:00 PM,5,4,1
12/01/2017 07:00:00 PM,4,4,0
12/01/2017 06:00:00 PM,4,0,4
12/01/2017 05:00:00 PM,4,4,0
12/01/2017 04:00:00 PM,11,4,7
12/01/2017 03:00:00 PM,5,2,3
12/01/2017 02:00:00 PM,3,2,1
12/01/2017 01:00:00 PM,3,2,1
12/01/2017 12:00:00 PM,4,3,1
12/01/2017 11:00:00 AM,5,1,4
12/01/2017 10:00:00 AM,6,4,2
12/01/2017 09:00:00 AM,10,9,1
12/01/2017 08:00:00 AM,8,4,4
12/01/2017 07:00:00 AM,9,7,2
12/01/2017 06:00:00 AM,3,1,2
12/01/2017 05:00:00 AM,1,0,1
12/01/2017 04:00:00 AM,0,0,0
12/01/2017 03:00:00 AM,0,0,0
12/01/2017 02:00:00 AM,0,0,0
12/01/2017 01:00:00 AM,0,0,0
12/01/2017 12:00:00 AM,0,0,0
11/30/2017 11:00:00 PM,0,0,0
11/30/2017 10:00:00 PM,0,0,0
11/30/2017 09:00:00 PM,0,0,0
11/30/2017 08:00:00 PM,0,0,0
11/30/2017 07:00:00 PM,5,2,3
11/30/2017 06:00:00 PM,3,1,2
11/30/2017 05:00:00 PM,7,2,5
11/30/2017 04:00:00 PM,7,4,3
11/30/2017 03:00:00 PM,7,3,4
11/30/2017 02:00:00 PM,4,1,3
11/30/2017 01:00:00 PM,4,1,3
11/30/2017 12:00:00 PM,5,3,2
11/30/2017 11:00:00 AM,4,2,2
11/30/2017 10:00:00 AM,4,2,2
11/30/2017 09:00:00 AM,3,3,0
11/30/2017 08:00:00 AM,5,3,2
11/30/2017 07:00:00 AM,9,3,6
11/30/2017 06:00:00 AM,0,0,0
11/30/2017 05:00:00 AM,0,0,0
11/30/2017 04:00:00 AM,0,0,0
11/30/2017 03:00:00 AM,0,0,0
11/30/2017 02:00:00 AM,0,0,0
11/30/2017 01:00:00 AM,1,1,0
11/30/2017 12:00:00 AM,0,0,0
11/29/2017 11:00:00 PM,1,0,1
11/29/2017 10:00:00 PM,0,0,0
11/29/2017 09:00:00 PM,2,0,2
11/29/2017 08:00:00 PM,4,1,3
11/29/2017 07:00:00 PM,14,9,5
11/29/2017 06:00:00 PM,3,1,2
11/29/2017 05:00:00 PM,8,4,4
11/29/2017 04:00:00 PM,4,3,1
11/29/2017 03:00:00 PM,6,3,3
11/29/2017 02:00:00 PM,5,4,1
11/29/2017 01:00:00 PM,2,2,0
11/29/2017 12:00:00 PM,6,5,1
11/29/2017 11:00:00 AM,7,2,5
11/29/2017 10:00:00 AM,5,2,3
11/29/2017 09:00:00 AM,5,4,1
11/29/2017 08:00:00 AM,5,5,0
11/29/2017 07:00:00 AM,6,2,4
11/29/2017 06:00:00 AM,3,1,2
11/29/2017 05:00:00 AM,0,0,0
11/29/2017 04:00:00 AM,0,0,0
11/29/2017 03:00:00 AM,0,0,0
11/29/2017 02:00:00 AM,3,0,3
11/29/2017 01:00:00 AM,1,1,0
11/29/2017 12:00:00 AM,0,0,0
11/28/2017 11:00:00 PM,2,0,2
11/28/2017 10:00:00 PM,0,0,0
11/28/2017 09:00:00 PM,3,1,2
11/28/2017 08:00:00 PM,4,2,2
11/28/2017 07:00:00 PM,3,1,2
11/28/2017 06:00:00 PM,6,4,2
11/28/2017 05:00:00 PM,15,7,8
11/28/2017 04:00:00 PM,5,5,0
11/28/2017 03:00:00 PM,0,0,0
11/28/2017 02:00:00 PM,2,0,2
11/28/2017 01:00:00 PM,4,2,2
11/28/2017 12:00:00 PM,5,2,3
11/28/2017 11:00:00 AM,1,1,0
11/28/2017 10:00:00 AM,2,1,1
11/28/2017 09:00:00 AM,1,0,1
11/28/2017 08:00:00 AM,4,3,1
11/28/2017 07:00:00 AM,4,1,3
11/28/2017 06:00:00 AM,2,0,2
11/28/2017 05:00:00 AM,0,0,0
11/28/2017 04:00:00 AM,0,0,0
11/28/2017 03:00:00 AM,0,0,0
11/28/2017 02:00:00 AM,0,0,0
11/28/2017 01:00:00 AM,0,0,0
11/28/2017 12:00:00 AM,0,0,0
11/27/2017 11:00:00 PM,0,0,0
11/27/2017 10:00:00 PM,1,1,0
11/27/2017 09:00:00 PM,0,0,0
11/27/2017 08:00:00 PM,2,0,2
11/27/2017 07:00:00 PM,9,5,4
11/27/2017 06:00:00 PM,10,5,5
11/27/2017 05:00:00 PM,10,6,4
11/27/2017 04:00:00 PM,11,5,6
11/27/2017 03:00:00 PM,3,2,1
11/27/2017 02:00:00 PM,7,5,2
11/27/2017 01:00:00 PM,6,6,0
11/27/2017 12:00:00 PM,2,0,2
11/27/2017 11:00:00 AM,6,3,3
11/27/2017 10:00:00 AM,6,4,2
11/27/2017 09:00:00 AM,11,6,5
11/27/2017 08:00:00 AM,5,4,1
11/27/2017 07:00:00 AM,8,4,4
11/27/2017 06:00:00 AM,2,2,0
11/27/2017 05:00:00 AM,0,0,0
11/27/2017 04:00:00 AM,1,1,0
11/27/2017 03:00:00 AM,0,0,0
11/27/2017 02:00:00 AM,0,0,0
11/27/2017 01:00:00 AM,0,0,0
11/27/2017 12:00:00 AM,0,0,0
11/26/2017 11:00:00 PM,0,0,0
11/26/2017 10:00:00 PM,1,0,1
11/26/2017 09:00:00 PM,0,0,0
11/26/2017 08:00:00 PM,5,1,4
11/26/2017 07:00:00 PM,2,1,1
11/26/2017 06:00:00 PM,2,0,2
11/26/2017 05:00:00 PM,3,3,0
11/26/2017 04:00:00 PM,5,2,3
11/26/2017 03:00:00 PM,3,2,1
11/26/2017 02:00:00 PM,3,1,2
11/26/2017 01:00:00 PM,6,4,2
11/26/2017 12:00:00 PM,4,2,2
11/26/2017 11:00:00 AM,6,4,2
11/26/2017 10:00:00 AM,4,3,1
11/26/2017 09:00:00 AM,1,0,1
11/26/2017 08:00:00 AM,0,0,0
11/26/2017 07:00:00 AM,1,0,1
11/26/2017 06:00:00 AM,0,0,0
11/26/2017 05:00:00 AM,1,0,1
11/26/2017 04:00:00 AM,0,0,0
11/26/2017 03:00:00 AM,0,0,0
11/26/2017 02:00:00 AM,0,0,0
11/26/2017 01:00:00 AM,0,0,0
11/26/2017 12:00:00 AM,0,0,0
11/25/2017 11:00:00 PM,0,0,0
11/25/2017 10:00:00 PM,1,0,1
11/25/2017 09:00:00 PM,1,0,1
11/25/2017 08:00:00 PM,2,0,2
11/25/2017 07:00:00 PM,5,2,3
11/25/2017 06:00:00 PM,5,4,1
11/25/2017 05:00:00 PM,5,5,0
11/25/2017 04:00:00 PM,9,3,6
11/25/2017 03:00:00 PM,5,4,1
11/25/2017 02:00:00 PM,6,2,4
11/25/2017 01:00:00 PM,6,4,2
11/25/2017 12:00:00 PM,10,6,4
11/25/2017 11:00:00 AM,9,4,5
11/25/2017 10:00:00 AM,11,8,3
11/25/2017 09:00:00 AM,4,2,2
11/25/2017 08:00:00 AM,1,1,0
11/25/2017 07:00:00 AM,2,1,1
11/25/2017 06:00:00 AM,0,0,0
11/25/2017 05:00:00 AM,0,0,0
11/25/2017 04:00:00 AM,0,0,0
11/25/2017 03:00:00 AM,0,0,0
11/25/2017 02:00:00 AM,2,1,1
11/25/2017 01:00:00 AM,0,0,0
11/25/2017 12:00:00 AM,0,0,0
11/24/2017 11:00:00 PM,1,1,0
11/24/2017 10:00:00 PM,0,0,0
11/24/2017 09:00:00 PM,1,0,1
11/24/2017 08:00:00 PM,4,1,3
11/24/2017 07:00:00 PM,3,2,1
11/24/2017 06:00:00 PM,3,1,2
11/24/2017 05:00:00 PM,5,1,4
11/24/2017 04:00:00 PM,6,4,2
11/24/2017 03:00:00 PM,6,3,3
11/24/2017 02:00:00 PM,9,6,3
11/24/2017 01:00:00 PM,8,5,3
11/24/2017 12:00:00 PM,17,12,5
11/24/2017 11:00:00 AM,8,8,0
11/24/2017 10:00:00 AM,11,5,6
11/24/2017 09:00:00 AM,1,1,0
11/24/2017 08:00:00 AM,4,4,0
11/24/2017 07:00:00 AM,1,0,1
11/24/2017 06:00:00 AM,0,0,0
11/24/2017 05:00:00 AM,1,1,0
11/24/2017 04:00:00 AM,0,0,0
11/24/2017 03:00:00 AM,0,0,0
11/24/2017 02:00:00 AM,0,0,0
11/24/2017 01:00:00 AM,0,0,0
11/24/2017 12:00:00 AM,0,0,0
11/23/2017 11:00:00 PM,0,0,0
11/23/2017 10:00:00 PM,4,2,2
11/23/2017 09:00:00 PM,0,0,0
11/23/2017 08:00:00 PM,1,1,0
11/23/2017 07:00:00 PM,2,0,2
11/23/2017 06:00:00 PM,1,0,1
11/23/2017 05:00:00 PM,0,0,0
11/23/2017 04:00:00 PM,2,0,2
11/23/2017 03:00:00 PM,1,0,1
11/23/2017 02:00:00 PM,2,1,1
11/23/2017 01:00:00 PM,2,1,1
11/23/2017 12:00:00 PM,2,2,0
11/23/2017 11:00:00 AM,1,0,1
11/23/2017 10:00:00 AM,1,1,0
11/23/2017 09:00:00 AM,0,0,0
11/23/2017 08:00:00 AM,3,3,0
11/23/2017 07:00:00 AM,1,1,0
11/23/2017 06:00:00 AM,0,0,0
11/23/2017 05:00:00 AM,0,0,0
11/23/2017 04:00:00 AM,0,0,0
11/23/2017 03:00:00 AM,1,0,1
11/23/2017 02:00:00 AM,0,0,0
11/23/2017 01:00:00 AM,0,0,0
11/23/2017 12:00:00 AM,0,0,0
11/22/2017 11:00:00 PM,1,0,1
11/22/2017 10:00:00 PM,2,2,0
11/22/2017 09:00:00 PM,4,4,0
11/22/2017 08:00:00 PM,0,0,0
11/22/2017 07:00:00 PM,3,2,1
11/22/2017 06:00:00 PM,8,5,3
11/22/2017 05:00:00 PM,9,4,5
11/22/2017 04:00:00 PM,13,7,6
11/22/2017 03:00:00 PM,8,8,0
11/22/2017 02:00:00 PM,6,2,4
11/22/2017 01:00:00 PM,2,0,2
11/22/2017 12:00:00 PM,5,4,1
11/22/2017 11:00:00 AM,1,1,0
11/22/2017 10:00:00 AM,12,9,3
11/22/2017 09:00:00 AM,6,3,3
11/22/2017 08:00:00 AM,4,3,1
11/22/2017 07:00:00 AM,4,2,2
11/22/2017 06:00:00 AM,2,1,1
11/22/2017 05:00:00 AM,0,0,0
11/22/2017 04:00:00 AM,0,0,0
11/22/2017 03:00:00 AM,0,0,0
11/22/2017 02:00:00 AM,0,0,0
11/22/2017 01:00:00 AM,0,0,0
11/22/2017 12:00:00 AM,0,0,0
11/21/2017 11:00:00 PM,0,0,0
11/21/2017 10:00:00 PM,2,0,2
11/21/2017 09:00:00 PM,4,0,4
11/21/2017 08:00:00 PM,5,3,2
11/21/2017 07:00:00 PM,4,2,2
11/21/2017 06:00:00 PM,15,13,2
11/21/2017 05:00:00 PM,9,5,4
11/21/2017 04:00:00 PM,7,5,2
11/21/2017 03:00:00 PM,5,3,2
11/21/2017 02:00:00 PM,3,2,1
11/21/2017 01:00:00 PM,3,2,1
11/21/2017 12:00:00 PM,1,0,1
11/21/2017 11:00:00 AM,3,2,1
11/21/2017 10:00:00 AM,2,1,1
11/21/2017 09:00:00 AM,4,2,2
11/21/2017 08:00:00 AM,1,0,1
11/21/2017 07:00:00 AM,2,1,1
11/21/2017 06:00:00 AM,2,2,0
11/21/2017 05:00:00 AM,2,0,2
11/21/2017 04:00:00 AM,0,0,0
11/21/2017 03:00:00 AM,0,0,0
11/21/2017 02:00:00 AM,0,0,0
11/21/2017 01:00:00 AM,0,0,0
11/21/2017 12:00:00 AM,2,1,1
11/20/2017 11:00:00 PM,0,0,0
11/20/2017 10:00:00 PM,1,1,0
11/20/2017 09:00:00 PM,7,2,5
11/20/2017 08:00:00 PM,3,1,2
11/20/2017 07:00:00 PM,4,3,1
11/20/2017 06:00:00 PM,6,3,3
11/20/2017 05:00:00 PM,6,4,2
11/20/2017 04:00:00 PM,2,2,0
11/20/2017 03:00:00 PM,4,3,1
11/20/2017 02:00:00 PM,2,1,1
11/20/2017 01:00:00 PM,9,6,3
11/20/2017 12:00:00 PM,4,2,2
11/20/2017 11:00:00 AM,2,2,0
11/20/2017 10:00:00 AM,2,0,2
11/20/2017 09:00:00 AM,5,3,2
11/20/2017 08:00:00 AM,1,1,0
11/20/2017 07:00:00 AM,3,1,2
11/20/2017 06:00:00 AM,1,1,0
11/20/2017 05:00:00 AM,0,0,0
11/20/2017 04:00:00 AM,0,0,0
11/20/2017 03:00:00 AM,0,0,0
11/20/2017 02:00:00 AM,0,0,0
11/20/2017 01:00:00 AM,0,0,0
11/20/2017 12:00:00 AM,2,2,0
11/19/2017 11:00:00 PM,0,0,0
11/19/2017 10:00:00 PM,0,0,0
11/19/2017 09:00:00 PM,2,2,0
11/19/2017 08:00:00 PM,4,1,3
11/19/2017 07:00:00 PM,2,0,2
11/19/2017 06:00:00 PM,4,4,0
11/19/2017 05:00:00 PM,1,1,0
11/19/2017 04:00:00 PM,2,2,0
11/19/2017 03:00:00 PM,2,2,0
11/19/2017 02:00:00 PM,7,3,4
11/19/2017 01:00:00 PM,18,16,2
11/19/2017 12:00:00 PM,10,4,6
11/19/2017 11:00:00 AM,9,5,4
11/19/2017 10:00:00 AM,7,6,1
11/19/2017 09:00:00 AM,8,6,2
11/19/2017 08:00:00 AM,3,0,3
11/19/2017 07:00:00 AM,2,2,0
11/19/2017 06:00:00 AM,0,0,0
11/19/2017 05:00:00 AM,0,0,0
11/19/2017 04:00:00 AM,0,0,0
11/19/2017 03:00:00 AM,0,0,0
11/19/2017 02:00:00 AM,0,0,0
11/19/2017 01:00:00 AM,0,0,0
11/19/2017 12:00:00 AM,2,0,2
11/18/2017 11:00:00 PM,2,1,1
11/18/2017 10:00:00 PM,4,2,2
11/18/2017 09:00:00 PM,2,1,1
11/18/2017 08:00:00 PM,3,2,1
11/18/2017 07:00:00 PM,7,6,1
11/18/2017 06:00:00 PM,6,2,4
11/18/2017 05:00:00 PM,13,6,7
11/18/2017 04:00:00 PM,8,4,4
11/18/2017 03:00:00 PM,10,2,8
11/18/2017 02:00:00 PM,11,6,5
11/18/2017 01:00:00 PM,12,6,6
11/18/2017 12:00:00 PM,19,7,12
11/18/2017 11:00:00 AM,11,6,5
11/18/2017 10:00:00 AM,7,5,2
11/18/2017 09:00:00 AM,3,3,0
11/18/2017 08:00:00 AM,3,2,1
11/18/2017 07:00:00 AM,2,1,1
11/18/2017 06:00:00 AM,0,0,0
11/18/2017 05:00:00 AM,0,0,0
11/18/2017 04:00:00 AM,0,0,0
11/18/2017 03:00:00 AM,0,0,0
11/18/2017 02:00:00 AM,0,0,0
11/18/2017 01:00:00 AM,1,0,1
11/18/2017 12:00:00 AM,0,0,0
11/17/2017 11:00:00 PM,2,2,0
11/17/2017 10:00:00 PM,1,0,1
11/17/2017 09:00:00 PM,1,1,0
11/17/2017 08:00:00 PM,7,3,4
11/17/2017 07:00:00 PM,1,0,1
11/17/2017 06:00:00 PM,9,6,3
11/17/2017 05:00:00 PM,11,7,4
11/17/2017 04:00:00 PM,12,6,6
11/17/2017 03:00:00 PM,6,2,4
11/17/2017 02:00:00 PM,12,6,6
11/17/2017 01:00:00 PM,14,9,5
11/17/2017 12:00:00 PM,16,14,2
11/17/2017 11:00:00 AM,4,2,2
11/17/2017 10:00:00 AM,14,8,6
11/17/2017 09:00:00 AM,9,8,1
11/17/2017 08:00:00 AM,10,2,8
11/17/2017 07:00:00 AM,6,5,1
11/17/2017 06:00:00 AM,4,1,3
11/17/2017 05:00:00 AM,2,1,1
11/17/2017 04:00:00 AM,0,0,0
11/17/2017 03:00:00 AM,0,0,0
11/17/2017 02:00:00 AM,0,0,0
11/17/2017 01:00:00 AM,1,0,1
11/17/2017 12:00:00 AM,1,0,1
11/16/2017 11:00:00 PM,0,0,0
11/16/2017 10:00:00 PM,1,0,1
11/16/2017 09:00:00 PM,1,0,1
11/16/2017 08:00:00 PM,1,0,1
11/16/2017 07:00:00 PM,4,2,2
11/16/2017 06:00:00 PM,7,3,4
11/16/2017 05:00:00 PM,16,12,4
11/16/2017 04:00:00 PM,6,3,3
11/16/2017 03:00:00 PM,3,3,0
11/16/2017 02:00:00 PM,7,4,3
11/16/2017 01:00:00 PM,4,2,2
11/16/2017 12:00:00 PM,6,4,2
11/16/2017 11:00:00 AM,11,4,7
11/16/2017 10:00:00 AM,7,5,2
11/16/2017 09:00:00 AM,3,2,1
11/16/2017 08:00:00 AM,5,1,4
11/16/2017 07:00:00 AM,8,3,5
11/16/2017 06:00:00 AM,1,0,1
11/16/2017 05:00:00 AM,1,1,0
11/16/2017 04:00:00 AM,0,0,0
11/16/2017 03:00:00 AM,0,0,0
11/16/2017 02:00:00 AM,0,0,0
11/16/2017 01:00:00 AM,0,0,0
11/16/2017 12:00:00 AM,2,1,1
11/15/2017 11:00:00 PM,3,1,2
11/15/2017 10:00:00 PM,0,0,0
11/15/2017 09:00:00 PM,0,0,0
11/15/2017 08:00:00 PM,2,1,1
11/15/2017 07:00:00 PM,7,4,3
11/15/2017 06:00:00 PM,12,3,9
11/15/2017 05:00:00 PM,16,7,9
11/15/2017 04:00:00 PM,7,4,3
11/15/2017 03:00:00 PM,3,0,3
11/15/2017 02:00:00 PM,5,2,3
11/15/2017 01:00:00 PM,5,3,2
11/15/2017 12:00:00 PM,6,5,1
11/15/2017 11:00:00 AM,4,4,0
11/15/2017 10:00:00 AM,4,2,2
11/15/2017 09:00:00 AM,4,4,0
11/15/2017 08:00:00 AM,5,3,2
11/15/2017 07:00:00 AM,2,1,1
11/15/2017 06:00:00 AM,1,1,0
11/15/2017 05:00:00 AM,0,0,0
11/15/2017 04:00:00 AM,0,0,0
11/15/2017 03:00:00 AM,0,0,0
11/15/2017 02:00:00 AM,0,0,0
11/15/2017 01:00:00 AM,0,0,0
11/15/2017 12:00:00 AM,0,0,0
11/14/2017 11:00:00 PM,0,0,0
11/14/2017 10:00:00 PM,1,0,1
11/14/2017 09:00:00 PM,0,0,0
11/14/2017 08:00:00 PM,5,0,5
11/14/2017 07:00:00 PM,8,5,3
11/14/2017 06:00:00 PM,11,8,3
11/14/2017 05:00:00 PM,11,2,9
11/14/2017 04:00:00 PM,9,6,3
11/14/2017 03:00:00 PM,4,1,3
11/14/2017 02:00:00 PM,6,4,2
11/14/2017 01:00:00 PM,5,4,1
11/14/2017 12:00:00 PM,8,3,5
11/14/2017 11:00:00 AM,4,2,2
11/14/2017 10:00:00 AM,9,7,2
11/14/2017 09:00:00 AM,4,2,2
11/14/2017 08:00:00 AM,4,4,0
11/14/2017 07:00:00 AM,6,3,3
11/14/2017 06:00:00 AM,1,1,0
11/14/2017 05:00:00 AM,0,0,0
11/14/2017 04:00:00 AM,3,1,2
11/14/2017 03:00:00 AM,0,0,0
11/14/2017 02:00:00 AM,0,0,0
11/14/2017 01:00:00 AM,1,0,1
11/14/2017 12:00:00 AM,0,0,0
11/13/2017 11:00:00 PM,0,0,0
11/13/2017 10:00:00 PM,0,0,0
11/13/2017 09:00:00 PM,3,3,0
11/13/2017 08:00:00 PM,4,2,2
11/13/2017 07:00:00 PM,6,4,2
11/13/2017 06:00:00 PM,7,5,2
11/13/2017 05:00:00 PM,8,5,3
11/13/2017 04:00:00 PM,5,1,4
11/13/2017 03:00:00 PM,11,6,5
11/13/2017 02:00:00 PM,5,3,2
11/13/2017 01:00:00 PM,1,0,1
11/13/2017 12:00:00 PM,8,4,4
11/13/2017 11:00:00 AM,5,0,5
11/13/2017 10:00:00 AM,9,3,6
11/13/2017 09:00:00 AM,4,3,1
11/13/2017 08:00:00 AM,3,3,0
11/13/2017 07:00:00 AM,9,4,5
11/13/2017 06:00:00 AM,3,3,0
11/13/2017 05:00:00 AM,0,0,0
11/13/2017 04:00:00 AM,0,0,0
11/13/2017 03:00:00 AM,0,0,0
11/13/2017 02:00:00 AM,0,0,0
11/13/2017 01:00:00 AM,0,0,0
11/13/2017 12:00:00 AM,0,0,0
11/12/2017 11:00:00 PM,0,0,0
11/12/2017 10:00:00 PM,0,0,0
11/12/2017 09:00:00 PM,1,1,0
11/12/2017 08:00:00 PM,0,0,0
11/12/2017 07:00:00 PM,0,0,0
11/12/2017 06:00:00 PM,3,3,0
11/12/2017 05:00:00 PM,4,2,2
11/12/2017 04:00:00 PM,6,4,2
11/12/2017 03:00:00 PM,3,1,2
11/12/2017 02:00:00 PM,9,8,1
11/12/2017 01:00:00 PM,17,5,12
11/12/2017 12:00:00 PM,9,5,4
11/12/2017 11:00:00 AM,10,6,4
11/12/2017 10:00:00 AM,5,1,4
11/12/2017 09:00:00 AM,4,3,1
11/12/2017 08:00:00 AM,1,1,0
11/12/2017 07:00:00 AM,0,0,0
11/12/2017 06:00:00 AM,1,1,0
11/12/2017 05:00:00 AM,0,0,0
11/12/2017 04:00:00 AM,0,0,0
11/12/2017 03:00:00 AM,0,0,0
11/12/2017 02:00:00 AM,0,0,0
11/12/2017 01:00:00 AM,0,0,0
11/12/2017 12:00:00 AM,0,0,0
11/11/2017 11:00:00 PM,1,0,1
11/11/2017 10:00:00 PM,0,0,0
11/11/2017 09:00:00 PM,4,4,0
11/11/2017 08:00:00 PM,3,2,1
11/11/2017 07:00:00 PM,3,2,1
11/11/2017 06:00:00 PM,7,2,5
11/11/2017 05:00:00 PM,5,2,3
11/11/2017 04:00:00 PM,9,8,1
11/11/2017 03:00:00 PM,10,4,6
11/11/2017 02:00:00 PM,3,2,1
11/11/2017 01:00:00 PM,8,6,2
11/11/2017 12:00:00 PM,8,4,4
11/11/2017 11:00:00 AM,3,1,2
11/11/2017 10:00:00 AM,5,4,1
11/11/2017 09:00:00 AM,4,4,0
11/11/2017 08:00:00 AM,2,1,1
11/11/2017 07:00:00 AM,4,3,1
11/11/2017 06:00:00 AM,0,0,0
11/11/2017 05:00:00 AM,0,0,0
11/11/2017 04:00:00 AM,0,0,0
11/11/2017 03:00:00 AM,0,0,0
11/11/2017 02:00:00 AM,0,0,0
11/11/2017 01:00:00 AM,0,0,0
11/11/2017 12:00:00 AM,1,1,0
11/10/2017 11:00:00 PM,4,4,0
11/10/2017 10:00:00 PM,0,0,0
11/10/2017 09:00:00 PM,1,0,1
11/10/2017 08:00:00 PM,5,4,1
11/10/2017 07:00:00 PM,7,5,2
11/10/2017 06:00:00 PM,5,2,3
11/10/2017 05:00:00 PM,5,2,3
11/10/2017 04:00:00 PM,9,6,3
11/10/2017 03:00:00 PM,7,6,1
11/10/2017 02:00:00 PM,12,5,7
11/10/2017 01:00:00 PM,18,13,5
11/10/2017 12:00:00 PM,10,8,2
11/10/2017 11:00:00 AM,10,7,3
11/10/2017 10:00:00 AM,7,6,1
11/10/2017 09:00:00 AM,7,6,1
11/10/2017 08:00:00 AM,4,4,0
11/10/2017 07:00:00 AM,6,4,2
11/10/2017 06:00:00 AM,3,2,1
11/10/2017 05:00:00 AM,0,0,0
11/10/2017 04:00:00 AM,0,0,0
11/10/2017 03:00:00 AM,0,0,0
11/10/2017 02:00:00 AM,0,0,0
11/10/2017 01:00:00 AM,0,0,0
11/10/2017 12:00:00 AM,0,0,0
11/09/2017 11:00:00 PM,0,0,0
11/09/2017 10:00:00 PM,0,0,0
11/09/2017 09:00:00 PM,1,0,1
11/09/2017 08:00:00 PM,9,7,2
11/09/2017 07:00:00 PM,5,3,2
11/09/2017 06:00:00 PM,9,7,2
11/09/2017 05:00:00 PM,10,5,5
11/09/2017 04:00:00 PM,10,4,6
11/09/2017 03:00:00 PM,7,4,3
11/09/2017 02:00:00 PM,2,1,1
11/09/2017 01:00:00 PM,5,2,3
11/09/2017 12:00:00 PM,5,4,1
11/09/2017 11:00:00 AM,7,5,2
11/09/2017 10:00:00 AM,2,1,1
11/09/2017 09:00:00 AM,7,6,1
11/09/2017 08:00:00 AM,6,4,2
11/09/2017 07:00:00 AM,5,2,3
11/09/2017 06:00:00 AM,2,2,0
11/09/2017 05:00:00 AM,0,0,0
11/09/2017 04:00:00 AM,0,0,0
11/09/2017 03:00:00 AM,0,0,0
11/09/2017 02:00:00 AM,1,1,0
11/09/2017 01:00:00 AM,0,0,0
11/09/2017 12:00:00 AM,0,0,0
11/08/2017 11:00:00 PM,1,0,1
11/08/2017 10:00:00 PM,0,0,0
11/08/2017 09:00:00 PM,2,2,0
11/08/2017 08:00:00 PM,4,2,2
11/08/2017 07:00:00 PM,8,5,3
11/08/2017 06:00:00 PM,4,2,2
11/08/2017 05:00:00 PM,5,3,2
11/08/2017 04:00:00 PM,6,2,4
11/08/2017 03:00:00 PM,6,4,2
11/08/2017 02:00:00 PM,4,3,1
11/08/2017 01:00:00 PM,8,6,2
11/08/2017 12:00:00 PM,4,3,1
11/08/2017 11:00:00 AM,8,3,5
11/08/2017 10:00:00 AM,8,7,1
11/08/2017 09:00:00 AM,7,5,2
11/08/2017 08:00:00 AM,0,0,0
11/08/2017 07:00:00 AM,7,2,5
11/08/2017 06:00:00 AM,2,1,1
11/08/2017 05:00:00 AM,3,1,2
11/08/2017 04:00:00 AM,0,0,0
11/08/2017 03:00:00 AM,0,0,0
11/08/2017 02:00:00 AM,0,0,0
11/08/2017 01:00:00 AM,3,3,0
11/08/2017 12:00:00 AM,0,0,0
11/07/2017 11:00:00 PM,0,0,0
11/07/2017 10:00:00 PM,1,0,1
11/07/2017 09:00:00 PM,3,0,3
11/07/2017 08:00:00 PM,5,2,3
11/07/2017 07:00:00 PM,25,19,6
11/07/2017 06:00:00 PM,24,16,8
11/07/2017 05:00:00 PM,28,25,3
11/07/2017 04:00:00 PM,13,9,4
11/07/2017 03:00:00 PM,8,7,1
11/07/2017 02:00:00 PM,11,8,3
11/07/2017 01:00:00 PM,6,5,1
11/07/2017 12:00:00 PM,10,5,5
11/07/2017 11:00:00 AM,15,13,2
11/07/2017 10:00:00 AM,6,5,1
11/07/2017 09:00:00 AM,16,12,4
11/07/2017 08:00:00 AM,15,12,3
11/07/2017 07:00:00 AM,9,6,3
11/07/2017 06:00:00 AM,3,0,3
11/07/2017 05:00:00 AM,1,0,1
11/07/2017 04:00:00 AM,0,0,0
11/07/2017 03:00:00 AM,1,0,1
11/07/2017 02:00:00 AM,0,0,0
11/07/2017 01:00:00 AM,0,0,0
11/07/2017 12:00:00 AM,2,0,2
11/06/2017 11:00:00 PM,1,0,1
11/06/2017 10:00:00 PM,4,2,2
11/06/2017 09:00:00 PM,0,0,0
11/06/2017 08:00:00 PM,10,4,6
11/06/2017 07:00:00 PM,8,4,4
11/06/2017 06:00:00 PM,9,6,3
11/06/2017 05:00:00 PM,9,4,5
11/06/2017 04:00:00 PM,5,1,4
11/06/2017 03:00:00 PM,5,2,3
11/06/2017 02:00:00 PM,8,6,2
11/06/2017 01:00:00 PM,6,6,0
11/06/2017 12:00:00 PM,3,2,1
11/06/2017 11:00:00 AM,4,4,0
11/06/2017 10:00:00 AM,6,3,3
11/06/2017 09:00:00 AM,3,3,0
11/06/2017 08:00:00 AM,5,4,1
11/06/2017 07:00:00 AM,4,1,3
11/06/2017 06:00:00 AM,5,4,1
11/06/2017 05:00:00 AM,2,1,1
11/06/2017 04:00:00 AM,0,0,0
11/06/2017 03:00:00 AM,0,0,0
11/06/2017 02:00:00 AM,0,0,0
11/06/2017 01:00:00 AM,0,0,0
11/06/2017 12:00:00 AM,0,0,0
11/05/2017 11:00:00 PM,0,0,0
11/05/2017 10:00:00 PM,0,0,0
11/05/2017 09:00:00 PM,0,0,0
11/05/2017 08:00:00 PM,1,1,0
11/05/2017 07:00:00 PM,1,0,1
11/05/2017 06:00:00 PM,2,2,0
11/05/2017 05:00:00 PM,5,3,2
11/05/2017 04:00:00 PM,6,5,1
11/05/2017 03:00:00 PM,3,2,1
11/05/2017 02:00:00 PM,0,0,0
11/05/2017 01:00:00 PM,0,0,0
11/05/2017 12:00:00 PM,0,0,0
11/05/2017 11:00:00 AM,0,0,0
11/05/2017 10:00:00 AM,1,0,1
11/05/2017 09:00:00 AM,0,0,0
11/05/2017 08:00:00 AM,1,1,0
11/05/2017 07:00:00 AM,0,0,0
11/05/2017 06:00:00 AM,0,0,0
11/05/2017 05:00:00 AM,0,0,0
11/05/2017 04:00:00 AM,0,0,0
11/05/2017 03:00:00 AM,0,0,0
11/05/2017 02:00:00 AM,1,0,1
11/05/2017 01:00:00 AM,1,0,1
11/05/2017 12:00:00 AM,0,0,0
11/04/2017 11:00:00 PM,0,0,0
11/04/2017 10:00:00 PM,2,2,0
11/04/2017 09:00:00 PM,0,0,0
11/04/2017 08:00:00 PM,2,1,1
11/04/2017 07:00:00 PM,2,1,1
11/04/2017 06:00:00 PM,6,5,1
11/04/2017 05:00:00 PM,3,3,0
11/04/2017 04:00:00 PM,5,1,4
11/04/2017 03:00:00 PM,4,2,2
11/04/2017 02:00:00 PM,12,9,3
11/04/2017 01:00:00 PM,10,6,4
11/04/2017 12:00:00 PM,12,8,4
11/04/2017 11:00:00 AM,9,7,2
11/04/2017 10:00:00 AM,5,4,1
11/04/2017 09:00:00 AM,6,4,2
11/04/2017 08:00:00 AM,2,1,1
11/04/2017 07:00:00 AM,2,2,0
11/04/2017 06:00:00 AM,1,1,0
11/04/2017 05:00:00 AM,1,1,0
11/04/2017 04:00:00 AM,0,0,0
11/04/2017 03:00:00 AM,0,0,0
11/04/2017 02:00:00 AM,0,0,0
11/04/2017 01:00:00 AM,1,1,0
11/04/2017 12:00:00 AM,2,1,1
11/03/2017 11:00:00 PM,0,0,0
11/03/2017 10:00:00 PM,2,1,1
11/03/2017 09:00:00 PM,1,0,1
11/03/2017 08:00:00 PM,8,4,4
11/03/2017 07:00:00 PM,8,7,1
11/03/2017 06:00:00 PM,9,5,4
11/03/2017 05:00:00 PM,9,8,1
11/03/2017 04:00:00 PM,12,7,5
11/03/2017 03:00:00 PM,8,4,4
11/03/2017 02:00:00 PM,7,5,2
11/03/2017 01:00:00 PM,9,7,2
11/03/2017 12:00:00 PM,5,3,2
11/03/2017 11:00:00 AM,8,7,1
11/03/2017 10:00:00 AM,4,4,0
11/03/2017 09:00:00 AM,13,10,3
11/03/2017 08:00:00 AM,8,5,3
11/03/2017 07:00:00 AM,4,1,3
11/03/2017 06:00:00 AM,1,0,1
11/03/2017 05:00:00 AM,0,0,0
11/03/2017 04:00:00 AM,2,1,1
11/03/2017 03:00:00 AM,1,1,0
11/03/2017 02:00:00 AM,0,0,0
11/03/2017 01:00:00 AM,0,0,0
11/03/2017 12:00:00 AM,4,3,1
11/02/2017 11:00:00 PM,4,2,2
11/02/2017 10:00:00 PM,1,0,1
11/02/2017 09:00:00 PM,1,0,1
11/02/2017 08:00:00 PM,6,4,2
11/02/2017 07:00:00 PM,8,2,6
11/02/2017 06:00:00 PM,14,3,11
11/02/2017 05:00:00 PM,11,7,4
11/02/2017 04:00:00 PM,8,4,4
11/02/2017 03:00:00 PM,7,5,2
11/02/2017 02:00:00 PM,6,1,5
11/02/2017 01:00:00 PM,7,4,3
11/02/2017 12:00:00 PM,7,2,5
11/02/2017 11:00:00 AM,5,3,2
11/02/2017 10:00:00 AM,12,6,6
11/02/2017 09:00:00 AM,8,8,0
11/02/2017 08:00:00 AM,4,2,2
11/02/2017 07:00:00 AM,1,0,1
11/02/2017 06:00:00 AM,1,1,0
11/02/2017 05:00:00 AM,0,0,0
11/02/2017 04:00:00 AM,0,0,0
11/02/2017 03:00:00 AM,0,0,0
11/02/2017 02:00:00 AM,0,0,0
11/02/2017 01:00:00 AM,1,1,0
11/02/2017 12:00:00 AM,0,0,0
11/01/2017 11:00:00 PM,2,2,0
11/01/2017 10:00:00 PM,1,0,1
11/01/2017 09:00:00 PM,0,0,0
11/01/2017 08:00:00 PM,3,1,2
11/01/2017 07:00:00 PM,4,1,3
11/01/2017 06:00:00 PM,13,4,9
11/01/2017 05:00:00 PM,11,5,6
11/01/2017 04:00:00 PM,8,7,1
11/01/2017 03:00:00 PM,10,5,5
11/01/2017 02:00:00 PM,12,6,6
11/01/2017 01:00:00 PM,9,7,2
11/01/2017 12:00:00 PM,6,4,2
11/01/2017 11:00:00 AM,6,5,1
11/01/2017 10:00:00 AM,5,4,1
11/01/2017 09:00:00 AM,5,3,2
11/01/2017 08:00:00 AM,4,3,1
11/01/2017 07:00:00 AM,2,1,1
11/01/2017 06:00:00 AM,2,2,0
11/01/2017 05:00:00 AM,1,1,0
11/01/2017 04:00:00 AM,2,1,1
11/01/2017 03:00:00 AM,0,0,0
11/01/2017 02:00:00 AM,0,0,0
11/01/2017 01:00:00 AM,0,0,0
11/01/2017 12:00:00 AM,1,0,1
10/31/2017 11:00:00 PM,1,1,0
10/31/2017 10:00:00 PM,3,1,2
10/31/2017 09:00:00 PM,2,0,2
10/31/2017 08:00:00 PM,5,2,3
10/31/2017 07:00:00 PM,5,3,2
10/31/2017 06:00:00 PM,7,4,3
10/31/2017 05:00:00 PM,14,4,10
10/31/2017 04:00:00 PM,8,4,4
10/31/2017 03:00:00 PM,8,6,2
10/31/2017 02:00:00 PM,7,3,4
10/31/2017 01:00:00 PM,14,6,8
10/31/2017 12:00:00 PM,5,1,4
10/31/2017 11:00:00 AM,8,6,2
10/31/2017 10:00:00 AM,7,2,5
10/31/2017 09:00:00 AM,7,3,4
10/31/2017 08:00:00 AM,5,5,0
10/31/2017 07:00:00 AM,9,3,6
10/31/2017 06:00:00 AM,1,0,1
10/31/2017 05:00:00 AM,1,1,0
10/31/2017 04:00:00 AM,0,0,0
10/31/2017 03:00:00 AM,0,0,0
10/31/2017 02:00:00 AM,0,0,0
10/31/2017 01:00:00 AM,0,0,0
10/31/2017 12:00:00 AM,0,0,0
10/30/2017 11:00:00 PM,0,0,0
10/30/2017 10:00:00 PM,0,0,0
10/30/2017 09:00:00 PM,2,0,2
10/30/2017 08:00:00 PM,2,1,1
10/30/2017 07:00:00 PM,4,2,2
10/30/2017 06:00:00 PM,23,14,9
10/30/2017 05:00:00 PM,20,13,7
10/30/2017 04:00:00 PM,11,7,4
10/30/2017 03:00:00 PM,10,8,2
10/30/2017 02:00:00 PM,6,6,0
10/30/2017 01:00:00 PM,10,7,3
10/30/2017 12:00:00 PM,9,7,2
10/30/2017 11:00:00 AM,7,6,1
10/30/2017 10:00:00 AM,7,3,4
10/30/2017 09:00:00 AM,8,5,3
10/30/2017 08:00:00 AM,9,3,6
10/30/2017 07:00:00 AM,8,5,3
10/30/2017 06:00:00 AM,2,0,2
10/30/2017 05:00:00 AM,1,0,1
10/30/2017 04:00:00 AM,0,0,0
10/30/2017 03:00:00 AM,0,0,0
10/30/2017 02:00:00 AM,0,0,0
10/30/2017 01:00:00 AM,0,0,0
10/30/2017 12:00:00 AM,0,0,0
10/29/2017 11:00:00 PM,3,1,2
10/29/2017 10:00:00 PM,1,0,1
10/29/2017 09:00:00 PM,2,1,1
10/29/2017 08:00:00 PM,2,1,1
10/29/2017 07:00:00 PM,1,1,0
10/29/2017 06:00:00 PM,3,2,1
10/29/2017 05:00:00 PM,10,9,1
10/29/2017 04:00:00 PM,20,10,10
10/29/2017 03:00:00 PM,18,6,12
10/29/2017 02:00:00 PM,24,13,11
10/29/2017 01:00:00 PM,15,10,5
10/29/2017 12:00:00 PM,15,5,10
10/29/2017 11:00:00 AM,14,8,6
10/29/2017 10:00:00 AM,8,7,1
10/29/2017 09:00:00 AM,8,2,6
10/29/2017 08:00:00 AM,3,1,2
10/29/2017 07:00:00 AM,2,1,1
10/29/2017 06:00:00 AM,0,0,0
10/29/2017 05:00:00 AM,0,0,0
10/29/2017 04:00:00 AM,0,0,0
10/29/2017 03:00:00 AM,0,0,0
10/29/2017 02:00:00 AM,0,0,0
10/29/2017 01:00:00 AM,4,3,1
10/29/2017 12:00:00 AM,1,0,1
10/28/2017 11:00:00 PM,0,0,0
10/28/2017 10:00:00 PM,1,0,1
10/28/2017 09:00:00 PM,3,1,2
10/28/2017 08:00:00 PM,6,1,5
10/28/2017 07:00:00 PM,3,3,0
10/28/2017 06:00:00 PM,9,3,6
10/28/2017 05:00:00 PM,11,6,5
10/28/2017 04:00:00 PM,9,6,3
10/28/2017 03:00:00 PM,17,7,10
10/28/2017 02:00:00 PM,15,10,5
10/28/2017 01:00:00 PM,12,9,3
10/28/2017 12:00:00 PM,18,6,12
10/28/2017 11:00:00 AM,11,8,3
10/28/2017 10:00:00 AM,8,5,3
10/28/2017 09:00:00 AM,8,3,5
10/28/2017 08:00:00 AM,2,0,2
10/28/2017 07:00:00 AM,3,1,2
10/28/2017 06:00:00 AM,0,0,0
10/28/2017 05:00:00 AM,0,0,0
10/28/2017 04:00:00 AM,0,0,0
10/28/2017 03:00:00 AM,0,0,0
10/28/2017 02:00:00 AM,0,0,0
10/28/2017 01:00:00 AM,3,2,1
10/28/2017 12:00:00 AM,0,0,0
10/27/2017 11:00:00 PM,2,1,1
10/27/2017 10:00:00 PM,0,0,0
10/27/2017 09:00:00 PM,5,3,2
10/27/2017 08:00:00 PM,7,6,1
10/27/2017 07:00:00 PM,8,5,3
10/27/2017 06:00:00 PM,12,10,2
10/27/2017 05:00:00 PM,9,3,6
10/27/2017 04:00:00 PM,14,6,8
10/27/2017 03:00:00 PM,21,13,8
10/27/2017 02:00:00 PM,8,5,3
10/27/2017 01:00:00 PM,3,3,0
10/27/2017 12:00:00 PM,5,5,0
10/27/2017 11:00:00 AM,7,5,2
10/27/2017 10:00:00 AM,13,9,4
10/27/2017 09:00:00 AM,8,6,2
10/27/2017 08:00:00 AM,7,4,3
10/27/2017 07:00:00 AM,8,0,8
10/27/2017 06:00:00 AM,4,3,1
10/27/2017 05:00:00 AM,1,0,1
10/27/2017 04:00:00 AM,0,0,0
10/27/2017 03:00:00 AM,0,0,0
10/27/2017 02:00:00 AM,0,0,0
10/27/2017 01:00:00 AM,1,1,0
10/27/2017 12:00:00 AM,0,0,0
10/26/2017 11:00:00 PM,1,1,0
10/26/2017 10:00:00 PM,3,0,3
10/26/2017 09:00:00 PM,1,1,0
10/26/2017 08:00:00 PM,4,2,2
10/26/2017 07:00:00 PM,10,5,5
10/26/2017 06:00:00 PM,23,14,9
10/26/2017 05:00:00 PM,25,15,10
10/26/2017 04:00:00 PM,25,11,14
10/26/2017 03:00:00 PM,15,11,4
10/26/2017 02:00:00 PM,9,7,2
10/26/2017 01:00:00 PM,12,4,8
10/26/2017 12:00:00 PM,1,0,1
10/26/2017 11:00:00 AM,13,11,2
10/26/2017 10:00:00 AM,2,1,1
10/26/2017 09:00:00 AM,9,5,4
10/26/2017 08:00:00 AM,7,5,2
10/26/2017 07:00:00 AM,3,1,2
10/26/2017 06:00:00 AM,6,2,4
10/26/2017 05:00:00 AM,0,0,0
10/26/2017 04:00:00 AM,0,0,0
10/26/2017 03:00:00 AM,0,0,0
10/26/2017 02:00:00 AM,0,0,0
10/26/2017 01:00:00 AM,1,0,1
10/26/2017 12:00:00 AM,1,0,1
10/25/2017 11:00:00 PM,3,2,1
10/25/2017 10:00:00 PM,4,2,2
10/25/2017 09:00:00 PM,6,3,3
10/25/2017 08:00:00 PM,7,2,5
10/25/2017 07:00:00 PM,7,4,3
10/25/2017 06:00:00 PM,19,8,11
10/25/2017 05:00:00 PM,15,8,7
10/25/2017 04:00:00 PM,9,5,4
10/25/2017 03:00:00 PM,11,5,6
10/25/2017 02:00:00 PM,4,3,1
10/25/2017 01:00:00 PM,10,8,2
10/25/2017 12:00:00 PM,9,9,0
10/25/2017 11:00:00 AM,19,12,7
10/25/2017 10:00:00 AM,7,6,1
10/25/2017 09:00:00 AM,4,2,2
10/25/2017 08:00:00 AM,8,4,4
10/25/2017 07:00:00 AM,6,2,4
10/25/2017 06:00:00 AM,1,1,0
10/25/2017 05:00:00 AM,0,0,0
10/25/2017 04:00:00 AM,0,0,0
10/25/2017 03:00:00 AM,0,0,0
10/25/2017 02:00:00 AM,0,0,0
10/25/2017 01:00:00 AM,0,0,0
10/25/2017 12:00:00 AM,0,0,0
10/24/2017 11:00:00 PM,3,2,1
10/24/2017 10:00:00 PM,0,0,0
10/24/2017 09:00:00 PM,4,2,2
10/24/2017 08:00:00 PM,6,2,4
10/24/2017 07:00:00 PM,12,6,6
10/24/2017 06:00:00 PM,14,7,7
10/24/2017 05:00:00 PM,22,12,10
10/24/2017 04:00:00 PM,7,4,3
10/24/2017 03:00:00 PM,10,5,5
10/24/2017 02:00:00 PM,13,7,6
10/24/2017 01:00:00 PM,9,4,5
10/24/2017 12:00:00 PM,13,5,8
10/24/2017 11:00:00 AM,5,3,2
10/24/2017 10:00:00 AM,9,8,1
10/24/2017 09:00:00 AM,8,4,4
10/24/2017 08:00:00 AM,13,7,6
10/24/2017 07:00:00 AM,11,6,5
10/24/2017 06:00:00 AM,2,1,1
10/24/2017 05:00:00 AM,0,0,0
10/24/2017 04:00:00 AM,0,0,0
10/24/2017 03:00:00 AM,0,0,0
10/24/2017 02:00:00 AM,1,1,0
10/24/2017 01:00:00 AM,0,0,0
10/24/2017 12:00:00 AM,1,1,0
10/23/2017 11:00:00 PM,0,0,0
10/23/2017 10:00:00 PM,2,0,2
10/23/2017 09:00:00 PM,1,1,0
10/23/2017 08:00:00 PM,6,2,4
10/23/2017 07:00:00 PM,4,2,2
10/23/2017 06:00:00 PM,15,9,6
10/23/2017 05:00:00 PM,20,8,12
10/23/2017 04:00:00 PM,27,12,15
10/23/2017 03:00:00 PM,19,9,10
10/23/2017 02:00:00 PM,9,4,5
10/23/2017 01:00:00 PM,18,9,9
10/23/2017 12:00:00 PM,7,4,3
10/23/2017 11:00:00 AM,5,3,2
10/23/2017 10:00:00 AM,6,2,4
10/23/2017 09:00:00 AM,15,10,5
10/23/2017 08:00:00 AM,11,6,5
10/23/2017 07:00:00 AM,8,3,5
10/23/2017 06:00:00 AM,6,2,4
10/23/2017 05:00:00 AM,0,0,0
10/23/2017 04:00:00 AM,0,0,0
10/23/2017 03:00:00 AM,0,0,0
10/23/2017 02:00:00 AM,0,0,0
10/23/2017 01:00:00 AM,0,0,0
10/23/2017 12:00:00 AM,1,0,1
10/22/2017 11:00:00 PM,1,1,0
10/22/2017 10:00:00 PM,0,0,0
10/22/2017 09:00:00 PM,3,0,3
10/22/2017 08:00:00 PM,1,0,1
10/22/2017 07:00:00 PM,5,4,1
10/22/2017 06:00:00 PM,5,1,4
10/22/2017 05:00:00 PM,11,4,7
10/22/2017 04:00:00 PM,11,2,9
10/22/2017 03:00:00 PM,10,7,3
10/22/2017 02:00:00 PM,7,3,4
10/22/2017 01:00:00 PM,17,10,7
10/22/2017 12:00:00 PM,17,7,10
10/22/2017 11:00:00 AM,17,7,10
10/22/2017 10:00:00 AM,9,5,4
10/22/2017 09:00:00 AM,3,2,1
10/22/2017 08:00:00 AM,2,1,1
10/22/2017 07:00:00 AM,0,0,0
10/22/2017 06:00:00 AM,0,0,0
10/22/2017 05:00:00 AM,0,0,0
10/22/2017 04:00:00 AM,0,0,0
10/22/2017 03:00:00 AM,0,0,0
10/22/2017 02:00:00 AM,2,1,1
10/22/2017 01:00:00 AM,0,0,0
10/22/2017 12:00:00 AM,0,0,0
10/21/2017 11:00:00 PM,0,0,0
10/21/2017 10:00:00 PM,0,0,0
10/21/2017 09:00:00 PM,1,0,1
10/21/2017 08:00:00 PM,4,2,2
10/21/2017 07:00:00 PM,4,4,0
10/21/2017 06:00:00 PM,4,4,0
10/21/2017 05:00:00 PM,2,1,1
10/21/2017 04:00:00 PM,4,3,1
10/21/2017 03:00:00 PM,2,2,0
10/21/2017 02:00:00 PM,6,3,3
10/21/2017 01:00:00 PM,14,10,4
10/21/2017 12:00:00 PM,11,6,5
10/21/2017 11:00:00 AM,2,0,2
10/21/2017 10:00:00 AM,11,10,1
10/21/2017 09:00:00 AM,13,5,8
10/21/2017 08:00:00 AM,3,2,1
10/21/2017 07:00:00 AM,0,0,0
10/21/2017 06:00:00 AM,1,1,0
10/21/2017 05:00:00 AM,0,0,0
10/21/2017 04:00:00 AM,0,0,0
10/21/2017 03:00:00 AM,2,1,1
10/21/2017 02:00:00 AM,0,0,0
10/21/2017 01:00:00 AM,3,1,2
10/21/2017 12:00:00 AM,1,0,1
10/20/2017 11:00:00 PM,0,0,0
10/20/2017 10:00:00 PM,3,2,1
10/20/2017 09:00:00 PM,6,3,3
10/20/2017 08:00:00 PM,7,2,5
10/20/2017 07:00:00 PM,6,4,2
10/20/2017 06:00:00 PM,8,3,5
10/20/2017 05:00:00 PM,12,5,7
10/20/2017 04:00:00 PM,14,12,2
10/20/2017 03:00:00 PM,6,3,3
10/20/2017 02:00:00 PM,3,2,1
10/20/2017 01:00:00 PM,8,6,2
10/20/2017 12:00:00 PM,15,11,4
10/20/2017 11:00:00 AM,8,7,1
10/20/2017 10:00:00 AM,12,8,4
10/20/2017 09:00:00 AM,8,6,2
10/20/2017 08:00:00 AM,9,4,5
10/20/2017 07:00:00 AM,5,2,3
10/20/2017 06:00:00 AM,4,4,0
10/20/2017 05:00:00 AM,0,0,0
10/20/2017 04:00:00 AM,0,0,0
10/20/2017 03:00:00 AM,0,0,0
10/20/2017 02:00:00 AM,0,0,0
10/20/2017 01:00:00 AM,1,0,1
10/20/2017 12:00:00 AM,2,2,0
10/19/2017 11:00:00 PM,1,1,0
10/19/2017 10:00:00 PM,2,2,0
10/19/2017 09:00:00 PM,3,2,1
10/19/2017 08:00:00 PM,4,2,2
10/19/2017 07:00:00 PM,7,4,3
10/19/2017 06:00:00 PM,6,2,4
10/19/2017 05:00:00 PM,9,8,1
10/19/2017 04:00:00 PM,3,3,0
10/19/2017 03:00:00 PM,7,5,2
10/19/2017 02:00:00 PM,10,6,4
10/19/2017 01:00:00 PM,6,5,1
10/19/2017 12:00:00 PM,2,1,1
10/19/2017 11:00:00 AM,3,3,0
10/19/2017 10:00:00 AM,9,8,1
10/19/2017 09:00:00 AM,3,3,0
10/19/2017 08:00:00 AM,7,4,3
10/19/2017 07:00:00 AM,2,1,1
10/19/2017 06:00:00 AM,2,1,1
10/19/2017 05:00:00 AM,1,1,0
10/19/2017 04:00:00 AM,0,0,0
10/19/2017 03:00:00 AM,0,0,0
10/19/2017 02:00:00 AM,0,0,0
10/19/2017 01:00:00 AM,0,0,0
10/19/2017 12:00:00 AM,0,0,0
10/18/2017 11:00:00 PM,0,0,0
10/18/2017 10:00:00 PM,1,1,0
10/18/2017 09:00:00 PM,5,3,2
10/18/2017 08:00:00 PM,2,2,0
10/18/2017 07:00:00 PM,10,8,2
10/18/2017 06:00:00 PM,7,5,2
10/18/2017 05:00:00 PM,6,3,3
10/18/2017 04:00:00 PM,3,1,2
10/18/2017 03:00:00 PM,6,3,3
10/18/2017 02:00:00 PM,5,3,2
10/18/2017 01:00:00 PM,6,3,3
10/18/2017 12:00:00 PM,4,2,2
10/18/2017 11:00:00 AM,4,3,1
10/18/2017 10:00:00 AM,9,7,2
10/18/2017 09:00:00 AM,10,4,6
10/18/2017 08:00:00 AM,7,2,5
10/18/2017 07:00:00 AM,5,1,4
10/18/2017 06:00:00 AM,2,2,0
10/18/2017 05:00:00 AM,0,0,0
10/18/2017 04:00:00 AM,1,1,0
10/18/2017 03:00:00 AM,0,0,0
10/18/2017 02:00:00 AM,0,0,0
10/18/2017 01:00:00 AM,1,0,1
10/18/2017 12:00:00 AM,0,0,0
10/17/2017 11:00:00 PM,1,1,0
10/17/2017 10:00:00 PM,1,1,0
10/17/2017 09:00:00 PM,3,1,2
10/17/2017 08:00:00 PM,2,0,2
10/17/2017 07:00:00 PM,9,2,7
10/17/2017 06:00:00 PM,15,9,6
10/17/2017 05:00:00 PM,11,6,5
10/17/2017 04:00:00 PM,11,7,4
10/17/2017 03:00:00 PM,7,4,3
10/17/2017 02:00:00 PM,9,4,5
10/17/2017 01:00:00 PM,11,6,5
10/17/2017 12:00:00 PM,8,7,1
10/17/2017 11:00:00 AM,7,5,2
10/17/2017 10:00:00 AM,5,3,2
10/17/2017 09:00:00 AM,8,2,6
10/17/2017 08:00:00 AM,4,3,1
10/17/2017 07:00:00 AM,4,1,3
10/17/2017 06:00:00 AM,0,0,0
10/17/2017 05:00:00 AM,2,1,1
10/17/2017 04:00:00 AM,0,0,0
10/17/2017 03:00:00 AM,0,0,0
10/17/2017 02:00:00 AM,2,2,0
10/17/2017 01:00:00 AM,0,0,0
10/17/2017 12:00:00 AM,0,0,0
10/16/2017 11:00:00 PM,1,0,1
10/16/2017 10:00:00 PM,2,1,1
10/16/2017 09:00:00 PM,1,0,1
10/16/2017 08:00:00 PM,0,0,0
10/16/2017 07:00:00 PM,6,2,4
10/16/2017 06:00:00 PM,12,7,5
10/16/2017 05:00:00 PM,15,7,8
10/16/2017 04:00:00 PM,8,5,3
10/16/2017 03:00:00 PM,11,5,6
10/16/2017 02:00:00 PM,6,5,1
10/16/2017 01:00:00 PM,13,9,4
10/16/2017 12:00:00 PM,6,2,4
10/16/2017 11:00:00 AM,3,2,1
10/16/2017 10:00:00 AM,11,5,6
10/16/2017 09:00:00 AM,5,3,2
10/16/2017 08:00:00 AM,15,6,9
10/16/2017 07:00:00 AM,7,3,4
10/16/2017 06:00:00 AM,3,2,1
10/16/2017 05:00:00 AM,1,0,1
10/16/2017 04:00:00 AM,0,0,0
10/16/2017 03:00:00 AM,0,0,0
10/16/2017 02:00:00 AM,0,0,0
10/16/2017 01:00:00 AM,0,0,0
10/16/2017 12:00:00 AM,1,0,1
10/15/2017 11:00:00 PM,1,0,1
10/15/2017 10:00:00 PM,0,0,0
10/15/2017 09:00:00 PM,4,2,2
10/15/2017 08:00:00 PM,6,2,4
10/15/2017 07:00:00 PM,5,3,2
10/15/2017 06:00:00 PM,5,2,3
10/15/2017 05:00:00 PM,13,5,8
10/15/2017 04:00:00 PM,16,8,8
10/15/2017 03:00:00 PM,28,16,12
10/15/2017 02:00:00 PM,22,14,8
10/15/2017 01:00:00 PM,19,10,9
10/15/2017 12:00:00 PM,12,11,1
10/15/2017 11:00:00 AM,17,7,10
10/15/2017 10:00:00 AM,7,7,0
10/15/2017 09:00:00 AM,6,3,3
10/15/2017 08:00:00 AM,8,5,3
10/15/2017 07:00:00 AM,2,1,1
10/15/2017 06:00:00 AM,0,0,0
10/15/2017 05:00:00 AM,0,0,0
10/15/2017 04:00:00 AM,0,0,0
10/15/2017 03:00:00 AM,0,0,0
10/15/2017 02:00:00 AM,0,0,0
10/15/2017 01:00:00 AM,1,1,0
10/15/2017 12:00:00 AM,0,0,0
10/14/2017 11:00:00 PM,1,1,0
10/14/2017 10:00:00 PM,3,2,1
10/14/2017 09:00:00 PM,1,0,1
10/14/2017 08:00:00 PM,3,1,2
10/14/2017 07:00:00 PM,6,4,2
10/14/2017 06:00:00 PM,11,4,7
10/14/2017 05:00:00 PM,6,3,3
10/14/2017 04:00:00 PM,14,8,6
10/14/2017 03:00:00 PM,8,3,5
10/14/2017 02:00:00 PM,12,5,7
10/14/2017 01:00:00 PM,15,13,2
10/14/2017 12:00:00 PM,18,7,11
10/14/2017 11:00:00 AM,16,6,10
10/14/2017 10:00:00 AM,8,6,2
10/14/2017 09:00:00 AM,11,10,1
10/14/2017 08:00:00 AM,2,0,2
10/14/2017 07:00:00 AM,3,2,1
10/14/2017 06:00:00 AM,1,1,0
10/14/2017 05:00:00 AM,0,0,0
10/14/2017 04:00:00 AM,0,0,0
10/14/2017 03:00:00 AM,0,0,0
10/14/2017 02:00:00 AM,4,3,1
10/14/2017 01:00:00 AM,0,0,0
10/14/2017 12:00:00 AM,0,0,0
10/13/2017 11:00:00 PM,2,1,1
10/13/2017 10:00:00 PM,2,0,2
10/13/2017 09:00:00 PM,1,0,1
10/13/2017 08:00:00 PM,4,3,1
10/13/2017 07:00:00 PM,8,2,6
10/13/2017 06:00:00 PM,14,7,7
10/13/2017 05:00:00 PM,16,12,4
10/13/2017 04:00:00 PM,14,10,4
10/13/2017 03:00:00 PM,9,8,1
10/13/2017 02:00:00 PM,11,7,4
10/13/2017 01:00:00 PM,3,1,2
10/13/2017 12:00:00 PM,6,3,3
10/13/2017 11:00:00 AM,11,6,5
10/13/2017 10:00:00 AM,6,3,3
10/13/2017 09:00:00 AM,11,4,7
10/13/2017 08:00:00 AM,6,4,2
10/13/2017 07:00:00 AM,4,1,3
10/13/2017 06:00:00 AM,2,1,1
10/13/2017 05:00:00 AM,1,0,1
10/13/2017 04:00:00 AM,0,0,0
10/13/2017 03:00:00 AM,0,0,0
10/13/2017 02:00:00 AM,0,0,0
10/13/2017 01:00:00 AM,0,0,0
10/13/2017 12:00:00 AM,0,0,0
10/12/2017 11:00:00 PM,4,3,1
10/12/2017 10:00:00 PM,1,1,0
10/12/2017 09:00:00 PM,4,1,3
10/12/2017 08:00:00 PM,9,5,4
10/12/2017 07:00:00 PM,8,2,6
10/12/2017 06:00:00 PM,18,11,7
10/12/2017 05:00:00 PM,10,8,2
10/12/2017 04:00:00 PM,12,3,9
10/12/2017 03:00:00 PM,6,4,2
10/12/2017 02:00:00 PM,4,2,2
10/12/2017 01:00:00 PM,3,2,1
10/12/2017 12:00:00 PM,4,1,3
10/12/2017 11:00:00 AM,6,4,2
10/12/2017 10:00:00 AM,6,6,0
10/12/2017 09:00:00 AM,3,1,2
10/12/2017 08:00:00 AM,8,4,4
10/12/2017 07:00:00 AM,8,2,6
10/12/2017 06:00:00 AM,4,1,3
10/12/2017 05:00:00 AM,0,0,0
10/12/2017 04:00:00 AM,0,0,0
10/12/2017 03:00:00 AM,0,0,0
10/12/2017 02:00:00 AM,0,0,0
10/12/2017 01:00:00 AM,1,1,0
10/12/2017 12:00:00 AM,1,0,1
10/11/2017 11:00:00 PM,0,0,0
10/11/2017 10:00:00 PM,2,2,0
10/11/2017 09:00:00 PM,1,1,0
10/11/2017 08:00:00 PM,6,5,1
10/11/2017 07:00:00 PM,10,5,5
10/11/2017 06:00:00 PM,13,8,5
10/11/2017 05:00:00 PM,18,14,4
10/11/2017 04:00:00 PM,7,5,2
10/11/2017 03:00:00 PM,9,5,4
10/11/2017 02:00:00 PM,10,8,2
10/11/2017 01:00:00 PM,9,8,1
10/11/2017 12:00:00 PM,6,4,2
10/11/2017 11:00:00 AM,8,5,3
10/11/2017 10:00:00 AM,9,8,1
10/11/2017 09:00:00 AM,17,8,9
10/11/2017 08:00:00 AM,7,4,3
10/11/2017 07:00:00 AM,4,1,3
10/11/2017 06:00:00 AM,4,2,2
10/11/2017 05:00:00 AM,0,0,0
10/11/2017 04:00:00 AM,0,0,0
10/11/2017 03:00:00 AM,0,0,0
10/11/2017 02:00:00 AM,0,0,0
10/11/2017 01:00:00 AM,0,0,0
10/11/2017 12:00:00 AM,0,0,0
10/10/2017 11:00:00 PM,0,0,0
10/10/2017 10:00:00 PM,2,2,0
10/10/2017 09:00:00 PM,5,3,2
10/10/2017 08:00:00 PM,8,3,5
10/10/2017 07:00:00 PM,6,2,4
10/10/2017 06:00:00 PM,16,10,6
10/10/2017 05:00:00 PM,21,13,8
10/10/2017 04:00:00 PM,6,4,2
10/10/2017 03:00:00 PM,6,3,3
10/10/2017 02:00:00 PM,7,5,2
10/10/2017 01:00:00 PM,10,3,7
10/10/2017 12:00:00 PM,8,6,2
10/10/2017 11:00:00 AM,5,3,2
10/10/2017 10:00:00 AM,11,9,2
10/10/2017 09:00:00 AM,10,3,7
10/10/2017 08:00:00 AM,10,5,5
10/10/2017 07:00:00 AM,13,8,5
10/10/2017 06:00:00 AM,1,1,0
10/10/2017 05:00:00 AM,1,0,1
10/10/2017 04:00:00 AM,0,0,0
10/10/2017 03:00:00 AM,0,0,0
10/10/2017 02:00:00 AM,0,0,0
10/10/2017 01:00:00 AM,1,1,0
10/10/2017 12:00:00 AM,0,0,0
10/09/2017 11:00:00 PM,1,1,0
10/09/2017 10:00:00 PM,4,2,2
10/09/2017 09:00:00 PM,4,2,2
10/09/2017 08:00:00 PM,9,4,5
10/09/2017 07:00:00 PM,5,2,3
10/09/2017 06:00:00 PM,10,5,5
10/09/2017 05:00:00 PM,20,13,7
10/09/2017 04:00:00 PM,8,6,2
10/09/2017 03:00:00 PM,11,7,4
10/09/2017 02:00:00 PM,4,3,1
10/09/2017 01:00:00 PM,12,5,7
10/09/2017 12:00:00 PM,15,8,7
10/09/2017 11:00:00 AM,12,9,3
10/09/2017 10:00:00 AM,6,3,3
10/09/2017 09:00:00 AM,8,6,2
10/09/2017 08:00:00 AM,13,6,7
10/09/2017 07:00:00 AM,8,6,2
10/09/2017 06:00:00 AM,1,0,1
10/09/2017 05:00:00 AM,0,0,0
10/09/2017 04:00:00 AM,0,0,0
10/09/2017 03:00:00 AM,0,0,0
10/09/2017 02:00:00 AM,0,0,0
10/09/2017 01:00:00 AM,0,0,0
10/09/2017 12:00:00 AM,0,0,0
10/08/2017 11:00:00 PM,1,1,0
10/08/2017 10:00:00 PM,1,0,1
10/08/2017 09:00:00 PM,2,0,2
10/08/2017 08:00:00 PM,1,0,1
10/08/2017 07:00:00 PM,3,0,3
10/08/2017 06:00:00 PM,10,3,7
10/08/2017 05:00:00 PM,5,3,2
10/08/2017 04:00:00 PM,13,9,4
10/08/2017 03:00:00 PM,8,4,4
10/08/2017 02:00:00 PM,12,6,6
10/08/2017 01:00:00 PM,12,8,4
10/08/2017 12:00:00 PM,19,16,3
10/08/2017 11:00:00 AM,14,9,5
10/08/2017 10:00:00 AM,13,9,4
10/08/2017 09:00:00 AM,7,4,3
10/08/2017 08:00:00 AM,1,1,0
10/08/2017 07:00:00 AM,0,0,0
10/08/2017 06:00:00 AM,0,0,0
10/08/2017 05:00:00 AM,1,0,1
10/08/2017 04:00:00 AM,2,1,1
10/08/2017 03:00:00 AM,1,0,1
10/08/2017 02:00:00 AM,1,1,0
10/08/2017 01:00:00 AM,2,0,2
10/08/2017 12:00:00 AM,0,0,0
10/07/2017 11:00:00 PM,3,2,1
10/07/2017 10:00:00 PM,1,0,1
10/07/2017 09:00:00 PM,4,2,2
10/07/2017 08:00:00 PM,2,0,2
10/07/2017 07:00:00 PM,7,6,1
10/07/2017 06:00:00 PM,10,7,3
10/07/2017 05:00:00 PM,10,5,5
10/07/2017 04:00:00 PM,13,7,6
10/07/2017 03:00:00 PM,9,5,4
10/07/2017 02:00:00 PM,7,6,1
10/07/2017 01:00:00 PM,7,6,1
10/07/2017 12:00:00 PM,14,9,5
10/07/2017 11:00:00 AM,10,3,7
10/07/2017 10:00:00 AM,14,10,4
10/07/2017 09:00:00 AM,11,5,6
10/07/2017 08:00:00 AM,3,2,1
10/07/2017 07:00:00 AM,0,0,0
10/07/2017 06:00:00 AM,1,1,0
10/07/2017 05:00:00 AM,0,0,0
10/07/2017 04:00:00 AM,0,0,0
10/07/2017 03:00:00 AM,0,0,0
10/07/2017 02:00:00 AM,0,0,0
10/07/2017 01:00:00 AM,1,1,0
10/07/2017 12:00:00 AM,0,0,0
10/06/2017 11:00:00 PM,1,1,0
10/06/2017 10:00:00 PM,3,1,2
10/06/2017 09:00:00 PM,4,2,2
10/06/2017 08:00:00 PM,5,1,4
10/06/2017 07:00:00 PM,4,3,1
10/06/2017 06:00:00 PM,17,8,9
10/06/2017 05:00:00 PM,14,5,9
10/06/2017 04:00:00 PM,17,7,10
10/06/2017 03:00:00 PM,10,6,4
10/06/2017 02:00:00 PM,11,7,4
10/06/2017 01:00:00 PM,5,1,4
10/06/2017 12:00:00 PM,13,10,3
10/06/2017 11:00:00 AM,10,6,4
10/06/2017 10:00:00 AM,7,3,4
10/06/2017 09:00:00 AM,8,7,1
10/06/2017 08:00:00 AM,9,3,6
10/06/2017 07:00:00 AM,6,3,3
10/06/2017 06:00:00 AM,4,1,3
10/06/2017 05:00:00 AM,0,0,0
10/06/2017 04:00:00 AM,0,0,0
10/06/2017 03:00:00 AM,0,0,0
10/06/2017 02:00:00 AM,0,0,0
10/06/2017 01:00:00 AM,2,1,1
10/06/2017 12:00:00 AM,0,0,0
10/05/2017 11:00:00 PM,0,0,0
10/05/2017 10:00:00 PM,2,1,1
10/05/2017 09:00:00 PM,1,1,0
10/05/2017 08:00:00 PM,5,1,4
10/05/2017 07:00:00 PM,12,4,8
10/05/2017 06:00:00 PM,18,9,9
10/05/2017 05:00:00 PM,16,11,5
10/05/2017 04:00:00 PM,12,9,3
10/05/2017 03:00:00 PM,15,9,6
10/05/2017 02:00:00 PM,11,4,7
10/05/2017 01:00:00 PM,3,3,0
10/05/2017 12:00:00 PM,11,9,2
10/05/2017 11:00:00 AM,11,6,5
10/05/2017 10:00:00 AM,6,3,3
10/05/2017 09:00:00 AM,5,4,1
10/05/2017 08:00:00 AM,9,4,5
10/05/2017 07:00:00 AM,11,4,7
10/05/2017 06:00:00 AM,3,1,2
10/05/2017 05:00:00 AM,1,0,1
10/05/2017 04:00:00 AM,0,0,0
10/05/2017 03:00:00 AM,0,0,0
10/05/2017 02:00:00 AM,0,0,0
10/05/2017 01:00:00 AM,1,0,1
10/05/2017 12:00:00 AM,0,0,0
10/04/2017 11:00:00 PM,0,0,0
10/04/2017 10:00:00 PM,4,1,3
10/04/2017 09:00:00 PM,4,2,2
10/04/2017 08:00:00 PM,8,5,3
10/04/2017 07:00:00 PM,17,4,13
10/04/2017 06:00:00 PM,25,16,9
10/04/2017 05:00:00 PM,19,15,4
10/04/2017 04:00:00 PM,15,10,5
10/04/2017 03:00:00 PM,9,3,6
10/04/2017 02:00:00 PM,7,6,1
10/04/2017 01:00:00 PM,8,5,3
10/04/2017 12:00:00 PM,10,7,3
10/04/2017 11:00:00 AM,10,8,2
10/04/2017 10:00:00 AM,9,4,5
10/04/2017 09:00:00 AM,6,5,1
10/04/2017 08:00:00 AM,7,3,4
10/04/2017 07:00:00 AM,6,3,3
10/04/2017 06:00:00 AM,0,0,0
10/04/2017 05:00:00 AM,0,0,0
10/04/2017 04:00:00 AM,0,0,0
10/04/2017 03:00:00 AM,0,0,0
10/04/2017 02:00:00 AM,0,0,0
10/04/2017 01:00:00 AM,0,0,0
10/04/2017 12:00:00 AM,0,0,0
10/03/2017 11:00:00 PM,0,0,0
10/03/2017 10:00:00 PM,0,0,0
10/03/2017 09:00:00 PM,0,0,0
10/03/2017 08:00:00 PM,0,0,0
10/03/2017 07:00:00 PM,4,2,2
10/03/2017 06:00:00 PM,25,18,7
10/03/2017 05:00:00 PM,23,12,11
10/03/2017 04:00:00 PM,15,9,6
10/03/2017 03:00:00 PM,14,8,6
10/03/2017 02:00:00 PM,8,8,0
10/03/2017 01:00:00 PM,10,8,2
10/03/2017 12:00:00 PM,10,5,5
10/03/2017 11:00:00 AM,7,5,2
10/03/2017 10:00:00 AM,4,2,2
10/03/2017 09:00:00 AM,6,3,3
10/03/2017 08:00:00 AM,15,3,12
10/03/2017 07:00:00 AM,14,6,8
10/03/2017 06:00:00 AM,3,1,2
10/03/2017 05:00:00 AM,0,0,0
10/03/2017 04:00:00 AM,0,0,0
10/03/2017 03:00:00 AM,0,0,0
10/03/2017 02:00:00 AM,0,0,0
10/03/2017 01:00:00 AM,0,0,0
10/03/2017 12:00:00 AM,0,0,0
10/02/2017 11:00:00 PM,2,0,2
10/02/2017 10:00:00 PM,3,2,1
10/02/2017 09:00:00 PM,7,4,3
10/02/2017 08:00:00 PM,5,2,3
10/02/2017 07:00:00 PM,13,9,4
10/02/2017 06:00:00 PM,20,10,10
10/02/2017 05:00:00 PM,18,13,5
10/02/2017 04:00:00 PM,13,10,3
10/02/2017 03:00:00 PM,9,6,3
10/02/2017 02:00:00 PM,9,8,1
10/02/2017 01:00:00 PM,5,4,1
10/02/2017 12:00:00 PM,8,6,2
10/02/2017 11:00:00 AM,6,5,1
10/02/2017 10:00:00 AM,5,2,3
10/02/2017 09:00:00 AM,8,7,1
10/02/2017 08:00:00 AM,10,4,6
10/02/2017 07:00:00 AM,9,6,3
10/02/2017 06:00:00 AM,3,3,0
10/02/2017 05:00:00 AM,2,0,2
10/02/2017 04:00:00 AM,0,0,0
10/02/2017 03:00:00 AM,0,0,0
10/02/2017 02:00:00 AM,0,0,0
10/02/2017 01:00:00 AM,0,0,0
10/02/2017 12:00:00 AM,0,0,0
10/01/2017 11:00:00 PM,1,0,1
10/01/2017 10:00:00 PM,3,1,2
10/01/2017 09:00:00 PM,1,1,0
10/01/2017 08:00:00 PM,7,4,3
10/01/2017 07:00:00 PM,3,2,1
10/01/2017 06:00:00 PM,9,7,2
10/01/2017 05:00:00 PM,24,15,9
10/01/2017 04:00:00 PM,18,8,10
10/01/2017 03:00:00 PM,15,10,5
10/01/2017 02:00:00 PM,15,9,6
10/01/2017 01:00:00 PM,18,9,9
10/01/2017 12:00:00 PM,21,12,9
10/01/2017 11:00:00 AM,15,9,6
10/01/2017 10:00:00 AM,6,4,2
10/01/2017 09:00:00 AM,7,7,0
10/01/2017 08:00:00 AM,3,2,1
10/01/2017 07:00:00 AM,2,2,0
10/01/2017 06:00:00 AM,1,1,0
10/01/2017 05:00:00 AM,0,0,0
10/01/2017 04:00:00 AM,1,1,0
10/01/2017 03:00:00 AM,1,1,0
10/01/2017 02:00:00 AM,3,1,2
10/01/2017 01:00:00 AM,0,0,0
10/01/2017 12:00:00 AM,2,0,2
09/30/2017 11:00:00 PM,1,1,0
09/30/2017 10:00:00 PM,3,1,2
09/30/2017 09:00:00 PM,2,1,1
09/30/2017 08:00:00 PM,6,4,2
09/30/2017 07:00:00 PM,5,3,2
09/30/2017 06:00:00 PM,14,11,3
09/30/2017 05:00:00 PM,8,5,3
09/30/2017 04:00:00 PM,11,6,5
09/30/2017 03:00:00 PM,11,9,2
09/30/2017 02:00:00 PM,11,8,3
09/30/2017 01:00:00 PM,12,8,4
09/30/2017 12:00:00 PM,10,9,1
09/30/2017 11:00:00 AM,18,7,11
09/30/2017 10:00:00 AM,12,11,1
09/30/2017 09:00:00 AM,13,7,6
09/30/2017 08:00:00 AM,5,3,2
09/30/2017 07:00:00 AM,2,1,1
09/30/2017 06:00:00 AM,0,0,0
09/30/2017 05:00:00 AM,0,0,0
09/30/2017 04:00:00 AM,1,0,1
09/30/2017 03:00:00 AM,0,0,0
09/30/2017 02:00:00 AM,2,1,1
09/30/2017 01:00:00 AM,0,0,0
09/30/2017 12:00:00 AM,1,0,1
09/29/2017 11:00:00 PM,2,1,1
09/29/2017 10:00:00 PM,1,0,1
09/29/2017 09:00:00 PM,9,5,4
09/29/2017 08:00:00 PM,10,8,2
09/29/2017 07:00:00 PM,9,4,5
09/29/2017 06:00:00 PM,11,8,3
09/29/2017 05:00:00 PM,14,10,4
09/29/2017 04:00:00 PM,14,9,5
09/29/2017 03:00:00 PM,7,6,1
09/29/2017 02:00:00 PM,9,6,3
09/29/2017 01:00:00 PM,7,4,3
09/29/2017 12:00:00 PM,3,2,1
09/29/2017 11:00:00 AM,8,4,4
09/29/2017 10:00:00 AM,9,5,4
09/29/2017 09:00:00 AM,3,3,0
09/29/2017 08:00:00 AM,5,2,3
09/29/2017 07:00:00 AM,6,2,4
09/29/2017 06:00:00 AM,1,0,1
09/29/2017 05:00:00 AM,2,1,1
09/29/2017 04:00:00 AM,2,2,0
09/29/2017 03:00:00 AM,0,0,0
09/29/2017 02:00:00 AM,1,0,1
09/29/2017 01:00:00 AM,0,0,0
09/29/2017 12:00:00 AM,1,1,0
09/28/2017 11:00:00 PM,1,0,1
09/28/2017 10:00:00 PM,7,5,2
09/28/2017 09:00:00 PM,8,3,5
09/28/2017 08:00:00 PM,10,4,6
09/28/2017 07:00:00 PM,19,7,12
09/28/2017 06:00:00 PM,33,25,8
09/28/2017 05:00:00 PM,26,16,10
09/28/2017 04:00:00 PM,15,6,9
09/28/2017 03:00:00 PM,8,3,5
09/28/2017 02:00:00 PM,14,6,8
09/28/2017 01:00:00 PM,13,10,3
09/28/2017 12:00:00 PM,7,4,3
09/28/2017 11:00:00 AM,10,10,0
09/28/2017 10:00:00 AM,14,4,10
09/28/2017 09:00:00 AM,11,8,3
09/28/2017 08:00:00 AM,9,3,6
09/28/2017 07:00:00 AM,6,3,3
09/28/2017 06:00:00 AM,2,0,2
09/28/2017 05:00:00 AM,0,0,0
09/28/2017 04:00:00 AM,0,0,0
09/28/2017 03:00:00 AM,1,1,0
09/28/2017 02:00:00 AM,1,1,0
09/28/2017 01:00:00 AM,0,0,0
09/28/2017 12:00:00 AM,0,0,0
09/27/2017 11:00:00 PM,3,2,1
09/27/2017 10:00:00 PM,5,1,4
09/27/2017 09:00:00 PM,2,1,1
09/27/2017 08:00:00 PM,6,2,4
09/27/2017 07:00:00 PM,12,6,6
09/27/2017 06:00:00 PM,26,15,11
09/27/2017 05:00:00 PM,21,13,8
09/27/2017 04:00:00 PM,12,7,5
09/27/2017 03:00:00 PM,13,5,8
09/27/2017 02:00:00 PM,7,5,2
09/27/2017 01:00:00 PM,8,0,8
09/27/2017 12:00:00 PM,12,6,6
09/27/2017 11:00:00 AM,9,8,1
09/27/2017 10:00:00 AM,7,4,3
09/27/2017 09:00:00 AM,12,8,4
09/27/2017 08:00:00 AM,15,7,8
09/27/2017 07:00:00 AM,10,4,6
09/27/2017 06:00:00 AM,4,2,2
09/27/2017 05:00:00 AM,1,1,0
09/27/2017 04:00:00 AM,0,0,0
09/27/2017 03:00:00 AM,1,1,0
09/27/2017 02:00:00 AM,0,0,0
09/27/2017 01:00:00 AM,0,0,0
09/27/2017 12:00:00 AM,1,1,0
09/26/2017 11:00:00 PM,2,2,0
09/26/2017 10:00:00 PM,3,2,1
09/26/2017 09:00:00 PM,6,2,4
09/26/2017 08:00:00 PM,6,3,3
09/26/2017 07:00:00 PM,13,8,5
09/26/2017 06:00:00 PM,20,11,9
09/26/2017 05:00:00 PM,18,10,8
09/26/2017 04:00:00 PM,9,3,6
09/26/2017 03:00:00 PM,14,9,5
09/26/2017 02:00:00 PM,8,3,5
09/26/2017 01:00:00 PM,11,5,6
09/26/2017 12:00:00 PM,13,10,3
09/26/2017 11:00:00 AM,5,2,3
09/26/2017 10:00:00 AM,10,7,3
09/26/2017 09:00:00 AM,9,6,3
09/26/2017 08:00:00 AM,17,9,8
09/26/2017 07:00:00 AM,9,4,5
09/26/2017 06:00:00 AM,1,0,1
09/26/2017 05:00:00 AM,0,0,0
09/26/2017 04:00:00 AM,0,0,0
09/26/2017 03:00:00 AM,0,0,0
09/26/2017 02:00:00 AM,0,0,0
09/26/2017 01:00:00 AM,0,0,0
09/26/2017 12:00:00 AM,1,0,1
09/25/2017 11:00:00 PM,0,0,0
09/25/2017 10:00:00 PM,2,0,2
09/25/2017 09:00:00 PM,1,1,0
09/25/2017 08:00:00 PM,3,2,1
09/25/2017 07:00:00 PM,7,2,5
09/25/2017 06:00:00 PM,13,6,7
09/25/2017 05:00:00 PM,15,7,8
09/25/2017 04:00:00 PM,18,8,10
09/25/2017 03:00:00 PM,10,8,2
09/25/2017 02:00:00 PM,12,8,4
09/25/2017 01:00:00 PM,13,10,3
09/25/2017 12:00:00 PM,5,2,3
09/25/2017 11:00:00 AM,5,1,4
09/25/2017 10:00:00 AM,8,4,4
09/25/2017 09:00:00 AM,9,7,2
09/25/2017 08:00:00 AM,10,5,5
09/25/2017 07:00:00 AM,4,2,2
09/25/2017 06:00:00 AM,0,0,0
09/25/2017 05:00:00 AM,0,0,0
09/25/2017 04:00:00 AM,0,0,0
09/25/2017 03:00:00 AM,0,0,0
09/25/2017 02:00:00 AM,0,0,0
09/25/2017 01:00:00 AM,0,0,0
09/25/2017 12:00:00 AM,0,0,0
09/24/2017 11:00:00 PM,0,0,0
09/24/2017 10:00:00 PM,0,0,0
09/24/2017 09:00:00 PM,0,0,0
09/24/2017 08:00:00 PM,0,0,0
09/24/2017 07:00:00 PM,0,0,0
09/24/2017 06:00:00 PM,0,0,0
09/24/2017 05:00:00 PM,0,0,0
09/24/2017 04:00:00 PM,0,0,0
09/24/2017 03:00:00 PM,0,0,0
09/24/2017 02:00:00 PM,0,0,0
09/24/2017 01:00:00 PM,0,0,0
09/24/2017 12:00:00 PM,0,0,0
09/24/2017 11:00:00 AM,6,4,2
09/24/2017 10:00:00 AM,10,8,2
09/24/2017 09:00:00 AM,13,7,6
09/24/2017 08:00:00 AM,7,4,3
09/24/2017 07:00:00 AM,4,3,1
09/24/2017 06:00:00 AM,0,0,0
09/24/2017 05:00:00 AM,2,0,2
09/24/2017 04:00:00 AM,0,0,0
09/24/2017 03:00:00 AM,0,0,0
09/24/2017 02:00:00 AM,1,1,0
09/24/2017 01:00:00 AM,2,2,0
09/24/2017 12:00:00 AM,1,0,1
09/23/2017 11:00:00 PM,2,2,0
09/23/2017 10:00:00 PM,0,0,0
09/23/2017 09:00:00 PM,3,1,2
09/23/2017 08:00:00 PM,7,3,4
09/23/2017 07:00:00 PM,3,1,2
09/23/2017 06:00:00 PM,12,9,3
09/23/2017 05:00:00 PM,20,12,8
09/23/2017 04:00:00 PM,12,6,6
09/23/2017 03:00:00 PM,12,4,8
09/23/2017 02:00:00 PM,8,6,2
09/23/2017 01:00:00 PM,17,10,7
09/23/2017 12:00:00 PM,18,11,7
09/23/2017 11:00:00 AM,19,12,7
09/23/2017 10:00:00 AM,9,7,2
09/23/2017 09:00:00 AM,7,5,2
09/23/2017 08:00:00 AM,9,3,6
09/23/2017 07:00:00 AM,2,2,0
09/23/2017 06:00:00 AM,1,0,1
09/23/2017 05:00:00 AM,0,0,0
09/23/2017 04:00:00 AM,1,0,1
09/23/2017 03:00:00 AM,0,0,0
09/23/2017 02:00:00 AM,1,0,1
09/23/2017 01:00:00 AM,5,3,2
09/23/2017 12:00:00 AM,1,1,0
09/22/2017 11:00:00 PM,1,0,1
09/22/2017 10:00:00 PM,1,0,1
09/22/2017 09:00:00 PM,3,1,2
09/22/2017 08:00:00 PM,4,1,3
09/22/2017 07:00:00 PM,8,5,3
09/22/2017 06:00:00 PM,14,12,2
09/22/2017 05:00:00 PM,20,13,7
09/22/2017 04:00:00 PM,8,4,4
09/22/2017 03:00:00 PM,11,3,8
09/22/2017 02:00:00 PM,17,11,6
09/22/2017 01:00:00 PM,17,12,5
09/22/2017 12:00:00 PM,12,7,5
09/22/2017 11:00:00 AM,14,8,6
09/22/2017 10:00:00 AM,12,7,5
09/22/2017 09:00:00 AM,8,5,3
09/22/2017 08:00:00 AM,11,5,6
09/22/2017 07:00:00 AM,6,2,4
09/22/2017 06:00:00 AM,3,2,1
09/22/2017 05:00:00 AM,1,0,1
09/22/2017 04:00:00 AM,1,1,0
09/22/2017 03:00:00 AM,1,0,1
09/22/2017 02:00:00 AM,0,0,0
09/22/2017 01:00:00 AM,0,0,0
09/22/2017 12:00:00 AM,3,1,2
09/21/2017 11:00:00 PM,3,2,1
09/21/2017 10:00:00 PM,1,1,0
09/21/2017 09:00:00 PM,2,1,1
09/21/2017 08:00:00 PM,8,5,3
09/21/2017 07:00:00 PM,10,3,7
09/21/2017 06:00:00 PM,15,9,6
09/21/2017 05:00:00 PM,23,10,13
09/21/2017 04:00:00 PM,8,5,3
09/21/2017 03:00:00 PM,12,6,6
09/21/2017 02:00:00 PM,6,1,5
09/21/2017 01:00:00 PM,2,0,2
09/21/2017 12:00:00 PM,4,1,3
09/21/2017 11:00:00 AM,8,4,4
09/21/2017 10:00:00 AM,3,1,2
09/21/2017 09:00:00 AM,10,5,5
09/21/2017 08:00:00 AM,8,4,4
09/21/2017 07:00:00 AM,8,1,7
09/21/2017 06:00:00 AM,6,1,5
09/21/2017 05:00:00 AM,1,1,0
09/21/2017 04:00:00 AM,0,0,0
09/21/2017 03:00:00 AM,0,0,0
09/21/2017 02:00:00 AM,0,0,0
09/21/2017 01:00:00 AM,0,0,0
09/21/2017 12:00:00 AM,1,1,0
09/20/2017 11:00:00 PM,1,0,1
09/20/2017 10:00:00 PM,0,0,0
09/20/2017 09:00:00 PM,1,0,1
09/20/2017 08:00:00 PM,12,4,8
09/20/2017 07:00:00 PM,20,6,14
09/20/2017 06:00:00 PM,29,10,19
09/20/2017 05:00:00 PM,19,12,7
09/20/2017 04:00:00 PM,14,9,5
09/20/2017 03:00:00 PM,10,5,5
09/20/2017 02:00:00 PM,5,2,3
09/20/2017 01:00:00 PM,9,1,8
09/20/2017 12:00:00 PM,9,1,8
09/20/2017 11:00:00 AM,6,1,5
09/20/2017 10:00:00 AM,8,3,5
09/20/2017 09:00:00 AM,3,0,3
09/20/2017 08:00:00 AM,9,0,9
09/20/2017 07:00:00 AM,7,2,5
09/20/2017 06:00:00 AM,2,0,2
09/20/2017 05:00:00 AM,0,0,0
09/20/2017 04:00:00 AM,0,0,0
09/20/2017 03:00:00 AM,0,0,0
09/20/2017 02:00:00 AM,2,0,2
09/20/2017 01:00:00 AM,0,0,0
09/20/2017 12:00:00 AM,0,0,0
09/19/2017 11:00:00 PM,0,0,0
09/19/2017 10:00:00 PM,1,0,1
09/19/2017 09:00:00 PM,2,0,2
09/19/2017 08:00:00 PM,7,0,7
09/19/2017 07:00:00 PM,13,2,11
09/19/2017 06:00:00 PM,9,2,7
09/19/2017 05:00:00 PM,3,1,2
09/19/2017 04:00:00 PM,2,1,1
09/19/2017 03:00:00 PM,8,4,4
09/19/2017 02:00:00 PM,6,3,3
09/19/2017 01:00:00 PM,3,1,2
09/19/2017 12:00:00 PM,5,4,1
09/19/2017 11:00:00 AM,3,2,1
09/19/2017 10:00:00 AM,4,3,1
09/19/2017 09:00:00 AM,6,3,3
09/19/2017 08:00:00 AM,7,0,7
09/19/2017 07:00:00 AM,1,0,1
09/19/2017 06:00:00 AM,2,0,2
09/19/2017 05:00:00 AM,0,0,0
09/19/2017 04:00:00 AM,0,0,0
09/19/2017 03:00:00 AM,0,0,0
09/19/2017 02:00:00 AM,0,0,0
09/19/2017 01:00:00 AM,0,0,0
09/19/2017 12:00:00 AM,1,0,1
09/18/2017 11:00:00 PM,1,0,1
09/18/2017 10:00:00 PM,2,0,2
09/18/2017 09:00:00 PM,2,1,1
09/18/2017 08:00:00 PM,2,1,1
09/18/2017 07:00:00 PM,6,5,1
09/18/2017 06:00:00 PM,10,3,7
09/18/2017 05:00:00 PM,10,6,4
09/18/2017 04:00:00 PM,8,1,7
09/18/2017 03:00:00 PM,6,3,3
09/18/2017 02:00:00 PM,12,3,9
09/18/2017 01:00:00 PM,7,0,7
09/18/2017 12:00:00 PM,2,2,0
09/18/2017 11:00:00 AM,8,2,6
09/18/2017 10:00:00 AM,2,0,2
09/18/2017 09:00:00 AM,4,0,4
09/18/2017 08:00:00 AM,4,1,3
09/18/2017 07:00:00 AM,3,0,3
09/18/2017 06:00:00 AM,2,0,2
09/18/2017 05:00:00 AM,2,1,1
09/18/2017 04:00:00 AM,0,0,0
09/18/2017 03:00:00 AM,0,0,0
09/18/2017 02:00:00 AM,0,0,0
09/18/2017 01:00:00 AM,0,0,0
09/18/2017 12:00:00 AM,0,0,0
09/17/2017 11:00:00 PM,3,1,2
09/17/2017 10:00:00 PM,1,0,1
09/17/2017 09:00:00 PM,1,0,1
09/17/2017 08:00:00 PM,1,0,1
09/17/2017 07:00:00 PM,1,0,1
09/17/2017 06:00:00 PM,5,2,3
09/17/2017 05:00:00 PM,9,2,7
09/17/2017 04:00:00 PM,2,0,2
09/17/2017 03:00:00 PM,3,0,3
09/17/2017 02:00:00 PM,1,0,1
09/17/2017 01:00:00 PM,6,2,4
09/17/2017 12:00:00 PM,15,4,11
09/17/2017 11:00:00 AM,5,1,4
09/17/2017 10:00:00 AM,7,2,5
09/17/2017 09:00:00 AM,9,5,4
09/17/2017 08:00:00 AM,4,1,3
09/17/2017 07:00:00 AM,1,0,1
09/17/2017 06:00:00 AM,1,0,1
09/17/2017 05:00:00 AM,2,1,1
09/17/2017 04:00:00 AM,1,1,0
09/17/2017 03:00:00 AM,1,0,1
09/17/2017 02:00:00 AM,0,0,0
09/17/2017 01:00:00 AM,1,1,0
09/17/2017 12:00:00 AM,1,0,1
09/16/2017 11:00:00 PM,1,1,0
09/16/2017 10:00:00 PM,2,0,2
09/16/2017 09:00:00 PM,7,0,7
09/16/2017 08:00:00 PM,2,2,0
09/16/2017 07:00:00 PM,10,2,8
09/16/2017 06:00:00 PM,7,3,4
09/16/2017 05:00:00 PM,17,8,9
09/16/2017 04:00:00 PM,6,1,5
09/16/2017 03:00:00 PM,4,1,3
09/16/2017 02:00:00 PM,11,3,8
09/16/2017 01:00:00 PM,5,0,5
09/16/2017 12:00:00 PM,8,1,7
09/16/2017 11:00:00 AM,11,0,11
09/16/2017 10:00:00 AM,9,1,8
09/16/2017 09:00:00 AM,16,9,7
09/16/2017 08:00:00 AM,7,4,3
09/16/2017 07:00:00 AM,2,0,2
09/16/2017 06:00:00 AM,0,0,0
09/16/2017 05:00:00 AM,0,0,0
09/16/2017 04:00:00 AM,1,0,1
09/16/2017 03:00:00 AM,0,0,0
09/16/2017 02:00:00 AM,0,0,0
09/16/2017 01:00:00 AM,2,0,2
09/16/2017 12:00:00 AM,5,0,5
09/15/2017 11:00:00 PM,5,1,4
09/15/2017 10:00:00 PM,6,0,6
09/15/2017 09:00:00 PM,3,1,2
09/15/2017 08:00:00 PM,10,5,5
09/15/2017 07:00:00 PM,23,9,14
09/15/2017 06:00:00 PM,23,13,10
09/15/2017 05:00:00 PM,18,9,9
09/15/2017 04:00:00 PM,17,8,9
09/15/2017 03:00:00 PM,18,10,8
09/15/2017 02:00:00 PM,11,2,9
09/15/2017 01:00:00 PM,5,1,4
09/15/2017 12:00:00 PM,2,1,1
09/15/2017 11:00:00 AM,2,1,1
09/15/2017 10:00:00 AM,22,11,11
09/15/2017 09:00:00 AM,12,7,5
09/15/2017 08:00:00 AM,11,5,6
09/15/2017 07:00:00 AM,7,2,5
09/15/2017 06:00:00 AM,5,2,3
09/15/2017 05:00:00 AM,1,0,1
09/15/2017 04:00:00 AM,0,0,0
09/15/2017 03:00:00 AM,1,0,1
09/15/2017 02:00:00 AM,2,0,2
09/15/2017 01:00:00 AM,0,0,0
09/15/2017 12:00:00 AM,0,0,0
09/14/2017 11:00:00 PM,0,0,0
09/14/2017 10:00:00 PM,0,0,0
09/14/2017 09:00:00 PM,10,7,3
09/14/2017 08:00:00 PM,8,3,5
09/14/2017 07:00:00 PM,11,5,6
09/14/2017 06:00:00 PM,23,15,8
09/14/2017 05:00:00 PM,17,9,8
09/14/2017 04:00:00 PM,20,9,11
09/14/2017 03:00:00 PM,13,7,6
09/14/2017 02:00:00 PM,13,2,11
09/14/2017 01:00:00 PM,7,3,4
09/14/2017 12:00:00 PM,9,6,3
09/14/2017 11:00:00 AM,7,5,2
09/14/2017 10:00:00 AM,9,6,3
09/14/2017 09:00:00 AM,7,5,2
09/14/2017 08:00:00 AM,8,1,7
09/14/2017 07:00:00 AM,5,1,4
09/14/2017 06:00:00 AM,5,0,5
09/14/2017 05:00:00 AM,2,0,2
09/14/2017 04:00:00 AM,0,0,0
09/14/2017 03:00:00 AM,0,0,0
09/14/2017 02:00:00 AM,0,0,0
09/14/2017 01:00:00 AM,1,1,0
09/14/2017 12:00:00 AM,2,2,0
09/13/2017 11:00:00 PM,0,0,0
09/13/2017 10:00:00 PM,2,1,1
09/13/2017 09:00:00 PM,0,0,0
09/13/2017 08:00:00 PM,4,2,2
09/13/2017 07:00:00 PM,11,3,8
09/13/2017 06:00:00 PM,26,13,13
09/13/2017 05:00:00 PM,21,14,7
09/13/2017 04:00:00 PM,9,4,5
09/13/2017 03:00:00 PM,11,6,5
09/13/2017 02:00:00 PM,6,4,2
09/13/2017 01:00:00 PM,10,6,4
09/13/2017 12:00:00 PM,6,2,4
09/13/2017 11:00:00 AM,11,8,3
09/13/2017 10:00:00 AM,8,4,4
09/13/2017 09:00:00 AM,16,5,11
09/13/2017 08:00:00 AM,24,7,17
09/13/2017 07:00:00 AM,9,2,7
09/13/2017 06:00:00 AM,1,0,1
09/13/2017 05:00:00 AM,0,0,0
09/13/2017 04:00:00 AM,1,0,1
09/13/2017 03:00:00 AM,0,0,0
09/13/2017 02:00:00 AM,0,0,0
09/13/2017 01:00:00 AM,0,0,0
09/13/2017 12:00:00 AM,0,0,0
09/12/2017 11:00:00 PM,3,1,2
09/12/2017 10:00:00 PM,3,0,3
09/12/2017 09:00:00 PM,5,2,3
09/12/2017 08:00:00 PM,10,5,5
09/12/2017 07:00:00 PM,16,12,4
09/12/2017 06:00:00 PM,27,12,15
09/12/2017 05:00:00 PM,25,16,9
09/12/2017 04:00:00 PM,19,11,8
09/12/2017 03:00:00 PM,23,14,9
09/12/2017 02:00:00 PM,9,7,2
09/12/2017 01:00:00 PM,9,5,4
09/12/2017 12:00:00 PM,15,9,6
09/12/2017 11:00:00 AM,16,8,8
09/12/2017 10:00:00 AM,5,2,3
09/12/2017 09:00:00 AM,9,4,5
09/12/2017 08:00:00 AM,17,11,6
09/12/2017 07:00:00 AM,15,4,11
09/12/2017 06:00:00 AM,2,0,2
09/12/2017 05:00:00 AM,1,0,1
09/12/2017 04:00:00 AM,1,0,1
09/12/2017 03:00:00 AM,1,1,0
09/12/2017 02:00:00 AM,1,1,0
09/12/2017 01:00:00 AM,0,0,0
09/12/2017 12:00:00 AM,0,0,0
09/11/2017 11:00:00 PM,0,0,0
09/11/2017 10:00:00 PM,4,2,2
09/11/2017 09:00:00 PM,3,1,2
09/11/2017 08:00:00 PM,13,3,10
09/11/2017 07:00:00 PM,12,9,3
09/11/2017 06:00:00 PM,17,13,4
09/11/2017 05:00:00 PM,9,2,7
09/11/2017 04:00:00 PM,13,7,6
09/11/2017 03:00:00 PM,21,12,9
09/11/2017 02:00:00 PM,11,4,7
09/11/2017 01:00:00 PM,9,4,5
09/11/2017 12:00:00 PM,12,5,7
09/11/2017 11:00:00 AM,7,2,5
09/11/2017 10:00:00 AM,6,0,6
09/11/2017 09:00:00 AM,4,1,3
09/11/2017 08:00:00 AM,16,5,11
09/11/2017 07:00:00 AM,11,5,6
09/11/2017 06:00:00 AM,3,2,1
09/11/2017 05:00:00 AM,0,0,0
09/11/2017 04:00:00 AM,0,0,0
09/11/2017 03:00:00 AM,0,0,0
09/11/2017 02:00:00 AM,0,0,0
09/11/2017 01:00:00 AM,1,1,0
09/11/2017 12:00:00 AM,0,0,0
09/10/2017 11:00:00 PM,3,1,2
09/10/2017 10:00:00 PM,0,0,0
09/10/2017 09:00:00 PM,0,0,0
09/10/2017 08:00:00 PM,10,5,5
09/10/2017 07:00:00 PM,11,5,6
09/10/2017 06:00:00 PM,14,5,9
09/10/2017 05:00:00 PM,14,11,3
09/10/2017 04:00:00 PM,7,4,3
09/10/2017 03:00:00 PM,17,4,13
09/10/2017 02:00:00 PM,11,3,8
09/10/2017 01:00:00 PM,9,3,6
09/10/2017 12:00:00 PM,10,5,5
09/10/2017 11:00:00 AM,4,0,4
09/10/2017 10:00:00 AM,8,1,7
09/10/2017 09:00:00 AM,6,4,2
09/10/2017 08:00:00 AM,2,2,0
09/10/2017 07:00:00 AM,1,1,0
09/10/2017 06:00:00 AM,0,0,0
09/10/2017 05:00:00 AM,0,0,0
09/10/2017 04:00:00 AM,0,0,0
09/10/2017 03:00:00 AM,0,0,0
09/10/2017 02:00:00 AM,0,0,0
09/10/2017 01:00:00 AM,0,0,0
09/10/2017 12:00:00 AM,4,1,3
09/09/2017 11:00:00 PM,5,1,4
09/09/2017 10:00:00 PM,2,1,1
09/09/2017 09:00:00 PM,3,1,2
09/09/2017 08:00:00 PM,7,0,7
09/09/2017 07:00:00 PM,6,0,6
09/09/2017 06:00:00 PM,3,1,2
09/09/2017 05:00:00 PM,4,2,2
09/09/2017 04:00:00 PM,18,4,14
09/09/2017 03:00:00 PM,9,2,7
09/09/2017 02:00:00 PM,11,5,6
09/09/2017 01:00:00 PM,10,3,7
09/09/2017 12:00:00 PM,16,8,8
09/09/2017 11:00:00 AM,20,9,11
09/09/2017 10:00:00 AM,7,5,2
09/09/2017 09:00:00 AM,8,5,3
09/09/2017 08:00:00 AM,4,3,1
09/09/2017 07:00:00 AM,2,0,2
09/09/2017 06:00:00 AM,1,0,1
09/09/2017 05:00:00 AM,0,0,0
09/09/2017 04:00:00 AM,0,0,0
09/09/2017 03:00:00 AM,0,0,0
09/09/2017 02:00:00 AM,1,0,1
09/09/2017 01:00:00 AM,0,0,0
09/09/2017 12:00:00 AM,0,0,0
09/08/2017 11:00:00 PM,2,0,2
09/08/2017 10:00:00 PM,4,2,2
09/08/2017 09:00:00 PM,3,1,2
09/08/2017 08:00:00 PM,11,6,5
09/08/2017 07:00:00 PM,15,6,9
09/08/2017 06:00:00 PM,18,11,7
09/08/2017 05:00:00 PM,23,12,11
09/08/2017 04:00:00 PM,10,4,6
09/08/2017 03:00:00 PM,12,2,10
09/08/2017 02:00:00 PM,9,7,2
09/08/2017 01:00:00 PM,12,8,4
09/08/2017 12:00:00 PM,12,8,4
09/08/2017 11:00:00 AM,10,3,7
09/08/2017 10:00:00 AM,8,3,5
09/08/2017 09:00:00 AM,13,9,4
09/08/2017 08:00:00 AM,9,2,7
09/08/2017 07:00:00 AM,10,4,6
09/08/2017 06:00:00 AM,5,4,1
09/08/2017 05:00:00 AM,0,0,0
09/08/2017 04:00:00 AM,1,0,1
09/08/2017 03:00:00 AM,0,0,0
09/08/2017 02:00:00 AM,0,0,0
09/08/2017 01:00:00 AM,0,0,0
09/08/2017 12:00:00 AM,0,0,0
09/07/2017 11:00:00 PM,1,0,1
09/07/2017 10:00:00 PM,3,1,2
09/07/2017 09:00:00 PM,3,3,0
09/07/2017 08:00:00 PM,8,5,3
09/07/2017 07:00:00 PM,13,8,5
09/07/2017 06:00:00 PM,16,10,6
09/07/2017 05:00:00 PM,12,5,7
09/07/2017 04:00:00 PM,10,5,5
09/07/2017 03:00:00 PM,9,6,3
09/07/2017 02:00:00 PM,7,4,3
09/07/2017 01:00:00 PM,13,7,6
09/07/2017 12:00:00 PM,4,3,1
09/07/2017 11:00:00 AM,7,2,5
09/07/2017 10:00:00 AM,4,3,1
09/07/2017 09:00:00 AM,8,2,6
09/07/2017 08:00:00 AM,4,0,4
09/07/2017 07:00:00 AM,3,1,2
09/07/2017 06:00:00 AM,2,0,2
09/07/2017 05:00:00 AM,0,0,0
09/07/2017 04:00:00 AM,0,0,0
09/07/2017 03:00:00 AM,0,0,0
09/07/2017 02:00:00 AM,0,0,0
09/07/2017 01:00:00 AM,2,1,1
09/07/2017 12:00:00 AM,1,1,0
09/06/2017 11:00:00 PM,1,0,1
09/06/2017 10:00:00 PM,0,0,0
09/06/2017 09:00:00 PM,3,1,2
09/06/2017 08:00:00 PM,8,4,4
09/06/2017 07:00:00 PM,11,6,5
09/06/2017 06:00:00 PM,20,11,9
09/06/2017 05:00:00 PM,19,6,13
09/06/2017 04:00:00 PM,7,4,3
09/06/2017 03:00:00 PM,9,5,4
09/06/2017 02:00:00 PM,11,4,7
09/06/2017 01:00:00 PM,12,9,3
09/06/2017 12:00:00 PM,4,3,1
09/06/2017 11:00:00 AM,8,5,3
09/06/2017 10:00:00 AM,10,3,7
09/06/2017 09:00:00 AM,6,1,5
09/06/2017 08:00:00 AM,15,9,6
09/06/2017 07:00:00 AM,8,1,7
09/06/2017 06:00:00 AM,5,5,0
09/06/2017 05:00:00 AM,1,0,1
09/06/2017 04:00:00 AM,1,1,0
09/06/2017 03:00:00 AM,0,0,0
09/06/2017 02:00:00 AM,0,0,0
09/06/2017 01:00:00 AM,0,0,0
09/06/2017 12:00:00 AM,2,2,0
09/05/2017 11:00:00 PM,0,0,0
09/05/2017 10:00:00 PM,2,0,2
09/05/2017 09:00:00 PM,8,3,5
09/05/2017 08:00:00 PM,8,4,4
09/05/2017 07:00:00 PM,17,13,4
09/05/2017 06:00:00 PM,16,9,7
09/05/2017 05:00:00 PM,18,14,4
09/05/2017 04:00:00 PM,10,3,7
09/05/2017 03:00:00 PM,5,2,3
09/05/2017 02:00:00 PM,9,3,6
09/05/2017 01:00:00 PM,8,4,4
09/05/2017 12:00:00 PM,9,3,6
09/05/2017 11:00:00 AM,9,5,4
09/05/2017 10:00:00 AM,7,3,4
09/05/2017 09:00:00 AM,3,0,3
09/05/2017 08:00:00 AM,3,1,2
09/05/2017 07:00:00 AM,10,3,7
09/05/2017 06:00:00 AM,2,0,2
09/05/2017 05:00:00 AM,0,0,0
09/05/2017 04:00:00 AM,1,1,0
09/05/2017 03:00:00 AM,0,0,0
09/05/2017 02:00:00 AM,0,0,0
09/05/2017 01:00:00 AM,0,0,0
09/05/2017 12:00:00 AM,0,0,0
09/04/2017 11:00:00 PM,1,0,1
09/04/2017 10:00:00 PM,2,1,1
09/04/2017 09:00:00 PM,5,3,2
09/04/2017 08:00:00 PM,5,1,4
09/04/2017 07:00:00 PM,10,2,8
09/04/2017 06:00:00 PM,10,2,8
09/04/2017 05:00:00 PM,19,10,9
09/04/2017 04:00:00 PM,17,7,10
09/04/2017 03:00:00 PM,24,11,13
09/04/2017 02:00:00 PM,2,0,2
09/04/2017 01:00:00 PM,8,3,5
09/04/2017 12:00:00 PM,11,2,9
09/04/2017 11:00:00 AM,11,5,6
09/04/2017 10:00:00 AM,14,7,7
09/04/2017 09:00:00 AM,8,6,2
09/04/2017 08:00:00 AM,4,2,2
09/04/2017 07:00:00 AM,6,4,2
09/04/2017 06:00:00 AM,3,2,1
09/04/2017 05:00:00 AM,0,0,0
09/04/2017 04:00:00 AM,0,0,0
09/04/2017 03:00:00 AM,0,0,0
09/04/2017 02:00:00 AM,1,1,0
09/04/2017 01:00:00 AM,1,0,1
09/04/2017 12:00:00 AM,1,1,0
09/03/2017 11:00:00 PM,4,4,0
09/03/2017 10:00:00 PM,3,2,1
09/03/2017 09:00:00 PM,5,0,5
09/03/2017 08:00:00 PM,9,1,8
09/03/2017 07:00:00 PM,13,7,6
09/03/2017 06:00:00 PM,10,5,5
09/03/2017 05:00:00 PM,14,8,6
09/03/2017 04:00:00 PM,11,3,8
09/03/2017 03:00:00 PM,8,4,4
09/03/2017 02:00:00 PM,18,8,10
09/03/2017 01:00:00 PM,22,11,11
09/03/2017 12:00:00 PM,22,7,15
09/03/2017 11:00:00 AM,20,6,14
09/03/2017 10:00:00 AM,4,1,3
09/03/2017 09:00:00 AM,5,0,5
09/03/2017 08:00:00 AM,2,0,2
09/03/2017 07:00:00 AM,2,2,0
09/03/2017 06:00:00 AM,1,0,1
09/03/2017 05:00:00 AM,0,0,0
09/03/2017 04:00:00 AM,0,0,0
09/03/2017 03:00:00 AM,2,0,2
09/03/2017 02:00:00 AM,0,0,0
09/03/2017 01:00:00 AM,1,0,1
09/03/2017 12:00:00 AM,3,1,2
09/02/2017 11:00:00 PM,5,2,3
09/02/2017 10:00:00 PM,1,0,1
09/02/2017 09:00:00 PM,4,2,2
09/02/2017 08:00:00 PM,9,0,9
09/02/2017 07:00:00 PM,9,4,5
09/02/2017 06:00:00 PM,21,13,8
09/02/2017 05:00:00 PM,12,6,6
09/02/2017 04:00:00 PM,23,13,10
09/02/2017 03:00:00 PM,14,7,7
09/02/2017 02:00:00 PM,13,6,7
09/02/2017 01:00:00 PM,19,14,5
09/02/2017 12:00:00 PM,16,4,12
09/02/2017 11:00:00 AM,17,9,8
09/02/2017 10:00:00 AM,15,8,7
09/02/2017 09:00:00 AM,11,6,5
09/02/2017 08:00:00 AM,2,1,1
09/02/2017 07:00:00 AM,1,0,1
09/02/2017 06:00:00 AM,2,1,1
09/02/2017 05:00:00 AM,1,0,1
09/02/2017 04:00:00 AM,1,0,1
09/02/2017 03:00:00 AM,1,0,1
09/02/2017 02:00:00 AM,0,0,0
09/02/2017 01:00:00 AM,1,0,1
09/02/2017 12:00:00 AM,0,0,0
09/01/2017 11:00:00 PM,4,1,3
09/01/2017 10:00:00 PM,2,1,1
09/01/2017 09:00:00 PM,7,4,3
09/01/2017 08:00:00 PM,7,2,5
09/01/2017 07:00:00 PM,25,14,11
09/01/2017 06:00:00 PM,19,8,11
09/01/2017 05:00:00 PM,13,8,5
09/01/2017 04:00:00 PM,12,5,7
09/01/2017 03:00:00 PM,12,4,8
09/01/2017 02:00:00 PM,11,6,5
09/01/2017 01:00:00 PM,15,14,1
09/01/2017 12:00:00 PM,7,2,5
09/01/2017 11:00:00 AM,6,2,4
09/01/2017 10:00:00 AM,13,3,10
09/01/2017 09:00:00 AM,14,7,7
09/01/2017 08:00:00 AM,8,5,3
09/01/2017 07:00:00 AM,7,2,5
09/01/2017 06:00:00 AM,0,0,0
09/01/2017 05:00:00 AM,0,0,0
09/01/2017 04:00:00 AM,1,1,0
09/01/2017 03:00:00 AM,0,0,0
09/01/2017 02:00:00 AM,2,0,2
09/01/2017 01:00:00 AM,0,0,0
09/01/2017 12:00:00 AM,0,0,0
08/31/2017 11:00:00 PM,4,2,2
08/31/2017 10:00:00 PM,6,3,3
08/31/2017 09:00:00 PM,10,1,9
08/31/2017 08:00:00 PM,9,5,4
08/31/2017 07:00:00 PM,6,2,4
08/31/2017 06:00:00 PM,14,10,4
08/31/2017 05:00:00 PM,16,7,9
08/31/2017 04:00:00 PM,15,9,6
08/31/2017 03:00:00 PM,11,8,3
08/31/2017 02:00:00 PM,14,6,8
08/31/2017 01:00:00 PM,4,3,1
08/31/2017 12:00:00 PM,10,5,5
08/31/2017 11:00:00 AM,0,0,0
08/31/2017 10:00:00 AM,7,3,4
08/31/2017 09:00:00 AM,12,5,7
08/31/2017 08:00:00 AM,5,3,2
08/31/2017 07:00:00 AM,7,3,4
08/31/2017 06:00:00 AM,6,0,6
08/31/2017 05:00:00 AM,0,0,0
08/31/2017 04:00:00 AM,0,0,0
08/31/2017 03:00:00 AM,1,1,0
08/31/2017 02:00:00 AM,0,0,0
08/31/2017 01:00:00 AM,0,0,0
08/31/2017 12:00:00 AM,0,0,0
08/30/2017 11:00:00 PM,4,1,3
08/30/2017 10:00:00 PM,2,0,2
08/30/2017 09:00:00 PM,5,2,3
08/30/2017 08:00:00 PM,15,7,8
08/30/2017 07:00:00 PM,18,12,6
08/30/2017 06:00:00 PM,24,14,10
08/30/2017 05:00:00 PM,15,6,9
08/30/2017 04:00:00 PM,9,3,6
08/30/2017 03:00:00 PM,2,1,1
08/30/2017 02:00:00 PM,9,6,3
08/30/2017 01:00:00 PM,9,3,6
08/30/2017 12:00:00 PM,13,9,4
08/30/2017 11:00:00 AM,10,6,4
08/30/2017 10:00:00 AM,13,8,5
08/30/2017 09:00:00 AM,10,6,4
08/30/2017 08:00:00 AM,7,3,4
08/30/2017 07:00:00 AM,8,4,4
08/30/2017 06:00:00 AM,3,1,2
08/30/2017 05:00:00 AM,0,0,0
08/30/2017 04:00:00 AM,0,0,0
08/30/2017 03:00:00 AM,0,0,0
08/30/2017 02:00:00 AM,0,0,0
08/30/2017 01:00:00 AM,1,0,1
08/30/2017 12:00:00 AM,0,0,0
08/29/2017 11:00:00 PM,3,0,3
08/29/2017 10:00:00 PM,5,4,1
08/29/2017 09:00:00 PM,8,3,5
08/29/2017 08:00:00 PM,18,7,11
08/29/2017 07:00:00 PM,20,9,11
08/29/2017 06:00:00 PM,34,24,10
08/29/2017 05:00:00 PM,21,12,9
08/29/2017 04:00:00 PM,17,6,11
08/29/2017 03:00:00 PM,10,4,6
08/29/2017 02:00:00 PM,9,7,2
08/29/2017 01:00:00 PM,12,6,6
08/29/2017 12:00:00 PM,7,3,4
08/29/2017 11:00:00 AM,11,6,5
08/29/2017 10:00:00 AM,7,4,3
08/29/2017 09:00:00 AM,10,4,6
08/29/2017 08:00:00 AM,14,6,8
08/29/2017 07:00:00 AM,6,2,4
08/29/2017 06:00:00 AM,3,0,3
08/29/2017 05:00:00 AM,2,1,1
08/29/2017 04:00:00 AM,0,0,0
08/29/2017 03:00:00 AM,0,0,0
08/29/2017 02:00:00 AM,0,0,0
08/29/2017 01:00:00 AM,0,0,0
08/29/2017 12:00:00 AM,4,2,2
08/28/2017 11:00:00 PM,2,1,1
08/28/2017 10:00:00 PM,1,0,1
08/28/2017 09:00:00 PM,4,4,0
08/28/2017 08:00:00 PM,9,3,6
08/28/2017 07:00:00 PM,11,8,3
08/28/2017 06:00:00 PM,27,15,12
08/28/2017 05:00:00 PM,14,4,10
08/28/2017 04:00:00 PM,14,7,7
08/28/2017 03:00:00 PM,10,6,4
08/28/2017 02:00:00 PM,13,7,6
08/28/2017 01:00:00 PM,6,5,1
08/28/2017 12:00:00 PM,11,8,3
08/28/2017 11:00:00 AM,13,11,2
08/28/2017 10:00:00 AM,8,3,5
08/28/2017 09:00:00 AM,10,7,3
08/28/2017 08:00:00 AM,12,7,5
08/28/2017 07:00:00 AM,18,6,12
08/28/2017 06:00:00 AM,3,3,0
08/28/2017 05:00:00 AM,0,0,0
08/28/2017 04:00:00 AM,0,0,0
08/28/2017 03:00:00 AM,0,0,0
08/28/2017 02:00:00 AM,0,0,0
08/28/2017 01:00:00 AM,0,0,0
08/28/2017 12:00:00 AM,0,0,0
08/27/2017 11:00:00 PM,1,1,0
08/27/2017 10:00:00 PM,5,1,4
08/27/2017 09:00:00 PM,3,1,2
08/27/2017 08:00:00 PM,6,2,4
08/27/2017 07:00:00 PM,9,7,2
08/27/2017 06:00:00 PM,9,2,7
08/27/2017 05:00:00 PM,7,3,4
08/27/2017 04:00:00 PM,19,12,7
08/27/2017 03:00:00 PM,13,6,7
08/27/2017 02:00:00 PM,25,15,10
08/27/2017 01:00:00 PM,21,15,6
08/27/2017 12:00:00 PM,24,15,9
08/27/2017 11:00:00 AM,24,7,17
08/27/2017 10:00:00 AM,16,11,5
08/27/2017 09:00:00 AM,14,8,6
08/27/2017 08:00:00 AM,6,5,1
08/27/2017 07:00:00 AM,3,1,2
08/27/2017 06:00:00 AM,1,1,0
08/27/2017 05:00:00 AM,0,0,0
08/27/2017 04:00:00 AM,0,0,0
08/27/2017 03:00:00 AM,0,0,0
08/27/2017 02:00:00 AM,1,0,1
08/27/2017 01:00:00 AM,2,1,1
08/27/2017 12:00:00 AM,1,1,0
08/26/2017 11:00:00 PM,2,1,1
08/26/2017 10:00:00 PM,7,3,4
08/26/2017 09:00:00 PM,3,1,2
08/26/2017 08:00:00 PM,10,3,7
08/26/2017 07:00:00 PM,6,2,4
08/26/2017 06:00:00 PM,10,4,6
08/26/2017 05:00:00 PM,18,11,7
08/26/2017 04:00:00 PM,29,15,14
08/26/2017 03:00:00 PM,23,16,7
08/26/2017 02:00:00 PM,20,12,8
08/26/2017 01:00:00 PM,20,15,5
08/26/2017 12:00:00 PM,25,9,16
08/26/2017 11:00:00 AM,17,8,9
08/26/2017 10:00:00 AM,11,4,7
08/26/2017 09:00:00 AM,23,9,14
08/26/2017 08:00:00 AM,6,2,4
08/26/2017 07:00:00 AM,1,1,0
08/26/2017 06:00:00 AM,0,0,0
08/26/2017 05:00:00 AM,0,0,0
08/26/2017 04:00:00 AM,0,0,0
08/26/2017 03:00:00 AM,0,0,0
08/26/2017 02:00:00 AM,1,1,0
08/26/2017 01:00:00 AM,1,0,1
08/26/2017 12:00:00 AM,2,0,2
08/25/2017 11:00:00 PM,2,1,1
08/25/2017 10:00:00 PM,3,2,1
08/25/2017 09:00:00 PM,4,2,2
08/25/2017 08:00:00 PM,10,6,4
08/25/2017 07:00:00 PM,13,3,10
08/25/2017 06:00:00 PM,14,7,7
08/25/2017 05:00:00 PM,24,9,15
08/25/2017 04:00:00 PM,8,3,5
08/25/2017 03:00:00 PM,19,8,11
08/25/2017 02:00:00 PM,15,5,10
08/25/2017 01:00:00 PM,7,4,3
08/25/2017 12:00:00 PM,20,12,8
08/25/2017 11:00:00 AM,6,1,5
08/25/2017 10:00:00 AM,17,8,9
08/25/2017 09:00:00 AM,5,2,3
08/25/2017 08:00:00 AM,10,3,7
08/25/2017 07:00:00 AM,11,3,8
08/25/2017 06:00:00 AM,3,1,2
08/25/2017 05:00:00 AM,0,0,0
08/25/2017 04:00:00 AM,2,1,1
08/25/2017 03:00:00 AM,0,0,0
08/25/2017 02:00:00 AM,0,0,0
08/25/2017 01:00:00 AM,1,1,0
08/25/2017 12:00:00 AM,1,1,0
08/24/2017 11:00:00 PM,0,0,0
08/24/2017 10:00:00 PM,1,1,0
08/24/2017 09:00:00 PM,5,0,5
08/24/2017 08:00:00 PM,8,2,6
08/24/2017 07:00:00 PM,9,3,6
08/24/2017 06:00:00 PM,24,10,14
08/24/2017 05:00:00 PM,20,10,10
08/24/2017 04:00:00 PM,20,13,7
08/24/2017 03:00:00 PM,10,7,3
08/24/2017 02:00:00 PM,10,4,6
08/24/2017 01:00:00 PM,12,6,6
08/24/2017 12:00:00 PM,13,7,6
08/24/2017 11:00:00 AM,9,7,2
08/24/2017 10:00:00 AM,3,1,2
08/24/2017 09:00:00 AM,14,7,7
08/24/2017 08:00:00 AM,11,4,7
08/24/2017 07:00:00 AM,18,9,9
08/24/2017 06:00:00 AM,6,2,4
08/24/2017 05:00:00 AM,2,1,1
08/24/2017 04:00:00 AM,0,0,0
08/24/2017 03:00:00 AM,0,0,0
08/24/2017 02:00:00 AM,1,0,1
08/24/2017 01:00:00 AM,1,0,1
08/24/2017 12:00:00 AM,1,1,0
08/23/2017 11:00:00 PM,3,0,3
08/23/2017 10:00:00 PM,0,0,0
08/23/2017 09:00:00 PM,5,3,2
08/23/2017 08:00:00 PM,10,2,8
08/23/2017 07:00:00 PM,18,9,9
08/23/2017 06:00:00 PM,20,12,8
08/23/2017 05:00:00 PM,25,17,8
08/23/2017 04:00:00 PM,11,7,4
08/23/2017 03:00:00 PM,10,4,6
08/23/2017 02:00:00 PM,11,6,5
08/23/2017 01:00:00 PM,5,3,2
08/23/2017 12:00:00 PM,11,10,1
08/23/2017 11:00:00 AM,8,2,6
08/23/2017 10:00:00 AM,12,6,6
08/23/2017 09:00:00 AM,18,11,7
08/23/2017 08:00:00 AM,11,3,8
08/23/2017 07:00:00 AM,10,1,9
08/23/2017 06:00:00 AM,2,0,2
08/23/2017 05:00:00 AM,0,0,0
08/23/2017 04:00:00 AM,0,0,0
08/23/2017 03:00:00 AM,0,0,0
08/23/2017 02:00:00 AM,0,0,0
08/23/2017 01:00:00 AM,0,0,0
08/23/2017 12:00:00 AM,2,1,1
08/22/2017 11:00:00 PM,0,0,0
08/22/2017 10:00:00 PM,1,0,1
08/22/2017 09:00:00 PM,4,1,3
08/22/2017 08:00:00 PM,15,5,10
08/22/2017 07:00:00 PM,18,12,6
08/22/2017 06:00:00 PM,21,15,6
08/22/2017 05:00:00 PM,12,5,7
08/22/2017 04:00:00 PM,32,18,14
08/22/2017 03:00:00 PM,16,9,7
08/22/2017 02:00:00 PM,17,11,6
08/22/2017 01:00:00 PM,8,5,3
08/22/2017 12:00:00 PM,6,4,2
08/22/2017 11:00:00 AM,8,4,4
08/22/2017 10:00:00 AM,11,7,4
08/22/2017 09:00:00 AM,5,3,2
08/22/2017 08:00:00 AM,8,1,7
08/22/2017 07:00:00 AM,8,3,5
08/22/2017 06:00:00 AM,4,1,3
08/22/2017 05:00:00 AM,1,1,0
08/22/2017 04:00:00 AM,0,0,0
08/22/2017 03:00:00 AM,0,0,0
08/22/2017 02:00:00 AM,1,0,1
08/22/2017 01:00:00 AM,0,0,0
08/22/2017 12:00:00 AM,2,1,1
08/21/2017 11:00:00 PM,1,0,1
08/21/2017 10:00:00 PM,4,1,3
08/21/2017 09:00:00 PM,6,2,4
08/21/2017 08:00:00 PM,5,3,2
08/21/2017 07:00:00 PM,14,5,9
08/21/2017 06:00:00 PM,20,14,6
08/21/2017 05:00:00 PM,21,14,7
08/21/2017 04:00:00 PM,14,9,5
08/21/2017 03:00:00 PM,8,5,3
08/21/2017 02:00:00 PM,13,7,6
08/21/2017 01:00:00 PM,9,6,3
08/21/2017 12:00:00 PM,17,10,7
08/21/2017 11:00:00 AM,8,5,3
08/21/2017 10:00:00 AM,6,5,1
08/21/2017 09:00:00 AM,9,5,4
08/21/2017 08:00:00 AM,11,4,7
08/21/2017 07:00:00 AM,9,6,3
08/21/2017 06:00:00 AM,6,1,5
08/21/2017 05:00:00 AM,0,0,0
08/21/2017 04:00:00 AM,0,0,0
08/21/2017 03:00:00 AM,0,0,0
08/21/2017 02:00:00 AM,0,0,0
08/21/2017 01:00:00 AM,0,0,0
08/21/2017 12:00:00 AM,0,0,0
08/20/2017 11:00:00 PM,3,1,2
08/20/2017 10:00:00 PM,4,2,2
08/20/2017 09:00:00 PM,5,5,0
08/20/2017 08:00:00 PM,1,0,1
08/20/2017 07:00:00 PM,4,2,2
08/20/2017 06:00:00 PM,8,2,6
08/20/2017 05:00:00 PM,20,9,11
08/20/2017 04:00:00 PM,20,13,7
08/20/2017 03:00:00 PM,20,9,11
08/20/2017 02:00:00 PM,20,14,6
08/20/2017 01:00:00 PM,17,11,6
08/20/2017 12:00:00 PM,14,6,8
08/20/2017 11:00:00 AM,15,7,8
08/20/2017 10:00:00 AM,11,7,4
08/20/2017 09:00:00 AM,5,2,3
08/20/2017 08:00:00 AM,1,0,1
08/20/2017 07:00:00 AM,4,3,1
08/20/2017 06:00:00 AM,1,1,0
08/20/2017 05:00:00 AM,0,0,0
08/20/2017 04:00:00 AM,0,0,0
08/20/2017 03:00:00 AM,1,1,0
08/20/2017 02:00:00 AM,0,0,0
08/20/2017 01:00:00 AM,2,0,2
08/20/2017 12:00:00 AM,2,2,0
08/19/2017 11:00:00 PM,0,0,0
08/19/2017 10:00:00 PM,1,0,1
08/19/2017 09:00:00 PM,3,2,1
08/19/2017 08:00:00 PM,10,6,4
08/19/2017 07:00:00 PM,11,8,3
08/19/2017 06:00:00 PM,9,5,4
08/19/2017 05:00:00 PM,0,0,0
08/19/2017 04:00:00 PM,0,0,0
08/19/2017 03:00:00 PM,0,0,0
08/19/2017 02:00:00 PM,0,0,0
08/19/2017 01:00:00 PM,0,0,0
08/19/2017 12:00:00 PM,21,13,8
08/19/2017 11:00:00 AM,16,8,8
08/19/2017 10:00:00 AM,13,9,4
08/19/2017 09:00:00 AM,12,7,5
08/19/2017 08:00:00 AM,4,4,0
08/19/2017 07:00:00 AM,4,2,2
08/19/2017 06:00:00 AM,3,3,0
08/19/2017 05:00:00 AM,0,0,0
08/19/2017 04:00:00 AM,0,0,0
08/19/2017 03:00:00 AM,0,0,0
08/19/2017 02:00:00 AM,0,0,0
08/19/2017 01:00:00 AM,0,0,0
08/19/2017 12:00:00 AM,1,0,1
08/18/2017 11:00:00 PM,2,1,1
08/18/2017 10:00:00 PM,2,2,0
08/18/2017 09:00:00 PM,6,3,3
08/18/2017 08:00:00 PM,6,2,4
08/18/2017 07:00:00 PM,8,4,4
08/18/2017 06:00:00 PM,17,9,8
08/18/2017 05:00:00 PM,18,17,1
08/18/2017 04:00:00 PM,17,10,7
08/18/2017 03:00:00 PM,12,4,8
08/18/2017 02:00:00 PM,11,5,6
08/18/2017 01:00:00 PM,10,4,6
08/18/2017 12:00:00 PM,9,3,6
08/18/2017 11:00:00 AM,15,10,5
08/18/2017 10:00:00 AM,2,2,0
08/18/2017 09:00:00 AM,13,10,3
08/18/2017 08:00:00 AM,11,6,5
08/18/2017 07:00:00 AM,7,1,6
08/18/2017 06:00:00 AM,5,3,2
08/18/2017 05:00:00 AM,0,0,0
08/18/2017 04:00:00 AM,2,0,2
08/18/2017 03:00:00 AM,0,0,0
08/18/2017 02:00:00 AM,0,0,0
08/18/2017 01:00:00 AM,0,0,0
08/18/2017 12:00:00 AM,0,0,0
08/17/2017 11:00:00 PM,1,1,0
08/17/2017 10:00:00 PM,3,1,2
08/17/2017 09:00:00 PM,0,0,0
08/17/2017 08:00:00 PM,8,4,4
08/17/2017 07:00:00 PM,15,6,9
08/17/2017 06:00:00 PM,23,13,10
08/17/2017 05:00:00 PM,14,6,8
08/17/2017 04:00:00 PM,18,10,8
08/17/2017 03:00:00 PM,9,6,3
08/17/2017 02:00:00 PM,13,7,6
08/17/2017 01:00:00 PM,17,8,9
08/17/2017 12:00:00 PM,6,3,3
08/17/2017 11:00:00 AM,8,6,2
08/17/2017 10:00:00 AM,10,6,4
08/17/2017 09:00:00 AM,7,3,4
08/17/2017 08:00:00 AM,11,4,7
08/17/2017 07:00:00 AM,8,3,5
08/17/2017 06:00:00 AM,6,3,3
08/17/2017 05:00:00 AM,0,0,0
08/17/2017 04:00:00 AM,1,1,0
08/17/2017 03:00:00 AM,0,0,0
08/17/2017 02:00:00 AM,0,0,0
08/17/2017 01:00:00 AM,0,0,0
08/17/2017 12:00:00 AM,2,1,1
08/16/2017 11:00:00 PM,3,3,0
08/16/2017 10:00:00 PM,4,0,4
08/16/2017 09:00:00 PM,3,1,2
08/16/2017 08:00:00 PM,18,7,11
08/16/2017 07:00:00 PM,28,16,12
08/16/2017 06:00:00 PM,24,9,15
08/16/2017 05:00:00 PM,21,5,16
08/16/2017 04:00:00 PM,17,10,7
08/16/2017 03:00:00 PM,13,7,6
08/16/2017 02:00:00 PM,7,5,2
08/16/2017 01:00:00 PM,14,8,6
08/16/2017 12:00:00 PM,10,5,5
08/16/2017 11:00:00 AM,12,9,3
08/16/2017 10:00:00 AM,9,3,6
08/16/2017 09:00:00 AM,11,6,5
08/16/2017 08:00:00 AM,15,7,8
08/16/2017 07:00:00 AM,12,8,4
08/16/2017 06:00:00 AM,2,1,1
08/16/2017 05:00:00 AM,0,0,0
08/16/2017 04:00:00 AM,0,0,0
08/16/2017 03:00:00 AM,1,0,1
08/16/2017 02:00:00 AM,0,0,0
08/16/2017 01:00:00 AM,1,0,1
08/16/2017 12:00:00 AM,0,0,0
08/15/2017 11:00:00 PM,1,1,0
08/15/2017 10:00:00 PM,6,3,3
08/15/2017 09:00:00 PM,4,1,3
08/15/2017 08:00:00 PM,11,4,7
08/15/2017 07:00:00 PM,30,20,10
08/15/2017 06:00:00 PM,36,23,13
08/15/2017 05:00:00 PM,18,10,8
08/15/2017 04:00:00 PM,15,10,5
08/15/2017 03:00:00 PM,14,10,4
08/15/2017 02:00:00 PM,16,8,8
08/15/2017 01:00:00 PM,13,5,8
08/15/2017 12:00:00 PM,16,9,7
08/15/2017 11:00:00 AM,10,7,3
08/15/2017 10:00:00 AM,7,2,5
08/15/2017 09:00:00 AM,2,1,1
08/15/2017 08:00:00 AM,14,6,8
08/15/2017 07:00:00 AM,12,3,9
08/15/2017 06:00:00 AM,4,1,3
08/15/2017 05:00:00 AM,0,0,0
08/15/2017 04:00:00 AM,0,0,0
08/15/2017 03:00:00 AM,0,0,0
08/15/2017 02:00:00 AM,0,0,0
08/15/2017 01:00:00 AM,2,2,0
08/15/2017 12:00:00 AM,0,0,0
08/14/2017 11:00:00 PM,2,1,1
08/14/2017 10:00:00 PM,0,0,0
08/14/2017 09:00:00 PM,9,3,6
08/14/2017 08:00:00 PM,12,6,6
08/14/2017 07:00:00 PM,7,5,2
08/14/2017 06:00:00 PM,13,6,7
08/14/2017 05:00:00 PM,13,10,3
08/14/2017 04:00:00 PM,10,6,4
08/14/2017 03:00:00 PM,17,9,8
08/14/2017 02:00:00 PM,9,8,1
08/14/2017 01:00:00 PM,13,7,6
08/14/2017 12:00:00 PM,16,12,4
08/14/2017 11:00:00 AM,12,7,5
08/14/2017 10:00:00 AM,11,7,4
08/14/2017 09:00:00 AM,7,3,4
08/14/2017 08:00:00 AM,4,2,2
08/14/2017 07:00:00 AM,9,4,5
08/14/2017 06:00:00 AM,2,2,0
08/14/2017 05:00:00 AM,1,0,1
08/14/2017 04:00:00 AM,1,0,1
08/14/2017 03:00:00 AM,1,1,0
08/14/2017 02:00:00 AM,1,0,1
08/14/2017 01:00:00 AM,0,0,0
08/14/2017 12:00:00 AM,1,1,0
08/13/2017 11:00:00 PM,0,0,0
08/13/2017 10:00:00 PM,0,0,0
08/13/2017 09:00:00 PM,2,2,0
08/13/2017 08:00:00 PM,3,1,2
08/13/2017 07:00:00 PM,6,3,3
08/13/2017 06:00:00 PM,4,3,1
08/13/2017 05:00:00 PM,21,10,11
08/13/2017 04:00:00 PM,14,11,3
08/13/2017 03:00:00 PM,7,3,4
08/13/2017 02:00:00 PM,22,7,15
08/13/2017 01:00:00 PM,17,12,5
08/13/2017 12:00:00 PM,28,8,20
08/13/2017 11:00:00 AM,16,9,7
08/13/2017 10:00:00 AM,10,5,5
08/13/2017 09:00:00 AM,7,5,2
08/13/2017 08:00:00 AM,5,2,3
08/13/2017 07:00:00 AM,1,0,1
08/13/2017 06:00:00 AM,0,0,0
08/13/2017 05:00:00 AM,0,0,0
08/13/2017 04:00:00 AM,0,0,0
08/13/2017 03:00:00 AM,0,0,0
08/13/2017 02:00:00 AM,0,0,0
08/13/2017 01:00:00 AM,0,0,0
08/13/2017 12:00:00 AM,2,0,2
08/12/2017 11:00:00 PM,2,1,1
08/12/2017 10:00:00 PM,7,2,5
08/12/2017 09:00:00 PM,3,2,1
08/12/2017 08:00:00 PM,9,4,5
08/12/2017 07:00:00 PM,13,7,6
08/12/2017 06:00:00 PM,21,7,14
08/12/2017 05:00:00 PM,13,9,4
08/12/2017 04:00:00 PM,14,9,5
08/12/2017 03:00:00 PM,29,17,12
08/12/2017 02:00:00 PM,21,15,6
08/12/2017 01:00:00 PM,7,4,3
08/12/2017 12:00:00 PM,16,9,7
08/12/2017 11:00:00 AM,16,5,11
08/12/2017 10:00:00 AM,22,14,8
08/12/2017 09:00:00 AM,9,6,3
08/12/2017 08:00:00 AM,5,5,0
08/12/2017 07:00:00 AM,3,3,0
08/12/2017 06:00:00 AM,0,0,0
08/12/2017 05:00:00 AM,0,0,0
08/12/2017 04:00:00 AM,0,0,0
08/12/2017 03:00:00 AM,0,0,0
08/12/2017 02:00:00 AM,0,0,0
08/12/2017 01:00:00 AM,3,1,2
08/12/2017 12:00:00 AM,3,1,2
08/11/2017 11:00:00 PM,2,2,0
08/11/2017 10:00:00 PM,4,3,1
08/11/2017 09:00:00 PM,6,4,2
08/11/2017 08:00:00 PM,14,7,7
08/11/2017 07:00:00 PM,16,8,8
08/11/2017 06:00:00 PM,13,7,6
08/11/2017 05:00:00 PM,16,9,7
08/11/2017 04:00:00 PM,19,12,7
08/11/2017 03:00:00 PM,12,6,6
08/11/2017 02:00:00 PM,10,4,6
08/11/2017 01:00:00 PM,16,10,6
08/11/2017 12:00:00 PM,10,7,3
08/11/2017 11:00:00 AM,12,7,5
08/11/2017 10:00:00 AM,13,9,4
08/11/2017 09:00:00 AM,10,5,5
08/11/2017 08:00:00 AM,9,5,4
08/11/2017 07:00:00 AM,8,3,5
08/11/2017 06:00:00 AM,4,1,3
08/11/2017 05:00:00 AM,2,2,0
08/11/2017 04:00:00 AM,1,1,0
08/11/2017 03:00:00 AM,4,2,2
08/11/2017 02:00:00 AM,0,0,0
08/11/2017 01:00:00 AM,0,0,0
08/11/2017 12:00:00 AM,2,1,1
08/10/2017 11:00:00 PM,2,1,1
08/10/2017 10:00:00 PM,3,3,0
08/10/2017 09:00:00 PM,8,4,4
08/10/2017 08:00:00 PM,11,5,6
08/10/2017 07:00:00 PM,20,10,10
08/10/2017 06:00:00 PM,28,17,11
08/10/2017 05:00:00 PM,17,7,10
08/10/2017 04:00:00 PM,22,14,8
08/10/2017 03:00:00 PM,18,7,11
08/10/2017 02:00:00 PM,8,3,5
08/10/2017 01:00:00 PM,14,6,8
08/10/2017 12:00:00 PM,7,2,5
08/10/2017 11:00:00 AM,7,2,5
08/10/2017 10:00:00 AM,12,4,8
08/10/2017 09:00:00 AM,15,9,6
08/10/2017 08:00:00 AM,10,6,4
08/10/2017 07:00:00 AM,10,4,6
08/10/2017 06:00:00 AM,6,2,4
08/10/2017 05:00:00 AM,0,0,0
08/10/2017 04:00:00 AM,0,0,0
08/10/2017 03:00:00 AM,1,0,1
08/10/2017 02:00:00 AM,0,0,0
08/10/2017 01:00:00 AM,0,0,0
08/10/2017 12:00:00 AM,0,0,0
08/09/2017 11:00:00 PM,1,0,1
08/09/2017 10:00:00 PM,6,3,3
08/09/2017 09:00:00 PM,10,4,6
08/09/2017 08:00:00 PM,6,4,2
08/09/2017 07:00:00 PM,7,3,4
08/09/2017 06:00:00 PM,16,13,3
08/09/2017 05:00:00 PM,18,7,11
08/09/2017 04:00:00 PM,16,8,8
08/09/2017 03:00:00 PM,14,5,9
08/09/2017 02:00:00 PM,9,1,8
08/09/2017 01:00:00 PM,9,7,2
08/09/2017 12:00:00 PM,10,4,6
08/09/2017 11:00:00 AM,11,6,5
08/09/2017 10:00:00 AM,12,3,9
08/09/2017 09:00:00 AM,17,8,9
08/09/2017 08:00:00 AM,18,10,8
08/09/2017 07:00:00 AM,11,7,4
08/09/2017 06:00:00 AM,1,1,0
08/09/2017 05:00:00 AM,1,1,0
08/09/2017 04:00:00 AM,1,1,0
08/09/2017 03:00:00 AM,1,1,0
08/09/2017 02:00:00 AM,1,0,1
08/09/2017 01:00:00 AM,0,0,0
08/09/2017 12:00:00 AM,0,0,0
08/08/2017 11:00:00 PM,1,0,1
08/08/2017 10:00:00 PM,2,0,2
08/08/2017 09:00:00 PM,6,1,5
08/08/2017 08:00:00 PM,13,5,8
08/08/2017 07:00:00 PM,18,16,2
08/08/2017 06:00:00 PM,17,6,11
08/08/2017 05:00:00 PM,21,11,10
08/08/2017 04:00:00 PM,15,8,7
08/08/2017 03:00:00 PM,14,5,9
08/08/2017 02:00:00 PM,11,7,4
08/08/2017 01:00:00 PM,9,5,4
08/08/2017 12:00:00 PM,7,1,6
08/08/2017 11:00:00 AM,13,7,6
08/08/2017 10:00:00 AM,14,9,5
08/08/2017 09:00:00 AM,11,4,7
08/08/2017 08:00:00 AM,11,6,5
08/08/2017 07:00:00 AM,12,7,5
08/08/2017 06:00:00 AM,4,0,4
08/08/2017 05:00:00 AM,2,0,2
08/08/2017 04:00:00 AM,0,0,0
08/08/2017 03:00:00 AM,0,0,0
08/08/2017 02:00:00 AM,0,0,0
08/08/2017 01:00:00 AM,0,0,0
08/08/2017 12:00:00 AM,1,0,1
08/07/2017 11:00:00 PM,1,1,0
08/07/2017 10:00:00 PM,2,1,1
08/07/2017 09:00:00 PM,5,2,3
08/07/2017 08:00:00 PM,13,7,6
08/07/2017 07:00:00 PM,7,4,3
08/07/2017 06:00:00 PM,25,9,16
08/07/2017 05:00:00 PM,24,12,12
08/07/2017 04:00:00 PM,10,8,2
08/07/2017 03:00:00 PM,12,5,7
08/07/2017 02:00:00 PM,5,3,2
08/07/2017 01:00:00 PM,11,8,3
08/07/2017 12:00:00 PM,10,6,4
08/07/2017 11:00:00 AM,11,8,3
08/07/2017 10:00:00 AM,6,2,4
08/07/2017 09:00:00 AM,13,4,9
08/07/2017 08:00:00 AM,15,6,9
08/07/2017 07:00:00 AM,18,7,11
08/07/2017 06:00:00 AM,9,6,3
08/07/2017 05:00:00 AM,1,0,1
08/07/2017 04:00:00 AM,0,0,0
08/07/2017 03:00:00 AM,1,0,1
08/07/2017 02:00:00 AM,0,0,0
08/07/2017 01:00:00 AM,0,0,0
08/07/2017 12:00:00 AM,2,1,1
08/06/2017 11:00:00 PM,0,0,0
08/06/2017 10:00:00 PM,3,2,1
08/06/2017 09:00:00 PM,4,1,3
08/06/2017 08:00:00 PM,7,3,4
08/06/2017 07:00:00 PM,5,3,2
08/06/2017 06:00:00 PM,10,6,4
08/06/2017 05:00:00 PM,8,5,3
08/06/2017 04:00:00 PM,12,5,7
08/06/2017 03:00:00 PM,19,8,11
08/06/2017 02:00:00 PM,17,7,10
08/06/2017 01:00:00 PM,17,12,5
08/06/2017 12:00:00 PM,26,16,10
08/06/2017 11:00:00 AM,23,14,9
08/06/2017 10:00:00 AM,22,15,7
08/06/2017 09:00:00 AM,12,6,6
08/06/2017 08:00:00 AM,5,3,2
08/06/2017 07:00:00 AM,2,2,0
08/06/2017 06:00:00 AM,0,0,0
08/06/2017 05:00:00 AM,0,0,0
08/06/2017 04:00:00 AM,0,0,0
08/06/2017 03:00:00 AM,0,0,0
08/06/2017 02:00:00 AM,0,0,0
08/06/2017 01:00:00 AM,2,1,1
08/06/2017 12:00:00 AM,0,0,0
08/05/2017 11:00:00 PM,3,1,2
08/05/2017 10:00:00 PM,3,2,1
08/05/2017 09:00:00 PM,4,1,3
08/05/2017 08:00:00 PM,5,3,2
08/05/2017 07:00:00 PM,13,2,11
08/05/2017 06:00:00 PM,7,4,3
08/05/2017 05:00:00 PM,12,8,4
08/05/2017 04:00:00 PM,21,13,8
08/05/2017 03:00:00 PM,11,6,5
08/05/2017 02:00:00 PM,24,16,8
08/05/2017 01:00:00 PM,18,12,6
08/05/2017 12:00:00 PM,7,5,2
08/05/2017 11:00:00 AM,8,4,4
08/05/2017 10:00:00 AM,14,7,7
08/05/2017 09:00:00 AM,12,5,7
08/05/2017 08:00:00 AM,10,7,3
08/05/2017 07:00:00 AM,3,2,1
08/05/2017 06:00:00 AM,0,0,0
08/05/2017 05:00:00 AM,0,0,0
08/05/2017 04:00:00 AM,0,0,0
08/05/2017 03:00:00 AM,0,0,0
08/05/2017 02:00:00 AM,1,1,0
08/05/2017 01:00:00 AM,0,0,0
08/05/2017 12:00:00 AM,1,0,1
08/04/2017 11:00:00 PM,3,0,3
08/04/2017 10:00:00 PM,5,2,3
08/04/2017 09:00:00 PM,2,2,0
08/04/2017 08:00:00 PM,5,2,3
08/04/2017 07:00:00 PM,10,7,3
08/04/2017 06:00:00 PM,13,8,5
08/04/2017 05:00:00 PM,17,8,9
08/04/2017 04:00:00 PM,20,9,11
08/04/2017 03:00:00 PM,15,7,8
08/04/2017 02:00:00 PM,8,5,3
08/04/2017 01:00:00 PM,7,6,1
08/04/2017 12:00:00 PM,6,5,1
08/04/2017 11:00:00 AM,11,6,5
08/04/2017 10:00:00 AM,10,8,2
08/04/2017 09:00:00 AM,8,3,5
08/04/2017 08:00:00 AM,9,2,7
08/04/2017 07:00:00 AM,6,4,2
08/04/2017 06:00:00 AM,4,4,0
08/04/2017 05:00:00 AM,1,1,0
08/04/2017 04:00:00 AM,1,1,0
08/04/2017 03:00:00 AM,0,0,0
08/04/2017 02:00:00 AM,0,0,0
08/04/2017 01:00:00 AM,1,1,0
08/04/2017 12:00:00 AM,0,0,0
08/03/2017 11:00:00 PM,2,1,1
08/03/2017 10:00:00 PM,2,1,1
08/03/2017 09:00:00 PM,6,3,3
08/03/2017 08:00:00 PM,8,2,6
08/03/2017 07:00:00 PM,14,7,7
08/03/2017 06:00:00 PM,18,13,5
08/03/2017 05:00:00 PM,14,9,5
08/03/2017 04:00:00 PM,13,8,5
08/03/2017 03:00:00 PM,8,6,2
08/03/2017 02:00:00 PM,4,4,0
08/03/2017 01:00:00 PM,13,8,5
08/03/2017 12:00:00 PM,12,8,4
08/03/2017 11:00:00 AM,9,4,5
08/03/2017 10:00:00 AM,8,5,3
08/03/2017 09:00:00 AM,10,6,4
08/03/2017 08:00:00 AM,7,3,4
08/03/2017 07:00:00 AM,6,2,4
08/03/2017 06:00:00 AM,3,2,1
08/03/2017 05:00:00 AM,3,1,2
08/03/2017 04:00:00 AM,0,0,0
08/03/2017 03:00:00 AM,0,0,0
08/03/2017 02:00:00 AM,0,0,0
08/03/2017 01:00:00 AM,2,1,1
08/03/2017 12:00:00 AM,1,0,1
08/02/2017 11:00:00 PM,7,2,5
08/02/2017 10:00:00 PM,5,4,1
08/02/2017 09:00:00 PM,7,2,5
08/02/2017 08:00:00 PM,12,5,7
08/02/2017 07:00:00 PM,13,3,10
08/02/2017 06:00:00 PM,30,16,14
08/02/2017 05:00:00 PM,17,10,7
08/02/2017 04:00:00 PM,11,6,5
08/02/2017 03:00:00 PM,10,6,4
08/02/2017 02:00:00 PM,9,4,5
08/02/2017 01:00:00 PM,8,4,4
08/02/2017 12:00:00 PM,11,6,5
08/02/2017 11:00:00 AM,4,2,2
08/02/2017 10:00:00 AM,16,12,4
08/02/2017 09:00:00 AM,8,4,4
08/02/2017 08:00:00 AM,14,8,6
08/02/2017 07:00:00 AM,14,4,10
08/02/2017 06:00:00 AM,4,3,1
08/02/2017 05:00:00 AM,1,1,0
08/02/2017 04:00:00 AM,0,0,0
08/02/2017 03:00:00 AM,1,0,1
08/02/2017 02:00:00 AM,0,0,0
08/02/2017 01:00:00 AM,1,0,1
08/02/2017 12:00:00 AM,0,0,0
08/01/2017 11:00:00 PM,0,0,0
08/01/2017 10:00:00 PM,6,3,3
08/01/2017 09:00:00 PM,11,2,9
08/01/2017 08:00:00 PM,17,5,12
08/01/2017 07:00:00 PM,32,18,14
08/01/2017 06:00:00 PM,40,25,15
08/01/2017 05:00:00 PM,27,17,10
08/01/2017 04:00:00 PM,20,16,4
08/01/2017 03:00:00 PM,21,14,7
08/01/2017 02:00:00 PM,14,6,8
08/01/2017 01:00:00 PM,12,7,5
08/01/2017 12:00:00 PM,18,12,6
08/01/2017 11:00:00 AM,13,9,4
08/01/2017 10:00:00 AM,15,9,6
08/01/2017 09:00:00 AM,13,9,4
08/01/2017 08:00:00 AM,20,11,9
08/01/2017 07:00:00 AM,21,10,11
08/01/2017 06:00:00 AM,2,2,0
08/01/2017 05:00:00 AM,1,0,1
08/01/2017 04:00:00 AM,0,0,0
08/01/2017 03:00:00 AM,0,0,0
08/01/2017 02:00:00 AM,0,0,0
08/01/2017 01:00:00 AM,0,0,0
08/01/2017 12:00:00 AM,0,0,0
07/31/2017 11:00:00 PM,3,1,2
07/31/2017 10:00:00 PM,8,5,3
07/31/2017 09:00:00 PM,10,3,7
07/31/2017 08:00:00 PM,16,7,9
07/31/2017 07:00:00 PM,24,17,7
07/31/2017 06:00:00 PM,27,16,11
07/31/2017 05:00:00 PM,24,13,11
07/31/2017 04:00:00 PM,17,7,10
07/31/2017 03:00:00 PM,21,11,10
07/31/2017 02:00:00 PM,11,8,3
07/31/2017 01:00:00 PM,14,10,4
07/31/2017 12:00:00 PM,10,7,3
07/31/2017 11:00:00 AM,5,1,4
07/31/2017 10:00:00 AM,14,7,7
07/31/2017 09:00:00 AM,21,14,7
07/31/2017 08:00:00 AM,16,8,8
07/31/2017 07:00:00 AM,14,5,9
07/31/2017 06:00:00 AM,5,3,2
07/31/2017 05:00:00 AM,1,0,1
07/31/2017 04:00:00 AM,1,0,1
07/31/2017 03:00:00 AM,1,0,1
07/31/2017 02:00:00 AM,0,0,0
07/31/2017 01:00:00 AM,0,0,0
07/31/2017 12:00:00 AM,1,0,1
07/30/2017 11:00:00 PM,1,1,0
07/30/2017 10:00:00 PM,7,4,3
07/30/2017 09:00:00 PM,5,2,3
07/30/2017 08:00:00 PM,9,6,3
07/30/2017 07:00:00 PM,11,6,5
07/30/2017 06:00:00 PM,13,9,4
07/30/2017 05:00:00 PM,16,8,8
07/30/2017 04:00:00 PM,17,8,9
07/30/2017 03:00:00 PM,25,13,12
07/30/2017 02:00:00 PM,25,14,11
07/30/2017 01:00:00 PM,30,17,13
07/30/2017 12:00:00 PM,28,16,12
07/30/2017 11:00:00 AM,27,22,5
07/30/2017 10:00:00 AM,15,8,7
07/30/2017 09:00:00 AM,1,1,0
07/30/2017 08:00:00 AM,7,2,5
07/30/2017 07:00:00 AM,1,0,1
07/30/2017 06:00:00 AM,1,0,1
07/30/2017 05:00:00 AM,0,0,0
07/30/2017 04:00:00 AM,0,0,0
07/30/2017 03:00:00 AM,0,0,0
07/30/2017 02:00:00 AM,1,0,1
07/30/2017 01:00:00 AM,0,0,0
07/30/2017 12:00:00 AM,2,2,0
07/29/2017 11:00:00 PM,2,1,1
07/29/2017 10:00:00 PM,9,5,4
07/29/2017 09:00:00 PM,4,2,2
07/29/2017 08:00:00 PM,2,1,1
07/29/2017 07:00:00 PM,7,0,7
07/29/2017 06:00:00 PM,7,4,3
07/29/2017 05:00:00 PM,11,5,6
07/29/2017 04:00:00 PM,14,8,6
07/29/2017 03:00:00 PM,16,10,6
07/29/2017 02:00:00 PM,13,8,5
07/29/2017 01:00:00 PM,15,8,7
07/29/2017 12:00:00 PM,8,5,3
07/29/2017 11:00:00 AM,23,14,9
07/29/2017 10:00:00 AM,10,6,4
07/29/2017 09:00:00 AM,12,6,6
07/29/2017 08:00:00 AM,7,2,5
07/29/2017 07:00:00 AM,1,1,0
07/29/2017 06:00:00 AM,3,1,2
07/29/2017 05:00:00 AM,1,0,1
07/29/2017 04:00:00 AM,0,0,0
07/29/2017 03:00:00 AM,2,1,1
07/29/2017 02:00:00 AM,0,0,0
07/29/2017 01:00:00 AM,0,0,0
07/29/2017 12:00:00 AM,2,2,0
07/28/2017 11:00:00 PM,1,0,1
07/28/2017 10:00:00 PM,6,4,2
07/28/2017 09:00:00 PM,11,5,6
07/28/2017 08:00:00 PM,6,4,2
07/28/2017 07:00:00 PM,9,3,6
07/28/2017 06:00:00 PM,16,12,4
07/28/2017 05:00:00 PM,19,3,16
07/28/2017 04:00:00 PM,12,8,4
07/28/2017 03:00:00 PM,14,9,5
07/28/2017 02:00:00 PM,12,6,6
07/28/2017 01:00:00 PM,14,7,7
07/28/2017 12:00:00 PM,15,11,4
07/28/2017 11:00:00 AM,16,10,6
07/28/2017 10:00:00 AM,10,8,2
07/28/2017 09:00:00 AM,5,1,4
07/28/2017 08:00:00 AM,14,5,9
07/28/2017 07:00:00 AM,8,2,6
07/28/2017 06:00:00 AM,0,0,0
07/28/2017 05:00:00 AM,2,1,1
07/28/2017 04:00:00 AM,3,1,2
07/28/2017 03:00:00 AM,1,0,1
07/28/2017 02:00:00 AM,0,0,0
07/28/2017 01:00:00 AM,0,0,0
07/28/2017 12:00:00 AM,2,0,2
07/27/2017 11:00:00 PM,1,1,0
07/27/2017 10:00:00 PM,3,2,1
07/27/2017 09:00:00 PM,6,5,1
07/27/2017 08:00:00 PM,9,6,3
07/27/2017 07:00:00 PM,18,8,10
07/27/2017 06:00:00 PM,18,10,8
07/27/2017 05:00:00 PM,20,9,11
07/27/2017 04:00:00 PM,12,6,6
07/27/2017 03:00:00 PM,4,2,2
07/27/2017 02:00:00 PM,12,3,9
07/27/2017 01:00:00 PM,9,5,4
07/27/2017 12:00:00 PM,8,2,6
07/27/2017 11:00:00 AM,13,9,4
07/27/2017 10:00:00 AM,2,0,2
07/27/2017 09:00:00 AM,8,7,1
07/27/2017 08:00:00 AM,12,4,8
07/27/2017 07:00:00 AM,5,2,3
07/27/2017 06:00:00 AM,7,4,3
07/27/2017 05:00:00 AM,1,1,0
07/27/2017 04:00:00 AM,1,1,0
07/27/2017 03:00:00 AM,0,0,0
07/27/2017 02:00:00 AM,0,0,0
07/27/2017 01:00:00 AM,0,0,0
07/27/2017 12:00:00 AM,1,1,0
07/26/2017 11:00:00 PM,1,1,0
07/26/2017 10:00:00 PM,2,0,2
07/26/2017 09:00:00 PM,6,3,3
07/26/2017 08:00:00 PM,14,7,7
07/26/2017 07:00:00 PM,15,6,9
07/26/2017 06:00:00 PM,25,19,6
07/26/2017 05:00:00 PM,19,11,8
07/26/2017 04:00:00 PM,14,4,10
07/26/2017 03:00:00 PM,13,6,7
07/26/2017 02:00:00 PM,11,4,7
07/26/2017 01:00:00 PM,15,9,6
07/26/2017 12:00:00 PM,10,3,7
07/26/2017 11:00:00 AM,19,13,6
07/26/2017 10:00:00 AM,7,5,2
07/26/2017 09:00:00 AM,10,7,3
07/26/2017 08:00:00 AM,13,7,6
07/26/2017 07:00:00 AM,8,3,5
07/26/2017 06:00:00 AM,2,1,1
07/26/2017 05:00:00 AM,1,0,1
07/26/2017 04:00:00 AM,1,0,1
07/26/2017 03:00:00 AM,0,0,0
07/26/2017 02:00:00 AM,0,0,0
07/26/2017 01:00:00 AM,1,0,1
07/26/2017 12:00:00 AM,1,1,0
07/25/2017 11:00:00 PM,4,2,2
07/25/2017 10:00:00 PM,0,0,0
07/25/2017 09:00:00 PM,6,3,3
07/25/2017 08:00:00 PM,6,4,2
07/25/2017 07:00:00 PM,13,6,7
07/25/2017 06:00:00 PM,16,11,5
07/25/2017 05:00:00 PM,19,8,11
07/25/2017 04:00:00 PM,26,16,10
07/25/2017 03:00:00 PM,17,9,8
07/25/2017 02:00:00 PM,6,3,3
07/25/2017 01:00:00 PM,11,3,8
07/25/2017 12:00:00 PM,15,10,5
07/25/2017 11:00:00 AM,12,7,5
07/25/2017 10:00:00 AM,7,5,2
07/25/2017 09:00:00 AM,10,4,6
07/25/2017 08:00:00 AM,9,3,6
07/25/2017 07:00:00 AM,7,3,4
07/25/2017 06:00:00 AM,5,3,2
07/25/2017 05:00:00 AM,1,0,1
07/25/2017 04:00:00 AM,1,1,0
07/25/2017 03:00:00 AM,0,0,0
07/25/2017 02:00:00 AM,0,0,0
07/25/2017 01:00:00 AM,1,1,0
07/25/2017 12:00:00 AM,3,1,2
07/24/2017 11:00:00 PM,1,0,1
07/24/2017 10:00:00 PM,4,2,2
07/24/2017 09:00:00 PM,6,2,4
07/24/2017 08:00:00 PM,15,4,11
07/24/2017 07:00:00 PM,18,12,6
07/24/2017 06:00:00 PM,18,11,7
07/24/2017 05:00:00 PM,26,14,12
07/24/2017 04:00:00 PM,14,6,8
07/24/2017 03:00:00 PM,14,8,6
07/24/2017 02:00:00 PM,11,5,6
07/24/2017 01:00:00 PM,13,8,5
07/24/2017 12:00:00 PM,8,5,3
07/24/2017 11:00:00 AM,8,7,1
07/24/2017 10:00:00 AM,13,8,5
07/24/2017 09:00:00 AM,7,5,2
07/24/2017 08:00:00 AM,18,8,10
07/24/2017 07:00:00 AM,11,5,6
07/24/2017 06:00:00 AM,6,4,2
07/24/2017 05:00:00 AM,1,1,0
07/24/2017 04:00:00 AM,1,0,1
07/24/2017 03:00:00 AM,1,0,1
07/24/2017 02:00:00 AM,0,0,0
07/24/2017 01:00:00 AM,0,0,0
07/24/2017 12:00:00 AM,1,1,0
07/23/2017 11:00:00 PM,4,2,2
07/23/2017 10:00:00 PM,3,2,1
07/23/2017 09:00:00 PM,2,2,0
07/23/2017 08:00:00 PM,4,2,2
07/23/2017 07:00:00 PM,8,6,2
07/23/2017 06:00:00 PM,4,2,2
07/23/2017 05:00:00 PM,8,5,3
07/23/2017 04:00:00 PM,12,7,5
07/23/2017 03:00:00 PM,17,7,10
07/23/2017 02:00:00 PM,16,9,7
07/23/2017 01:00:00 PM,18,7,11
07/23/2017 12:00:00 PM,26,11,15
07/23/2017 11:00:00 AM,9,5,4
07/23/2017 10:00:00 AM,10,6,4
07/23/2017 09:00:00 AM,5,4,1
07/23/2017 08:00:00 AM,2,1,1
07/23/2017 07:00:00 AM,1,0,1
07/23/2017 06:00:00 AM,1,1,0
07/23/2017 05:00:00 AM,0,0,0
07/23/2017 04:00:00 AM,0,0,0
07/23/2017 03:00:00 AM,0,0,0
07/23/2017 02:00:00 AM,2,0,2
07/23/2017 01:00:00 AM,1,0,1
07/23/2017 12:00:00 AM,2,1,1
07/22/2017 11:00:00 PM,5,1,4
07/22/2017 10:00:00 PM,2,2,0
07/22/2017 09:00:00 PM,7,4,3
07/22/2017 08:00:00 PM,5,2,3
07/22/2017 07:00:00 PM,9,2,7
07/22/2017 06:00:00 PM,17,6,11
07/22/2017 05:00:00 PM,15,8,7
07/22/2017 04:00:00 PM,12,6,6
07/22/2017 03:00:00 PM,14,9,5
07/22/2017 02:00:00 PM,14,10,4
07/22/2017 01:00:00 PM,11,4,7
07/22/2017 12:00:00 PM,16,10,6
07/22/2017 11:00:00 AM,17,8,9
07/22/2017 10:00:00 AM,14,10,4
07/22/2017 09:00:00 AM,11,6,5
07/22/2017 08:00:00 AM,10,6,4
07/22/2017 07:00:00 AM,2,1,1
07/22/2017 06:00:00 AM,1,1,0
07/22/2017 05:00:00 AM,1,1,0
07/22/2017 04:00:00 AM,0,0,0
07/22/2017 03:00:00 AM,0,0,0
07/22/2017 02:00:00 AM,0,0,0
07/22/2017 01:00:00 AM,2,2,0
07/22/2017 12:00:00 AM,5,2,3
07/21/2017 11:00:00 PM,2,0,2
07/21/2017 10:00:00 PM,3,2,1
07/21/2017 09:00:00 PM,5,1,4
07/21/2017 08:00:00 PM,7,5,2
07/21/2017 07:00:00 PM,11,5,6
07/21/2017 06:00:00 PM,16,9,7
07/21/2017 05:00:00 PM,16,9,7
07/21/2017 04:00:00 PM,10,3,7
07/21/2017 03:00:00 PM,17,10,7
07/21/2017 02:00:00 PM,10,6,4
07/21/2017 01:00:00 PM,8,2,6
07/21/2017 12:00:00 PM,11,6,5
07/21/2017 11:00:00 AM,11,7,4
07/21/2017 10:00:00 AM,6,3,3
07/21/2017 09:00:00 AM,10,8,2
07/21/2017 08:00:00 AM,12,6,6
07/21/2017 07:00:00 AM,11,4,7
07/21/2017 06:00:00 AM,3,2,1
07/21/2017 05:00:00 AM,0,0,0
07/21/2017 04:00:00 AM,1,0,1
07/21/2017 03:00:00 AM,2,1,1
07/21/2017 02:00:00 AM,0,0,0
07/21/2017 01:00:00 AM,0,0,0
07/21/2017 12:00:00 AM,3,2,1
07/20/2017 11:00:00 PM,3,1,2
07/20/2017 10:00:00 PM,3,3,0
07/20/2017 09:00:00 PM,4,1,3
07/20/2017 08:00:00 PM,11,7,4
07/20/2017 07:00:00 PM,9,4,5
07/20/2017 06:00:00 PM,15,9,6
07/20/2017 05:00:00 PM,11,7,4
07/20/2017 04:00:00 PM,6,4,2
07/20/2017 03:00:00 PM,10,4,6
07/20/2017 02:00:00 PM,7,5,2
07/20/2017 01:00:00 PM,8,2,6
07/20/2017 12:00:00 PM,6,3,3
07/20/2017 11:00:00 AM,7,2,5
07/20/2017 10:00:00 AM,10,10,0
07/20/2017 09:00:00 AM,8,6,2
07/20/2017 08:00:00 AM,8,5,3
07/20/2017 07:00:00 AM,9,3,6
07/20/2017 06:00:00 AM,3,2,1
07/20/2017 05:00:00 AM,1,0,1
07/20/2017 04:00:00 AM,0,0,0
07/20/2017 03:00:00 AM,0,0,0
07/20/2017 02:00:00 AM,0,0,0
07/20/2017 01:00:00 AM,1,1,0
07/20/2017 12:00:00 AM,1,1,0
07/19/2017 11:00:00 PM,2,2,0
07/19/2017 10:00:00 PM,4,3,1
07/19/2017 09:00:00 PM,1,1,0
07/19/2017 08:00:00 PM,11,3,8
07/19/2017 07:00:00 PM,13,9,4
07/19/2017 06:00:00 PM,19,15,4
07/19/2017 05:00:00 PM,15,8,7
07/19/2017 04:00:00 PM,22,11,11
07/19/2017 03:00:00 PM,11,4,7
07/19/2017 02:00:00 PM,14,9,5
07/19/2017 01:00:00 PM,17,5,12
07/19/2017 12:00:00 PM,12,9,3
07/19/2017 11:00:00 AM,12,8,4
07/19/2017 10:00:00 AM,12,5,7
07/19/2017 09:00:00 AM,14,11,3
07/19/2017 08:00:00 AM,12,7,5
07/19/2017 07:00:00 AM,14,5,9
07/19/2017 06:00:00 AM,2,1,1
07/19/2017 05:00:00 AM,2,1,1
07/19/2017 04:00:00 AM,0,0,0
07/19/2017 03:00:00 AM,0,0,0
07/19/2017 02:00:00 AM,2,1,1
07/19/2017 01:00:00 AM,2,1,1
07/19/2017 12:00:00 AM,0,0,0
07/18/2017 11:00:00 PM,4,2,2
07/18/2017 10:00:00 PM,5,3,2
07/18/2017 09:00:00 PM,10,4,6
07/18/2017 08:00:00 PM,12,7,5
07/18/2017 07:00:00 PM,19,14,5
07/18/2017 06:00:00 PM,19,12,7
07/18/2017 05:00:00 PM,19,10,9
07/18/2017 04:00:00 PM,11,4,7
07/18/2017 03:00:00 PM,9,5,4
07/18/2017 02:00:00 PM,7,6,1
07/18/2017 01:00:00 PM,16,6,10
07/18/2017 12:00:00 PM,7,4,3
07/18/2017 11:00:00 AM,13,7,6
07/18/2017 10:00:00 AM,14,6,8
07/18/2017 09:00:00 AM,12,5,7
07/18/2017 08:00:00 AM,12,8,4
07/18/2017 07:00:00 AM,11,4,7
07/18/2017 06:00:00 AM,6,4,2
07/18/2017 05:00:00 AM,3,1,2
07/18/2017 04:00:00 AM,0,0,0
07/18/2017 03:00:00 AM,1,0,1
07/18/2017 02:00:00 AM,2,1,1
07/18/2017 01:00:00 AM,0,0,0
07/18/2017 12:00:00 AM,0,0,0
07/17/2017 11:00:00 PM,1,1,0
07/17/2017 10:00:00 PM,2,1,1
07/17/2017 09:00:00 PM,3,0,3
07/17/2017 08:00:00 PM,12,4,8
07/17/2017 07:00:00 PM,12,6,6
07/17/2017 06:00:00 PM,24,17,7
07/17/2017 05:00:00 PM,17,9,8
07/17/2017 04:00:00 PM,22,12,10
07/17/2017 03:00:00 PM,11,5,6
07/17/2017 02:00:00 PM,13,3,10
07/17/2017 01:00:00 PM,10,2,8
07/17/2017 12:00:00 PM,13,10,3
07/17/2017 11:00:00 AM,11,10,1
07/17/2017 10:00:00 AM,7,4,3
07/17/2017 09:00:00 AM,9,8,1
07/17/2017 08:00:00 AM,8,6,2
07/17/2017 07:00:00 AM,16,7,9
07/17/2017 06:00:00 AM,4,3,1
07/17/2017 05:00:00 AM,0,0,0
07/17/2017 04:00:00 AM,0,0,0
07/17/2017 03:00:00 AM,1,0,1
07/17/2017 02:00:00 AM,0,0,0
07/17/2017 01:00:00 AM,0,0,0
07/17/2017 12:00:00 AM,2,2,0
07/16/2017 11:00:00 PM,1,1,0
07/16/2017 10:00:00 PM,5,2,3
07/16/2017 09:00:00 PM,4,1,3
07/16/2017 08:00:00 PM,13,9,4
07/16/2017 07:00:00 PM,7,4,3
07/16/2017 06:00:00 PM,11,4,7
07/16/2017 05:00:00 PM,14,6,8
07/16/2017 04:00:00 PM,16,10,6
07/16/2017 03:00:00 PM,21,12,9
07/16/2017 02:00:00 PM,17,10,7
07/16/2017 01:00:00 PM,16,7,9
07/16/2017 12:00:00 PM,11,4,7
07/16/2017 11:00:00 AM,10,5,5
07/16/2017 10:00:00 AM,7,3,4
07/16/2017 09:00:00 AM,10,5,5
07/16/2017 08:00:00 AM,6,6,0
07/16/2017 07:00:00 AM,4,2,2
07/16/2017 06:00:00 AM,4,3,1
07/16/2017 05:00:00 AM,0,0,0
07/16/2017 04:00:00 AM,0,0,0
07/16/2017 03:00:00 AM,0,0,0
07/16/2017 02:00:00 AM,0,0,0
07/16/2017 01:00:00 AM,0,0,0
07/16/2017 12:00:00 AM,0,0,0
07/15/2017 11:00:00 PM,1,1,0
07/15/2017 10:00:00 PM,2,1,1
07/15/2017 09:00:00 PM,3,3,0
07/15/2017 08:00:00 PM,13,6,7
07/15/2017 07:00:00 PM,4,1,3
07/15/2017 06:00:00 PM,8,4,4
07/15/2017 05:00:00 PM,9,7,2
07/15/2017 04:00:00 PM,11,5,6
07/15/2017 03:00:00 PM,6,4,2
07/15/2017 02:00:00 PM,29,9,20
07/15/2017 01:00:00 PM,10,1,9
07/15/2017 12:00:00 PM,19,9,10
07/15/2017 11:00:00 AM,15,6,9
07/15/2017 10:00:00 AM,15,10,5
07/15/2017 09:00:00 AM,8,6,2
07/15/2017 08:00:00 AM,4,1,3
07/15/2017 07:00:00 AM,3,2,1
07/15/2017 06:00:00 AM,1,1,0
07/15/2017 05:00:00 AM,1,1,0
07/15/2017 04:00:00 AM,1,0,1
07/15/2017 03:00:00 AM,1,1,0
07/15/2017 02:00:00 AM,1,1,0
07/15/2017 01:00:00 AM,0,0,0
07/15/2017 12:00:00 AM,3,2,1
07/14/2017 11:00:00 PM,1,1,0
07/14/2017 10:00:00 PM,1,1,0
07/14/2017 09:00:00 PM,7,3,4
07/14/2017 08:00:00 PM,9,3,6
07/14/2017 07:00:00 PM,11,4,7
07/14/2017 06:00:00 PM,8,4,4
07/14/2017 05:00:00 PM,20,14,6
07/14/2017 04:00:00 PM,13,6,7
07/14/2017 03:00:00 PM,7,2,5
07/14/2017 02:00:00 PM,8,1,7
07/14/2017 01:00:00 PM,5,3,2
07/14/2017 12:00:00 PM,8,3,5
07/14/2017 11:00:00 AM,9,6,3
07/14/2017 10:00:00 AM,11,7,4
07/14/2017 09:00:00 AM,10,3,7
07/14/2017 08:00:00 AM,9,5,4
07/14/2017 07:00:00 AM,11,4,7
07/14/2017 06:00:00 AM,3,2,1
07/14/2017 05:00:00 AM,0,0,0
07/14/2017 04:00:00 AM,0,0,0
07/14/2017 03:00:00 AM,1,1,0
07/14/2017 02:00:00 AM,0,0,0
07/14/2017 01:00:00 AM,1,0,1
07/14/2017 12:00:00 AM,0,0,0
07/13/2017 11:00:00 PM,0,0,0
07/13/2017 10:00:00 PM,5,4,1
07/13/2017 09:00:00 PM,6,2,4
07/13/2017 08:00:00 PM,14,10,4
07/13/2017 07:00:00 PM,19,12,7
07/13/2017 06:00:00 PM,20,7,13
07/13/2017 05:00:00 PM,27,11,16
07/13/2017 04:00:00 PM,16,9,7
07/13/2017 03:00:00 PM,8,5,3
07/13/2017 02:00:00 PM,4,2,2
07/13/2017 01:00:00 PM,9,4,5
07/13/2017 12:00:00 PM,10,9,1
07/13/2017 11:00:00 AM,10,6,4
07/13/2017 10:00:00 AM,9,7,2
07/13/2017 09:00:00 AM,12,5,7
07/13/2017 08:00:00 AM,9,4,5
07/13/2017 07:00:00 AM,7,3,4
07/13/2017 06:00:00 AM,4,2,2
07/13/2017 05:00:00 AM,0,0,0
07/13/2017 04:00:00 AM,1,1,0
07/13/2017 03:00:00 AM,0,0,0
07/13/2017 02:00:00 AM,0,0,0
07/13/2017 01:00:00 AM,0,0,0
07/13/2017 12:00:00 AM,0,0,0
07/12/2017 11:00:00 PM,2,0,2
07/12/2017 10:00:00 PM,3,3,0
07/12/2017 09:00:00 PM,6,4,2
07/12/2017 08:00:00 PM,14,6,8
07/12/2017 07:00:00 PM,18,11,7
07/12/2017 06:00:00 PM,22,15,7
07/12/2017 05:00:00 PM,23,11,12
07/12/2017 04:00:00 PM,21,11,10
07/12/2017 03:00:00 PM,6,3,3
07/12/2017 02:00:00 PM,12,6,6
07/12/2017 01:00:00 PM,6,5,1
07/12/2017 12:00:00 PM,8,6,2
07/12/2017 11:00:00 AM,9,4,5
07/12/2017 10:00:00 AM,6,4,2
07/12/2017 09:00:00 AM,11,6,5
07/12/2017 08:00:00 AM,9,7,2
07/12/2017 07:00:00 AM,14,7,7
07/12/2017 06:00:00 AM,14,9,5
07/12/2017 05:00:00 AM,0,0,0
07/12/2017 04:00:00 AM,0,0,0
07/12/2017 03:00:00 AM,2,0,2
07/12/2017 02:00:00 AM,0,0,0
07/12/2017 01:00:00 AM,0,0,0
07/12/2017 12:00:00 AM,0,0,0
07/11/2017 11:00:00 PM,0,0,0
07/11/2017 10:00:00 PM,2,0,2
07/11/2017 09:00:00 PM,7,3,4
07/11/2017 08:00:00 PM,10,6,4
07/11/2017 07:00:00 PM,9,5,4
07/11/2017 06:00:00 PM,26,17,9
07/11/2017 05:00:00 PM,20,5,15
07/11/2017 04:00:00 PM,18,7,11
07/11/2017 03:00:00 PM,13,5,8
07/11/2017 02:00:00 PM,9,6,3
07/11/2017 01:00:00 PM,20,12,8
07/11/2017 12:00:00 PM,15,10,5
07/11/2017 11:00:00 AM,9,5,4
07/11/2017 10:00:00 AM,8,6,2
07/11/2017 09:00:00 AM,6,3,3
07/11/2017 08:00:00 AM,12,7,5
07/11/2017 07:00:00 AM,10,5,5
07/11/2017 06:00:00 AM,6,5,1
07/11/2017 05:00:00 AM,1,1,0
07/11/2017 04:00:00 AM,0,0,0
07/11/2017 03:00:00 AM,0,0,0
07/11/2017 02:00:00 AM,0,0,0
07/11/2017 01:00:00 AM,0,0,0
07/11/2017 12:00:00 AM,0,0,0
07/10/2017 11:00:00 PM,0,0,0
07/10/2017 10:00:00 PM,1,1,0
07/10/2017 09:00:00 PM,8,3,5
07/10/2017 08:00:00 PM,11,5,6
07/10/2017 07:00:00 PM,13,9,4
07/10/2017 06:00:00 PM,19,9,10
07/10/2017 05:00:00 PM,19,8,11
07/10/2017 04:00:00 PM,11,6,5
07/10/2017 03:00:00 PM,6,4,2
07/10/2017 02:00:00 PM,9,2,7
07/10/2017 01:00:00 PM,5,1,4
07/10/2017 12:00:00 PM,12,8,4
07/10/2017 11:00:00 AM,8,7,1
07/10/2017 10:00:00 AM,14,12,2
07/10/2017 09:00:00 AM,9,5,4
07/10/2017 08:00:00 AM,15,8,7
07/10/2017 07:00:00 AM,9,3,6
07/10/2017 06:00:00 AM,4,2,2
07/10/2017 05:00:00 AM,1,1,0
07/10/2017 04:00:00 AM,1,1,0
07/10/2017 03:00:00 AM,0,0,0
07/10/2017 02:00:00 AM,0,0,0
07/10/2017 01:00:00 AM,0,0,0
07/10/2017 12:00:00 AM,2,1,1
07/09/2017 11:00:00 PM,3,3,0
07/09/2017 10:00:00 PM,3,3,0
07/09/2017 09:00:00 PM,8,6,2
07/09/2017 08:00:00 PM,9,8,1
07/09/2017 07:00:00 PM,17,9,8
07/09/2017 06:00:00 PM,20,10,10
07/09/2017 05:00:00 PM,20,10,10
07/09/2017 04:00:00 PM,19,8,11
07/09/2017 03:00:00 PM,26,17,9
07/09/2017 02:00:00 PM,37,23,14
07/09/2017 01:00:00 PM,25,18,7
07/09/2017 12:00:00 PM,19,10,9
07/09/2017 11:00:00 AM,29,14,15
07/09/2017 10:00:00 AM,31,20,11
07/09/2017 09:00:00 AM,17,13,4
07/09/2017 08:00:00 AM,5,3,2
07/09/2017 07:00:00 AM,4,2,2
07/09/2017 06:00:00 AM,0,0,0
07/09/2017 05:00:00 AM,0,0,0
07/09/2017 04:00:00 AM,1,1,0
07/09/2017 03:00:00 AM,2,1,1
07/09/2017 02:00:00 AM,1,1,0
07/09/2017 01:00:00 AM,1,0,1
07/09/2017 12:00:00 AM,3,1,2
07/08/2017 11:00:00 PM,1,0,1
07/08/2017 10:00:00 PM,4,2,2
07/08/2017 09:00:00 PM,5,3,2
07/08/2017 08:00:00 PM,13,7,6
07/08/2017 07:00:00 PM,16,6,10
07/08/2017 06:00:00 PM,20,11,9
07/08/2017 05:00:00 PM,33,23,10
07/08/2017 04:00:00 PM,19,10,9
07/08/2017 03:00:00 PM,41,19,22
07/08/2017 02:00:00 PM,14,10,4
07/08/2017 01:00:00 PM,32,19,13
07/08/2017 12:00:00 PM,27,19,8
07/08/2017 11:00:00 AM,24,18,6
07/08/2017 10:00:00 AM,35,20,15
07/08/2017 09:00:00 AM,19,10,9
07/08/2017 08:00:00 AM,11,9,2
07/08/2017 07:00:00 AM,5,4,1
07/08/2017 06:00:00 AM,2,1,1
07/08/2017 05:00:00 AM,0,0,0
07/08/2017 04:00:00 AM,0,0,0
07/08/2017 03:00:00 AM,0,0,0
07/08/2017 02:00:00 AM,0,0,0
07/08/2017 01:00:00 AM,1,0,1
07/08/2017 12:00:00 AM,10,7,3
07/07/2017 11:00:00 PM,10,9,1
07/07/2017 10:00:00 PM,6,5,1
07/07/2017 09:00:00 PM,7,1,6
07/07/2017 08:00:00 PM,15,7,8
07/07/2017 07:00:00 PM,9,5,4
07/07/2017 06:00:00 PM,18,14,4
07/07/2017 05:00:00 PM,26,10,16
07/07/2017 04:00:00 PM,8,6,2
07/07/2017 03:00:00 PM,12,5,7
07/07/2017 02:00:00 PM,8,4,4
07/07/2017 01:00:00 PM,8,2,6
07/07/2017 12:00:00 PM,6,4,2
07/07/2017 11:00:00 AM,5,3,2
07/07/2017 10:00:00 AM,3,1,2
07/07/2017 09:00:00 AM,10,6,4
07/07/2017 08:00:00 AM,11,5,6
07/07/2017 07:00:00 AM,5,1,4
07/07/2017 06:00:00 AM,1,0,1
07/07/2017 05:00:00 AM,1,1,0
07/07/2017 04:00:00 AM,2,2,0
07/07/2017 03:00:00 AM,1,0,1
07/07/2017 02:00:00 AM,0,0,0
07/07/2017 01:00:00 AM,0,0,0
07/07/2017 12:00:00 AM,0,0,0
07/06/2017 11:00:00 PM,0,0,0
07/06/2017 10:00:00 PM,5,2,3
07/06/2017 09:00:00 PM,6,2,4
07/06/2017 08:00:00 PM,4,2,2
07/06/2017 07:00:00 PM,9,2,7
07/06/2017 06:00:00 PM,17,10,7
07/06/2017 05:00:00 PM,10,2,8
07/06/2017 04:00:00 PM,13,6,7
07/06/2017 03:00:00 PM,9,2,7
07/06/2017 02:00:00 PM,6,2,4
07/06/2017 01:00:00 PM,8,1,7
07/06/2017 12:00:00 PM,13,7,6
07/06/2017 11:00:00 AM,10,7,3
07/06/2017 10:00:00 AM,20,12,8
07/06/2017 09:00:00 AM,6,5,1
07/06/2017 08:00:00 AM,13,6,7
07/06/2017 07:00:00 AM,8,4,4
07/06/2017 06:00:00 AM,3,1,2
07/06/2017 05:00:00 AM,0,0,0
07/06/2017 04:00:00 AM,0,0,0
07/06/2017 03:00:00 AM,0,0,0
07/06/2017 02:00:00 AM,0,0,0
07/06/2017 01:00:00 AM,0,0,0
07/06/2017 12:00:00 AM,0,0,0
07/05/2017 11:00:00 PM,1,0,1
07/05/2017 10:00:00 PM,2,1,1
07/05/2017 09:00:00 PM,2,1,1
07/05/2017 08:00:00 PM,14,7,7
07/05/2017 07:00:00 PM,9,7,2
07/05/2017 06:00:00 PM,15,6,9
07/05/2017 05:00:00 PM,20,9,11
07/05/2017 04:00:00 PM,13,4,9
07/05/2017 03:00:00 PM,6,2,4
07/05/2017 02:00:00 PM,6,4,2
07/05/2017 01:00:00 PM,7,2,5
07/05/2017 12:00:00 PM,10,8,2
07/05/2017 11:00:00 AM,6,0,6
07/05/2017 10:00:00 AM,10,7,3
07/05/2017 09:00:00 AM,11,6,5
07/05/2017 08:00:00 AM,8,5,3
07/05/2017 07:00:00 AM,9,4,5
07/05/2017 06:00:00 AM,1,1,0
07/05/2017 05:00:00 AM,0,0,0
07/05/2017 04:00:00 AM,1,0,1
07/05/2017 03:00:00 AM,1,0,1
07/05/2017 02:00:00 AM,0,0,0
07/05/2017 01:00:00 AM,1,0,1
07/05/2017 12:00:00 AM,4,4,0
07/04/2017 11:00:00 PM,9,7,2
07/04/2017 10:00:00 PM,3,0,3
07/04/2017 09:00:00 PM,4,2,2
07/04/2017 08:00:00 PM,8,3,5
07/04/2017 07:00:00 PM,8,4,4
07/04/2017 06:00:00 PM,6,2,4
07/04/2017 05:00:00 PM,14,6,8
07/04/2017 04:00:00 PM,18,8,10
07/04/2017 03:00:00 PM,15,6,9
07/04/2017 02:00:00 PM,10,5,5
07/04/2017 01:00:00 PM,17,7,10
07/04/2017 12:00:00 PM,18,7,11
07/04/2017 11:00:00 AM,34,13,21
07/04/2017 10:00:00 AM,18,11,7
07/04/2017 09:00:00 AM,12,9,3
07/04/2017 08:00:00 AM,13,5,8
07/04/2017 07:00:00 AM,4,1,3
07/04/2017 06:00:00 AM,0,0,0
07/04/2017 05:00:00 AM,0,0,0
07/04/2017 04:00:00 AM,0,0,0
07/04/2017 03:00:00 AM,1,0,1
07/04/2017 02:00:00 AM,0,0,0
07/04/2017 01:00:00 AM,1,1,0
07/04/2017 12:00:00 AM,0,0,0
07/03/2017 11:00:00 PM,5,2,3
07/03/2017 10:00:00 PM,6,1,5
07/03/2017 09:00:00 PM,9,5,4
07/03/2017 08:00:00 PM,7,3,4
07/03/2017 07:00:00 PM,11,5,6
07/03/2017 06:00:00 PM,10,2,8
07/03/2017 05:00:00 PM,30,11,19
07/03/2017 04:00:00 PM,19,13,6
07/03/2017 03:00:00 PM,22,10,12
07/03/2017 02:00:00 PM,12,5,7
07/03/2017 01:00:00 PM,17,9,8
07/03/2017 12:00:00 PM,9,7,2
07/03/2017 11:00:00 AM,19,14,5
07/03/2017 10:00:00 AM,0,0,0
07/03/2017 09:00:00 AM,14,10,4
07/03/2017 08:00:00 AM,9,4,5
07/03/2017 07:00:00 AM,6,4,2
07/03/2017 06:00:00 AM,6,4,2
07/03/2017 05:00:00 AM,0,0,0
07/03/2017 04:00:00 AM,1,1,0
07/03/2017 03:00:00 AM,0,0,0
07/03/2017 02:00:00 AM,0,0,0
07/03/2017 01:00:00 AM,0,0,0
07/03/2017 12:00:00 AM,1,1,0
07/02/2017 11:00:00 PM,2,1,1
07/02/2017 10:00:00 PM,1,1,0
07/02/2017 09:00:00 PM,6,3,3
07/02/2017 08:00:00 PM,5,3,2
07/02/2017 07:00:00 PM,12,5,7
07/02/2017 06:00:00 PM,8,4,4
07/02/2017 05:00:00 PM,13,7,6
07/02/2017 04:00:00 PM,16,5,11
07/02/2017 03:00:00 PM,10,5,5
07/02/2017 02:00:00 PM,29,13,16
07/02/2017 01:00:00 PM,20,7,13
07/02/2017 12:00:00 PM,21,12,9
07/02/2017 11:00:00 AM,15,11,4
07/02/2017 10:00:00 AM,12,9,3
07/02/2017 09:00:00 AM,13,7,6
07/02/2017 08:00:00 AM,8,3,5
07/02/2017 07:00:00 AM,5,2,3
07/02/2017 06:00:00 AM,1,0,1
07/02/2017 05:00:00 AM,0,0,0
07/02/2017 04:00:00 AM,0,0,0
07/02/2017 03:00:00 AM,0,0,0
07/02/2017 02:00:00 AM,0,0,0
07/02/2017 01:00:00 AM,0,0,0
07/02/2017 12:00:00 AM,2,2,0
07/01/2017 11:00:00 PM,0,0,0
07/01/2017 10:00:00 PM,3,2,1
07/01/2017 09:00:00 PM,1,0,1
07/01/2017 08:00:00 PM,6,4,2
07/01/2017 07:00:00 PM,15,2,13
07/01/2017 06:00:00 PM,6,3,3
07/01/2017 05:00:00 PM,15,4,11
07/01/2017 04:00:00 PM,15,9,6
07/01/2017 03:00:00 PM,17,10,7
07/01/2017 02:00:00 PM,16,6,10
07/01/2017 01:00:00 PM,15,10,5
07/01/2017 12:00:00 PM,14,9,5
07/01/2017 11:00:00 AM,18,11,7
07/01/2017 10:00:00 AM,14,9,5
07/01/2017 09:00:00 AM,12,9,3
07/01/2017 08:00:00 AM,7,3,4
07/01/2017 07:00:00 AM,5,2,3
07/01/2017 06:00:00 AM,5,4,1
07/01/2017 05:00:00 AM,0,0,0
07/01/2017 04:00:00 AM,1,0,1
07/01/2017 03:00:00 AM,0,0,0
07/01/2017 02:00:00 AM,0,0,0
07/01/2017 01:00:00 AM,0,0,0
07/01/2017 12:00:00 AM,1,1,0
06/30/2017 11:00:00 PM,2,0,2
06/30/2017 10:00:00 PM,6,2,4
06/30/2017 09:00:00 PM,3,2,1
06/30/2017 08:00:00 PM,8,5,3
06/30/2017 07:00:00 PM,12,7,5
06/30/2017 06:00:00 PM,12,9,3
06/30/2017 05:00:00 PM,13,4,9
06/30/2017 04:00:00 PM,14,3,11
06/30/2017 03:00:00 PM,16,9,7
06/30/2017 02:00:00 PM,11,6,5
06/30/2017 01:00:00 PM,6,4,2
06/30/2017 12:00:00 PM,4,2,2
06/30/2017 11:00:00 AM,18,13,5
06/30/2017 10:00:00 AM,13,10,3
06/30/2017 09:00:00 AM,7,5,2
06/30/2017 08:00:00 AM,5,2,3
06/30/2017 07:00:00 AM,12,6,6
06/30/2017 06:00:00 AM,8,5,3
06/30/2017 05:00:00 AM,4,1,3
06/30/2017 04:00:00 AM,1,1,0
06/30/2017 03:00:00 AM,0,0,0
06/30/2017 02:00:00 AM,0,0,0
06/30/2017 01:00:00 AM,1,1,0
06/30/2017 12:00:00 AM,0,0,0
06/29/2017 11:00:00 PM,1,1,0
06/29/2017 10:00:00 PM,2,2,0
06/29/2017 09:00:00 PM,5,2,3
06/29/2017 08:00:00 PM,8,2,6
06/29/2017 07:00:00 PM,10,4,6
06/29/2017 06:00:00 PM,19,11,8
06/29/2017 05:00:00 PM,25,11,14
06/29/2017 04:00:00 PM,19,11,8
06/29/2017 03:00:00 PM,12,7,5
06/29/2017 02:00:00 PM,10,6,4
06/29/2017 01:00:00 PM,12,9,3
06/29/2017 12:00:00 PM,14,9,5
06/29/2017 11:00:00 AM,12,9,3
06/29/2017 10:00:00 AM,13,8,5
06/29/2017 09:00:00 AM,13,8,5
06/29/2017 08:00:00 AM,15,15,0
06/29/2017 07:00:00 AM,12,8,4
06/29/2017 06:00:00 AM,6,1,5
06/29/2017 05:00:00 AM,4,2,2
06/29/2017 04:00:00 AM,3,2,1
06/29/2017 03:00:00 AM,0,0,0
06/29/2017 02:00:00 AM,1,1,0
06/29/2017 01:00:00 AM,0,0,0
06/29/2017 12:00:00 AM,0,0,0
06/28/2017 11:00:00 PM,0,0,0
06/28/2017 10:00:00 PM,0,0,0
06/28/2017 09:00:00 PM,4,0,4
06/28/2017 08:00:00 PM,10,5,5
06/28/2017 07:00:00 PM,7,4,3
06/28/2017 06:00:00 PM,7,3,4
06/28/2017 05:00:00 PM,18,10,8
06/28/2017 04:00:00 PM,16,10,6
06/28/2017 03:00:00 PM,8,6,2
06/28/2017 02:00:00 PM,13,6,7
06/28/2017 01:00:00 PM,9,7,2
06/28/2017 12:00:00 PM,2,0,2
06/28/2017 11:00:00 AM,5,4,1
06/28/2017 10:00:00 AM,4,2,2
06/28/2017 09:00:00 AM,5,2,3
06/28/2017 08:00:00 AM,9,3,6
06/28/2017 07:00:00 AM,4,1,3
06/28/2017 06:00:00 AM,12,7,5
06/28/2017 05:00:00 AM,1,0,1
06/28/2017 04:00:00 AM,0,0,0
06/28/2017 03:00:00 AM,0,0,0
06/28/2017 02:00:00 AM,1,1,0
06/28/2017 01:00:00 AM,0,0,0
06/28/2017 12:00:00 AM,0,0,0
06/27/2017 11:00:00 PM,1,1,0
06/27/2017 10:00:00 PM,1,0,1
06/27/2017 09:00:00 PM,6,2,4
06/27/2017 08:00:00 PM,11,3,8
06/27/2017 07:00:00 PM,9,4,5
06/27/2017 06:00:00 PM,20,10,10
06/27/2017 05:00:00 PM,12,9,3
06/27/2017 04:00:00 PM,17,9,8
06/27/2017 03:00:00 PM,16,8,8
06/27/2017 02:00:00 PM,13,5,8
06/27/2017 01:00:00 PM,9,2,7
06/27/2017 12:00:00 PM,8,5,3
06/27/2017 11:00:00 AM,8,6,2
06/27/2017 10:00:00 AM,7,4,3
06/27/2017 09:00:00 AM,10,8,2
06/27/2017 08:00:00 AM,9,4,5
06/27/2017 07:00:00 AM,8,6,2
06/27/2017 06:00:00 AM,9,2,7
06/27/2017 05:00:00 AM,1,0,1
06/27/2017 04:00:00 AM,1,0,1
06/27/2017 03:00:00 AM,0,0,0
06/27/2017 02:00:00 AM,0,0,0
06/27/2017 01:00:00 AM,0,0,0
06/27/2017 12:00:00 AM,0,0,0
06/26/2017 11:00:00 PM,1,1,0
06/26/2017 10:00:00 PM,1,0,1
06/26/2017 09:00:00 PM,4,1,3
06/26/2017 08:00:00 PM,4,1,3
06/26/2017 07:00:00 PM,7,1,6
06/26/2017 06:00:00 PM,7,5,2
06/26/2017 05:00:00 PM,18,11,7
06/26/2017 04:00:00 PM,16,12,4
06/26/2017 03:00:00 PM,19,10,9
06/26/2017 02:00:00 PM,8,5,3
06/26/2017 01:00:00 PM,8,5,3
06/26/2017 12:00:00 PM,10,4,6
06/26/2017 11:00:00 AM,10,4,6
06/26/2017 10:00:00 AM,4,4,0
06/26/2017 09:00:00 AM,11,4,7
06/26/2017 08:00:00 AM,15,11,4
06/26/2017 07:00:00 AM,4,2,2
06/26/2017 06:00:00 AM,11,5,6
06/26/2017 05:00:00 AM,3,1,2
06/26/2017 04:00:00 AM,0,0,0
06/26/2017 03:00:00 AM,2,1,1
06/26/2017 02:00:00 AM,1,0,1
06/26/2017 01:00:00 AM,0,0,0
06/26/2017 12:00:00 AM,1,1,0
06/25/2017 11:00:00 PM,0,0,0
06/25/2017 10:00:00 PM,1,0,1
06/25/2017 09:00:00 PM,0,0,0
06/25/2017 08:00:00 PM,8,1,7
06/25/2017 07:00:00 PM,6,5,1
06/25/2017 06:00:00 PM,4,1,3
06/25/2017 05:00:00 PM,6,1,5
06/25/2017 04:00:00 PM,8,6,2
06/25/2017 03:00:00 PM,17,7,10
06/25/2017 02:00:00 PM,15,6,9
06/25/2017 01:00:00 PM,20,12,8
06/25/2017 12:00:00 PM,11,3,8
06/25/2017 11:00:00 AM,10,7,3
06/25/2017 10:00:00 AM,20,10,10
06/25/2017 09:00:00 AM,11,7,4
06/25/2017 08:00:00 AM,10,6,4
06/25/2017 07:00:00 AM,8,2,6
06/25/2017 06:00:00 AM,2,1,1
06/25/2017 05:00:00 AM,2,2,0
06/25/2017 04:00:00 AM,0,0,0
06/25/2017 03:00:00 AM,1,0,1
06/25/2017 02:00:00 AM,0,0,0
06/25/2017 01:00:00 AM,0,0,0
06/25/2017 12:00:00 AM,0,0,0
06/24/2017 11:00:00 PM,1,1,0
06/24/2017 10:00:00 PM,1,0,1
06/24/2017 09:00:00 PM,9,4,5
06/24/2017 08:00:00 PM,6,2,4
06/24/2017 07:00:00 PM,7,4,3
06/24/2017 06:00:00 PM,10,6,4
06/24/2017 05:00:00 PM,14,5,9
06/24/2017 04:00:00 PM,8,4,4
06/24/2017 03:00:00 PM,7,4,3
06/24/2017 02:00:00 PM,17,14,3
06/24/2017 01:00:00 PM,22,12,10
06/24/2017 12:00:00 PM,20,13,7
06/24/2017 11:00:00 AM,11,7,4
06/24/2017 10:00:00 AM,23,11,12
06/24/2017 09:00:00 AM,13,8,5
06/24/2017 08:00:00 AM,18,12,6
06/24/2017 07:00:00 AM,6,4,2
06/24/2017 06:00:00 AM,1,1,0
06/24/2017 05:00:00 AM,0,0,0
06/24/2017 04:00:00 AM,0,0,0
06/24/2017 03:00:00 AM,0,0,0
06/24/2017 02:00:00 AM,1,0,1
06/24/2017 01:00:00 AM,0,0,0
06/24/2017 12:00:00 AM,1,1,0
06/23/2017 11:00:00 PM,1,0,1
06/23/2017 10:00:00 PM,5,0,5
06/23/2017 09:00:00 PM,4,2,2
06/23/2017 08:00:00 PM,11,5,6
06/23/2017 07:00:00 PM,12,8,4
06/23/2017 06:00:00 PM,11,6,5
06/23/2017 05:00:00 PM,13,11,2
06/23/2017 04:00:00 PM,12,7,5
06/23/2017 03:00:00 PM,18,10,8
06/23/2017 02:00:00 PM,16,6,10
06/23/2017 01:00:00 PM,19,8,11
06/23/2017 12:00:00 PM,9,3,6
06/23/2017 11:00:00 AM,7,5,2
06/23/2017 10:00:00 AM,9,5,4
06/23/2017 09:00:00 AM,8,8,0
06/23/2017 08:00:00 AM,8,6,2
06/23/2017 07:00:00 AM,13,5,8
06/23/2017 06:00:00 AM,6,5,1
06/23/2017 05:00:00 AM,4,2,2
06/23/2017 04:00:00 AM,0,0,0
06/23/2017 03:00:00 AM,1,1,0
06/23/2017 02:00:00 AM,1,0,1
06/23/2017 01:00:00 AM,0,0,0
06/23/2017 12:00:00 AM,0,0,0
06/22/2017 11:00:00 PM,0,0,0
06/22/2017 10:00:00 PM,3,2,1
06/22/2017 09:00:00 PM,2,2,0
06/22/2017 08:00:00 PM,7,2,5
06/22/2017 07:00:00 PM,6,5,1
06/22/2017 06:00:00 PM,9,6,3
06/22/2017 05:00:00 PM,14,6,8
06/22/2017 04:00:00 PM,16,7,9
06/22/2017 03:00:00 PM,13,7,6
06/22/2017 02:00:00 PM,9,7,2
06/22/2017 01:00:00 PM,11,6,5
06/22/2017 12:00:00 PM,11,7,4
06/22/2017 11:00:00 AM,8,7,1
06/22/2017 10:00:00 AM,5,4,1
06/22/2017 09:00:00 AM,10,7,3
06/22/2017 08:00:00 AM,10,9,1
06/22/2017 07:00:00 AM,9,3,6
06/22/2017 06:00:00 AM,5,2,3
06/22/2017 05:00:00 AM,2,0,2
06/22/2017 04:00:00 AM,1,0,1
06/22/2017 03:00:00 AM,0,0,0
06/22/2017 02:00:00 AM,0,0,0
06/22/2017 01:00:00 AM,0,0,0
06/22/2017 12:00:00 AM,1,1,0
06/21/2017 11:00:00 PM,1,1,0
06/21/2017 10:00:00 PM,0,0,0
06/21/2017 09:00:00 PM,5,1,4
06/21/2017 08:00:00 PM,10,7,3
06/21/2017 07:00:00 PM,12,8,4
06/21/2017 06:00:00 PM,19,12,7
06/21/2017 05:00:00 PM,17,11,6
06/21/2017 04:00:00 PM,16,11,5
06/21/2017 03:00:00 PM,22,14,8
06/21/2017 02:00:00 PM,17,9,8
06/21/2017 01:00:00 PM,14,9,5
06/21/2017 12:00:00 PM,13,5,8
06/21/2017 11:00:00 AM,14,10,4
06/21/2017 10:00:00 AM,10,7,3
06/21/2017 09:00:00 AM,10,7,3
06/21/2017 08:00:00 AM,5,5,0
06/21/2017 07:00:00 AM,8,5,3
06/21/2017 06:00:00 AM,9,4,5
06/21/2017 05:00:00 AM,2,2,0
06/21/2017 04:00:00 AM,0,0,0
06/21/2017 03:00:00 AM,0,0,0
06/21/2017 02:00:00 AM,0,0,0
06/21/2017 01:00:00 AM,0,0,0
06/21/2017 12:00:00 AM,0,0,0
06/20/2017 11:00:00 PM,0,0,0
06/20/2017 10:00:00 PM,2,1,1
06/20/2017 09:00:00 PM,2,1,1
06/20/2017 08:00:00 PM,6,3,3
06/20/2017 07:00:00 PM,3,2,1
06/20/2017 06:00:00 PM,16,13,3
06/20/2017 05:00:00 PM,15,9,6
06/20/2017 04:00:00 PM,16,10,6
06/20/2017 03:00:00 PM,11,6,5
06/20/2017 02:00:00 PM,6,2,4
06/20/2017 01:00:00 PM,9,5,4
06/20/2017 12:00:00 PM,11,4,7
06/20/2017 11:00:00 AM,2,0,2
06/20/2017 10:00:00 AM,9,8,1
06/20/2017 09:00:00 AM,6,5,1
06/20/2017 08:00:00 AM,8,6,2
06/20/2017 07:00:00 AM,8,6,2
06/20/2017 06:00:00 AM,5,1,4
06/20/2017 05:00:00 AM,4,3,1
06/20/2017 04:00:00 AM,0,0,0
06/20/2017 03:00:00 AM,0,0,0
06/20/2017 02:00:00 AM,1,0,1
06/20/2017 01:00:00 AM,0,0,0
06/20/2017 12:00:00 AM,0,0,0
06/19/2017 11:00:00 PM,3,3,0
06/19/2017 10:00:00 PM,2,0,2
06/19/2017 09:00:00 PM,2,0,2
06/19/2017 08:00:00 PM,10,1,9
06/19/2017 07:00:00 PM,7,3,4
06/19/2017 06:00:00 PM,17,14,3
06/19/2017 05:00:00 PM,20,10,10
06/19/2017 04:00:00 PM,25,14,11
06/19/2017 03:00:00 PM,17,10,7
06/19/2017 02:00:00 PM,11,9,2
06/19/2017 01:00:00 PM,10,7,3
06/19/2017 12:00:00 PM,14,11,3
06/19/2017 11:00:00 AM,5,4,1
06/19/2017 10:00:00 AM,4,1,3
06/19/2017 09:00:00 AM,9,7,2
06/19/2017 08:00:00 AM,9,5,4
06/19/2017 07:00:00 AM,9,6,3
06/19/2017 06:00:00 AM,9,4,5
06/19/2017 05:00:00 AM,5,4,1
06/19/2017 04:00:00 AM,3,2,1
06/19/2017 03:00:00 AM,0,0,0
06/19/2017 02:00:00 AM,0,0,0
06/19/2017 01:00:00 AM,0,0,0
06/19/2017 12:00:00 AM,1,0,1
06/18/2017 11:00:00 PM,0,0,0
06/18/2017 10:00:00 PM,1,1,0
06/18/2017 09:00:00 PM,4,4,0
06/18/2017 08:00:00 PM,0,0,0
06/18/2017 07:00:00 PM,5,2,3
06/18/2017 06:00:00 PM,7,7,0
06/18/2017 05:00:00 PM,5,2,3
06/18/2017 04:00:00 PM,17,9,8
06/18/2017 03:00:00 PM,16,8,8
06/18/2017 02:00:00 PM,20,9,11
06/18/2017 01:00:00 PM,20,12,8
06/18/2017 12:00:00 PM,18,14,4
06/18/2017 11:00:00 AM,10,7,3
06/18/2017 10:00:00 AM,15,10,5
06/18/2017 09:00:00 AM,6,2,4
06/18/2017 08:00:00 AM,8,4,4
06/18/2017 07:00:00 AM,2,2,0
06/18/2017 06:00:00 AM,2,0,2
06/18/2017 05:00:00 AM,0,0,0
06/18/2017 04:00:00 AM,0,0,0
06/18/2017 03:00:00 AM,3,1,2
06/18/2017 02:00:00 AM,0,0,0
06/18/2017 01:00:00 AM,0,0,0
06/18/2017 12:00:00 AM,2,1,1
06/17/2017 11:00:00 PM,2,1,1
06/17/2017 10:00:00 PM,0,0,0
06/17/2017 09:00:00 PM,2,1,1
06/17/2017 08:00:00 PM,2,1,1
06/17/2017 07:00:00 PM,1,1,0
06/17/2017 06:00:00 PM,4,2,2
06/17/2017 05:00:00 PM,4,2,2
06/17/2017 04:00:00 PM,11,4,7
06/17/2017 03:00:00 PM,10,8,2
06/17/2017 02:00:00 PM,28,16,12
06/17/2017 01:00:00 PM,12,4,8
06/17/2017 12:00:00 PM,23,11,12
06/17/2017 11:00:00 AM,13,9,4
06/17/2017 10:00:00 AM,25,10,15
06/17/2017 09:00:00 AM,17,10,7
06/17/2017 08:00:00 AM,9,5,4
06/17/2017 07:00:00 AM,7,6,1
06/17/2017 06:00:00 AM,3,3,0
06/17/2017 05:00:00 AM,1,0,1
06/17/2017 04:00:00 AM,0,0,0
06/17/2017 03:00:00 AM,2,1,1
06/17/2017 02:00:00 AM,0,0,0
06/17/2017 01:00:00 AM,0,0,0
06/17/2017 12:00:00 AM,0,0,0
06/16/2017 11:00:00 PM,2,1,1
06/16/2017 10:00:00 PM,2,1,1
06/16/2017 09:00:00 PM,2,1,1
06/16/2017 08:00:00 PM,4,2,2
06/16/2017 07:00:00 PM,8,4,4
06/16/2017 06:00:00 PM,9,7,2
06/16/2017 05:00:00 PM,13,10,3
06/16/2017 04:00:00 PM,24,17,7
06/16/2017 03:00:00 PM,20,13,7
06/16/2017 02:00:00 PM,12,6,6
06/16/2017 01:00:00 PM,6,3,3
06/16/2017 12:00:00 PM,4,4,0
06/16/2017 11:00:00 AM,4,3,1
06/16/2017 10:00:00 AM,10,8,2
06/16/2017 09:00:00 AM,11,7,4
06/16/2017 08:00:00 AM,9,7,2
06/16/2017 07:00:00 AM,7,4,3
06/16/2017 06:00:00 AM,4,3,1
06/16/2017 05:00:00 AM,4,2,2
06/16/2017 04:00:00 AM,0,0,0
06/16/2017 03:00:00 AM,1,1,0
06/16/2017 02:00:00 AM,0,0,0
06/16/2017 01:00:00 AM,0,0,0
06/16/2017 12:00:00 AM,0,0,0
06/15/2017 11:00:00 PM,1,1,0
06/15/2017 10:00:00 PM,0,0,0
06/15/2017 09:00:00 PM,0,0,0
06/15/2017 08:00:00 PM,2,0,2
06/15/2017 07:00:00 PM,4,3,1
06/15/2017 06:00:00 PM,5,1,4
06/15/2017 05:00:00 PM,7,5,2
06/15/2017 04:00:00 PM,8,5,3
06/15/2017 03:00:00 PM,11,10,1
06/15/2017 02:00:00 PM,4,2,2
06/15/2017 01:00:00 PM,7,5,2
06/15/2017 12:00:00 PM,5,5,0
06/15/2017 11:00:00 AM,7,6,1
06/15/2017 10:00:00 AM,6,5,1
06/15/2017 09:00:00 AM,5,5,0
06/15/2017 08:00:00 AM,2,2,0
06/15/2017 07:00:00 AM,8,4,4
06/15/2017 06:00:00 AM,7,3,4
06/15/2017 05:00:00 AM,3,2,1
06/15/2017 04:00:00 AM,1,1,0
06/15/2017 03:00:00 AM,0,0,0
06/15/2017 02:00:00 AM,0,0,0
06/15/2017 01:00:00 AM,1,0,1
06/15/2017 12:00:00 AM,1,1,0
06/14/2017 11:00:00 PM,1,0,1
06/14/2017 10:00:00 PM,1,0,1
06/14/2017 09:00:00 PM,4,1,3
06/14/2017 08:00:00 PM,1,1,0
06/14/2017 07:00:00 PM,9,6,3
06/14/2017 06:00:00 PM,10,4,6
06/14/2017 05:00:00 PM,18,12,6
06/14/2017 04:00:00 PM,16,9,7
06/14/2017 03:00:00 PM,8,4,4
06/14/2017 02:00:00 PM,7,3,4
06/14/2017 01:00:00 PM,3,1,2
06/14/2017 12:00:00 PM,10,4,6
06/14/2017 11:00:00 AM,5,4,1
06/14/2017 10:00:00 AM,9,6,3
06/14/2017 09:00:00 AM,2,2,0
06/14/2017 08:00:00 AM,9,6,3
06/14/2017 07:00:00 AM,9,7,2
06/14/2017 06:00:00 AM,5,2,3
06/14/2017 05:00:00 AM,1,1,0
06/14/2017 04:00:00 AM,1,1,0
06/14/2017 03:00:00 AM,0,0,0
06/14/2017 02:00:00 AM,0,0,0
06/14/2017 01:00:00 AM,1,0,1
06/14/2017 12:00:00 AM,1,0,1
06/13/2017 11:00:00 PM,1,0,1
06/13/2017 10:00:00 PM,0,0,0
06/13/2017 09:00:00 PM,0,0,0
06/13/2017 08:00:00 PM,4,2,2
06/13/2017 07:00:00 PM,7,4,3
06/13/2017 06:00:00 PM,13,7,6
06/13/2017 05:00:00 PM,14,9,5
06/13/2017 04:00:00 PM,18,8,10
06/13/2017 03:00:00 PM,13,9,4
06/13/2017 02:00:00 PM,8,3,5
06/13/2017 01:00:00 PM,6,2,4
06/13/2017 12:00:00 PM,5,3,2
06/13/2017 11:00:00 AM,6,4,2
06/13/2017 10:00:00 AM,7,5,2
06/13/2017 09:00:00 AM,5,3,2
06/13/2017 08:00:00 AM,8,7,1
06/13/2017 07:00:00 AM,5,3,2
06/13/2017 06:00:00 AM,11,4,7
06/13/2017 05:00:00 AM,5,2,3
06/13/2017 04:00:00 AM,1,1,0
06/13/2017 03:00:00 AM,1,1,0
06/13/2017 02:00:00 AM,1,0,1
06/13/2017 01:00:00 AM,0,0,0
06/13/2017 12:00:00 AM,0,0,0
06/12/2017 11:00:00 PM,2,1,1
06/12/2017 10:00:00 PM,1,0,1
06/12/2017 09:00:00 PM,1,0,1
06/12/2017 08:00:00 PM,2,1,1
06/12/2017 07:00:00 PM,3,2,1
06/12/2017 06:00:00 PM,10,5,5
06/12/2017 05:00:00 PM,15,10,5
06/12/2017 04:00:00 PM,17,8,9
06/12/2017 03:00:00 PM,8,5,3
06/12/2017 02:00:00 PM,10,5,5
06/12/2017 01:00:00 PM,16,7,9
06/12/2017 12:00:00 PM,9,8,1
06/12/2017 11:00:00 AM,4,4,0
06/12/2017 10:00:00 AM,5,4,1
06/12/2017 09:00:00 AM,6,4,2
06/12/2017 08:00:00 AM,14,12,2
06/12/2017 07:00:00 AM,5,4,1
06/12/2017 06:00:00 AM,8,4,4
06/12/2017 05:00:00 AM,5,3,2
06/12/2017 04:00:00 AM,1,1,0
06/12/2017 03:00:00 AM,1,0,1
06/12/2017 02:00:00 AM,0,0,0
06/12/2017 01:00:00 AM,0,0,0
06/12/2017 12:00:00 AM,0,0,0
06/11/2017 11:00:00 PM,1,0,1
06/11/2017 10:00:00 PM,2,2,0
06/11/2017 09:00:00 PM,1,1,0
06/11/2017 08:00:00 PM,8,6,2
06/11/2017 07:00:00 PM,5,4,1
06/11/2017 06:00:00 PM,10,4,6
06/11/2017 05:00:00 PM,14,8,6
06/11/2017 04:00:00 PM,21,8,13
06/11/2017 03:00:00 PM,22,15,7
06/11/2017 02:00:00 PM,19,11,8
06/11/2017 01:00:00 PM,23,12,11
06/11/2017 12:00:00 PM,34,25,9
06/11/2017 11:00:00 AM,25,17,8
06/11/2017 10:00:00 AM,20,15,5
06/11/2017 09:00:00 AM,17,13,4
06/11/2017 08:00:00 AM,9,4,5
06/11/2017 07:00:00 AM,2,1,1
06/11/2017 06:00:00 AM,3,3,0
06/11/2017 05:00:00 AM,0,0,0
06/11/2017 04:00:00 AM,1,1,0
06/11/2017 03:00:00 AM,0,0,0
06/11/2017 02:00:00 AM,1,1,0
06/11/2017 01:00:00 AM,0,0,0
06/11/2017 12:00:00 AM,0,0,0
06/10/2017 11:00:00 PM,0,0,0
06/10/2017 10:00:00 PM,1,0,1
06/10/2017 09:00:00 PM,11,6,5
06/10/2017 08:00:00 PM,4,3,1
06/10/2017 07:00:00 PM,14,7,7
06/10/2017 06:00:00 PM,14,7,7
06/10/2017 05:00:00 PM,16,12,4
06/10/2017 04:00:00 PM,18,17,1
06/10/2017 03:00:00 PM,14,7,7
06/10/2017 02:00:00 PM,24,19,5
06/10/2017 01:00:00 PM,20,8,12
06/10/2017 12:00:00 PM,23,17,6
06/10/2017 11:00:00 AM,17,9,8
06/10/2017 10:00:00 AM,19,9,10
06/10/2017 09:00:00 AM,19,16,3
06/10/2017 08:00:00 AM,13,8,5
06/10/2017 07:00:00 AM,10,8,2
06/10/2017 06:00:00 AM,4,3,1
06/10/2017 05:00:00 AM,0,0,0
06/10/2017 04:00:00 AM,0,0,0
06/10/2017 03:00:00 AM,2,1,1
06/10/2017 02:00:00 AM,0,0,0
06/10/2017 01:00:00 AM,0,0,0
06/10/2017 12:00:00 AM,0,0,0
06/09/2017 11:00:00 PM,0,0,0
06/09/2017 10:00:00 PM,4,2,2
06/09/2017 09:00:00 PM,0,0,0
06/09/2017 08:00:00 PM,4,4,0
06/09/2017 07:00:00 PM,12,7,5
06/09/2017 06:00:00 PM,10,6,4
06/09/2017 05:00:00 PM,14,8,6
06/09/2017 04:00:00 PM,21,12,9
06/09/2017 03:00:00 PM,19,12,7
06/09/2017 02:00:00 PM,6,3,3
06/09/2017 01:00:00 PM,10,5,5
06/09/2017 12:00:00 PM,9,5,4
06/09/2017 11:00:00 AM,11,7,4
06/09/2017 10:00:00 AM,7,4,3
06/09/2017 09:00:00 AM,6,6,0
06/09/2017 08:00:00 AM,4,3,1
06/09/2017 07:00:00 AM,8,2,6
06/09/2017 06:00:00 AM,8,3,5
06/09/2017 05:00:00 AM,5,4,1
06/09/2017 04:00:00 AM,1,1,0
06/09/2017 03:00:00 AM,2,2,0
06/09/2017 02:00:00 AM,0,0,0
06/09/2017 01:00:00 AM,0,0,0
06/09/2017 12:00:00 AM,0,0,0
06/08/2017 11:00:00 PM,0,0,0
06/08/2017 10:00:00 PM,1,0,1
06/08/2017 09:00:00 PM,2,1,1
06/08/2017 08:00:00 PM,4,3,1
06/08/2017 07:00:00 PM,4,4,0
06/08/2017 06:00:00 PM,9,8,1
06/08/2017 05:00:00 PM,25,18,7
06/08/2017 04:00:00 PM,16,10,6
06/08/2017 03:00:00 PM,7,2,5
06/08/2017 02:00:00 PM,6,5,1
06/08/2017 01:00:00 PM,8,5,3
06/08/2017 12:00:00 PM,8,4,4
06/08/2017 11:00:00 AM,7,5,2
06/08/2017 10:00:00 AM,5,5,0
06/08/2017 09:00:00 AM,3,2,1
06/08/2017 08:00:00 AM,6,6,0
06/08/2017 07:00:00 AM,2,1,1
06/08/2017 06:00:00 AM,3,1,2
06/08/2017 05:00:00 AM,2,1,1
06/08/2017 04:00:00 AM,0,0,0
06/08/2017 03:00:00 AM,0,0,0
06/08/2017 02:00:00 AM,0,0,0
06/08/2017 01:00:00 AM,0,0,0
06/08/2017 12:00:00 AM,0,0,0
06/07/2017 11:00:00 PM,1,0,1
06/07/2017 10:00:00 PM,0,0,0
06/07/2017 09:00:00 PM,5,1,4
06/07/2017 08:00:00 PM,5,2,3
06/07/2017 07:00:00 PM,6,3,3
06/07/2017 06:00:00 PM,33,10,23
06/07/2017 05:00:00 PM,16,10,6
06/07/2017 04:00:00 PM,15,5,10
06/07/2017 03:00:00 PM,22,13,9
06/07/2017 02:00:00 PM,12,8,4
06/07/2017 01:00:00 PM,14,10,4
06/07/2017 12:00:00 PM,11,6,5
06/07/2017 11:00:00 AM,9,6,3
06/07/2017 10:00:00 AM,14,9,5
06/07/2017 09:00:00 AM,7,4,3
06/07/2017 08:00:00 AM,10,5,5
06/07/2017 07:00:00 AM,11,6,5
06/07/2017 06:00:00 AM,10,4,6
06/07/2017 05:00:00 AM,4,3,1
06/07/2017 04:00:00 AM,1,1,0
06/07/2017 03:00:00 AM,0,0,0
06/07/2017 02:00:00 AM,0,0,0
06/07/2017 01:00:00 AM,0,0,0
06/07/2017 12:00:00 AM,1,0,1
06/06/2017 11:00:00 PM,2,0,2
06/06/2017 10:00:00 PM,0,0,0
06/06/2017 09:00:00 PM,3,0,3
06/06/2017 08:00:00 PM,6,3,3
06/06/2017 07:00:00 PM,17,6,11
06/06/2017 06:00:00 PM,11,5,6
06/06/2017 05:00:00 PM,22,12,10
06/06/2017 04:00:00 PM,24,10,14
06/06/2017 03:00:00 PM,12,3,9
06/06/2017 02:00:00 PM,11,4,7
06/06/2017 01:00:00 PM,10,5,5
06/06/2017 12:00:00 PM,8,1,7
06/06/2017 11:00:00 AM,8,8,0
06/06/2017 10:00:00 AM,6,1,5
06/06/2017 09:00:00 AM,10,8,2
06/06/2017 08:00:00 AM,9,5,4
06/06/2017 07:00:00 AM,10,7,3
06/06/2017 06:00:00 AM,8,4,4
06/06/2017 05:00:00 AM,2,1,1
06/06/2017 04:00:00 AM,0,0,0
06/06/2017 03:00:00 AM,0,0,0
06/06/2017 02:00:00 AM,0,0,0
06/06/2017 01:00:00 AM,0,0,0
06/06/2017 12:00:00 AM,2,0,2
06/05/2017 11:00:00 PM,0,0,0
06/05/2017 10:00:00 PM,1,0,1
06/05/2017 09:00:00 PM,2,0,2
06/05/2017 08:00:00 PM,5,0,5
06/05/2017 07:00:00 PM,6,2,4
06/05/2017 06:00:00 PM,15,11,4
06/05/2017 05:00:00 PM,21,15,6
06/05/2017 04:00:00 PM,18,8,10
06/05/2017 03:00:00 PM,15,6,9
06/05/2017 02:00:00 PM,11,7,4
06/05/2017 01:00:00 PM,13,7,6
06/05/2017 12:00:00 PM,9,6,3
06/05/2017 11:00:00 AM,4,3,1
06/05/2017 10:00:00 AM,7,3,4
06/05/2017 09:00:00 AM,3,2,1
06/05/2017 08:00:00 AM,8,3,5
06/05/2017 07:00:00 AM,5,4,1
06/05/2017 06:00:00 AM,9,5,4
06/05/2017 05:00:00 AM,3,2,1
06/05/2017 04:00:00 AM,1,0,1
06/05/2017 03:00:00 AM,0,0,0
06/05/2017 02:00:00 AM,0,0,0
06/05/2017 01:00:00 AM,1,1,0
06/05/2017 12:00:00 AM,1,1,0
06/04/2017 11:00:00 PM,0,0,0
06/04/2017 10:00:00 PM,0,0,0
06/04/2017 09:00:00 PM,0,0,0
06/04/2017 08:00:00 PM,3,1,2
06/04/2017 07:00:00 PM,2,2,0
06/04/2017 06:00:00 PM,8,5,3
06/04/2017 05:00:00 PM,13,5,8
06/04/2017 04:00:00 PM,13,6,7
06/04/2017 03:00:00 PM,23,12,11
06/04/2017 02:00:00 PM,19,13,6
06/04/2017 01:00:00 PM,18,11,7
06/04/2017 12:00:00 PM,15,10,5
06/04/2017 11:00:00 AM,15,9,6
06/04/2017 10:00:00 AM,20,14,6
06/04/2017 09:00:00 AM,11,8,3
06/04/2017 08:00:00 AM,8,6,2
06/04/2017 07:00:00 AM,1,0,1
06/04/2017 06:00:00 AM,2,2,0
06/04/2017 05:00:00 AM,1,1,0
06/04/2017 04:00:00 AM,0,0,0
06/04/2017 03:00:00 AM,0,0,0
06/04/2017 02:00:00 AM,0,0,0
06/04/2017 01:00:00 AM,0,0,0
06/04/2017 12:00:00 AM,0,0,0
06/03/2017 11:00:00 PM,0,0,0
06/03/2017 10:00:00 PM,0,0,0
06/03/2017 09:00:00 PM,5,2,3
06/03/2017 08:00:00 PM,3,2,1
06/03/2017 07:00:00 PM,6,4,2
06/03/2017 06:00:00 PM,8,4,4
06/03/2017 05:00:00 PM,9,9,0
06/03/2017 04:00:00 PM,8,2,6
06/03/2017 03:00:00 PM,22,13,9
06/03/2017 02:00:00 PM,15,8,7
06/03/2017 01:00:00 PM,13,8,5
06/03/2017 12:00:00 PM,10,6,4
06/03/2017 11:00:00 AM,15,5,10
06/03/2017 10:00:00 AM,12,4,8
06/03/2017 09:00:00 AM,15,7,8
06/03/2017 08:00:00 AM,2,1,1
06/03/2017 07:00:00 AM,6,3,3
06/03/2017 06:00:00 AM,3,2,1
06/03/2017 05:00:00 AM,0,0,0
06/03/2017 04:00:00 AM,0,0,0
06/03/2017 03:00:00 AM,0,0,0
06/03/2017 02:00:00 AM,0,0,0
06/03/2017 01:00:00 AM,2,1,1
06/03/2017 12:00:00 AM,0,0,0
06/02/2017 11:00:00 PM,4,1,3
06/02/2017 10:00:00 PM,1,0,1
06/02/2017 09:00:00 PM,4,2,2
06/02/2017 08:00:00 PM,3,2,1
06/02/2017 07:00:00 PM,10,9,1
06/02/2017 06:00:00 PM,11,8,3
06/02/2017 05:00:00 PM,21,11,10
06/02/2017 04:00:00 PM,18,9,9
06/02/2017 03:00:00 PM,15,11,4
06/02/2017 02:00:00 PM,10,1,9
06/02/2017 01:00:00 PM,3,1,2
06/02/2017 12:00:00 PM,0,0,0
06/02/2017 11:00:00 AM,0,0,0
06/02/2017 10:00:00 AM,0,0,0
06/02/2017 09:00:00 AM,0,0,0
06/02/2017 08:00:00 AM,0,0,0
06/02/2017 07:00:00 AM,0,0,0
06/02/2017 06:00:00 AM,0,0,0
06/02/2017 05:00:00 AM,0,0,0
06/02/2017 04:00:00 AM,0,0,0
06/02/2017 03:00:00 AM,0,0,0
06/02/2017 02:00:00 AM,0,0,0
06/02/2017 01:00:00 AM,0,0,0
06/02/2017 12:00:00 AM,0,0,0
06/01/2017 11:00:00 PM,0,0,0
06/01/2017 10:00:00 PM,0,0,0
06/01/2017 09:00:00 PM,0,0,0
06/01/2017 08:00:00 PM,0,0,0
06/01/2017 07:00:00 PM,0,0,0
06/01/2017 06:00:00 PM,0,0,0
06/01/2017 05:00:00 PM,0,0,0
06/01/2017 04:00:00 PM,0,0,0
06/01/2017 03:00:00 PM,0,0,0
06/01/2017 02:00:00 PM,0,0,0
06/01/2017 01:00:00 PM,0,0,0
06/01/2017 12:00:00 PM,0,0,0
06/01/2017 11:00:00 AM,0,0,0
06/01/2017 10:00:00 AM,0,0,0
06/01/2017 09:00:00 AM,0,0,0
06/01/2017 08:00:00 AM,0,0,0
06/01/2017 07:00:00 AM,0,0,0
06/01/2017 06:00:00 AM,0,0,0
06/01/2017 05:00:00 AM,0,0,0
06/01/2017 04:00:00 AM,0,0,0
06/01/2017 03:00:00 AM,0,0,0
06/01/2017 02:00:00 AM,0,0,0
06/01/2017 01:00:00 AM,0,0,0
06/01/2017 12:00:00 AM,0,0,0
05/31/2017 11:00:00 PM,0,0,0
05/31/2017 10:00:00 PM,0,0,0
05/31/2017 09:00:00 PM,0,0,0
05/31/2017 08:00:00 PM,0,0,0
05/31/2017 07:00:00 PM,0,0,0
05/31/2017 06:00:00 PM,0,0,0
05/31/2017 05:00:00 PM,0,0,0
05/31/2017 04:00:00 PM,0,0,0
05/31/2017 03:00:00 PM,0,0,0
05/31/2017 02:00:00 PM,0,0,0
05/31/2017 01:00:00 PM,0,0,0
05/31/2017 12:00:00 PM,0,0,0
05/31/2017 11:00:00 AM,0,0,0
05/31/2017 10:00:00 AM,0,0,0
05/31/2017 09:00:00 AM,0,0,0
05/31/2017 08:00:00 AM,0,0,0
05/31/2017 07:00:00 AM,0,0,0
05/31/2017 06:00:00 AM,0,0,0
05/31/2017 05:00:00 AM,0,0,0
05/31/2017 04:00:00 AM,0,0,0
05/31/2017 03:00:00 AM,0,0,0
05/31/2017 02:00:00 AM,0,0,0
05/31/2017 01:00:00 AM,0,0,0
05/31/2017 12:00:00 AM,0,0,0
05/30/2017 11:00:00 PM,0,0,0
05/30/2017 10:00:00 PM,0,0,0
05/30/2017 09:00:00 PM,0,0,0
05/30/2017 08:00:00 PM,0,0,0
05/30/2017 07:00:00 PM,0,0,0
05/30/2017 06:00:00 PM,0,0,0
05/30/2017 05:00:00 PM,0,0,0
05/30/2017 04:00:00 PM,0,0,0
05/30/2017 03:00:00 PM,0,0,0
05/30/2017 02:00:00 PM,0,0,0
05/30/2017 01:00:00 PM,0,0,0
05/30/2017 12:00:00 PM,0,0,0
05/30/2017 11:00:00 AM,0,0,0
05/30/2017 10:00:00 AM,0,0,0
05/30/2017 09:00:00 AM,0,0,0
05/30/2017 08:00:00 AM,0,0,0
05/30/2017 07:00:00 AM,0,0,0
05/30/2017 06:00:00 AM,0,0,0
05/30/2017 05:00:00 AM,0,0,0
05/30/2017 04:00:00 AM,0,0,0
05/30/2017 03:00:00 AM,0,0,0
05/30/2017 02:00:00 AM,0,0,0
05/30/2017 01:00:00 AM,0,0,0
05/30/2017 12:00:00 AM,0,0,0
05/29/2017 11:00:00 PM,0,0,0
05/29/2017 10:00:00 PM,0,0,0
05/29/2017 09:00:00 PM,0,0,0
05/29/2017 08:00:00 PM,0,0,0
05/29/2017 07:00:00 PM,0,0,0
05/29/2017 06:00:00 PM,0,0,0
05/29/2017 05:00:00 PM,0,0,0
05/29/2017 04:00:00 PM,0,0,0
05/29/2017 03:00:00 PM,0,0,0
05/29/2017 02:00:00 PM,0,0,0
05/29/2017 01:00:00 PM,0,0,0
05/29/2017 12:00:00 PM,0,0,0
05/29/2017 11:00:00 AM,0,0,0
05/29/2017 10:00:00 AM,0,0,0
05/29/2017 09:00:00 AM,0,0,0
05/29/2017 08:00:00 AM,0,0,0
05/29/2017 07:00:00 AM,0,0,0
05/29/2017 06:00:00 AM,0,0,0
05/29/2017 05:00:00 AM,0,0,0
05/29/2017 04:00:00 AM,0,0,0
05/29/2017 03:00:00 AM,0,0,0
05/29/2017 02:00:00 AM,0,0,0
05/29/2017 01:00:00 AM,0,0,0
05/29/2017 12:00:00 AM,0,0,0
05/28/2017 11:00:00 PM,0,0,0
05/28/2017 10:00:00 PM,0,0,0
05/28/2017 09:00:00 PM,0,0,0
05/28/2017 08:00:00 PM,0,0,0
05/28/2017 07:00:00 PM,0,0,0
05/28/2017 06:00:00 PM,0,0,0
05/28/2017 05:00:00 PM,0,0,0
05/28/2017 04:00:00 PM,0,0,0
05/28/2017 03:00:00 PM,0,0,0
05/28/2017 02:00:00 PM,0,0,0
05/28/2017 01:00:00 PM,0,0,0
05/28/2017 12:00:00 PM,0,0,0
05/28/2017 11:00:00 AM,0,0,0
05/28/2017 10:00:00 AM,0,0,0
05/28/2017 09:00:00 AM,0,0,0
05/28/2017 08:00:00 AM,0,0,0
05/28/2017 07:00:00 AM,0,0,0
05/28/2017 06:00:00 AM,0,0,0
05/28/2017 05:00:00 AM,0,0,0
05/28/2017 04:00:00 AM,0,0,0
05/28/2017 03:00:00 AM,0,0,0
05/28/2017 02:00:00 AM,0,0,0
05/28/2017 01:00:00 AM,0,0,0
05/28/2017 12:00:00 AM,0,0,0
05/27/2017 11:00:00 PM,0,0,0
05/27/2017 10:00:00 PM,0,0,0
05/27/2017 09:00:00 PM,0,0,0
05/27/2017 08:00:00 PM,0,0,0
05/27/2017 07:00:00 PM,0,0,0
05/27/2017 06:00:00 PM,0,0,0
05/27/2017 05:00:00 PM,0,0,0
05/27/2017 04:00:00 PM,0,0,0
05/27/2017 03:00:00 PM,0,0,0
05/27/2017 02:00:00 PM,0,0,0
05/27/2017 01:00:00 PM,0,0,0
05/27/2017 12:00:00 PM,0,0,0
05/27/2017 11:00:00 AM,0,0,0
05/27/2017 10:00:00 AM,0,0,0
05/27/2017 09:00:00 AM,0,0,0
05/27/2017 08:00:00 AM,0,0,0
05/27/2017 07:00:00 AM,0,0,0
05/27/2017 06:00:00 AM,0,0,0
05/27/2017 05:00:00 AM,0,0,0
05/27/2017 04:00:00 AM,0,0,0
05/27/2017 03:00:00 AM,0,0,0
05/27/2017 02:00:00 AM,0,0,0
05/27/2017 01:00:00 AM,0,0,0
05/27/2017 12:00:00 AM,0,0,0
05/26/2017 11:00:00 PM,0,0,0
05/26/2017 10:00:00 PM,0,0,0
05/26/2017 09:00:00 PM,0,0,0
05/26/2017 08:00:00 PM,0,0,0
05/26/2017 07:00:00 PM,0,0,0
05/26/2017 06:00:00 PM,0,0,0
05/26/2017 05:00:00 PM,0,0,0
05/26/2017 04:00:00 PM,0,0,0
05/26/2017 03:00:00 PM,0,0,0
05/26/2017 02:00:00 PM,0,0,0
05/26/2017 01:00:00 PM,0,0,0
05/26/2017 12:00:00 PM,2,1,1
05/26/2017 11:00:00 AM,0,0,0
05/26/2017 10:00:00 AM,0,0,0
05/26/2017 09:00:00 AM,0,0,0
05/26/2017 08:00:00 AM,0,0,0
05/26/2017 07:00:00 AM,0,0,0
05/26/2017 06:00:00 AM,0,0,0
05/26/2017 05:00:00 AM,0,0,0
05/26/2017 04:00:00 AM,0,0,0
05/26/2017 03:00:00 AM,0,0,0
05/26/2017 02:00:00 AM,0,0,0
05/26/2017 01:00:00 AM,0,0,0
05/26/2017 12:00:00 AM,0,0,0
05/25/2017 11:00:00 PM,0,0,0
05/25/2017 10:00:00 PM,0,0,0
05/25/2017 09:00:00 PM,0,0,0
05/25/2017 08:00:00 PM,0,0,0
05/25/2017 07:00:00 PM,0,0,0
05/25/2017 06:00:00 PM,0,0,0
05/25/2017 05:00:00 PM,0,0,0
05/25/2017 04:00:00 PM,0,0,0
05/25/2017 03:00:00 PM,0,0,0
05/25/2017 02:00:00 PM,0,0,0
05/25/2017 01:00:00 PM,0,0,0
05/25/2017 12:00:00 PM,0,0,0
05/25/2017 11:00:00 AM,0,0,0
05/25/2017 10:00:00 AM,0,0,0
05/25/2017 09:00:00 AM,0,0,0
05/25/2017 08:00:00 AM,0,0,0
05/25/2017 07:00:00 AM,0,0,0
05/25/2017 06:00:00 AM,0,0,0
05/25/2017 05:00:00 AM,0,0,0
05/25/2017 04:00:00 AM,0,0,0
05/25/2017 03:00:00 AM,0,0,0
05/25/2017 02:00:00 AM,0,0,0
05/25/2017 01:00:00 AM,0,0,0
05/25/2017 12:00:00 AM,0,0,0
05/24/2017 11:00:00 PM,0,0,0
05/24/2017 10:00:00 PM,0,0,0
05/24/2017 09:00:00 PM,0,0,0
05/24/2017 08:00:00 PM,0,0,0
05/24/2017 07:00:00 PM,0,0,0
05/24/2017 06:00:00 PM,0,0,0
05/24/2017 05:00:00 PM,1,1,0
05/24/2017 04:00:00 PM,0,0,0
05/24/2017 03:00:00 PM,0,0,0
05/24/2017 02:00:00 PM,0,0,0
05/24/2017 01:00:00 PM,0,0,0
05/24/2017 12:00:00 PM,0,0,0
05/24/2017 11:00:00 AM,0,0,0
05/24/2017 10:00:00 AM,0,0,0
05/24/2017 09:00:00 AM,0,0,0
05/24/2017 08:00:00 AM,0,0,0
05/24/2017 07:00:00 AM,0,0,0
05/24/2017 06:00:00 AM,0,0,0
05/24/2017 05:00:00 AM,0,0,0
05/24/2017 04:00:00 AM,0,0,0
05/24/2017 03:00:00 AM,0,0,0
05/24/2017 02:00:00 AM,0,0,0
05/24/2017 01:00:00 AM,0,0,0
05/24/2017 12:00:00 AM,0,0,0
05/23/2017 11:00:00 PM,0,0,0
05/23/2017 10:00:00 PM,0,0,0
05/23/2017 09:00:00 PM,0,0,0
05/23/2017 08:00:00 PM,0,0,0
05/23/2017 07:00:00 PM,0,0,0
05/23/2017 06:00:00 PM,0,0,0
05/23/2017 05:00:00 PM,0,0,0
05/23/2017 04:00:00 PM,0,0,0
05/23/2017 03:00:00 PM,0,0,0
05/23/2017 02:00:00 PM,0,0,0
05/23/2017 01:00:00 PM,0,0,0
05/23/2017 12:00:00 PM,0,0,0
05/23/2017 11:00:00 AM,0,0,0
05/23/2017 10:00:00 AM,0,0,0
05/23/2017 09:00:00 AM,0,0,0
05/23/2017 08:00:00 AM,0,0,0
05/23/2017 07:00:00 AM,0,0,0
05/23/2017 06:00:00 AM,0,0,0
05/23/2017 05:00:00 AM,0,0,0
05/23/2017 04:00:00 AM,0,0,0
05/23/2017 03:00:00 AM,0,0,0
05/23/2017 02:00:00 AM,0,0,0
05/23/2017 01:00:00 AM,0,0,0
05/23/2017 12:00:00 AM,0,0,0
05/22/2017 11:00:00 PM,0,0,0
05/22/2017 10:00:00 PM,0,0,0
05/22/2017 09:00:00 PM,0,0,0
05/22/2017 08:00:00 PM,0,0,0
05/22/2017 07:00:00 PM,0,0,0
05/22/2017 06:00:00 PM,0,0,0
05/22/2017 05:00:00 PM,0,0,0
05/22/2017 04:00:00 PM,0,0,0
05/22/2017 03:00:00 PM,0,0,0
05/22/2017 02:00:00 PM,0,0,0
05/22/2017 01:00:00 PM,0,0,0
05/22/2017 12:00:00 PM,0,0,0
05/22/2017 11:00:00 AM,0,0,0
05/22/2017 10:00:00 AM,0,0,0
05/22/2017 09:00:00 AM,0,0,0
05/22/2017 08:00:00 AM,0,0,0
05/22/2017 07:00:00 AM,0,0,0
05/22/2017 06:00:00 AM,0,0,0
05/22/2017 05:00:00 AM,0,0,0
05/22/2017 04:00:00 AM,0,0,0
05/22/2017 03:00:00 AM,0,0,0
05/22/2017 02:00:00 AM,0,0,0
05/22/2017 01:00:00 AM,0,0,0
05/22/2017 12:00:00 AM,0,0,0
05/21/2017 11:00:00 PM,0,0,0
05/21/2017 10:00:00 PM,0,0,0
05/21/2017 09:00:00 PM,0,0,0
05/21/2017 08:00:00 PM,0,0,0
05/21/2017 07:00:00 PM,0,0,0
05/21/2017 06:00:00 PM,0,0,0
05/21/2017 05:00:00 PM,0,0,0
05/21/2017 04:00:00 PM,0,0,0
05/21/2017 03:00:00 PM,0,0,0
05/21/2017 02:00:00 PM,0,0,0
05/21/2017 01:00:00 PM,0,0,0
05/21/2017 12:00:00 PM,0,0,0
05/21/2017 11:00:00 AM,0,0,0
05/21/2017 10:00:00 AM,0,0,0
05/21/2017 09:00:00 AM,0,0,0
05/21/2017 08:00:00 AM,0,0,0
05/21/2017 07:00:00 AM,0,0,0
05/21/2017 06:00:00 AM,0,0,0
05/21/2017 05:00:00 AM,0,0,0
05/21/2017 04:00:00 AM,0,0,0
05/21/2017 03:00:00 AM,0,0,0
05/21/2017 02:00:00 AM,0,0,0
05/21/2017 01:00:00 AM,0,0,0
05/21/2017 12:00:00 AM,0,0,0
05/20/2017 11:00:00 PM,0,0,0
05/20/2017 10:00:00 PM,0,0,0
05/20/2017 09:00:00 PM,0,0,0
05/20/2017 08:00:00 PM,0,0,0
05/20/2017 07:00:00 PM,0,0,0
05/20/2017 06:00:00 PM,0,0,0
05/20/2017 05:00:00 PM,0,0,0
05/20/2017 04:00:00 PM,0,0,0
05/20/2017 03:00:00 PM,0,0,0
05/20/2017 02:00:00 PM,0,0,0
05/20/2017 01:00:00 PM,0,0,0
05/20/2017 12:00:00 PM,0,0,0
05/20/2017 11:00:00 AM,0,0,0
05/20/2017 10:00:00 AM,0,0,0
05/20/2017 09:00:00 AM,0,0,0
05/20/2017 08:00:00 AM,0,0,0
05/20/2017 07:00:00 AM,0,0,0
05/20/2017 06:00:00 AM,0,0,0
05/20/2017 05:00:00 AM,0,0,0
05/20/2017 04:00:00 AM,0,0,0
05/20/2017 03:00:00 AM,0,0,0
05/20/2017 02:00:00 AM,0,0,0
05/20/2017 01:00:00 AM,0,0,0
05/20/2017 12:00:00 AM,0,0,0
05/19/2017 11:00:00 PM,0,0,0
05/19/2017 10:00:00 PM,0,0,0
05/19/2017 09:00:00 PM,0,0,0
05/19/2017 08:00:00 PM,0,0,0
05/19/2017 07:00:00 PM,0,0,0
05/19/2017 06:00:00 PM,0,0,0
05/19/2017 05:00:00 PM,0,0,0
05/19/2017 04:00:00 PM,0,0,0
05/19/2017 03:00:00 PM,0,0,0
05/19/2017 02:00:00 PM,0,0,0
05/19/2017 01:00:00 PM,0,0,0
05/19/2017 12:00:00 PM,0,0,0
05/19/2017 11:00:00 AM,0,0,0
05/19/2017 10:00:00 AM,0,0,0
05/19/2017 09:00:00 AM,0,0,0
05/19/2017 08:00:00 AM,0,0,0
05/19/2017 07:00:00 AM,0,0,0
05/19/2017 06:00:00 AM,0,0,0
05/19/2017 05:00:00 AM,0,0,0
05/19/2017 04:00:00 AM,0,0,0
05/19/2017 03:00:00 AM,0,0,0
05/19/2017 02:00:00 AM,0,0,0
05/19/2017 01:00:00 AM,0,0,0
05/19/2017 12:00:00 AM,0,0,0
05/18/2017 11:00:00 PM,0,0,0
05/18/2017 10:00:00 PM,0,0,0
05/18/2017 09:00:00 PM,0,0,0
05/18/2017 08:00:00 PM,0,0,0
05/18/2017 07:00:00 PM,0,0,0
05/18/2017 06:00:00 PM,0,0,0
05/18/2017 05:00:00 PM,0,0,0
05/18/2017 04:00:00 PM,0,0,0
05/18/2017 03:00:00 PM,0,0,0
05/18/2017 02:00:00 PM,0,0,0
05/18/2017 01:00:00 PM,0,0,0
05/18/2017 12:00:00 PM,0,0,0
05/18/2017 11:00:00 AM,0,0,0
05/18/2017 10:00:00 AM,0,0,0
05/18/2017 09:00:00 AM,0,0,0
05/18/2017 08:00:00 AM,0,0,0
05/18/2017 07:00:00 AM,0,0,0
05/18/2017 06:00:00 AM,0,0,0
05/18/2017 05:00:00 AM,0,0,0
05/18/2017 04:00:00 AM,0,0,0
05/18/2017 03:00:00 AM,0,0,0
05/18/2017 02:00:00 AM,0,0,0
05/18/2017 01:00:00 AM,0,0,0
05/18/2017 12:00:00 AM,0,0,0
05/17/2017 11:00:00 PM,0,0,0
05/17/2017 10:00:00 PM,0,0,0
05/17/2017 09:00:00 PM,0,0,0
05/17/2017 08:00:00 PM,0,0,0
05/17/2017 07:00:00 PM,0,0,0
05/17/2017 06:00:00 PM,0,0,0
05/17/2017 05:00:00 PM,0,0,0
05/17/2017 04:00:00 PM,0,0,0
05/17/2017 03:00:00 PM,0,0,0
05/17/2017 02:00:00 PM,0,0,0
05/17/2017 01:00:00 PM,0,0,0
05/17/2017 12:00:00 PM,0,0,0
05/17/2017 11:00:00 AM,0,0,0
05/17/2017 10:00:00 AM,0,0,0
05/17/2017 09:00:00 AM,0,0,0
05/17/2017 08:00:00 AM,0,0,0
05/17/2017 07:00:00 AM,0,0,0
05/17/2017 06:00:00 AM,0,0,0
05/17/2017 05:00:00 AM,0,0,0
05/17/2017 04:00:00 AM,0,0,0
05/17/2017 03:00:00 AM,0,0,0
05/17/2017 02:00:00 AM,0,0,0
05/17/2017 01:00:00 AM,0,0,0
05/17/2017 12:00:00 AM,0,0,0
05/16/2017 11:00:00 PM,0,0,0
05/16/2017 10:00:00 PM,0,0,0
05/16/2017 09:00:00 PM,0,0,0
05/16/2017 08:00:00 PM,0,0,0
05/16/2017 07:00:00 PM,0,0,0
05/16/2017 06:00:00 PM,0,0,0
05/16/2017 05:00:00 PM,0,0,0
05/16/2017 04:00:00 PM,0,0,0
05/16/2017 03:00:00 PM,0,0,0
05/16/2017 02:00:00 PM,0,0,0
05/16/2017 01:00:00 PM,0,0,0
05/16/2017 12:00:00 PM,0,0,0
05/16/2017 11:00:00 AM,0,0,0
05/16/2017 10:00:00 AM,0,0,0
05/16/2017 09:00:00 AM,0,0,0
05/16/2017 08:00:00 AM,0,0,0
05/16/2017 07:00:00 AM,0,0,0
05/16/2017 06:00:00 AM,0,0,0
05/16/2017 05:00:00 AM,0,0,0
05/16/2017 04:00:00 AM,0,0,0
05/16/2017 03:00:00 AM,0,0,0
05/16/2017 02:00:00 AM,0,0,0
05/16/2017 01:00:00 AM,0,0,0
05/16/2017 12:00:00 AM,0,0,0
05/15/2017 11:00:00 PM,0,0,0
05/15/2017 10:00:00 PM,0,0,0
05/15/2017 09:00:00 PM,0,0,0
05/15/2017 08:00:00 PM,0,0,0
05/15/2017 07:00:00 PM,0,0,0
05/15/2017 06:00:00 PM,0,0,0
05/15/2017 05:00:00 PM,0,0,0
05/15/2017 04:00:00 PM,0,0,0
05/15/2017 03:00:00 PM,0,0,0
05/15/2017 02:00:00 PM,0,0,0
05/15/2017 01:00:00 PM,0,0,0
05/15/2017 12:00:00 PM,0,0,0
05/15/2017 11:00:00 AM,0,0,0
05/15/2017 10:00:00 AM,0,0,0
05/15/2017 09:00:00 AM,0,0,0
05/15/2017 08:00:00 AM,0,0,0
05/15/2017 07:00:00 AM,0,0,0
05/15/2017 06:00:00 AM,1,1,0
05/15/2017 05:00:00 AM,0,0,0
05/15/2017 04:00:00 AM,0,0,0
05/15/2017 03:00:00 AM,0,0,0
05/15/2017 02:00:00 AM,0,0,0
05/15/2017 01:00:00 AM,0,0,0
05/15/2017 12:00:00 AM,0,0,0
05/14/2017 11:00:00 PM,0,0,0
05/14/2017 10:00:00 PM,0,0,0
05/14/2017 09:00:00 PM,0,0,0
05/14/2017 08:00:00 PM,0,0,0
05/14/2017 07:00:00 PM,0,0,0
05/14/2017 06:00:00 PM,1,0,1
05/14/2017 05:00:00 PM,0,0,0
05/14/2017 04:00:00 PM,0,0,0
05/14/2017 03:00:00 PM,0,0,0
05/14/2017 02:00:00 PM,0,0,0
05/14/2017 01:00:00 PM,0,0,0
05/14/2017 12:00:00 PM,0,0,0
05/14/2017 11:00:00 AM,0,0,0
05/14/2017 10:00:00 AM,0,0,0
05/14/2017 09:00:00 AM,0,0,0
05/14/2017 08:00:00 AM,0,0,0
05/14/2017 07:00:00 AM,0,0,0
05/14/2017 06:00:00 AM,0,0,0
05/14/2017 05:00:00 AM,0,0,0
05/14/2017 04:00:00 AM,0,0,0
05/14/2017 03:00:00 AM,0,0,0
05/14/2017 02:00:00 AM,0,0,0
05/14/2017 01:00:00 AM,0,0,0
05/14/2017 12:00:00 AM,0,0,0
05/13/2017 11:00:00 PM,0,0,0
05/13/2017 10:00:00 PM,1,1,0
05/13/2017 09:00:00 PM,0,0,0
05/13/2017 08:00:00 PM,0,0,0
05/13/2017 07:00:00 PM,0,0,0
05/13/2017 06:00:00 PM,0,0,0
05/13/2017 05:00:00 PM,0,0,0
05/13/2017 04:00:00 PM,1,0,1
05/13/2017 03:00:00 PM,1,0,1
05/13/2017 02:00:00 PM,0,0,0
05/13/2017 01:00:00 PM,0,0,0
05/13/2017 12:00:00 PM,0,0,0
05/13/2017 11:00:00 AM,0,0,0
05/13/2017 10:00:00 AM,0,0,0
05/13/2017 09:00:00 AM,0,0,0
05/13/2017 08:00:00 AM,0,0,0
05/13/2017 07:00:00 AM,0,0,0
05/13/2017 06:00:00 AM,0,0,0
05/13/2017 05:00:00 AM,0,0,0
05/13/2017 04:00:00 AM,0,0,0
05/13/2017 03:00:00 AM,0,0,0
05/13/2017 02:00:00 AM,0,0,0
05/13/2017 01:00:00 AM,0,0,0
05/13/2017 12:00:00 AM,0,0,0
05/12/2017 11:00:00 PM,0,0,0
05/12/2017 10:00:00 PM,0,0,0
05/12/2017 09:00:00 PM,0,0,0
05/12/2017 08:00:00 PM,0,0,0
05/12/2017 07:00:00 PM,0,0,0
05/12/2017 06:00:00 PM,0,0,0
05/12/2017 05:00:00 PM,0,0,0
05/12/2017 04:00:00 PM,0,0,0
05/12/2017 03:00:00 PM,1,1,0
05/12/2017 02:00:00 PM,0,0,0
05/12/2017 01:00:00 PM,0,0,0
05/12/2017 12:00:00 PM,0,0,0
05/12/2017 11:00:00 AM,0,0,0
05/12/2017 10:00:00 AM,0,0,0
05/12/2017 09:00:00 AM,0,0,0
05/12/2017 08:00:00 AM,11,7,4
05/12/2017 07:00:00 AM,6,3,3
05/12/2017 06:00:00 AM,4,3,1
05/12/2017 05:00:00 AM,1,0,1
05/12/2017 04:00:00 AM,0,0,0
05/12/2017 03:00:00 AM,0,0,0
05/12/2017 02:00:00 AM,1,0,1
05/12/2017 01:00:00 AM,1,1,0
05/12/2017 12:00:00 AM,0,0,0
05/11/2017 11:00:00 PM,0,0,0
05/11/2017 10:00:00 PM,0,0,0
05/11/2017 09:00:00 PM,2,1,1
05/11/2017 08:00:00 PM,1,1,0
05/11/2017 07:00:00 PM,5,2,3
05/11/2017 06:00:00 PM,17,10,7
05/11/2017 05:00:00 PM,11,5,6
05/11/2017 04:00:00 PM,10,6,4
05/11/2017 03:00:00 PM,6,3,3
05/11/2017 02:00:00 PM,6,1,5
05/11/2017 01:00:00 PM,3,2,1
05/11/2017 12:00:00 PM,4,0,4
05/11/2017 11:00:00 AM,3,1,2
05/11/2017 10:00:00 AM,5,2,3
05/11/2017 09:00:00 AM,2,1,1
05/11/2017 08:00:00 AM,8,5,3
05/11/2017 07:00:00 AM,3,1,2
05/11/2017 06:00:00 AM,3,1,2
05/11/2017 05:00:00 AM,0,0,0
05/11/2017 04:00:00 AM,1,0,1
05/11/2017 03:00:00 AM,0,0,0
05/11/2017 02:00:00 AM,0,0,0
05/11/2017 01:00:00 AM,0,0,0
05/11/2017 12:00:00 AM,0,0,0
05/10/2017 11:00:00 PM,0,0,0
05/10/2017 10:00:00 PM,1,0,1
05/10/2017 09:00:00 PM,3,3,0
05/10/2017 08:00:00 PM,7,4,3
05/10/2017 07:00:00 PM,7,4,3
05/10/2017 06:00:00 PM,15,9,6
05/10/2017 05:00:00 PM,18,12,6
05/10/2017 04:00:00 PM,22,13,9
05/10/2017 03:00:00 PM,13,4,9
05/10/2017 02:00:00 PM,13,8,5
05/10/2017 01:00:00 PM,10,6,4
05/10/2017 12:00:00 PM,6,4,2
05/10/2017 11:00:00 AM,10,6,4
05/10/2017 10:00:00 AM,9,7,2
05/10/2017 09:00:00 AM,10,6,4
05/10/2017 08:00:00 AM,15,8,7
05/10/2017 07:00:00 AM,15,5,10
05/10/2017 06:00:00 AM,3,2,1
05/10/2017 05:00:00 AM,1,1,0
05/10/2017 04:00:00 AM,1,1,0
05/10/2017 03:00:00 AM,1,1,0
05/10/2017 02:00:00 AM,0,0,0
05/10/2017 01:00:00 AM,0,0,0
05/10/2017 12:00:00 AM,3,2,1
05/09/2017 11:00:00 PM,2,0,2
05/09/2017 10:00:00 PM,5,2,3
05/09/2017 09:00:00 PM,2,0,2
05/09/2017 08:00:00 PM,10,2,8
05/09/2017 07:00:00 PM,21,7,14
05/09/2017 06:00:00 PM,16,9,7
05/09/2017 05:00:00 PM,18,10,8
05/09/2017 04:00:00 PM,24,12,12
05/09/2017 03:00:00 PM,13,8,5
05/09/2017 02:00:00 PM,15,8,7
05/09/2017 01:00:00 PM,7,4,3
05/09/2017 12:00:00 PM,5,3,2
05/09/2017 11:00:00 AM,9,6,3
05/09/2017 10:00:00 AM,7,5,2
05/09/2017 09:00:00 AM,8,6,2
05/09/2017 08:00:00 AM,14,5,9
05/09/2017 07:00:00 AM,10,5,5
05/09/2017 06:00:00 AM,4,2,2
05/09/2017 05:00:00 AM,1,0,1
05/09/2017 04:00:00 AM,1,0,1
05/09/2017 03:00:00 AM,0,0,0
05/09/2017 02:00:00 AM,2,1,1
05/09/2017 01:00:00 AM,1,1,0
05/09/2017 12:00:00 AM,0,0,0
05/08/2017 11:00:00 PM,0,0,0
05/08/2017 10:00:00 PM,1,0,1
05/08/2017 09:00:00 PM,2,0,2
05/08/2017 08:00:00 PM,9,2,7
05/08/2017 07:00:00 PM,11,7,4
05/08/2017 06:00:00 PM,15,10,5
05/08/2017 05:00:00 PM,17,5,12
05/08/2017 04:00:00 PM,19,11,8
05/08/2017 03:00:00 PM,11,6,5
05/08/2017 02:00:00 PM,10,5,5
05/08/2017 01:00:00 PM,8,7,1
05/08/2017 12:00:00 PM,7,2,5
05/08/2017 11:00:00 AM,7,3,4
05/08/2017 10:00:00 AM,9,7,2
05/08/2017 09:00:00 AM,8,4,4
05/08/2017 08:00:00 AM,8,5,3
05/08/2017 07:00:00 AM,13,6,7
05/08/2017 06:00:00 AM,4,2,2
05/08/2017 05:00:00 AM,2,1,1
05/08/2017 04:00:00 AM,1,1,0
05/08/2017 03:00:00 AM,0,0,0
05/08/2017 02:00:00 AM,0,0,0
05/08/2017 01:00:00 AM,0,0,0
05/08/2017 12:00:00 AM,0,0,0
05/07/2017 11:00:00 PM,0,0,0
05/07/2017 10:00:00 PM,0,0,0
05/07/2017 09:00:00 PM,2,2,0
05/07/2017 08:00:00 PM,10,3,7
05/07/2017 07:00:00 PM,9,2,7
05/07/2017 06:00:00 PM,11,6,5
05/07/2017 05:00:00 PM,10,5,5
05/07/2017 04:00:00 PM,18,10,8
05/07/2017 03:00:00 PM,22,16,6
05/07/2017 02:00:00 PM,17,9,8
05/07/2017 01:00:00 PM,26,16,10
05/07/2017 12:00:00 PM,14,3,11
05/07/2017 11:00:00 AM,28,15,13
05/07/2017 10:00:00 AM,21,5,16
05/07/2017 09:00:00 AM,6,4,2
05/07/2017 08:00:00 AM,6,3,3
05/07/2017 07:00:00 AM,3,0,3
05/07/2017 06:00:00 AM,1,1,0
05/07/2017 05:00:00 AM,0,0,0
05/07/2017 04:00:00 AM,0,0,0
05/07/2017 03:00:00 AM,0,0,0
05/07/2017 02:00:00 AM,0,0,0
05/07/2017 01:00:00 AM,0,0,0
05/07/2017 12:00:00 AM,1,0,1
05/06/2017 11:00:00 PM,3,2,1
05/06/2017 10:00:00 PM,0,0,0
05/06/2017 09:00:00 PM,2,2,0
05/06/2017 08:00:00 PM,1,1,0
05/06/2017 07:00:00 PM,9,7,2
05/06/2017 06:00:00 PM,6,2,4
05/06/2017 05:00:00 PM,24,11,13
05/06/2017 04:00:00 PM,13,7,6
05/06/2017 03:00:00 PM,22,10,12
05/06/2017 02:00:00 PM,19,9,10
05/06/2017 01:00:00 PM,11,4,7
05/06/2017 12:00:00 PM,21,6,15
05/06/2017 11:00:00 AM,14,5,9
05/06/2017 10:00:00 AM,12,6,6
05/06/2017 09:00:00 AM,11,7,4
05/06/2017 08:00:00 AM,3,2,1
05/06/2017 07:00:00 AM,8,5,3
05/06/2017 06:00:00 AM,2,1,1
05/06/2017 05:00:00 AM,1,0,1
05/06/2017 04:00:00 AM,0,0,0
05/06/2017 03:00:00 AM,0,0,0
05/06/2017 02:00:00 AM,0,0,0
05/06/2017 01:00:00 AM,0,0,0
05/06/2017 12:00:00 AM,0,0,0
05/05/2017 11:00:00 PM,0,0,0
05/05/2017 10:00:00 PM,1,0,1
05/05/2017 09:00:00 PM,5,5,0
05/05/2017 08:00:00 PM,4,4,0
05/05/2017 07:00:00 PM,9,7,2
05/05/2017 06:00:00 PM,12,7,5
05/05/2017 05:00:00 PM,14,6,8
05/05/2017 04:00:00 PM,16,10,6
05/05/2017 03:00:00 PM,8,3,5
05/05/2017 02:00:00 PM,3,3,0
05/05/2017 01:00:00 PM,7,2,5
05/05/2017 12:00:00 PM,8,5,3
05/05/2017 11:00:00 AM,9,3,6
05/05/2017 10:00:00 AM,3,2,1
05/05/2017 09:00:00 AM,,,
05/05/2017 08:00:00 AM,9,3,6
05/05/2017 07:00:00 AM,10,3,7
05/05/2017 06:00:00 AM,4,0,4
05/05/2017 05:00:00 AM,2,0,2
05/05/2017 04:00:00 AM,0,0,0
05/05/2017 03:00:00 AM,0,0,0
05/05/2017 02:00:00 AM,1,0,1
05/05/2017 01:00:00 AM,0,0,0
05/05/2017 12:00:00 AM,0,0,0
05/04/2017 11:00:00 PM,1,0,1
05/04/2017 10:00:00 PM,2,1,1
05/04/2017 09:00:00 PM,3,1,2
05/04/2017 08:00:00 PM,10,2,8
05/04/2017 07:00:00 PM,11,4,7
05/04/2017 06:00:00 PM,3,2,1
05/04/2017 05:00:00 PM,11,3,8
05/04/2017 04:00:00 PM,14,3,11
05/04/2017 03:00:00 PM,22,5,17
05/04/2017 02:00:00 PM,14,6,8
05/04/2017 01:00:00 PM,17,7,10
05/04/2017 12:00:00 PM,18,7,11
05/04/2017 11:00:00 AM,12,5,7
05/04/2017 10:00:00 AM,10,4,6
05/04/2017 09:00:00 AM,14,10,4
05/04/2017 08:00:00 AM,10,6,4
05/04/2017 07:00:00 AM,8,2,6
05/04/2017 06:00:00 AM,4,1,3
05/04/2017 05:00:00 AM,1,0,1
05/04/2017 04:00:00 AM,0,0,0
05/04/2017 03:00:00 AM,0,0,0
05/04/2017 02:00:00 AM,1,0,1
05/04/2017 01:00:00 AM,0,0,0
05/04/2017 12:00:00 AM,0,0,0
05/03/2017 11:00:00 PM,2,1,1
05/03/2017 10:00:00 PM,6,0,6
05/03/2017 09:00:00 PM,9,4,5
05/03/2017 08:00:00 PM,7,4,3
05/03/2017 07:00:00 PM,31,16,15
05/03/2017 06:00:00 PM,20,13,7
05/03/2017 05:00:00 PM,25,14,11
05/03/2017 04:00:00 PM,14,11,3
05/03/2017 03:00:00 PM,13,8,5
05/03/2017 02:00:00 PM,11,7,4
05/03/2017 01:00:00 PM,4,1,3
05/03/2017 12:00:00 PM,0,0,0
05/03/2017 11:00:00 AM,0,0,0
05/03/2017 10:00:00 AM,0,0,0
05/03/2017 09:00:00 AM,0,0,0
05/03/2017 08:00:00 AM,0,0,0
05/03/2017 07:00:00 AM,0,0,0
05/03/2017 06:00:00 AM,0,0,0
05/03/2017 05:00:00 AM,0,0,0
05/03/2017 04:00:00 AM,0,0,0
05/03/2017 03:00:00 AM,0,0,0
05/03/2017 02:00:00 AM,0,0,0
05/03/2017 01:00:00 AM,0,0,0
05/03/2017 12:00:00 AM,0,0,0
05/02/2017 11:00:00 PM,0,0,0
05/02/2017 10:00:00 PM,0,0,0
05/02/2017 09:00:00 PM,0,0,0
05/02/2017 08:00:00 PM,0,0,0
05/02/2017 07:00:00 PM,0,0,0
05/02/2017 06:00:00 PM,0,0,0
05/02/2017 05:00:00 PM,0,0,0
05/02/2017 04:00:00 PM,0,0,0
05/02/2017 03:00:00 PM,0,0,0
05/02/2017 02:00:00 PM,0,0,0
05/02/2017 01:00:00 PM,0,0,0
05/02/2017 12:00:00 PM,0,0,0
05/02/2017 11:00:00 AM,0,0,0
05/02/2017 10:00:00 AM,0,0,0
05/02/2017 09:00:00 AM,0,0,0
05/02/2017 08:00:00 AM,0,0,0
05/02/2017 07:00:00 AM,0,0,0
05/02/2017 06:00:00 AM,0,0,0
05/02/2017 05:00:00 AM,0,0,0
05/02/2017 04:00:00 AM,0,0,0
05/02/2017 03:00:00 AM,0,0,0
05/02/2017 02:00:00 AM,0,0,0
05/02/2017 01:00:00 AM,0,0,0
05/02/2017 12:00:00 AM,0,0,0
05/01/2017 11:00:00 PM,0,0,0
05/01/2017 10:00:00 PM,0,0,0
05/01/2017 09:00:00 PM,0,0,0
05/01/2017 08:00:00 PM,0,0,0
05/01/2017 07:00:00 PM,0,0,0
05/01/2017 06:00:00 PM,0,0,0
05/01/2017 05:00:00 PM,0,0,0
05/01/2017 04:00:00 PM,0,0,0
05/01/2017 03:00:00 PM,0,0,0
05/01/2017 02:00:00 PM,0,0,0
05/01/2017 01:00:00 PM,0,0,0
05/01/2017 12:00:00 PM,0,0,0
05/01/2017 11:00:00 AM,0,0,0
05/01/2017 10:00:00 AM,1,0,1
05/01/2017 09:00:00 AM,0,0,0
05/01/2017 08:00:00 AM,0,0,0
05/01/2017 07:00:00 AM,0,0,0
05/01/2017 06:00:00 AM,0,0,0
05/01/2017 05:00:00 AM,0,0,0
05/01/2017 04:00:00 AM,0,0,0
05/01/2017 03:00:00 AM,0,0,0
05/01/2017 02:00:00 AM,0,0,0
05/01/2017 01:00:00 AM,0,0,0
05/01/2017 12:00:00 AM,0,0,0
04/30/2017 11:00:00 PM,0,0,0
04/30/2017 10:00:00 PM,0,0,0
04/30/2017 09:00:00 PM,0,0,0
04/30/2017 08:00:00 PM,0,0,0
04/30/2017 07:00:00 PM,0,0,0
04/30/2017 06:00:00 PM,0,0,0
04/30/2017 05:00:00 PM,0,0,0
04/30/2017 04:00:00 PM,0,0,0
04/30/2017 03:00:00 PM,0,0,0
04/30/2017 02:00:00 PM,0,0,0
04/30/2017 01:00:00 PM,0,0,0
04/30/2017 12:00:00 PM,0,0,0
04/30/2017 11:00:00 AM,0,0,0
04/30/2017 10:00:00 AM,0,0,0
04/30/2017 09:00:00 AM,0,0,0
04/30/2017 08:00:00 AM,0,0,0
04/30/2017 07:00:00 AM,0,0,0
04/30/2017 06:00:00 AM,0,0,0
04/30/2017 05:00:00 AM,0,0,0
04/30/2017 04:00:00 AM,0,0,0
04/30/2017 03:00:00 AM,0,0,0
04/30/2017 02:00:00 AM,0,0,0
04/30/2017 01:00:00 AM,0,0,0
04/30/2017 12:00:00 AM,0,0,0
04/29/2017 11:00:00 PM,0,0,0
04/29/2017 10:00:00 PM,0,0,0
04/29/2017 09:00:00 PM,0,0,0
04/29/2017 08:00:00 PM,0,0,0
04/29/2017 07:00:00 PM,0,0,0
04/29/2017 06:00:00 PM,0,0,0
04/29/2017 05:00:00 PM,0,0,0
04/29/2017 04:00:00 PM,0,0,0
04/29/2017 03:00:00 PM,0,0,0
04/29/2017 02:00:00 PM,0,0,0
04/29/2017 01:00:00 PM,0,0,0
04/29/2017 12:00:00 PM,0,0,0
04/29/2017 11:00:00 AM,0,0,0
04/29/2017 10:00:00 AM,0,0,0
04/29/2017 09:00:00 AM,0,0,0
04/29/2017 08:00:00 AM,0,0,0
04/29/2017 07:00:00 AM,0,0,0
04/29/2017 06:00:00 AM,0,0,0
04/29/2017 05:00:00 AM,0,0,0
04/29/2017 04:00:00 AM,0,0,0
04/29/2017 03:00:00 AM,0,0,0
04/29/2017 02:00:00 AM,0,0,0
04/29/2017 01:00:00 AM,0,0,0
04/29/2017 12:00:00 AM,0,0,0
04/28/2017 11:00:00 PM,1,0,1
04/28/2017 10:00:00 PM,0,0,0
04/28/2017 09:00:00 PM,0,0,0
04/28/2017 08:00:00 PM,0,0,0
04/28/2017 07:00:00 PM,0,0,0
04/28/2017 06:00:00 PM,0,0,0
04/28/2017 05:00:00 PM,0,0,0
04/28/2017 04:00:00 PM,0,0,0
04/28/2017 03:00:00 PM,0,0,0
04/28/2017 02:00:00 PM,0,0,0
04/28/2017 01:00:00 PM,4,3,1
04/28/2017 12:00:00 PM,11,5,6
04/28/2017 11:00:00 AM,7,2,5
04/28/2017 10:00:00 AM,2,0,2
04/28/2017 09:00:00 AM,3,2,1
04/28/2017 08:00:00 AM,9,6,3
04/28/2017 07:00:00 AM,5,1,4
04/28/2017 06:00:00 AM,3,1,2
04/28/2017 05:00:00 AM,0,0,0
04/28/2017 04:00:00 AM,0,0,0
04/28/2017 03:00:00 AM,0,0,0
04/28/2017 02:00:00 AM,1,1,0
04/28/2017 01:00:00 AM,0,0,0
04/28/2017 12:00:00 AM,1,1,0
04/27/2017 11:00:00 PM,3,1,2
04/27/2017 10:00:00 PM,0,0,0
04/27/2017 09:00:00 PM,2,1,1
04/27/2017 08:00:00 PM,1,1,0
04/27/2017 07:00:00 PM,5,3,2
04/27/2017 06:00:00 PM,14,11,3
04/27/2017 05:00:00 PM,9,4,5
04/27/2017 04:00:00 PM,11,8,3
04/27/2017 03:00:00 PM,10,7,3
04/27/2017 02:00:00 PM,8,6,2
04/27/2017 01:00:00 PM,9,2,7
04/27/2017 12:00:00 PM,10,5,5
04/27/2017 11:00:00 AM,10,5,5
04/27/2017 10:00:00 AM,10,7,3
04/27/2017 09:00:00 AM,3,1,2
04/27/2017 08:00:00 AM,7,3,4
04/27/2017 07:00:00 AM,3,0,3
04/27/2017 06:00:00 AM,4,1,3
04/27/2017 05:00:00 AM,0,0,0
04/27/2017 04:00:00 AM,0,0,0
04/27/2017 03:00:00 AM,0,0,0
04/27/2017 02:00:00 AM,0,0,0
04/27/2017 01:00:00 AM,0,0,0
04/27/2017 12:00:00 AM,0,0,0
04/26/2017 11:00:00 PM,0,0,0
04/26/2017 10:00:00 PM,3,2,1
04/26/2017 09:00:00 PM,3,0,3
04/26/2017 08:00:00 PM,5,3,2
04/26/2017 07:00:00 PM,6,2,4
04/26/2017 06:00:00 PM,10,8,2
04/26/2017 05:00:00 PM,15,9,6
04/26/2017 04:00:00 PM,6,2,4
04/26/2017 03:00:00 PM,5,0,5
04/26/2017 02:00:00 PM,4,1,3
04/26/2017 01:00:00 PM,3,1,2
04/26/2017 12:00:00 PM,2,1,1
04/26/2017 11:00:00 AM,8,5,3
04/26/2017 10:00:00 AM,5,4,1
04/26/2017 09:00:00 AM,6,2,4
04/26/2017 08:00:00 AM,4,3,1
04/26/2017 07:00:00 AM,11,4,7
04/26/2017 06:00:00 AM,3,2,1
04/26/2017 05:00:00 AM,1,1,0
04/26/2017 04:00:00 AM,0,0,0
04/26/2017 03:00:00 AM,1,1,0
04/26/2017 02:00:00 AM,1,1,0
04/26/2017 01:00:00 AM,1,0,1
04/26/2017 12:00:00 AM,0,0,0
04/25/2017 11:00:00 PM,2,0,2
04/25/2017 10:00:00 PM,0,0,0
04/25/2017 09:00:00 PM,4,2,2
04/25/2017 08:00:00 PM,8,4,4
04/25/2017 07:00:00 PM,5,3,2
04/25/2017 06:00:00 PM,9,8,1
04/25/2017 05:00:00 PM,14,7,7
04/25/2017 04:00:00 PM,7,1,6
04/25/2017 03:00:00 PM,7,3,4
04/25/2017 02:00:00 PM,9,5,4
04/25/2017 01:00:00 PM,7,6,1
04/25/2017 12:00:00 PM,4,3,1
04/25/2017 11:00:00 AM,0,0,0
04/25/2017 10:00:00 AM,0,0,0
04/25/2017 09:00:00 AM,0,0,0
04/25/2017 08:00:00 AM,0,0,0
04/25/2017 07:00:00 AM,0,0,0
04/25/2017 06:00:00 AM,0,0,0
04/25/2017 05:00:00 AM,0,0,0
04/25/2017 04:00:00 AM,0,0,0
04/25/2017 03:00:00 AM,0,0,0
04/25/2017 02:00:00 AM,0,0,0
04/25/2017 01:00:00 AM,0,0,0
04/25/2017 12:00:00 AM,0,0,0
04/24/2017 11:00:00 PM,0,0,0
04/24/2017 10:00:00 PM,0,0,0
04/24/2017 09:00:00 PM,0,0,0
04/24/2017 08:00:00 PM,0,0,0
04/24/2017 07:00:00 PM,0,0,0
04/24/2017 06:00:00 PM,0,0,0
04/24/2017 05:00:00 PM,0,0,0
04/24/2017 04:00:00 PM,0,0,0
04/24/2017 03:00:00 PM,0,0,0
04/24/2017 02:00:00 PM,0,0,0
04/24/2017 01:00:00 PM,0,0,0
04/24/2017 12:00:00 PM,0,0,0
04/24/2017 11:00:00 AM,0,0,0
04/24/2017 10:00:00 AM,0,0,0
04/24/2017 09:00:00 AM,0,0,0
04/24/2017 08:00:00 AM,0,0,0
04/24/2017 07:00:00 AM,0,0,0
04/24/2017 06:00:00 AM,0,0,0
04/24/2017 05:00:00 AM,0,0,0
04/24/2017 04:00:00 AM,0,0,0
04/24/2017 03:00:00 AM,0,0,0
04/24/2017 02:00:00 AM,0,0,0
04/24/2017 01:00:00 AM,0,0,0
04/24/2017 12:00:00 AM,0,0,0
04/23/2017 11:00:00 PM,0,0,0
04/23/2017 10:00:00 PM,0,0,0
04/23/2017 09:00:00 PM,0,0,0
04/23/2017 08:00:00 PM,0,0,0
04/23/2017 07:00:00 PM,0,0,0
04/23/2017 06:00:00 PM,0,0,0
04/23/2017 05:00:00 PM,0,0,0
04/23/2017 04:00:00 PM,0,0,0
04/23/2017 03:00:00 PM,0,0,0
04/23/2017 02:00:00 PM,0,0,0
04/23/2017 01:00:00 PM,0,0,0
04/23/2017 12:00:00 PM,0,0,0
04/23/2017 11:00:00 AM,0,0,0
04/23/2017 10:00:00 AM,0,0,0
04/23/2017 09:00:00 AM,0,0,0
04/23/2017 08:00:00 AM,0,0,0
04/23/2017 07:00:00 AM,0,0,0
04/23/2017 06:00:00 AM,0,0,0
04/23/2017 05:00:00 AM,0,0,0
04/23/2017 04:00:00 AM,0,0,0
04/23/2017 03:00:00 AM,0,0,0
04/23/2017 02:00:00 AM,0,0,0
04/23/2017 01:00:00 AM,0,0,0
04/23/2017 12:00:00 AM,0,0,0
04/22/2017 11:00:00 PM,0,0,0
04/22/2017 10:00:00 PM,0,0,0
04/22/2017 09:00:00 PM,0,0,0
04/22/2017 08:00:00 PM,0,0,0
04/22/2017 07:00:00 PM,0,0,0
04/22/2017 06:00:00 PM,0,0,0
04/22/2017 05:00:00 PM,0,0,0
04/22/2017 04:00:00 PM,0,0,0
04/22/2017 03:00:00 PM,0,0,0
04/22/2017 02:00:00 PM,0,0,0
04/22/2017 01:00:00 PM,0,0,0
04/22/2017 12:00:00 PM,0,0,0
04/22/2017 11:00:00 AM,0,0,0
04/22/2017 10:00:00 AM,0,0,0
04/22/2017 09:00:00 AM,0,0,0
04/22/2017 08:00:00 AM,0,0,0
04/22/2017 07:00:00 AM,0,0,0
04/22/2017 06:00:00 AM,0,0,0
04/22/2017 05:00:00 AM,0,0,0
04/22/2017 04:00:00 AM,0,0,0
04/22/2017 03:00:00 AM,0,0,0
04/22/2017 02:00:00 AM,0,0,0
04/22/2017 01:00:00 AM,0,0,0
04/22/2017 12:00:00 AM,0,0,0
04/21/2017 11:00:00 PM,0,0,0
04/21/2017 10:00:00 PM,0,0,0
04/21/2017 09:00:00 PM,0,0,0
04/21/2017 08:00:00 PM,0,0,0
04/21/2017 07:00:00 PM,0,0,0
04/21/2017 06:00:00 PM,0,0,0
04/21/2017 05:00:00 PM,0,0,0
04/21/2017 04:00:00 PM,0,0,0
04/21/2017 03:00:00 PM,0,0,0
04/21/2017 02:00:00 PM,0,0,0
04/21/2017 01:00:00 PM,0,0,0
04/21/2017 12:00:00 PM,0,0,0
04/21/2017 11:00:00 AM,3,1,2
04/21/2017 10:00:00 AM,4,0,4
04/21/2017 09:00:00 AM,5,0,5
04/21/2017 08:00:00 AM,3,0,3
04/21/2017 07:00:00 AM,6,2,4
04/21/2017 06:00:00 AM,5,2,3
04/21/2017 05:00:00 AM,1,0,1
04/21/2017 04:00:00 AM,0,0,0
04/21/2017 03:00:00 AM,0,0,0
04/21/2017 02:00:00 AM,1,0,1
04/21/2017 01:00:00 AM,1,0,1
04/21/2017 12:00:00 AM,3,0,3
04/20/2017 11:00:00 PM,1,0,1
04/20/2017 10:00:00 PM,0,0,0
04/20/2017 09:00:00 PM,3,0,3
04/20/2017 08:00:00 PM,7,2,5
04/20/2017 07:00:00 PM,1,0,1
04/20/2017 06:00:00 PM,14,5,9
04/20/2017 05:00:00 PM,17,5,12
04/20/2017 04:00:00 PM,10,3,7
04/20/2017 03:00:00 PM,4,1,3
04/20/2017 02:00:00 PM,0,0,0
04/20/2017 01:00:00 PM,3,0,3
04/20/2017 12:00:00 PM,5,3,2
04/20/2017 11:00:00 AM,0,0,0
04/20/2017 10:00:00 AM,4,0,4
04/20/2017 09:00:00 AM,8,2,6
04/20/2017 08:00:00 AM,3,2,1
04/20/2017 07:00:00 AM,4,2,2
04/20/2017 06:00:00 AM,5,1,4
04/20/2017 05:00:00 AM,1,1,0
04/20/2017 04:00:00 AM,1,0,1
04/20/2017 03:00:00 AM,0,0,0
04/20/2017 02:00:00 AM,0,0,0
04/20/2017 01:00:00 AM,0,0,0
04/20/2017 12:00:00 AM,1,0,1
04/19/2017 11:00:00 PM,2,0,2
04/19/2017 10:00:00 PM,3,0,3
04/19/2017 09:00:00 PM,3,1,2
04/19/2017 08:00:00 PM,5,0,5
04/19/2017 07:00:00 PM,12,2,10
04/19/2017 06:00:00 PM,4,2,2
04/19/2017 05:00:00 PM,14,4,10
04/19/2017 04:00:00 PM,9,3,6
04/19/2017 03:00:00 PM,5,3,2
04/19/2017 02:00:00 PM,1,1,0
04/19/2017 01:00:00 PM,3,1,2
04/19/2017 12:00:00 PM,2,1,1
04/19/2017 11:00:00 AM,6,0,6
04/19/2017 10:00:00 AM,2,1,1
04/19/2017 09:00:00 AM,5,2,3
04/19/2017 08:00:00 AM,10,2,8
04/19/2017 07:00:00 AM,8,6,2
04/19/2017 06:00:00 AM,4,0,4
04/19/2017 05:00:00 AM,3,0,3
04/19/2017 04:00:00 AM,1,0,1
04/19/2017 03:00:00 AM,0,0,0
04/19/2017 02:00:00 AM,0,0,0
04/19/2017 01:00:00 AM,0,0,0
04/19/2017 12:00:00 AM,0,0,0
04/18/2017 11:00:00 PM,0,0,0
04/18/2017 10:00:00 PM,1,0,1
04/18/2017 09:00:00 PM,1,0,1
04/18/2017 08:00:00 PM,2,2,0
04/18/2017 07:00:00 PM,0,0,0
04/18/2017 06:00:00 PM,0,0,0
04/18/2017 05:00:00 PM,3,2,1
04/18/2017 04:00:00 PM,0,0,0
04/18/2017 03:00:00 PM,4,2,2
04/18/2017 02:00:00 PM,2,1,1
04/18/2017 01:00:00 PM,1,1,0
04/18/2017 12:00:00 PM,4,1,3
04/18/2017 11:00:00 AM,1,1,0
04/18/2017 10:00:00 AM,1,0,1
04/18/2017 09:00:00 AM,6,2,4
04/18/2017 08:00:00 AM,4,2,2
04/18/2017 07:00:00 AM,1,0,1
04/18/2017 06:00:00 AM,2,0,2
04/18/2017 05:00:00 AM,1,0,1
04/18/2017 04:00:00 AM,2,0,2
04/18/2017 03:00:00 AM,0,0,0
04/18/2017 02:00:00 AM,1,0,1
04/18/2017 01:00:00 AM,1,0,1
04/18/2017 12:00:00 AM,0,0,0
04/17/2017 11:00:00 PM,2,0,2
04/17/2017 10:00:00 PM,2,0,2
04/17/2017 09:00:00 PM,4,0,4
04/17/2017 08:00:00 PM,2,0,2
04/17/2017 07:00:00 PM,4,1,3
04/17/2017 06:00:00 PM,7,1,6
04/17/2017 05:00:00 PM,7,3,4
04/17/2017 04:00:00 PM,6,5,1
04/17/2017 03:00:00 PM,5,1,4
04/17/2017 02:00:00 PM,2,2,0
04/17/2017 01:00:00 PM,5,3,2
04/17/2017 12:00:00 PM,3,2,1
04/17/2017 11:00:00 AM,3,1,2
04/17/2017 10:00:00 AM,2,0,2
04/17/2017 09:00:00 AM,3,3,0
04/17/2017 08:00:00 AM,3,0,3
04/17/2017 07:00:00 AM,1,1,0
04/17/2017 06:00:00 AM,0,0,0
04/17/2017 05:00:00 AM,0,0,0
04/17/2017 04:00:00 AM,0,0,0
04/17/2017 03:00:00 AM,0,0,0
04/17/2017 02:00:00 AM,0,0,0
04/17/2017 01:00:00 AM,0,0,0
04/17/2017 12:00:00 AM,0,0,0
04/16/2017 11:00:00 PM,0,0,0
04/16/2017 10:00:00 PM,0,0,0
04/16/2017 09:00:00 PM,2,0,2
04/16/2017 08:00:00 PM,5,3,2
04/16/2017 07:00:00 PM,2,0,2
04/16/2017 06:00:00 PM,2,0,2
04/16/2017 05:00:00 PM,3,1,2
04/16/2017 04:00:00 PM,3,2,1
04/16/2017 03:00:00 PM,5,4,1
04/16/2017 02:00:00 PM,6,2,4
04/16/2017 01:00:00 PM,4,2,2
04/16/2017 12:00:00 PM,5,3,2
04/16/2017 11:00:00 AM,7,2,5
04/16/2017 10:00:00 AM,1,1,0
04/16/2017 09:00:00 AM,0,0,0
04/16/2017 08:00:00 AM,0,0,0
04/16/2017 07:00:00 AM,0,0,0
04/16/2017 06:00:00 AM,0,0,0
04/16/2017 05:00:00 AM,0,0,0
04/16/2017 04:00:00 AM,0,0,0
04/16/2017 03:00:00 AM,0,0,0
04/16/2017 02:00:00 AM,0,0,0
04/16/2017 01:00:00 AM,0,0,0
04/16/2017 12:00:00 AM,0,0,0
04/15/2017 11:00:00 PM,0,0,0
04/15/2017 10:00:00 PM,0,0,0
04/15/2017 09:00:00 PM,0,0,0
04/15/2017 08:00:00 PM,1,1,0
04/15/2017 07:00:00 PM,9,1,8
04/15/2017 06:00:00 PM,6,2,4
04/15/2017 05:00:00 PM,6,1,5
04/15/2017 04:00:00 PM,1,0,1
04/15/2017 03:00:00 PM,3,0,3
04/15/2017 02:00:00 PM,9,4,5
04/15/2017 01:00:00 PM,5,2,3
04/15/2017 12:00:00 PM,5,0,5
04/15/2017 11:00:00 AM,6,5,1
04/15/2017 10:00:00 AM,1,0,1
04/15/2017 09:00:00 AM,10,4,6
04/15/2017 08:00:00 AM,4,3,1
04/15/2017 07:00:00 AM,2,2,0
04/15/2017 06:00:00 AM,1,1,0
04/15/2017 05:00:00 AM,0,0,0
04/15/2017 04:00:00 AM,0,0,0
04/15/2017 03:00:00 AM,1,0,1
04/15/2017 02:00:00 AM,0,0,0
04/15/2017 01:00:00 AM,4,3,1
04/15/2017 12:00:00 AM,2,1,1
04/14/2017 11:00:00 PM,3,1,2
04/14/2017 10:00:00 PM,3,1,2
04/14/2017 09:00:00 PM,1,0,1
04/14/2017 08:00:00 PM,9,1,8
04/14/2017 07:00:00 PM,3,0,3
04/14/2017 06:00:00 PM,10,1,9
04/14/2017 05:00:00 PM,12,2,10
04/14/2017 04:00:00 PM,12,5,7
04/14/2017 03:00:00 PM,8,1,7
04/14/2017 02:00:00 PM,5,0,5
04/14/2017 01:00:00 PM,2,1,1
04/14/2017 12:00:00 PM,3,0,3
04/14/2017 11:00:00 AM,6,2,4
04/14/2017 10:00:00 AM,7,2,5
04/14/2017 09:00:00 AM,6,0,6
04/14/2017 08:00:00 AM,6,1,5
04/14/2017 07:00:00 AM,3,1,2
04/14/2017 06:00:00 AM,3,0,3
04/14/2017 05:00:00 AM,0,0,0
04/14/2017 04:00:00 AM,0,0,0
04/14/2017 03:00:00 AM,0,0,0
04/14/2017 02:00:00 AM,0,0,0
04/14/2017 01:00:00 AM,1,0,1
04/14/2017 12:00:00 AM,1,0,1
04/13/2017 11:00:00 PM,3,0,3
04/13/2017 10:00:00 PM,9,0,9
04/13/2017 09:00:00 PM,12,5,7
04/13/2017 08:00:00 PM,10,1,9
04/13/2017 07:00:00 PM,12,5,7
04/13/2017 06:00:00 PM,14,0,14
04/13/2017 05:00:00 PM,15,0,15
04/13/2017 04:00:00 PM,10,0,10
04/13/2017 03:00:00 PM,5,1,4
04/13/2017 02:00:00 PM,14,2,12
04/13/2017 01:00:00 PM,7,3,4
04/13/2017 12:00:00 PM,4,4,0
04/13/2017 11:00:00 AM,5,3,2
04/13/2017 10:00:00 AM,6,0,6
04/13/2017 09:00:00 AM,3,0,3
04/13/2017 08:00:00 AM,4,0,4
04/13/2017 07:00:00 AM,9,4,5
04/13/2017 06:00:00 AM,0,0,0
04/13/2017 05:00:00 AM,0,0,0
04/13/2017 04:00:00 AM,0,0,0
04/13/2017 03:00:00 AM,0,0,0
04/13/2017 02:00:00 AM,1,0,1
04/13/2017 01:00:00 AM,0,0,0
04/13/2017 12:00:00 AM,0,0,0
04/12/2017 11:00:00 PM,0,0,0
04/12/2017 10:00:00 PM,1,0,1
04/12/2017 09:00:00 PM,0,0,0
04/12/2017 08:00:00 PM,1,1,0
04/12/2017 07:00:00 PM,3,0,3
04/12/2017 06:00:00 PM,7,3,4
04/12/2017 05:00:00 PM,10,6,4
04/12/2017 04:00:00 PM,3,3,0
04/12/2017 03:00:00 PM,5,3,2
04/12/2017 02:00:00 PM,1,1,0
04/12/2017 01:00:00 PM,1,0,1
04/12/2017 12:00:00 PM,3,3,0
04/12/2017 11:00:00 AM,5,3,2
04/12/2017 10:00:00 AM,4,1,3
04/12/2017 09:00:00 AM,3,2,1
04/12/2017 08:00:00 AM,2,1,1
04/12/2017 07:00:00 AM,2,2,0
04/12/2017 06:00:00 AM,2,0,2
04/12/2017 05:00:00 AM,1,1,0
04/12/2017 04:00:00 AM,0,0,0
04/12/2017 03:00:00 AM,0,0,0
04/12/2017 02:00:00 AM,0,0,0
04/12/2017 01:00:00 AM,0,0,0
04/12/2017 12:00:00 AM,0,0,0
04/11/2017 11:00:00 PM,1,1,0
04/11/2017 10:00:00 PM,2,1,1
04/11/2017 09:00:00 PM,2,1,1
04/11/2017 08:00:00 PM,1,1,0
04/11/2017 07:00:00 PM,0,0,0
04/11/2017 06:00:00 PM,3,2,1
04/11/2017 05:00:00 PM,2,1,1
04/11/2017 04:00:00 PM,3,1,2
04/11/2017 03:00:00 PM,1,0,1
04/11/2017 02:00:00 PM,4,4,0
04/11/2017 01:00:00 PM,4,2,2
04/11/2017 12:00:00 PM,1,1,0
04/11/2017 11:00:00 AM,5,5,0
04/11/2017 10:00:00 AM,2,2,0
04/11/2017 09:00:00 AM,9,7,2
04/11/2017 08:00:00 AM,2,1,1
04/11/2017 07:00:00 AM,2,2,0
04/11/2017 06:00:00 AM,0,0,0
04/11/2017 05:00:00 AM,1,1,0
04/11/2017 04:00:00 AM,0,0,0
04/11/2017 03:00:00 AM,0,0,0
04/11/2017 02:00:00 AM,0,0,0
04/11/2017 01:00:00 AM,0,0,0
04/11/2017 12:00:00 AM,1,1,0
04/10/2017 11:00:00 PM,0,0,0
04/10/2017 10:00:00 PM,3,3,0
04/10/2017 09:00:00 PM,0,0,0
04/10/2017 08:00:00 PM,5,4,1
04/10/2017 07:00:00 PM,5,4,1
04/10/2017 06:00:00 PM,1,0,1
04/10/2017 05:00:00 PM,1,0,1
04/10/2017 04:00:00 PM,1,1,0
04/10/2017 03:00:00 PM,3,0,3
04/10/2017 02:00:00 PM,7,4,3
04/10/2017 01:00:00 PM,0,0,0
04/10/2017 12:00:00 PM,1,1,0
04/10/2017 11:00:00 AM,3,2,1
04/10/2017 10:00:00 AM,1,1,0
04/10/2017 09:00:00 AM,6,5,1
04/10/2017 08:00:00 AM,2,2,0
04/10/2017 07:00:00 AM,3,3,0
04/10/2017 06:00:00 AM,0,0,0
04/10/2017 05:00:00 AM,0,0,0
04/10/2017 04:00:00 AM,0,0,0
04/10/2017 03:00:00 AM,0,0,0
04/10/2017 02:00:00 AM,0,0,0
04/10/2017 01:00:00 AM,0,0,0
04/10/2017 12:00:00 AM,0,0,0
04/09/2017 11:00:00 PM,0,0,0
04/09/2017 10:00:00 PM,1,1,0
04/09/2017 09:00:00 PM,2,2,0
04/09/2017 08:00:00 PM,2,1,1
04/09/2017 07:00:00 PM,3,3,0
04/09/2017 06:00:00 PM,5,4,1
04/09/2017 05:00:00 PM,11,9,2
04/09/2017 04:00:00 PM,10,8,2
04/09/2017 03:00:00 PM,3,0,3
04/09/2017 02:00:00 PM,5,4,1
04/09/2017 01:00:00 PM,4,2,2
04/09/2017 12:00:00 PM,8,4,4
04/09/2017 11:00:00 AM,10,4,6
04/09/2017 10:00:00 AM,7,6,1
04/09/2017 09:00:00 AM,3,2,1
04/09/2017 08:00:00 AM,1,1,0
04/09/2017 07:00:00 AM,0,0,0
04/09/2017 06:00:00 AM,2,0,2
04/09/2017 05:00:00 AM,0,0,0
04/09/2017 04:00:00 AM,0,0,0
04/09/2017 03:00:00 AM,0,0,0
04/09/2017 02:00:00 AM,0,0,0
04/09/2017 01:00:00 AM,0,0,0
04/09/2017 12:00:00 AM,1,1,0
04/08/2017 11:00:00 PM,1,0,1
04/08/2017 10:00:00 PM,0,0,0
04/08/2017 09:00:00 PM,1,0,1
04/08/2017 08:00:00 PM,1,1,0
04/08/2017 07:00:00 PM,2,1,1
04/08/2017 06:00:00 PM,7,6,1
04/08/2017 05:00:00 PM,10,4,6
04/08/2017 04:00:00 PM,5,3,2
04/08/2017 03:00:00 PM,2,1,1
04/08/2017 02:00:00 PM,4,3,1
04/08/2017 01:00:00 PM,5,5,0
04/08/2017 12:00:00 PM,7,6,1
04/08/2017 11:00:00 AM,4,4,0
04/08/2017 10:00:00 AM,5,5,0
04/08/2017 09:00:00 AM,6,5,1
04/08/2017 08:00:00 AM,0,0,0
04/08/2017 07:00:00 AM,0,0,0
04/08/2017 06:00:00 AM,0,0,0
04/08/2017 05:00:00 AM,1,0,1
04/08/2017 04:00:00 AM,0,0,0
04/08/2017 03:00:00 AM,0,0,0
04/08/2017 02:00:00 AM,0,0,0
04/08/2017 01:00:00 AM,0,0,0
04/08/2017 12:00:00 AM,0,0,0
04/07/2017 11:00:00 PM,2,0,2
04/07/2017 10:00:00 PM,1,0,1
04/07/2017 09:00:00 PM,1,1,0
04/07/2017 08:00:00 PM,4,1,3
04/07/2017 07:00:00 PM,4,0,4
04/07/2017 06:00:00 PM,3,1,2
04/07/2017 05:00:00 PM,6,2,4
04/07/2017 04:00:00 PM,3,1,2
04/07/2017 03:00:00 PM,4,4,0
04/07/2017 02:00:00 PM,1,0,1
04/07/2017 01:00:00 PM,0,0,0
04/07/2017 12:00:00 PM,10,0,10
04/07/2017 11:00:00 AM,4,1,3
04/07/2017 10:00:00 AM,6,3,3
04/07/2017 09:00:00 AM,5,1,4
04/07/2017 08:00:00 AM,5,1,4
04/07/2017 07:00:00 AM,1,0,1
04/07/2017 06:00:00 AM,0,0,0
04/07/2017 05:00:00 AM,0,0,0
04/07/2017 04:00:00 AM,0,0,0
04/07/2017 03:00:00 AM,1,1,0
04/07/2017 02:00:00 AM,1,0,1
04/07/2017 01:00:00 AM,0,0,0
04/07/2017 12:00:00 AM,2,0,2
04/06/2017 11:00:00 PM,4,0,4
04/06/2017 10:00:00 PM,8,0,8
04/06/2017 09:00:00 PM,9,1,8
04/06/2017 08:00:00 PM,4,0,4
04/06/2017 07:00:00 PM,7,5,2
04/06/2017 06:00:00 PM,7,3,4
04/06/2017 05:00:00 PM,12,3,9
04/06/2017 04:00:00 PM,3,0,3
04/06/2017 03:00:00 PM,5,0,5
04/06/2017 02:00:00 PM,5,0,5
04/06/2017 01:00:00 PM,6,1,5
04/06/2017 12:00:00 PM,8,2,6
04/06/2017 11:00:00 AM,5,0,5
04/06/2017 10:00:00 AM,3,0,3
04/06/2017 09:00:00 AM,2,0,2
04/06/2017 08:00:00 AM,6,1,5
04/06/2017 07:00:00 AM,4,2,2
04/06/2017 06:00:00 AM,0,0,0
04/06/2017 05:00:00 AM,0,0,0
04/06/2017 04:00:00 AM,1,0,1
04/06/2017 03:00:00 AM,0,0,0
04/06/2017 02:00:00 AM,0,0,0
04/06/2017 01:00:00 AM,0,0,0
04/06/2017 12:00:00 AM,1,0,1
04/05/2017 11:00:00 PM,2,0,2
04/05/2017 10:00:00 PM,1,0,1
04/05/2017 09:00:00 PM,3,2,1
04/05/2017 08:00:00 PM,1,0,1
04/05/2017 07:00:00 PM,2,1,1
04/05/2017 06:00:00 PM,8,1,7
04/05/2017 05:00:00 PM,6,3,3
04/05/2017 04:00:00 PM,6,3,3
04/05/2017 03:00:00 PM,3,1,2
04/05/2017 02:00:00 PM,6,1,5
04/05/2017 01:00:00 PM,5,2,3
04/05/2017 12:00:00 PM,8,4,4
04/05/2017 11:00:00 AM,5,1,4
04/05/2017 10:00:00 AM,4,0,4
04/05/2017 09:00:00 AM,2,0,2
04/05/2017 08:00:00 AM,3,2,1
04/05/2017 07:00:00 AM,2,2,0
04/05/2017 06:00:00 AM,1,1,0
04/05/2017 05:00:00 AM,0,0,0
04/05/2017 04:00:00 AM,0,0,0
04/05/2017 03:00:00 AM,0,0,0
04/05/2017 02:00:00 AM,0,0,0
04/05/2017 01:00:00 AM,0,0,0
04/05/2017 12:00:00 AM,0,0,0
04/04/2017 11:00:00 PM,0,0,0
04/04/2017 10:00:00 PM,0,0,0
04/04/2017 09:00:00 PM,1,1,0
04/04/2017 08:00:00 PM,3,3,0
04/04/2017 07:00:00 PM,4,4,0
04/04/2017 06:00:00 PM,5,3,2
04/04/2017 05:00:00 PM,6,6,0
04/04/2017 04:00:00 PM,2,1,1
04/04/2017 03:00:00 PM,2,1,1
04/04/2017 02:00:00 PM,0,0,0
04/04/2017 01:00:00 PM,10,9,1
04/04/2017 12:00:00 PM,1,1,0
04/04/2017 11:00:00 AM,3,3,0
04/04/2017 10:00:00 AM,3,3,0
04/04/2017 09:00:00 AM,2,2,0
04/04/2017 08:00:00 AM,5,5,0
04/04/2017 07:00:00 AM,1,1,0
04/04/2017 06:00:00 AM,1,1,0
04/04/2017 05:00:00 AM,1,0,1
04/04/2017 04:00:00 AM,0,0,0
04/04/2017 03:00:00 AM,1,0,1
04/04/2017 02:00:00 AM,0,0,0
04/04/2017 01:00:00 AM,2,2,0
04/04/2017 12:00:00 AM,1,0,1
04/03/2017 11:00:00 PM,0,0,0
04/03/2017 10:00:00 PM,0,0,0
04/03/2017 09:00:00 PM,1,0,1
04/03/2017 08:00:00 PM,0,0,0
04/03/2017 07:00:00 PM,5,5,0
04/03/2017 06:00:00 PM,6,5,1
04/03/2017 05:00:00 PM,5,5,0
04/03/2017 04:00:00 PM,3,3,0
04/03/2017 03:00:00 PM,2,2,0
04/03/2017 02:00:00 PM,1,1,0
04/03/2017 01:00:00 PM,2,2,0
04/03/2017 12:00:00 PM,7,6,1
04/03/2017 11:00:00 AM,2,2,0
04/03/2017 10:00:00 AM,3,3,0
04/03/2017 09:00:00 AM,2,1,1
04/03/2017 08:00:00 AM,0,0,0
04/03/2017 07:00:00 AM,2,1,1
04/03/2017 06:00:00 AM,1,0,1
04/03/2017 05:00:00 AM,1,1,0
04/03/2017 04:00:00 AM,0,0,0
04/03/2017 03:00:00 AM,1,1,0
04/03/2017 02:00:00 AM,0,0,0
04/03/2017 01:00:00 AM,0,0,0
04/03/2017 12:00:00 AM,0,0,0
04/02/2017 11:00:00 PM,0,0,0
04/02/2017 10:00:00 PM,1,1,0
04/02/2017 09:00:00 PM,2,1,1
04/02/2017 08:00:00 PM,0,0,0
04/02/2017 07:00:00 PM,3,3,0
04/02/2017 06:00:00 PM,4,3,1
04/02/2017 05:00:00 PM,5,5,0
04/02/2017 04:00:00 PM,3,3,0
04/02/2017 03:00:00 PM,4,3,1
04/02/2017 02:00:00 PM,4,4,0
04/02/2017 01:00:00 PM,7,7,0
04/02/2017 12:00:00 PM,9,9,0
04/02/2017 11:00:00 AM,4,4,0
04/02/2017 10:00:00 AM,4,4,0
04/02/2017 09:00:00 AM,5,5,0
04/02/2017 08:00:00 AM,0,0,0
04/02/2017 07:00:00 AM,0,0,0
04/02/2017 06:00:00 AM,0,0,0
04/02/2017 05:00:00 AM,0,0,0
04/02/2017 04:00:00 AM,0,0,0
04/02/2017 03:00:00 AM,1,1,0
04/02/2017 02:00:00 AM,0,0,0
04/02/2017 01:00:00 AM,0,0,0
04/02/2017 12:00:00 AM,0,0,0
04/01/2017 11:00:00 PM,0,0,0
04/01/2017 10:00:00 PM,0,0,0
04/01/2017 09:00:00 PM,0,0,0
04/01/2017 08:00:00 PM,3,2,1
04/01/2017 07:00:00 PM,1,1,0
04/01/2017 06:00:00 PM,6,6,0
04/01/2017 05:00:00 PM,5,5,0
04/01/2017 04:00:00 PM,5,5,0
04/01/2017 03:00:00 PM,3,3,0
04/01/2017 02:00:00 PM,5,3,2
04/01/2017 01:00:00 PM,6,5,1
04/01/2017 12:00:00 PM,6,6,0
04/01/2017 11:00:00 AM,6,6,0
04/01/2017 10:00:00 AM,5,3,2
04/01/2017 09:00:00 AM,5,1,4
04/01/2017 08:00:00 AM,4,4,0
04/01/2017 07:00:00 AM,1,0,1
04/01/2017 06:00:00 AM,0,0,0
04/01/2017 05:00:00 AM,0,0,0
04/01/2017 04:00:00 AM,0,0,0
04/01/2017 03:00:00 AM,0,0,0
04/01/2017 02:00:00 AM,1,1,0
04/01/2017 01:00:00 AM,0,0,0
04/01/2017 12:00:00 AM,3,2,1
03/31/2017 11:00:00 PM,1,1,0
03/31/2017 10:00:00 PM,3,1,2
03/31/2017 09:00:00 PM,1,1,0
03/31/2017 08:00:00 PM,9,6,3
03/31/2017 07:00:00 PM,7,7,0
03/31/2017 06:00:00 PM,5,4,1
03/31/2017 05:00:00 PM,13,10,3
03/31/2017 04:00:00 PM,3,2,1
03/31/2017 03:00:00 PM,7,6,1
03/31/2017 02:00:00 PM,7,3,4
03/31/2017 01:00:00 PM,4,1,3
03/31/2017 12:00:00 PM,4,1,3
03/31/2017 11:00:00 AM,4,0,4
03/31/2017 10:00:00 AM,3,1,2
03/31/2017 09:00:00 AM,4,3,1
03/31/2017 08:00:00 AM,4,1,3
03/31/2017 07:00:00 AM,1,1,0
03/31/2017 06:00:00 AM,0,0,0
03/31/2017 05:00:00 AM,0,0,0
03/31/2017 04:00:00 AM,0,0,0
03/31/2017 03:00:00 AM,1,0,1
03/31/2017 02:00:00 AM,0,0,0
03/31/2017 01:00:00 AM,0,0,0
03/31/2017 12:00:00 AM,0,0,0
03/30/2017 11:00:00 PM,1,1,0
03/30/2017 10:00:00 PM,4,2,2
03/30/2017 09:00:00 PM,3,3,0
03/30/2017 08:00:00 PM,3,2,1
03/30/2017 07:00:00 PM,7,6,1
03/30/2017 06:00:00 PM,7,5,2
03/30/2017 05:00:00 PM,2,1,1
03/30/2017 04:00:00 PM,1,1,0
03/30/2017 03:00:00 PM,2,2,0
03/30/2017 02:00:00 PM,1,0,1
03/30/2017 01:00:00 PM,1,0,1
03/30/2017 12:00:00 PM,3,2,1
03/30/2017 11:00:00 AM,2,2,0
03/30/2017 10:00:00 AM,2,1,1
03/30/2017 09:00:00 AM,4,3,1
03/30/2017 08:00:00 AM,3,2,1
03/30/2017 07:00:00 AM,2,2,0
03/30/2017 06:00:00 AM,0,0,0
03/30/2017 05:00:00 AM,0,0,0
03/30/2017 04:00:00 AM,0,0,0
03/30/2017 03:00:00 AM,0,0,0
03/30/2017 02:00:00 AM,0,0,0
03/30/2017 01:00:00 AM,0,0,0
03/30/2017 12:00:00 AM,0,0,0
03/29/2017 11:00:00 PM,0,0,0
03/29/2017 10:00:00 PM,0,0,0
03/29/2017 09:00:00 PM,0,0,0
03/29/2017 08:00:00 PM,0,0,0
03/29/2017 07:00:00 PM,1,1,0
03/29/2017 06:00:00 PM,0,0,0
03/29/2017 05:00:00 PM,1,1,0
03/29/2017 04:00:00 PM,0,0,0
03/29/2017 03:00:00 PM,0,0,0
03/29/2017 02:00:00 PM,1,1,0
03/29/2017 01:00:00 PM,1,1,0
03/29/2017 12:00:00 PM,5,0,5
03/29/2017 11:00:00 AM,1,0,1
03/29/2017 10:00:00 AM,0,0,0
03/29/2017 09:00:00 AM,0,0,0
03/29/2017 08:00:00 AM,2,2,0
03/29/2017 07:00:00 AM,1,1,0
03/29/2017 06:00:00 AM,3,1,2
03/29/2017 05:00:00 AM,0,0,0
03/29/2017 04:00:00 AM,1,0,1
03/29/2017 03:00:00 AM,1,0,1
03/29/2017 02:00:00 AM,0,0,0
03/29/2017 01:00:00 AM,0,0,0
03/29/2017 12:00:00 AM,0,0,0
03/28/2017 11:00:00 PM,0,0,0
03/28/2017 10:00:00 PM,1,1,0
03/28/2017 09:00:00 PM,1,1,0
03/28/2017 08:00:00 PM,3,2,1
03/28/2017 07:00:00 PM,3,2,1
03/28/2017 06:00:00 PM,7,7,0
03/28/2017 05:00:00 PM,0,0,0
03/28/2017 04:00:00 PM,4,1,3
03/28/2017 03:00:00 PM,7,3,4
03/28/2017 02:00:00 PM,0,0,0
03/28/2017 01:00:00 PM,7,2,5
03/28/2017 12:00:00 PM,2,2,0
03/28/2017 11:00:00 AM,1,0,1
03/28/2017 10:00:00 AM,3,0,3
03/28/2017 09:00:00 AM,2,1,1
03/28/2017 08:00:00 AM,8,7,1
03/28/2017 07:00:00 AM,3,3,0
03/28/2017 06:00:00 AM,0,0,0
03/28/2017 05:00:00 AM,0,0,0
03/28/2017 04:00:00 AM,0,0,0
03/28/2017 03:00:00 AM,0,0,0
03/28/2017 02:00:00 AM,0,0,0
03/28/2017 01:00:00 AM,0,0,0
03/28/2017 12:00:00 AM,0,0,0
03/27/2017 11:00:00 PM,0,0,0
03/27/2017 10:00:00 PM,3,1,2
03/27/2017 09:00:00 PM,1,1,0
03/27/2017 08:00:00 PM,1,1,0
03/27/2017 07:00:00 PM,3,1,2
03/27/2017 06:00:00 PM,5,3,2
03/27/2017 05:00:00 PM,1,1,0
03/27/2017 04:00:00 PM,3,3,0
03/27/2017 03:00:00 PM,1,1,0
03/27/2017 02:00:00 PM,0,0,0
03/27/2017 01:00:00 PM,2,2,0
03/27/2017 12:00:00 PM,3,2,1
03/27/2017 11:00:00 AM,2,1,1
03/27/2017 10:00:00 AM,7,1,6
03/27/2017 09:00:00 AM,4,1,3
03/27/2017 08:00:00 AM,2,0,2
03/27/2017 07:00:00 AM,2,0,2
03/27/2017 06:00:00 AM,0,0,0
03/27/2017 05:00:00 AM,1,0,1
03/27/2017 04:00:00 AM,0,0,0
03/27/2017 03:00:00 AM,0,0,0
03/27/2017 02:00:00 AM,0,0,0
03/27/2017 01:00:00 AM,0,0,0
03/27/2017 12:00:00 AM,0,0,0
03/26/2017 11:00:00 PM,1,0,1
03/26/2017 10:00:00 PM,0,0,0
03/26/2017 09:00:00 PM,1,0,1
03/26/2017 08:00:00 PM,1,0,1
03/26/2017 07:00:00 PM,6,0,6
03/26/2017 06:00:00 PM,2,1,1
03/26/2017 05:00:00 PM,3,1,2
03/26/2017 04:00:00 PM,7,1,6
03/26/2017 03:00:00 PM,2,1,1
03/26/2017 02:00:00 PM,5,4,1
03/26/2017 01:00:00 PM,15,8,7
03/26/2017 12:00:00 PM,6,2,4
03/26/2017 11:00:00 AM,7,2,5
03/26/2017 10:00:00 AM,6,1,5
03/26/2017 09:00:00 AM,9,1,8
03/26/2017 08:00:00 AM,5,1,4
03/26/2017 07:00:00 AM,1,0,1
03/26/2017 06:00:00 AM,0,0,0
03/26/2017 05:00:00 AM,1,0,1
03/26/2017 04:00:00 AM,0,0,0
03/26/2017 03:00:00 AM,1,1,0
03/26/2017 02:00:00 AM,3,1,2
03/26/2017 01:00:00 AM,1,0,1
03/26/2017 12:00:00 AM,2,0,2
03/25/2017 11:00:00 PM,4,1,3
03/25/2017 10:00:00 PM,4,0,4
03/25/2017 09:00:00 PM,2,1,1
03/25/2017 08:00:00 PM,2,1,1
03/25/2017 07:00:00 PM,9,2,7
03/25/2017 06:00:00 PM,5,3,2
03/25/2017 05:00:00 PM,4,3,1
03/25/2017 04:00:00 PM,3,2,1
03/25/2017 03:00:00 PM,0,0,0
03/25/2017 02:00:00 PM,2,2,0
03/25/2017 01:00:00 PM,4,4,0
03/25/2017 12:00:00 PM,1,1,0
03/25/2017 11:00:00 AM,2,0,2
03/25/2017 10:00:00 AM,2,2,0
03/25/2017 09:00:00 AM,0,0,0
03/25/2017 08:00:00 AM,0,0,0
03/25/2017 07:00:00 AM,0,0,0
03/25/2017 06:00:00 AM,0,0,0
03/25/2017 05:00:00 AM,0,0,0
03/25/2017 04:00:00 AM,0,0,0
03/25/2017 03:00:00 AM,0,0,0
03/25/2017 02:00:00 AM,0,0,0
03/25/2017 01:00:00 AM,0,0,0
03/25/2017 12:00:00 AM,0,0,0
03/24/2017 11:00:00 PM,1,0,1
03/24/2017 10:00:00 PM,0,0,0
03/24/2017 09:00:00 PM,1,1,0
03/24/2017 08:00:00 PM,0,0,0
03/24/2017 07:00:00 PM,0,0,0
03/24/2017 06:00:00 PM,1,1,0
03/24/2017 05:00:00 PM,4,4,0
03/24/2017 04:00:00 PM,4,1,3
03/24/2017 03:00:00 PM,7,3,4
03/24/2017 02:00:00 PM,7,0,7
03/24/2017 01:00:00 PM,8,2,6
03/24/2017 12:00:00 PM,10,3,7
03/24/2017 11:00:00 AM,11,3,8
03/24/2017 10:00:00 AM,3,1,2
03/24/2017 09:00:00 AM,1,1,0
03/24/2017 08:00:00 AM,5,4,1
03/24/2017 07:00:00 AM,1,1,0
03/24/2017 06:00:00 AM,2,1,1
03/24/2017 05:00:00 AM,0,0,0
03/24/2017 04:00:00 AM,1,0,1
03/24/2017 03:00:00 AM,0,0,0
03/24/2017 02:00:00 AM,0,0,0
03/24/2017 01:00:00 AM,0,0,0
03/24/2017 12:00:00 AM,1,0,1
03/23/2017 11:00:00 PM,3,1,2
03/23/2017 10:00:00 PM,1,1,0
03/23/2017 09:00:00 PM,0,0,0
03/23/2017 08:00:00 PM,2,2,0
03/23/2017 07:00:00 PM,5,3,2
03/23/2017 06:00:00 PM,5,4,1
03/23/2017 05:00:00 PM,9,6,3
03/23/2017 04:00:00 PM,3,1,2
03/23/2017 03:00:00 PM,1,1,0
03/23/2017 02:00:00 PM,1,0,1
03/23/2017 01:00:00 PM,2,1,1
03/23/2017 12:00:00 PM,4,4,0
03/23/2017 11:00:00 AM,4,4,0
03/23/2017 10:00:00 AM,3,3,0
03/23/2017 09:00:00 AM,5,3,2
03/23/2017 08:00:00 AM,6,4,2
03/23/2017 07:00:00 AM,3,2,1
03/23/2017 06:00:00 AM,2,1,1
03/23/2017 05:00:00 AM,3,0,3
03/23/2017 04:00:00 AM,2,0,2
03/23/2017 03:00:00 AM,0,0,0
03/23/2017 02:00:00 AM,0,0,0
03/23/2017 01:00:00 AM,0,0,0
03/23/2017 12:00:00 AM,0,0,0
03/22/2017 11:00:00 PM,1,0,1
03/22/2017 10:00:00 PM,0,0,0
03/22/2017 09:00:00 PM,2,0,2
03/22/2017 08:00:00 PM,3,1,2
03/22/2017 07:00:00 PM,5,3,2
03/22/2017 06:00:00 PM,16,9,7
03/22/2017 05:00:00 PM,13,7,6
03/22/2017 04:00:00 PM,2,0,2
03/22/2017 03:00:00 PM,1,1,0
03/22/2017 02:00:00 PM,3,3,0
03/22/2017 01:00:00 PM,1,1,0
03/22/2017 12:00:00 PM,0,0,0
03/22/2017 11:00:00 AM,0,0,0
03/22/2017 10:00:00 AM,2,1,1
03/22/2017 09:00:00 AM,8,3,5
03/22/2017 08:00:00 AM,4,2,2
03/22/2017 07:00:00 AM,4,4,0
03/22/2017 06:00:00 AM,1,0,1
03/22/2017 05:00:00 AM,0,0,0
03/22/2017 04:00:00 AM,0,0,0
03/22/2017 03:00:00 AM,0,0,0
03/22/2017 02:00:00 AM,1,0,1
03/22/2017 01:00:00 AM,0,0,0
03/22/2017 12:00:00 AM,0,0,0
03/21/2017 11:00:00 PM,1,1,0
03/21/2017 10:00:00 PM,2,1,1
03/21/2017 09:00:00 PM,0,0,0
03/21/2017 08:00:00 PM,3,2,1
03/21/2017 07:00:00 PM,2,2,0
03/21/2017 06:00:00 PM,2,0,2
03/21/2017 05:00:00 PM,2,1,1
03/21/2017 04:00:00 PM,4,1,3
03/21/2017 03:00:00 PM,8,3,5
03/21/2017 02:00:00 PM,6,3,3
03/21/2017 01:00:00 PM,6,6,0
03/21/2017 12:00:00 PM,5,3,2
03/21/2017 11:00:00 AM,4,1,3
03/21/2017 10:00:00 AM,5,4,1
03/21/2017 09:00:00 AM,1,0,1
03/21/2017 08:00:00 AM,1,0,1
03/21/2017 07:00:00 AM,0,0,0
03/21/2017 06:00:00 AM,0,0,0
03/21/2017 05:00:00 AM,0,0,0
03/21/2017 04:00:00 AM,0,0,0
03/21/2017 03:00:00 AM,0,0,0
03/21/2017 02:00:00 AM,0,0,0
03/21/2017 01:00:00 AM,0,0,0
03/21/2017 12:00:00 AM,0,0,0
03/20/2017 11:00:00 PM,0,0,0
03/20/2017 10:00:00 PM,1,1,0
03/20/2017 09:00:00 PM,2,1,1
03/20/2017 08:00:00 PM,4,3,1
03/20/2017 07:00:00 PM,3,3,0
03/20/2017 06:00:00 PM,4,4,0
03/20/2017 05:00:00 PM,5,5,0
03/20/2017 04:00:00 PM,1,1,0
03/20/2017 03:00:00 PM,0,0,0
03/20/2017 02:00:00 PM,3,2,1
03/20/2017 01:00:00 PM,6,6,0
03/20/2017 12:00:00 PM,4,3,1
03/20/2017 11:00:00 AM,3,3,0
03/20/2017 10:00:00 AM,3,2,1
03/20/2017 09:00:00 AM,3,2,1
03/20/2017 08:00:00 AM,0,0,0
03/20/2017 07:00:00 AM,1,1,0
03/20/2017 06:00:00 AM,0,0,0
03/20/2017 05:00:00 AM,0,0,0
03/20/2017 04:00:00 AM,0,0,0
03/20/2017 03:00:00 AM,0,0,0
03/20/2017 02:00:00 AM,0,0,0
03/20/2017 01:00:00 AM,0,0,0
03/20/2017 12:00:00 AM,0,0,0
03/19/2017 11:00:00 PM,0,0,0
03/19/2017 10:00:00 PM,1,1,0
03/19/2017 09:00:00 PM,1,1,0
03/19/2017 08:00:00 PM,0,0,0
03/19/2017 07:00:00 PM,1,1,0
03/19/2017 06:00:00 PM,4,4,0
03/19/2017 05:00:00 PM,3,3,0
03/19/2017 04:00:00 PM,10,10,0
03/19/2017 03:00:00 PM,5,5,0
03/19/2017 02:00:00 PM,6,5,1
03/19/2017 01:00:00 PM,6,5,1
03/19/2017 12:00:00 PM,7,5,2
03/19/2017 11:00:00 AM,9,9,0
03/19/2017 10:00:00 AM,3,2,1
03/19/2017 09:00:00 AM,2,2,0
03/19/2017 08:00:00 AM,3,1,2
03/19/2017 07:00:00 AM,1,0,1
03/19/2017 06:00:00 AM,0,0,0
03/19/2017 05:00:00 AM,1,0,1
03/19/2017 04:00:00 AM,1,0,1
03/19/2017 03:00:00 AM,1,1,0
03/19/2017 02:00:00 AM,0,0,0
03/19/2017 01:00:00 AM,0,0,0
03/19/2017 12:00:00 AM,2,0,2
03/18/2017 11:00:00 PM,3,1,2
03/18/2017 10:00:00 PM,3,1,2
03/18/2017 09:00:00 PM,3,2,1
03/18/2017 08:00:00 PM,3,2,1
03/18/2017 07:00:00 PM,3,2,1
03/18/2017 06:00:00 PM,3,2,1
03/18/2017 05:00:00 PM,3,2,1
03/18/2017 04:00:00 PM,6,4,2
03/18/2017 03:00:00 PM,5,1,4
03/18/2017 02:00:00 PM,1,1,0
03/18/2017 01:00:00 PM,2,2,0
03/18/2017 12:00:00 PM,2,1,1
03/18/2017 11:00:00 AM,1,0,1
03/18/2017 10:00:00 AM,2,0,2
03/18/2017 09:00:00 AM,2,0,2
03/18/2017 08:00:00 AM,2,1,1
03/18/2017 07:00:00 AM,0,0,0
03/18/2017 06:00:00 AM,1,0,1
03/18/2017 05:00:00 AM,2,0,2
03/18/2017 04:00:00 AM,1,0,1
03/18/2017 03:00:00 AM,0,0,0
03/18/2017 02:00:00 AM,2,1,1
03/18/2017 01:00:00 AM,0,0,0
03/18/2017 12:00:00 AM,1,0,1
03/17/2017 11:00:00 PM,1,0,1
03/17/2017 10:00:00 PM,1,0,1
03/17/2017 09:00:00 PM,0,0,0
03/17/2017 08:00:00 PM,1,0,1
03/17/2017 07:00:00 PM,3,1,2
03/17/2017 06:00:00 PM,5,1,4
03/17/2017 05:00:00 PM,2,0,2
03/17/2017 04:00:00 PM,3,1,2
03/17/2017 03:00:00 PM,5,2,3
03/17/2017 02:00:00 PM,4,0,4
03/17/2017 01:00:00 PM,5,0,5
03/17/2017 12:00:00 PM,4,1,3
03/17/2017 11:00:00 AM,3,2,1
03/17/2017 10:00:00 AM,0,0,0
03/17/2017 09:00:00 AM,3,2,1
03/17/2017 08:00:00 AM,3,1,2
03/17/2017 07:00:00 AM,4,3,1
03/17/2017 06:00:00 AM,1,0,1
03/17/2017 05:00:00 AM,2,0,2
03/17/2017 04:00:00 AM,1,0,1
03/17/2017 03:00:00 AM,0,0,0
03/17/2017 02:00:00 AM,0,0,0
03/17/2017 01:00:00 AM,0,0,0
03/17/2017 12:00:00 AM,2,1,1
03/16/2017 11:00:00 PM,3,1,2
03/16/2017 10:00:00 PM,2,0,2
03/16/2017 09:00:00 PM,3,2,1
03/16/2017 08:00:00 PM,6,1,5
03/16/2017 07:00:00 PM,6,3,3
03/16/2017 06:00:00 PM,5,1,4
03/16/2017 05:00:00 PM,5,1,4
03/16/2017 04:00:00 PM,2,1,1
03/16/2017 03:00:00 PM,6,1,5
03/16/2017 02:00:00 PM,8,3,5
03/16/2017 01:00:00 PM,2,0,2
03/16/2017 12:00:00 PM,5,1,4
03/16/2017 11:00:00 AM,5,2,3
03/16/2017 10:00:00 AM,8,2,6
03/16/2017 09:00:00 AM,4,3,1
03/16/2017 08:00:00 AM,7,1,6
03/16/2017 07:00:00 AM,9,1,8
03/16/2017 06:00:00 AM,0,0,0
03/16/2017 05:00:00 AM,0,0,0
03/16/2017 04:00:00 AM,1,0,1
03/16/2017 03:00:00 AM,1,0,1
03/16/2017 02:00:00 AM,0,0,0
03/16/2017 01:00:00 AM,0,0,0
03/16/2017 12:00:00 AM,0,0,0
03/15/2017 11:00:00 PM,0,0,0
03/15/2017 10:00:00 PM,0,0,0
03/15/2017 09:00:00 PM,4,0,4
03/15/2017 08:00:00 PM,3,0,3
03/15/2017 07:00:00 PM,5,2,3
03/15/2017 06:00:00 PM,7,1,6
03/15/2017 05:00:00 PM,7,1,6
03/15/2017 04:00:00 PM,5,1,4
03/15/2017 03:00:00 PM,3,0,3
03/15/2017 02:00:00 PM,5,1,4
03/15/2017 01:00:00 PM,7,1,6
03/15/2017 12:00:00 PM,2,2,0
03/15/2017 11:00:00 AM,7,0,7
03/15/2017 10:00:00 AM,4,0,4
03/15/2017 09:00:00 AM,3,2,1
03/15/2017 08:00:00 AM,1,0,1
03/15/2017 07:00:00 AM,1,0,1
03/15/2017 06:00:00 AM,0,0,0
03/15/2017 05:00:00 AM,1,0,1
03/15/2017 04:00:00 AM,0,0,0
03/15/2017 03:00:00 AM,0,0,0
03/15/2017 02:00:00 AM,0,0,0
03/15/2017 01:00:00 AM,1,0,1
03/15/2017 12:00:00 AM,1,0,1
03/14/2017 11:00:00 PM,2,0,2
03/14/2017 10:00:00 PM,1,1,0
03/14/2017 09:00:00 PM,2,1,1
03/14/2017 08:00:00 PM,5,0,5
03/14/2017 07:00:00 PM,4,1,3
03/14/2017 06:00:00 PM,3,1,2
03/14/2017 05:00:00 PM,4,2,2
03/14/2017 04:00:00 PM,4,2,2
03/14/2017 03:00:00 PM,9,1,8
03/14/2017 02:00:00 PM,6,0,6
03/14/2017 01:00:00 PM,7,0,7
03/14/2017 12:00:00 PM,4,1,3
03/14/2017 11:00:00 AM,6,0,6
03/14/2017 10:00:00 AM,1,0,1
03/14/2017 09:00:00 AM,4,1,3
03/14/2017 08:00:00 AM,5,3,2
03/14/2017 07:00:00 AM,2,1,1
03/14/2017 06:00:00 AM,1,0,1
03/14/2017 05:00:00 AM,0,0,0
03/14/2017 04:00:00 AM,1,0,1
03/14/2017 03:00:00 AM,0,0,0
03/14/2017 02:00:00 AM,0,0,0
03/14/2017 01:00:00 AM,2,0,2
03/14/2017 12:00:00 AM,0,0,0
03/13/2017 11:00:00 PM,1,0,1
03/13/2017 10:00:00 PM,1,0,1
03/13/2017 09:00:00 PM,6,1,5
03/13/2017 08:00:00 PM,3,0,3
03/13/2017 07:00:00 PM,4,0,4
03/13/2017 06:00:00 PM,10,0,10
03/13/2017 05:00:00 PM,7,2,5
03/13/2017 04:00:00 PM,3,1,2
03/13/2017 03:00:00 PM,9,1,8
03/13/2017 02:00:00 PM,5,2,3
03/13/2017 01:00:00 PM,2,2,0
03/13/2017 12:00:00 PM,0,0,0
03/13/2017 11:00:00 AM,1,1,0
03/13/2017 10:00:00 AM,7,6,1
03/13/2017 09:00:00 AM,2,1,1
03/13/2017 08:00:00 AM,5,3,2
03/13/2017 07:00:00 AM,3,1,2
03/13/2017 06:00:00 AM,4,2,2
03/13/2017 05:00:00 AM,1,0,1
03/13/2017 04:00:00 AM,0,0,0
03/13/2017 03:00:00 AM,0,0,0
03/13/2017 02:00:00 AM,0,0,0
03/13/2017 01:00:00 AM,0,0,0
03/13/2017 12:00:00 AM,1,1,0
03/12/2017 11:00:00 PM,0,0,0
03/12/2017 10:00:00 PM,1,1,0
03/12/2017 09:00:00 PM,0,0,0
03/12/2017 08:00:00 PM,2,2,0
03/12/2017 07:00:00 PM,1,0,1
03/12/2017 06:00:00 PM,5,5,0
03/12/2017 05:00:00 PM,2,1,1
03/12/2017 04:00:00 PM,4,4,0
03/12/2017 03:00:00 PM,1,1,0
03/12/2017 02:00:00 PM,2,2,0
03/12/2017 01:00:00 PM,3,3,0
03/12/2017 12:00:00 PM,0,0,0
03/12/2017 11:00:00 AM,0,0,0
03/12/2017 10:00:00 AM,2,2,0
03/12/2017 09:00:00 AM,0,0,0
03/12/2017 08:00:00 AM,1,1,0
03/12/2017 07:00:00 AM,0,0,0
03/12/2017 06:00:00 AM,0,0,0
03/12/2017 05:00:00 AM,0,0,0
03/12/2017 04:00:00 AM,0,0,0
03/12/2017 03:00:00 AM,0,0,0
03/12/2017 02:00:00 AM,,,
03/12/2017 01:00:00 AM,0,0,0
03/12/2017 12:00:00 AM,0,0,0
03/11/2017 11:00:00 PM,0,0,0
03/11/2017 10:00:00 PM,3,3,0
03/11/2017 09:00:00 PM,2,1,1
03/11/2017 08:00:00 PM,7,2,5
03/11/2017 07:00:00 PM,5,0,5
03/11/2017 06:00:00 PM,8,6,2
03/11/2017 05:00:00 PM,2,1,1
03/11/2017 04:00:00 PM,1,1,0
03/11/2017 03:00:00 PM,3,3,0
03/11/2017 02:00:00 PM,3,2,1
03/11/2017 01:00:00 PM,6,4,2
03/11/2017 12:00:00 PM,8,0,8
03/11/2017 11:00:00 AM,11,1,10
03/11/2017 10:00:00 AM,3,1,2
03/11/2017 09:00:00 AM,5,2,3
03/11/2017 08:00:00 AM,2,0,2
03/11/2017 07:00:00 AM,2,2,0
03/11/2017 06:00:00 AM,2,0,2
03/11/2017 05:00:00 AM,0,0,0
03/11/2017 04:00:00 AM,0,0,0
03/11/2017 03:00:00 AM,0,0,0
03/11/2017 02:00:00 AM,0,0,0
03/11/2017 01:00:00 AM,1,0,1
03/11/2017 12:00:00 AM,1,0,1
03/10/2017 11:00:00 PM,4,0,4
03/10/2017 10:00:00 PM,6,2,4
03/10/2017 09:00:00 PM,3,0,3
03/10/2017 08:00:00 PM,6,2,4
03/10/2017 07:00:00 PM,6,0,6
03/10/2017 06:00:00 PM,5,3,2
03/10/2017 05:00:00 PM,5,1,4
03/10/2017 04:00:00 PM,5,0,5
03/10/2017 03:00:00 PM,6,3,3
03/10/2017 02:00:00 PM,5,1,4
03/10/2017 01:00:00 PM,10,4,6
03/10/2017 12:00:00 PM,9,0,9
03/10/2017 11:00:00 AM,6,3,3
03/10/2017 10:00:00 AM,0,0,0
03/10/2017 09:00:00 AM,6,1,5
03/10/2017 08:00:00 AM,4,0,4
03/10/2017 07:00:00 AM,3,1,2
03/10/2017 06:00:00 AM,2,0,2
03/10/2017 05:00:00 AM,1,0,1
03/10/2017 04:00:00 AM,0,0,0
03/10/2017 03:00:00 AM,1,0,1
03/10/2017 02:00:00 AM,0,0,0
03/10/2017 01:00:00 AM,0,0,0
03/10/2017 12:00:00 AM,1,0,1
03/09/2017 11:00:00 PM,2,1,1
03/09/2017 10:00:00 PM,3,0,3
03/09/2017 09:00:00 PM,3,1,2
03/09/2017 08:00:00 PM,3,1,2
03/09/2017 07:00:00 PM,5,0,5
03/09/2017 06:00:00 PM,2,0,2
03/09/2017 05:00:00 PM,5,0,5
03/09/2017 04:00:00 PM,3,0,3
03/09/2017 03:00:00 PM,5,0,5
03/09/2017 02:00:00 PM,5,3,2
03/09/2017 01:00:00 PM,1,1,0
03/09/2017 12:00:00 PM,2,1,1
03/09/2017 11:00:00 AM,3,2,1
03/09/2017 10:00:00 AM,0,0,0
03/09/2017 09:00:00 AM,1,1,0
03/09/2017 08:00:00 AM,5,5,0
03/09/2017 07:00:00 AM,3,1,2
03/09/2017 06:00:00 AM,1,0,1
03/09/2017 05:00:00 AM,0,0,0
03/09/2017 04:00:00 AM,0,0,0
03/09/2017 03:00:00 AM,0,0,0
03/09/2017 02:00:00 AM,0,0,0
03/09/2017 01:00:00 AM,0,0,0
03/09/2017 12:00:00 AM,0,0,0
03/08/2017 11:00:00 PM,2,1,1
03/08/2017 10:00:00 PM,4,0,4
03/08/2017 09:00:00 PM,4,0,4
03/08/2017 08:00:00 PM,1,0,1
03/08/2017 07:00:00 PM,11,3,8
03/08/2017 06:00:00 PM,9,3,6
03/08/2017 05:00:00 PM,12,3,9
03/08/2017 04:00:00 PM,12,2,10
03/08/2017 03:00:00 PM,5,0,5
03/08/2017 02:00:00 PM,3,1,2
03/08/2017 01:00:00 PM,2,1,1
03/08/2017 12:00:00 PM,10,3,7
03/08/2017 11:00:00 AM,5,1,4
03/08/2017 10:00:00 AM,5,1,4
03/08/2017 09:00:00 AM,8,0,8
03/08/2017 08:00:00 AM,4,1,3
03/08/2017 07:00:00 AM,1,0,1
03/08/2017 06:00:00 AM,2,0,2
03/08/2017 05:00:00 AM,2,0,2
03/08/2017 04:00:00 AM,1,0,1
03/08/2017 03:00:00 AM,0,0,0
03/08/2017 02:00:00 AM,2,0,2
03/08/2017 01:00:00 AM,0,0,0
03/08/2017 12:00:00 AM,1,0,1
03/07/2017 11:00:00 PM,0,0,0
03/07/2017 10:00:00 PM,8,1,7
03/07/2017 09:00:00 PM,6,1,5
03/07/2017 08:00:00 PM,2,2,0
03/07/2017 07:00:00 PM,5,0,5
03/07/2017 06:00:00 PM,3,1,2
03/07/2017 05:00:00 PM,8,5,3
03/07/2017 04:00:00 PM,2,0,2
03/07/2017 03:00:00 PM,2,0,2
03/07/2017 02:00:00 PM,1,1,0
03/07/2017 01:00:00 PM,2,2,0
03/07/2017 12:00:00 PM,4,0,4
03/07/2017 11:00:00 AM,2,1,1
03/07/2017 10:00:00 AM,1,1,0
03/07/2017 09:00:00 AM,3,2,1
03/07/2017 08:00:00 AM,1,1,0
03/07/2017 07:00:00 AM,1,0,1
03/07/2017 06:00:00 AM,0,0,0
03/07/2017 05:00:00 AM,0,0,0
03/07/2017 04:00:00 AM,0,0,0
03/07/2017 03:00:00 AM,0,0,0
03/07/2017 02:00:00 AM,0,0,0
03/07/2017 01:00:00 AM,0,0,0
03/07/2017 12:00:00 AM,0,0,0
03/06/2017 11:00:00 PM,0,0,0
03/06/2017 10:00:00 PM,1,1,0
03/06/2017 09:00:00 PM,0,0,0
03/06/2017 08:00:00 PM,0,0,0
03/06/2017 07:00:00 PM,2,2,0
03/06/2017 06:00:00 PM,2,2,0
03/06/2017 05:00:00 PM,1,1,0
03/06/2017 04:00:00 PM,10,3,7
03/06/2017 03:00:00 PM,7,5,2
03/06/2017 02:00:00 PM,9,8,1
03/06/2017 01:00:00 PM,4,4,0
03/06/2017 12:00:00 PM,1,1,0
03/06/2017 11:00:00 AM,2,2,0
03/06/2017 10:00:00 AM,0,0,0
03/06/2017 09:00:00 AM,1,0,1
03/06/2017 08:00:00 AM,3,3,0
03/06/2017 07:00:00 AM,3,2,1
03/06/2017 06:00:00 AM,1,1,0
03/06/2017 05:00:00 AM,0,0,0
03/06/2017 04:00:00 AM,0,0,0
03/06/2017 03:00:00 AM,0,0,0
03/06/2017 02:00:00 AM,0,0,0
03/06/2017 01:00:00 AM,0,0,0
03/06/2017 12:00:00 AM,0,0,0
03/05/2017 11:00:00 PM,1,1,0
03/05/2017 10:00:00 PM,0,0,0
03/05/2017 09:00:00 PM,1,1,0
03/05/2017 08:00:00 PM,0,0,0
03/05/2017 07:00:00 PM,3,3,0
03/05/2017 06:00:00 PM,2,2,0
03/05/2017 05:00:00 PM,1,1,0
03/05/2017 04:00:00 PM,0,0,0
03/05/2017 03:00:00 PM,1,1,0
03/05/2017 02:00:00 PM,4,4,0
03/05/2017 01:00:00 PM,2,2,0
03/05/2017 12:00:00 PM,2,2,0
03/05/2017 11:00:00 AM,2,2,0
03/05/2017 10:00:00 AM,2,2,0
03/05/2017 09:00:00 AM,1,1,0
03/05/2017 08:00:00 AM,0,0,0
03/05/2017 07:00:00 AM,1,1,0
03/05/2017 06:00:00 AM,0,0,0
03/05/2017 05:00:00 AM,0,0,0
03/05/2017 04:00:00 AM,0,0,0
03/05/2017 03:00:00 AM,0,0,0
03/05/2017 02:00:00 AM,1,1,0
03/05/2017 01:00:00 AM,0,0,0
03/05/2017 12:00:00 AM,0,0,0
03/04/2017 11:00:00 PM,0,0,0
03/04/2017 10:00:00 PM,0,0,0
03/04/2017 09:00:00 PM,2,2,0
03/04/2017 08:00:00 PM,2,0,2
03/04/2017 07:00:00 PM,4,3,1
03/04/2017 06:00:00 PM,1,1,0
03/04/2017 05:00:00 PM,1,1,0
03/04/2017 04:00:00 PM,2,2,0
03/04/2017 03:00:00 PM,1,1,0
03/04/2017 02:00:00 PM,5,5,0
03/04/2017 01:00:00 PM,1,1,0
03/04/2017 12:00:00 PM,1,1,0
03/04/2017 11:00:00 AM,5,5,0
03/04/2017 10:00:00 AM,0,0,0
03/04/2017 09:00:00 AM,2,2,0
03/04/2017 08:00:00 AM,0,0,0
03/04/2017 07:00:00 AM,0,0,0
03/04/2017 06:00:00 AM,0,0,0
03/04/2017 05:00:00 AM,0,0,0
03/04/2017 04:00:00 AM,0,0,0
03/04/2017 03:00:00 AM,0,0,0
03/04/2017 02:00:00 AM,0,0,0
03/04/2017 01:00:00 AM,0,0,0
03/04/2017 12:00:00 AM,0,0,0
03/03/2017 11:00:00 PM,0,0,0
03/03/2017 10:00:00 PM,1,1,0
03/03/2017 09:00:00 PM,1,1,0
03/03/2017 08:00:00 PM,1,1,0
03/03/2017 07:00:00 PM,0,0,0
03/03/2017 06:00:00 PM,2,1,1
03/03/2017 05:00:00 PM,3,3,0
03/03/2017 04:00:00 PM,0,0,0
03/03/2017 03:00:00 PM,1,1,0
03/03/2017 02:00:00 PM,1,1,0
03/03/2017 01:00:00 PM,2,2,0
03/03/2017 12:00:00 PM,2,1,1
03/03/2017 11:00:00 AM,0,0,0
03/03/2017 10:00:00 AM,0,0,0
03/03/2017 09:00:00 AM,0,0,0
03/03/2017 08:00:00 AM,2,1,1
03/03/2017 07:00:00 AM,1,1,0
03/03/2017 06:00:00 AM,0,0,0
03/03/2017 05:00:00 AM,0,0,0
03/03/2017 04:00:00 AM,0,0,0
03/03/2017 03:00:00 AM,0,0,0
03/03/2017 02:00:00 AM,0,0,0
03/03/2017 01:00:00 AM,0,0,0
03/03/2017 12:00:00 AM,0,0,0
03/02/2017 11:00:00 PM,0,0,0
03/02/2017 10:00:00 PM,0,0,0
03/02/2017 09:00:00 PM,0,0,0
03/02/2017 08:00:00 PM,0,0,0
03/02/2017 07:00:00 PM,0,0,0
03/02/2017 06:00:00 PM,1,1,0
03/02/2017 05:00:00 PM,2,2,0
03/02/2017 04:00:00 PM,2,2,0
03/02/2017 03:00:00 PM,0,0,0
03/02/2017 02:00:00 PM,1,1,0
03/02/2017 01:00:00 PM,2,2,0
03/02/2017 12:00:00 PM,2,1,1
03/02/2017 11:00:00 AM,1,1,0
03/02/2017 10:00:00 AM,1,1,0
03/02/2017 09:00:00 AM,1,1,0
03/02/2017 08:00:00 AM,1,1,0
03/02/2017 07:00:00 AM,1,1,0
03/02/2017 06:00:00 AM,0,0,0
03/02/2017 05:00:00 AM,1,1,0
03/02/2017 04:00:00 AM,0,0,0
03/02/2017 03:00:00 AM,0,0,0
03/02/2017 02:00:00 AM,0,0,0
03/02/2017 01:00:00 AM,1,1,0
03/02/2017 12:00:00 AM,0,0,0
03/01/2017 11:00:00 PM,0,0,0
03/01/2017 10:00:00 PM,0,0,0
03/01/2017 09:00:00 PM,0,0,0
03/01/2017 08:00:00 PM,1,1,0
03/01/2017 07:00:00 PM,0,0,0
03/01/2017 06:00:00 PM,2,2,0
03/01/2017 05:00:00 PM,0,0,0
03/01/2017 04:00:00 PM,1,1,0
03/01/2017 03:00:00 PM,1,1,0
03/01/2017 02:00:00 PM,1,1,0
03/01/2017 01:00:00 PM,1,1,0
03/01/2017 12:00:00 PM,1,1,0
03/01/2017 11:00:00 AM,0,0,0
03/01/2017 10:00:00 AM,1,1,0
03/01/2017 09:00:00 AM,2,2,0
03/01/2017 08:00:00 AM,1,1,0
03/01/2017 07:00:00 AM,0,0,0
03/01/2017 06:00:00 AM,0,0,0
03/01/2017 05:00:00 AM,0,0,0
03/01/2017 04:00:00 AM,0,0,0
03/01/2017 03:00:00 AM,0,0,0
03/01/2017 02:00:00 AM,0,0,0
03/01/2017 01:00:00 AM,0,0,0
03/01/2017 12:00:00 AM,0,0,0
02/28/2017 11:00:00 PM,0,0,0
02/28/2017 10:00:00 PM,0,0,0
02/28/2017 09:00:00 PM,0,0,0
02/28/2017 08:00:00 PM,3,2,1
02/28/2017 07:00:00 PM,1,0,1
02/28/2017 06:00:00 PM,3,3,0
02/28/2017 05:00:00 PM,2,2,0
02/28/2017 04:00:00 PM,2,2,0
02/28/2017 03:00:00 PM,1,1,0
02/28/2017 02:00:00 PM,3,2,1
02/28/2017 01:00:00 PM,0,0,0
02/28/2017 12:00:00 PM,0,0,0
02/28/2017 11:00:00 AM,2,1,1
02/28/2017 10:00:00 AM,0,0,0
02/28/2017 09:00:00 AM,1,1,0
02/28/2017 08:00:00 AM,0,0,0
02/28/2017 07:00:00 AM,0,0,0
02/28/2017 06:00:00 AM,0,0,0
02/28/2017 05:00:00 AM,0,0,0
02/28/2017 04:00:00 AM,0,0,0
02/28/2017 03:00:00 AM,0,0,0
02/28/2017 02:00:00 AM,0,0,0
02/28/2017 01:00:00 AM,0,0,0
02/28/2017 12:00:00 AM,0,0,0
02/27/2017 11:00:00 PM,0,0,0
02/27/2017 10:00:00 PM,0,0,0
02/27/2017 09:00:00 PM,0,0,0
02/27/2017 08:00:00 PM,0,0,0
02/27/2017 07:00:00 PM,1,1,0
02/27/2017 06:00:00 PM,1,1,0
02/27/2017 05:00:00 PM,0,0,0
02/27/2017 04:00:00 PM,1,1,0
02/27/2017 03:00:00 PM,0,0,0
02/27/2017 02:00:00 PM,0,0,0
02/27/2017 01:00:00 PM,0,0,0
02/27/2017 12:00:00 PM,1,1,0
02/27/2017 11:00:00 AM,0,0,0
02/27/2017 10:00:00 AM,0,0,0
02/27/2017 09:00:00 AM,0,0,0
02/27/2017 08:00:00 AM,0,0,0
02/27/2017 07:00:00 AM,0,0,0
02/27/2017 06:00:00 AM,0,0,0
02/27/2017 05:00:00 AM,0,0,0
02/27/2017 04:00:00 AM,0,0,0
02/27/2017 03:00:00 AM,0,0,0
02/27/2017 02:00:00 AM,0,0,0
02/27/2017 01:00:00 AM,0,0,0
02/27/2017 12:00:00 AM,0,0,0
02/26/2017 11:00:00 PM,0,0,0
02/26/2017 10:00:00 PM,0,0,0
02/26/2017 09:00:00 PM,0,0,0
02/26/2017 08:00:00 PM,0,0,0
02/26/2017 07:00:00 PM,0,0,0
02/26/2017 06:00:00 PM,1,1,0
02/26/2017 05:00:00 PM,1,1,0
02/26/2017 04:00:00 PM,1,1,0
02/26/2017 03:00:00 PM,1,1,0
02/26/2017 02:00:00 PM,1,1,0
02/26/2017 01:00:00 PM,2,2,0
02/26/2017 12:00:00 PM,1,1,0
02/26/2017 11:00:00 AM,1,1,0
02/26/2017 10:00:00 AM,2,2,0
02/26/2017 09:00:00 AM,0,0,0
02/26/2017 08:00:00 AM,0,0,0
02/26/2017 07:00:00 AM,0,0,0
02/26/2017 06:00:00 AM,0,0,0
02/26/2017 05:00:00 AM,1,0,1
02/26/2017 04:00:00 AM,0,0,0
02/26/2017 03:00:00 AM,0,0,0
02/26/2017 02:00:00 AM,0,0,0
02/26/2017 01:00:00 AM,0,0,0
02/26/2017 12:00:00 AM,0,0,0
02/25/2017 11:00:00 PM,0,0,0
02/25/2017 10:00:00 PM,0,0,0
02/25/2017 09:00:00 PM,0,0,0
02/25/2017 08:00:00 PM,1,1,0
02/25/2017 07:00:00 PM,0,0,0
02/25/2017 06:00:00 PM,0,0,0
02/25/2017 05:00:00 PM,1,1,0
02/25/2017 04:00:00 PM,1,1,0
02/25/2017 03:00:00 PM,1,1,0
02/25/2017 02:00:00 PM,1,1,0
02/25/2017 01:00:00 PM,1,1,0
02/25/2017 12:00:00 PM,0,0,0
02/25/2017 11:00:00 AM,1,1,0
02/25/2017 10:00:00 AM,2,2,0
02/25/2017 09:00:00 AM,0,0,0
02/25/2017 08:00:00 AM,0,0,0
02/25/2017 07:00:00 AM,0,0,0
02/25/2017 06:00:00 AM,0,0,0
02/25/2017 05:00:00 AM,0,0,0
02/25/2017 04:00:00 AM,0,0,0
02/25/2017 03:00:00 AM,0,0,0
02/25/2017 02:00:00 AM,0,0,0
02/25/2017 01:00:00 AM,0,0,0
02/25/2017 12:00:00 AM,0,0,0
02/24/2017 11:00:00 PM,0,0,0
02/24/2017 10:00:00 PM,0,0,0
02/24/2017 09:00:00 PM,0,0,0
02/24/2017 08:00:00 PM,0,0,0
02/24/2017 07:00:00 PM,0,0,0
02/24/2017 06:00:00 PM,1,1,0
02/24/2017 05:00:00 PM,2,2,0
02/24/2017 04:00:00 PM,3,0,3
02/24/2017 03:00:00 PM,1,1,0
02/24/2017 02:00:00 PM,1,1,0
02/24/2017 01:00:00 PM,0,0,0
02/24/2017 12:00:00 PM,1,1,0
02/24/2017 11:00:00 AM,0,0,0
02/24/2017 10:00:00 AM,0,0,0
02/24/2017 09:00:00 AM,0,0,0
02/24/2017 08:00:00 AM,0,0,0
02/24/2017 07:00:00 AM,0,0,0
02/24/2017 06:00:00 AM,0,0,0
02/24/2017 05:00:00 AM,0,0,0
02/24/2017 04:00:00 AM,0,0,0
02/24/2017 03:00:00 AM,0,0,0
02/24/2017 02:00:00 AM,0,0,0
02/24/2017 01:00:00 AM,0,0,0
02/24/2017 12:00:00 AM,0,0,0
02/23/2017 11:00:00 PM,0,0,0
02/23/2017 10:00:00 PM,0,0,0
02/23/2017 09:00:00 PM,0,0,0
02/23/2017 08:00:00 PM,0,0,0
02/23/2017 07:00:00 PM,0,0,0
02/23/2017 06:00:00 PM,0,0,0
02/23/2017 05:00:00 PM,0,0,0
02/23/2017 04:00:00 PM,0,0,0
02/23/2017 03:00:00 PM,0,0,0
02/23/2017 02:00:00 PM,1,1,0
02/23/2017 01:00:00 PM,4,4,0
02/23/2017 12:00:00 PM,2,2,0
02/23/2017 11:00:00 AM,0,0,0
02/23/2017 10:00:00 AM,0,0,0
02/23/2017 09:00:00 AM,1,1,0
02/23/2017 08:00:00 AM,0,0,0
02/23/2017 07:00:00 AM,0,0,0
02/23/2017 06:00:00 AM,2,2,0
02/23/2017 05:00:00 AM,0,0,0
02/23/2017 04:00:00 AM,0,0,0
02/23/2017 03:00:00 AM,0,0,0
02/23/2017 02:00:00 AM,0,0,0
02/23/2017 01:00:00 AM,0,0,0
02/23/2017 12:00:00 AM,0,0,0
02/22/2017 11:00:00 PM,0,0,0
02/22/2017 10:00:00 PM,0,0,0
02/22/2017 09:00:00 PM,0,0,0
02/22/2017 08:00:00 PM,1,1,0
02/22/2017 07:00:00 PM,4,4,0
02/22/2017 06:00:00 PM,1,1,0
02/22/2017 05:00:00 PM,2,2,0
02/22/2017 04:00:00 PM,1,1,0
02/22/2017 03:00:00 PM,3,3,0
02/22/2017 02:00:00 PM,3,3,0
02/22/2017 01:00:00 PM,0,0,0
02/22/2017 12:00:00 PM,0,0,0
02/22/2017 11:00:00 AM,0,0,0
02/22/2017 10:00:00 AM,3,3,0
02/22/2017 09:00:00 AM,0,0,0
02/22/2017 08:00:00 AM,0,0,0
02/22/2017 07:00:00 AM,0,0,0
02/22/2017 06:00:00 AM,0,0,0
02/22/2017 05:00:00 AM,0,0,0
02/22/2017 04:00:00 AM,0,0,0
02/22/2017 03:00:00 AM,0,0,0
02/22/2017 02:00:00 AM,0,0,0
02/22/2017 01:00:00 AM,0,0,0
02/22/2017 12:00:00 AM,0,0,0
02/21/2017 11:00:00 PM,0,0,0
02/21/2017 10:00:00 PM,0,0,0
02/21/2017 09:00:00 PM,0,0,0
02/21/2017 08:00:00 PM,3,3,0
02/21/2017 07:00:00 PM,2,2,0
02/21/2017 06:00:00 PM,0,0,0
02/21/2017 05:00:00 PM,0,0,0
02/21/2017 04:00:00 PM,0,0,0
02/21/2017 03:00:00 PM,0,0,0
02/21/2017 02:00:00 PM,5,5,0
02/21/2017 01:00:00 PM,4,3,1
02/21/2017 12:00:00 PM,5,2,3
02/21/2017 11:00:00 AM,3,0,3
02/21/2017 10:00:00 AM,1,0,1
02/21/2017 09:00:00 AM,2,2,0
02/21/2017 08:00:00 AM,0,0,0
02/21/2017 07:00:00 AM,2,2,0
02/21/2017 06:00:00 AM,2,1,1
02/21/2017 05:00:00 AM,1,0,1
02/21/2017 04:00:00 AM,0,0,0
02/21/2017 03:00:00 AM,0,0,0
02/21/2017 02:00:00 AM,0,0,0
02/21/2017 01:00:00 AM,1,0,1
02/21/2017 12:00:00 AM,0,0,0
02/20/2017 11:00:00 PM,0,0,0
02/20/2017 10:00:00 PM,0,0,0
02/20/2017 09:00:00 PM,2,2,0
02/20/2017 08:00:00 PM,1,0,1
02/20/2017 07:00:00 PM,9,6,3
02/20/2017 06:00:00 PM,2,2,0
02/20/2017 05:00:00 PM,3,2,1
02/20/2017 04:00:00 PM,0,0,0
02/20/2017 03:00:00 PM,0,0,0
02/20/2017 02:00:00 PM,5,2,3
02/20/2017 01:00:00 PM,3,1,2
02/20/2017 12:00:00 PM,3,0,3
02/20/2017 11:00:00 AM,3,0,3
02/20/2017 10:00:00 AM,0,0,0
02/20/2017 09:00:00 AM,3,0,3
02/20/2017 08:00:00 AM,0,0,0
02/20/2017 07:00:00 AM,1,1,0
02/20/2017 06:00:00 AM,0,0,0
02/20/2017 05:00:00 AM,1,0,1
02/20/2017 04:00:00 AM,1,0,1
02/20/2017 03:00:00 AM,1,0,1
02/20/2017 02:00:00 AM,1,0,1
02/20/2017 01:00:00 AM,1,0,1
02/20/2017 12:00:00 AM,0,0,0
02/19/2017 11:00:00 PM,1,1,0
02/19/2017 10:00:00 PM,1,0,1
02/19/2017 09:00:00 PM,0,0,0
02/19/2017 08:00:00 PM,3,0,3
02/19/2017 07:00:00 PM,3,2,1
02/19/2017 06:00:00 PM,3,1,2
02/19/2017 05:00:00 PM,0,0,0
02/19/2017 04:00:00 PM,1,0,1
02/19/2017 03:00:00 PM,2,1,1
02/19/2017 02:00:00 PM,0,0,0
02/19/2017 01:00:00 PM,7,5,2
02/19/2017 12:00:00 PM,5,3,2
02/19/2017 11:00:00 AM,4,1,3
02/19/2017 10:00:00 AM,3,1,2
02/19/2017 09:00:00 AM,1,1,0
02/19/2017 08:00:00 AM,0,0,0
02/19/2017 07:00:00 AM,1,0,1
02/19/2017 06:00:00 AM,0,0,0
02/19/2017 05:00:00 AM,0,0,0
02/19/2017 04:00:00 AM,0,0,0
02/19/2017 03:00:00 AM,0,0,0
02/19/2017 02:00:00 AM,0,0,0
02/19/2017 01:00:00 AM,2,0,2
02/19/2017 12:00:00 AM,2,0,2
02/18/2017 11:00:00 PM,2,0,2
02/18/2017 10:00:00 PM,0,0,0
02/18/2017 09:00:00 PM,0,0,0
02/18/2017 08:00:00 PM,1,0,1
02/18/2017 07:00:00 PM,1,1,0
02/18/2017 06:00:00 PM,4,2,2
02/18/2017 05:00:00 PM,3,2,1
02/18/2017 04:00:00 PM,3,1,2
02/18/2017 03:00:00 PM,2,1,1
02/18/2017 02:00:00 PM,2,2,0
02/18/2017 01:00:00 PM,1,0,1
02/18/2017 12:00:00 PM,3,1,2
02/18/2017 11:00:00 AM,4,1,3
02/18/2017 10:00:00 AM,1,1,0
02/18/2017 09:00:00 AM,5,0,5
02/18/2017 08:00:00 AM,1,0,1
02/18/2017 07:00:00 AM,0,0,0
02/18/2017 06:00:00 AM,1,0,1
02/18/2017 05:00:00 AM,2,1,1
02/18/2017 04:00:00 AM,0,0,0
02/18/2017 03:00:00 AM,0,0,0
02/18/2017 02:00:00 AM,2,0,2
02/18/2017 01:00:00 AM,0,0,0
02/18/2017 12:00:00 AM,3,1,2
02/17/2017 11:00:00 PM,0,0,0
02/17/2017 10:00:00 PM,1,0,1
02/17/2017 09:00:00 PM,1,1,0
02/17/2017 08:00:00 PM,2,0,2
02/17/2017 07:00:00 PM,3,1,2
02/17/2017 06:00:00 PM,5,2,3
02/17/2017 05:00:00 PM,8,3,5
02/17/2017 04:00:00 PM,5,0,5
02/17/2017 03:00:00 PM,4,2,2
02/17/2017 02:00:00 PM,9,3,6
02/17/2017 01:00:00 PM,7,1,6
02/17/2017 12:00:00 PM,3,1,2
02/17/2017 11:00:00 AM,5,0,5
02/17/2017 10:00:00 AM,7,1,6
02/17/2017 09:00:00 AM,8,1,7
02/17/2017 08:00:00 AM,1,0,1
02/17/2017 07:00:00 AM,3,1,2
02/17/2017 06:00:00 AM,2,1,1
02/17/2017 05:00:00 AM,3,1,2
02/17/2017 04:00:00 AM,1,0,1
02/17/2017 03:00:00 AM,0,0,0
02/17/2017 02:00:00 AM,0,0,0
02/17/2017 01:00:00 AM,0,0,0
02/17/2017 12:00:00 AM,0,0,0
02/16/2017 11:00:00 PM,1,1,0
02/16/2017 10:00:00 PM,0,0,0
02/16/2017 09:00:00 PM,3,0,3
02/16/2017 08:00:00 PM,4,0,4
02/16/2017 07:00:00 PM,0,0,0
02/16/2017 06:00:00 PM,7,1,6
02/16/2017 05:00:00 PM,4,2,2
02/16/2017 04:00:00 PM,2,0,2
02/16/2017 03:00:00 PM,3,1,2
02/16/2017 02:00:00 PM,5,2,3
02/16/2017 01:00:00 PM,2,0,2
02/16/2017 12:00:00 PM,2,1,1
02/16/2017 11:00:00 AM,1,0,1
02/16/2017 10:00:00 AM,3,1,2
02/16/2017 09:00:00 AM,1,0,1
02/16/2017 08:00:00 AM,3,1,2
02/16/2017 07:00:00 AM,3,1,2
02/16/2017 06:00:00 AM,1,0,1
02/16/2017 05:00:00 AM,2,0,2
02/16/2017 04:00:00 AM,0,0,0
02/16/2017 03:00:00 AM,0,0,0
02/16/2017 02:00:00 AM,0,0,0
02/16/2017 01:00:00 AM,0,0,0
02/16/2017 12:00:00 AM,1,0,1
02/15/2017 11:00:00 PM,0,0,0
02/15/2017 10:00:00 PM,1,0,1
02/15/2017 09:00:00 PM,1,0,1
02/15/2017 08:00:00 PM,4,0,4
02/15/2017 07:00:00 PM,3,0,3
02/15/2017 06:00:00 PM,5,0,5
02/15/2017 05:00:00 PM,4,1,3
02/15/2017 04:00:00 PM,3,0,3
02/15/2017 03:00:00 PM,2,0,2
02/15/2017 02:00:00 PM,2,1,1
02/15/2017 01:00:00 PM,5,1,4
02/15/2017 12:00:00 PM,2,0,2
02/15/2017 11:00:00 AM,5,2,3
02/15/2017 10:00:00 AM,3,0,3
02/15/2017 09:00:00 AM,3,1,2
02/15/2017 08:00:00 AM,2,0,2
02/15/2017 07:00:00 AM,3,1,2
02/15/2017 06:00:00 AM,1,0,1
02/15/2017 05:00:00 AM,1,0,1
02/15/2017 04:00:00 AM,1,0,1
02/15/2017 03:00:00 AM,0,0,0
02/15/2017 02:00:00 AM,1,0,1
02/15/2017 01:00:00 AM,0,0,0
02/15/2017 12:00:00 AM,0,0,0
02/14/2017 11:00:00 PM,0,0,0
02/14/2017 10:00:00 PM,3,0,3
02/14/2017 09:00:00 PM,3,0,3
02/14/2017 08:00:00 PM,1,1,0
02/14/2017 07:00:00 PM,3,1,2
02/14/2017 06:00:00 PM,2,1,1
02/14/2017 05:00:00 PM,5,4,1
02/14/2017 04:00:00 PM,5,3,2
02/14/2017 03:00:00 PM,4,1,3
02/14/2017 02:00:00 PM,3,2,1
02/14/2017 01:00:00 PM,2,1,1
02/14/2017 12:00:00 PM,2,1,1
02/14/2017 11:00:00 AM,3,0,3
02/14/2017 10:00:00 AM,0,0,0
02/14/2017 09:00:00 AM,3,2,1
02/14/2017 08:00:00 AM,3,1,2
02/14/2017 07:00:00 AM,3,3,0
02/14/2017 06:00:00 AM,1,1,0
02/14/2017 05:00:00 AM,1,0,1
02/14/2017 04:00:00 AM,0,0,0
02/14/2017 03:00:00 AM,0,0,0
02/14/2017 02:00:00 AM,0,0,0
02/14/2017 01:00:00 AM,0,0,0
02/14/2017 12:00:00 AM,0,0,0
02/13/2017 11:00:00 PM,0,0,0
02/13/2017 10:00:00 PM,2,0,2
02/13/2017 09:00:00 PM,1,0,1
02/13/2017 08:00:00 PM,1,0,1
02/13/2017 07:00:00 PM,3,0,3
02/13/2017 06:00:00 PM,2,1,1
02/13/2017 05:00:00 PM,1,1,0
02/13/2017 04:00:00 PM,5,0,5
02/13/2017 03:00:00 PM,6,1,5
02/13/2017 02:00:00 PM,6,5,1
02/13/2017 01:00:00 PM,3,0,3
02/13/2017 12:00:00 PM,1,0,1
02/13/2017 11:00:00 AM,5,1,4
02/13/2017 10:00:00 AM,3,0,3
02/13/2017 09:00:00 AM,3,1,2
02/13/2017 08:00:00 AM,2,2,0
02/13/2017 07:00:00 AM,3,2,1
02/13/2017 06:00:00 AM,2,1,1
02/13/2017 05:00:00 AM,0,0,0
02/13/2017 04:00:00 AM,0,0,0
02/13/2017 03:00:00 AM,0,0,0
02/13/2017 02:00:00 AM,1,0,1
02/13/2017 01:00:00 AM,0,0,0
02/13/2017 12:00:00 AM,0,0,0
02/12/2017 11:00:00 PM,2,0,2
02/12/2017 10:00:00 PM,0,0,0
02/12/2017 09:00:00 PM,4,1,3
02/12/2017 08:00:00 PM,2,0,2
02/12/2017 07:00:00 PM,2,0,2
02/12/2017 06:00:00 PM,2,1,1
02/12/2017 05:00:00 PM,6,3,3
02/12/2017 04:00:00 PM,3,1,2
02/12/2017 03:00:00 PM,10,4,6
02/12/2017 02:00:00 PM,11,6,5
02/12/2017 01:00:00 PM,8,2,6
02/12/2017 12:00:00 PM,8,3,5
02/12/2017 11:00:00 AM,5,0,5
02/12/2017 10:00:00 AM,4,2,2
02/12/2017 09:00:00 AM,3,0,3
02/12/2017 08:00:00 AM,1,0,1
02/12/2017 07:00:00 AM,1,0,1
02/12/2017 06:00:00 AM,0,0,0
02/12/2017 05:00:00 AM,0,0,0
02/12/2017 04:00:00 AM,0,0,0
02/12/2017 03:00:00 AM,0,0,0
02/12/2017 02:00:00 AM,0,0,0
02/12/2017 01:00:00 AM,6,0,6
02/12/2017 12:00:00 AM,4,1,3
02/11/2017 11:00:00 PM,3,0,3
02/11/2017 10:00:00 PM,3,0,3
02/11/2017 09:00:00 PM,3,0,3
02/11/2017 08:00:00 PM,3,0,3
02/11/2017 07:00:00 PM,2,0,2
02/11/2017 06:00:00 PM,3,0,3
02/11/2017 05:00:00 PM,10,1,9
02/11/2017 04:00:00 PM,5,3,2
02/11/2017 03:00:00 PM,6,2,4
02/11/2017 02:00:00 PM,4,0,4
02/11/2017 01:00:00 PM,2,1,1
02/11/2017 12:00:00 PM,5,2,3
02/11/2017 11:00:00 AM,1,1,0
02/11/2017 10:00:00 AM,0,0,0
02/11/2017 09:00:00 AM,2,0,2
02/11/2017 08:00:00 AM,6,1,5
02/11/2017 07:00:00 AM,3,1,2
02/11/2017 06:00:00 AM,2,0,2
02/11/2017 05:00:00 AM,0,0,0
02/11/2017 04:00:00 AM,0,0,0
02/11/2017 03:00:00 AM,0,0,0
02/11/2017 02:00:00 AM,4,0,4
02/11/2017 01:00:00 AM,1,0,1
02/11/2017 12:00:00 AM,1,1,0
02/10/2017 11:00:00 PM,3,0,3
02/10/2017 10:00:00 PM,3,0,3
02/10/2017 09:00:00 PM,0,0,0
02/10/2017 08:00:00 PM,0,0,0
02/10/2017 07:00:00 PM,2,0,2
02/10/2017 06:00:00 PM,0,0,0
02/10/2017 05:00:00 PM,1,0,1
02/10/2017 04:00:00 PM,1,1,0
02/10/2017 03:00:00 PM,0,0,0
02/10/2017 02:00:00 PM,0,0,0
02/10/2017 01:00:00 PM,0,0,0
02/10/2017 12:00:00 PM,1,1,0
02/10/2017 11:00:00 AM,2,2,0
02/10/2017 10:00:00 AM,0,0,0
02/10/2017 09:00:00 AM,1,1,0
02/10/2017 08:00:00 AM,1,1,0
02/10/2017 07:00:00 AM,0,0,0
02/10/2017 06:00:00 AM,0,0,0
02/10/2017 05:00:00 AM,0,0,0
02/10/2017 04:00:00 AM,0,0,0
02/10/2017 03:00:00 AM,0,0,0
02/10/2017 02:00:00 AM,0,0,0
02/10/2017 01:00:00 AM,0,0,0
02/10/2017 12:00:00 AM,0,0,0
02/09/2017 11:00:00 PM,0,0,0
02/09/2017 10:00:00 PM,0,0,0
02/09/2017 09:00:00 PM,0,0,0
02/09/2017 08:00:00 PM,0,0,0
02/09/2017 07:00:00 PM,0,0,0
02/09/2017 06:00:00 PM,2,2,0
02/09/2017 05:00:00 PM,1,1,0
02/09/2017 04:00:00 PM,0,0,0
02/09/2017 03:00:00 PM,1,1,0
02/09/2017 02:00:00 PM,1,0,1
02/09/2017 01:00:00 PM,2,2,0
02/09/2017 12:00:00 PM,0,0,0
02/09/2017 11:00:00 AM,1,0,1
02/09/2017 10:00:00 AM,1,1,0
02/09/2017 09:00:00 AM,1,1,0
02/09/2017 08:00:00 AM,0,0,0
02/09/2017 07:00:00 AM,0,0,0
02/09/2017 06:00:00 AM,0,0,0
02/09/2017 05:00:00 AM,0,0,0
02/09/2017 04:00:00 AM,0,0,0
02/09/2017 03:00:00 AM,0,0,0
02/09/2017 02:00:00 AM,0,0,0
02/09/2017 01:00:00 AM,0,0,0
02/09/2017 12:00:00 AM,0,0,0
02/08/2017 11:00:00 PM,0,0,0
02/08/2017 10:00:00 PM,0,0,0
02/08/2017 09:00:00 PM,0,0,0
02/08/2017 08:00:00 PM,0,0,0
02/08/2017 07:00:00 PM,0,0,0
02/08/2017 06:00:00 PM,1,1,0
02/08/2017 05:00:00 PM,0,0,0
02/08/2017 04:00:00 PM,0,0,0
02/08/2017 03:00:00 PM,0,0,0
02/08/2017 02:00:00 PM,0,0,0
02/08/2017 01:00:00 PM,0,0,0
02/08/2017 12:00:00 PM,2,1,1
02/08/2017 11:00:00 AM,0,0,0
02/08/2017 10:00:00 AM,0,0,0
02/08/2017 09:00:00 AM,0,0,0
02/08/2017 08:00:00 AM,1,0,1
02/08/2017 07:00:00 AM,1,1,0
02/08/2017 06:00:00 AM,0,0,0
02/08/2017 05:00:00 AM,0,0,0
02/08/2017 04:00:00 AM,0,0,0
02/08/2017 03:00:00 AM,0,0,0
02/08/2017 02:00:00 AM,0,0,0
02/08/2017 01:00:00 AM,0,0,0
02/08/2017 12:00:00 AM,0,0,0
02/07/2017 11:00:00 PM,0,0,0
02/07/2017 10:00:00 PM,0,0,0
02/07/2017 09:00:00 PM,0,0,0
02/07/2017 08:00:00 PM,0,0,0
02/07/2017 07:00:00 PM,0,0,0
02/07/2017 06:00:00 PM,1,1,0
02/07/2017 05:00:00 PM,1,1,0
02/07/2017 04:00:00 PM,3,3,0
02/07/2017 03:00:00 PM,0,0,0
02/07/2017 02:00:00 PM,0,0,0
02/07/2017 01:00:00 PM,1,1,0
02/07/2017 12:00:00 PM,0,0,0
02/07/2017 11:00:00 AM,0,0,0
02/07/2017 10:00:00 AM,2,1,1
02/07/2017 09:00:00 AM,1,0,1
02/07/2017 08:00:00 AM,0,0,0
02/07/2017 07:00:00 AM,0,0,0
02/07/2017 06:00:00 AM,0,0,0
02/07/2017 05:00:00 AM,0,0,0
02/07/2017 04:00:00 AM,0,0,0
02/07/2017 03:00:00 AM,0,0,0
02/07/2017 02:00:00 AM,0,0,0
02/07/2017 01:00:00 AM,0,0,0
02/07/2017 12:00:00 AM,0,0,0
02/06/2017 11:00:00 PM,0,0,0
02/06/2017 10:00:00 PM,0,0,0
02/06/2017 09:00:00 PM,1,1,0
02/06/2017 08:00:00 PM,1,1,0
02/06/2017 07:00:00 PM,0,0,0
02/06/2017 06:00:00 PM,0,0,0
02/06/2017 05:00:00 PM,1,1,0
02/06/2017 04:00:00 PM,2,2,0
02/06/2017 03:00:00 PM,1,1,0
02/06/2017 02:00:00 PM,0,0,0
02/06/2017 01:00:00 PM,0,0,0
02/06/2017 12:00:00 PM,1,1,0
02/06/2017 11:00:00 AM,3,1,2
02/06/2017 10:00:00 AM,2,2,0
02/06/2017 09:00:00 AM,1,1,0
02/06/2017 08:00:00 AM,1,1,0
02/06/2017 07:00:00 AM,0,0,0
02/06/2017 06:00:00 AM,1,1,0
02/06/2017 05:00:00 AM,0,0,0
02/06/2017 04:00:00 AM,0,0,0
02/06/2017 03:00:00 AM,0,0,0
02/06/2017 02:00:00 AM,0,0,0
02/06/2017 01:00:00 AM,0,0,0
02/06/2017 12:00:00 AM,0,0,0
02/05/2017 11:00:00 PM,0,0,0
02/05/2017 10:00:00 PM,0,0,0
02/05/2017 09:00:00 PM,0,0,0
02/05/2017 08:00:00 PM,0,0,0
02/05/2017 07:00:00 PM,0,0,0
02/05/2017 06:00:00 PM,0,0,0
02/05/2017 05:00:00 PM,0,0,0
02/05/2017 04:00:00 PM,0,0,0
02/05/2017 03:00:00 PM,4,4,0
02/05/2017 02:00:00 PM,1,1,0
02/05/2017 01:00:00 PM,0,0,0
02/05/2017 12:00:00 PM,2,2,0
02/05/2017 11:00:00 AM,1,1,0
02/05/2017 10:00:00 AM,0,0,0
02/05/2017 09:00:00 AM,0,0,0
02/05/2017 08:00:00 AM,0,0,0
02/05/2017 07:00:00 AM,0,0,0
02/05/2017 06:00:00 AM,0,0,0
02/05/2017 05:00:00 AM,0,0,0
02/05/2017 04:00:00 AM,0,0,0
02/05/2017 03:00:00 AM,0,0,0
02/05/2017 02:00:00 AM,1,1,0
02/05/2017 01:00:00 AM,0,0,0
02/05/2017 12:00:00 AM,0,0,0
02/04/2017 11:00:00 PM,1,1,0
02/04/2017 10:00:00 PM,0,0,0
02/04/2017 09:00:00 PM,1,1,0
02/04/2017 08:00:00 PM,1,1,0
02/04/2017 07:00:00 PM,0,0,0
02/04/2017 06:00:00 PM,0,0,0
02/04/2017 05:00:00 PM,0,0,0
02/04/2017 04:00:00 PM,2,2,0
02/04/2017 03:00:00 PM,0,0,0
02/04/2017 02:00:00 PM,1,1,0
02/04/2017 01:00:00 PM,1,1,0
02/04/2017 12:00:00 PM,1,1,0
02/04/2017 11:00:00 AM,0,0,0
02/04/2017 10:00:00 AM,1,1,0
02/04/2017 09:00:00 AM,2,2,0
02/04/2017 08:00:00 AM,0,0,0
02/04/2017 07:00:00 AM,0,0,0
02/04/2017 06:00:00 AM,0,0,0
02/04/2017 05:00:00 AM,1,1,0
02/04/2017 04:00:00 AM,0,0,0
02/04/2017 03:00:00 AM,0,0,0
02/04/2017 02:00:00 AM,0,0,0
02/04/2017 01:00:00 AM,0,0,0
02/04/2017 12:00:00 AM,0,0,0
02/03/2017 11:00:00 PM,0,0,0
02/03/2017 10:00:00 PM,0,0,0
02/03/2017 09:00:00 PM,0,0,0
02/03/2017 08:00:00 PM,1,1,0
02/03/2017 07:00:00 PM,0,0,0
02/03/2017 06:00:00 PM,1,1,0
02/03/2017 05:00:00 PM,2,2,0
02/03/2017 04:00:00 PM,1,1,0
02/03/2017 03:00:00 PM,0,0,0
02/03/2017 02:00:00 PM,0,0,0
02/03/2017 01:00:00 PM,0,0,0
02/03/2017 12:00:00 PM,1,1,0
02/03/2017 11:00:00 AM,2,2,0
02/03/2017 10:00:00 AM,0,0,0
02/03/2017 09:00:00 AM,1,1,0
02/03/2017 08:00:00 AM,1,1,0
02/03/2017 07:00:00 AM,0,0,0
02/03/2017 06:00:00 AM,0,0,0
02/03/2017 05:00:00 AM,0,0,0
02/03/2017 04:00:00 AM,0,0,0
02/03/2017 03:00:00 AM,0,0,0
02/03/2017 02:00:00 AM,0,0,0
02/03/2017 01:00:00 AM,0,0,0
02/03/2017 12:00:00 AM,0,0,0
02/02/2017 11:00:00 PM,0,0,0
02/02/2017 10:00:00 PM,0,0,0
02/02/2017 09:00:00 PM,0,0,0
02/02/2017 08:00:00 PM,0,0,0
02/02/2017 07:00:00 PM,0,0,0
02/02/2017 06:00:00 PM,0,0,0
02/02/2017 05:00:00 PM,1,1,0
02/02/2017 04:00:00 PM,0,0,0
02/02/2017 03:00:00 PM,0,0,0
02/02/2017 02:00:00 PM,0,0,0
02/02/2017 01:00:00 PM,0,0,0
02/02/2017 12:00:00 PM,0,0,0
02/02/2017 11:00:00 AM,0,0,0
02/02/2017 10:00:00 AM,0,0,0
02/02/2017 09:00:00 AM,0,0,0
02/02/2017 08:00:00 AM,1,1,0
02/02/2017 07:00:00 AM,0,0,0
02/02/2017 06:00:00 AM,0,0,0
02/02/2017 05:00:00 AM,0,0,0
02/02/2017 04:00:00 AM,0,0,0
02/02/2017 03:00:00 AM,0,0,0
02/02/2017 02:00:00 AM,0,0,0
02/02/2017 01:00:00 AM,0,0,0
02/02/2017 12:00:00 AM,0,0,0
02/01/2017 11:00:00 PM,0,0,0
02/01/2017 10:00:00 PM,0,0,0
02/01/2017 09:00:00 PM,0,0,0
02/01/2017 08:00:00 PM,0,0,0
02/01/2017 07:00:00 PM,0,0,0
02/01/2017 06:00:00 PM,0,0,0
02/01/2017 05:00:00 PM,1,1,0
02/01/2017 04:00:00 PM,1,1,0
02/01/2017 03:00:00 PM,0,0,0
02/01/2017 02:00:00 PM,1,1,0
02/01/2017 01:00:00 PM,0,0,0
02/01/2017 12:00:00 PM,0,0,0
02/01/2017 11:00:00 AM,1,0,1
02/01/2017 10:00:00 AM,0,0,0
02/01/2017 09:00:00 AM,1,1,0
02/01/2017 08:00:00 AM,1,1,0
02/01/2017 07:00:00 AM,0,0,0
02/01/2017 06:00:00 AM,1,1,0
02/01/2017 05:00:00 AM,0,0,0
02/01/2017 04:00:00 AM,0,0,0
02/01/2017 03:00:00 AM,0,0,0
02/01/2017 02:00:00 AM,0,0,0
02/01/2017 01:00:00 AM,0,0,0
02/01/2017 12:00:00 AM,0,0,0
01/31/2017 11:00:00 PM,0,0,0
01/31/2017 10:00:00 PM,0,0,0
01/31/2017 09:00:00 PM,0,0,0
01/31/2017 08:00:00 PM,0,0,0
01/31/2017 07:00:00 PM,0,0,0
01/31/2017 06:00:00 PM,0,0,0
01/31/2017 05:00:00 PM,1,1,0
01/31/2017 04:00:00 PM,0,0,0
01/31/2017 03:00:00 PM,2,2,0
01/31/2017 02:00:00 PM,2,2,0
01/31/2017 01:00:00 PM,1,1,0
01/31/2017 12:00:00 PM,0,0,0
01/31/2017 11:00:00 AM,4,2,2
01/31/2017 10:00:00 AM,2,2,0
01/31/2017 09:00:00 AM,1,0,1
01/31/2017 08:00:00 AM,0,0,0
01/31/2017 07:00:00 AM,2,2,0
01/31/2017 06:00:00 AM,0,0,0
01/31/2017 05:00:00 AM,1,1,0
01/31/2017 04:00:00 AM,0,0,0
01/31/2017 03:00:00 AM,0,0,0
01/31/2017 02:00:00 AM,0,0,0
01/31/2017 01:00:00 AM,0,0,0
01/31/2017 12:00:00 AM,0,0,0
01/30/2017 11:00:00 PM,0,0,0
01/30/2017 10:00:00 PM,0,0,0
01/30/2017 09:00:00 PM,0,0,0
01/30/2017 08:00:00 PM,0,0,0
01/30/2017 07:00:00 PM,2,2,0
01/30/2017 06:00:00 PM,3,3,0
01/30/2017 05:00:00 PM,1,1,0
01/30/2017 04:00:00 PM,2,2,0
01/30/2017 03:00:00 PM,3,3,0
01/30/2017 02:00:00 PM,2,2,0
01/30/2017 01:00:00 PM,1,1,0
01/30/2017 12:00:00 PM,1,1,0
01/30/2017 11:00:00 AM,2,1,1
01/30/2017 10:00:00 AM,1,0,1
01/30/2017 09:00:00 AM,5,5,0
01/30/2017 08:00:00 AM,0,0,0
01/30/2017 07:00:00 AM,0,0,0
01/30/2017 06:00:00 AM,0,0,0
01/30/2017 05:00:00 AM,0,0,0
01/30/2017 04:00:00 AM,0,0,0
01/30/2017 03:00:00 AM,0,0,0
01/30/2017 02:00:00 AM,0,0,0
01/30/2017 01:00:00 AM,0,0,0
01/30/2017 12:00:00 AM,0,0,0
01/29/2017 11:00:00 PM,0,0,0
01/29/2017 10:00:00 PM,0,0,0
01/29/2017 09:00:00 PM,0,0,0
01/29/2017 08:00:00 PM,0,0,0
01/29/2017 07:00:00 PM,0,0,0
01/29/2017 06:00:00 PM,0,0,0
01/29/2017 05:00:00 PM,1,1,0
01/29/2017 04:00:00 PM,1,0,1
01/29/2017 03:00:00 PM,2,2,0
01/29/2017 02:00:00 PM,1,1,0
01/29/2017 01:00:00 PM,3,3,0
01/29/2017 12:00:00 PM,2,2,0
01/29/2017 11:00:00 AM,2,2,0
01/29/2017 10:00:00 AM,2,2,0
01/29/2017 09:00:00 AM,1,1,0
01/29/2017 08:00:00 AM,0,0,0
01/29/2017 07:00:00 AM,0,0,0
01/29/2017 06:00:00 AM,0,0,0
01/29/2017 05:00:00 AM,0,0,0
01/29/2017 04:00:00 AM,0,0,0
01/29/2017 03:00:00 AM,0,0,0
01/29/2017 02:00:00 AM,0,0,0
01/29/2017 01:00:00 AM,0,0,0
01/29/2017 12:00:00 AM,0,0,0
01/28/2017 11:00:00 PM,0,0,0
01/28/2017 10:00:00 PM,1,1,0
01/28/2017 09:00:00 PM,0,0,0
01/28/2017 08:00:00 PM,0,0,0
01/28/2017 07:00:00 PM,0,0,0
01/28/2017 06:00:00 PM,1,1,0
01/28/2017 05:00:00 PM,3,3,0
01/28/2017 04:00:00 PM,1,1,0
01/28/2017 03:00:00 PM,2,2,0
01/28/2017 02:00:00 PM,1,1,0
01/28/2017 01:00:00 PM,0,0,0
01/28/2017 12:00:00 PM,0,0,0
01/28/2017 11:00:00 AM,1,1,0
01/28/2017 10:00:00 AM,3,2,1
01/28/2017 09:00:00 AM,0,0,0
01/28/2017 08:00:00 AM,0,0,0
01/28/2017 07:00:00 AM,0,0,0
01/28/2017 06:00:00 AM,0,0,0
01/28/2017 05:00:00 AM,0,0,0
01/28/2017 04:00:00 AM,0,0,0
01/28/2017 03:00:00 AM,0,0,0
01/28/2017 02:00:00 AM,1,0,1
01/28/2017 01:00:00 AM,0,0,0
01/28/2017 12:00:00 AM,0,0,0
01/27/2017 11:00:00 PM,0,0,0
01/27/2017 10:00:00 PM,1,1,0
01/27/2017 09:00:00 PM,0,0,0
01/27/2017 08:00:00 PM,5,5,0
01/27/2017 07:00:00 PM,3,3,0
01/27/2017 06:00:00 PM,1,1,0
01/27/2017 05:00:00 PM,1,1,0
01/27/2017 04:00:00 PM,2,2,0
01/27/2017 03:00:00 PM,0,0,0
01/27/2017 02:00:00 PM,0,0,0
01/27/2017 01:00:00 PM,1,1,0
01/27/2017 12:00:00 PM,1,1,0
01/27/2017 11:00:00 AM,0,0,0
01/27/2017 10:00:00 AM,1,1,0
01/27/2017 09:00:00 AM,2,2,0
01/27/2017 08:00:00 AM,1,1,0
01/27/2017 07:00:00 AM,0,0,0
01/27/2017 06:00:00 AM,1,1,0
01/27/2017 05:00:00 AM,0,0,0
01/27/2017 04:00:00 AM,1,1,0
01/27/2017 03:00:00 AM,0,0,0
01/27/2017 02:00:00 AM,0,0,0
01/27/2017 01:00:00 AM,0,0,0
01/27/2017 12:00:00 AM,0,0,0
01/26/2017 11:00:00 PM,0,0,0
01/26/2017 10:00:00 PM,0,0,0
01/26/2017 09:00:00 PM,0,0,0
01/26/2017 08:00:00 PM,0,0,0
01/26/2017 07:00:00 PM,4,4,0
01/26/2017 06:00:00 PM,0,0,0
01/26/2017 05:00:00 PM,4,4,0
01/26/2017 04:00:00 PM,0,0,0
01/26/2017 03:00:00 PM,3,3,0
01/26/2017 02:00:00 PM,2,2,0
01/26/2017 01:00:00 PM,2,1,1
01/26/2017 12:00:00 PM,2,2,0
01/26/2017 11:00:00 AM,2,2,0
01/26/2017 10:00:00 AM,3,3,0
01/26/2017 09:00:00 AM,0,0,0
01/26/2017 08:00:00 AM,3,3,0
01/26/2017 07:00:00 AM,1,1,0
01/26/2017 06:00:00 AM,0,0,0
01/26/2017 05:00:00 AM,0,0,0
01/26/2017 04:00:00 AM,0,0,0
01/26/2017 03:00:00 AM,1,1,0
01/26/2017 02:00:00 AM,0,0,0
01/26/2017 01:00:00 AM,0,0,0
01/26/2017 12:00:00 AM,0,0,0
01/25/2017 11:00:00 PM,0,0,0
01/25/2017 10:00:00 PM,1,1,0
01/25/2017 09:00:00 PM,3,2,1
01/25/2017 08:00:00 PM,3,3,0
01/25/2017 07:00:00 PM,6,6,0
01/25/2017 06:00:00 PM,2,2,0
01/25/2017 05:00:00 PM,2,2,0
01/25/2017 04:00:00 PM,4,4,0
01/25/2017 03:00:00 PM,0,0,0
01/25/2017 02:00:00 PM,4,4,0
01/25/2017 01:00:00 PM,0,0,0
01/25/2017 12:00:00 PM,2,1,1
01/25/2017 11:00:00 AM,2,1,1
01/25/2017 10:00:00 AM,1,0,1
01/25/2017 09:00:00 AM,2,2,0
01/25/2017 08:00:00 AM,3,3,0
01/25/2017 07:00:00 AM,2,2,0
01/25/2017 06:00:00 AM,1,1,0
01/25/2017 05:00:00 AM,2,2,0
01/25/2017 04:00:00 AM,0,0,0
01/25/2017 03:00:00 AM,0,0,0
01/25/2017 02:00:00 AM,0,0,0
01/25/2017 01:00:00 AM,0,0,0
01/25/2017 12:00:00 AM,0,0,0
01/24/2017 11:00:00 PM,0,0,0
01/24/2017 10:00:00 PM,1,1,0
01/24/2017 09:00:00 PM,1,1,0
01/24/2017 08:00:00 PM,2,1,1
01/24/2017 07:00:00 PM,3,1,2
01/24/2017 06:00:00 PM,4,2,2
01/24/2017 05:00:00 PM,2,0,2
01/24/2017 04:00:00 PM,6,1,5
01/24/2017 03:00:00 PM,2,0,2
01/24/2017 02:00:00 PM,5,3,2
01/24/2017 01:00:00 PM,6,0,6
01/24/2017 12:00:00 PM,7,1,6
01/24/2017 11:00:00 AM,8,2,6
01/24/2017 10:00:00 AM,1,1,0
01/24/2017 09:00:00 AM,2,0,2
01/24/2017 08:00:00 AM,0,0,0
01/24/2017 07:00:00 AM,5,2,3
01/24/2017 06:00:00 AM,0,0,0
01/24/2017 05:00:00 AM,1,0,1
01/24/2017 04:00:00 AM,1,0,1
01/24/2017 03:00:00 AM,0,0,0
01/24/2017 02:00:00 AM,0,0,0
01/24/2017 01:00:00 AM,1,0,1
01/24/2017 12:00:00 AM,0,0,0
01/23/2017 11:00:00 PM,2,0,2
01/23/2017 10:00:00 PM,1,0,1
01/23/2017 09:00:00 PM,3,1,2
01/23/2017 08:00:00 PM,2,0,2
01/23/2017 07:00:00 PM,5,0,5
01/23/2017 06:00:00 PM,2,0,2
01/23/2017 05:00:00 PM,14,3,11
01/23/2017 04:00:00 PM,9,3,6
01/23/2017 03:00:00 PM,5,2,3
01/23/2017 02:00:00 PM,4,3,1
01/23/2017 01:00:00 PM,2,1,1
01/23/2017 12:00:00 PM,3,0,3
01/23/2017 11:00:00 AM,3,1,2
01/23/2017 10:00:00 AM,3,1,2
01/23/2017 09:00:00 AM,2,1,1
01/23/2017 08:00:00 AM,1,1,0
01/23/2017 07:00:00 AM,1,1,0
01/23/2017 06:00:00 AM,0,0,0
01/23/2017 05:00:00 AM,1,0,1
01/23/2017 04:00:00 AM,0,0,0
01/23/2017 03:00:00 AM,0,0,0
01/23/2017 02:00:00 AM,0,0,0
01/23/2017 01:00:00 AM,0,0,0
01/23/2017 12:00:00 AM,0,0,0
01/22/2017 11:00:00 PM,1,0,1
01/22/2017 10:00:00 PM,2,1,1
01/22/2017 09:00:00 PM,0,0,0
01/22/2017 08:00:00 PM,5,0,5
01/22/2017 07:00:00 PM,4,0,4
01/22/2017 06:00:00 PM,2,0,2
01/22/2017 05:00:00 PM,5,3,2
01/22/2017 04:00:00 PM,3,0,3
01/22/2017 03:00:00 PM,5,2,3
01/22/2017 02:00:00 PM,4,2,2
01/22/2017 01:00:00 PM,7,1,6
01/22/2017 12:00:00 PM,0,0,0
01/22/2017 11:00:00 AM,4,2,2
01/22/2017 10:00:00 AM,0,0,0
01/22/2017 09:00:00 AM,0,0,0
01/22/2017 08:00:00 AM,2,1,1
01/22/2017 07:00:00 AM,0,0,0
01/22/2017 06:00:00 AM,0,0,0
01/22/2017 05:00:00 AM,0,0,0
01/22/2017 04:00:00 AM,1,0,1
01/22/2017 03:00:00 AM,2,0,2
01/22/2017 02:00:00 AM,1,0,1
01/22/2017 01:00:00 AM,0,0,0
01/22/2017 12:00:00 AM,2,0,2
01/21/2017 11:00:00 PM,2,0,2
01/21/2017 10:00:00 PM,2,2,0
01/21/2017 09:00:00 PM,2,0,2
01/21/2017 08:00:00 PM,2,0,2
01/21/2017 07:00:00 PM,4,0,4
01/21/2017 06:00:00 PM,6,0,6
01/21/2017 05:00:00 PM,3,0,3
01/21/2017 04:00:00 PM,10,4,6
01/21/2017 03:00:00 PM,5,0,5
01/21/2017 02:00:00 PM,7,0,7
01/21/2017 01:00:00 PM,2,1,1
01/21/2017 12:00:00 PM,3,1,2
01/21/2017 11:00:00 AM,3,1,2
01/21/2017 10:00:00 AM,2,0,2
01/21/2017 09:00:00 AM,3,1,2
01/21/2017 08:00:00 AM,3,0,3
01/21/2017 07:00:00 AM,2,0,2
01/21/2017 06:00:00 AM,0,0,0
01/21/2017 05:00:00 AM,0,0,0
01/21/2017 04:00:00 AM,0,0,0
01/21/2017 03:00:00 AM,0,0,0
01/21/2017 02:00:00 AM,1,0,1
01/21/2017 01:00:00 AM,1,0,1
01/21/2017 12:00:00 AM,2,0,2
01/20/2017 11:00:00 PM,4,0,4
01/20/2017 10:00:00 PM,1,1,0
01/20/2017 09:00:00 PM,3,0,3
01/20/2017 08:00:00 PM,5,1,4
01/20/2017 07:00:00 PM,8,1,7
01/20/2017 06:00:00 PM,2,2,0
01/20/2017 05:00:00 PM,3,0,3
01/20/2017 04:00:00 PM,5,1,4
01/20/2017 03:00:00 PM,8,4,4
01/20/2017 02:00:00 PM,9,1,8
01/20/2017 01:00:00 PM,2,1,1
01/20/2017 12:00:00 PM,2,0,2
01/20/2017 11:00:00 AM,5,1,4
01/20/2017 10:00:00 AM,3,1,2
01/20/2017 09:00:00 AM,4,1,3
01/20/2017 08:00:00 AM,2,0,2
01/20/2017 07:00:00 AM,3,2,1
01/20/2017 06:00:00 AM,1,0,1
01/20/2017 05:00:00 AM,0,0,0
01/20/2017 04:00:00 AM,0,0,0
01/20/2017 03:00:00 AM,0,0,0
01/20/2017 02:00:00 AM,0,0,0
01/20/2017 01:00:00 AM,1,1,0
01/20/2017 12:00:00 AM,0,0,0
01/19/2017 11:00:00 PM,2,0,2
01/19/2017 10:00:00 PM,2,1,1
01/19/2017 09:00:00 PM,2,0,2
01/19/2017 08:00:00 PM,1,0,1
01/19/2017 07:00:00 PM,2,0,2
01/19/2017 06:00:00 PM,4,1,3
01/19/2017 05:00:00 PM,1,1,0
01/19/2017 04:00:00 PM,4,2,2
01/19/2017 03:00:00 PM,2,1,1
01/19/2017 02:00:00 PM,6,1,5
01/19/2017 01:00:00 PM,3,1,2
01/19/2017 12:00:00 PM,4,4,0
01/19/2017 11:00:00 AM,0,0,0
01/19/2017 10:00:00 AM,3,2,1
01/19/2017 09:00:00 AM,1,1,0
01/19/2017 08:00:00 AM,2,0,2
01/19/2017 07:00:00 AM,1,1,0
01/19/2017 06:00:00 AM,2,1,1
01/19/2017 05:00:00 AM,0,0,0
01/19/2017 04:00:00 AM,1,0,1
01/19/2017 03:00:00 AM,0,0,0
01/19/2017 02:00:00 AM,0,0,0
01/19/2017 01:00:00 AM,0,0,0
01/19/2017 12:00:00 AM,0,0,0
01/18/2017 11:00:00 PM,0,0,0
01/18/2017 10:00:00 PM,1,0,1
01/18/2017 09:00:00 PM,2,1,1
01/18/2017 08:00:00 PM,0,0,0
01/18/2017 07:00:00 PM,2,1,1
01/18/2017 06:00:00 PM,2,1,1
01/18/2017 05:00:00 PM,2,2,0
01/18/2017 04:00:00 PM,1,0,1
01/18/2017 03:00:00 PM,5,3,2
01/18/2017 02:00:00 PM,4,1,3
01/18/2017 01:00:00 PM,0,0,0
01/18/2017 12:00:00 PM,1,0,1
01/18/2017 11:00:00 AM,1,0,1
01/18/2017 10:00:00 AM,1,0,1
01/18/2017 09:00:00 AM,7,2,5
01/18/2017 08:00:00 AM,3,1,2
01/18/2017 07:00:00 AM,1,1,0
01/18/2017 06:00:00 AM,2,1,1
01/18/2017 05:00:00 AM,4,1,3
01/18/2017 04:00:00 AM,0,0,0
01/18/2017 03:00:00 AM,0,0,0
01/18/2017 02:00:00 AM,2,0,2
01/18/2017 01:00:00 AM,0,0,0
01/18/2017 12:00:00 AM,1,0,1
01/17/2017 11:00:00 PM,2,0,2
01/17/2017 10:00:00 PM,1,0,1
01/17/2017 09:00:00 PM,3,1,2
01/17/2017 08:00:00 PM,3,0,3
01/17/2017 07:00:00 PM,4,0,4
01/17/2017 06:00:00 PM,6,0,6
01/17/2017 05:00:00 PM,2,2,0
01/17/2017 04:00:00 PM,5,2,3
01/17/2017 03:00:00 PM,0,0,0
01/17/2017 02:00:00 PM,5,2,3
01/17/2017 01:00:00 PM,2,0,2
01/17/2017 12:00:00 PM,5,1,4
01/17/2017 11:00:00 AM,5,4,1
01/17/2017 10:00:00 AM,2,0,2
01/17/2017 09:00:00 AM,6,6,0
01/17/2017 08:00:00 AM,5,5,0
01/17/2017 07:00:00 AM,8,8,0
01/17/2017 06:00:00 AM,1,1,0
01/17/2017 05:00:00 AM,0,0,0
01/17/2017 04:00:00 AM,0,0,0
01/17/2017 03:00:00 AM,0,0,0
01/17/2017 02:00:00 AM,0,0,0
01/17/2017 01:00:00 AM,0,0,0
01/17/2017 12:00:00 AM,0,0,0
01/16/2017 11:00:00 PM,0,0,0
01/16/2017 10:00:00 PM,0,0,0
01/16/2017 09:00:00 PM,1,0,1
01/16/2017 08:00:00 PM,2,2,0
01/16/2017 07:00:00 PM,2,2,0
01/16/2017 06:00:00 PM,0,0,0
01/16/2017 05:00:00 PM,7,6,1
01/16/2017 04:00:00 PM,2,0,2
01/16/2017 03:00:00 PM,2,1,1
01/16/2017 02:00:00 PM,4,3,1
01/16/2017 01:00:00 PM,9,6,3
01/16/2017 12:00:00 PM,4,3,1
01/16/2017 11:00:00 AM,2,1,1
01/16/2017 10:00:00 AM,2,1,1
01/16/2017 09:00:00 AM,6,6,0
01/16/2017 08:00:00 AM,2,1,1
01/16/2017 07:00:00 AM,6,4,2
01/16/2017 06:00:00 AM,4,4,0
01/16/2017 05:00:00 AM,0,0,0
01/16/2017 04:00:00 AM,0,0,0
01/16/2017 03:00:00 AM,0,0,0
01/16/2017 02:00:00 AM,0,0,0
01/16/2017 01:00:00 AM,0,0,0
01/16/2017 12:00:00 AM,0,0,0
01/15/2017 11:00:00 PM,0,0,0
01/15/2017 10:00:00 PM,0,0,0
01/15/2017 09:00:00 PM,0,0,0
01/15/2017 08:00:00 PM,2,1,1
01/15/2017 07:00:00 PM,1,1,0
01/15/2017 06:00:00 PM,8,8,0
01/15/2017 05:00:00 PM,4,3,1
01/15/2017 04:00:00 PM,5,5,0
01/15/2017 03:00:00 PM,8,4,4
01/15/2017 02:00:00 PM,15,11,4
01/15/2017 01:00:00 PM,12,10,2
01/15/2017 12:00:00 PM,6,5,1
01/15/2017 11:00:00 AM,7,4,3
01/15/2017 10:00:00 AM,5,5,0
01/15/2017 09:00:00 AM,1,1,0
01/15/2017 08:00:00 AM,0,0,0
01/15/2017 07:00:00 AM,1,0,1
01/15/2017 06:00:00 AM,0,0,0
01/15/2017 05:00:00 AM,0,0,0
01/15/2017 04:00:00 AM,0,0,0
01/15/2017 03:00:00 AM,0,0,0
01/15/2017 02:00:00 AM,1,0,1
01/15/2017 01:00:00 AM,2,0,2
01/15/2017 12:00:00 AM,1,1,0
01/14/2017 11:00:00 PM,2,1,1
01/14/2017 10:00:00 PM,0,0,0
01/14/2017 09:00:00 PM,0,0,0
01/14/2017 08:00:00 PM,2,2,0
01/14/2017 07:00:00 PM,1,0,1
01/14/2017 06:00:00 PM,1,1,0
01/14/2017 05:00:00 PM,5,5,0
01/14/2017 04:00:00 PM,7,5,2
01/14/2017 03:00:00 PM,2,2,0
01/14/2017 02:00:00 PM,0,0,0
01/14/2017 01:00:00 PM,7,4,3
01/14/2017 12:00:00 PM,2,1,1
01/14/2017 11:00:00 AM,5,3,2
01/14/2017 10:00:00 AM,7,5,2
01/14/2017 09:00:00 AM,4,3,1
01/14/2017 08:00:00 AM,1,1,0
01/14/2017 07:00:00 AM,2,1,1
01/14/2017 06:00:00 AM,1,1,0
01/14/2017 05:00:00 AM,0,0,0
01/14/2017 04:00:00 AM,0,0,0
01/14/2017 03:00:00 AM,0,0,0
01/14/2017 02:00:00 AM,1,0,1
01/14/2017 01:00:00 AM,0,0,0
01/14/2017 12:00:00 AM,0,0,0
01/13/2017 11:00:00 PM,2,2,0
01/13/2017 10:00:00 PM,1,0,1
01/13/2017 09:00:00 PM,0,0,0
01/13/2017 08:00:00 PM,1,0,1
01/13/2017 07:00:00 PM,5,3,2
01/13/2017 06:00:00 PM,4,2,2
01/13/2017 05:00:00 PM,2,2,0
01/13/2017 04:00:00 PM,1,1,0
01/13/2017 03:00:00 PM,3,2,1
01/13/2017 02:00:00 PM,2,2,0
01/13/2017 01:00:00 PM,5,3,2
01/13/2017 12:00:00 PM,3,2,1
01/13/2017 11:00:00 AM,3,3,0
01/13/2017 10:00:00 AM,3,2,1
01/13/2017 09:00:00 AM,3,3,0
01/13/2017 08:00:00 AM,2,2,0
01/13/2017 07:00:00 AM,3,0,3
01/13/2017 06:00:00 AM,0,0,0
01/13/2017 05:00:00 AM,0,0,0
01/13/2017 04:00:00 AM,1,1,0
01/13/2017 03:00:00 AM,0,0,0
01/13/2017 02:00:00 AM,0,0,0
01/13/2017 01:00:00 AM,1,1,0
01/13/2017 12:00:00 AM,0,0,0
01/12/2017 11:00:00 PM,1,1,0
01/12/2017 10:00:00 PM,3,1,2
01/12/2017 09:00:00 PM,0,0,0
01/12/2017 08:00:00 PM,1,0,1
01/12/2017 07:00:00 PM,8,4,4
01/12/2017 06:00:00 PM,7,5,2
01/12/2017 05:00:00 PM,4,3,1
01/12/2017 04:00:00 PM,1,1,0
01/12/2017 03:00:00 PM,1,1,0
01/12/2017 02:00:00 PM,4,3,1
01/12/2017 01:00:00 PM,14,4,10
01/12/2017 12:00:00 PM,3,2,1
01/12/2017 11:00:00 AM,2,1,1
01/12/2017 10:00:00 AM,4,1,3
01/12/2017 09:00:00 AM,2,1,1
01/12/2017 08:00:00 AM,3,3,0
01/12/2017 07:00:00 AM,1,1,0
01/12/2017 06:00:00 AM,2,1,1
01/12/2017 05:00:00 AM,1,0,1
01/12/2017 04:00:00 AM,0,0,0
01/12/2017 03:00:00 AM,0,0,0
01/12/2017 02:00:00 AM,0,0,0
01/12/2017 01:00:00 AM,0,0,0
01/12/2017 12:00:00 AM,1,0,1
01/11/2017 11:00:00 PM,2,1,1
01/11/2017 10:00:00 PM,0,0,0
01/11/2017 09:00:00 PM,6,1,5
01/11/2017 08:00:00 PM,4,1,3
01/11/2017 07:00:00 PM,5,1,4
01/11/2017 06:00:00 PM,4,2,2
01/11/2017 05:00:00 PM,8,3,5
01/11/2017 04:00:00 PM,14,8,6
01/11/2017 03:00:00 PM,10,8,2
01/11/2017 02:00:00 PM,12,8,4
01/11/2017 01:00:00 PM,12,3,9
01/11/2017 12:00:00 PM,13,7,6
01/11/2017 11:00:00 AM,4,3,1
01/11/2017 10:00:00 AM,5,4,1
01/11/2017 09:00:00 AM,3,1,2
01/11/2017 08:00:00 AM,8,5,3
01/11/2017 07:00:00 AM,4,0,4
01/11/2017 06:00:00 AM,3,2,1
01/11/2017 05:00:00 AM,4,0,4
01/11/2017 04:00:00 AM,0,0,0
01/11/2017 03:00:00 AM,0,0,0
01/11/2017 02:00:00 AM,1,0,1
01/11/2017 01:00:00 AM,1,0,1
01/11/2017 12:00:00 AM,3,0,3
01/10/2017 11:00:00 PM,1,1,0
01/10/2017 10:00:00 PM,7,0,7
01/10/2017 09:00:00 PM,9,0,9
01/10/2017 08:00:00 PM,4,0,4
01/10/2017 07:00:00 PM,9,2,7
01/10/2017 06:00:00 PM,13,1,12
01/10/2017 05:00:00 PM,25,6,19
01/10/2017 04:00:00 PM,17,4,13
01/10/2017 03:00:00 PM,11,0,11
01/10/2017 02:00:00 PM,8,2,6
01/10/2017 01:00:00 PM,11,2,9
01/10/2017 12:00:00 PM,13,2,11
01/10/2017 11:00:00 AM,5,2,3
01/10/2017 10:00:00 AM,3,3,0
01/10/2017 09:00:00 AM,3,1,2
01/10/2017 08:00:00 AM,1,1,0
01/10/2017 07:00:00 AM,1,0,1
01/10/2017 06:00:00 AM,1,0,1
01/10/2017 05:00:00 AM,2,0,2
01/10/2017 04:00:00 AM,0,0,0
01/10/2017 03:00:00 AM,0,0,0
01/10/2017 02:00:00 AM,0,0,0
01/10/2017 01:00:00 AM,1,1,0
01/10/2017 12:00:00 AM,1,0,1
01/09/2017 11:00:00 PM,1,1,0
01/09/2017 10:00:00 PM,3,0,3
01/09/2017 09:00:00 PM,3,0,3
01/09/2017 08:00:00 PM,5,2,3
01/09/2017 07:00:00 PM,3,0,3
01/09/2017 06:00:00 PM,2,0,2
01/09/2017 05:00:00 PM,8,5,3
01/09/2017 04:00:00 PM,4,2,2
01/09/2017 03:00:00 PM,3,1,2
01/09/2017 02:00:00 PM,6,3,3
01/09/2017 01:00:00 PM,3,1,2
01/09/2017 12:00:00 PM,2,2,0
01/09/2017 11:00:00 AM,6,3,3
01/09/2017 10:00:00 AM,3,1,2
01/09/2017 09:00:00 AM,0,0,0
01/09/2017 08:00:00 AM,4,1,3
01/09/2017 07:00:00 AM,3,3,0
01/09/2017 06:00:00 AM,1,0,1
01/09/2017 05:00:00 AM,1,0,1
01/09/2017 04:00:00 AM,0,0,0
01/09/2017 03:00:00 AM,0,0,0
01/09/2017 02:00:00 AM,0,0,0
01/09/2017 01:00:00 AM,0,0,0
01/09/2017 12:00:00 AM,0,0,0
01/08/2017 11:00:00 PM,2,0,2
01/08/2017 10:00:00 PM,1,0,1
01/08/2017 09:00:00 PM,0,0,0
01/08/2017 08:00:00 PM,3,2,1
01/08/2017 07:00:00 PM,2,0,2
01/08/2017 06:00:00 PM,7,2,5
01/08/2017 05:00:00 PM,3,2,1
01/08/2017 04:00:00 PM,2,2,0
01/08/2017 03:00:00 PM,3,1,2
01/08/2017 02:00:00 PM,6,5,1
01/08/2017 01:00:00 PM,3,3,0
01/08/2017 12:00:00 PM,3,2,1
01/08/2017 11:00:00 AM,2,2,0
01/08/2017 10:00:00 AM,3,3,0
01/08/2017 09:00:00 AM,1,1,0
01/08/2017 08:00:00 AM,0,0,0
01/08/2017 07:00:00 AM,0,0,0
01/08/2017 06:00:00 AM,0,0,0
01/08/2017 05:00:00 AM,0,0,0
01/08/2017 04:00:00 AM,0,0,0
01/08/2017 03:00:00 AM,2,0,2
01/08/2017 02:00:00 AM,0,0,0
01/08/2017 01:00:00 AM,0,0,0
01/08/2017 12:00:00 AM,0,0,0
01/07/2017 11:00:00 PM,1,1,0
01/07/2017 10:00:00 PM,1,0,1
01/07/2017 09:00:00 PM,1,0,1
01/07/2017 08:00:00 PM,2,1,1
01/07/2017 07:00:00 PM,1,1,0
01/07/2017 06:00:00 PM,4,3,1
01/07/2017 05:00:00 PM,5,2,3
01/07/2017 04:00:00 PM,4,2,2
01/07/2017 03:00:00 PM,7,4,3
01/07/2017 02:00:00 PM,5,3,2
01/07/2017 01:00:00 PM,4,1,3
01/07/2017 12:00:00 PM,4,1,3
01/07/2017 11:00:00 AM,8,4,4
01/07/2017 10:00:00 AM,7,4,3
01/07/2017 09:00:00 AM,1,0,1
01/07/2017 08:00:00 AM,0,0,0
01/07/2017 07:00:00 AM,0,0,0
01/07/2017 06:00:00 AM,0,0,0
01/07/2017 05:00:00 AM,0,0,0
01/07/2017 04:00:00 AM,0,0,0
01/07/2017 03:00:00 AM,0,0,0
01/07/2017 02:00:00 AM,0,0,0
01/07/2017 01:00:00 AM,0,0,0
01/07/2017 12:00:00 AM,0,0,0
01/06/2017 11:00:00 PM,0,0,0
01/06/2017 10:00:00 PM,0,0,0
01/06/2017 09:00:00 PM,0,0,0
01/06/2017 08:00:00 PM,1,1,0
01/06/2017 07:00:00 PM,0,0,0
01/06/2017 06:00:00 PM,0,0,0
01/06/2017 05:00:00 PM,0,0,0
01/06/2017 04:00:00 PM,0,0,0
01/06/2017 03:00:00 PM,3,3,0
01/06/2017 02:00:00 PM,0,0,0
01/06/2017 01:00:00 PM,0,0,0
01/06/2017 12:00:00 PM,0,0,0
01/06/2017 11:00:00 AM,0,0,0
01/06/2017 10:00:00 AM,3,3,0
01/06/2017 09:00:00 AM,0,0,0
01/06/2017 08:00:00 AM,0,0,0
01/06/2017 07:00:00 AM,0,0,0
01/06/2017 06:00:00 AM,0,0,0
01/06/2017 05:00:00 AM,0,0,0
01/06/2017 04:00:00 AM,0,0,0
01/06/2017 03:00:00 AM,0,0,0
01/06/2017 02:00:00 AM,0,0,0
01/06/2017 01:00:00 AM,0,0,0
01/06/2017 12:00:00 AM,0,0,0
01/05/2017 11:00:00 PM,0,0,0
01/05/2017 10:00:00 PM,1,1,0
01/05/2017 09:00:00 PM,3,3,0
01/05/2017 08:00:00 PM,1,1,0
01/05/2017 07:00:00 PM,0,0,0
01/05/2017 06:00:00 PM,2,2,0
01/05/2017 05:00:00 PM,0,0,0
01/05/2017 04:00:00 PM,1,1,0
01/05/2017 03:00:00 PM,0,0,0
01/05/2017 02:00:00 PM,0,0,0
01/05/2017 01:00:00 PM,2,2,0
01/05/2017 12:00:00 PM,2,1,1
01/05/2017 11:00:00 AM,0,0,0
01/05/2017 10:00:00 AM,0,0,0
01/05/2017 09:00:00 AM,0,0,0
01/05/2017 08:00:00 AM,0,0,0
01/05/2017 07:00:00 AM,0,0,0
01/05/2017 06:00:00 AM,0,0,0
01/05/2017 05:00:00 AM,0,0,0
01/05/2017 04:00:00 AM,0,0,0
01/05/2017 03:00:00 AM,0,0,0
01/05/2017 02:00:00 AM,0,0,0
01/05/2017 01:00:00 AM,0,0,0
01/05/2017 12:00:00 AM,0,0,0
01/04/2017 11:00:00 PM,0,0,0
01/04/2017 10:00:00 PM,0,0,0
01/04/2017 09:00:00 PM,0,0,0
01/04/2017 08:00:00 PM,0,0,0
01/04/2017 07:00:00 PM,0,0,0
01/04/2017 06:00:00 PM,1,1,0
01/04/2017 05:00:00 PM,9,9,0
01/04/2017 04:00:00 PM,5,5,0
01/04/2017 03:00:00 PM,6,1,5
01/04/2017 02:00:00 PM,4,1,3
01/04/2017 01:00:00 PM,4,3,1
01/04/2017 12:00:00 PM,0,0,0
01/04/2017 11:00:00 AM,4,2,2
01/04/2017 10:00:00 AM,0,0,0
01/04/2017 09:00:00 AM,0,0,0
01/04/2017 08:00:00 AM,0,0,0
01/04/2017 07:00:00 AM,0,0,0
01/04/2017 06:00:00 AM,0,0,0
01/04/2017 05:00:00 AM,0,0,0
01/04/2017 04:00:00 AM,0,0,0
01/04/2017 03:00:00 AM,0,0,0
01/04/2017 02:00:00 AM,0,0,0
01/04/2017 01:00:00 AM,0,0,0
01/04/2017 12:00:00 AM,0,0,0
01/03/2017 11:00:00 PM,0,0,0
01/03/2017 10:00:00 PM,1,0,1
01/03/2017 09:00:00 PM,2,1,1
01/03/2017 08:00:00 PM,1,1,0
01/03/2017 07:00:00 PM,2,2,0
01/03/2017 06:00:00 PM,2,2,0
01/03/2017 05:00:00 PM,5,4,1
01/03/2017 04:00:00 PM,6,1,5
01/03/2017 03:00:00 PM,5,2,3
01/03/2017 02:00:00 PM,11,2,9
01/03/2017 01:00:00 PM,5,2,3
01/03/2017 12:00:00 PM,0,0,0
01/03/2017 11:00:00 AM,3,3,0
01/03/2017 10:00:00 AM,,,
01/03/2017 09:00:00 AM,4,3,1
01/03/2017 08:00:00 AM,0,0,0
01/03/2017 07:00:00 AM,2,1,1
01/03/2017 06:00:00 AM,2,0,2
01/03/2017 05:00:00 AM,0,0,0
01/03/2017 04:00:00 AM,0,0,0
01/03/2017 03:00:00 AM,1,1,0
01/03/2017 02:00:00 AM,0,0,0
01/03/2017 01:00:00 AM,0,0,0
01/03/2017 12:00:00 AM,2,0,2
01/02/2017 11:00:00 PM,2,1,1
01/02/2017 10:00:00 PM,3,1,2
01/02/2017 09:00:00 PM,6,1,5
01/02/2017 08:00:00 PM,3,1,2
01/02/2017 07:00:00 PM,1,1,0
01/02/2017 06:00:00 PM,3,2,1
01/02/2017 05:00:00 PM,8,4,4
01/02/2017 04:00:00 PM,5,3,2
01/02/2017 03:00:00 PM,8,6,2
01/02/2017 02:00:00 PM,7,4,3
01/02/2017 01:00:00 PM,2,1,1
01/02/2017 12:00:00 PM,9,8,1
01/02/2017 11:00:00 AM,6,5,1
01/02/2017 10:00:00 AM,0,0,0
01/02/2017 09:00:00 AM,3,1,2
01/02/2017 08:00:00 AM,1,0,1
01/02/2017 07:00:00 AM,4,1,3
01/02/2017 06:00:00 AM,0,0,0
01/02/2017 05:00:00 AM,0,0,0
01/02/2017 04:00:00 AM,1,0,1
01/02/2017 03:00:00 AM,1,0,1
01/02/2017 02:00:00 AM,0,0,0
01/02/2017 01:00:00 AM,2,1,1
01/02/2017 12:00:00 AM,3,0,3
01/01/2017 11:00:00 PM,1,0,1
01/01/2017 10:00:00 PM,2,0,2
01/01/2017 09:00:00 PM,6,1,5
01/01/2017 08:00:00 PM,4,0,4
01/01/2017 07:00:00 PM,0,0,0
01/01/2017 06:00:00 PM,7,1,6
01/01/2017 05:00:00 PM,1,0,1
01/01/2017 04:00:00 PM,4,0,4
01/01/2017 03:00:00 PM,4,1,3
01/01/2017 02:00:00 PM,0,0,0
01/01/2017 01:00:00 PM,2,2,0
01/01/2017 12:00:00 PM,4,3,1
01/01/2017 11:00:00 AM,1,1,0
01/01/2017 10:00:00 AM,1,1,0
01/01/2017 09:00:00 AM,3,3,0
01/01/2017 08:00:00 AM,0,0,0
01/01/2017 07:00:00 AM,1,1,0
01/01/2017 06:00:00 AM,0,0,0
01/01/2017 05:00:00 AM,0,0,0
01/01/2017 04:00:00 AM,0,0,0
01/01/2017 03:00:00 AM,0,0,0
01/01/2017 02:00:00 AM,0,0,0
01/01/2017 01:00:00 AM,2,1,1
01/01/2017 12:00:00 AM,0,0,0
12/31/2016 11:00:00 PM,2,1,1
12/31/2016 10:00:00 PM,0,0,0
12/31/2016 09:00:00 PM,0,0,0
12/31/2016 08:00:00 PM,2,1,1
12/31/2016 07:00:00 PM,1,1,0
12/31/2016 06:00:00 PM,1,0,1
12/31/2016 05:00:00 PM,3,3,0
12/31/2016 04:00:00 PM,3,2,1
12/31/2016 03:00:00 PM,3,2,1
12/31/2016 02:00:00 PM,3,1,2
12/31/2016 01:00:00 PM,7,5,2
12/31/2016 12:00:00 PM,4,3,1
12/31/2016 11:00:00 AM,4,2,2
12/31/2016 10:00:00 AM,5,5,0
12/31/2016 09:00:00 AM,1,0,1
12/31/2016 08:00:00 AM,2,1,1
12/31/2016 07:00:00 AM,1,1,0
12/31/2016 06:00:00 AM,0,0,0
12/31/2016 05:00:00 AM,0,0,0
12/31/2016 04:00:00 AM,0,0,0
12/31/2016 03:00:00 AM,0,0,0
12/31/2016 02:00:00 AM,0,0,0
12/31/2016 01:00:00 AM,0,0,0
12/31/2016 12:00:00 AM,2,1,1
12/30/2016 11:00:00 PM,1,1,0
12/30/2016 10:00:00 PM,1,0,1
12/30/2016 09:00:00 PM,4,4,0
12/30/2016 08:00:00 PM,3,2,1
12/30/2016 07:00:00 PM,2,1,1
12/30/2016 06:00:00 PM,0,0,0
12/30/2016 05:00:00 PM,4,3,1
12/30/2016 04:00:00 PM,7,5,2
12/30/2016 03:00:00 PM,5,2,3
12/30/2016 02:00:00 PM,3,3,0
12/30/2016 01:00:00 PM,7,6,1
12/30/2016 12:00:00 PM,6,6,0
12/30/2016 11:00:00 AM,7,6,1
12/30/2016 10:00:00 AM,4,3,1
12/30/2016 09:00:00 AM,7,7,0
12/30/2016 08:00:00 AM,0,0,0
12/30/2016 07:00:00 AM,4,4,0
12/30/2016 06:00:00 AM,2,2,0
12/30/2016 05:00:00 AM,0,0,0
12/30/2016 04:00:00 AM,0,0,0
12/30/2016 03:00:00 AM,0,0,0
12/30/2016 02:00:00 AM,0,0,0
12/30/2016 01:00:00 AM,0,0,0
12/30/2016 12:00:00 AM,0,0,0
12/29/2016 11:00:00 PM,0,0,0
12/29/2016 10:00:00 PM,2,2,0
12/29/2016 09:00:00 PM,1,1,0
12/29/2016 08:00:00 PM,3,2,1
12/29/2016 07:00:00 PM,4,4,0
12/29/2016 06:00:00 PM,6,5,1
12/29/2016 05:00:00 PM,1,1,0
12/29/2016 04:00:00 PM,4,3,1
12/29/2016 03:00:00 PM,5,5,0
12/29/2016 02:00:00 PM,1,1,0
12/29/2016 01:00:00 PM,3,2,1
12/29/2016 12:00:00 PM,5,4,1
12/29/2016 11:00:00 AM,3,3,0
12/29/2016 10:00:00 AM,3,3,0
12/29/2016 09:00:00 AM,2,2,0
12/29/2016 08:00:00 AM,6,5,1
12/29/2016 07:00:00 AM,3,2,1
12/29/2016 06:00:00 AM,1,1,0
12/29/2016 05:00:00 AM,0,0,0
12/29/2016 04:00:00 AM,0,0,0
12/29/2016 03:00:00 AM,0,0,0
12/29/2016 02:00:00 AM,0,0,0
12/29/2016 01:00:00 AM,0,0,0
12/29/2016 12:00:00 AM,0,0,0
12/28/2016 11:00:00 PM,1,1,0
12/28/2016 10:00:00 PM,0,0,0
12/28/2016 09:00:00 PM,1,1,0
12/28/2016 08:00:00 PM,1,1,0
12/28/2016 07:00:00 PM,2,2,0
12/28/2016 06:00:00 PM,3,3,0
12/28/2016 05:00:00 PM,3,2,1
12/28/2016 04:00:00 PM,3,2,1
12/28/2016 03:00:00 PM,6,6,0
12/28/2016 02:00:00 PM,8,5,3
12/28/2016 01:00:00 PM,7,6,1
12/28/2016 12:00:00 PM,4,3,1
12/28/2016 11:00:00 AM,6,1,5
12/28/2016 10:00:00 AM,3,2,1
12/28/2016 09:00:00 AM,5,2,3
12/28/2016 08:00:00 AM,2,2,0
12/28/2016 07:00:00 AM,6,5,1
12/28/2016 06:00:00 AM,1,0,1
12/28/2016 05:00:00 AM,0,0,0
12/28/2016 04:00:00 AM,0,0,0
12/28/2016 03:00:00 AM,0,0,0
12/28/2016 02:00:00 AM,0,0,0
12/28/2016 01:00:00 AM,0,0,0
12/28/2016 12:00:00 AM,0,0,0
12/27/2016 11:00:00 PM,0,0,0
12/27/2016 10:00:00 PM,0,0,0
12/27/2016 09:00:00 PM,1,1,0
12/27/2016 08:00:00 PM,1,1,0
12/27/2016 07:00:00 PM,4,3,1
12/27/2016 06:00:00 PM,2,2,0
12/27/2016 05:00:00 PM,5,4,1
12/27/2016 04:00:00 PM,1,1,0
12/27/2016 03:00:00 PM,1,1,0
12/27/2016 02:00:00 PM,2,1,1
12/27/2016 01:00:00 PM,4,4,0
12/27/2016 12:00:00 PM,3,1,2
12/27/2016 11:00:00 AM,3,1,2
12/27/2016 10:00:00 AM,1,0,1
12/27/2016 09:00:00 AM,3,2,1
12/27/2016 08:00:00 AM,2,2,0
12/27/2016 07:00:00 AM,2,1,1
12/27/2016 06:00:00 AM,0,0,0
12/27/2016 05:00:00 AM,0,0,0
12/27/2016 04:00:00 AM,0,0,0
12/27/2016 03:00:00 AM,0,0,0
12/27/2016 02:00:00 AM,1,1,0
12/27/2016 01:00:00 AM,0,0,0
12/27/2016 12:00:00 AM,0,0,0
12/26/2016 11:00:00 PM,0,0,0
12/26/2016 10:00:00 PM,0,0,0
12/26/2016 09:00:00 PM,0,0,0
12/26/2016 08:00:00 PM,0,0,0
12/26/2016 07:00:00 PM,1,1,0
12/26/2016 06:00:00 PM,2,2,0
12/26/2016 05:00:00 PM,0,0,0
12/26/2016 04:00:00 PM,2,2,0
12/26/2016 03:00:00 PM,5,3,2
12/26/2016 02:00:00 PM,2,1,1
12/26/2016 01:00:00 PM,5,5,0
12/26/2016 12:00:00 PM,1,1,0
12/26/2016 11:00:00 AM,4,4,0
12/26/2016 10:00:00 AM,0,0,0
12/26/2016 09:00:00 AM,4,3,1
12/26/2016 08:00:00 AM,0,0,0
12/26/2016 07:00:00 AM,0,0,0
12/26/2016 06:00:00 AM,1,1,0
12/26/2016 05:00:00 AM,0,0,0
12/26/2016 04:00:00 AM,0,0,0
12/26/2016 03:00:00 AM,0,0,0
12/26/2016 02:00:00 AM,0,0,0
12/26/2016 01:00:00 AM,1,1,0
12/26/2016 12:00:00 AM,0,0,0
12/25/2016 11:00:00 PM,0,0,0
12/25/2016 10:00:00 PM,0,0,0
12/25/2016 09:00:00 PM,0,0,0
12/25/2016 08:00:00 PM,0,0,0
12/25/2016 07:00:00 PM,1,1,0
12/25/2016 06:00:00 PM,0,0,0
12/25/2016 05:00:00 PM,0,0,0
12/25/2016 04:00:00 PM,1,1,0
12/25/2016 03:00:00 PM,1,1,0
12/25/2016 02:00:00 PM,1,1,0
12/25/2016 01:00:00 PM,3,3,0
12/25/2016 12:00:00 PM,0,0,0
12/25/2016 11:00:00 AM,3,3,0
12/25/2016 10:00:00 AM,0,0,0
12/25/2016 09:00:00 AM,0,0,0
12/25/2016 08:00:00 AM,1,1,0
12/25/2016 07:00:00 AM,0,0,0
12/25/2016 06:00:00 AM,0,0,0
12/25/2016 05:00:00 AM,0,0,0
12/25/2016 04:00:00 AM,0,0,0
12/25/2016 03:00:00 AM,0,0,0
12/25/2016 02:00:00 AM,0,0,0
12/25/2016 01:00:00 AM,0,0,0
12/25/2016 12:00:00 AM,0,0,0
12/24/2016 11:00:00 PM,0,0,0
12/24/2016 10:00:00 PM,0,0,0
12/24/2016 09:00:00 PM,2,2,0
12/24/2016 08:00:00 PM,3,1,2
12/24/2016 07:00:00 PM,1,1,0
12/24/2016 06:00:00 PM,1,1,0
12/24/2016 05:00:00 PM,0,0,0
12/24/2016 04:00:00 PM,2,1,1
12/24/2016 03:00:00 PM,5,2,3
12/24/2016 02:00:00 PM,3,3,0
12/24/2016 01:00:00 PM,4,2,2
12/24/2016 12:00:00 PM,3,3,0
12/24/2016 11:00:00 AM,2,1,1
12/24/2016 10:00:00 AM,2,1,1
12/24/2016 09:00:00 AM,1,1,0
12/24/2016 08:00:00 AM,0,0,0
12/24/2016 07:00:00 AM,0,0,0
12/24/2016 06:00:00 AM,0,0,0
12/24/2016 05:00:00 AM,0,0,0
12/24/2016 04:00:00 AM,0,0,0
12/24/2016 03:00:00 AM,0,0,0
12/24/2016 02:00:00 AM,0,0,0
12/24/2016 01:00:00 AM,0,0,0
12/24/2016 12:00:00 AM,0,0,0
12/23/2016 11:00:00 PM,1,1,0
12/23/2016 10:00:00 PM,0,0,0
12/23/2016 09:00:00 PM,1,1,0
12/23/2016 08:00:00 PM,0,0,0
12/23/2016 07:00:00 PM,1,0,1
12/23/2016 06:00:00 PM,3,1,2
12/23/2016 05:00:00 PM,6,0,6
12/23/2016 04:00:00 PM,2,1,1
12/23/2016 03:00:00 PM,5,1,4
12/23/2016 02:00:00 PM,4,2,2
12/23/2016 01:00:00 PM,4,3,1
12/23/2016 12:00:00 PM,3,1,2
12/23/2016 11:00:00 AM,3,2,1
12/23/2016 10:00:00 AM,4,2,2
12/23/2016 09:00:00 AM,5,3,2
12/23/2016 08:00:00 AM,5,2,3
12/23/2016 07:00:00 AM,2,2,0
12/23/2016 06:00:00 AM,0,0,0
12/23/2016 05:00:00 AM,0,0,0
12/23/2016 04:00:00 AM,0,0,0
12/23/2016 03:00:00 AM,0,0,0
12/23/2016 02:00:00 AM,0,0,0
12/23/2016 01:00:00 AM,1,0,1
12/23/2016 12:00:00 AM,1,1,0
12/22/2016 11:00:00 PM,1,1,0
12/22/2016 10:00:00 PM,1,1,0
12/22/2016 09:00:00 PM,0,0,0
12/22/2016 08:00:00 PM,7,3,4
12/22/2016 07:00:00 PM,4,0,4
12/22/2016 06:00:00 PM,6,3,3
12/22/2016 05:00:00 PM,9,3,6
12/22/2016 04:00:00 PM,1,1,0
12/22/2016 03:00:00 PM,4,2,2
12/22/2016 02:00:00 PM,6,2,4
12/22/2016 01:00:00 PM,13,1,12
12/22/2016 12:00:00 PM,3,3,0
12/22/2016 11:00:00 AM,10,5,5
12/22/2016 10:00:00 AM,3,2,1
12/22/2016 09:00:00 AM,5,3,2
12/22/2016 08:00:00 AM,2,2,0
12/22/2016 07:00:00 AM,7,7,0
12/22/2016 06:00:00 AM,0,0,0
12/22/2016 05:00:00 AM,1,0,1
12/22/2016 04:00:00 AM,0,0,0
12/22/2016 03:00:00 AM,0,0,0
12/22/2016 02:00:00 AM,0,0,0
12/22/2016 01:00:00 AM,0,0,0
12/22/2016 12:00:00 AM,0,0,0
12/21/2016 11:00:00 PM,1,1,0
12/21/2016 10:00:00 PM,1,0,1
12/21/2016 09:00:00 PM,0,0,0
12/21/2016 08:00:00 PM,1,1,0
12/21/2016 07:00:00 PM,7,6,1
12/21/2016 06:00:00 PM,4,1,3
12/21/2016 05:00:00 PM,11,3,8
12/21/2016 04:00:00 PM,2,1,1
12/21/2016 03:00:00 PM,5,2,3
12/21/2016 02:00:00 PM,4,4,0
12/21/2016 01:00:00 PM,4,1,3
12/21/2016 12:00:00 PM,10,2,8
12/21/2016 11:00:00 AM,8,1,7
12/21/2016 10:00:00 AM,5,2,3
12/21/2016 09:00:00 AM,4,1,3
12/21/2016 08:00:00 AM,7,2,5
12/21/2016 07:00:00 AM,4,3,1
12/21/2016 06:00:00 AM,3,1,2
12/21/2016 05:00:00 AM,0,0,0
12/21/2016 04:00:00 AM,0,0,0
12/21/2016 03:00:00 AM,0,0,0
12/21/2016 02:00:00 AM,0,0,0
12/21/2016 01:00:00 AM,0,0,0
12/21/2016 12:00:00 AM,1,0,1
12/20/2016 11:00:00 PM,3,3,0
12/20/2016 10:00:00 PM,1,0,1
12/20/2016 09:00:00 PM,1,1,0
12/20/2016 08:00:00 PM,2,2,0
12/20/2016 07:00:00 PM,4,3,1
12/20/2016 06:00:00 PM,10,7,3
12/20/2016 05:00:00 PM,9,7,2
12/20/2016 04:00:00 PM,7,2,5
12/20/2016 03:00:00 PM,11,5,6
12/20/2016 02:00:00 PM,3,1,2
12/20/2016 01:00:00 PM,9,5,4
12/20/2016 12:00:00 PM,8,3,5
12/20/2016 11:00:00 AM,9,4,5
12/20/2016 10:00:00 AM,1,0,1
12/20/2016 09:00:00 AM,4,4,0
12/20/2016 08:00:00 AM,11,6,5
12/20/2016 07:00:00 AM,3,3,0
12/20/2016 06:00:00 AM,1,0,1
12/20/2016 05:00:00 AM,0,0,0
12/20/2016 04:00:00 AM,0,0,0
12/20/2016 03:00:00 AM,0,0,0
12/20/2016 02:00:00 AM,0,0,0
12/20/2016 01:00:00 AM,0,0,0
12/20/2016 12:00:00 AM,0,0,0
12/19/2016 11:00:00 PM,0,0,0
12/19/2016 10:00:00 PM,2,1,1
12/19/2016 09:00:00 PM,3,2,1
12/19/2016 08:00:00 PM,3,3,0
12/19/2016 07:00:00 PM,8,2,6
12/19/2016 06:00:00 PM,3,1,2
12/19/2016 05:00:00 PM,10,2,8
12/19/2016 04:00:00 PM,8,2,6
12/19/2016 03:00:00 PM,6,3,3
12/19/2016 02:00:00 PM,8,2,6
12/19/2016 01:00:00 PM,4,0,4
12/19/2016 12:00:00 PM,3,1,2
12/19/2016 11:00:00 AM,7,0,7
12/19/2016 10:00:00 AM,1,1,0
12/19/2016 09:00:00 AM,8,4,4
12/19/2016 08:00:00 AM,4,2,2
12/19/2016 07:00:00 AM,7,5,2
12/19/2016 06:00:00 AM,1,1,0
12/19/2016 05:00:00 AM,1,0,1
12/19/2016 04:00:00 AM,1,1,0
12/19/2016 03:00:00 AM,0,0,0
12/19/2016 02:00:00 AM,0,0,0
12/19/2016 01:00:00 AM,0,0,0
12/19/2016 12:00:00 AM,0,0,0
12/18/2016 11:00:00 PM,2,1,1
12/18/2016 10:00:00 PM,0,0,0
12/18/2016 09:00:00 PM,2,0,2
12/18/2016 08:00:00 PM,2,0,2
12/18/2016 07:00:00 PM,4,2,2
12/18/2016 06:00:00 PM,2,2,0
12/18/2016 05:00:00 PM,3,2,1
12/18/2016 04:00:00 PM,11,4,7
12/18/2016 03:00:00 PM,10,2,8
12/18/2016 02:00:00 PM,15,6,9
12/18/2016 01:00:00 PM,12,9,3
12/18/2016 12:00:00 PM,15,3,12
12/18/2016 11:00:00 AM,6,1,5
12/18/2016 10:00:00 AM,6,2,4
12/18/2016 09:00:00 AM,6,3,3
12/18/2016 08:00:00 AM,1,1,0
12/18/2016 07:00:00 AM,0,0,0
12/18/2016 06:00:00 AM,2,0,2
12/18/2016 05:00:00 AM,0,0,0
12/18/2016 04:00:00 AM,0,0,0
12/18/2016 03:00:00 AM,0,0,0
12/18/2016 02:00:00 AM,0,0,0
12/18/2016 01:00:00 AM,0,0,0
12/18/2016 12:00:00 AM,1,1,0
12/17/2016 11:00:00 PM,1,1,0
12/17/2016 10:00:00 PM,0,0,0
12/17/2016 09:00:00 PM,0,0,0
12/17/2016 08:00:00 PM,1,1,0
12/17/2016 07:00:00 PM,7,3,4
12/17/2016 06:00:00 PM,5,3,2
12/17/2016 05:00:00 PM,4,3,1
12/17/2016 04:00:00 PM,4,3,1
12/17/2016 03:00:00 PM,3,1,2
12/17/2016 02:00:00 PM,7,1,6
12/17/2016 01:00:00 PM,10,4,6
12/17/2016 12:00:00 PM,6,3,3
12/17/2016 11:00:00 AM,6,3,3
12/17/2016 10:00:00 AM,2,1,1
12/17/2016 09:00:00 AM,4,2,2
12/17/2016 08:00:00 AM,2,1,1
12/17/2016 07:00:00 AM,1,1,0
12/17/2016 06:00:00 AM,0,0,0
12/17/2016 05:00:00 AM,0,0,0
12/17/2016 04:00:00 AM,0,0,0
12/17/2016 03:00:00 AM,0,0,0
12/17/2016 02:00:00 AM,1,1,0
12/17/2016 01:00:00 AM,1,0,1
12/17/2016 12:00:00 AM,3,1,2
12/16/2016 11:00:00 PM,2,2,0
12/16/2016 10:00:00 PM,5,3,2
12/16/2016 09:00:00 PM,1,0,1
12/16/2016 08:00:00 PM,5,1,4
12/16/2016 07:00:00 PM,8,6,2
12/16/2016 06:00:00 PM,4,1,3
12/16/2016 05:00:00 PM,8,3,5
12/16/2016 04:00:00 PM,8,2,6
12/16/2016 03:00:00 PM,9,2,7
12/16/2016 02:00:00 PM,7,5,2
12/16/2016 01:00:00 PM,6,2,4
12/16/2016 12:00:00 PM,9,1,8
12/16/2016 11:00:00 AM,3,1,2
12/16/2016 10:00:00 AM,6,3,3
12/16/2016 09:00:00 AM,2,0,2
12/16/2016 08:00:00 AM,6,4,2
12/16/2016 07:00:00 AM,5,4,1
12/16/2016 06:00:00 AM,0,0,0
12/16/2016 05:00:00 AM,0,0,0
12/16/2016 04:00:00 AM,0,0,0
12/16/2016 03:00:00 AM,0,0,0
12/16/2016 02:00:00 AM,0,0,0
12/16/2016 01:00:00 AM,0,0,0
12/16/2016 12:00:00 AM,0,0,0
12/15/2016 11:00:00 PM,0,0,0
12/15/2016 10:00:00 PM,2,2,0
12/15/2016 09:00:00 PM,2,1,1
12/15/2016 08:00:00 PM,0,0,0
12/15/2016 07:00:00 PM,6,5,1
12/15/2016 06:00:00 PM,6,3,3
12/15/2016 05:00:00 PM,7,4,3
12/15/2016 04:00:00 PM,8,5,3
12/15/2016 03:00:00 PM,7,4,3
12/15/2016 02:00:00 PM,2,2,0
12/15/2016 01:00:00 PM,6,2,4
12/15/2016 12:00:00 PM,2,0,2
12/15/2016 11:00:00 AM,10,4,6
12/15/2016 10:00:00 AM,4,1,3
12/15/2016 09:00:00 AM,8,3,5
12/15/2016 08:00:00 AM,6,2,4
12/15/2016 07:00:00 AM,6,4,2
12/15/2016 06:00:00 AM,2,0,2
12/15/2016 05:00:00 AM,0,0,0
12/15/2016 04:00:00 AM,0,0,0
12/15/2016 03:00:00 AM,0,0,0
12/15/2016 02:00:00 AM,0,0,0
12/15/2016 01:00:00 AM,0,0,0
12/15/2016 12:00:00 AM,0,0,0
12/14/2016 11:00:00 PM,2,1,1
12/14/2016 10:00:00 PM,2,1,1
12/14/2016 09:00:00 PM,3,0,3
12/14/2016 08:00:00 PM,6,4,2
12/14/2016 07:00:00 PM,2,1,1
12/14/2016 06:00:00 PM,5,2,3
12/14/2016 05:00:00 PM,3,2,1
12/14/2016 04:00:00 PM,8,3,5
12/14/2016 03:00:00 PM,4,3,1
12/14/2016 02:00:00 PM,7,3,4
12/14/2016 01:00:00 PM,4,2,2
12/14/2016 12:00:00 PM,6,2,4
12/14/2016 11:00:00 AM,2,0,2
12/14/2016 10:00:00 AM,5,1,4
12/14/2016 09:00:00 AM,7,5,2
12/14/2016 08:00:00 AM,1,1,0
12/14/2016 07:00:00 AM,5,4,1
12/14/2016 06:00:00 AM,2,2,0
12/14/2016 05:00:00 AM,1,0,1
12/14/2016 04:00:00 AM,0,0,0
12/14/2016 03:00:00 AM,0,0,0
12/14/2016 02:00:00 AM,0,0,0
12/14/2016 01:00:00 AM,0,0,0
12/14/2016 12:00:00 AM,0,0,0
12/13/2016 11:00:00 PM,0,0,0
12/13/2016 10:00:00 PM,1,0,1
12/13/2016 09:00:00 PM,1,0,1
12/13/2016 08:00:00 PM,3,2,1
12/13/2016 07:00:00 PM,9,7,2
12/13/2016 06:00:00 PM,9,5,4
12/13/2016 05:00:00 PM,15,5,10
12/13/2016 04:00:00 PM,15,8,7
12/13/2016 03:00:00 PM,8,4,4
12/13/2016 02:00:00 PM,5,2,3
12/13/2016 01:00:00 PM,9,4,5
12/13/2016 12:00:00 PM,6,1,5
12/13/2016 11:00:00 AM,9,4,5
12/13/2016 10:00:00 AM,8,2,6
12/13/2016 09:00:00 AM,4,3,1
12/13/2016 08:00:00 AM,3,3,0
12/13/2016 07:00:00 AM,6,6,0
12/13/2016 06:00:00 AM,1,1,0
12/13/2016 05:00:00 AM,0,0,0
12/13/2016 04:00:00 AM,0,0,0
12/13/2016 03:00:00 AM,0,0,0
12/13/2016 02:00:00 AM,0,0,0
12/13/2016 01:00:00 AM,0,0,0
12/13/2016 12:00:00 AM,0,0,0
12/12/2016 11:00:00 PM,1,0,1
12/12/2016 10:00:00 PM,1,1,0
12/12/2016 09:00:00 PM,0,0,0
12/12/2016 08:00:00 PM,0,0,0
12/12/2016 07:00:00 PM,3,3,0
12/12/2016 06:00:00 PM,5,3,2
12/12/2016 05:00:00 PM,8,5,3
12/12/2016 04:00:00 PM,8,5,3
12/12/2016 03:00:00 PM,4,1,3
12/12/2016 02:00:00 PM,11,4,7
12/12/2016 01:00:00 PM,8,1,7
12/12/2016 12:00:00 PM,10,3,7
12/12/2016 11:00:00 AM,3,1,2
12/12/2016 10:00:00 AM,3,0,3
12/12/2016 09:00:00 AM,7,2,5
12/12/2016 08:00:00 AM,12,5,7
12/12/2016 07:00:00 AM,9,2,7
12/12/2016 06:00:00 AM,3,1,2
12/12/2016 05:00:00 AM,1,0,1
12/12/2016 04:00:00 AM,0,0,0
12/12/2016 03:00:00 AM,0,0,0
12/12/2016 02:00:00 AM,0,0,0
12/12/2016 01:00:00 AM,0,0,0
12/12/2016 12:00:00 AM,1,1,0
12/11/2016 11:00:00 PM,0,0,0
12/11/2016 10:00:00 PM,1,0,1
12/11/2016 09:00:00 PM,0,0,0
12/11/2016 08:00:00 PM,0,0,0
12/11/2016 07:00:00 PM,1,1,0
12/11/2016 06:00:00 PM,1,1,0
12/11/2016 05:00:00 PM,4,1,3
12/11/2016 04:00:00 PM,5,2,3
12/11/2016 03:00:00 PM,1,0,1
12/11/2016 02:00:00 PM,5,2,3
12/11/2016 01:00:00 PM,12,5,7
12/11/2016 12:00:00 PM,7,4,3
12/11/2016 11:00:00 AM,10,4,6
12/11/2016 10:00:00 AM,3,2,1
12/11/2016 09:00:00 AM,1,0,1
12/11/2016 08:00:00 AM,2,1,1
12/11/2016 07:00:00 AM,0,0,0
12/11/2016 06:00:00 AM,1,0,1
12/11/2016 05:00:00 AM,0,0,0
12/11/2016 04:00:00 AM,0,0,0
12/11/2016 03:00:00 AM,0,0,0
12/11/2016 02:00:00 AM,0,0,0
12/11/2016 01:00:00 AM,2,1,1
12/11/2016 12:00:00 AM,1,1,0
12/10/2016 11:00:00 PM,4,3,1
12/10/2016 10:00:00 PM,2,1,1
12/10/2016 09:00:00 PM,3,2,1
12/10/2016 08:00:00 PM,1,0,1
12/10/2016 07:00:00 PM,3,3,0
12/10/2016 06:00:00 PM,5,2,3
12/10/2016 05:00:00 PM,4,1,3
12/10/2016 04:00:00 PM,4,1,3
12/10/2016 03:00:00 PM,5,2,3
12/10/2016 02:00:00 PM,1,0,1
12/10/2016 01:00:00 PM,3,2,1
12/10/2016 12:00:00 PM,3,2,1
12/10/2016 11:00:00 AM,9,2,7
12/10/2016 10:00:00 AM,5,2,3
12/10/2016 09:00:00 AM,3,2,1
12/10/2016 08:00:00 AM,0,0,0
12/10/2016 07:00:00 AM,0,0,0
12/10/2016 06:00:00 AM,1,0,1
12/10/2016 05:00:00 AM,0,0,0
12/10/2016 04:00:00 AM,0,0,0
12/10/2016 03:00:00 AM,0,0,0
12/10/2016 02:00:00 AM,0,0,0
12/10/2016 01:00:00 AM,0,0,0
12/10/2016 12:00:00 AM,0,0,0
12/09/2016 11:00:00 PM,0,0,0
12/09/2016 10:00:00 PM,0,0,0
12/09/2016 09:00:00 PM,1,1,0
12/09/2016 08:00:00 PM,1,1,0
12/09/2016 07:00:00 PM,5,5,0
12/09/2016 06:00:00 PM,2,2,0
12/09/2016 05:00:00 PM,4,2,2
12/09/2016 04:00:00 PM,7,0,7
12/09/2016 03:00:00 PM,4,1,3
12/09/2016 02:00:00 PM,4,1,3
12/09/2016 01:00:00 PM,10,2,8
12/09/2016 12:00:00 PM,3,2,1
12/09/2016 11:00:00 AM,4,0,4
12/09/2016 10:00:00 AM,3,1,2
12/09/2016 09:00:00 AM,3,1,2
12/09/2016 08:00:00 AM,5,4,1
12/09/2016 07:00:00 AM,3,0,3
12/09/2016 06:00:00 AM,2,0,2
12/09/2016 05:00:00 AM,0,0,0
12/09/2016 04:00:00 AM,0,0,0
12/09/2016 03:00:00 AM,1,0,1
12/09/2016 02:00:00 AM,0,0,0
12/09/2016 01:00:00 AM,1,1,0
12/09/2016 12:00:00 AM,0,0,0
12/08/2016 11:00:00 PM,0,0,0
12/08/2016 10:00:00 PM,0,0,0
12/08/2016 09:00:00 PM,2,2,0
12/08/2016 08:00:00 PM,3,2,1
12/08/2016 07:00:00 PM,3,2,1
12/08/2016 06:00:00 PM,3,3,0
12/08/2016 05:00:00 PM,8,6,2
12/08/2016 04:00:00 PM,8,3,5
12/08/2016 03:00:00 PM,5,2,3
12/08/2016 02:00:00 PM,10,5,5
12/08/2016 01:00:00 PM,3,2,1
12/08/2016 12:00:00 PM,7,3,4
12/08/2016 11:00:00 AM,7,5,2
12/08/2016 10:00:00 AM,5,1,4
12/08/2016 09:00:00 AM,7,3,4
12/08/2016 08:00:00 AM,6,4,2
12/08/2016 07:00:00 AM,5,2,3
12/08/2016 06:00:00 AM,1,0,1
12/08/2016 05:00:00 AM,1,0,1
12/08/2016 04:00:00 AM,0,0,0
12/08/2016 03:00:00 AM,0,0,0
12/08/2016 02:00:00 AM,0,0,0
12/08/2016 01:00:00 AM,0,0,0
12/08/2016 12:00:00 AM,3,1,2
12/07/2016 11:00:00 PM,0,0,0
12/07/2016 10:00:00 PM,0,0,0
12/07/2016 09:00:00 PM,2,2,0
12/07/2016 08:00:00 PM,1,0,1
12/07/2016 07:00:00 PM,2,1,1
12/07/2016 06:00:00 PM,5,4,1
12/07/2016 05:00:00 PM,7,4,3
12/07/2016 04:00:00 PM,7,6,1
12/07/2016 03:00:00 PM,6,4,2
12/07/2016 02:00:00 PM,5,3,2
12/07/2016 01:00:00 PM,3,2,1
12/07/2016 12:00:00 PM,6,4,2
12/07/2016 11:00:00 AM,2,1,1
12/07/2016 10:00:00 AM,3,1,2
12/07/2016 09:00:00 AM,1,1,0
12/07/2016 08:00:00 AM,7,2,5
12/07/2016 07:00:00 AM,1,1,0
12/07/2016 06:00:00 AM,0,0,0
12/07/2016 05:00:00 AM,1,0,1
12/07/2016 04:00:00 AM,0,0,0
12/07/2016 03:00:00 AM,0,0,0
12/07/2016 02:00:00 AM,0,0,0
12/07/2016 01:00:00 AM,0,0,0
12/07/2016 12:00:00 AM,0,0,0
12/06/2016 11:00:00 PM,0,0,0
12/06/2016 10:00:00 PM,3,1,2
12/06/2016 09:00:00 PM,4,3,1
12/06/2016 08:00:00 PM,3,2,1
12/06/2016 07:00:00 PM,8,4,4
12/06/2016 06:00:00 PM,10,5,5
12/06/2016 05:00:00 PM,12,7,5
12/06/2016 04:00:00 PM,8,6,2
12/06/2016 03:00:00 PM,8,4,4
12/06/2016 02:00:00 PM,7,3,4
12/06/2016 01:00:00 PM,4,1,3
12/06/2016 12:00:00 PM,8,4,4
12/06/2016 11:00:00 AM,4,3,1
12/06/2016 10:00:00 AM,3,2,1
12/06/2016 09:00:00 AM,4,2,2
12/06/2016 08:00:00 AM,2,2,0
12/06/2016 07:00:00 AM,2,1,1
12/06/2016 06:00:00 AM,1,1,0
12/06/2016 05:00:00 AM,1,0,1
12/06/2016 04:00:00 AM,0,0,0
12/06/2016 03:00:00 AM,0,0,0
12/06/2016 02:00:00 AM,0,0,0
12/06/2016 01:00:00 AM,0,0,0
12/06/2016 12:00:00 AM,0,0,0
12/05/2016 11:00:00 PM,2,1,1
12/05/2016 10:00:00 PM,0,0,0
12/05/2016 09:00:00 PM,2,1,1
12/05/2016 08:00:00 PM,1,0,1
12/05/2016 07:00:00 PM,3,1,2
12/05/2016 06:00:00 PM,9,3,6
12/05/2016 05:00:00 PM,8,4,4
12/05/2016 04:00:00 PM,5,2,3
12/05/2016 03:00:00 PM,8,2,6
12/05/2016 02:00:00 PM,5,3,2
12/05/2016 01:00:00 PM,7,2,5
12/05/2016 12:00:00 PM,4,0,4
12/05/2016 11:00:00 AM,9,3,6
12/05/2016 10:00:00 AM,1,0,1
12/05/2016 09:00:00 AM,4,1,3
12/05/2016 08:00:00 AM,6,2,4
12/05/2016 07:00:00 AM,7,4,3
12/05/2016 06:00:00 AM,3,2,1
12/05/2016 05:00:00 AM,1,0,1
12/05/2016 04:00:00 AM,0,0,0
12/05/2016 03:00:00 AM,0,0,0
12/05/2016 02:00:00 AM,0,0,0
12/05/2016 01:00:00 AM,0,0,0
12/05/2016 12:00:00 AM,0,0,0
12/04/2016 11:00:00 PM,1,1,0
12/04/2016 10:00:00 PM,1,1,0
12/04/2016 09:00:00 PM,2,1,1
12/04/2016 08:00:00 PM,0,0,0
12/04/2016 07:00:00 PM,5,4,1
12/04/2016 06:00:00 PM,2,1,1
12/04/2016 05:00:00 PM,4,2,2
12/04/2016 04:00:00 PM,11,5,6
12/04/2016 03:00:00 PM,7,4,3
12/04/2016 02:00:00 PM,12,8,4
12/04/2016 01:00:00 PM,16,9,7
12/04/2016 12:00:00 PM,19,13,6
12/04/2016 11:00:00 AM,4,3,1
12/04/2016 10:00:00 AM,7,3,4
12/04/2016 09:00:00 AM,2,2,0
12/04/2016 08:00:00 AM,4,0,4
12/04/2016 07:00:00 AM,1,0,1
12/04/2016 06:00:00 AM,1,0,1
12/04/2016 05:00:00 AM,0,0,0
12/04/2016 04:00:00 AM,0,0,0
12/04/2016 03:00:00 AM,0,0,0
12/04/2016 02:00:00 AM,0,0,0
12/04/2016 01:00:00 AM,0,0,0
12/04/2016 12:00:00 AM,1,1,0
12/03/2016 11:00:00 PM,0,0,0
12/03/2016 10:00:00 PM,2,1,1
12/03/2016 09:00:00 PM,1,0,1
12/03/2016 08:00:00 PM,1,1,0
12/03/2016 07:00:00 PM,6,3,3
12/03/2016 06:00:00 PM,4,2,2
12/03/2016 05:00:00 PM,7,5,2
12/03/2016 04:00:00 PM,11,8,3
12/03/2016 03:00:00 PM,9,3,6
12/03/2016 02:00:00 PM,10,6,4
12/03/2016 01:00:00 PM,12,6,6
12/03/2016 12:00:00 PM,7,3,4
12/03/2016 11:00:00 AM,3,2,1
12/03/2016 10:00:00 AM,0,0,0
12/03/2016 09:00:00 AM,0,0,0
12/03/2016 08:00:00 AM,0,0,0
12/03/2016 07:00:00 AM,0,0,0
12/03/2016 06:00:00 AM,0,0,0
12/03/2016 05:00:00 AM,0,0,0
12/03/2016 04:00:00 AM,0,0,0
12/03/2016 03:00:00 AM,0,0,0
12/03/2016 02:00:00 AM,0,0,0
12/03/2016 01:00:00 AM,0,0,0
12/03/2016 12:00:00 AM,0,0,0
12/02/2016 11:00:00 PM,0,0,0
12/02/2016 10:00:00 PM,0,0,0
12/02/2016 09:00:00 PM,0,0,0
12/02/2016 08:00:00 PM,0,0,0
12/02/2016 07:00:00 PM,0,0,0
12/02/2016 06:00:00 PM,0,0,0
12/02/2016 05:00:00 PM,1,0,1
12/02/2016 04:00:00 PM,4,4,0
12/02/2016 03:00:00 PM,2,1,1
12/02/2016 02:00:00 PM,4,1,3
12/02/2016 01:00:00 PM,7,3,4
12/02/2016 12:00:00 PM,6,1,5
12/02/2016 11:00:00 AM,2,0,2
12/02/2016 10:00:00 AM,4,0,4
12/02/2016 09:00:00 AM,5,2,3
12/02/2016 08:00:00 AM,10,6,4
12/02/2016 07:00:00 AM,6,4,2
12/02/2016 06:00:00 AM,1,1,0
12/02/2016 05:00:00 AM,1,0,1
12/02/2016 04:00:00 AM,0,0,0
12/02/2016 03:00:00 AM,0,0,0
12/02/2016 02:00:00 AM,0,0,0
12/02/2016 01:00:00 AM,0,0,0
12/02/2016 12:00:00 AM,0,0,0
12/01/2016 11:00:00 PM,0,0,0
12/01/2016 10:00:00 PM,0,0,0
12/01/2016 09:00:00 PM,5,3,2
12/01/2016 08:00:00 PM,3,2,1
12/01/2016 07:00:00 PM,5,3,2
12/01/2016 06:00:00 PM,4,3,1
12/01/2016 05:00:00 PM,7,4,3
12/01/2016 04:00:00 PM,9,4,5
12/01/2016 03:00:00 PM,8,4,4
12/01/2016 02:00:00 PM,9,5,4
12/01/2016 01:00:00 PM,10,4,6
12/01/2016 12:00:00 PM,5,2,3
12/01/2016 11:00:00 AM,9,3,6
12/01/2016 10:00:00 AM,5,0,5
12/01/2016 09:00:00 AM,7,4,3
12/01/2016 08:00:00 AM,4,2,2
12/01/2016 07:00:00 AM,4,3,1
12/01/2016 06:00:00 AM,1,0,1
12/01/2016 05:00:00 AM,1,0,1
12/01/2016 04:00:00 AM,0,0,0
12/01/2016 03:00:00 AM,1,0,1
12/01/2016 02:00:00 AM,1,1,0
12/01/2016 01:00:00 AM,0,0,0
12/01/2016 12:00:00 AM,1,0,1
11/30/2016 11:00:00 PM,1,0,1
11/30/2016 10:00:00 PM,0,0,0
11/30/2016 09:00:00 PM,2,2,0
11/30/2016 08:00:00 PM,5,2,3
11/30/2016 07:00:00 PM,7,4,3
11/30/2016 06:00:00 PM,10,7,3
11/30/2016 05:00:00 PM,9,6,3
11/30/2016 04:00:00 PM,7,5,2
11/30/2016 03:00:00 PM,3,1,2
11/30/2016 02:00:00 PM,10,0,10
11/30/2016 01:00:00 PM,3,1,2
11/30/2016 12:00:00 PM,6,4,2
11/30/2016 11:00:00 AM,9,4,5
11/30/2016 10:00:00 AM,6,4,2
11/30/2016 09:00:00 AM,3,1,2
11/30/2016 08:00:00 AM,5,2,3
11/30/2016 07:00:00 AM,7,6,1
11/30/2016 06:00:00 AM,6,5,1
11/30/2016 05:00:00 AM,2,0,2
11/30/2016 04:00:00 AM,0,0,0
11/30/2016 03:00:00 AM,1,1,0
11/30/2016 02:00:00 AM,0,0,0
11/30/2016 01:00:00 AM,0,0,0
11/30/2016 12:00:00 AM,1,1,0
11/29/2016 11:00:00 PM,1,0,1
11/29/2016 10:00:00 PM,1,1,0
11/29/2016 09:00:00 PM,3,2,1
11/29/2016 08:00:00 PM,5,4,1
11/29/2016 07:00:00 PM,4,0,4
11/29/2016 06:00:00 PM,8,3,5
11/29/2016 05:00:00 PM,14,7,7
11/29/2016 04:00:00 PM,2,1,1
11/29/2016 03:00:00 PM,10,6,4
11/29/2016 02:00:00 PM,7,0,7
11/29/2016 01:00:00 PM,11,6,5
11/29/2016 12:00:00 PM,3,3,0
11/29/2016 11:00:00 AM,4,3,1
11/29/2016 10:00:00 AM,5,1,4
11/29/2016 09:00:00 AM,9,2,7
11/29/2016 08:00:00 AM,7,4,3
11/29/2016 07:00:00 AM,10,3,7
11/29/2016 06:00:00 AM,3,2,1
11/29/2016 05:00:00 AM,3,2,1
11/29/2016 04:00:00 AM,0,0,0
11/29/2016 03:00:00 AM,0,0,0
11/29/2016 02:00:00 AM,0,0,0
11/29/2016 01:00:00 AM,1,1,0
11/29/2016 12:00:00 AM,0,0,0
11/28/2016 11:00:00 PM,0,0,0
11/28/2016 10:00:00 PM,0,0,0
11/28/2016 09:00:00 PM,2,2,0
11/28/2016 08:00:00 PM,3,2,1
11/28/2016 07:00:00 PM,6,2,4
11/28/2016 06:00:00 PM,7,3,4
11/28/2016 05:00:00 PM,12,6,6
11/28/2016 04:00:00 PM,13,7,6
11/28/2016 03:00:00 PM,10,4,6
11/28/2016 02:00:00 PM,6,2,4
11/28/2016 01:00:00 PM,12,1,11
11/28/2016 12:00:00 PM,8,4,4
11/28/2016 11:00:00 AM,7,2,5
11/28/2016 10:00:00 AM,12,8,4
11/28/2016 09:00:00 AM,15,5,10
11/28/2016 08:00:00 AM,6,3,3
11/28/2016 07:00:00 AM,13,10,3
11/28/2016 06:00:00 AM,1,1,0
11/28/2016 05:00:00 AM,1,0,1
11/28/2016 04:00:00 AM,0,0,0
11/28/2016 03:00:00 AM,1,1,0
11/28/2016 02:00:00 AM,0,0,0
11/28/2016 01:00:00 AM,0,0,0
11/28/2016 12:00:00 AM,1,0,1
11/27/2016 11:00:00 PM,4,3,1
11/27/2016 10:00:00 PM,1,0,1
11/27/2016 09:00:00 PM,2,1,1
11/27/2016 08:00:00 PM,2,1,1
11/27/2016 07:00:00 PM,3,1,2
11/27/2016 06:00:00 PM,0,0,0
11/27/2016 05:00:00 PM,4,1,3
11/27/2016 04:00:00 PM,1,0,1
11/27/2016 03:00:00 PM,6,5,1
11/27/2016 02:00:00 PM,6,4,2
11/27/2016 01:00:00 PM,11,7,4
11/27/2016 12:00:00 PM,17,7,10
11/27/2016 11:00:00 AM,9,5,4
11/27/2016 10:00:00 AM,3,0,3
11/27/2016 09:00:00 AM,6,4,2
11/27/2016 08:00:00 AM,1,1,0
11/27/2016 07:00:00 AM,4,0,4
11/27/2016 06:00:00 AM,2,0,2
11/27/2016 05:00:00 AM,0,0,0
11/27/2016 04:00:00 AM,1,1,0
11/27/2016 03:00:00 AM,0,0,0
11/27/2016 02:00:00 AM,0,0,0
11/27/2016 01:00:00 AM,0,0,0
11/27/2016 12:00:00 AM,0,0,0
11/26/2016 11:00:00 PM,1,0,1
11/26/2016 10:00:00 PM,0,0,0
11/26/2016 09:00:00 PM,2,0,2
11/26/2016 08:00:00 PM,4,4,0
11/26/2016 07:00:00 PM,5,2,3
11/26/2016 06:00:00 PM,7,4,3
11/26/2016 05:00:00 PM,4,2,2
11/26/2016 04:00:00 PM,7,1,6
11/26/2016 03:00:00 PM,6,3,3
11/26/2016 02:00:00 PM,2,1,1
11/26/2016 01:00:00 PM,7,2,5
11/26/2016 12:00:00 PM,5,1,4
11/26/2016 11:00:00 AM,3,1,2
11/26/2016 10:00:00 AM,9,4,5
11/26/2016 09:00:00 AM,0,0,0
11/26/2016 08:00:00 AM,2,1,1
11/26/2016 07:00:00 AM,0,0,0
11/26/2016 06:00:00 AM,0,0,0
11/26/2016 05:00:00 AM,0,0,0
11/26/2016 04:00:00 AM,0,0,0
11/26/2016 03:00:00 AM,0,0,0
11/26/2016 02:00:00 AM,0,0,0
11/26/2016 01:00:00 AM,2,2,0
11/26/2016 12:00:00 AM,1,0,1
11/25/2016 11:00:00 PM,0,0,0
11/25/2016 10:00:00 PM,0,0,0
11/25/2016 09:00:00 PM,2,0,2
11/25/2016 08:00:00 PM,3,0,3
11/25/2016 07:00:00 PM,3,2,1
11/25/2016 06:00:00 PM,3,1,2
11/25/2016 05:00:00 PM,4,1,3
11/25/2016 04:00:00 PM,8,4,4
11/25/2016 03:00:00 PM,13,7,6
11/25/2016 02:00:00 PM,11,8,3
11/25/2016 01:00:00 PM,5,0,5
11/25/2016 12:00:00 PM,13,5,8
11/25/2016 11:00:00 AM,7,3,4
11/25/2016 10:00:00 AM,6,1,5
11/25/2016 09:00:00 AM,3,1,2
11/25/2016 08:00:00 AM,3,2,1
11/25/2016 07:00:00 AM,3,0,3
11/25/2016 06:00:00 AM,0,0,0
11/25/2016 05:00:00 AM,1,0,1
11/25/2016 04:00:00 AM,1,1,0
11/25/2016 03:00:00 AM,0,0,0
11/25/2016 02:00:00 AM,0,0,0
11/25/2016 01:00:00 AM,0,0,0
11/25/2016 12:00:00 AM,0,0,0
11/24/2016 11:00:00 PM,2,1,1
11/24/2016 10:00:00 PM,0,0,0
11/24/2016 09:00:00 PM,0,0,0
11/24/2016 08:00:00 PM,1,0,1
11/24/2016 07:00:00 PM,2,0,2
11/24/2016 06:00:00 PM,0,0,0
11/24/2016 05:00:00 PM,0,0,0
11/24/2016 04:00:00 PM,3,3,0
11/24/2016 03:00:00 PM,0,0,0
11/24/2016 02:00:00 PM,0,0,0
11/24/2016 01:00:00 PM,1,0,1
11/24/2016 12:00:00 PM,1,1,0
11/24/2016 11:00:00 AM,1,1,0
11/24/2016 10:00:00 AM,3,2,1
11/24/2016 09:00:00 AM,1,0,1
11/24/2016 08:00:00 AM,0,0,0
11/24/2016 07:00:00 AM,1,1,0
11/24/2016 06:00:00 AM,0,0,0
11/24/2016 05:00:00 AM,0,0,0
11/24/2016 04:00:00 AM,0,0,0
11/24/2016 03:00:00 AM,0,0,0
11/24/2016 02:00:00 AM,0,0,0
11/24/2016 01:00:00 AM,0,0,0
11/24/2016 12:00:00 AM,0,0,0
11/23/2016 11:00:00 PM,2,2,0
11/23/2016 10:00:00 PM,0,0,0
11/23/2016 09:00:00 PM,0,0,0
11/23/2016 08:00:00 PM,6,1,5
11/23/2016 07:00:00 PM,3,0,3
11/23/2016 06:00:00 PM,8,0,8
11/23/2016 05:00:00 PM,9,6,3
11/23/2016 04:00:00 PM,7,2,5
11/23/2016 03:00:00 PM,7,3,4
11/23/2016 02:00:00 PM,7,2,5
11/23/2016 01:00:00 PM,5,4,1
11/23/2016 12:00:00 PM,9,4,5
11/23/2016 11:00:00 AM,13,2,11
11/23/2016 10:00:00 AM,9,0,9
11/23/2016 09:00:00 AM,8,5,3
11/23/2016 08:00:00 AM,7,5,2
11/23/2016 07:00:00 AM,8,6,2
11/23/2016 06:00:00 AM,5,1,4
11/23/2016 05:00:00 AM,1,0,1
11/23/2016 04:00:00 AM,1,0,1
11/23/2016 03:00:00 AM,1,1,0
11/23/2016 02:00:00 AM,0,0,0
11/23/2016 01:00:00 AM,0,0,0
11/23/2016 12:00:00 AM,0,0,0
11/22/2016 11:00:00 PM,1,0,1
11/22/2016 10:00:00 PM,1,0,1
11/22/2016 09:00:00 PM,4,2,2
11/22/2016 08:00:00 PM,3,1,2
11/22/2016 07:00:00 PM,3,1,2
11/22/2016 06:00:00 PM,12,4,8
11/22/2016 05:00:00 PM,8,3,5
11/22/2016 04:00:00 PM,8,1,7
11/22/2016 03:00:00 PM,12,5,7
11/22/2016 02:00:00 PM,4,3,1
11/22/2016 01:00:00 PM,9,5,4
11/22/2016 12:00:00 PM,12,1,11
11/22/2016 11:00:00 AM,11,4,7
11/22/2016 10:00:00 AM,13,2,11
11/22/2016 09:00:00 AM,7,3,4
11/22/2016 08:00:00 AM,4,3,1
11/22/2016 07:00:00 AM,7,4,3
11/22/2016 06:00:00 AM,1,0,1
11/22/2016 05:00:00 AM,1,0,1
11/22/2016 04:00:00 AM,0,0,0
11/22/2016 03:00:00 AM,0,0,0
11/22/2016 02:00:00 AM,0,0,0
11/22/2016 01:00:00 AM,0,0,0
11/22/2016 12:00:00 AM,0,0,0
11/21/2016 11:00:00 PM,1,1,0
11/21/2016 10:00:00 PM,3,2,1
11/21/2016 09:00:00 PM,1,1,0
11/21/2016 08:00:00 PM,7,2,5
11/21/2016 07:00:00 PM,5,2,3
11/21/2016 06:00:00 PM,12,6,6
11/21/2016 05:00:00 PM,10,6,4
11/21/2016 04:00:00 PM,9,4,5
11/21/2016 03:00:00 PM,15,7,8
11/21/2016 02:00:00 PM,11,7,4
11/21/2016 01:00:00 PM,9,4,5
11/21/2016 12:00:00 PM,8,2,6
11/21/2016 11:00:00 AM,5,2,3
11/21/2016 10:00:00 AM,8,4,4
11/21/2016 09:00:00 AM,9,2,7
11/21/2016 08:00:00 AM,9,6,3
11/21/2016 07:00:00 AM,5,2,3
11/21/2016 06:00:00 AM,1,0,1
11/21/2016 05:00:00 AM,1,0,1
11/21/2016 04:00:00 AM,0,0,0
11/21/2016 03:00:00 AM,0,0,0
11/21/2016 02:00:00 AM,0,0,0
11/21/2016 01:00:00 AM,0,0,0
11/21/2016 12:00:00 AM,2,1,1
11/20/2016 11:00:00 PM,0,0,0
11/20/2016 10:00:00 PM,0,0,0
11/20/2016 09:00:00 PM,1,0,1
11/20/2016 08:00:00 PM,4,1,3
11/20/2016 07:00:00 PM,1,0,1
11/20/2016 06:00:00 PM,6,3,3
11/20/2016 05:00:00 PM,6,2,4
11/20/2016 04:00:00 PM,5,2,3
11/20/2016 03:00:00 PM,4,2,2
11/20/2016 02:00:00 PM,9,3,6
11/20/2016 01:00:00 PM,5,1,4
11/20/2016 12:00:00 PM,9,3,6
11/20/2016 11:00:00 AM,12,4,8
11/20/2016 10:00:00 AM,5,2,3
11/20/2016 09:00:00 AM,5,2,3
11/20/2016 08:00:00 AM,3,1,2
11/20/2016 07:00:00 AM,1,1,0
11/20/2016 06:00:00 AM,0,0,0
11/20/2016 05:00:00 AM,0,0,0
11/20/2016 04:00:00 AM,0,0,0
11/20/2016 03:00:00 AM,0,0,0
11/20/2016 02:00:00 AM,0,0,0
11/20/2016 01:00:00 AM,0,0,0
11/20/2016 12:00:00 AM,2,2,0
11/19/2016 11:00:00 PM,1,1,0
11/19/2016 10:00:00 PM,2,0,2
11/19/2016 09:00:00 PM,4,1,3
11/19/2016 08:00:00 PM,3,3,0
11/19/2016 07:00:00 PM,3,3,0
11/19/2016 06:00:00 PM,10,7,3
11/19/2016 05:00:00 PM,4,1,3
11/19/2016 04:00:00 PM,5,3,2
11/19/2016 03:00:00 PM,10,4,6
11/19/2016 02:00:00 PM,12,6,6
11/19/2016 01:00:00 PM,9,3,6
11/19/2016 12:00:00 PM,5,3,2
11/19/2016 11:00:00 AM,3,0,3
11/19/2016 10:00:00 AM,7,1,6
11/19/2016 09:00:00 AM,2,1,1
11/19/2016 08:00:00 AM,3,1,2
11/19/2016 07:00:00 AM,1,0,1
11/19/2016 06:00:00 AM,1,0,1
11/19/2016 05:00:00 AM,0,0,0
11/19/2016 04:00:00 AM,0,0,0
11/19/2016 03:00:00 AM,0,0,0
11/19/2016 02:00:00 AM,1,1,0
11/19/2016 01:00:00 AM,1,0,1
11/19/2016 12:00:00 AM,0,0,0
11/18/2016 11:00:00 PM,2,0,2
11/18/2016 10:00:00 PM,2,2,0
11/18/2016 09:00:00 PM,7,3,4
11/18/2016 08:00:00 PM,0,0,0
11/18/2016 07:00:00 PM,8,2,6
11/18/2016 06:00:00 PM,8,2,6
11/18/2016 05:00:00 PM,2,1,1
11/18/2016 04:00:00 PM,11,6,5
11/18/2016 03:00:00 PM,3,2,1
11/18/2016 02:00:00 PM,14,5,9
11/18/2016 01:00:00 PM,10,2,8
11/18/2016 12:00:00 PM,5,2,3
11/18/2016 11:00:00 AM,7,6,1
11/18/2016 10:00:00 AM,8,6,2
11/18/2016 09:00:00 AM,4,2,2
11/18/2016 08:00:00 AM,4,2,2
11/18/2016 07:00:00 AM,3,1,2
11/18/2016 06:00:00 AM,3,1,2
11/18/2016 05:00:00 AM,0,0,0
11/18/2016 04:00:00 AM,0,0,0
11/18/2016 03:00:00 AM,1,1,0
11/18/2016 02:00:00 AM,0,0,0
11/18/2016 01:00:00 AM,1,0,1
11/18/2016 12:00:00 AM,0,0,0
11/17/2016 11:00:00 PM,3,1,2
11/17/2016 10:00:00 PM,3,3,0
11/17/2016 09:00:00 PM,5,3,2
11/17/2016 08:00:00 PM,5,2,3
11/17/2016 07:00:00 PM,7,5,2
11/17/2016 06:00:00 PM,16,8,8
11/17/2016 05:00:00 PM,11,7,4
11/17/2016 04:00:00 PM,15,6,9
11/17/2016 03:00:00 PM,14,4,10
11/17/2016 02:00:00 PM,11,5,6
11/17/2016 01:00:00 PM,11,4,7
11/17/2016 12:00:00 PM,9,5,4
11/17/2016 11:00:00 AM,6,3,3
11/17/2016 10:00:00 AM,6,1,5
11/17/2016 09:00:00 AM,10,4,6
11/17/2016 08:00:00 AM,7,5,2
11/17/2016 07:00:00 AM,5,3,2
11/17/2016 06:00:00 AM,1,1,0
11/17/2016 05:00:00 AM,1,0,1
11/17/2016 04:00:00 AM,0,0,0
11/17/2016 03:00:00 AM,1,1,0
11/17/2016 02:00:00 AM,0,0,0
11/17/2016 01:00:00 AM,0,0,0
11/17/2016 12:00:00 AM,1,0,1
11/16/2016 11:00:00 PM,3,2,1
11/16/2016 10:00:00 PM,3,2,1
11/16/2016 09:00:00 PM,8,3,5
11/16/2016 08:00:00 PM,1,1,0
11/16/2016 07:00:00 PM,10,8,2
11/16/2016 06:00:00 PM,7,3,4
11/16/2016 05:00:00 PM,15,11,4
11/16/2016 04:00:00 PM,3,1,2
11/16/2016 03:00:00 PM,8,3,5
11/16/2016 02:00:00 PM,5,4,1
11/16/2016 01:00:00 PM,10,2,8
11/16/2016 12:00:00 PM,7,2,5
11/16/2016 11:00:00 AM,8,2,6
11/16/2016 10:00:00 AM,5,1,4
11/16/2016 09:00:00 AM,7,2,5
11/16/2016 08:00:00 AM,6,3,3
11/16/2016 07:00:00 AM,9,5,4
11/16/2016 06:00:00 AM,3,3,0
11/16/2016 05:00:00 AM,2,1,1
11/16/2016 04:00:00 AM,0,0,0
11/16/2016 03:00:00 AM,0,0,0
11/16/2016 02:00:00 AM,0,0,0
11/16/2016 01:00:00 AM,0,0,0
11/16/2016 12:00:00 AM,1,0,1
11/15/2016 11:00:00 PM,0,0,0
11/15/2016 10:00:00 PM,0,0,0
11/15/2016 09:00:00 PM,1,1,0
11/15/2016 08:00:00 PM,3,1,2
11/15/2016 07:00:00 PM,11,7,4
11/15/2016 06:00:00 PM,16,4,12
11/15/2016 05:00:00 PM,12,6,6
11/15/2016 04:00:00 PM,7,3,4
11/15/2016 03:00:00 PM,6,3,3
11/15/2016 02:00:00 PM,10,3,7
11/15/2016 01:00:00 PM,7,2,5
11/15/2016 12:00:00 PM,8,4,4
11/15/2016 11:00:00 AM,6,2,4
11/15/2016 10:00:00 AM,11,2,9
11/15/2016 09:00:00 AM,10,4,6
11/15/2016 08:00:00 AM,6,3,3
11/15/2016 07:00:00 AM,6,5,1
11/15/2016 06:00:00 AM,3,0,3
11/15/2016 05:00:00 AM,1,0,1
11/15/2016 04:00:00 AM,0,0,0
11/15/2016 03:00:00 AM,0,0,0
11/15/2016 02:00:00 AM,0,0,0
11/15/2016 01:00:00 AM,1,0,1
11/15/2016 12:00:00 AM,0,0,0
11/14/2016 11:00:00 PM,0,0,0
11/14/2016 10:00:00 PM,0,0,0
11/14/2016 09:00:00 PM,1,1,0
11/14/2016 08:00:00 PM,3,3,0
11/14/2016 07:00:00 PM,10,7,3
11/14/2016 06:00:00 PM,16,3,13
11/14/2016 05:00:00 PM,16,2,14
11/14/2016 04:00:00 PM,7,6,1
11/14/2016 03:00:00 PM,11,1,10
11/14/2016 02:00:00 PM,9,3,6
11/14/2016 01:00:00 PM,11,5,6
11/14/2016 12:00:00 PM,6,1,5
11/14/2016 11:00:00 AM,8,2,6
11/14/2016 10:00:00 AM,6,2,4
11/14/2016 09:00:00 AM,10,7,3
11/14/2016 08:00:00 AM,7,5,2
11/14/2016 07:00:00 AM,12,4,8
11/14/2016 06:00:00 AM,2,2,0
11/14/2016 05:00:00 AM,4,0,4
11/14/2016 04:00:00 AM,0,0,0
11/14/2016 03:00:00 AM,0,0,0
11/14/2016 02:00:00 AM,0,0,0
11/14/2016 01:00:00 AM,1,0,1
11/14/2016 12:00:00 AM,0,0,0
11/13/2016 11:00:00 PM,0,0,0
11/13/2016 10:00:00 PM,0,0,0
11/13/2016 09:00:00 PM,3,1,2
11/13/2016 08:00:00 PM,2,1,1
11/13/2016 07:00:00 PM,4,1,3
11/13/2016 06:00:00 PM,7,4,3
11/13/2016 05:00:00 PM,2,0,2
11/13/2016 04:00:00 PM,5,2,3
11/13/2016 03:00:00 PM,6,2,4
11/13/2016 02:00:00 PM,13,5,8
11/13/2016 01:00:00 PM,8,3,5
11/13/2016 12:00:00 PM,3,1,2
11/13/2016 11:00:00 AM,11,3,8
11/13/2016 10:00:00 AM,11,2,9
11/13/2016 09:00:00 AM,2,1,1
11/13/2016 08:00:00 AM,3,2,1
11/13/2016 07:00:00 AM,1,1,0
11/13/2016 06:00:00 AM,0,0,0
11/13/2016 05:00:00 AM,2,2,0
11/13/2016 04:00:00 AM,0,0,0
11/13/2016 03:00:00 AM,0,0,0
11/13/2016 02:00:00 AM,0,0,0
11/13/2016 01:00:00 AM,0,0,0
11/13/2016 12:00:00 AM,1,0,1
11/12/2016 11:00:00 PM,1,1,0
11/12/2016 10:00:00 PM,0,0,0
11/12/2016 09:00:00 PM,1,1,0
11/12/2016 08:00:00 PM,4,1,3
11/12/2016 07:00:00 PM,6,1,5
11/12/2016 06:00:00 PM,7,2,5
11/12/2016 05:00:00 PM,4,1,3
11/12/2016 04:00:00 PM,13,7,6
11/12/2016 03:00:00 PM,12,2,10
11/12/2016 02:00:00 PM,14,5,9
11/12/2016 01:00:00 PM,7,3,4
11/12/2016 12:00:00 PM,4,1,3
11/12/2016 11:00:00 AM,13,4,9
11/12/2016 10:00:00 AM,4,1,3
11/12/2016 09:00:00 AM,4,0,4
11/12/2016 08:00:00 AM,6,4,2
11/12/2016 07:00:00 AM,0,0,0
11/12/2016 06:00:00 AM,1,0,1
11/12/2016 05:00:00 AM,0,0,0
11/12/2016 04:00:00 AM,0,0,0
11/12/2016 03:00:00 AM,2,2,0
11/12/2016 02:00:00 AM,1,1,0
11/12/2016 01:00:00 AM,2,0,2
11/12/2016 12:00:00 AM,2,2,0
11/11/2016 11:00:00 PM,1,1,0
11/11/2016 10:00:00 PM,3,0,3
11/11/2016 09:00:00 PM,1,1,0
11/11/2016 08:00:00 PM,4,3,1
11/11/2016 07:00:00 PM,11,6,5
11/11/2016 06:00:00 PM,11,7,4
11/11/2016 05:00:00 PM,5,4,1
11/11/2016 04:00:00 PM,12,7,5
11/11/2016 03:00:00 PM,9,6,3
11/11/2016 02:00:00 PM,14,7,7
11/11/2016 01:00:00 PM,5,3,2
11/11/2016 12:00:00 PM,10,3,7
11/11/2016 11:00:00 AM,10,3,7
11/11/2016 10:00:00 AM,2,0,2
11/11/2016 09:00:00 AM,5,1,4
11/11/2016 08:00:00 AM,10,3,7
11/11/2016 07:00:00 AM,7,5,2
11/11/2016 06:00:00 AM,0,0,0
11/11/2016 05:00:00 AM,2,2,0
11/11/2016 04:00:00 AM,0,0,0
11/11/2016 03:00:00 AM,0,0,0
11/11/2016 02:00:00 AM,1,0,1
11/11/2016 01:00:00 AM,0,0,0
11/11/2016 12:00:00 AM,1,1,0
11/10/2016 11:00:00 PM,5,4,1
11/10/2016 10:00:00 PM,8,7,1
11/10/2016 09:00:00 PM,7,3,4
11/10/2016 08:00:00 PM,3,2,1
11/10/2016 07:00:00 PM,7,4,3
11/10/2016 06:00:00 PM,18,6,12
11/10/2016 05:00:00 PM,18,13,5
11/10/2016 04:00:00 PM,5,5,0
11/10/2016 03:00:00 PM,11,5,6
11/10/2016 02:00:00 PM,15,8,7
11/10/2016 01:00:00 PM,11,3,8
11/10/2016 12:00:00 PM,8,4,4
11/10/2016 11:00:00 AM,3,1,2
11/10/2016 10:00:00 AM,7,3,4
11/10/2016 09:00:00 AM,7,3,4
11/10/2016 08:00:00 AM,13,5,8
11/10/2016 07:00:00 AM,10,7,3
11/10/2016 06:00:00 AM,1,1,0
11/10/2016 05:00:00 AM,1,0,1
11/10/2016 04:00:00 AM,0,0,0
11/10/2016 03:00:00 AM,0,0,0
11/10/2016 02:00:00 AM,0,0,0
11/10/2016 01:00:00 AM,1,0,1
11/10/2016 12:00:00 AM,1,1,0
11/09/2016 11:00:00 PM,1,1,0
11/09/2016 10:00:00 PM,2,2,0
11/09/2016 09:00:00 PM,4,3,1
11/09/2016 08:00:00 PM,2,1,1
11/09/2016 07:00:00 PM,9,3,6
11/09/2016 06:00:00 PM,9,2,7
11/09/2016 05:00:00 PM,11,6,5
11/09/2016 04:00:00 PM,5,1,4
11/09/2016 03:00:00 PM,5,1,4
11/09/2016 02:00:00 PM,5,1,4
11/09/2016 01:00:00 PM,12,2,10
11/09/2016 12:00:00 PM,4,2,2
11/09/2016 11:00:00 AM,8,5,3
11/09/2016 10:00:00 AM,4,1,3
11/09/2016 09:00:00 AM,7,2,5
11/09/2016 08:00:00 AM,12,6,6
11/09/2016 07:00:00 AM,4,4,0
11/09/2016 06:00:00 AM,2,1,1
11/09/2016 05:00:00 AM,3,2,1
11/09/2016 04:00:00 AM,0,0,0
11/09/2016 03:00:00 AM,0,0,0
11/09/2016 02:00:00 AM,2,0,2
11/09/2016 01:00:00 AM,0,0,0
11/09/2016 12:00:00 AM,2,1,1
11/08/2016 11:00:00 PM,3,2,1
11/08/2016 10:00:00 PM,4,1,3
11/08/2016 09:00:00 PM,3,2,1
11/08/2016 08:00:00 PM,1,0,1
11/08/2016 07:00:00 PM,19,9,10
11/08/2016 06:00:00 PM,7,6,1
11/08/2016 05:00:00 PM,15,8,7
11/08/2016 04:00:00 PM,24,9,15
11/08/2016 03:00:00 PM,20,7,13
11/08/2016 02:00:00 PM,12,7,5
11/08/2016 01:00:00 PM,10,3,7
11/08/2016 12:00:00 PM,22,8,14
11/08/2016 11:00:00 AM,5,2,3
11/08/2016 10:00:00 AM,23,9,14
11/08/2016 09:00:00 AM,7,2,5
11/08/2016 08:00:00 AM,15,5,10
11/08/2016 07:00:00 AM,6,2,4
11/08/2016 06:00:00 AM,2,1,1
11/08/2016 05:00:00 AM,2,0,2
11/08/2016 04:00:00 AM,0,0,0
11/08/2016 03:00:00 AM,0,0,0
11/08/2016 02:00:00 AM,1,0,1
11/08/2016 01:00:00 AM,0,0,0
11/08/2016 12:00:00 AM,1,0,1
11/07/2016 11:00:00 PM,0,0,0
11/07/2016 10:00:00 PM,0,0,0
11/07/2016 09:00:00 PM,0,0,0
11/07/2016 08:00:00 PM,0,0,0
11/07/2016 07:00:00 PM,0,0,0
11/07/2016 06:00:00 PM,0,0,0
11/07/2016 05:00:00 PM,8,6,2
11/07/2016 04:00:00 PM,15,8,7
11/07/2016 03:00:00 PM,7,2,5
11/07/2016 02:00:00 PM,9,7,2
11/07/2016 01:00:00 PM,10,2,8
11/07/2016 12:00:00 PM,14,4,10
11/07/2016 11:00:00 AM,6,3,3
11/07/2016 10:00:00 AM,6,2,4
11/07/2016 09:00:00 AM,8,3,5
11/07/2016 08:00:00 AM,12,5,7
11/07/2016 07:00:00 AM,7,4,3
11/07/2016 06:00:00 AM,2,0,2
11/07/2016 05:00:00 AM,0,0,0
11/07/2016 04:00:00 AM,0,0,0
11/07/2016 03:00:00 AM,0,0,0
11/07/2016 02:00:00 AM,0,0,0
11/07/2016 01:00:00 AM,0,0,0
11/07/2016 12:00:00 AM,0,0,0
11/06/2016 11:00:00 PM,0,0,0
11/06/2016 10:00:00 PM,0,0,0
11/06/2016 09:00:00 PM,0,0,0
11/06/2016 08:00:00 PM,0,0,0
11/06/2016 07:00:00 PM,0,0,0
11/06/2016 06:00:00 PM,3,3,0
11/06/2016 05:00:00 PM,6,2,4
11/06/2016 04:00:00 PM,13,6,7
11/06/2016 03:00:00 PM,22,9,13
11/06/2016 02:00:00 PM,12,7,5
11/06/2016 01:00:00 PM,16,4,12
11/06/2016 12:00:00 PM,18,1,17
11/06/2016 11:00:00 AM,21,9,12
11/06/2016 10:00:00 AM,8,0,8
11/06/2016 09:00:00 AM,8,4,4
11/06/2016 08:00:00 AM,7,2,5
11/06/2016 07:00:00 AM,1,0,1
11/06/2016 06:00:00 AM,1,0,1
11/06/2016 05:00:00 AM,0,0,0
11/06/2016 04:00:00 AM,0,0,0
11/06/2016 03:00:00 AM,1,1,0
11/06/2016 02:00:00 AM,0,0,0
11/06/2016 01:00:00 AM,1,0,1
11/06/2016 12:00:00 AM,0,0,0
11/05/2016 11:00:00 PM,1,1,0
11/05/2016 10:00:00 PM,0,0,0
11/05/2016 09:00:00 PM,1,1,0
11/05/2016 08:00:00 PM,3,2,1
11/05/2016 07:00:00 PM,4,1,3
11/05/2016 06:00:00 PM,7,1,6
11/05/2016 05:00:00 PM,10,2,8
11/05/2016 04:00:00 PM,8,3,5
11/05/2016 03:00:00 PM,6,2,4
11/05/2016 02:00:00 PM,10,3,7
11/05/2016 01:00:00 PM,16,7,9
11/05/2016 12:00:00 PM,6,1,5
11/05/2016 11:00:00 AM,9,2,7
11/05/2016 10:00:00 AM,6,2,4
11/05/2016 09:00:00 AM,4,2,2
11/05/2016 08:00:00 AM,3,0,3
11/05/2016 07:00:00 AM,1,1,0
11/05/2016 06:00:00 AM,3,0,3
11/05/2016 05:00:00 AM,0,0,0
11/05/2016 04:00:00 AM,0,0,0
11/05/2016 03:00:00 AM,1,0,1
11/05/2016 02:00:00 AM,1,1,0
11/05/2016 01:00:00 AM,2,2,0
11/05/2016 12:00:00 AM,2,0,2
11/04/2016 11:00:00 PM,2,2,0
11/04/2016 10:00:00 PM,0,0,0
11/04/2016 09:00:00 PM,5,2,3
11/04/2016 08:00:00 PM,3,2,1
11/04/2016 07:00:00 PM,12,4,8
11/04/2016 06:00:00 PM,18,6,12
11/04/2016 05:00:00 PM,15,5,10
11/04/2016 04:00:00 PM,17,9,8
11/04/2016 03:00:00 PM,13,2,11
11/04/2016 02:00:00 PM,7,4,3
11/04/2016 01:00:00 PM,11,5,6
11/04/2016 12:00:00 PM,15,4,11
11/04/2016 11:00:00 AM,10,0,10
11/04/2016 10:00:00 AM,9,3,6
11/04/2016 09:00:00 AM,9,4,5
11/04/2016 08:00:00 AM,16,4,12
11/04/2016 07:00:00 AM,6,4,2
11/04/2016 06:00:00 AM,4,3,1
11/04/2016 05:00:00 AM,1,0,1
11/04/2016 04:00:00 AM,0,0,0
11/04/2016 03:00:00 AM,0,0,0
11/04/2016 02:00:00 AM,0,0,0
11/04/2016 01:00:00 AM,0,0,0
11/04/2016 12:00:00 AM,0,0,0
11/03/2016 11:00:00 PM,1,0,1
11/03/2016 10:00:00 PM,0,0,0
11/03/2016 09:00:00 PM,3,2,1
11/03/2016 08:00:00 PM,1,0,1
11/03/2016 07:00:00 PM,7,3,4
11/03/2016 06:00:00 PM,15,8,7
11/03/2016 05:00:00 PM,21,14,7
11/03/2016 04:00:00 PM,17,5,12
11/03/2016 03:00:00 PM,18,7,11
11/03/2016 02:00:00 PM,17,6,11
11/03/2016 01:00:00 PM,9,4,5
11/03/2016 12:00:00 PM,7,2,5
11/03/2016 11:00:00 AM,12,2,10
11/03/2016 10:00:00 AM,8,4,4
11/03/2016 09:00:00 AM,4,2,2
11/03/2016 08:00:00 AM,8,3,5
11/03/2016 07:00:00 AM,5,3,2
11/03/2016 06:00:00 AM,2,1,1
11/03/2016 05:00:00 AM,1,0,1
11/03/2016 04:00:00 AM,0,0,0
11/03/2016 03:00:00 AM,1,0,1
11/03/2016 02:00:00 AM,0,0,0
11/03/2016 01:00:00 AM,1,0,1
11/03/2016 12:00:00 AM,1,0,1
11/02/2016 11:00:00 PM,0,0,0
11/02/2016 10:00:00 PM,2,1,1
11/02/2016 09:00:00 PM,3,2,1
11/02/2016 08:00:00 PM,7,4,3
11/02/2016 07:00:00 PM,12,2,10
11/02/2016 06:00:00 PM,10,3,7
11/02/2016 05:00:00 PM,18,6,12
11/02/2016 04:00:00 PM,19,5,14
11/02/2016 03:00:00 PM,10,6,4
11/02/2016 02:00:00 PM,4,2,2
11/02/2016 01:00:00 PM,8,4,4
11/02/2016 12:00:00 PM,4,1,3
11/02/2016 11:00:00 AM,9,4,5
11/02/2016 10:00:00 AM,3,0,3
11/02/2016 09:00:00 AM,10,5,5
11/02/2016 08:00:00 AM,8,5,3
11/02/2016 07:00:00 AM,6,2,4
11/02/2016 06:00:00 AM,4,3,1
11/02/2016 05:00:00 AM,3,1,2
11/02/2016 04:00:00 AM,0,0,0
11/02/2016 03:00:00 AM,1,1,0
11/02/2016 02:00:00 AM,0,0,0
11/02/2016 01:00:00 AM,0,0,0
11/02/2016 12:00:00 AM,0,0,0
11/01/2016 11:00:00 PM,1,0,1
11/01/2016 10:00:00 PM,1,1,0
11/01/2016 09:00:00 PM,3,3,0
11/01/2016 08:00:00 PM,1,0,1
11/01/2016 07:00:00 PM,8,1,7
11/01/2016 06:00:00 PM,4,2,2
11/01/2016 05:00:00 PM,14,8,6
11/01/2016 04:00:00 PM,8,2,6
11/01/2016 03:00:00 PM,10,1,9
11/01/2016 02:00:00 PM,10,3,7
11/01/2016 01:00:00 PM,9,4,5
11/01/2016 12:00:00 PM,7,2,5
11/01/2016 11:00:00 AM,4,2,2
11/01/2016 10:00:00 AM,3,2,1
11/01/2016 09:00:00 AM,11,3,8
11/01/2016 08:00:00 AM,5,4,1
11/01/2016 07:00:00 AM,5,3,2
11/01/2016 06:00:00 AM,0,0,0
11/01/2016 05:00:00 AM,1,0,1
11/01/2016 04:00:00 AM,0,0,0
11/01/2016 03:00:00 AM,1,0,1
11/01/2016 02:00:00 AM,0,0,0
11/01/2016 01:00:00 AM,0,0,0
11/01/2016 12:00:00 AM,0,0,0
10/31/2016 11:00:00 PM,3,2,1
10/31/2016 10:00:00 PM,1,1,0
10/31/2016 09:00:00 PM,3,1,2
10/31/2016 08:00:00 PM,3,1,2
10/31/2016 07:00:00 PM,4,3,1
10/31/2016 06:00:00 PM,5,1,4
10/31/2016 05:00:00 PM,8,2,6
10/31/2016 04:00:00 PM,12,3,9
10/31/2016 03:00:00 PM,5,3,2
10/31/2016 02:00:00 PM,9,4,5
10/31/2016 01:00:00 PM,9,3,6
10/31/2016 12:00:00 PM,7,1,6
10/31/2016 11:00:00 AM,9,2,7
10/31/2016 10:00:00 AM,0,0,0
10/31/2016 09:00:00 AM,2,1,1
10/31/2016 08:00:00 AM,4,3,1
10/31/2016 07:00:00 AM,8,5,3
10/31/2016 06:00:00 AM,2,2,0
10/31/2016 05:00:00 AM,1,0,1
10/31/2016 04:00:00 AM,0,0,0
10/31/2016 03:00:00 AM,0,0,0
10/31/2016 02:00:00 AM,0,0,0
10/31/2016 01:00:00 AM,0,0,0
10/31/2016 12:00:00 AM,1,0,1
10/30/2016 11:00:00 PM,0,0,0
10/30/2016 10:00:00 PM,2,0,2
10/30/2016 09:00:00 PM,1,1,0
10/30/2016 08:00:00 PM,3,2,1
10/30/2016 07:00:00 PM,3,2,1
10/30/2016 06:00:00 PM,4,2,2
10/30/2016 05:00:00 PM,3,1,2
10/30/2016 04:00:00 PM,8,3,5
10/30/2016 03:00:00 PM,10,3,7
10/30/2016 02:00:00 PM,5,1,4
10/30/2016 01:00:00 PM,6,2,4
10/30/2016 12:00:00 PM,12,4,8
10/30/2016 11:00:00 AM,5,4,1
10/30/2016 10:00:00 AM,14,2,12
10/30/2016 09:00:00 AM,1,0,1
10/30/2016 08:00:00 AM,0,0,0
10/30/2016 07:00:00 AM,1,0,1
10/30/2016 06:00:00 AM,0,0,0
10/30/2016 05:00:00 AM,0,0,0
10/30/2016 04:00:00 AM,0,0,0
10/30/2016 03:00:00 AM,0,0,0
10/30/2016 02:00:00 AM,1,1,0
10/30/2016 01:00:00 AM,2,0,2
10/30/2016 12:00:00 AM,1,0,1
10/29/2016 11:00:00 PM,2,2,0
10/29/2016 10:00:00 PM,5,2,3
10/29/2016 09:00:00 PM,6,2,4
10/29/2016 08:00:00 PM,9,4,5
10/29/2016 07:00:00 PM,5,2,3
10/29/2016 06:00:00 PM,8,2,6
10/29/2016 05:00:00 PM,9,3,6
10/29/2016 04:00:00 PM,5,2,3
10/29/2016 03:00:00 PM,12,4,8
10/29/2016 02:00:00 PM,7,4,3
10/29/2016 01:00:00 PM,6,2,4
10/29/2016 12:00:00 PM,6,2,4
10/29/2016 11:00:00 AM,4,0,4
10/29/2016 10:00:00 AM,9,2,7
10/29/2016 09:00:00 AM,3,2,1
10/29/2016 08:00:00 AM,0,0,0
10/29/2016 07:00:00 AM,2,1,1
10/29/2016 06:00:00 AM,0,0,0
10/29/2016 05:00:00 AM,0,0,0
10/29/2016 04:00:00 AM,0,0,0
10/29/2016 03:00:00 AM,0,0,0
10/29/2016 02:00:00 AM,0,0,0
10/29/2016 01:00:00 AM,0,0,0
10/29/2016 12:00:00 AM,0,0,0
10/28/2016 11:00:00 PM,0,0,0
10/28/2016 10:00:00 PM,0,0,0
10/28/2016 09:00:00 PM,0,0,0
10/28/2016 08:00:00 PM,0,0,0
10/28/2016 07:00:00 PM,0,0,0
10/28/2016 06:00:00 PM,0,0,0
10/28/2016 05:00:00 PM,2,1,1
10/28/2016 04:00:00 PM,21,12,9
10/28/2016 03:00:00 PM,12,5,7
10/28/2016 02:00:00 PM,7,3,4
10/28/2016 01:00:00 PM,11,4,7
10/28/2016 12:00:00 PM,3,0,3
10/28/2016 11:00:00 AM,7,1,6
10/28/2016 10:00:00 AM,9,5,4
10/28/2016 09:00:00 AM,5,1,4
10/28/2016 08:00:00 AM,8,2,6
10/28/2016 07:00:00 AM,5,4,1
10/28/2016 06:00:00 AM,3,3,0
10/28/2016 05:00:00 AM,0,0,0
10/28/2016 04:00:00 AM,0,0,0
10/28/2016 03:00:00 AM,0,0,0
10/28/2016 02:00:00 AM,1,0,1
10/28/2016 01:00:00 AM,0,0,0
10/28/2016 12:00:00 AM,1,1,0
10/27/2016 11:00:00 PM,1,0,1
10/27/2016 10:00:00 PM,2,1,1
10/27/2016 09:00:00 PM,4,1,3
10/27/2016 08:00:00 PM,2,1,1
10/27/2016 07:00:00 PM,7,5,2
10/27/2016 06:00:00 PM,14,6,8
10/27/2016 05:00:00 PM,16,7,9
10/27/2016 04:00:00 PM,10,2,8
10/27/2016 03:00:00 PM,11,4,7
10/27/2016 02:00:00 PM,2,2,0
10/27/2016 01:00:00 PM,10,3,7
10/27/2016 12:00:00 PM,4,3,1
10/27/2016 11:00:00 AM,5,2,3
10/27/2016 10:00:00 AM,5,1,4
10/27/2016 09:00:00 AM,11,5,6
10/27/2016 08:00:00 AM,5,1,4
10/27/2016 07:00:00 AM,5,2,3
10/27/2016 06:00:00 AM,0,0,0
10/27/2016 05:00:00 AM,1,0,1
10/27/2016 04:00:00 AM,0,0,0
10/27/2016 03:00:00 AM,2,0,2
10/27/2016 02:00:00 AM,0,0,0
10/27/2016 01:00:00 AM,0,0,0
10/27/2016 12:00:00 AM,0,0,0
10/26/2016 11:00:00 PM,3,2,1
10/26/2016 10:00:00 PM,2,0,2
10/26/2016 09:00:00 PM,1,0,1
10/26/2016 08:00:00 PM,1,0,1
10/26/2016 07:00:00 PM,13,4,9
10/26/2016 06:00:00 PM,5,2,3
10/26/2016 05:00:00 PM,10,3,7
10/26/2016 04:00:00 PM,8,3,5
10/26/2016 03:00:00 PM,7,4,3
10/26/2016 02:00:00 PM,6,1,5
10/26/2016 01:00:00 PM,4,0,4
10/26/2016 12:00:00 PM,5,3,2
10/26/2016 11:00:00 AM,3,1,2
10/26/2016 10:00:00 AM,4,0,4
10/26/2016 09:00:00 AM,7,1,6
10/26/2016 08:00:00 AM,8,3,5
10/26/2016 07:00:00 AM,6,4,2
10/26/2016 06:00:00 AM,0,0,0
10/26/2016 05:00:00 AM,0,0,0
10/26/2016 04:00:00 AM,0,0,0
10/26/2016 03:00:00 AM,0,0,0
10/26/2016 02:00:00 AM,0,0,0
10/26/2016 01:00:00 AM,0,0,0
10/26/2016 12:00:00 AM,0,0,0
10/25/2016 11:00:00 PM,0,0,0
10/25/2016 10:00:00 PM,0,0,0
10/25/2016 09:00:00 PM,0,0,0
10/25/2016 08:00:00 PM,0,0,0
10/25/2016 07:00:00 PM,0,0,0
10/25/2016 06:00:00 PM,1,1,0
10/25/2016 05:00:00 PM,21,6,15
10/25/2016 04:00:00 PM,8,4,4
10/25/2016 03:00:00 PM,7,2,5
10/25/2016 02:00:00 PM,9,3,6
10/25/2016 01:00:00 PM,8,3,5
10/25/2016 12:00:00 PM,13,7,6
10/25/2016 11:00:00 AM,2,1,1
10/25/2016 10:00:00 AM,7,1,6
10/25/2016 09:00:00 AM,6,1,5
10/25/2016 08:00:00 AM,10,3,7
10/25/2016 07:00:00 AM,11,7,4
10/25/2016 06:00:00 AM,0,0,0
10/25/2016 05:00:00 AM,1,0,1
10/25/2016 04:00:00 AM,0,0,0
10/25/2016 03:00:00 AM,0,0,0
10/25/2016 02:00:00 AM,0,0,0
10/25/2016 01:00:00 AM,0,0,0
10/25/2016 12:00:00 AM,1,1,0
10/24/2016 11:00:00 PM,0,0,0
10/24/2016 10:00:00 PM,2,1,1
10/24/2016 09:00:00 PM,5,2,3
10/24/2016 08:00:00 PM,4,3,1
10/24/2016 07:00:00 PM,6,2,4
10/24/2016 06:00:00 PM,8,1,7
10/24/2016 05:00:00 PM,13,6,7
10/24/2016 04:00:00 PM,10,4,6
10/24/2016 03:00:00 PM,15,6,9
10/24/2016 02:00:00 PM,11,4,7
10/24/2016 01:00:00 PM,12,5,7
10/24/2016 12:00:00 PM,6,0,6
10/24/2016 11:00:00 AM,6,4,2
10/24/2016 10:00:00 AM,7,5,2
10/24/2016 09:00:00 AM,13,4,9
10/24/2016 08:00:00 AM,7,3,4
10/24/2016 07:00:00 AM,9,4,5
10/24/2016 06:00:00 AM,3,0,3
10/24/2016 05:00:00 AM,2,1,1
10/24/2016 04:00:00 AM,0,0,0
10/24/2016 03:00:00 AM,0,0,0
10/24/2016 02:00:00 AM,0,0,0
10/24/2016 01:00:00 AM,0,0,0
10/24/2016 12:00:00 AM,0,0,0
10/23/2016 11:00:00 PM,0,0,0
10/23/2016 10:00:00 PM,2,1,1
10/23/2016 09:00:00 PM,4,3,1
10/23/2016 08:00:00 PM,0,0,0
10/23/2016 07:00:00 PM,2,1,1
10/23/2016 06:00:00 PM,4,3,1
10/23/2016 05:00:00 PM,4,3,1
10/23/2016 04:00:00 PM,8,5,3
10/23/2016 03:00:00 PM,13,6,7
10/23/2016 02:00:00 PM,18,11,7
10/23/2016 01:00:00 PM,17,9,8
10/23/2016 12:00:00 PM,15,3,12
10/23/2016 11:00:00 AM,9,1,8
10/23/2016 10:00:00 AM,6,2,4
10/23/2016 09:00:00 AM,7,5,2
10/23/2016 08:00:00 AM,3,2,1
10/23/2016 07:00:00 AM,0,0,0
10/23/2016 06:00:00 AM,2,0,2
10/23/2016 05:00:00 AM,0,0,0
10/23/2016 04:00:00 AM,0,0,0
10/23/2016 03:00:00 AM,0,0,0
10/23/2016 02:00:00 AM,0,0,0
10/23/2016 01:00:00 AM,0,0,0
10/23/2016 12:00:00 AM,3,3,0
10/22/2016 11:00:00 PM,2,0,2
10/22/2016 10:00:00 PM,1,0,1
10/22/2016 09:00:00 PM,3,0,3
10/22/2016 08:00:00 PM,2,0,2
10/22/2016 07:00:00 PM,4,2,2
10/22/2016 06:00:00 PM,6,4,2
10/22/2016 05:00:00 PM,8,3,5
10/22/2016 04:00:00 PM,17,8,9
10/22/2016 03:00:00 PM,16,7,9
10/22/2016 02:00:00 PM,10,7,3
10/22/2016 01:00:00 PM,11,5,6
10/22/2016 12:00:00 PM,7,2,5
10/22/2016 11:00:00 AM,9,5,4
10/22/2016 10:00:00 AM,15,6,9
10/22/2016 09:00:00 AM,7,2,5
10/22/2016 08:00:00 AM,3,1,2
10/22/2016 07:00:00 AM,1,0,1
10/22/2016 06:00:00 AM,1,0,1
10/22/2016 05:00:00 AM,0,0,0
10/22/2016 04:00:00 AM,0,0,0
10/22/2016 03:00:00 AM,0,0,0
10/22/2016 02:00:00 AM,1,1,0
10/22/2016 01:00:00 AM,0,0,0
10/22/2016 12:00:00 AM,0,0,0
10/21/2016 11:00:00 PM,1,1,0
10/21/2016 10:00:00 PM,0,0,0
10/21/2016 09:00:00 PM,6,4,2
10/21/2016 08:00:00 PM,3,2,1
10/21/2016 07:00:00 PM,9,5,4
10/21/2016 06:00:00 PM,10,4,6
10/21/2016 05:00:00 PM,9,7,2
10/21/2016 04:00:00 PM,11,7,4
10/21/2016 03:00:00 PM,15,7,8
10/21/2016 02:00:00 PM,14,7,7
10/21/2016 01:00:00 PM,11,5,6
10/21/2016 12:00:00 PM,8,2,6
10/21/2016 11:00:00 AM,12,4,8
10/21/2016 10:00:00 AM,4,2,2
10/21/2016 09:00:00 AM,10,1,9
10/21/2016 08:00:00 AM,10,2,8
10/21/2016 07:00:00 AM,2,1,1
10/21/2016 06:00:00 AM,2,2,0
10/21/2016 05:00:00 AM,0,0,0
10/21/2016 04:00:00 AM,0,0,0
10/21/2016 03:00:00 AM,0,0,0
10/21/2016 02:00:00 AM,0,0,0
10/21/2016 01:00:00 AM,0,0,0
10/21/2016 12:00:00 AM,1,0,1
10/20/2016 11:00:00 PM,1,1,0
10/20/2016 10:00:00 PM,1,1,0
10/20/2016 09:00:00 PM,4,2,2
10/20/2016 08:00:00 PM,7,3,4
10/20/2016 07:00:00 PM,6,3,3
10/20/2016 06:00:00 PM,9,5,4
10/20/2016 05:00:00 PM,16,7,9
10/20/2016 04:00:00 PM,7,3,4
10/20/2016 03:00:00 PM,4,2,2
10/20/2016 02:00:00 PM,8,3,5
10/20/2016 01:00:00 PM,10,2,8
10/20/2016 12:00:00 PM,5,1,4
10/20/2016 11:00:00 AM,7,1,6
10/20/2016 10:00:00 AM,4,0,4
10/20/2016 09:00:00 AM,7,3,4
10/20/2016 08:00:00 AM,8,4,4
10/20/2016 07:00:00 AM,6,4,2
10/20/2016 06:00:00 AM,1,0,1
10/20/2016 05:00:00 AM,2,0,2
10/20/2016 04:00:00 AM,0,0,0
10/20/2016 03:00:00 AM,0,0,0
10/20/2016 02:00:00 AM,0,0,0
10/20/2016 01:00:00 AM,1,0,1
10/20/2016 12:00:00 AM,0,0,0
10/19/2016 11:00:00 PM,0,0,0
10/19/2016 10:00:00 PM,3,3,0
10/19/2016 09:00:00 PM,6,3,3
10/19/2016 08:00:00 PM,6,3,3
10/19/2016 07:00:00 PM,7,1,6
10/19/2016 06:00:00 PM,8,3,5
10/19/2016 05:00:00 PM,17,6,11
10/19/2016 04:00:00 PM,9,6,3
10/19/2016 03:00:00 PM,9,4,5
10/19/2016 02:00:00 PM,8,5,3
10/19/2016 01:00:00 PM,9,2,7
10/19/2016 12:00:00 PM,11,2,9
10/19/2016 11:00:00 AM,7,3,4
10/19/2016 10:00:00 AM,11,4,7
10/19/2016 09:00:00 AM,7,1,6
10/19/2016 08:00:00 AM,9,2,7
10/19/2016 07:00:00 AM,8,6,2
10/19/2016 06:00:00 AM,3,1,2
10/19/2016 05:00:00 AM,1,0,1
10/19/2016 04:00:00 AM,0,0,0
10/19/2016 03:00:00 AM,0,0,0
10/19/2016 02:00:00 AM,1,0,1
10/19/2016 01:00:00 AM,0,0,0
10/19/2016 12:00:00 AM,0,0,0
10/18/2016 11:00:00 PM,0,0,0
10/18/2016 10:00:00 PM,0,0,0
10/18/2016 09:00:00 PM,3,1,2
10/18/2016 08:00:00 PM,7,4,3
10/18/2016 07:00:00 PM,5,4,1
10/18/2016 06:00:00 PM,15,9,6
10/18/2016 05:00:00 PM,21,10,11
10/18/2016 04:00:00 PM,12,6,6
10/18/2016 03:00:00 PM,6,0,6
10/18/2016 02:00:00 PM,12,4,8
10/18/2016 01:00:00 PM,13,7,6
10/18/2016 12:00:00 PM,2,1,1
10/18/2016 11:00:00 AM,7,2,5
10/18/2016 10:00:00 AM,9,2,7
10/18/2016 09:00:00 AM,9,6,3
10/18/2016 08:00:00 AM,7,3,4
10/18/2016 07:00:00 AM,7,2,5
10/18/2016 06:00:00 AM,0,0,0
10/18/2016 05:00:00 AM,1,0,1
10/18/2016 04:00:00 AM,0,0,0
10/18/2016 03:00:00 AM,0,0,0
10/18/2016 02:00:00 AM,0,0,0
10/18/2016 01:00:00 AM,0,0,0
10/18/2016 12:00:00 AM,0,0,0
10/17/2016 11:00:00 PM,1,0,1
10/17/2016 10:00:00 PM,1,1,0
10/17/2016 09:00:00 PM,1,1,0
10/17/2016 08:00:00 PM,8,4,4
10/17/2016 07:00:00 PM,10,3,7
10/17/2016 06:00:00 PM,13,6,7
10/17/2016 05:00:00 PM,13,6,7
10/17/2016 04:00:00 PM,7,2,5
10/17/2016 03:00:00 PM,9,3,6
10/17/2016 02:00:00 PM,11,3,8
10/17/2016 01:00:00 PM,4,1,3
10/17/2016 12:00:00 PM,5,1,4
10/17/2016 11:00:00 AM,8,0,8
10/17/2016 10:00:00 AM,11,5,6
10/17/2016 09:00:00 AM,8,2,6
10/17/2016 08:00:00 AM,9,3,6
10/17/2016 07:00:00 AM,8,2,6
10/17/2016 06:00:00 AM,4,3,1
10/17/2016 05:00:00 AM,1,0,1
10/17/2016 04:00:00 AM,0,0,0
10/17/2016 03:00:00 AM,0,0,0
10/17/2016 02:00:00 AM,0,0,0
10/17/2016 01:00:00 AM,0,0,0
10/17/2016 12:00:00 AM,0,0,0
10/16/2016 11:00:00 PM,0,0,0
10/16/2016 10:00:00 PM,4,1,3
10/16/2016 09:00:00 PM,1,0,1
10/16/2016 08:00:00 PM,2,0,2
10/16/2016 07:00:00 PM,3,1,2
10/16/2016 06:00:00 PM,1,1,0
10/16/2016 05:00:00 PM,8,7,1
10/16/2016 04:00:00 PM,4,0,4
10/16/2016 03:00:00 PM,9,5,4
10/16/2016 02:00:00 PM,8,4,4
10/16/2016 01:00:00 PM,9,1,8
10/16/2016 12:00:00 PM,8,1,7
10/16/2016 11:00:00 AM,9,4,5
10/16/2016 10:00:00 AM,5,3,2
10/16/2016 09:00:00 AM,5,1,4
10/16/2016 08:00:00 AM,2,1,1
10/16/2016 07:00:00 AM,1,0,1
10/16/2016 06:00:00 AM,1,0,1
10/16/2016 05:00:00 AM,0,0,0
10/16/2016 04:00:00 AM,0,0,0
10/16/2016 03:00:00 AM,0,0,0
10/16/2016 02:00:00 AM,1,0,1
10/16/2016 01:00:00 AM,0,0,0
10/16/2016 12:00:00 AM,0,0,0
10/15/2016 11:00:00 PM,0,0,0
10/15/2016 10:00:00 PM,1,1,0
10/15/2016 09:00:00 PM,0,0,0
10/15/2016 08:00:00 PM,3,2,1
10/15/2016 07:00:00 PM,2,1,1
10/15/2016 06:00:00 PM,2,2,0
10/15/2016 05:00:00 PM,4,0,4
10/15/2016 04:00:00 PM,2,1,1
10/15/2016 03:00:00 PM,13,4,9
10/15/2016 02:00:00 PM,7,1,6
10/15/2016 01:00:00 PM,3,1,2
10/15/2016 12:00:00 PM,7,2,5
10/15/2016 11:00:00 AM,9,3,6
10/15/2016 10:00:00 AM,6,0,6
10/15/2016 09:00:00 AM,8,2,6
10/15/2016 08:00:00 AM,2,2,0
10/15/2016 07:00:00 AM,2,0,2
10/15/2016 06:00:00 AM,1,0,1
10/15/2016 05:00:00 AM,0,0,0
10/15/2016 04:00:00 AM,0,0,0
10/15/2016 03:00:00 AM,0,0,0
10/15/2016 02:00:00 AM,1,0,1
10/15/2016 01:00:00 AM,0,0,0
10/15/2016 12:00:00 AM,2,1,1
10/14/2016 11:00:00 PM,5,3,2
10/14/2016 10:00:00 PM,2,1,1
10/14/2016 09:00:00 PM,4,1,3
10/14/2016 08:00:00 PM,3,1,2
10/14/2016 07:00:00 PM,4,1,3
10/14/2016 06:00:00 PM,7,3,4
10/14/2016 05:00:00 PM,11,0,11
10/14/2016 04:00:00 PM,6,1,5
10/14/2016 03:00:00 PM,4,2,2
10/14/2016 02:00:00 PM,6,4,2
10/14/2016 01:00:00 PM,5,3,2
10/14/2016 12:00:00 PM,7,1,6
10/14/2016 11:00:00 AM,8,3,5
10/14/2016 10:00:00 AM,1,0,1
10/14/2016 09:00:00 AM,3,1,2
10/14/2016 08:00:00 AM,7,4,3
10/14/2016 07:00:00 AM,2,1,1
10/14/2016 06:00:00 AM,0,0,0
10/14/2016 05:00:00 AM,1,0,1
10/14/2016 04:00:00 AM,0,0,0
10/14/2016 03:00:00 AM,0,0,0
10/14/2016 02:00:00 AM,0,0,0
10/14/2016 01:00:00 AM,0,0,0
10/14/2016 12:00:00 AM,0,0,0
10/13/2016 11:00:00 PM,1,1,0
10/13/2016 10:00:00 PM,1,0,1
10/13/2016 09:00:00 PM,0,0,0
10/13/2016 08:00:00 PM,4,1,3
10/13/2016 07:00:00 PM,3,0,3
10/13/2016 06:00:00 PM,14,7,7
10/13/2016 05:00:00 PM,8,4,4
10/13/2016 04:00:00 PM,4,2,2
10/13/2016 03:00:00 PM,10,3,7
10/13/2016 02:00:00 PM,8,3,5
10/13/2016 01:00:00 PM,8,1,7
10/13/2016 12:00:00 PM,3,0,3
10/13/2016 11:00:00 AM,5,0,5
10/13/2016 10:00:00 AM,1,0,1
10/13/2016 09:00:00 AM,2,1,1
10/13/2016 08:00:00 AM,4,2,2
10/13/2016 07:00:00 AM,7,3,4
10/13/2016 06:00:00 AM,1,1,0
10/13/2016 05:00:00 AM,2,1,1
10/13/2016 04:00:00 AM,0,0,0
10/13/2016 03:00:00 AM,0,0,0
10/13/2016 02:00:00 AM,0,0,0
10/13/2016 01:00:00 AM,0,0,0
10/13/2016 12:00:00 AM,0,0,0
10/12/2016 11:00:00 PM,0,0,0
10/12/2016 10:00:00 PM,2,0,2
10/12/2016 09:00:00 PM,3,2,1
10/12/2016 08:00:00 PM,7,2,5
10/12/2016 07:00:00 PM,7,4,3
10/12/2016 06:00:00 PM,16,9,7
10/12/2016 05:00:00 PM,11,5,6
10/12/2016 04:00:00 PM,20,12,8
10/12/2016 03:00:00 PM,10,5,5
10/12/2016 02:00:00 PM,8,2,6
10/12/2016 01:00:00 PM,10,4,6
10/12/2016 12:00:00 PM,13,5,8
10/12/2016 11:00:00 AM,4,1,3
10/12/2016 10:00:00 AM,10,5,5
10/12/2016 09:00:00 AM,15,7,8
10/12/2016 08:00:00 AM,11,4,7
10/12/2016 07:00:00 AM,6,5,1
10/12/2016 06:00:00 AM,5,2,3
10/12/2016 05:00:00 AM,2,2,0
10/12/2016 04:00:00 AM,0,0,0
10/12/2016 03:00:00 AM,0,0,0
10/12/2016 02:00:00 AM,0,0,0
10/12/2016 01:00:00 AM,0,0,0
10/12/2016 12:00:00 AM,0,0,0
10/11/2016 11:00:00 PM,1,0,1
10/11/2016 10:00:00 PM,2,1,1
10/11/2016 09:00:00 PM,3,3,0
10/11/2016 08:00:00 PM,5,0,5
10/11/2016 07:00:00 PM,12,5,7
10/11/2016 06:00:00 PM,18,7,11
10/11/2016 05:00:00 PM,22,12,10
10/11/2016 04:00:00 PM,11,3,8
10/11/2016 03:00:00 PM,7,5,2
10/11/2016 02:00:00 PM,15,8,7
10/11/2016 01:00:00 PM,11,4,7
10/11/2016 12:00:00 PM,14,4,10
10/11/2016 11:00:00 AM,11,9,2
10/11/2016 10:00:00 AM,8,2,6
10/11/2016 09:00:00 AM,12,5,7
10/11/2016 08:00:00 AM,13,7,6
10/11/2016 07:00:00 AM,9,5,4
10/11/2016 06:00:00 AM,2,2,0
10/11/2016 05:00:00 AM,2,0,2
10/11/2016 04:00:00 AM,0,0,0
10/11/2016 03:00:00 AM,0,0,0
10/11/2016 02:00:00 AM,0,0,0
10/11/2016 01:00:00 AM,0,0,0
10/11/2016 12:00:00 AM,0,0,0
10/10/2016 11:00:00 PM,0,0,0
10/10/2016 10:00:00 PM,0,0,0
10/10/2016 09:00:00 PM,6,3,3
10/10/2016 08:00:00 PM,6,3,3
10/10/2016 07:00:00 PM,9,5,4
10/10/2016 06:00:00 PM,7,5,2
10/10/2016 05:00:00 PM,16,8,8
10/10/2016 04:00:00 PM,15,6,9
10/10/2016 03:00:00 PM,8,2,6
10/10/2016 02:00:00 PM,9,6,3
10/10/2016 01:00:00 PM,13,6,7
10/10/2016 12:00:00 PM,7,5,2
10/10/2016 11:00:00 AM,7,3,4
10/10/2016 10:00:00 AM,9,3,6
10/10/2016 09:00:00 AM,9,6,3
10/10/2016 08:00:00 AM,12,4,8
10/10/2016 07:00:00 AM,5,2,3
10/10/2016 06:00:00 AM,2,1,1
10/10/2016 05:00:00 AM,3,0,3
10/10/2016 04:00:00 AM,1,1,0
10/10/2016 03:00:00 AM,0,0,0
10/10/2016 02:00:00 AM,1,0,1
10/10/2016 01:00:00 AM,1,0,1
10/10/2016 12:00:00 AM,1,0,1
10/09/2016 11:00:00 PM,1,1,0
10/09/2016 10:00:00 PM,1,1,0
10/09/2016 09:00:00 PM,1,1,0
10/09/2016 08:00:00 PM,3,0,3
10/09/2016 07:00:00 PM,4,4,0
10/09/2016 06:00:00 PM,6,1,5
10/09/2016 05:00:00 PM,12,4,8
10/09/2016 04:00:00 PM,10,5,5
10/09/2016 03:00:00 PM,10,6,4
10/09/2016 02:00:00 PM,12,8,4
10/09/2016 01:00:00 PM,16,6,10
10/09/2016 12:00:00 PM,16,8,8
10/09/2016 11:00:00 AM,4,1,3
10/09/2016 10:00:00 AM,13,3,10
10/09/2016 09:00:00 AM,4,2,2
10/09/2016 08:00:00 AM,2,1,1
10/09/2016 07:00:00 AM,1,1,0
10/09/2016 06:00:00 AM,0,0,0
10/09/2016 05:00:00 AM,0,0,0
10/09/2016 04:00:00 AM,0,0,0
10/09/2016 03:00:00 AM,1,0,1
10/09/2016 02:00:00 AM,0,0,0
10/09/2016 01:00:00 AM,1,0,1
10/09/2016 12:00:00 AM,1,0,1
10/08/2016 11:00:00 PM,0,0,0
10/08/2016 10:00:00 PM,1,1,0
10/08/2016 09:00:00 PM,3,1,2
10/08/2016 08:00:00 PM,3,2,1
10/08/2016 07:00:00 PM,5,3,2
10/08/2016 06:00:00 PM,6,0,6
10/08/2016 05:00:00 PM,2,1,1
10/08/2016 04:00:00 PM,8,3,5
10/08/2016 03:00:00 PM,7,2,5
10/08/2016 02:00:00 PM,4,1,3
10/08/2016 01:00:00 PM,13,6,7
10/08/2016 12:00:00 PM,6,1,5
10/08/2016 11:00:00 AM,16,5,11
10/08/2016 10:00:00 AM,4,1,3
10/08/2016 09:00:00 AM,8,1,7
10/08/2016 08:00:00 AM,3,2,1
10/08/2016 07:00:00 AM,2,0,2
10/08/2016 06:00:00 AM,0,0,0
10/08/2016 05:00:00 AM,0,0,0
10/08/2016 04:00:00 AM,0,0,0
10/08/2016 03:00:00 AM,0,0,0
10/08/2016 02:00:00 AM,0,0,0
10/08/2016 01:00:00 AM,0,0,0
10/08/2016 12:00:00 AM,1,0,1
10/07/2016 11:00:00 PM,3,3,0
10/07/2016 10:00:00 PM,1,0,1
10/07/2016 09:00:00 PM,10,3,7
10/07/2016 08:00:00 PM,2,1,1
10/07/2016 07:00:00 PM,2,1,1
10/07/2016 06:00:00 PM,18,8,10
10/07/2016 05:00:00 PM,12,5,7
10/07/2016 04:00:00 PM,12,4,8
10/07/2016 03:00:00 PM,11,5,6
10/07/2016 02:00:00 PM,6,2,4
10/07/2016 01:00:00 PM,11,6,5
10/07/2016 12:00:00 PM,10,2,8
10/07/2016 11:00:00 AM,8,2,6
10/07/2016 10:00:00 AM,7,2,5
10/07/2016 09:00:00 AM,7,1,6
10/07/2016 08:00:00 AM,9,3,6
10/07/2016 07:00:00 AM,3,3,0
10/07/2016 06:00:00 AM,2,1,1
10/07/2016 05:00:00 AM,1,0,1
10/07/2016 04:00:00 AM,0,0,0
10/07/2016 03:00:00 AM,0,0,0
10/07/2016 02:00:00 AM,0,0,0
10/07/2016 01:00:00 AM,1,0,1
10/07/2016 12:00:00 AM,3,2,1
10/06/2016 11:00:00 PM,1,0,1
10/06/2016 10:00:00 PM,2,0,2
10/06/2016 09:00:00 PM,5,3,2
10/06/2016 08:00:00 PM,4,1,3
10/06/2016 07:00:00 PM,4,2,2
10/06/2016 06:00:00 PM,8,0,8
10/06/2016 05:00:00 PM,24,8,16
10/06/2016 04:00:00 PM,8,5,3
10/06/2016 03:00:00 PM,15,4,11
10/06/2016 02:00:00 PM,17,8,9
10/06/2016 01:00:00 PM,9,4,5
10/06/2016 12:00:00 PM,13,3,10
10/06/2016 11:00:00 AM,9,3,6
10/06/2016 10:00:00 AM,15,3,12
10/06/2016 09:00:00 AM,18,7,11
10/06/2016 08:00:00 AM,12,2,10
10/06/2016 07:00:00 AM,8,4,4
10/06/2016 06:00:00 AM,4,1,3
10/06/2016 05:00:00 AM,1,0,1
10/06/2016 04:00:00 AM,0,0,0
10/06/2016 03:00:00 AM,0,0,0
10/06/2016 02:00:00 AM,0,0,0
10/06/2016 01:00:00 AM,0,0,0
10/06/2016 12:00:00 AM,0,0,0
10/05/2016 11:00:00 PM,0,0,0
10/05/2016 10:00:00 PM,1,1,0
10/05/2016 09:00:00 PM,2,2,0
10/05/2016 08:00:00 PM,4,1,3
10/05/2016 07:00:00 PM,14,4,10
10/05/2016 06:00:00 PM,21,6,15
10/05/2016 05:00:00 PM,12,7,5
10/05/2016 04:00:00 PM,8,4,4
10/05/2016 03:00:00 PM,14,4,10
10/05/2016 02:00:00 PM,5,3,2
10/05/2016 01:00:00 PM,10,5,5
10/05/2016 12:00:00 PM,10,2,8
10/05/2016 11:00:00 AM,13,2,11
10/05/2016 10:00:00 AM,9,3,6
10/05/2016 09:00:00 AM,8,3,5
10/05/2016 08:00:00 AM,18,5,13
10/05/2016 07:00:00 AM,9,5,4
10/05/2016 06:00:00 AM,4,2,2
10/05/2016 05:00:00 AM,1,0,1
10/05/2016 04:00:00 AM,2,1,1
10/05/2016 03:00:00 AM,2,1,1
10/05/2016 02:00:00 AM,0,0,0
10/05/2016 01:00:00 AM,0,0,0
10/05/2016 12:00:00 AM,0,0,0
10/04/2016 11:00:00 PM,2,0,2
10/04/2016 10:00:00 PM,2,0,2
10/04/2016 09:00:00 PM,5,3,2
10/04/2016 08:00:00 PM,6,3,3
10/04/2016 07:00:00 PM,4,3,1
10/04/2016 06:00:00 PM,16,8,8
10/04/2016 05:00:00 PM,15,2,13
10/04/2016 04:00:00 PM,6,1,5
10/04/2016 03:00:00 PM,8,3,5
10/04/2016 02:00:00 PM,1,1,0
10/04/2016 01:00:00 PM,4,2,2
10/04/2016 12:00:00 PM,11,5,6
10/04/2016 11:00:00 AM,14,6,8
10/04/2016 10:00:00 AM,11,2,9
10/04/2016 09:00:00 AM,10,2,8
10/04/2016 08:00:00 AM,18,10,8
10/04/2016 07:00:00 AM,6,4,2
10/04/2016 06:00:00 AM,1,0,1
10/04/2016 05:00:00 AM,1,0,1
10/04/2016 04:00:00 AM,0,0,0
10/04/2016 03:00:00 AM,0,0,0
10/04/2016 02:00:00 AM,0,0,0
10/04/2016 01:00:00 AM,0,0,0
10/04/2016 12:00:00 AM,1,0,1
10/03/2016 11:00:00 PM,2,1,1
10/03/2016 10:00:00 PM,2,0,2
10/03/2016 09:00:00 PM,0,0,0
10/03/2016 08:00:00 PM,2,1,1
10/03/2016 07:00:00 PM,6,2,4
10/03/2016 06:00:00 PM,17,9,8
10/03/2016 05:00:00 PM,19,5,14
10/03/2016 04:00:00 PM,17,12,5
10/03/2016 03:00:00 PM,11,3,8
10/03/2016 02:00:00 PM,10,3,7
10/03/2016 01:00:00 PM,14,6,8
10/03/2016 12:00:00 PM,12,3,9
10/03/2016 11:00:00 AM,9,5,4
10/03/2016 10:00:00 AM,6,2,4
10/03/2016 09:00:00 AM,11,5,6
10/03/2016 08:00:00 AM,12,6,6
10/03/2016 07:00:00 AM,12,6,6
10/03/2016 06:00:00 AM,4,2,2
10/03/2016 05:00:00 AM,1,0,1
10/03/2016 04:00:00 AM,0,0,0
10/03/2016 03:00:00 AM,0,0,0
10/03/2016 02:00:00 AM,1,0,1
10/03/2016 01:00:00 AM,0,0,0
10/03/2016 12:00:00 AM,0,0,0
10/02/2016 11:00:00 PM,0,0,0
10/02/2016 10:00:00 PM,2,0,2
10/02/2016 09:00:00 PM,4,2,2
10/02/2016 08:00:00 PM,3,3,0
10/02/2016 07:00:00 PM,9,6,3
10/02/2016 06:00:00 PM,7,5,2
10/02/2016 05:00:00 PM,8,4,4
10/02/2016 04:00:00 PM,13,7,6
10/02/2016 03:00:00 PM,15,7,8
10/02/2016 02:00:00 PM,12,5,7
10/02/2016 01:00:00 PM,21,11,10
10/02/2016 12:00:00 PM,11,9,2
10/02/2016 11:00:00 AM,13,7,6
10/02/2016 10:00:00 AM,5,2,3
10/02/2016 09:00:00 AM,8,5,3
10/02/2016 08:00:00 AM,3,2,1
10/02/2016 07:00:00 AM,1,0,1
10/02/2016 06:00:00 AM,1,0,1
10/02/2016 05:00:00 AM,0,0,0
10/02/2016 04:00:00 AM,1,0,1
10/02/2016 03:00:00 AM,0,0,0
10/02/2016 02:00:00 AM,0,0,0
10/02/2016 01:00:00 AM,2,1,1
10/02/2016 12:00:00 AM,1,1,0
10/01/2016 11:00:00 PM,0,0,0
10/01/2016 10:00:00 PM,5,2,3
10/01/2016 09:00:00 PM,2,1,1
10/01/2016 08:00:00 PM,5,2,3
10/01/2016 07:00:00 PM,3,0,3
10/01/2016 06:00:00 PM,2,2,0
10/01/2016 05:00:00 PM,14,6,8
10/01/2016 04:00:00 PM,10,4,6
10/01/2016 03:00:00 PM,15,5,10
10/01/2016 02:00:00 PM,5,2,3
10/01/2016 01:00:00 PM,6,1,5
10/01/2016 12:00:00 PM,15,4,11
10/01/2016 11:00:00 AM,21,6,15
10/01/2016 10:00:00 AM,12,7,5
10/01/2016 09:00:00 AM,8,4,4
10/01/2016 08:00:00 AM,4,1,3
10/01/2016 07:00:00 AM,1,0,1
10/01/2016 06:00:00 AM,1,0,1
10/01/2016 05:00:00 AM,0,0,0
10/01/2016 04:00:00 AM,1,1,0
10/01/2016 03:00:00 AM,0,0,0
10/01/2016 02:00:00 AM,0,0,0
10/01/2016 01:00:00 AM,1,1,0
10/01/2016 12:00:00 AM,3,1,2
09/30/2016 11:00:00 PM,3,2,1
09/30/2016 10:00:00 PM,3,0,3
09/30/2016 09:00:00 PM,8,1,7
09/30/2016 08:00:00 PM,7,2,5
09/30/2016 07:00:00 PM,7,2,5
09/30/2016 06:00:00 PM,17,8,9
09/30/2016 05:00:00 PM,16,8,8
09/30/2016 04:00:00 PM,11,5,6
09/30/2016 03:00:00 PM,8,2,6
09/30/2016 02:00:00 PM,9,5,4
09/30/2016 01:00:00 PM,15,9,6
09/30/2016 12:00:00 PM,14,4,10
09/30/2016 11:00:00 AM,13,0,13
09/30/2016 10:00:00 AM,5,1,4
09/30/2016 09:00:00 AM,11,5,6
09/30/2016 08:00:00 AM,15,5,10
09/30/2016 07:00:00 AM,6,5,1
09/30/2016 06:00:00 AM,5,4,1
09/30/2016 05:00:00 AM,1,1,0
09/30/2016 04:00:00 AM,0,0,0
09/30/2016 03:00:00 AM,1,1,0
09/30/2016 02:00:00 AM,0,0,0
09/30/2016 01:00:00 AM,0,0,0
09/30/2016 12:00:00 AM,0,0,0
09/29/2016 11:00:00 PM,2,1,1
09/29/2016 10:00:00 PM,2,1,1
09/29/2016 09:00:00 PM,2,1,1
09/29/2016 08:00:00 PM,2,2,0
09/29/2016 07:00:00 PM,11,3,8
09/29/2016 06:00:00 PM,13,7,6
09/29/2016 05:00:00 PM,7,6,1
09/29/2016 04:00:00 PM,9,4,5
09/29/2016 03:00:00 PM,8,3,5
09/29/2016 02:00:00 PM,12,7,5
09/29/2016 01:00:00 PM,10,3,7
09/29/2016 12:00:00 PM,3,1,2
09/29/2016 11:00:00 AM,19,12,7
09/29/2016 10:00:00 AM,5,2,3
09/29/2016 09:00:00 AM,16,8,8
09/29/2016 08:00:00 AM,16,7,9
09/29/2016 07:00:00 AM,3,3,0
09/29/2016 06:00:00 AM,3,2,1
09/29/2016 05:00:00 AM,1,0,1
09/29/2016 04:00:00 AM,0,0,0
09/29/2016 03:00:00 AM,0,0,0
09/29/2016 02:00:00 AM,1,0,1
09/29/2016 01:00:00 AM,0,0,0
09/29/2016 12:00:00 AM,0,0,0
09/28/2016 11:00:00 PM,1,1,0
09/28/2016 10:00:00 PM,0,0,0
09/28/2016 09:00:00 PM,5,2,3
09/28/2016 08:00:00 PM,11,7,4
09/28/2016 07:00:00 PM,8,3,5
09/28/2016 06:00:00 PM,20,8,12
09/28/2016 05:00:00 PM,22,16,6
09/28/2016 04:00:00 PM,13,7,6
09/28/2016 03:00:00 PM,8,4,4
09/28/2016 02:00:00 PM,11,2,9
09/28/2016 01:00:00 PM,11,6,5
09/28/2016 12:00:00 PM,5,1,4
09/28/2016 11:00:00 AM,6,2,4
09/28/2016 10:00:00 AM,8,1,7
09/28/2016 09:00:00 AM,10,5,5
09/28/2016 08:00:00 AM,10,4,6
09/28/2016 07:00:00 AM,5,3,2
09/28/2016 06:00:00 AM,2,1,1
09/28/2016 05:00:00 AM,1,0,1
09/28/2016 04:00:00 AM,0,0,0
09/28/2016 03:00:00 AM,0,0,0
09/28/2016 02:00:00 AM,0,0,0
09/28/2016 01:00:00 AM,1,1,0
09/28/2016 12:00:00 AM,0,0,0
09/27/2016 11:00:00 PM,0,0,0
09/27/2016 10:00:00 PM,3,2,1
09/27/2016 09:00:00 PM,5,3,2
09/27/2016 08:00:00 PM,8,2,6
09/27/2016 07:00:00 PM,6,5,1
09/27/2016 06:00:00 PM,13,7,6
09/27/2016 05:00:00 PM,24,12,12
09/27/2016 04:00:00 PM,15,6,9
09/27/2016 03:00:00 PM,11,6,5
09/27/2016 02:00:00 PM,6,4,2
09/27/2016 01:00:00 PM,12,3,9
09/27/2016 12:00:00 PM,8,3,5
09/27/2016 11:00:00 AM,7,5,2
09/27/2016 10:00:00 AM,12,2,10
09/27/2016 09:00:00 AM,7,2,5
09/27/2016 08:00:00 AM,11,5,6
09/27/2016 07:00:00 AM,5,3,2
09/27/2016 06:00:00 AM,2,2,0
09/27/2016 05:00:00 AM,4,1,3
09/27/2016 04:00:00 AM,0,0,0
09/27/2016 03:00:00 AM,0,0,0
09/27/2016 02:00:00 AM,0,0,0
09/27/2016 01:00:00 AM,0,0,0
09/27/2016 12:00:00 AM,2,1,1
09/26/2016 11:00:00 PM,1,0,1
09/26/2016 10:00:00 PM,2,1,1
09/26/2016 09:00:00 PM,4,0,4
09/26/2016 08:00:00 PM,11,5,6
09/26/2016 07:00:00 PM,4,4,0
09/26/2016 06:00:00 PM,22,9,13
09/26/2016 05:00:00 PM,24,16,8
09/26/2016 04:00:00 PM,12,7,5
09/26/2016 03:00:00 PM,18,8,10
09/26/2016 02:00:00 PM,14,9,5
09/26/2016 01:00:00 PM,16,6,10
09/26/2016 12:00:00 PM,8,0,8
09/26/2016 11:00:00 AM,10,4,6
09/26/2016 10:00:00 AM,12,6,6
09/26/2016 09:00:00 AM,13,4,9
09/26/2016 08:00:00 AM,13,5,8
09/26/2016 07:00:00 AM,6,3,3
09/26/2016 06:00:00 AM,5,2,3
09/26/2016 05:00:00 AM,1,0,1
09/26/2016 04:00:00 AM,0,0,0
09/26/2016 03:00:00 AM,0,0,0
09/26/2016 02:00:00 AM,0,0,0
09/26/2016 01:00:00 AM,0,0,0
09/26/2016 12:00:00 AM,0,0,0
09/25/2016 11:00:00 PM,2,1,1
09/25/2016 10:00:00 PM,3,2,1
09/25/2016 09:00:00 PM,1,1,0
09/25/2016 08:00:00 PM,6,4,2
09/25/2016 07:00:00 PM,10,2,8
09/25/2016 06:00:00 PM,10,8,2
09/25/2016 05:00:00 PM,9,3,6
09/25/2016 04:00:00 PM,16,6,10
09/25/2016 03:00:00 PM,14,7,7
09/25/2016 02:00:00 PM,13,4,9
09/25/2016 01:00:00 PM,22,9,13
09/25/2016 12:00:00 PM,10,4,6
09/25/2016 11:00:00 AM,17,8,9
09/25/2016 10:00:00 AM,7,2,5
09/25/2016 09:00:00 AM,10,6,4
09/25/2016 08:00:00 AM,2,0,2
09/25/2016 07:00:00 AM,3,1,2
09/25/2016 06:00:00 AM,1,1,0
09/25/2016 05:00:00 AM,0,0,0
09/25/2016 04:00:00 AM,0,0,0
09/25/2016 03:00:00 AM,1,0,1
09/25/2016 02:00:00 AM,0,0,0
09/25/2016 01:00:00 AM,0,0,0
09/25/2016 12:00:00 AM,0,0,0
09/24/2016 11:00:00 PM,1,0,1
09/24/2016 10:00:00 PM,3,1,2
09/24/2016 09:00:00 PM,6,3,3
09/24/2016 08:00:00 PM,3,1,2
09/24/2016 07:00:00 PM,9,6,3
09/24/2016 06:00:00 PM,17,5,12
09/24/2016 05:00:00 PM,10,7,3
09/24/2016 04:00:00 PM,22,9,13
09/24/2016 03:00:00 PM,9,3,6
09/24/2016 02:00:00 PM,14,5,9
09/24/2016 01:00:00 PM,11,3,8
09/24/2016 12:00:00 PM,16,12,4
09/24/2016 11:00:00 AM,10,5,5
09/24/2016 10:00:00 AM,9,1,8
09/24/2016 09:00:00 AM,6,4,2
09/24/2016 08:00:00 AM,6,2,4
09/24/2016 07:00:00 AM,1,0,1
09/24/2016 06:00:00 AM,1,1,0
09/24/2016 05:00:00 AM,1,0,1
09/24/2016 04:00:00 AM,0,0,0
09/24/2016 03:00:00 AM,1,0,1
09/24/2016 02:00:00 AM,1,1,0
09/24/2016 01:00:00 AM,2,1,1
09/24/2016 12:00:00 AM,2,1,1
09/23/2016 11:00:00 PM,0,0,0
09/23/2016 10:00:00 PM,3,0,3
09/23/2016 09:00:00 PM,2,1,1
09/23/2016 08:00:00 PM,3,3,0
09/23/2016 07:00:00 PM,11,1,10
09/23/2016 06:00:00 PM,8,0,8
09/23/2016 05:00:00 PM,14,3,11
09/23/2016 04:00:00 PM,8,4,4
09/23/2016 03:00:00 PM,3,2,1
09/23/2016 02:00:00 PM,6,3,3
09/23/2016 01:00:00 PM,7,3,4
09/23/2016 12:00:00 PM,5,3,2
09/23/2016 11:00:00 AM,11,1,10
09/23/2016 10:00:00 AM,9,2,7
09/23/2016 09:00:00 AM,7,1,6
09/23/2016 08:00:00 AM,9,4,5
09/23/2016 07:00:00 AM,9,3,6
09/23/2016 06:00:00 AM,2,0,2
09/23/2016 05:00:00 AM,1,0,1
09/23/2016 04:00:00 AM,1,0,1
09/23/2016 03:00:00 AM,2,0,2
09/23/2016 02:00:00 AM,0,0,0
09/23/2016 01:00:00 AM,0,0,0
09/23/2016 12:00:00 AM,1,0,1
09/22/2016 11:00:00 PM,1,0,1
09/22/2016 10:00:00 PM,2,0,2
09/22/2016 09:00:00 PM,2,1,1
09/22/2016 08:00:00 PM,4,4,0
09/22/2016 07:00:00 PM,9,4,5
09/22/2016 06:00:00 PM,15,4,11
09/22/2016 05:00:00 PM,25,17,8
09/22/2016 04:00:00 PM,15,5,10
09/22/2016 03:00:00 PM,6,2,4
09/22/2016 02:00:00 PM,8,3,5
09/22/2016 01:00:00 PM,7,4,3
09/22/2016 12:00:00 PM,15,7,8
09/22/2016 11:00:00 AM,7,3,4
09/22/2016 10:00:00 AM,7,2,5
09/22/2016 09:00:00 AM,13,5,8
09/22/2016 08:00:00 AM,10,6,4
09/22/2016 07:00:00 AM,6,3,3
09/22/2016 06:00:00 AM,3,2,1
09/22/2016 05:00:00 AM,2,0,2
09/22/2016 04:00:00 AM,0,0,0
09/22/2016 03:00:00 AM,0,0,0
09/22/2016 02:00:00 AM,0,0,0
09/22/2016 01:00:00 AM,0,0,0
09/22/2016 12:00:00 AM,0,0,0
09/21/2016 11:00:00 PM,2,0,2
09/21/2016 10:00:00 PM,5,3,2
09/21/2016 09:00:00 PM,6,2,4
09/21/2016 08:00:00 PM,3,0,3
09/21/2016 07:00:00 PM,8,2,6
09/21/2016 06:00:00 PM,13,7,6
09/21/2016 05:00:00 PM,13,4,9
09/21/2016 04:00:00 PM,10,7,3
09/21/2016 03:00:00 PM,11,5,6
09/21/2016 02:00:00 PM,4,2,2
09/21/2016 01:00:00 PM,11,5,6
09/21/2016 12:00:00 PM,7,2,5
09/21/2016 11:00:00 AM,7,1,6
09/21/2016 10:00:00 AM,7,3,4
09/21/2016 09:00:00 AM,8,4,4
09/21/2016 08:00:00 AM,12,4,8
09/21/2016 07:00:00 AM,13,7,6
09/21/2016 06:00:00 AM,2,0,2
09/21/2016 05:00:00 AM,3,1,2
09/21/2016 04:00:00 AM,1,1,0
09/21/2016 03:00:00 AM,0,0,0
09/21/2016 02:00:00 AM,0,0,0
09/21/2016 01:00:00 AM,0,0,0
09/21/2016 12:00:00 AM,0,0,0
09/20/2016 11:00:00 PM,2,1,1
09/20/2016 10:00:00 PM,1,1,0
09/20/2016 09:00:00 PM,2,1,1
09/20/2016 08:00:00 PM,3,1,2
09/20/2016 07:00:00 PM,12,7,5
09/20/2016 06:00:00 PM,24,6,18
09/20/2016 05:00:00 PM,22,15,7
09/20/2016 04:00:00 PM,12,8,4
09/20/2016 03:00:00 PM,10,4,6
09/20/2016 02:00:00 PM,9,5,4
09/20/2016 01:00:00 PM,6,3,3
09/20/2016 12:00:00 PM,5,3,2
09/20/2016 11:00:00 AM,10,3,7
09/20/2016 10:00:00 AM,2,0,2
09/20/2016 09:00:00 AM,12,3,9
09/20/2016 08:00:00 AM,15,7,8
09/20/2016 07:00:00 AM,12,5,7
09/20/2016 06:00:00 AM,2,1,1
09/20/2016 05:00:00 AM,1,0,1
09/20/2016 04:00:00 AM,0,0,0
09/20/2016 03:00:00 AM,0,0,0
09/20/2016 02:00:00 AM,0,0,0
09/20/2016 01:00:00 AM,0,0,0
09/20/2016 12:00:00 AM,1,1,0
09/19/2016 11:00:00 PM,1,1,0
09/19/2016 10:00:00 PM,0,0,0
09/19/2016 09:00:00 PM,1,1,0
09/19/2016 08:00:00 PM,6,4,2
09/19/2016 07:00:00 PM,11,4,7
09/19/2016 06:00:00 PM,19,8,11
09/19/2016 05:00:00 PM,14,4,10
09/19/2016 04:00:00 PM,10,7,3
09/19/2016 03:00:00 PM,6,2,4
09/19/2016 02:00:00 PM,8,2,6
09/19/2016 01:00:00 PM,10,3,7
09/19/2016 12:00:00 PM,10,4,6
09/19/2016 11:00:00 AM,8,5,3
09/19/2016 10:00:00 AM,5,2,3
09/19/2016 09:00:00 AM,8,5,3
09/19/2016 08:00:00 AM,11,5,6
09/19/2016 07:00:00 AM,11,4,7
09/19/2016 06:00:00 AM,0,0,0
09/19/2016 05:00:00 AM,3,0,3
09/19/2016 04:00:00 AM,0,0,0
09/19/2016 03:00:00 AM,0,0,0
09/19/2016 02:00:00 AM,1,0,1
09/19/2016 01:00:00 AM,0,0,0
09/19/2016 12:00:00 AM,0,0,0
09/18/2016 11:00:00 PM,1,1,0
09/18/2016 10:00:00 PM,1,0,1
09/18/2016 09:00:00 PM,5,2,3
09/18/2016 08:00:00 PM,3,0,3
09/18/2016 07:00:00 PM,6,3,3
09/18/2016 06:00:00 PM,8,3,5
09/18/2016 05:00:00 PM,13,6,7
09/18/2016 04:00:00 PM,23,13,10
09/18/2016 03:00:00 PM,24,10,14
09/18/2016 02:00:00 PM,19,8,11
09/18/2016 01:00:00 PM,19,7,12
09/18/2016 12:00:00 PM,18,9,9
09/18/2016 11:00:00 AM,12,6,6
09/18/2016 10:00:00 AM,22,3,19
09/18/2016 09:00:00 AM,8,2,6
09/18/2016 08:00:00 AM,4,3,1
09/18/2016 07:00:00 AM,3,0,3
09/18/2016 06:00:00 AM,2,1,1
09/18/2016 05:00:00 AM,0,0,0
09/18/2016 04:00:00 AM,1,0,1
09/18/2016 03:00:00 AM,0,0,0
09/18/2016 02:00:00 AM,1,1,0
09/18/2016 01:00:00 AM,1,0,1
09/18/2016 12:00:00 AM,2,2,0
09/17/2016 11:00:00 PM,1,1,0
09/17/2016 10:00:00 PM,1,0,1
09/17/2016 09:00:00 PM,4,1,3
09/17/2016 08:00:00 PM,2,0,2
09/17/2016 07:00:00 PM,7,5,2
09/17/2016 06:00:00 PM,6,2,4
09/17/2016 05:00:00 PM,10,4,6
09/17/2016 04:00:00 PM,10,5,5
09/17/2016 03:00:00 PM,9,2,7
09/17/2016 02:00:00 PM,11,4,7
09/17/2016 01:00:00 PM,10,3,7
09/17/2016 12:00:00 PM,9,5,4
09/17/2016 11:00:00 AM,8,5,3
09/17/2016 10:00:00 AM,10,1,9
09/17/2016 09:00:00 AM,4,1,3
09/17/2016 08:00:00 AM,4,1,3
09/17/2016 07:00:00 AM,3,0,3
09/17/2016 06:00:00 AM,1,0,1
09/17/2016 05:00:00 AM,0,0,0
09/17/2016 04:00:00 AM,0,0,0
09/17/2016 03:00:00 AM,1,1,0
09/17/2016 02:00:00 AM,1,0,1
09/17/2016 01:00:00 AM,1,0,1
09/17/2016 12:00:00 AM,1,0,1
09/16/2016 11:00:00 PM,1,0,1
09/16/2016 10:00:00 PM,3,0,3
09/16/2016 09:00:00 PM,2,0,2
09/16/2016 08:00:00 PM,4,2,2
09/16/2016 07:00:00 PM,10,3,7
09/16/2016 06:00:00 PM,7,4,3
09/16/2016 05:00:00 PM,13,6,7
09/16/2016 04:00:00 PM,12,6,6
09/16/2016 03:00:00 PM,13,7,6
09/16/2016 02:00:00 PM,20,15,5
09/16/2016 01:00:00 PM,9,5,4
09/16/2016 12:00:00 PM,5,2,3
09/16/2016 11:00:00 AM,3,1,2
09/16/2016 10:00:00 AM,18,1,17
09/16/2016 09:00:00 AM,10,6,4
09/16/2016 08:00:00 AM,13,8,5
09/16/2016 07:00:00 AM,11,5,6
09/16/2016 06:00:00 AM,3,1,2
09/16/2016 05:00:00 AM,2,1,1
09/16/2016 04:00:00 AM,0,0,0
09/16/2016 03:00:00 AM,0,0,0
09/16/2016 02:00:00 AM,0,0,0
09/16/2016 01:00:00 AM,0,0,0
09/16/2016 12:00:00 AM,0,0,0
09/15/2016 11:00:00 PM,2,1,1
09/15/2016 10:00:00 PM,1,1,0
09/15/2016 09:00:00 PM,5,1,4
09/15/2016 08:00:00 PM,6,3,3
09/15/2016 07:00:00 PM,11,6,5
09/15/2016 06:00:00 PM,20,9,11
09/15/2016 05:00:00 PM,22,12,10
09/15/2016 04:00:00 PM,12,5,7
09/15/2016 03:00:00 PM,10,4,6
09/15/2016 02:00:00 PM,8,4,4
09/15/2016 01:00:00 PM,7,4,3
09/15/2016 12:00:00 PM,2,1,1
09/15/2016 11:00:00 AM,17,10,7
09/15/2016 10:00:00 AM,37,30,7
09/15/2016 09:00:00 AM,39,34,5
09/15/2016 08:00:00 AM,34,26,8
09/15/2016 07:00:00 AM,28,26,2
09/15/2016 06:00:00 AM,11,8,3
09/15/2016 05:00:00 AM,2,0,2
09/15/2016 04:00:00 AM,1,0,1
09/15/2016 03:00:00 AM,0,0,0
09/15/2016 02:00:00 AM,0,0,0
09/15/2016 01:00:00 AM,1,0,1
09/15/2016 12:00:00 AM,2,0,2
09/14/2016 11:00:00 PM,5,3,2
09/14/2016 10:00:00 PM,3,3,0
09/14/2016 09:00:00 PM,10,6,4
09/14/2016 08:00:00 PM,16,8,8
09/14/2016 07:00:00 PM,29,19,10
09/14/2016 06:00:00 PM,45,29,16
09/14/2016 05:00:00 PM,33,26,7
09/14/2016 04:00:00 PM,26,12,14
09/14/2016 03:00:00 PM,39,32,7
09/14/2016 02:00:00 PM,29,21,8
09/14/2016 01:00:00 PM,28,20,8
09/14/2016 12:00:00 PM,38,32,6
09/14/2016 11:00:00 AM,31,22,9
09/14/2016 10:00:00 AM,16,9,7
09/14/2016 09:00:00 AM,17,9,8
09/14/2016 08:00:00 AM,28,19,9
09/14/2016 07:00:00 AM,28,22,6
09/14/2016 06:00:00 AM,11,10,1
09/14/2016 05:00:00 AM,5,2,3
09/14/2016 04:00:00 AM,2,0,2
09/14/2016 03:00:00 AM,0,0,0
09/14/2016 02:00:00 AM,4,4,0
09/14/2016 01:00:00 AM,0,0,0
09/14/2016 12:00:00 AM,1,1,0
09/13/2016 11:00:00 PM,3,2,1
09/13/2016 10:00:00 PM,3,2,1
09/13/2016 09:00:00 PM,19,18,1
09/13/2016 08:00:00 PM,22,18,4
09/13/2016 07:00:00 PM,26,13,13
09/13/2016 06:00:00 PM,20,14,6
09/13/2016 05:00:00 PM,54,41,13
09/13/2016 04:00:00 PM,27,20,7
09/13/2016 03:00:00 PM,36,27,9
09/13/2016 02:00:00 PM,40,31,9
09/13/2016 01:00:00 PM,52,40,12
09/13/2016 12:00:00 PM,26,13,13
09/13/2016 11:00:00 AM,32,17,15
09/13/2016 10:00:00 AM,24,17,7
09/13/2016 09:00:00 AM,23,13,10
09/13/2016 08:00:00 AM,37,24,13
09/13/2016 07:00:00 AM,25,22,3
09/13/2016 06:00:00 AM,2,1,1
09/13/2016 05:00:00 AM,2,0,2
09/13/2016 04:00:00 AM,2,0,2
09/13/2016 03:00:00 AM,0,0,0
09/13/2016 02:00:00 AM,2,2,0
09/13/2016 01:00:00 AM,0,0,0
09/13/2016 12:00:00 AM,0,0,0
09/12/2016 11:00:00 PM,3,2,1
09/12/2016 10:00:00 PM,11,8,3
09/12/2016 09:00:00 PM,10,9,1
09/12/2016 08:00:00 PM,23,19,4
09/12/2016 07:00:00 PM,31,29,2
09/12/2016 06:00:00 PM,44,31,13
09/12/2016 05:00:00 PM,49,40,9
09/12/2016 04:00:00 PM,47,33,14
09/12/2016 03:00:00 PM,28,24,4
09/12/2016 02:00:00 PM,30,26,4
09/12/2016 01:00:00 PM,44,33,11
09/12/2016 12:00:00 PM,36,30,6
09/12/2016 11:00:00 AM,41,36,5
09/12/2016 10:00:00 AM,16,11,5
09/12/2016 09:00:00 AM,26,21,5
09/12/2016 08:00:00 AM,26,20,6
09/12/2016 07:00:00 AM,31,26,5
09/12/2016 06:00:00 AM,15,12,3
09/12/2016 05:00:00 AM,1,0,1
09/12/2016 04:00:00 AM,0,0,0
09/12/2016 03:00:00 AM,0,0,0
09/12/2016 02:00:00 AM,0,0,0
09/12/2016 01:00:00 AM,2,2,0
09/12/2016 12:00:00 AM,5,4,1
09/11/2016 11:00:00 PM,5,3,2
09/11/2016 10:00:00 PM,2,2,0
09/11/2016 09:00:00 PM,5,5,0
09/11/2016 08:00:00 PM,16,12,4
09/11/2016 07:00:00 PM,15,10,5
09/11/2016 06:00:00 PM,23,17,6
09/11/2016 05:00:00 PM,28,25,3
09/11/2016 04:00:00 PM,29,21,8
09/11/2016 03:00:00 PM,19,15,4
09/11/2016 02:00:00 PM,57,40,17
09/11/2016 01:00:00 PM,71,44,27
09/11/2016 12:00:00 PM,49,35,14
09/11/2016 11:00:00 AM,53,44,9
09/11/2016 10:00:00 AM,37,27,10
09/11/2016 09:00:00 AM,18,10,8
09/11/2016 08:00:00 AM,10,9,1
09/11/2016 07:00:00 AM,4,2,2
09/11/2016 06:00:00 AM,2,1,1
09/11/2016 05:00:00 AM,2,2,0
09/11/2016 04:00:00 AM,0,0,0
09/11/2016 03:00:00 AM,0,0,0
09/11/2016 02:00:00 AM,0,0,0
09/11/2016 01:00:00 AM,2,2,0
09/11/2016 12:00:00 AM,7,6,1
09/10/2016 11:00:00 PM,11,7,4
09/10/2016 10:00:00 PM,12,11,1
09/10/2016 09:00:00 PM,8,7,1
09/10/2016 08:00:00 PM,7,6,1
09/10/2016 07:00:00 PM,39,34,5
09/10/2016 06:00:00 PM,21,16,5
09/10/2016 05:00:00 PM,38,26,12
09/10/2016 04:00:00 PM,35,32,3
09/10/2016 03:00:00 PM,39,27,12
09/10/2016 02:00:00 PM,32,23,9
09/10/2016 01:00:00 PM,44,33,11
09/10/2016 12:00:00 PM,34,26,8
09/10/2016 11:00:00 AM,49,38,11
09/10/2016 10:00:00 AM,26,21,5
09/10/2016 09:00:00 AM,21,15,6
09/10/2016 08:00:00 AM,17,12,5
09/10/2016 07:00:00 AM,2,2,0
09/10/2016 06:00:00 AM,0,0,0
09/10/2016 05:00:00 AM,0,0,0
09/10/2016 04:00:00 AM,1,1,0
09/10/2016 03:00:00 AM,0,0,0
09/10/2016 02:00:00 AM,3,2,1
09/10/2016 01:00:00 AM,8,7,1
09/10/2016 12:00:00 AM,4,4,0
09/09/2016 11:00:00 PM,6,3,3
09/09/2016 10:00:00 PM,7,5,2
09/09/2016 09:00:00 PM,14,11,3
09/09/2016 08:00:00 PM,14,11,3
09/09/2016 07:00:00 PM,25,21,4
09/09/2016 06:00:00 PM,29,22,7
09/09/2016 05:00:00 PM,21,12,9
09/09/2016 04:00:00 PM,41,35,6
09/09/2016 03:00:00 PM,17,13,4
09/09/2016 02:00:00 PM,25,17,8
09/09/2016 01:00:00 PM,37,32,5
09/09/2016 12:00:00 PM,19,12,7
09/09/2016 11:00:00 AM,25,17,8
09/09/2016 10:00:00 AM,0,0,0
09/09/2016 09:00:00 AM,0,0,0
09/09/2016 08:00:00 AM,0,0,0
09/09/2016 07:00:00 AM,0,0,0
09/09/2016 06:00:00 AM,0,0,0
09/09/2016 05:00:00 AM,0,0,0
09/09/2016 04:00:00 AM,0,0,0
09/09/2016 03:00:00 AM,0,0,0
09/09/2016 02:00:00 AM,0,0,0
09/09/2016 01:00:00 AM,0,0,0
09/09/2016 12:00:00 AM,0,0,0
09/08/2016 11:00:00 PM,0,0,0
09/08/2016 10:00:00 PM,0,0,0
09/08/2016 09:00:00 PM,0,0,0
09/08/2016 08:00:00 PM,0,0,0
09/08/2016 07:00:00 PM,0,0,0
09/08/2016 06:00:00 PM,0,0,0
09/08/2016 05:00:00 PM,0,0,0
09/08/2016 04:00:00 PM,0,0,0
09/08/2016 03:00:00 PM,0,0,0
09/08/2016 02:00:00 PM,0,0,0
09/08/2016 01:00:00 PM,0,0,0
09/08/2016 12:00:00 PM,0,0,0
09/08/2016 11:00:00 AM,0,0,0
09/08/2016 10:00:00 AM,0,0,0
09/08/2016 09:00:00 AM,0,0,0
09/08/2016 08:00:00 AM,0,0,0
09/08/2016 07:00:00 AM,0,0,0
09/08/2016 06:00:00 AM,0,0,0
09/08/2016 05:00:00 AM,0,0,0
09/08/2016 04:00:00 AM,0,0,0
09/08/2016 03:00:00 AM,0,0,0
09/08/2016 02:00:00 AM,0,0,0
09/08/2016 01:00:00 AM,0,0,0
09/08/2016 12:00:00 AM,0,0,0
09/07/2016 11:00:00 PM,0,0,0
09/07/2016 10:00:00 PM,0,0,0
09/07/2016 09:00:00 PM,0,0,0
09/07/2016 08:00:00 PM,0,0,0
09/07/2016 07:00:00 PM,0,0,0
09/07/2016 06:00:00 PM,0,0,0
09/07/2016 05:00:00 PM,0,0,0
09/07/2016 04:00:00 PM,0,0,0
09/07/2016 03:00:00 PM,0,0,0
09/07/2016 02:00:00 PM,0,0,0
09/07/2016 01:00:00 PM,0,0,0
09/07/2016 12:00:00 PM,0,0,0
09/07/2016 11:00:00 AM,0,0,0
09/07/2016 10:00:00 AM,0,0,0
09/07/2016 09:00:00 AM,0,0,0
09/07/2016 08:00:00 AM,0,0,0
09/07/2016 07:00:00 AM,0,0,0
09/07/2016 06:00:00 AM,0,0,0
09/07/2016 05:00:00 AM,0,0,0
09/07/2016 04:00:00 AM,0,0,0
09/07/2016 03:00:00 AM,0,0,0
09/07/2016 02:00:00 AM,0,0,0
09/07/2016 01:00:00 AM,0,0,0
09/07/2016 12:00:00 AM,0,0,0
09/06/2016 11:00:00 PM,0,0,0
09/06/2016 10:00:00 PM,0,0,0
09/06/2016 09:00:00 PM,0,0,0
09/06/2016 08:00:00 PM,0,0,0
09/06/2016 07:00:00 PM,0,0,0
09/06/2016 06:00:00 PM,0,0,0
09/06/2016 05:00:00 PM,0,0,0
09/06/2016 04:00:00 PM,0,0,0
09/06/2016 03:00:00 PM,0,0,0
09/06/2016 02:00:00 PM,0,0,0
09/06/2016 01:00:00 PM,0,0,0
09/06/2016 12:00:00 PM,0,0,0
09/06/2016 11:00:00 AM,0,0,0
09/06/2016 10:00:00 AM,0,0,0
09/06/2016 09:00:00 AM,0,0,0
09/06/2016 08:00:00 AM,0,0,0
09/06/2016 07:00:00 AM,0,0,0
09/06/2016 06:00:00 AM,0,0,0
09/06/2016 05:00:00 AM,0,0,0
09/06/2016 04:00:00 AM,0,0,0
09/06/2016 03:00:00 AM,0,0,0
09/06/2016 02:00:00 AM,0,0,0
09/06/2016 01:00:00 AM,0,0,0
09/06/2016 12:00:00 AM,0,0,0
09/05/2016 11:00:00 PM,0,0,0
09/05/2016 10:00:00 PM,0,0,0
09/05/2016 09:00:00 PM,0,0,0
09/05/2016 08:00:00 PM,0,0,0
09/05/2016 07:00:00 PM,0,0,0
09/05/2016 06:00:00 PM,0,0,0
09/05/2016 05:00:00 PM,0,0,0
09/05/2016 04:00:00 PM,0,0,0
09/05/2016 03:00:00 PM,0,0,0
09/05/2016 02:00:00 PM,0,0,0
09/05/2016 01:00:00 PM,0,0,0
09/05/2016 12:00:00 PM,0,0,0
09/05/2016 11:00:00 AM,0,0,0
09/05/2016 10:00:00 AM,0,0,0
09/05/2016 09:00:00 AM,0,0,0
09/05/2016 08:00:00 AM,0,0,0
09/05/2016 07:00:00 AM,0,0,0
09/05/2016 06:00:00 AM,0,0,0
09/05/2016 05:00:00 AM,0,0,0
09/05/2016 04:00:00 AM,0,0,0
09/05/2016 03:00:00 AM,0,0,0
09/05/2016 02:00:00 AM,0,0,0
09/05/2016 01:00:00 AM,0,0,0
09/05/2016 12:00:00 AM,0,0,0
09/04/2016 11:00:00 PM,0,0,0
09/04/2016 10:00:00 PM,0,0,0
09/04/2016 09:00:00 PM,0,0,0
09/04/2016 08:00:00 PM,0,0,0
09/04/2016 07:00:00 PM,0,0,0
09/04/2016 06:00:00 PM,0,0,0
09/04/2016 05:00:00 PM,0,0,0
09/04/2016 04:00:00 PM,0,0,0
09/04/2016 03:00:00 PM,0,0,0
09/04/2016 02:00:00 PM,0,0,0
09/04/2016 01:00:00 PM,0,0,0
09/04/2016 12:00:00 PM,0,0,0
09/04/2016 11:00:00 AM,0,0,0
09/04/2016 10:00:00 AM,0,0,0
09/04/2016 09:00:00 AM,0,0,0
09/04/2016 08:00:00 AM,0,0,0
09/04/2016 07:00:00 AM,0,0,0
09/04/2016 06:00:00 AM,0,0,0
09/04/2016 05:00:00 AM,0,0,0
09/04/2016 04:00:00 AM,0,0,0
09/04/2016 03:00:00 AM,0,0,0
09/04/2016 02:00:00 AM,0,0,0
09/04/2016 01:00:00 AM,0,0,0
09/04/2016 12:00:00 AM,0,0,0
09/03/2016 11:00:00 PM,0,0,0
09/03/2016 10:00:00 PM,0,0,0
09/03/2016 09:00:00 PM,0,0,0
09/03/2016 08:00:00 PM,0,0,0
09/03/2016 07:00:00 PM,0,0,0
09/03/2016 06:00:00 PM,0,0,0
09/03/2016 05:00:00 PM,0,0,0
09/03/2016 04:00:00 PM,0,0,0
09/03/2016 03:00:00 PM,0,0,0
09/03/2016 02:00:00 PM,0,0,0
09/03/2016 01:00:00 PM,0,0,0
09/03/2016 12:00:00 PM,0,0,0
09/03/2016 11:00:00 AM,0,0,0
09/03/2016 10:00:00 AM,0,0,0
09/03/2016 09:00:00 AM,0,0,0
09/03/2016 08:00:00 AM,0,0,0
09/03/2016 07:00:00 AM,0,0,0
09/03/2016 06:00:00 AM,0,0,0
09/03/2016 05:00:00 AM,0,0,0
09/03/2016 04:00:00 AM,0,0,0
09/03/2016 03:00:00 AM,0,0,0
09/03/2016 02:00:00 AM,0,0,0
09/03/2016 01:00:00 AM,0,0,0
09/03/2016 12:00:00 AM,0,0,0
09/02/2016 11:00:00 PM,0,0,0
09/02/2016 10:00:00 PM,0,0,0
09/02/2016 09:00:00 PM,0,0,0
09/02/2016 08:00:00 PM,0,0,0
09/02/2016 07:00:00 PM,0,0,0
09/02/2016 06:00:00 PM,0,0,0
09/02/2016 05:00:00 PM,0,0,0
09/02/2016 04:00:00 PM,0,0,0
09/02/2016 03:00:00 PM,0,0,0
09/02/2016 02:00:00 PM,0,0,0
09/02/2016 01:00:00 PM,0,0,0
09/02/2016 12:00:00 PM,0,0,0
09/02/2016 11:00:00 AM,0,0,0
09/02/2016 10:00:00 AM,,,
09/02/2016 09:00:00 AM,0,0,0
09/02/2016 08:00:00 AM,0,0,0
09/02/2016 07:00:00 AM,0,0,0
09/02/2016 06:00:00 AM,0,0,0
09/02/2016 05:00:00 AM,0,0,0
09/02/2016 04:00:00 AM,0,0,0
09/02/2016 03:00:00 AM,0,0,0
09/02/2016 02:00:00 AM,0,0,0
09/02/2016 01:00:00 AM,0,0,0
09/02/2016 12:00:00 AM,0,0,0
09/01/2016 11:00:00 PM,0,0,0
09/01/2016 10:00:00 PM,0,0,0
09/01/2016 09:00:00 PM,0,0,0
09/01/2016 08:00:00 PM,0,0,0
09/01/2016 07:00:00 PM,0,0,0
09/01/2016 06:00:00 PM,0,0,0
09/01/2016 05:00:00 PM,0,0,0
09/01/2016 04:00:00 PM,0,0,0
09/01/2016 03:00:00 PM,0,0,0
09/01/2016 02:00:00 PM,0,0,0
09/01/2016 01:00:00 PM,0,0,0
09/01/2016 12:00:00 PM,0,0,0
09/01/2016 11:00:00 AM,0,0,0
09/01/2016 10:00:00 AM,0,0,0
09/01/2016 09:00:00 AM,0,0,0
09/01/2016 08:00:00 AM,0,0,0
09/01/2016 07:00:00 AM,0,0,0
09/01/2016 06:00:00 AM,0,0,0
09/01/2016 05:00:00 AM,0,0,0
09/01/2016 04:00:00 AM,0,0,0
09/01/2016 03:00:00 AM,0,0,0
09/01/2016 02:00:00 AM,0,0,0
09/01/2016 01:00:00 AM,0,0,0
09/01/2016 12:00:00 AM,0,0,0
08/31/2016 11:00:00 PM,0,0,0
08/31/2016 10:00:00 PM,0,0,0
08/31/2016 09:00:00 PM,0,0,0
08/31/2016 08:00:00 PM,0,0,0
08/31/2016 07:00:00 PM,0,0,0
08/31/2016 06:00:00 PM,0,0,0
08/31/2016 05:00:00 PM,0,0,0
08/31/2016 04:00:00 PM,0,0,0
08/31/2016 03:00:00 PM,0,0,0
08/31/2016 02:00:00 PM,0,0,0
08/31/2016 01:00:00 PM,0,0,0
08/31/2016 12:00:00 PM,0,0,0
08/31/2016 11:00:00 AM,0,0,0
08/31/2016 10:00:00 AM,0,0,0
08/31/2016 09:00:00 AM,0,0,0
08/31/2016 08:00:00 AM,0,0,0
08/31/2016 07:00:00 AM,0,0,0
08/31/2016 06:00:00 AM,0,0,0
08/31/2016 05:00:00 AM,0,0,0
08/31/2016 04:00:00 AM,0,0,0
08/31/2016 03:00:00 AM,0,0,0
08/31/2016 02:00:00 AM,0,0,0
08/31/2016 01:00:00 AM,0,0,0
08/31/2016 12:00:00 AM,0,0,0
08/30/2016 11:00:00 PM,0,0,0
08/30/2016 10:00:00 PM,0,0,0
08/30/2016 09:00:00 PM,0,0,0
08/30/2016 08:00:00 PM,0,0,0
08/30/2016 07:00:00 PM,0,0,0
08/30/2016 06:00:00 PM,0,0,0
08/30/2016 05:00:00 PM,0,0,0
08/30/2016 04:00:00 PM,0,0,0
08/30/2016 03:00:00 PM,0,0,0
08/30/2016 02:00:00 PM,0,0,0
08/30/2016 01:00:00 PM,0,0,0
08/30/2016 12:00:00 PM,0,0,0
08/30/2016 11:00:00 AM,0,0,0
08/30/2016 10:00:00 AM,0,0,0
08/30/2016 09:00:00 AM,0,0,0
08/30/2016 08:00:00 AM,0,0,0
08/30/2016 07:00:00 AM,0,0,0
08/30/2016 06:00:00 AM,0,0,0
08/30/2016 05:00:00 AM,0,0,0
08/30/2016 04:00:00 AM,0,0,0
08/30/2016 03:00:00 AM,0,0,0
08/30/2016 02:00:00 AM,0,0,0
08/30/2016 01:00:00 AM,0,0,0
08/30/2016 12:00:00 AM,0,0,0
08/29/2016 11:00:00 PM,0,0,0
08/29/2016 10:00:00 PM,0,0,0
08/29/2016 09:00:00 PM,0,0,0
08/29/2016 08:00:00 PM,0,0,0
08/29/2016 07:00:00 PM,0,0,0
08/29/2016 06:00:00 PM,0,0,0
08/29/2016 05:00:00 PM,0,0,0
08/29/2016 04:00:00 PM,0,0,0
08/29/2016 03:00:00 PM,0,0,0
08/29/2016 02:00:00 PM,0,0,0
08/29/2016 01:00:00 PM,0,0,0
08/29/2016 12:00:00 PM,0,0,0
08/29/2016 11:00:00 AM,0,0,0
08/29/2016 10:00:00 AM,0,0,0
08/29/2016 09:00:00 AM,0,0,0
08/29/2016 08:00:00 AM,0,0,0
08/29/2016 07:00:00 AM,0,0,0
08/29/2016 06:00:00 AM,0,0,0
08/29/2016 05:00:00 AM,0,0,0
08/29/2016 04:00:00 AM,0,0,0
08/29/2016 03:00:00 AM,0,0,0
08/29/2016 02:00:00 AM,0,0,0
08/29/2016 01:00:00 AM,0,0,0
08/29/2016 12:00:00 AM,0,0,0
08/28/2016 11:00:00 PM,0,0,0
08/28/2016 10:00:00 PM,0,0,0
08/28/2016 09:00:00 PM,0,0,0
08/28/2016 08:00:00 PM,0,0,0
08/28/2016 07:00:00 PM,0,0,0
08/28/2016 06:00:00 PM,0,0,0
08/28/2016 05:00:00 PM,0,0,0
08/28/2016 04:00:00 PM,0,0,0
08/28/2016 03:00:00 PM,0,0,0
08/28/2016 02:00:00 PM,0,0,0
08/28/2016 01:00:00 PM,0,0,0
08/28/2016 12:00:00 PM,0,0,0
08/28/2016 11:00:00 AM,0,0,0
08/28/2016 10:00:00 AM,0,0,0
08/28/2016 09:00:00 AM,0,0,0
08/28/2016 08:00:00 AM,0,0,0
08/28/2016 07:00:00 AM,0,0,0
08/28/2016 06:00:00 AM,0,0,0
08/28/2016 05:00:00 AM,0,0,0
08/28/2016 04:00:00 AM,0,0,0
08/28/2016 03:00:00 AM,0,0,0
08/28/2016 02:00:00 AM,0,0,0
08/28/2016 01:00:00 AM,0,0,0
08/28/2016 12:00:00 AM,0,0,0
08/27/2016 11:00:00 PM,0,0,0
08/27/2016 10:00:00 PM,0,0,0
08/27/2016 09:00:00 PM,0,0,0
08/27/2016 08:00:00 PM,0,0,0
08/27/2016 07:00:00 PM,0,0,0
08/27/2016 06:00:00 PM,0,0,0
08/27/2016 05:00:00 PM,0,0,0
08/27/2016 04:00:00 PM,0,0,0
08/27/2016 03:00:00 PM,0,0,0
08/27/2016 02:00:00 PM,0,0,0
08/27/2016 01:00:00 PM,0,0,0
08/27/2016 12:00:00 PM,0,0,0
08/27/2016 11:00:00 AM,0,0,0
08/27/2016 10:00:00 AM,0,0,0
08/27/2016 09:00:00 AM,0,0,0
08/27/2016 08:00:00 AM,0,0,0
08/27/2016 07:00:00 AM,0,0,0
08/27/2016 06:00:00 AM,0,0,0
08/27/2016 05:00:00 AM,0,0,0
08/27/2016 04:00:00 AM,0,0,0
08/27/2016 03:00:00 AM,0,0,0
08/27/2016 02:00:00 AM,0,0,0
08/27/2016 01:00:00 AM,0,0,0
08/27/2016 12:00:00 AM,0,0,0
08/26/2016 11:00:00 PM,0,0,0
08/26/2016 10:00:00 PM,0,0,0
08/26/2016 09:00:00 PM,0,0,0
08/26/2016 08:00:00 PM,0,0,0
08/26/2016 07:00:00 PM,0,0,0
08/26/2016 06:00:00 PM,0,0,0
08/26/2016 05:00:00 PM,0,0,0
08/26/2016 04:00:00 PM,0,0,0
08/26/2016 03:00:00 PM,0,0,0
08/26/2016 02:00:00 PM,0,0,0
08/26/2016 01:00:00 PM,0,0,0
08/26/2016 12:00:00 PM,0,0,0
08/26/2016 11:00:00 AM,0,0,0
08/26/2016 10:00:00 AM,0,0,0
08/26/2016 09:00:00 AM,0,0,0
08/26/2016 08:00:00 AM,0,0,0
08/26/2016 07:00:00 AM,0,0,0
08/26/2016 06:00:00 AM,0,0,0
08/26/2016 05:00:00 AM,0,0,0
08/26/2016 04:00:00 AM,0,0,0
08/26/2016 03:00:00 AM,0,0,0
08/26/2016 02:00:00 AM,0,0,0
08/26/2016 01:00:00 AM,0,0,0
08/26/2016 12:00:00 AM,0,0,0
08/25/2016 11:00:00 PM,0,0,0
08/25/2016 10:00:00 PM,0,0,0
08/25/2016 09:00:00 PM,0,0,0
08/25/2016 08:00:00 PM,0,0,0
08/25/2016 07:00:00 PM,0,0,0
08/25/2016 06:00:00 PM,0,0,0
08/25/2016 05:00:00 PM,0,0,0
08/25/2016 04:00:00 PM,0,0,0
08/25/2016 03:00:00 PM,0,0,0
08/25/2016 02:00:00 PM,0,0,0
08/25/2016 01:00:00 PM,0,0,0
08/25/2016 12:00:00 PM,0,0,0
08/25/2016 11:00:00 AM,0,0,0
08/25/2016 10:00:00 AM,0,0,0
08/25/2016 09:00:00 AM,0,0,0
08/25/2016 08:00:00 AM,0,0,0
08/25/2016 07:00:00 AM,0,0,0
08/25/2016 06:00:00 AM,0,0,0
08/25/2016 05:00:00 AM,0,0,0
08/25/2016 04:00:00 AM,0,0,0
08/25/2016 03:00:00 AM,0,0,0
08/25/2016 02:00:00 AM,0,0,0
08/25/2016 01:00:00 AM,0,0,0
08/25/2016 12:00:00 AM,0,0,0
08/24/2016 11:00:00 PM,0,0,0
08/24/2016 10:00:00 PM,0,0,0
08/24/2016 09:00:00 PM,0,0,0
08/24/2016 08:00:00 PM,0,0,0
08/24/2016 07:00:00 PM,0,0,0
08/24/2016 06:00:00 PM,0,0,0
08/24/2016 05:00:00 PM,0,0,0
08/24/2016 04:00:00 PM,0,0,0
08/24/2016 03:00:00 PM,0,0,0
08/24/2016 02:00:00 PM,0,0,0
08/24/2016 01:00:00 PM,0,0,0
08/24/2016 12:00:00 PM,0,0,0
08/24/2016 11:00:00 AM,0,0,0
08/24/2016 10:00:00 AM,0,0,0
08/24/2016 09:00:00 AM,0,0,0
08/24/2016 08:00:00 AM,0,0,0
08/24/2016 07:00:00 AM,0,0,0
08/24/2016 06:00:00 AM,0,0,0
08/24/2016 05:00:00 AM,0,0,0
08/24/2016 04:00:00 AM,0,0,0
08/24/2016 03:00:00 AM,0,0,0
08/24/2016 02:00:00 AM,0,0,0
08/24/2016 01:00:00 AM,0,0,0
08/24/2016 12:00:00 AM,0,0,0
08/23/2016 11:00:00 PM,0,0,0
08/23/2016 10:00:00 PM,0,0,0
08/23/2016 09:00:00 PM,0,0,0
08/23/2016 08:00:00 PM,0,0,0
08/23/2016 07:00:00 PM,0,0,0
08/23/2016 06:00:00 PM,0,0,0
08/23/2016 05:00:00 PM,0,0,0
08/23/2016 04:00:00 PM,0,0,0
08/23/2016 03:00:00 PM,0,0,0
08/23/2016 02:00:00 PM,0,0,0
08/23/2016 01:00:00 PM,0,0,0
08/23/2016 12:00:00 PM,0,0,0
08/23/2016 11:00:00 AM,0,0,0
08/23/2016 10:00:00 AM,0,0,0
08/23/2016 09:00:00 AM,0,0,0
08/23/2016 08:00:00 AM,0,0,0
08/23/2016 07:00:00 AM,0,0,0
08/23/2016 06:00:00 AM,0,0,0
08/23/2016 05:00:00 AM,0,0,0
08/23/2016 04:00:00 AM,0,0,0
08/23/2016 03:00:00 AM,0,0,0
08/23/2016 02:00:00 AM,0,0,0
08/23/2016 01:00:00 AM,0,0,0
08/23/2016 12:00:00 AM,0,0,0
08/22/2016 11:00:00 PM,0,0,0
08/22/2016 10:00:00 PM,0,0,0
08/22/2016 09:00:00 PM,0,0,0
08/22/2016 08:00:00 PM,0,0,0
08/22/2016 07:00:00 PM,0,0,0
08/22/2016 06:00:00 PM,0,0,0
08/22/2016 05:00:00 PM,0,0,0
08/22/2016 04:00:00 PM,0,0,0
08/22/2016 03:00:00 PM,0,0,0
08/22/2016 02:00:00 PM,0,0,0
08/22/2016 01:00:00 PM,0,0,0
08/22/2016 12:00:00 PM,0,0,0
08/22/2016 11:00:00 AM,0,0,0
08/22/2016 10:00:00 AM,0,0,0
08/22/2016 09:00:00 AM,0,0,0
08/22/2016 08:00:00 AM,0,0,0
08/22/2016 07:00:00 AM,0,0,0
08/22/2016 06:00:00 AM,0,0,0
08/22/2016 05:00:00 AM,0,0,0
08/22/2016 04:00:00 AM,0,0,0
08/22/2016 03:00:00 AM,0,0,0
08/22/2016 02:00:00 AM,0,0,0
08/22/2016 01:00:00 AM,0,0,0
08/22/2016 12:00:00 AM,0,0,0
08/21/2016 11:00:00 PM,0,0,0
08/21/2016 10:00:00 PM,0,0,0
08/21/2016 09:00:00 PM,0,0,0
08/21/2016 08:00:00 PM,0,0,0
08/21/2016 07:00:00 PM,0,0,0
08/21/2016 06:00:00 PM,0,0,0
08/21/2016 05:00:00 PM,0,0,0
08/21/2016 04:00:00 PM,0,0,0
08/21/2016 03:00:00 PM,0,0,0
08/21/2016 02:00:00 PM,0,0,0
08/21/2016 01:00:00 PM,0,0,0
08/21/2016 12:00:00 PM,0,0,0
08/21/2016 11:00:00 AM,0,0,0
08/21/2016 10:00:00 AM,0,0,0
08/21/2016 09:00:00 AM,0,0,0
08/21/2016 08:00:00 AM,0,0,0
08/21/2016 07:00:00 AM,0,0,0
08/21/2016 06:00:00 AM,0,0,0
08/21/2016 05:00:00 AM,0,0,0
08/21/2016 04:00:00 AM,0,0,0
08/21/2016 03:00:00 AM,0,0,0
08/21/2016 02:00:00 AM,0,0,0
08/21/2016 01:00:00 AM,0,0,0
08/21/2016 12:00:00 AM,0,0,0
08/20/2016 11:00:00 PM,0,0,0
08/20/2016 10:00:00 PM,0,0,0
08/20/2016 09:00:00 PM,0,0,0
08/20/2016 08:00:00 PM,0,0,0
08/20/2016 07:00:00 PM,0,0,0
08/20/2016 06:00:00 PM,0,0,0
08/20/2016 05:00:00 PM,0,0,0
08/20/2016 04:00:00 PM,0,0,0
08/20/2016 03:00:00 PM,0,0,0
08/20/2016 02:00:00 PM,0,0,0
08/20/2016 01:00:00 PM,0,0,0
08/20/2016 12:00:00 PM,0,0,0
08/20/2016 11:00:00 AM,0,0,0
08/20/2016 10:00:00 AM,0,0,0
08/20/2016 09:00:00 AM,0,0,0
08/20/2016 08:00:00 AM,0,0,0
08/20/2016 07:00:00 AM,0,0,0
08/20/2016 06:00:00 AM,0,0,0
08/20/2016 05:00:00 AM,0,0,0
08/20/2016 04:00:00 AM,0,0,0
08/20/2016 03:00:00 AM,0,0,0
08/20/2016 02:00:00 AM,0,0,0
08/20/2016 01:00:00 AM,0,0,0
08/20/2016 12:00:00 AM,0,0,0
08/19/2016 11:00:00 PM,0,0,0
08/19/2016 10:00:00 PM,0,0,0
08/19/2016 09:00:00 PM,0,0,0
08/19/2016 08:00:00 PM,0,0,0
08/19/2016 07:00:00 PM,1,1,0
08/19/2016 06:00:00 PM,0,0,0
08/19/2016 05:00:00 PM,0,0,0
08/19/2016 04:00:00 PM,0,0,0
08/19/2016 03:00:00 PM,0,0,0
08/19/2016 02:00:00 PM,0,0,0
08/19/2016 01:00:00 PM,0,0,0
08/19/2016 12:00:00 PM,0,0,0
08/19/2016 11:00:00 AM,0,0,0
08/19/2016 10:00:00 AM,0,0,0
08/19/2016 09:00:00 AM,0,0,0
08/19/2016 08:00:00 AM,0,0,0
08/19/2016 07:00:00 AM,0,0,0
08/19/2016 06:00:00 AM,0,0,0
08/19/2016 05:00:00 AM,0,0,0
08/19/2016 04:00:00 AM,0,0,0
08/19/2016 03:00:00 AM,0,0,0
08/19/2016 02:00:00 AM,0,0,0
08/19/2016 01:00:00 AM,0,0,0
08/19/2016 12:00:00 AM,0,0,0
08/18/2016 11:00:00 PM,0,0,0
08/18/2016 10:00:00 PM,0,0,0
08/18/2016 09:00:00 PM,0,0,0
08/18/2016 08:00:00 PM,0,0,0
08/18/2016 07:00:00 PM,0,0,0
08/18/2016 06:00:00 PM,0,0,0
08/18/2016 05:00:00 PM,0,0,0
08/18/2016 04:00:00 PM,0,0,0
08/18/2016 03:00:00 PM,0,0,0
08/18/2016 02:00:00 PM,0,0,0
08/18/2016 01:00:00 PM,0,0,0
08/18/2016 12:00:00 PM,0,0,0
08/18/2016 11:00:00 AM,0,0,0
08/18/2016 10:00:00 AM,0,0,0
08/18/2016 09:00:00 AM,0,0,0
08/18/2016 08:00:00 AM,0,0,0
08/18/2016 07:00:00 AM,0,0,0
08/18/2016 06:00:00 AM,0,0,0
08/18/2016 05:00:00 AM,0,0,0
08/18/2016 04:00:00 AM,0,0,0
08/18/2016 03:00:00 AM,0,0,0
08/18/2016 02:00:00 AM,0,0,0
08/18/2016 01:00:00 AM,0,0,0
08/18/2016 12:00:00 AM,0,0,0
08/17/2016 11:00:00 PM,0,0,0
08/17/2016 10:00:00 PM,0,0,0
08/17/2016 09:00:00 PM,0,0,0
08/17/2016 08:00:00 PM,0,0,0
08/17/2016 07:00:00 PM,0,0,0
08/17/2016 06:00:00 PM,0,0,0
08/17/2016 05:00:00 PM,0,0,0
08/17/2016 04:00:00 PM,0,0,0
08/17/2016 03:00:00 PM,0,0,0
08/17/2016 02:00:00 PM,0,0,0
08/17/2016 01:00:00 PM,2,2,0
08/17/2016 12:00:00 PM,0,0,0
08/17/2016 11:00:00 AM,0,0,0
08/17/2016 10:00:00 AM,0,0,0
08/17/2016 09:00:00 AM,0,0,0
08/17/2016 08:00:00 AM,0,0,0
08/17/2016 07:00:00 AM,0,0,0
08/17/2016 06:00:00 AM,0,0,0
08/17/2016 05:00:00 AM,0,0,0
08/17/2016 04:00:00 AM,0,0,0
08/17/2016 03:00:00 AM,0,0,0
08/17/2016 02:00:00 AM,0,0,0
08/17/2016 01:00:00 AM,0,0,0
08/17/2016 12:00:00 AM,0,0,0
08/16/2016 11:00:00 PM,0,0,0
08/16/2016 10:00:00 PM,0,0,0
08/16/2016 09:00:00 PM,0,0,0
08/16/2016 08:00:00 PM,0,0,0
08/16/2016 07:00:00 PM,0,0,0
08/16/2016 06:00:00 PM,0,0,0
08/16/2016 05:00:00 PM,0,0,0
08/16/2016 04:00:00 PM,0,0,0
08/16/2016 03:00:00 PM,0,0,0
08/16/2016 02:00:00 PM,0,0,0
08/16/2016 01:00:00 PM,0,0,0
08/16/2016 12:00:00 PM,0,0,0
08/16/2016 11:00:00 AM,0,0,0
08/16/2016 10:00:00 AM,0,0,0
08/16/2016 09:00:00 AM,0,0,0
08/16/2016 08:00:00 AM,0,0,0
08/16/2016 07:00:00 AM,0,0,0
08/16/2016 06:00:00 AM,0,0,0
08/16/2016 05:00:00 AM,0,0,0
08/16/2016 04:00:00 AM,0,0,0
08/16/2016 03:00:00 AM,0,0,0
08/16/2016 02:00:00 AM,0,0,0
08/16/2016 01:00:00 AM,0,0,0
08/16/2016 12:00:00 AM,0,0,0
08/15/2016 11:00:00 PM,0,0,0
08/15/2016 10:00:00 PM,0,0,0
08/15/2016 09:00:00 PM,0,0,0
08/15/2016 08:00:00 PM,0,0,0
08/15/2016 07:00:00 PM,0,0,0
08/15/2016 06:00:00 PM,0,0,0
08/15/2016 05:00:00 PM,0,0,0
08/15/2016 04:00:00 PM,0,0,0
08/15/2016 03:00:00 PM,0,0,0
08/15/2016 02:00:00 PM,0,0,0
08/15/2016 01:00:00 PM,0,0,0
08/15/2016 12:00:00 PM,0,0,0
08/15/2016 11:00:00 AM,0,0,0
08/15/2016 10:00:00 AM,0,0,0
08/15/2016 09:00:00 AM,0,0,0
08/15/2016 08:00:00 AM,0,0,0
08/15/2016 07:00:00 AM,0,0,0
08/15/2016 06:00:00 AM,0,0,0
08/15/2016 05:00:00 AM,0,0,0
08/15/2016 04:00:00 AM,0,0,0
08/15/2016 03:00:00 AM,0,0,0
08/15/2016 02:00:00 AM,0,0,0
08/15/2016 01:00:00 AM,0,0,0
08/15/2016 12:00:00 AM,0,0,0
08/14/2016 11:00:00 PM,0,0,0
08/14/2016 10:00:00 PM,0,0,0
08/14/2016 09:00:00 PM,0,0,0
08/14/2016 08:00:00 PM,0,0,0
08/14/2016 07:00:00 PM,0,0,0
08/14/2016 06:00:00 PM,0,0,0
08/14/2016 05:00:00 PM,0,0,0
08/14/2016 04:00:00 PM,0,0,0
08/14/2016 03:00:00 PM,0,0,0
08/14/2016 02:00:00 PM,0,0,0
08/14/2016 01:00:00 PM,0,0,0
08/14/2016 12:00:00 PM,0,0,0
08/14/2016 11:00:00 AM,0,0,0
08/14/2016 10:00:00 AM,0,0,0
08/14/2016 09:00:00 AM,0,0,0
08/14/2016 08:00:00 AM,0,0,0
08/14/2016 07:00:00 AM,0,0,0
08/14/2016 06:00:00 AM,0,0,0
08/14/2016 05:00:00 AM,0,0,0
08/14/2016 04:00:00 AM,0,0,0
08/14/2016 03:00:00 AM,0,0,0
08/14/2016 02:00:00 AM,0,0,0
08/14/2016 01:00:00 AM,0,0,0
08/14/2016 12:00:00 AM,0,0,0
08/13/2016 11:00:00 PM,0,0,0
08/13/2016 10:00:00 PM,0,0,0
08/13/2016 09:00:00 PM,0,0,0
08/13/2016 08:00:00 PM,0,0,0
08/13/2016 07:00:00 PM,0,0,0
08/13/2016 06:00:00 PM,0,0,0
08/13/2016 05:00:00 PM,0,0,0
08/13/2016 04:00:00 PM,0,0,0
08/13/2016 03:00:00 PM,0,0,0
08/13/2016 02:00:00 PM,0,0,0
08/13/2016 01:00:00 PM,0,0,0
08/13/2016 12:00:00 PM,0,0,0
08/13/2016 11:00:00 AM,0,0,0
08/13/2016 10:00:00 AM,0,0,0
08/13/2016 09:00:00 AM,0,0,0
08/13/2016 08:00:00 AM,0,0,0
08/13/2016 07:00:00 AM,0,0,0
08/13/2016 06:00:00 AM,0,0,0
08/13/2016 05:00:00 AM,0,0,0
08/13/2016 04:00:00 AM,0,0,0
08/13/2016 03:00:00 AM,0,0,0
08/13/2016 02:00:00 AM,0,0,0
08/13/2016 01:00:00 AM,0,0,0
08/13/2016 12:00:00 AM,0,0,0
08/12/2016 11:00:00 PM,0,0,0
08/12/2016 10:00:00 PM,0,0,0
08/12/2016 09:00:00 PM,0,0,0
08/12/2016 08:00:00 PM,0,0,0
08/12/2016 07:00:00 PM,0,0,0
08/12/2016 06:00:00 PM,0,0,0
08/12/2016 05:00:00 PM,0,0,0
08/12/2016 04:00:00 PM,1,1,0
08/12/2016 03:00:00 PM,0,0,0
08/12/2016 02:00:00 PM,0,0,0
08/12/2016 01:00:00 PM,0,0,0
08/12/2016 12:00:00 PM,0,0,0
08/12/2016 11:00:00 AM,0,0,0
08/12/2016 10:00:00 AM,0,0,0
08/12/2016 09:00:00 AM,0,0,0
08/12/2016 08:00:00 AM,0,0,0
08/12/2016 07:00:00 AM,0,0,0
08/12/2016 06:00:00 AM,0,0,0
08/12/2016 05:00:00 AM,0,0,0
08/12/2016 04:00:00 AM,0,0,0
08/12/2016 03:00:00 AM,0,0,0
08/12/2016 02:00:00 AM,0,0,0
08/12/2016 01:00:00 AM,0,0,0
08/12/2016 12:00:00 AM,0,0,0
08/11/2016 11:00:00 PM,0,0,0
08/11/2016 10:00:00 PM,0,0,0
08/11/2016 09:00:00 PM,0,0,0
08/11/2016 08:00:00 PM,0,0,0
08/11/2016 07:00:00 PM,0,0,0
08/11/2016 06:00:00 PM,0,0,0
08/11/2016 05:00:00 PM,0,0,0
08/11/2016 04:00:00 PM,0,0,0
08/11/2016 03:00:00 PM,0,0,0
08/11/2016 02:00:00 PM,0,0,0
08/11/2016 01:00:00 PM,0,0,0
08/11/2016 12:00:00 PM,0,0,0
08/11/2016 11:00:00 AM,0,0,0
08/11/2016 10:00:00 AM,0,0,0
08/11/2016 09:00:00 AM,0,0,0
08/11/2016 08:00:00 AM,0,0,0
08/11/2016 07:00:00 AM,0,0,0
08/11/2016 06:00:00 AM,0,0,0
08/11/2016 05:00:00 AM,0,0,0
08/11/2016 04:00:00 AM,0,0,0
08/11/2016 03:00:00 AM,0,0,0
08/11/2016 02:00:00 AM,0,0,0
08/11/2016 01:00:00 AM,0,0,0
08/11/2016 12:00:00 AM,0,0,0
08/10/2016 11:00:00 PM,0,0,0
08/10/2016 10:00:00 PM,0,0,0
08/10/2016 09:00:00 PM,0,0,0
08/10/2016 08:00:00 PM,0,0,0
08/10/2016 07:00:00 PM,0,0,0
08/10/2016 06:00:00 PM,0,0,0
08/10/2016 05:00:00 PM,0,0,0
08/10/2016 04:00:00 PM,0,0,0
08/10/2016 03:00:00 PM,0,0,0
08/10/2016 02:00:00 PM,0,0,0
08/10/2016 01:00:00 PM,0,0,0
08/10/2016 12:00:00 PM,0,0,0
08/10/2016 11:00:00 AM,0,0,0
08/10/2016 10:00:00 AM,0,0,0
08/10/2016 09:00:00 AM,1,1,0
08/10/2016 08:00:00 AM,0,0,0
08/10/2016 07:00:00 AM,0,0,0
08/10/2016 06:00:00 AM,0,0,0
08/10/2016 05:00:00 AM,0,0,0
08/10/2016 04:00:00 AM,0,0,0
08/10/2016 03:00:00 AM,0,0,0
08/10/2016 02:00:00 AM,0,0,0
08/10/2016 01:00:00 AM,0,0,0
08/10/2016 12:00:00 AM,0,0,0
08/09/2016 11:00:00 PM,0,0,0
08/09/2016 10:00:00 PM,0,0,0
08/09/2016 09:00:00 PM,0,0,0
08/09/2016 08:00:00 PM,0,0,0
08/09/2016 07:00:00 PM,0,0,0
08/09/2016 06:00:00 PM,0,0,0
08/09/2016 05:00:00 PM,0,0,0
08/09/2016 04:00:00 PM,0,0,0
08/09/2016 03:00:00 PM,0,0,0
08/09/2016 02:00:00 PM,0,0,0
08/09/2016 01:00:00 PM,0,0,0
08/09/2016 12:00:00 PM,0,0,0
08/09/2016 11:00:00 AM,0,0,0
08/09/2016 10:00:00 AM,0,0,0
08/09/2016 09:00:00 AM,0,0,0
08/09/2016 08:00:00 AM,0,0,0
08/09/2016 07:00:00 AM,0,0,0
08/09/2016 06:00:00 AM,0,0,0
08/09/2016 05:00:00 AM,0,0,0
08/09/2016 04:00:00 AM,0,0,0
08/09/2016 03:00:00 AM,0,0,0
08/09/2016 02:00:00 AM,0,0,0
08/09/2016 01:00:00 AM,0,0,0
08/09/2016 12:00:00 AM,0,0,0
08/08/2016 11:00:00 PM,0,0,0
08/08/2016 10:00:00 PM,0,0,0
08/08/2016 09:00:00 PM,0,0,0
08/08/2016 08:00:00 PM,0,0,0
08/08/2016 07:00:00 PM,0,0,0
08/08/2016 06:00:00 PM,0,0,0
08/08/2016 05:00:00 PM,0,0,0
08/08/2016 04:00:00 PM,0,0,0
08/08/2016 03:00:00 PM,0,0,0
08/08/2016 02:00:00 PM,0,0,0
08/08/2016 01:00:00 PM,0,0,0
08/08/2016 12:00:00 PM,0,0,0
08/08/2016 11:00:00 AM,0,0,0
08/08/2016 10:00:00 AM,0,0,0
08/08/2016 09:00:00 AM,0,0,0
08/08/2016 08:00:00 AM,0,0,0
08/08/2016 07:00:00 AM,0,0,0
08/08/2016 06:00:00 AM,0,0,0
08/08/2016 05:00:00 AM,0,0,0
08/08/2016 04:00:00 AM,0,0,0
08/08/2016 03:00:00 AM,0,0,0
08/08/2016 02:00:00 AM,0,0,0
08/08/2016 01:00:00 AM,0,0,0
08/08/2016 12:00:00 AM,0,0,0
08/07/2016 11:00:00 PM,0,0,0
08/07/2016 10:00:00 PM,0,0,0
08/07/2016 09:00:00 PM,0,0,0
08/07/2016 08:00:00 PM,0,0,0
08/07/2016 07:00:00 PM,0,0,0
08/07/2016 06:00:00 PM,0,0,0
08/07/2016 05:00:00 PM,0,0,0
08/07/2016 04:00:00 PM,0,0,0
08/07/2016 03:00:00 PM,1,1,0
08/07/2016 02:00:00 PM,0,0,0
08/07/2016 01:00:00 PM,0,0,0
08/07/2016 12:00:00 PM,0,0,0
08/07/2016 11:00:00 AM,0,0,0
08/07/2016 10:00:00 AM,0,0,0
08/07/2016 09:00:00 AM,0,0,0
08/07/2016 08:00:00 AM,0,0,0
08/07/2016 07:00:00 AM,0,0,0
08/07/2016 06:00:00 AM,0,0,0
08/07/2016 05:00:00 AM,0,0,0
08/07/2016 04:00:00 AM,0,0,0
08/07/2016 03:00:00 AM,0,0,0
08/07/2016 02:00:00 AM,0,0,0
08/07/2016 01:00:00 AM,0,0,0
08/07/2016 12:00:00 AM,0,0,0
08/06/2016 11:00:00 PM,0,0,0
08/06/2016 10:00:00 PM,0,0,0
08/06/2016 09:00:00 PM,0,0,0
08/06/2016 08:00:00 PM,0,0,0
08/06/2016 07:00:00 PM,0,0,0
08/06/2016 06:00:00 PM,0,0,0
08/06/2016 05:00:00 PM,0,0,0
08/06/2016 04:00:00 PM,0,0,0
08/06/2016 03:00:00 PM,0,0,0
08/06/2016 02:00:00 PM,0,0,0
08/06/2016 01:00:00 PM,0,0,0
08/06/2016 12:00:00 PM,0,0,0
08/06/2016 11:00:00 AM,0,0,0
08/06/2016 10:00:00 AM,0,0,0
08/06/2016 09:00:00 AM,0,0,0
08/06/2016 08:00:00 AM,0,0,0
08/06/2016 07:00:00 AM,0,0,0
08/06/2016 06:00:00 AM,0,0,0
08/06/2016 05:00:00 AM,0,0,0
08/06/2016 04:00:00 AM,0,0,0
08/06/2016 03:00:00 AM,0,0,0
08/06/2016 02:00:00 AM,0,0,0
08/06/2016 01:00:00 AM,0,0,0
08/06/2016 12:00:00 AM,0,0,0
08/05/2016 11:00:00 PM,1,1,0
08/05/2016 10:00:00 PM,0,0,0
08/05/2016 09:00:00 PM,0,0,0
08/05/2016 08:00:00 PM,0,0,0
08/05/2016 07:00:00 PM,2,2,0
08/05/2016 06:00:00 PM,0,0,0
08/05/2016 05:00:00 PM,0,0,0
08/05/2016 04:00:00 PM,0,0,0
08/05/2016 03:00:00 PM,0,0,0
08/05/2016 02:00:00 PM,0,0,0
08/05/2016 01:00:00 PM,0,0,0
08/05/2016 12:00:00 PM,0,0,0
08/05/2016 11:00:00 AM,0,0,0
08/05/2016 10:00:00 AM,0,0,0
08/05/2016 09:00:00 AM,0,0,0
08/05/2016 08:00:00 AM,0,0,0
08/05/2016 07:00:00 AM,0,0,0
08/05/2016 06:00:00 AM,0,0,0
08/05/2016 05:00:00 AM,0,0,0
08/05/2016 04:00:00 AM,0,0,0
08/05/2016 03:00:00 AM,0,0,0
08/05/2016 02:00:00 AM,0,0,0
08/05/2016 01:00:00 AM,0,0,0
08/05/2016 12:00:00 AM,0,0,0
08/04/2016 11:00:00 PM,0,0,0
08/04/2016 10:00:00 PM,0,0,0
08/04/2016 09:00:00 PM,0,0,0
08/04/2016 08:00:00 PM,0,0,0
08/04/2016 07:00:00 PM,1,1,0
08/04/2016 06:00:00 PM,0,0,0
08/04/2016 05:00:00 PM,0,0,0
08/04/2016 04:00:00 PM,0,0,0
08/04/2016 03:00:00 PM,0,0,0
08/04/2016 02:00:00 PM,0,0,0
08/04/2016 01:00:00 PM,0,0,0
08/04/2016 12:00:00 PM,0,0,0
08/04/2016 11:00:00 AM,0,0,0
08/04/2016 10:00:00 AM,0,0,0
08/04/2016 09:00:00 AM,0,0,0
08/04/2016 08:00:00 AM,0,0,0
08/04/2016 07:00:00 AM,0,0,0
08/04/2016 06:00:00 AM,0,0,0
08/04/2016 05:00:00 AM,0,0,0
08/04/2016 04:00:00 AM,0,0,0
08/04/2016 03:00:00 AM,0,0,0
08/04/2016 02:00:00 AM,0,0,0
08/04/2016 01:00:00 AM,0,0,0
08/04/2016 12:00:00 AM,0,0,0
08/03/2016 11:00:00 PM,0,0,0
08/03/2016 10:00:00 PM,0,0,0
08/03/2016 09:00:00 PM,0,0,0
08/03/2016 08:00:00 PM,0,0,0
08/03/2016 07:00:00 PM,0,0,0
08/03/2016 06:00:00 PM,0,0,0
08/03/2016 05:00:00 PM,0,0,0
08/03/2016 04:00:00 PM,1,1,0
08/03/2016 03:00:00 PM,1,1,0
08/03/2016 02:00:00 PM,0,0,0
08/03/2016 01:00:00 PM,0,0,0
08/03/2016 12:00:00 PM,0,0,0
08/03/2016 11:00:00 AM,0,0,0
08/03/2016 10:00:00 AM,0,0,0
08/03/2016 09:00:00 AM,0,0,0
08/03/2016 08:00:00 AM,0,0,0
08/03/2016 07:00:00 AM,0,0,0
08/03/2016 06:00:00 AM,0,0,0
08/03/2016 05:00:00 AM,0,0,0
08/03/2016 04:00:00 AM,0,0,0
08/03/2016 03:00:00 AM,0,0,0
08/03/2016 02:00:00 AM,0,0,0
08/03/2016 01:00:00 AM,0,0,0
08/03/2016 12:00:00 AM,0,0,0
08/02/2016 11:00:00 PM,0,0,0
08/02/2016 10:00:00 PM,0,0,0
08/02/2016 09:00:00 PM,0,0,0
08/02/2016 08:00:00 PM,0,0,0
08/02/2016 07:00:00 PM,0,0,0
08/02/2016 06:00:00 PM,0,0,0
08/02/2016 05:00:00 PM,0,0,0
08/02/2016 04:00:00 PM,0,0,0
08/02/2016 03:00:00 PM,0,0,0
08/02/2016 02:00:00 PM,0,0,0
08/02/2016 01:00:00 PM,3,3,0
08/02/2016 12:00:00 PM,1,1,0
08/02/2016 11:00:00 AM,1,0,1
08/02/2016 10:00:00 AM,1,1,0
08/02/2016 09:00:00 AM,0,0,0
08/02/2016 08:00:00 AM,1,1,0
08/02/2016 07:00:00 AM,1,1,0
08/02/2016 06:00:00 AM,0,0,0
08/02/2016 05:00:00 AM,0,0,0
08/02/2016 04:00:00 AM,0,0,0
08/02/2016 03:00:00 AM,0,0,0
08/02/2016 02:00:00 AM,0,0,0
08/02/2016 01:00:00 AM,0,0,0
08/02/2016 12:00:00 AM,0,0,0
08/01/2016 11:00:00 PM,0,0,0
08/01/2016 10:00:00 PM,0,0,0
08/01/2016 09:00:00 PM,0,0,0
08/01/2016 08:00:00 PM,0,0,0
08/01/2016 07:00:00 PM,0,0,0
08/01/2016 06:00:00 PM,0,0,0
08/01/2016 05:00:00 PM,0,0,0
08/01/2016 04:00:00 PM,0,0,0
08/01/2016 03:00:00 PM,1,1,0
08/01/2016 02:00:00 PM,2,2,0
08/01/2016 01:00:00 PM,0,0,0
08/01/2016 12:00:00 PM,0,0,0
08/01/2016 11:00:00 AM,0,0,0
08/01/2016 10:00:00 AM,0,0,0
08/01/2016 09:00:00 AM,0,0,0
08/01/2016 08:00:00 AM,0,0,0
08/01/2016 07:00:00 AM,0,0,0
08/01/2016 06:00:00 AM,0,0,0
08/01/2016 05:00:00 AM,0,0,0
08/01/2016 04:00:00 AM,0,0,0
08/01/2016 03:00:00 AM,0,0,0
08/01/2016 02:00:00 AM,0,0,0
08/01/2016 01:00:00 AM,0,0,0
08/01/2016 12:00:00 AM,0,0,0
07/31/2016 11:00:00 PM,0,0,0
07/31/2016 10:00:00 PM,0,0,0
07/31/2016 09:00:00 PM,0,0,0
07/31/2016 08:00:00 PM,0,0,0
07/31/2016 07:00:00 PM,0,0,0
07/31/2016 06:00:00 PM,0,0,0
07/31/2016 05:00:00 PM,0,0,0
07/31/2016 04:00:00 PM,0,0,0
07/31/2016 03:00:00 PM,0,0,0
07/31/2016 02:00:00 PM,0,0,0
07/31/2016 01:00:00 PM,0,0,0
07/31/2016 12:00:00 PM,0,0,0
07/31/2016 11:00:00 AM,0,0,0
07/31/2016 10:00:00 AM,0,0,0
07/31/2016 09:00:00 AM,0,0,0
07/31/2016 08:00:00 AM,0,0,0
07/31/2016 07:00:00 AM,0,0,0
07/31/2016 06:00:00 AM,0,0,0
07/31/2016 05:00:00 AM,0,0,0
07/31/2016 04:00:00 AM,0,0,0
07/31/2016 03:00:00 AM,0,0,0
07/31/2016 02:00:00 AM,0,0,0
07/31/2016 01:00:00 AM,0,0,0
07/31/2016 12:00:00 AM,0,0,0
07/30/2016 11:00:00 PM,0,0,0
07/30/2016 10:00:00 PM,0,0,0
07/30/2016 09:00:00 PM,0,0,0
07/30/2016 08:00:00 PM,0,0,0
07/30/2016 07:00:00 PM,0,0,0
07/30/2016 06:00:00 PM,0,0,0
07/30/2016 05:00:00 PM,0,0,0
07/30/2016 04:00:00 PM,0,0,0
07/30/2016 03:00:00 PM,0,0,0
07/30/2016 02:00:00 PM,0,0,0
07/30/2016 01:00:00 PM,0,0,0
07/30/2016 12:00:00 PM,0,0,0
07/30/2016 11:00:00 AM,0,0,0
07/30/2016 10:00:00 AM,0,0,0
07/30/2016 09:00:00 AM,0,0,0
07/30/2016 08:00:00 AM,0,0,0
07/30/2016 07:00:00 AM,0,0,0
07/30/2016 06:00:00 AM,0,0,0
07/30/2016 05:00:00 AM,0,0,0
07/30/2016 04:00:00 AM,0,0,0
07/30/2016 03:00:00 AM,0,0,0
07/30/2016 02:00:00 AM,0,0,0
07/30/2016 01:00:00 AM,0,0,0
07/30/2016 12:00:00 AM,0,0,0
07/29/2016 11:00:00 PM,0,0,0
07/29/2016 10:00:00 PM,0,0,0
07/29/2016 09:00:00 PM,0,0,0
07/29/2016 08:00:00 PM,0,0,0
07/29/2016 07:00:00 PM,0,0,0
07/29/2016 06:00:00 PM,0,0,0
07/29/2016 05:00:00 PM,0,0,0
07/29/2016 04:00:00 PM,0,0,0
07/29/2016 03:00:00 PM,0,0,0
07/29/2016 02:00:00 PM,0,0,0
07/29/2016 01:00:00 PM,0,0,0
07/29/2016 12:00:00 PM,0,0,0
07/29/2016 11:00:00 AM,0,0,0
07/29/2016 10:00:00 AM,0,0,0
07/29/2016 09:00:00 AM,0,0,0
07/29/2016 08:00:00 AM,0,0,0
07/29/2016 07:00:00 AM,0,0,0
07/29/2016 06:00:00 AM,0,0,0
07/29/2016 05:00:00 AM,0,0,0
07/29/2016 04:00:00 AM,0,0,0
07/29/2016 03:00:00 AM,0,0,0
07/29/2016 02:00:00 AM,0,0,0
07/29/2016 01:00:00 AM,0,0,0
07/29/2016 12:00:00 AM,0,0,0
07/28/2016 11:00:00 PM,0,0,0
07/28/2016 10:00:00 PM,0,0,0
07/28/2016 09:00:00 PM,0,0,0
07/28/2016 08:00:00 PM,0,0,0
07/28/2016 07:00:00 PM,0,0,0
07/28/2016 06:00:00 PM,0,0,0
07/28/2016 05:00:00 PM,0,0,0
07/28/2016 04:00:00 PM,0,0,0
07/28/2016 03:00:00 PM,0,0,0
07/28/2016 02:00:00 PM,1,1,0
07/28/2016 01:00:00 PM,0,0,0
07/28/2016 12:00:00 PM,0,0,0
07/28/2016 11:00:00 AM,0,0,0
07/28/2016 10:00:00 AM,0,0,0
07/28/2016 09:00:00 AM,0,0,0
07/28/2016 08:00:00 AM,0,0,0
07/28/2016 07:00:00 AM,0,0,0
07/28/2016 06:00:00 AM,0,0,0
07/28/2016 05:00:00 AM,0,0,0
07/28/2016 04:00:00 AM,0,0,0
07/28/2016 03:00:00 AM,0,0,0
07/28/2016 02:00:00 AM,0,0,0
07/28/2016 01:00:00 AM,0,0,0
07/28/2016 12:00:00 AM,0,0,0
07/27/2016 11:00:00 PM,0,0,0
07/27/2016 10:00:00 PM,0,0,0
07/27/2016 09:00:00 PM,0,0,0
07/27/2016 08:00:00 PM,0,0,0
07/27/2016 07:00:00 PM,0,0,0
07/27/2016 06:00:00 PM,0,0,0
07/27/2016 05:00:00 PM,0,0,0
07/27/2016 04:00:00 PM,0,0,0
07/27/2016 03:00:00 PM,0,0,0
07/27/2016 02:00:00 PM,0,0,0
07/27/2016 01:00:00 PM,0,0,0
07/27/2016 12:00:00 PM,0,0,0
07/27/2016 11:00:00 AM,0,0,0
07/27/2016 10:00:00 AM,0,0,0
07/27/2016 09:00:00 AM,0,0,0
07/27/2016 08:00:00 AM,0,0,0
07/27/2016 07:00:00 AM,0,0,0
07/27/2016 06:00:00 AM,0,0,0
07/27/2016 05:00:00 AM,0,0,0
07/27/2016 04:00:00 AM,0,0,0
07/27/2016 03:00:00 AM,0,0,0
07/27/2016 02:00:00 AM,0,0,0
07/27/2016 01:00:00 AM,0,0,0
07/27/2016 12:00:00 AM,0,0,0
07/26/2016 11:00:00 PM,0,0,0
07/26/2016 10:00:00 PM,0,0,0
07/26/2016 09:00:00 PM,0,0,0
07/26/2016 08:00:00 PM,0,0,0
07/26/2016 07:00:00 PM,0,0,0
07/26/2016 06:00:00 PM,0,0,0
07/26/2016 05:00:00 PM,0,0,0
07/26/2016 04:00:00 PM,0,0,0
07/26/2016 03:00:00 PM,0,0,0
07/26/2016 02:00:00 PM,0,0,0
07/26/2016 01:00:00 PM,0,0,0
07/26/2016 12:00:00 PM,0,0,0
07/26/2016 11:00:00 AM,0,0,0
07/26/2016 10:00:00 AM,0,0,0
07/26/2016 09:00:00 AM,0,0,0
07/26/2016 08:00:00 AM,0,0,0
07/26/2016 07:00:00 AM,0,0,0
07/26/2016 06:00:00 AM,0,0,0
07/26/2016 05:00:00 AM,0,0,0
07/26/2016 04:00:00 AM,0,0,0
07/26/2016 03:00:00 AM,0,0,0
07/26/2016 02:00:00 AM,0,0,0
07/26/2016 01:00:00 AM,0,0,0
07/26/2016 12:00:00 AM,0,0,0
07/25/2016 11:00:00 PM,0,0,0
07/25/2016 10:00:00 PM,0,0,0
07/25/2016 09:00:00 PM,0,0,0
07/25/2016 08:00:00 PM,0,0,0
07/25/2016 07:00:00 PM,0,0,0
07/25/2016 06:00:00 PM,0,0,0
07/25/2016 05:00:00 PM,0,0,0
07/25/2016 04:00:00 PM,0,0,0
07/25/2016 03:00:00 PM,0,0,0
07/25/2016 02:00:00 PM,0,0,0
07/25/2016 01:00:00 PM,0,0,0
07/25/2016 12:00:00 PM,0,0,0
07/25/2016 11:00:00 AM,0,0,0
07/25/2016 10:00:00 AM,0,0,0
07/25/2016 09:00:00 AM,0,0,0
07/25/2016 08:00:00 AM,0,0,0
07/25/2016 07:00:00 AM,0,0,0
07/25/2016 06:00:00 AM,0,0,0
07/25/2016 05:00:00 AM,0,0,0
07/25/2016 04:00:00 AM,0,0,0
07/25/2016 03:00:00 AM,0,0,0
07/25/2016 02:00:00 AM,0,0,0
07/25/2016 01:00:00 AM,0,0,0
07/25/2016 12:00:00 AM,0,0,0
07/24/2016 11:00:00 PM,0,0,0
07/24/2016 10:00:00 PM,0,0,0
07/24/2016 09:00:00 PM,0,0,0
07/24/2016 08:00:00 PM,0,0,0
07/24/2016 07:00:00 PM,0,0,0
07/24/2016 06:00:00 PM,0,0,0
07/24/2016 05:00:00 PM,0,0,0
07/24/2016 04:00:00 PM,0,0,0
07/24/2016 03:00:00 PM,0,0,0
07/24/2016 02:00:00 PM,0,0,0
07/24/2016 01:00:00 PM,0,0,0
07/24/2016 12:00:00 PM,0,0,0
07/24/2016 11:00:00 AM,0,0,0
07/24/2016 10:00:00 AM,0,0,0
07/24/2016 09:00:00 AM,0,0,0
07/24/2016 08:00:00 AM,0,0,0
07/24/2016 07:00:00 AM,0,0,0
07/24/2016 06:00:00 AM,0,0,0
07/24/2016 05:00:00 AM,0,0,0
07/24/2016 04:00:00 AM,0,0,0
07/24/2016 03:00:00 AM,0,0,0
07/24/2016 02:00:00 AM,0,0,0
07/24/2016 01:00:00 AM,0,0,0
07/24/2016 12:00:00 AM,0,0,0
07/23/2016 11:00:00 PM,0,0,0
07/23/2016 10:00:00 PM,0,0,0
07/23/2016 09:00:00 PM,0,0,0
07/23/2016 08:00:00 PM,0,0,0
07/23/2016 07:00:00 PM,0,0,0
07/23/2016 06:00:00 PM,0,0,0
07/23/2016 05:00:00 PM,0,0,0
07/23/2016 04:00:00 PM,0,0,0
07/23/2016 03:00:00 PM,0,0,0
07/23/2016 02:00:00 PM,0,0,0
07/23/2016 01:00:00 PM,0,0,0
07/23/2016 12:00:00 PM,0,0,0
07/23/2016 11:00:00 AM,0,0,0
07/23/2016 10:00:00 AM,0,0,0
07/23/2016 09:00:00 AM,0,0,0
07/23/2016 08:00:00 AM,0,0,0
07/23/2016 07:00:00 AM,0,0,0
07/23/2016 06:00:00 AM,0,0,0
07/23/2016 05:00:00 AM,0,0,0
07/23/2016 04:00:00 AM,0,0,0
07/23/2016 03:00:00 AM,0,0,0
07/23/2016 02:00:00 AM,0,0,0
07/23/2016 01:00:00 AM,0,0,0
07/23/2016 12:00:00 AM,0,0,0
07/22/2016 11:00:00 PM,0,0,0
07/22/2016 10:00:00 PM,0,0,0
07/22/2016 09:00:00 PM,0,0,0
07/22/2016 08:00:00 PM,0,0,0
07/22/2016 07:00:00 PM,0,0,0
07/22/2016 06:00:00 PM,0,0,0
07/22/2016 05:00:00 PM,0,0,0
07/22/2016 04:00:00 PM,0,0,0
07/22/2016 03:00:00 PM,0,0,0
07/22/2016 02:00:00 PM,0,0,0
07/22/2016 01:00:00 PM,0,0,0
07/22/2016 12:00:00 PM,0,0,0
07/22/2016 11:00:00 AM,0,0,0
07/22/2016 10:00:00 AM,0,0,0
07/22/2016 09:00:00 AM,0,0,0
07/22/2016 08:00:00 AM,0,0,0
07/22/2016 07:00:00 AM,0,0,0
07/22/2016 06:00:00 AM,0,0,0
07/22/2016 05:00:00 AM,0,0,0
07/22/2016 04:00:00 AM,0,0,0
07/22/2016 03:00:00 AM,0,0,0
07/22/2016 02:00:00 AM,0,0,0
07/22/2016 01:00:00 AM,0,0,0
07/22/2016 12:00:00 AM,0,0,0
07/21/2016 11:00:00 PM,0,0,0
07/21/2016 10:00:00 PM,0,0,0
07/21/2016 09:00:00 PM,0,0,0
07/21/2016 08:00:00 PM,0,0,0
07/21/2016 07:00:00 PM,0,0,0
07/21/2016 06:00:00 PM,0,0,0
07/21/2016 05:00:00 PM,0,0,0
07/21/2016 04:00:00 PM,0,0,0
07/21/2016 03:00:00 PM,0,0,0
07/21/2016 02:00:00 PM,0,0,0
07/21/2016 01:00:00 PM,0,0,0
07/21/2016 12:00:00 PM,0,0,0
07/21/2016 11:00:00 AM,0,0,0
07/21/2016 10:00:00 AM,0,0,0
07/21/2016 09:00:00 AM,0,0,0
07/21/2016 08:00:00 AM,0,0,0
07/21/2016 07:00:00 AM,0,0,0
07/21/2016 06:00:00 AM,0,0,0
07/21/2016 05:00:00 AM,0,0,0
07/21/2016 04:00:00 AM,0,0,0
07/21/2016 03:00:00 AM,0,0,0
07/21/2016 02:00:00 AM,0,0,0
07/21/2016 01:00:00 AM,0,0,0
07/21/2016 12:00:00 AM,0,0,0
07/20/2016 11:00:00 PM,0,0,0
07/20/2016 10:00:00 PM,0,0,0
07/20/2016 09:00:00 PM,0,0,0
07/20/2016 08:00:00 PM,0,0,0
07/20/2016 07:00:00 PM,0,0,0
07/20/2016 06:00:00 PM,0,0,0
07/20/2016 05:00:00 PM,1,1,0
07/20/2016 04:00:00 PM,0,0,0
07/20/2016 03:00:00 PM,0,0,0
07/20/2016 02:00:00 PM,0,0,0
07/20/2016 01:00:00 PM,0,0,0
07/20/2016 12:00:00 PM,0,0,0
07/20/2016 11:00:00 AM,0,0,0
07/20/2016 10:00:00 AM,0,0,0
07/20/2016 09:00:00 AM,0,0,0
07/20/2016 08:00:00 AM,0,0,0
07/20/2016 07:00:00 AM,0,0,0
07/20/2016 06:00:00 AM,0,0,0
07/20/2016 05:00:00 AM,0,0,0
07/20/2016 04:00:00 AM,0,0,0
07/20/2016 03:00:00 AM,0,0,0
07/20/2016 02:00:00 AM,0,0,0
07/20/2016 01:00:00 AM,0,0,0
07/20/2016 12:00:00 AM,0,0,0
07/19/2016 11:00:00 PM,0,0,0
07/19/2016 10:00:00 PM,0,0,0
07/19/2016 09:00:00 PM,0,0,0
07/19/2016 08:00:00 PM,0,0,0
07/19/2016 07:00:00 PM,0,0,0
07/19/2016 06:00:00 PM,0,0,0
07/19/2016 05:00:00 PM,0,0,0
07/19/2016 04:00:00 PM,0,0,0
07/19/2016 03:00:00 PM,0,0,0
07/19/2016 02:00:00 PM,0,0,0
07/19/2016 01:00:00 PM,0,0,0
07/19/2016 12:00:00 PM,0,0,0
07/19/2016 11:00:00 AM,0,0,0
07/19/2016 10:00:00 AM,0,0,0
07/19/2016 09:00:00 AM,0,0,0
07/19/2016 08:00:00 AM,0,0,0
07/19/2016 07:00:00 AM,0,0,0
07/19/2016 06:00:00 AM,0,0,0
07/19/2016 05:00:00 AM,0,0,0
07/19/2016 04:00:00 AM,0,0,0
07/19/2016 03:00:00 AM,0,0,0
07/19/2016 02:00:00 AM,0,0,0
07/19/2016 01:00:00 AM,0,0,0
07/19/2016 12:00:00 AM,0,0,0
07/18/2016 11:00:00 PM,0,0,0
07/18/2016 10:00:00 PM,0,0,0
07/18/2016 09:00:00 PM,0,0,0
07/18/2016 08:00:00 PM,0,0,0
07/18/2016 07:00:00 PM,0,0,0
07/18/2016 06:00:00 PM,0,0,0
07/18/2016 05:00:00 PM,0,0,0
07/18/2016 04:00:00 PM,0,0,0
07/18/2016 03:00:00 PM,0,0,0
07/18/2016 02:00:00 PM,0,0,0
07/18/2016 01:00:00 PM,0,0,0
07/18/2016 12:00:00 PM,0,0,0
07/18/2016 11:00:00 AM,0,0,0
07/18/2016 10:00:00 AM,0,0,0
07/18/2016 09:00:00 AM,0,0,0
07/18/2016 08:00:00 AM,0,0,0
07/18/2016 07:00:00 AM,0,0,0
07/18/2016 06:00:00 AM,0,0,0
07/18/2016 05:00:00 AM,0,0,0
07/18/2016 04:00:00 AM,0,0,0
07/18/2016 03:00:00 AM,0,0,0
07/18/2016 02:00:00 AM,0,0,0
07/18/2016 01:00:00 AM,0,0,0
07/18/2016 12:00:00 AM,0,0,0
07/17/2016 11:00:00 PM,0,0,0
07/17/2016 10:00:00 PM,0,0,0
07/17/2016 09:00:00 PM,0,0,0
07/17/2016 08:00:00 PM,0,0,0
07/17/2016 07:00:00 PM,0,0,0
07/17/2016 06:00:00 PM,0,0,0
07/17/2016 05:00:00 PM,0,0,0
07/17/2016 04:00:00 PM,0,0,0
07/17/2016 03:00:00 PM,0,0,0
07/17/2016 02:00:00 PM,0,0,0
07/17/2016 01:00:00 PM,0,0,0
07/17/2016 12:00:00 PM,0,0,0
07/17/2016 11:00:00 AM,0,0,0
07/17/2016 10:00:00 AM,0,0,0
07/17/2016 09:00:00 AM,0,0,0
07/17/2016 08:00:00 AM,0,0,0
07/17/2016 07:00:00 AM,0,0,0
07/17/2016 06:00:00 AM,0,0,0
07/17/2016 05:00:00 AM,0,0,0
07/17/2016 04:00:00 AM,0,0,0
07/17/2016 03:00:00 AM,0,0,0
07/17/2016 02:00:00 AM,0,0,0
07/17/2016 01:00:00 AM,0,0,0
07/17/2016 12:00:00 AM,0,0,0
07/16/2016 11:00:00 PM,0,0,0
07/16/2016 10:00:00 PM,0,0,0
07/16/2016 09:00:00 PM,0,0,0
07/16/2016 08:00:00 PM,0,0,0
07/16/2016 07:00:00 PM,0,0,0
07/16/2016 06:00:00 PM,0,0,0
07/16/2016 05:00:00 PM,0,0,0
07/16/2016 04:00:00 PM,0,0,0
07/16/2016 03:00:00 PM,0,0,0
07/16/2016 02:00:00 PM,9,6,3
07/16/2016 01:00:00 PM,21,6,15
07/16/2016 12:00:00 PM,13,5,8
07/16/2016 11:00:00 AM,15,7,8
07/16/2016 10:00:00 AM,7,2,5
07/16/2016 09:00:00 AM,7,3,4
07/16/2016 08:00:00 AM,4,0,4
07/16/2016 07:00:00 AM,4,3,1
07/16/2016 06:00:00 AM,0,0,0
07/16/2016 05:00:00 AM,0,0,0
07/16/2016 04:00:00 AM,1,1,0
07/16/2016 03:00:00 AM,0,0,0
07/16/2016 02:00:00 AM,1,1,0
07/16/2016 01:00:00 AM,2,1,1
07/16/2016 12:00:00 AM,2,0,2
07/15/2016 11:00:00 PM,5,3,2
07/15/2016 10:00:00 PM,1,0,1
07/15/2016 09:00:00 PM,9,7,2
07/15/2016 08:00:00 PM,7,6,1
07/15/2016 07:00:00 PM,6,3,3
07/15/2016 06:00:00 PM,13,8,5
07/15/2016 05:00:00 PM,20,9,11
07/15/2016 04:00:00 PM,18,5,13
07/15/2016 03:00:00 PM,25,16,9
07/15/2016 02:00:00 PM,12,8,4
07/15/2016 01:00:00 PM,10,8,2
07/15/2016 12:00:00 PM,6,1,5
07/15/2016 11:00:00 AM,11,5,6
07/15/2016 10:00:00 AM,9,5,4
07/15/2016 09:00:00 AM,10,5,5
07/15/2016 08:00:00 AM,12,5,7
07/15/2016 07:00:00 AM,5,4,1
07/15/2016 06:00:00 AM,5,3,2
07/15/2016 05:00:00 AM,1,0,1
07/15/2016 04:00:00 AM,0,0,0
07/15/2016 03:00:00 AM,0,0,0
07/15/2016 02:00:00 AM,1,1,0
07/15/2016 01:00:00 AM,0,0,0
07/15/2016 12:00:00 AM,1,0,1
07/14/2016 11:00:00 PM,1,0,1
07/14/2016 10:00:00 PM,9,7,2
07/14/2016 09:00:00 PM,14,9,5
07/14/2016 08:00:00 PM,10,9,1
07/14/2016 07:00:00 PM,26,17,9
07/14/2016 06:00:00 PM,27,13,14
07/14/2016 05:00:00 PM,13,9,4
07/14/2016 04:00:00 PM,20,10,10
07/14/2016 03:00:00 PM,11,5,6
07/14/2016 02:00:00 PM,6,2,4
07/14/2016 01:00:00 PM,11,3,8
07/14/2016 12:00:00 PM,17,5,12
07/14/2016 11:00:00 AM,13,8,5
07/14/2016 10:00:00 AM,12,6,6
07/14/2016 09:00:00 AM,8,6,2
07/14/2016 08:00:00 AM,15,9,6
07/14/2016 07:00:00 AM,6,4,2
07/14/2016 06:00:00 AM,5,2,3
07/14/2016 05:00:00 AM,0,0,0
07/14/2016 04:00:00 AM,1,0,1
07/14/2016 03:00:00 AM,0,0,0
07/14/2016 02:00:00 AM,0,0,0
07/14/2016 01:00:00 AM,0,0,0
07/14/2016 12:00:00 AM,3,0,3
07/13/2016 11:00:00 PM,1,1,0
07/13/2016 10:00:00 PM,3,3,0
07/13/2016 09:00:00 PM,4,2,2
07/13/2016 08:00:00 PM,14,9,5
07/13/2016 07:00:00 PM,9,4,5
07/13/2016 06:00:00 PM,26,9,17
07/13/2016 05:00:00 PM,27,14,13
07/13/2016 04:00:00 PM,17,9,8
07/13/2016 03:00:00 PM,20,13,7
07/13/2016 02:00:00 PM,9,6,3
07/13/2016 01:00:00 PM,14,9,5
07/13/2016 12:00:00 PM,14,7,7
07/13/2016 11:00:00 AM,21,8,13
07/13/2016 10:00:00 AM,16,4,12
07/13/2016 09:00:00 AM,9,4,5
07/13/2016 08:00:00 AM,16,5,11
07/13/2016 07:00:00 AM,8,6,2
07/13/2016 06:00:00 AM,5,4,1
07/13/2016 05:00:00 AM,1,0,1
07/13/2016 04:00:00 AM,2,1,1
07/13/2016 03:00:00 AM,0,0,0
07/13/2016 02:00:00 AM,0,0,0
07/13/2016 01:00:00 AM,0,0,0
07/13/2016 12:00:00 AM,1,1,0
07/12/2016 11:00:00 PM,2,2,0
07/12/2016 10:00:00 PM,1,0,1
07/12/2016 09:00:00 PM,12,11,1
07/12/2016 08:00:00 PM,10,6,4
07/12/2016 07:00:00 PM,13,3,10
07/12/2016 06:00:00 PM,19,10,9
07/12/2016 05:00:00 PM,12,6,6
07/12/2016 04:00:00 PM,16,16,0
07/12/2016 03:00:00 PM,13,8,5
07/12/2016 02:00:00 PM,13,6,7
07/12/2016 01:00:00 PM,17,7,10
07/12/2016 12:00:00 PM,14,9,5
07/12/2016 11:00:00 AM,21,7,14
07/12/2016 10:00:00 AM,8,2,6
07/12/2016 09:00:00 AM,10,6,4
07/12/2016 08:00:00 AM,14,6,8
07/12/2016 07:00:00 AM,5,4,1
07/12/2016 06:00:00 AM,2,1,1
07/12/2016 05:00:00 AM,0,0,0
07/12/2016 04:00:00 AM,1,0,1
07/12/2016 03:00:00 AM,0,0,0
07/12/2016 02:00:00 AM,0,0,0
07/12/2016 01:00:00 AM,0,0,0
07/12/2016 12:00:00 AM,0,0,0
07/11/2016 11:00:00 PM,1,1,0
07/11/2016 10:00:00 PM,2,2,0
07/11/2016 09:00:00 PM,10,6,4
07/11/2016 08:00:00 PM,14,10,4
07/11/2016 07:00:00 PM,11,7,4
07/11/2016 06:00:00 PM,24,16,8
07/11/2016 05:00:00 PM,24,10,14
07/11/2016 04:00:00 PM,16,9,7
07/11/2016 03:00:00 PM,8,6,2
07/11/2016 02:00:00 PM,8,5,3
07/11/2016 01:00:00 PM,9,5,4
07/11/2016 12:00:00 PM,9,3,6
07/11/2016 11:00:00 AM,10,5,5
07/11/2016 10:00:00 AM,5,2,3
07/11/2016 09:00:00 AM,12,5,7
07/11/2016 08:00:00 AM,11,6,5
07/11/2016 07:00:00 AM,11,3,8
07/11/2016 06:00:00 AM,4,3,1
07/11/2016 05:00:00 AM,1,0,1
07/11/2016 04:00:00 AM,0,0,0
07/11/2016 03:00:00 AM,0,0,0
07/11/2016 02:00:00 AM,0,0,0
07/11/2016 01:00:00 AM,0,0,0
07/11/2016 12:00:00 AM,0,0,0
07/10/2016 11:00:00 PM,1,1,0
07/10/2016 10:00:00 PM,5,3,2
07/10/2016 09:00:00 PM,11,8,3
07/10/2016 08:00:00 PM,13,8,5
07/10/2016 07:00:00 PM,24,11,13
07/10/2016 06:00:00 PM,12,6,6
07/10/2016 05:00:00 PM,32,21,11
07/10/2016 04:00:00 PM,25,9,16
07/10/2016 03:00:00 PM,33,19,14
07/10/2016 02:00:00 PM,41,20,21
07/10/2016 01:00:00 PM,37,17,20
07/10/2016 12:00:00 PM,22,13,9
07/10/2016 11:00:00 AM,30,16,14
07/10/2016 10:00:00 AM,29,11,18
07/10/2016 09:00:00 AM,5,3,2
07/10/2016 08:00:00 AM,2,2,0
07/10/2016 07:00:00 AM,1,1,0
07/10/2016 06:00:00 AM,2,1,1
07/10/2016 05:00:00 AM,4,2,2
07/10/2016 04:00:00 AM,0,0,0
07/10/2016 03:00:00 AM,0,0,0
07/10/2016 02:00:00 AM,2,1,1
07/10/2016 01:00:00 AM,3,3,0
07/10/2016 12:00:00 AM,3,2,1
07/09/2016 11:00:00 PM,2,1,1
07/09/2016 10:00:00 PM,12,9,3
07/09/2016 09:00:00 PM,5,5,0
07/09/2016 08:00:00 PM,19,9,10
07/09/2016 07:00:00 PM,14,10,4
07/09/2016 06:00:00 PM,28,15,13
07/09/2016 05:00:00 PM,20,12,8
07/09/2016 04:00:00 PM,40,19,21
07/09/2016 03:00:00 PM,28,15,13
07/09/2016 02:00:00 PM,25,9,16
07/09/2016 01:00:00 PM,26,12,14
07/09/2016 12:00:00 PM,37,17,20
07/09/2016 11:00:00 AM,13,6,7
07/09/2016 10:00:00 AM,16,7,9
07/09/2016 09:00:00 AM,11,6,5
07/09/2016 08:00:00 AM,8,4,4
07/09/2016 07:00:00 AM,2,1,1
07/09/2016 06:00:00 AM,0,0,0
07/09/2016 05:00:00 AM,2,0,2
07/09/2016 04:00:00 AM,1,0,1
07/09/2016 03:00:00 AM,0,0,0
07/09/2016 02:00:00 AM,0,0,0
07/09/2016 01:00:00 AM,0,0,0
07/09/2016 12:00:00 AM,2,2,0
07/08/2016 11:00:00 PM,0,0,0
07/08/2016 10:00:00 PM,4,0,4
07/08/2016 09:00:00 PM,5,5,0
07/08/2016 08:00:00 PM,12,7,5
07/08/2016 07:00:00 PM,12,8,4
07/08/2016 06:00:00 PM,11,4,7
07/08/2016 05:00:00 PM,17,8,9
07/08/2016 04:00:00 PM,19,10,9
07/08/2016 03:00:00 PM,19,14,5
07/08/2016 02:00:00 PM,15,4,11
07/08/2016 01:00:00 PM,10,5,5
07/08/2016 12:00:00 PM,12,5,7
07/08/2016 11:00:00 AM,7,4,3
07/08/2016 10:00:00 AM,5,2,3
07/08/2016 09:00:00 AM,7,3,4
07/08/2016 08:00:00 AM,13,10,3
07/08/2016 07:00:00 AM,7,5,2
07/08/2016 06:00:00 AM,3,2,1
07/08/2016 05:00:00 AM,0,0,0
07/08/2016 04:00:00 AM,0,0,0
07/08/2016 03:00:00 AM,0,0,0
07/08/2016 02:00:00 AM,0,0,0
07/08/2016 01:00:00 AM,0,0,0
07/08/2016 12:00:00 AM,0,0,0
07/07/2016 11:00:00 PM,1,1,0
07/07/2016 10:00:00 PM,3,3,0
07/07/2016 09:00:00 PM,4,1,3
07/07/2016 08:00:00 PM,4,4,0
07/07/2016 07:00:00 PM,7,1,6
07/07/2016 06:00:00 PM,7,2,5
07/07/2016 05:00:00 PM,13,7,6
07/07/2016 04:00:00 PM,11,8,3
07/07/2016 03:00:00 PM,9,7,2
07/07/2016 02:00:00 PM,2,1,1
07/07/2016 01:00:00 PM,4,2,2
07/07/2016 12:00:00 PM,5,3,2
07/07/2016 11:00:00 AM,11,5,6
07/07/2016 10:00:00 AM,7,3,4
07/07/2016 09:00:00 AM,5,2,3
07/07/2016 08:00:00 AM,10,3,7
07/07/2016 07:00:00 AM,6,2,4
07/07/2016 06:00:00 AM,3,0,3
07/07/2016 05:00:00 AM,0,0,0
07/07/2016 04:00:00 AM,0,0,0
07/07/2016 03:00:00 AM,0,0,0
07/07/2016 02:00:00 AM,0,0,0
07/07/2016 01:00:00 AM,0,0,0
07/07/2016 12:00:00 AM,1,1,0
07/06/2016 11:00:00 PM,1,1,0
07/06/2016 10:00:00 PM,4,4,0
07/06/2016 09:00:00 PM,4,0,4
07/06/2016 08:00:00 PM,15,7,8
07/06/2016 07:00:00 PM,23,12,11
07/06/2016 06:00:00 PM,30,19,11
07/06/2016 05:00:00 PM,26,15,11
07/06/2016 04:00:00 PM,18,10,8
07/06/2016 03:00:00 PM,14,4,10
07/06/2016 02:00:00 PM,16,7,9
07/06/2016 01:00:00 PM,9,5,4
07/06/2016 12:00:00 PM,11,7,4
07/06/2016 11:00:00 AM,10,6,4
07/06/2016 10:00:00 AM,20,8,12
07/06/2016 09:00:00 AM,18,9,9
07/06/2016 08:00:00 AM,11,2,9
07/06/2016 07:00:00 AM,12,9,3
07/06/2016 06:00:00 AM,2,1,1
07/06/2016 05:00:00 AM,1,0,1
07/06/2016 04:00:00 AM,0,0,0
07/06/2016 03:00:00 AM,0,0,0
07/06/2016 02:00:00 AM,1,1,0
07/06/2016 01:00:00 AM,1,1,0
07/06/2016 12:00:00 AM,1,0,1
07/05/2016 11:00:00 PM,1,0,1
07/05/2016 10:00:00 PM,4,3,1
07/05/2016 09:00:00 PM,4,3,1
07/05/2016 08:00:00 PM,3,1,2
07/05/2016 07:00:00 PM,20,11,9
07/05/2016 06:00:00 PM,16,8,8
07/05/2016 05:00:00 PM,12,2,10
07/05/2016 04:00:00 PM,18,11,7
07/05/2016 03:00:00 PM,16,9,7
07/05/2016 02:00:00 PM,12,6,6
07/05/2016 01:00:00 PM,4,4,0
07/05/2016 12:00:00 PM,7,0,7
07/05/2016 11:00:00 AM,7,3,4
07/05/2016 10:00:00 AM,10,3,7
07/05/2016 09:00:00 AM,9,4,5
07/05/2016 08:00:00 AM,15,10,5
07/05/2016 07:00:00 AM,5,3,2
07/05/2016 06:00:00 AM,3,2,1
07/05/2016 05:00:00 AM,2,0,2
07/05/2016 04:00:00 AM,0,0,0
07/05/2016 03:00:00 AM,0,0,0
07/05/2016 02:00:00 AM,0,0,0
07/05/2016 01:00:00 AM,0,0,0
07/05/2016 12:00:00 AM,0,0,0
07/04/2016 11:00:00 PM,3,2,1
07/04/2016 10:00:00 PM,2,0,2
07/04/2016 09:00:00 PM,1,0,1
07/04/2016 08:00:00 PM,10,9,1
07/04/2016 07:00:00 PM,9,7,2
07/04/2016 06:00:00 PM,3,2,1
07/04/2016 05:00:00 PM,11,4,7
07/04/2016 04:00:00 PM,22,12,10
07/04/2016 03:00:00 PM,10,10,0
07/04/2016 02:00:00 PM,20,9,11
07/04/2016 01:00:00 PM,17,8,9
07/04/2016 12:00:00 PM,15,5,10
07/04/2016 11:00:00 AM,19,9,10
07/04/2016 10:00:00 AM,5,1,4
07/04/2016 09:00:00 AM,6,1,5
07/04/2016 08:00:00 AM,1,1,0
07/04/2016 07:00:00 AM,3,1,2
07/04/2016 06:00:00 AM,0,0,0
07/04/2016 05:00:00 AM,0,0,0
07/04/2016 04:00:00 AM,0,0,0
07/04/2016 03:00:00 AM,0,0,0
07/04/2016 02:00:00 AM,1,0,1
07/04/2016 01:00:00 AM,2,2,0
07/04/2016 12:00:00 AM,4,3,1
07/03/2016 11:00:00 PM,0,0,0
07/03/2016 10:00:00 PM,4,4,0
07/03/2016 09:00:00 PM,4,4,0
07/03/2016 08:00:00 PM,9,9,0
07/03/2016 07:00:00 PM,13,5,8
07/03/2016 06:00:00 PM,17,7,10
07/03/2016 05:00:00 PM,15,6,9
07/03/2016 04:00:00 PM,20,10,10
07/03/2016 03:00:00 PM,18,5,13
07/03/2016 02:00:00 PM,19,6,13
07/03/2016 01:00:00 PM,20,10,10
07/03/2016 12:00:00 PM,21,12,9
07/03/2016 11:00:00 AM,30,21,9
07/03/2016 10:00:00 AM,10,6,4
07/03/2016 09:00:00 AM,9,5,4
07/03/2016 08:00:00 AM,7,4,3
07/03/2016 07:00:00 AM,2,2,0
07/03/2016 06:00:00 AM,1,0,1
07/03/2016 05:00:00 AM,0,0,0
07/03/2016 04:00:00 AM,0,0,0
07/03/2016 03:00:00 AM,1,1,0
07/03/2016 02:00:00 AM,2,2,0
07/03/2016 01:00:00 AM,0,0,0
07/03/2016 12:00:00 AM,1,1,0
07/02/2016 11:00:00 PM,3,2,1
07/02/2016 10:00:00 PM,0,0,0
07/02/2016 09:00:00 PM,4,2,2
07/02/2016 08:00:00 PM,0,0,0
07/02/2016 07:00:00 PM,10,8,2
07/02/2016 06:00:00 PM,9,5,4
07/02/2016 05:00:00 PM,18,6,12
07/02/2016 04:00:00 PM,18,7,11
07/02/2016 03:00:00 PM,16,5,11
07/02/2016 02:00:00 PM,15,6,9
07/02/2016 01:00:00 PM,22,9,13
07/02/2016 12:00:00 PM,18,7,11
07/02/2016 11:00:00 AM,10,3,7
07/02/2016 10:00:00 AM,16,10,6
07/02/2016 09:00:00 AM,8,6,2
07/02/2016 08:00:00 AM,5,1,4
07/02/2016 07:00:00 AM,0,0,0
07/02/2016 06:00:00 AM,1,0,1
07/02/2016 05:00:00 AM,3,3,0
07/02/2016 04:00:00 AM,2,0,2
07/02/2016 03:00:00 AM,0,0,0
07/02/2016 02:00:00 AM,2,0,2
07/02/2016 01:00:00 AM,1,0,1
07/02/2016 12:00:00 AM,2,2,0
07/01/2016 11:00:00 PM,5,2,3
07/01/2016 10:00:00 PM,6,3,3
07/01/2016 09:00:00 PM,5,4,1
07/01/2016 08:00:00 PM,12,2,10
07/01/2016 07:00:00 PM,15,6,9
07/01/2016 06:00:00 PM,20,10,10
07/01/2016 05:00:00 PM,24,16,8
07/01/2016 04:00:00 PM,13,7,6
07/01/2016 03:00:00 PM,9,5,4
07/01/2016 02:00:00 PM,12,4,8
07/01/2016 01:00:00 PM,17,8,9
07/01/2016 12:00:00 PM,11,5,6
07/01/2016 11:00:00 AM,19,4,15
07/01/2016 10:00:00 AM,4,1,3
07/01/2016 09:00:00 AM,5,3,2
07/01/2016 08:00:00 AM,7,1,6
07/01/2016 07:00:00 AM,9,6,3
07/01/2016 06:00:00 AM,2,0,2
07/01/2016 05:00:00 AM,1,0,1
07/01/2016 04:00:00 AM,0,0,0
07/01/2016 03:00:00 AM,2,1,1
07/01/2016 02:00:00 AM,0,0,0
07/01/2016 01:00:00 AM,0,0,0
07/01/2016 12:00:00 AM,1,0,1
06/30/2016 11:00:00 PM,3,2,1
06/30/2016 10:00:00 PM,9,6,3
06/30/2016 09:00:00 PM,9,3,6
06/30/2016 08:00:00 PM,11,5,6
06/30/2016 07:00:00 PM,13,5,8
06/30/2016 06:00:00 PM,17,12,5
06/30/2016 05:00:00 PM,28,18,10
06/30/2016 04:00:00 PM,11,2,9
06/30/2016 03:00:00 PM,5,4,1
06/30/2016 02:00:00 PM,5,3,2
06/30/2016 01:00:00 PM,5,2,3
06/30/2016 12:00:00 PM,8,2,6
06/30/2016 11:00:00 AM,2,0,2
06/30/2016 10:00:00 AM,7,4,3
06/30/2016 09:00:00 AM,8,5,3
06/30/2016 08:00:00 AM,10,3,7
06/30/2016 07:00:00 AM,14,9,5
06/30/2016 06:00:00 AM,1,1,0
06/30/2016 05:00:00 AM,1,0,1
06/30/2016 04:00:00 AM,0,0,0
06/30/2016 03:00:00 AM,0,0,0
06/30/2016 02:00:00 AM,0,0,0
06/30/2016 01:00:00 AM,0,0,0
06/30/2016 12:00:00 AM,0,0,0
06/29/2016 11:00:00 PM,0,0,0
06/29/2016 10:00:00 PM,5,4,1
06/29/2016 09:00:00 PM,11,7,4
06/29/2016 08:00:00 PM,10,8,2
06/29/2016 07:00:00 PM,22,12,10
06/29/2016 06:00:00 PM,31,13,18
06/29/2016 05:00:00 PM,30,14,16
06/29/2016 04:00:00 PM,20,8,12
06/29/2016 03:00:00 PM,8,5,3
06/29/2016 02:00:00 PM,4,2,2
06/29/2016 01:00:00 PM,16,8,8
06/29/2016 12:00:00 PM,7,3,4
06/29/2016 11:00:00 AM,10,6,4
06/29/2016 10:00:00 AM,12,4,8
06/29/2016 09:00:00 AM,13,3,10
06/29/2016 08:00:00 AM,11,2,9
06/29/2016 07:00:00 AM,8,4,4
06/29/2016 06:00:00 AM,2,1,1
06/29/2016 05:00:00 AM,2,2,0
06/29/2016 04:00:00 AM,0,0,0
06/29/2016 03:00:00 AM,0,0,0
06/29/2016 02:00:00 AM,0,0,0
06/29/2016 01:00:00 AM,2,0,2
06/29/2016 12:00:00 AM,1,0,1
06/28/2016 11:00:00 PM,1,1,0
06/28/2016 10:00:00 PM,8,7,1
06/28/2016 09:00:00 PM,14,10,4
06/28/2016 08:00:00 PM,15,9,6
06/28/2016 07:00:00 PM,27,11,16
06/28/2016 06:00:00 PM,27,16,11
06/28/2016 05:00:00 PM,15,9,6
06/28/2016 04:00:00 PM,13,9,4
06/28/2016 03:00:00 PM,18,10,8
06/28/2016 02:00:00 PM,15,6,9
06/28/2016 01:00:00 PM,8,5,3
06/28/2016 12:00:00 PM,14,6,8
06/28/2016 11:00:00 AM,5,2,3
06/28/2016 10:00:00 AM,12,5,7
06/28/2016 09:00:00 AM,8,6,2
06/28/2016 08:00:00 AM,16,3,13
06/28/2016 07:00:00 AM,7,5,2
06/28/2016 06:00:00 AM,2,0,2
06/28/2016 05:00:00 AM,0,0,0
06/28/2016 04:00:00 AM,1,0,1
06/28/2016 03:00:00 AM,0,0,0
06/28/2016 02:00:00 AM,0,0,0
06/28/2016 01:00:00 AM,0,0,0
06/28/2016 12:00:00 AM,1,0,1
06/27/2016 11:00:00 PM,5,3,2
06/27/2016 10:00:00 PM,7,5,2
06/27/2016 09:00:00 PM,12,8,4
06/27/2016 08:00:00 PM,25,10,15
06/27/2016 07:00:00 PM,13,9,4
06/27/2016 06:00:00 PM,29,21,8
06/27/2016 05:00:00 PM,23,8,15
06/27/2016 04:00:00 PM,21,9,12
06/27/2016 03:00:00 PM,9,4,5
06/27/2016 02:00:00 PM,2,1,1
06/27/2016 01:00:00 PM,11,7,4
06/27/2016 12:00:00 PM,6,2,4
06/27/2016 11:00:00 AM,6,1,5
06/27/2016 10:00:00 AM,8,2,6
06/27/2016 09:00:00 AM,8,5,3
06/27/2016 08:00:00 AM,16,7,9
06/27/2016 07:00:00 AM,13,5,8
06/27/2016 06:00:00 AM,3,1,2
06/27/2016 05:00:00 AM,1,0,1
06/27/2016 04:00:00 AM,1,1,0
06/27/2016 03:00:00 AM,0,0,0
06/27/2016 02:00:00 AM,0,0,0
06/27/2016 01:00:00 AM,0,0,0
06/27/2016 12:00:00 AM,2,2,0
06/26/2016 11:00:00 PM,0,0,0
06/26/2016 10:00:00 PM,1,0,1
06/26/2016 09:00:00 PM,8,3,5
06/26/2016 08:00:00 PM,5,4,1
06/26/2016 07:00:00 PM,7,5,2
06/26/2016 06:00:00 PM,16,12,4
06/26/2016 05:00:00 PM,19,14,5
06/26/2016 04:00:00 PM,31,24,7
06/26/2016 03:00:00 PM,30,20,10
06/26/2016 02:00:00 PM,24,11,13
06/26/2016 01:00:00 PM,32,8,24
06/26/2016 12:00:00 PM,28,9,19
06/26/2016 11:00:00 AM,23,13,10
06/26/2016 10:00:00 AM,15,8,7
06/26/2016 09:00:00 AM,18,5,13
06/26/2016 08:00:00 AM,5,2,3
06/26/2016 07:00:00 AM,0,0,0
06/26/2016 06:00:00 AM,1,1,0
06/26/2016 05:00:00 AM,0,0,0
06/26/2016 04:00:00 AM,0,0,0
06/26/2016 03:00:00 AM,0,0,0
06/26/2016 02:00:00 AM,0,0,0
06/26/2016 01:00:00 AM,0,0,0
06/26/2016 12:00:00 AM,2,1,1
06/25/2016 11:00:00 PM,4,4,0
06/25/2016 10:00:00 PM,3,0,3
06/25/2016 09:00:00 PM,5,2,3
06/25/2016 08:00:00 PM,6,6,0
06/25/2016 07:00:00 PM,2,2,0
06/25/2016 06:00:00 PM,22,15,7
06/25/2016 05:00:00 PM,14,7,7
06/25/2016 04:00:00 PM,14,11,3
06/25/2016 03:00:00 PM,12,5,7
06/25/2016 02:00:00 PM,14,2,12
06/25/2016 01:00:00 PM,12,8,4
06/25/2016 12:00:00 PM,20,7,13
06/25/2016 11:00:00 AM,18,8,10
06/25/2016 10:00:00 AM,12,6,6
06/25/2016 09:00:00 AM,11,5,6
06/25/2016 08:00:00 AM,11,6,5
06/25/2016 07:00:00 AM,2,1,1
06/25/2016 06:00:00 AM,0,0,0
06/25/2016 05:00:00 AM,1,1,0
06/25/2016 04:00:00 AM,0,0,0
06/25/2016 03:00:00 AM,0,0,0
06/25/2016 02:00:00 AM,2,1,1
06/25/2016 01:00:00 AM,2,1,1
06/25/2016 12:00:00 AM,3,2,1
06/24/2016 11:00:00 PM,4,2,2
06/24/2016 10:00:00 PM,2,0,2
06/24/2016 09:00:00 PM,4,4,0
06/24/2016 08:00:00 PM,3,2,1
06/24/2016 07:00:00 PM,7,3,4
06/24/2016 06:00:00 PM,13,9,4
06/24/2016 05:00:00 PM,9,3,6
06/24/2016 04:00:00 PM,6,1,5
06/24/2016 03:00:00 PM,17,8,9
06/24/2016 02:00:00 PM,9,3,6
06/24/2016 01:00:00 PM,6,2,4
06/24/2016 12:00:00 PM,20,8,12
06/24/2016 11:00:00 AM,6,2,4
06/24/2016 10:00:00 AM,7,3,4
06/24/2016 09:00:00 AM,7,3,4
06/24/2016 08:00:00 AM,9,5,4
06/24/2016 07:00:00 AM,4,2,2
06/24/2016 06:00:00 AM,2,0,2
06/24/2016 05:00:00 AM,1,0,1
06/24/2016 04:00:00 AM,0,0,0
06/24/2016 03:00:00 AM,0,0,0
06/24/2016 02:00:00 AM,0,0,0
06/24/2016 01:00:00 AM,0,0,0
06/24/2016 12:00:00 AM,0,0,0
06/23/2016 11:00:00 PM,0,0,0
06/23/2016 10:00:00 PM,2,1,1
06/23/2016 09:00:00 PM,4,4,0
06/23/2016 08:00:00 PM,4,3,1
06/23/2016 07:00:00 PM,6,2,4
06/23/2016 06:00:00 PM,6,3,3
06/23/2016 05:00:00 PM,7,4,3
06/23/2016 04:00:00 PM,8,5,3
06/23/2016 03:00:00 PM,6,6,0
06/23/2016 02:00:00 PM,8,4,4
06/23/2016 01:00:00 PM,7,2,5
06/23/2016 12:00:00 PM,11,2,9
06/23/2016 11:00:00 AM,8,1,7
06/23/2016 10:00:00 AM,6,3,3
06/23/2016 09:00:00 AM,11,6,5
06/23/2016 08:00:00 AM,8,4,4
06/23/2016 07:00:00 AM,9,7,2
06/23/2016 06:00:00 AM,1,1,0
06/23/2016 05:00:00 AM,4,2,2
06/23/2016 04:00:00 AM,0,0,0
06/23/2016 03:00:00 AM,1,0,1
06/23/2016 02:00:00 AM,1,1,0
06/23/2016 01:00:00 AM,0,0,0
06/23/2016 12:00:00 AM,0,0,0
06/22/2016 11:00:00 PM,2,2,0
06/22/2016 10:00:00 PM,1,1,0
06/22/2016 09:00:00 PM,3,3,0
06/22/2016 08:00:00 PM,6,3,3
06/22/2016 07:00:00 PM,15,9,6
06/22/2016 06:00:00 PM,27,11,16
06/22/2016 05:00:00 PM,15,7,8
06/22/2016 04:00:00 PM,11,5,6
06/22/2016 03:00:00 PM,9,8,1
06/22/2016 02:00:00 PM,8,4,4
06/22/2016 01:00:00 PM,7,4,3
06/22/2016 12:00:00 PM,8,2,6
06/22/2016 11:00:00 AM,8,4,4
06/22/2016 10:00:00 AM,22,6,16
06/22/2016 09:00:00 AM,8,1,7
06/22/2016 08:00:00 AM,16,11,5
06/22/2016 07:00:00 AM,8,6,2
06/22/2016 06:00:00 AM,4,1,3
06/22/2016 05:00:00 AM,1,0,1
06/22/2016 04:00:00 AM,0,0,0
06/22/2016 03:00:00 AM,0,0,0
06/22/2016 02:00:00 AM,0,0,0
06/22/2016 01:00:00 AM,0,0,0
06/22/2016 12:00:00 AM,0,0,0
06/21/2016 11:00:00 PM,1,1,0
06/21/2016 10:00:00 PM,6,2,4
06/21/2016 09:00:00 PM,7,3,4
06/21/2016 08:00:00 PM,16,10,6
06/21/2016 07:00:00 PM,19,3,16
06/21/2016 06:00:00 PM,33,16,17
06/21/2016 05:00:00 PM,14,7,7
06/21/2016 04:00:00 PM,14,5,9
06/21/2016 03:00:00 PM,11,5,6
06/21/2016 02:00:00 PM,8,6,2
06/21/2016 01:00:00 PM,11,4,7
06/21/2016 12:00:00 PM,12,6,6
06/21/2016 11:00:00 AM,8,4,4
06/21/2016 10:00:00 AM,11,3,8
06/21/2016 09:00:00 AM,9,2,7
06/21/2016 08:00:00 AM,15,10,5
06/21/2016 07:00:00 AM,10,6,4
06/21/2016 06:00:00 AM,2,1,1
06/21/2016 05:00:00 AM,1,0,1
06/21/2016 04:00:00 AM,0,0,0
06/21/2016 03:00:00 AM,0,0,0
06/21/2016 02:00:00 AM,0,0,0
06/21/2016 01:00:00 AM,0,0,0
06/21/2016 12:00:00 AM,0,0,0
06/20/2016 11:00:00 PM,0,0,0
06/20/2016 10:00:00 PM,5,2,3
06/20/2016 09:00:00 PM,7,2,5
06/20/2016 08:00:00 PM,11,5,6
06/20/2016 07:00:00 PM,15,6,9
06/20/2016 06:00:00 PM,18,9,9
06/20/2016 05:00:00 PM,14,10,4
06/20/2016 04:00:00 PM,9,3,6
06/20/2016 03:00:00 PM,11,5,6
06/20/2016 02:00:00 PM,4,3,1
06/20/2016 01:00:00 PM,10,6,4
06/20/2016 12:00:00 PM,11,4,7
06/20/2016 11:00:00 AM,5,0,5
06/20/2016 10:00:00 AM,9,1,8
06/20/2016 09:00:00 AM,10,6,4
06/20/2016 08:00:00 AM,13,4,9
06/20/2016 07:00:00 AM,10,6,4
06/20/2016 06:00:00 AM,4,1,3
06/20/2016 05:00:00 AM,1,1,0
06/20/2016 04:00:00 AM,0,0,0
06/20/2016 03:00:00 AM,0,0,0
06/20/2016 02:00:00 AM,0,0,0
06/20/2016 01:00:00 AM,0,0,0
06/20/2016 12:00:00 AM,1,1,0
06/19/2016 11:00:00 PM,0,0,0
06/19/2016 10:00:00 PM,0,0,0
06/19/2016 09:00:00 PM,2,2,0
06/19/2016 08:00:00 PM,4,1,3
06/19/2016 07:00:00 PM,3,3,0
06/19/2016 06:00:00 PM,8,7,1
06/19/2016 05:00:00 PM,28,16,12
06/19/2016 04:00:00 PM,24,14,10
06/19/2016 03:00:00 PM,10,4,6
06/19/2016 02:00:00 PM,22,11,11
06/19/2016 01:00:00 PM,18,8,10
06/19/2016 12:00:00 PM,9,3,6
06/19/2016 11:00:00 AM,8,5,3
06/19/2016 10:00:00 AM,15,2,13
06/19/2016 09:00:00 AM,4,3,1
06/19/2016 08:00:00 AM,2,2,0
06/19/2016 07:00:00 AM,4,2,2
06/19/2016 06:00:00 AM,1,0,1
06/19/2016 05:00:00 AM,0,0,0
06/19/2016 04:00:00 AM,0,0,0
06/19/2016 03:00:00 AM,0,0,0
06/19/2016 02:00:00 AM,0,0,0
06/19/2016 01:00:00 AM,0,0,0
06/19/2016 12:00:00 AM,1,1,0
06/18/2016 11:00:00 PM,0,0,0
06/18/2016 10:00:00 PM,1,0,1
06/18/2016 09:00:00 PM,3,3,0
06/18/2016 08:00:00 PM,4,1,3
06/18/2016 07:00:00 PM,0,0,0
06/18/2016 06:00:00 PM,1,1,0
06/18/2016 05:00:00 PM,12,6,6
06/18/2016 04:00:00 PM,7,5,2
06/18/2016 03:00:00 PM,6,4,2
06/18/2016 02:00:00 PM,23,19,4
06/18/2016 01:00:00 PM,10,2,8
06/18/2016 12:00:00 PM,12,9,3
06/18/2016 11:00:00 AM,3,1,2
06/18/2016 10:00:00 AM,9,4,5
06/18/2016 09:00:00 AM,7,4,3
06/18/2016 08:00:00 AM,4,1,3
06/18/2016 07:00:00 AM,0,0,0
06/18/2016 06:00:00 AM,2,2,0
06/18/2016 05:00:00 AM,0,0,0
06/18/2016 04:00:00 AM,0,0,0
06/18/2016 03:00:00 AM,0,0,0
06/18/2016 02:00:00 AM,0,0,0
06/18/2016 01:00:00 AM,0,0,0
06/18/2016 12:00:00 AM,0,0,0
06/17/2016 11:00:00 PM,2,1,1
06/17/2016 10:00:00 PM,4,1,3
06/17/2016 09:00:00 PM,1,0,1
06/17/2016 08:00:00 PM,9,7,2
06/17/2016 07:00:00 PM,5,2,3
06/17/2016 06:00:00 PM,8,5,3
06/17/2016 05:00:00 PM,12,3,9
06/17/2016 04:00:00 PM,10,7,3
06/17/2016 03:00:00 PM,3,3,0
06/17/2016 02:00:00 PM,9,5,4
06/17/2016 01:00:00 PM,11,5,6
06/17/2016 12:00:00 PM,14,7,7
06/17/2016 11:00:00 AM,6,4,2
06/17/2016 10:00:00 AM,6,3,3
06/17/2016 09:00:00 AM,12,6,6
06/17/2016 08:00:00 AM,15,5,10
06/17/2016 07:00:00 AM,4,3,1
06/17/2016 06:00:00 AM,2,0,2
06/17/2016 05:00:00 AM,0,0,0
06/17/2016 04:00:00 AM,1,1,0
06/17/2016 03:00:00 AM,0,0,0
06/17/2016 02:00:00 AM,2,0,2
06/17/2016 01:00:00 AM,0,0,0
06/17/2016 12:00:00 AM,0,0,0
06/16/2016 11:00:00 PM,1,1,0
06/16/2016 10:00:00 PM,3,1,2
06/16/2016 09:00:00 PM,5,3,2
06/16/2016 08:00:00 PM,11,9,2
06/16/2016 07:00:00 PM,15,10,5
06/16/2016 06:00:00 PM,19,13,6
06/16/2016 05:00:00 PM,9,5,4
06/16/2016 04:00:00 PM,13,7,6
06/16/2016 03:00:00 PM,10,3,7
06/16/2016 02:00:00 PM,10,7,3
06/16/2016 01:00:00 PM,15,4,11
06/16/2016 12:00:00 PM,5,2,3
06/16/2016 11:00:00 AM,8,4,4
06/16/2016 10:00:00 AM,6,0,6
06/16/2016 09:00:00 AM,14,7,7
06/16/2016 08:00:00 AM,10,4,6
06/16/2016 07:00:00 AM,12,10,2
06/16/2016 06:00:00 AM,1,0,1
06/16/2016 05:00:00 AM,1,0,1
06/16/2016 04:00:00 AM,0,0,0
06/16/2016 03:00:00 AM,0,0,0
06/16/2016 02:00:00 AM,0,0,0
06/16/2016 01:00:00 AM,0,0,0
06/16/2016 12:00:00 AM,1,0,1
06/15/2016 11:00:00 PM,1,1,0
06/15/2016 10:00:00 PM,7,7,0
06/15/2016 09:00:00 PM,10,6,4
06/15/2016 08:00:00 PM,12,7,5
06/15/2016 07:00:00 PM,14,6,8
06/15/2016 06:00:00 PM,27,15,12
06/15/2016 05:00:00 PM,25,16,9
06/15/2016 04:00:00 PM,11,7,4
06/15/2016 03:00:00 PM,15,8,7
06/15/2016 02:00:00 PM,4,2,2
06/15/2016 01:00:00 PM,12,5,7
06/15/2016 12:00:00 PM,14,6,8
06/15/2016 11:00:00 AM,11,4,7
06/15/2016 10:00:00 AM,5,3,2
06/15/2016 09:00:00 AM,17,4,13
06/15/2016 08:00:00 AM,9,5,4
06/15/2016 07:00:00 AM,14,11,3
06/15/2016 06:00:00 AM,0,0,0
06/15/2016 05:00:00 AM,4,0,4
06/15/2016 04:00:00 AM,0,0,0
06/15/2016 03:00:00 AM,0,0,0
06/15/2016 02:00:00 AM,0,0,0
06/15/2016 01:00:00 AM,0,0,0
06/15/2016 12:00:00 AM,0,0,0
06/14/2016 11:00:00 PM,1,1,0
06/14/2016 10:00:00 PM,0,0,0
06/14/2016 09:00:00 PM,6,3,3
06/14/2016 08:00:00 PM,1,0,1
06/14/2016 07:00:00 PM,15,10,5
06/14/2016 06:00:00 PM,21,10,11
06/14/2016 05:00:00 PM,15,4,11
06/14/2016 04:00:00 PM,8,7,1
06/14/2016 03:00:00 PM,10,8,2
06/14/2016 02:00:00 PM,9,4,5
06/14/2016 01:00:00 PM,11,5,6
06/14/2016 12:00:00 PM,9,4,5
06/14/2016 11:00:00 AM,8,2,6
06/14/2016 10:00:00 AM,8,0,8
06/14/2016 09:00:00 AM,10,5,5
06/14/2016 08:00:00 AM,8,3,5
06/14/2016 07:00:00 AM,5,4,1
06/14/2016 06:00:00 AM,4,3,1
06/14/2016 05:00:00 AM,1,0,1
06/14/2016 04:00:00 AM,3,1,2
06/14/2016 03:00:00 AM,0,0,0
06/14/2016 02:00:00 AM,0,0,0
06/14/2016 01:00:00 AM,0,0,0
06/14/2016 12:00:00 AM,0,0,0
06/13/2016 11:00:00 PM,3,1,2
06/13/2016 10:00:00 PM,3,2,1
06/13/2016 09:00:00 PM,5,5,0
06/13/2016 08:00:00 PM,3,1,2
06/13/2016 07:00:00 PM,4,2,2
06/13/2016 06:00:00 PM,17,9,8
06/13/2016 05:00:00 PM,9,7,2
06/13/2016 04:00:00 PM,11,4,7
06/13/2016 03:00:00 PM,11,5,6
06/13/2016 02:00:00 PM,17,13,4
06/13/2016 01:00:00 PM,4,0,4
06/13/2016 12:00:00 PM,4,0,4
06/13/2016 11:00:00 AM,2,1,1
06/13/2016 10:00:00 AM,2,0,2
06/13/2016 09:00:00 AM,19,5,14
06/13/2016 08:00:00 AM,14,4,10
06/13/2016 07:00:00 AM,6,3,3
06/13/2016 06:00:00 AM,0,0,0
06/13/2016 05:00:00 AM,2,1,1
06/13/2016 04:00:00 AM,0,0,0
06/13/2016 03:00:00 AM,1,1,0
06/13/2016 02:00:00 AM,0,0,0
06/13/2016 01:00:00 AM,1,0,1
06/13/2016 12:00:00 AM,0,0,0
06/12/2016 11:00:00 PM,3,1,2
06/12/2016 10:00:00 PM,4,3,1
06/12/2016 09:00:00 PM,7,5,2
06/12/2016 08:00:00 PM,7,2,5
06/12/2016 07:00:00 PM,16,7,9
06/12/2016 06:00:00 PM,23,13,10
06/12/2016 05:00:00 PM,16,5,11
06/12/2016 04:00:00 PM,21,12,9
06/12/2016 03:00:00 PM,22,10,12
06/12/2016 02:00:00 PM,21,10,11
06/12/2016 01:00:00 PM,20,7,13
06/12/2016 12:00:00 PM,7,3,4
06/12/2016 11:00:00 AM,21,9,12
06/12/2016 10:00:00 AM,17,12,5
06/12/2016 09:00:00 AM,11,4,7
06/12/2016 08:00:00 AM,6,2,4
06/12/2016 07:00:00 AM,0,0,0
06/12/2016 06:00:00 AM,0,0,0
06/12/2016 05:00:00 AM,0,0,0
06/12/2016 04:00:00 AM,0,0,0
06/12/2016 03:00:00 AM,0,0,0
06/12/2016 02:00:00 AM,0,0,0
06/12/2016 01:00:00 AM,0,0,0
06/12/2016 12:00:00 AM,0,0,0
06/11/2016 11:00:00 PM,0,0,0
06/11/2016 10:00:00 PM,1,1,0
06/11/2016 09:00:00 PM,5,3,2
06/11/2016 08:00:00 PM,8,5,3
06/11/2016 07:00:00 PM,3,0,3
06/11/2016 06:00:00 PM,9,5,4
06/11/2016 05:00:00 PM,14,9,5
06/11/2016 04:00:00 PM,10,8,2
06/11/2016 03:00:00 PM,13,5,8
06/11/2016 02:00:00 PM,9,7,2
06/11/2016 01:00:00 PM,13,9,4
06/11/2016 12:00:00 PM,16,6,10
06/11/2016 11:00:00 AM,25,12,13
06/11/2016 10:00:00 AM,7,2,5
06/11/2016 09:00:00 AM,4,3,1
06/11/2016 08:00:00 AM,2,1,1
06/11/2016 07:00:00 AM,7,4,3
06/11/2016 06:00:00 AM,0,0,0
06/11/2016 05:00:00 AM,1,1,0
06/11/2016 04:00:00 AM,0,0,0
06/11/2016 03:00:00 AM,2,2,0
06/11/2016 02:00:00 AM,0,0,0
06/11/2016 01:00:00 AM,0,0,0
06/11/2016 12:00:00 AM,1,1,0
06/10/2016 11:00:00 PM,6,4,2
06/10/2016 10:00:00 PM,0,0,0
06/10/2016 09:00:00 PM,4,2,2
06/10/2016 08:00:00 PM,5,3,2
06/10/2016 07:00:00 PM,6,5,1
06/10/2016 06:00:00 PM,2,1,1
06/10/2016 05:00:00 PM,11,6,5
06/10/2016 04:00:00 PM,10,4,6
06/10/2016 03:00:00 PM,3,1,2
06/10/2016 02:00:00 PM,10,7,3
06/10/2016 01:00:00 PM,19,9,10
06/10/2016 12:00:00 PM,11,3,8
06/10/2016 11:00:00 AM,4,1,3
06/10/2016 10:00:00 AM,9,5,4
06/10/2016 09:00:00 AM,8,5,3
06/10/2016 08:00:00 AM,10,4,6
06/10/2016 07:00:00 AM,8,4,4
06/10/2016 06:00:00 AM,2,2,0
06/10/2016 05:00:00 AM,2,0,2
06/10/2016 04:00:00 AM,0,0,0
06/10/2016 03:00:00 AM,0,0,0
06/10/2016 02:00:00 AM,1,0,1
06/10/2016 01:00:00 AM,0,0,0
06/10/2016 12:00:00 AM,0,0,0
06/09/2016 11:00:00 PM,1,1,0
06/09/2016 10:00:00 PM,3,1,2
06/09/2016 09:00:00 PM,3,2,1
06/09/2016 08:00:00 PM,8,5,3
06/09/2016 07:00:00 PM,12,5,7
06/09/2016 06:00:00 PM,20,11,9
06/09/2016 05:00:00 PM,5,3,2
06/09/2016 04:00:00 PM,11,7,4
06/09/2016 03:00:00 PM,2,1,1
06/09/2016 02:00:00 PM,2,1,1
06/09/2016 01:00:00 PM,4,2,2
06/09/2016 12:00:00 PM,6,6,0
06/09/2016 11:00:00 AM,10,2,8
06/09/2016 10:00:00 AM,14,5,9
06/09/2016 09:00:00 AM,7,4,3
06/09/2016 08:00:00 AM,13,6,7
06/09/2016 07:00:00 AM,7,6,1
06/09/2016 06:00:00 AM,3,1,2
06/09/2016 05:00:00 AM,1,0,1
06/09/2016 04:00:00 AM,0,0,0
06/09/2016 03:00:00 AM,0,0,0
06/09/2016 02:00:00 AM,3,0,3
06/09/2016 01:00:00 AM,1,0,1
06/09/2016 12:00:00 AM,1,1,0
06/08/2016 11:00:00 PM,14,9,5
06/08/2016 10:00:00 PM,4,2,2
06/08/2016 09:00:00 PM,7,2,5
06/08/2016 08:00:00 PM,11,7,4
06/08/2016 07:00:00 PM,12,6,6
06/08/2016 06:00:00 PM,17,11,6
06/08/2016 05:00:00 PM,16,10,6
06/08/2016 04:00:00 PM,10,4,6
06/08/2016 03:00:00 PM,6,3,3
06/08/2016 02:00:00 PM,5,4,1
06/08/2016 01:00:00 PM,4,0,4
06/08/2016 12:00:00 PM,7,2,5
06/08/2016 11:00:00 AM,3,3,0
06/08/2016 10:00:00 AM,5,2,3
06/08/2016 09:00:00 AM,12,7,5
06/08/2016 08:00:00 AM,16,8,8
06/08/2016 07:00:00 AM,7,3,4
06/08/2016 06:00:00 AM,5,3,2
06/08/2016 05:00:00 AM,0,0,0
06/08/2016 04:00:00 AM,0,0,0
06/08/2016 03:00:00 AM,0,0,0
06/08/2016 02:00:00 AM,1,0,1
06/08/2016 01:00:00 AM,0,0,0
06/08/2016 12:00:00 AM,4,4,0
06/07/2016 11:00:00 PM,0,0,0
06/07/2016 10:00:00 PM,0,0,0
06/07/2016 09:00:00 PM,2,0,2
06/07/2016 08:00:00 PM,14,9,5
06/07/2016 07:00:00 PM,17,16,1
06/07/2016 06:00:00 PM,25,9,16
06/07/2016 05:00:00 PM,24,12,12
06/07/2016 04:00:00 PM,13,8,5
06/07/2016 03:00:00 PM,7,5,2
06/07/2016 02:00:00 PM,5,0,5
06/07/2016 01:00:00 PM,7,1,6
06/07/2016 12:00:00 PM,14,8,6
06/07/2016 11:00:00 AM,4,1,3
06/07/2016 10:00:00 AM,15,7,8
06/07/2016 09:00:00 AM,11,4,7
06/07/2016 08:00:00 AM,16,7,9
06/07/2016 07:00:00 AM,8,5,3
06/07/2016 06:00:00 AM,3,1,2
06/07/2016 05:00:00 AM,0,0,0
06/07/2016 04:00:00 AM,0,0,0
06/07/2016 03:00:00 AM,0,0,0
06/07/2016 02:00:00 AM,1,1,0
06/07/2016 01:00:00 AM,0,0,0
06/07/2016 12:00:00 AM,0,0,0
06/06/2016 11:00:00 PM,0,0,0
06/06/2016 10:00:00 PM,5,4,1
06/06/2016 09:00:00 PM,10,9,1
06/06/2016 08:00:00 PM,6,5,1
06/06/2016 07:00:00 PM,26,12,14
06/06/2016 06:00:00 PM,30,16,14
06/06/2016 05:00:00 PM,25,20,5
06/06/2016 04:00:00 PM,16,8,8
06/06/2016 03:00:00 PM,13,2,11
06/06/2016 02:00:00 PM,16,5,11
06/06/2016 01:00:00 PM,10,6,4
06/06/2016 12:00:00 PM,8,5,3
06/06/2016 11:00:00 AM,9,2,7
06/06/2016 10:00:00 AM,10,4,6
06/06/2016 09:00:00 AM,11,6,5
06/06/2016 08:00:00 AM,26,12,14
06/06/2016 07:00:00 AM,6,1,5
06/06/2016 06:00:00 AM,1,0,1
06/06/2016 05:00:00 AM,0,0,0
06/06/2016 04:00:00 AM,1,1,0
06/06/2016 03:00:00 AM,3,0,3
06/06/2016 02:00:00 AM,0,0,0
06/06/2016 01:00:00 AM,0,0,0
06/06/2016 12:00:00 AM,1,1,0
06/05/2016 11:00:00 PM,0,0,0
06/05/2016 10:00:00 PM,3,3,0
06/05/2016 09:00:00 PM,5,2,3
06/05/2016 08:00:00 PM,4,2,2
06/05/2016 07:00:00 PM,12,2,10
06/05/2016 06:00:00 PM,11,6,5
06/05/2016 05:00:00 PM,12,5,7
06/05/2016 04:00:00 PM,18,12,6
06/05/2016 03:00:00 PM,30,19,11
06/05/2016 02:00:00 PM,24,10,14
06/05/2016 01:00:00 PM,32,14,18
06/05/2016 12:00:00 PM,20,12,8
06/05/2016 11:00:00 AM,18,9,9
06/05/2016 10:00:00 AM,17,4,13
06/05/2016 09:00:00 AM,11,5,6
06/05/2016 08:00:00 AM,5,2,3
06/05/2016 07:00:00 AM,3,1,2
06/05/2016 06:00:00 AM,1,0,1
06/05/2016 05:00:00 AM,1,0,1
06/05/2016 04:00:00 AM,0,0,0
06/05/2016 03:00:00 AM,1,0,1
06/05/2016 02:00:00 AM,0,0,0
06/05/2016 01:00:00 AM,0,0,0
06/05/2016 12:00:00 AM,3,3,0
06/04/2016 11:00:00 PM,2,1,1
06/04/2016 10:00:00 PM,1,0,1
06/04/2016 09:00:00 PM,13,10,3
06/04/2016 08:00:00 PM,14,7,7
06/04/2016 07:00:00 PM,8,8,0
06/04/2016 06:00:00 PM,11,5,6
06/04/2016 05:00:00 PM,16,13,3
06/04/2016 04:00:00 PM,12,7,5
06/04/2016 03:00:00 PM,22,9,13
06/04/2016 02:00:00 PM,26,11,15
06/04/2016 01:00:00 PM,12,5,7
06/04/2016 12:00:00 PM,28,13,15
06/04/2016 11:00:00 AM,22,14,8
06/04/2016 10:00:00 AM,24,10,14
06/04/2016 09:00:00 AM,14,10,4
06/04/2016 08:00:00 AM,9,6,3
06/04/2016 07:00:00 AM,7,2,5
06/04/2016 06:00:00 AM,2,1,1
06/04/2016 05:00:00 AM,4,2,2
06/04/2016 04:00:00 AM,0,0,0
06/04/2016 03:00:00 AM,0,0,0
06/04/2016 02:00:00 AM,0,0,0
06/04/2016 01:00:00 AM,0,0,0
06/04/2016 12:00:00 AM,1,1,0
06/03/2016 11:00:00 PM,2,2,0
06/03/2016 10:00:00 PM,1,1,0
06/03/2016 09:00:00 PM,5,4,1
06/03/2016 08:00:00 PM,16,8,8
06/03/2016 07:00:00 PM,17,4,13
06/03/2016 06:00:00 PM,14,2,12
06/03/2016 05:00:00 PM,21,13,8
06/03/2016 04:00:00 PM,22,14,8
06/03/2016 03:00:00 PM,21,9,12
06/03/2016 02:00:00 PM,11,5,6
06/03/2016 01:00:00 PM,15,5,10
06/03/2016 12:00:00 PM,10,6,4
06/03/2016 11:00:00 AM,7,3,4
06/03/2016 10:00:00 AM,15,7,8
06/03/2016 09:00:00 AM,15,7,8
06/03/2016 08:00:00 AM,18,8,10
06/03/2016 07:00:00 AM,12,6,6
06/03/2016 06:00:00 AM,1,1,0
06/03/2016 05:00:00 AM,0,0,0
06/03/2016 04:00:00 AM,0,0,0
06/03/2016 03:00:00 AM,0,0,0
06/03/2016 02:00:00 AM,0,0,0
06/03/2016 01:00:00 AM,0,0,0
06/03/2016 12:00:00 AM,2,1,1
06/02/2016 11:00:00 PM,2,1,1
06/02/2016 10:00:00 PM,2,0,2
06/02/2016 09:00:00 PM,4,3,1
06/02/2016 08:00:00 PM,4,1,3
06/02/2016 07:00:00 PM,10,3,7
06/02/2016 06:00:00 PM,11,8,3
06/02/2016 05:00:00 PM,19,12,7
06/02/2016 04:00:00 PM,13,8,5
06/02/2016 03:00:00 PM,9,4,5
06/02/2016 02:00:00 PM,8,6,2
06/02/2016 01:00:00 PM,5,1,4
06/02/2016 12:00:00 PM,8,6,2
06/02/2016 11:00:00 AM,6,4,2
06/02/2016 10:00:00 AM,5,4,1
06/02/2016 09:00:00 AM,13,6,7
06/02/2016 08:00:00 AM,13,4,9
06/02/2016 07:00:00 AM,6,5,1
06/02/2016 06:00:00 AM,4,2,2
06/02/2016 05:00:00 AM,1,0,1
06/02/2016 04:00:00 AM,0,0,0
06/02/2016 03:00:00 AM,0,0,0
06/02/2016 02:00:00 AM,0,0,0
06/02/2016 01:00:00 AM,1,1,0
06/02/2016 12:00:00 AM,0,0,0
06/01/2016 11:00:00 PM,1,1,0
06/01/2016 10:00:00 PM,5,5,0
06/01/2016 09:00:00 PM,8,3,5
06/01/2016 08:00:00 PM,6,2,4
06/01/2016 07:00:00 PM,19,11,8
06/01/2016 06:00:00 PM,21,12,9
06/01/2016 05:00:00 PM,18,10,8
06/01/2016 04:00:00 PM,16,6,10
06/01/2016 03:00:00 PM,7,1,6
06/01/2016 02:00:00 PM,2,0,2
06/01/2016 01:00:00 PM,4,0,4
06/01/2016 12:00:00 PM,15,7,8
06/01/2016 11:00:00 AM,6,2,4
06/01/2016 10:00:00 AM,8,5,3
06/01/2016 09:00:00 AM,11,6,5
06/01/2016 08:00:00 AM,16,8,8
06/01/2016 07:00:00 AM,19,11,8
06/01/2016 06:00:00 AM,3,0,3
06/01/2016 05:00:00 AM,1,0,1
06/01/2016 04:00:00 AM,0,0,0
06/01/2016 03:00:00 AM,1,1,0
06/01/2016 02:00:00 AM,0,0,0
06/01/2016 01:00:00 AM,0,0,0
06/01/2016 12:00:00 AM,1,0,1
05/31/2016 11:00:00 PM,2,1,1
05/31/2016 10:00:00 PM,3,3,0
05/31/2016 09:00:00 PM,6,4,2
05/31/2016 08:00:00 PM,8,7,1
05/31/2016 07:00:00 PM,18,5,13
05/31/2016 06:00:00 PM,15,9,6
05/31/2016 05:00:00 PM,23,10,13
05/31/2016 04:00:00 PM,10,6,4
05/31/2016 03:00:00 PM,8,4,4
05/31/2016 02:00:00 PM,11,5,6
05/31/2016 01:00:00 PM,7,3,4
05/31/2016 12:00:00 PM,13,6,7
05/31/2016 11:00:00 AM,12,3,9
05/31/2016 10:00:00 AM,9,5,4
05/31/2016 09:00:00 AM,9,6,3
05/31/2016 08:00:00 AM,17,4,13
05/31/2016 07:00:00 AM,7,5,2
05/31/2016 06:00:00 AM,3,1,2
05/31/2016 05:00:00 AM,1,0,1
05/31/2016 04:00:00 AM,0,0,0
05/31/2016 03:00:00 AM,0,0,0
05/31/2016 02:00:00 AM,0,0,0
05/31/2016 01:00:00 AM,1,0,1
05/31/2016 12:00:00 AM,0,0,0
05/30/2016 11:00:00 PM,0,0,0
05/30/2016 10:00:00 PM,6,1,5
05/30/2016 09:00:00 PM,2,1,1
05/30/2016 08:00:00 PM,3,1,2
05/30/2016 07:00:00 PM,13,7,6
05/30/2016 06:00:00 PM,16,13,3
05/30/2016 05:00:00 PM,17,11,6
05/30/2016 04:00:00 PM,20,12,8
05/30/2016 03:00:00 PM,16,9,7
05/30/2016 02:00:00 PM,37,14,23
05/30/2016 01:00:00 PM,20,15,5
05/30/2016 12:00:00 PM,26,12,14
05/30/2016 11:00:00 AM,33,10,23
05/30/2016 10:00:00 AM,19,9,10
05/30/2016 09:00:00 AM,10,2,8
05/30/2016 08:00:00 AM,3,1,2
05/30/2016 07:00:00 AM,1,1,0
05/30/2016 06:00:00 AM,0,0,0
05/30/2016 05:00:00 AM,0,0,0
05/30/2016 04:00:00 AM,1,1,0
05/30/2016 03:00:00 AM,0,0,0
05/30/2016 02:00:00 AM,0,0,0
05/30/2016 01:00:00 AM,0,0,0
05/30/2016 12:00:00 AM,2,2,0
05/29/2016 11:00:00 PM,4,3,1
05/29/2016 10:00:00 PM,2,0,2
05/29/2016 09:00:00 PM,3,3,0
05/29/2016 08:00:00 PM,2,0,2
05/29/2016 07:00:00 PM,4,1,3
05/29/2016 06:00:00 PM,10,3,7
05/29/2016 05:00:00 PM,7,2,5
05/29/2016 04:00:00 PM,3,2,1
05/29/2016 03:00:00 PM,9,4,5
05/29/2016 02:00:00 PM,6,3,3
05/29/2016 01:00:00 PM,13,8,5
05/29/2016 12:00:00 PM,4,0,4
05/29/2016 11:00:00 AM,5,0,5
05/29/2016 10:00:00 AM,0,0,0
05/29/2016 09:00:00 AM,2,2,0
05/29/2016 08:00:00 AM,1,0,1
05/29/2016 07:00:00 AM,3,1,2
05/29/2016 06:00:00 AM,1,0,1
05/29/2016 05:00:00 AM,0,0,0
05/29/2016 04:00:00 AM,0,0,0
05/29/2016 03:00:00 AM,0,0,0
05/29/2016 02:00:00 AM,2,0,2
05/29/2016 01:00:00 AM,1,0,1
05/29/2016 12:00:00 AM,0,0,0
05/28/2016 11:00:00 PM,0,0,0
05/28/2016 10:00:00 PM,2,0,2
05/28/2016 09:00:00 PM,0,0,0
05/28/2016 08:00:00 PM,1,1,0
05/28/2016 07:00:00 PM,10,7,3
05/28/2016 06:00:00 PM,8,4,4
05/28/2016 05:00:00 PM,3,1,2
05/28/2016 04:00:00 PM,11,6,5
05/28/2016 03:00:00 PM,4,3,1
05/28/2016 02:00:00 PM,5,2,3
05/28/2016 01:00:00 PM,3,3,0
05/28/2016 12:00:00 PM,10,6,4
05/28/2016 11:00:00 AM,10,3,7
05/28/2016 10:00:00 AM,7,1,6
05/28/2016 09:00:00 AM,5,3,2
05/28/2016 08:00:00 AM,2,0,2
05/28/2016 07:00:00 AM,2,1,1
05/28/2016 06:00:00 AM,1,0,1
05/28/2016 05:00:00 AM,0,0,0
05/28/2016 04:00:00 AM,0,0,0
05/28/2016 03:00:00 AM,0,0,0
05/28/2016 02:00:00 AM,0,0,0
05/28/2016 01:00:00 AM,0,0,0
05/28/2016 12:00:00 AM,0,0,0
05/27/2016 11:00:00 PM,1,0,1
05/27/2016 10:00:00 PM,1,0,1
05/27/2016 09:00:00 PM,0,0,0
05/27/2016 08:00:00 PM,4,3,1
05/27/2016 07:00:00 PM,8,1,7
05/27/2016 06:00:00 PM,4,1,3
05/27/2016 05:00:00 PM,16,14,2
05/27/2016 04:00:00 PM,17,9,8
05/27/2016 03:00:00 PM,6,5,1
05/27/2016 02:00:00 PM,9,8,1
05/27/2016 01:00:00 PM,12,6,6
05/27/2016 12:00:00 PM,4,4,0
05/27/2016 11:00:00 AM,8,5,3
05/27/2016 10:00:00 AM,10,3,7
05/27/2016 09:00:00 AM,4,4,0
05/27/2016 08:00:00 AM,14,9,5
05/27/2016 07:00:00 AM,7,4,3
05/27/2016 06:00:00 AM,2,0,2
05/27/2016 05:00:00 AM,0,0,0
05/27/2016 04:00:00 AM,0,0,0
05/27/2016 03:00:00 AM,0,0,0
05/27/2016 02:00:00 AM,0,0,0
05/27/2016 01:00:00 AM,0,0,0
05/27/2016 12:00:00 AM,0,0,0
05/26/2016 11:00:00 PM,1,1,0
05/26/2016 10:00:00 PM,4,1,3
05/26/2016 09:00:00 PM,6,5,1
05/26/2016 08:00:00 PM,5,4,1
05/26/2016 07:00:00 PM,16,13,3
05/26/2016 06:00:00 PM,16,8,8
05/26/2016 05:00:00 PM,14,8,6
05/26/2016 04:00:00 PM,5,1,4
05/26/2016 03:00:00 PM,7,2,5
05/26/2016 02:00:00 PM,5,2,3
05/26/2016 01:00:00 PM,12,4,8
05/26/2016 12:00:00 PM,4,1,3
05/26/2016 11:00:00 AM,6,4,2
05/26/2016 10:00:00 AM,9,5,4
05/26/2016 09:00:00 AM,14,5,9
05/26/2016 08:00:00 AM,14,6,8
05/26/2016 07:00:00 AM,10,5,5
05/26/2016 06:00:00 AM,2,0,2
05/26/2016 05:00:00 AM,2,0,2
05/26/2016 04:00:00 AM,0,0,0
05/26/2016 03:00:00 AM,0,0,0
05/26/2016 02:00:00 AM,0,0,0
05/26/2016 01:00:00 AM,0,0,0
05/26/2016 12:00:00 AM,1,1,0
05/25/2016 11:00:00 PM,0,0,0
05/25/2016 10:00:00 PM,2,1,1
05/25/2016 09:00:00 PM,4,1,3
05/25/2016 08:00:00 PM,6,3,3
05/25/2016 07:00:00 PM,9,5,4
05/25/2016 06:00:00 PM,22,15,7
05/25/2016 05:00:00 PM,12,8,4
05/25/2016 04:00:00 PM,19,15,4
05/25/2016 03:00:00 PM,2,2,0
05/25/2016 02:00:00 PM,6,3,3
05/25/2016 01:00:00 PM,4,3,1
05/25/2016 12:00:00 PM,4,1,3
05/25/2016 11:00:00 AM,7,2,5
05/25/2016 10:00:00 AM,7,2,5
05/25/2016 09:00:00 AM,12,7,5
05/25/2016 08:00:00 AM,16,12,4
05/25/2016 07:00:00 AM,9,3,6
05/25/2016 06:00:00 AM,3,0,3
05/25/2016 05:00:00 AM,0,0,0
05/25/2016 04:00:00 AM,0,0,0
05/25/2016 03:00:00 AM,0,0,0
05/25/2016 02:00:00 AM,1,1,0
05/25/2016 01:00:00 AM,0,0,0
05/25/2016 12:00:00 AM,0,0,0
05/24/2016 11:00:00 PM,0,0,0
05/24/2016 10:00:00 PM,3,2,1
05/24/2016 09:00:00 PM,5,4,1
05/24/2016 08:00:00 PM,9,4,5
05/24/2016 07:00:00 PM,18,5,13
05/24/2016 06:00:00 PM,19,8,11
05/24/2016 05:00:00 PM,23,12,11
05/24/2016 04:00:00 PM,11,7,4
05/24/2016 03:00:00 PM,10,4,6
05/24/2016 02:00:00 PM,4,2,2
05/24/2016 01:00:00 PM,12,8,4
05/24/2016 12:00:00 PM,8,2,6
05/24/2016 11:00:00 AM,3,3,0
05/24/2016 10:00:00 AM,7,1,6
05/24/2016 09:00:00 AM,13,6,7
05/24/2016 08:00:00 AM,19,10,9
05/24/2016 07:00:00 AM,15,8,7
05/24/2016 06:00:00 AM,1,0,1
05/24/2016 05:00:00 AM,2,1,1
05/24/2016 04:00:00 AM,0,0,0
05/24/2016 03:00:00 AM,0,0,0
05/24/2016 02:00:00 AM,0,0,0
05/24/2016 01:00:00 AM,0,0,0
05/24/2016 12:00:00 AM,0,0,0
05/23/2016 11:00:00 PM,0,0,0
05/23/2016 10:00:00 PM,2,1,1
05/23/2016 09:00:00 PM,0,0,0
05/23/2016 08:00:00 PM,8,5,3
05/23/2016 07:00:00 PM,15,9,6
05/23/2016 06:00:00 PM,19,8,11
05/23/2016 05:00:00 PM,16,9,7
05/23/2016 04:00:00 PM,14,10,4
05/23/2016 03:00:00 PM,11,4,7
05/23/2016 02:00:00 PM,5,2,3
05/23/2016 01:00:00 PM,10,5,5
05/23/2016 12:00:00 PM,7,4,3
05/23/2016 11:00:00 AM,11,2,9
05/23/2016 10:00:00 AM,8,2,6
05/23/2016 09:00:00 AM,12,5,7
05/23/2016 08:00:00 AM,21,11,10
05/23/2016 07:00:00 AM,8,2,6
05/23/2016 06:00:00 AM,0,0,0
05/23/2016 05:00:00 AM,1,0,1
05/23/2016 04:00:00 AM,0,0,0
05/23/2016 03:00:00 AM,2,2,0
05/23/2016 02:00:00 AM,2,1,1
05/23/2016 01:00:00 AM,0,0,0
05/23/2016 12:00:00 AM,0,0,0
05/22/2016 11:00:00 PM,1,0,1
05/22/2016 10:00:00 PM,1,0,1
05/22/2016 09:00:00 PM,2,1,1
05/22/2016 08:00:00 PM,0,0,0
05/22/2016 07:00:00 PM,2,1,1
05/22/2016 06:00:00 PM,3,2,1
05/22/2016 05:00:00 PM,12,8,4
05/22/2016 04:00:00 PM,19,11,8
05/22/2016 03:00:00 PM,16,7,9
05/22/2016 02:00:00 PM,33,20,13
05/22/2016 01:00:00 PM,22,17,5
05/22/2016 12:00:00 PM,26,9,17
05/22/2016 11:00:00 AM,22,6,16
05/22/2016 10:00:00 AM,12,6,6
05/22/2016 09:00:00 AM,8,2,6
05/22/2016 08:00:00 AM,3,2,1
05/22/2016 07:00:00 AM,1,0,1
05/22/2016 06:00:00 AM,0,0,0
05/22/2016 05:00:00 AM,1,0,1
05/22/2016 04:00:00 AM,0,0,0
05/22/2016 03:00:00 AM,0,0,0
05/22/2016 02:00:00 AM,1,1,0
05/22/2016 01:00:00 AM,1,1,0
05/22/2016 12:00:00 AM,3,3,0
05/21/2016 11:00:00 PM,3,1,2
05/21/2016 10:00:00 PM,5,4,1
05/21/2016 09:00:00 PM,1,1,0
05/21/2016 08:00:00 PM,5,2,3
05/21/2016 07:00:00 PM,2,0,2
05/21/2016 06:00:00 PM,4,2,2
05/21/2016 05:00:00 PM,17,11,6
05/21/2016 04:00:00 PM,8,5,3
05/21/2016 03:00:00 PM,9,2,7
05/21/2016 02:00:00 PM,8,3,5
05/21/2016 01:00:00 PM,3,3,0
05/21/2016 12:00:00 PM,2,1,1
05/21/2016 11:00:00 AM,2,1,1
05/21/2016 10:00:00 AM,3,1,2
05/21/2016 09:00:00 AM,5,3,2
05/21/2016 08:00:00 AM,2,2,0
05/21/2016 07:00:00 AM,0,0,0
05/21/2016 06:00:00 AM,1,0,1
05/21/2016 05:00:00 AM,0,0,0
05/21/2016 04:00:00 AM,0,0,0
05/21/2016 03:00:00 AM,0,0,0
05/21/2016 02:00:00 AM,1,0,1
05/21/2016 01:00:00 AM,1,0,1
05/21/2016 12:00:00 AM,0,0,0
05/20/2016 11:00:00 PM,2,2,0
05/20/2016 10:00:00 PM,4,2,2
05/20/2016 09:00:00 PM,1,0,1
05/20/2016 08:00:00 PM,11,8,3
05/20/2016 07:00:00 PM,8,4,4
05/20/2016 06:00:00 PM,15,9,6
05/20/2016 05:00:00 PM,17,11,6
05/20/2016 04:00:00 PM,22,14,8
05/20/2016 03:00:00 PM,11,3,8
05/20/2016 02:00:00 PM,8,4,4
05/20/2016 01:00:00 PM,5,1,4
05/20/2016 12:00:00 PM,10,8,2
05/20/2016 11:00:00 AM,14,7,7
05/20/2016 10:00:00 AM,13,5,8
05/20/2016 09:00:00 AM,9,4,5
05/20/2016 08:00:00 AM,20,16,4
05/20/2016 07:00:00 AM,18,8,10
05/20/2016 06:00:00 AM,4,2,2
05/20/2016 05:00:00 AM,1,1,0
05/20/2016 04:00:00 AM,0,0,0
05/20/2016 03:00:00 AM,0,0,0
05/20/2016 02:00:00 AM,1,1,0
05/20/2016 01:00:00 AM,0,0,0
05/20/2016 12:00:00 AM,0,0,0
05/19/2016 11:00:00 PM,0,0,0
05/19/2016 10:00:00 PM,5,3,2
05/19/2016 09:00:00 PM,5,5,0
05/19/2016 08:00:00 PM,3,1,2
05/19/2016 07:00:00 PM,12,5,7
05/19/2016 06:00:00 PM,14,7,7
05/19/2016 05:00:00 PM,9,6,3
05/19/2016 04:00:00 PM,11,8,3
05/19/2016 03:00:00 PM,7,4,3
05/19/2016 02:00:00 PM,4,3,1
05/19/2016 01:00:00 PM,9,3,6
05/19/2016 12:00:00 PM,5,2,3
05/19/2016 11:00:00 AM,11,4,7
05/19/2016 10:00:00 AM,7,3,4
05/19/2016 09:00:00 AM,8,4,4
05/19/2016 08:00:00 AM,13,5,8
05/19/2016 07:00:00 AM,10,5,5
05/19/2016 06:00:00 AM,2,0,2
05/19/2016 05:00:00 AM,1,0,1
05/19/2016 04:00:00 AM,0,0,0
05/19/2016 03:00:00 AM,0,0,0
05/19/2016 02:00:00 AM,0,0,0
05/19/2016 01:00:00 AM,0,0,0
05/19/2016 12:00:00 AM,0,0,0
05/18/2016 11:00:00 PM,0,0,0
05/18/2016 10:00:00 PM,1,1,0
05/18/2016 09:00:00 PM,7,6,1
05/18/2016 08:00:00 PM,7,3,4
05/18/2016 07:00:00 PM,17,11,6
05/18/2016 06:00:00 PM,20,12,8
05/18/2016 05:00:00 PM,9,6,3
05/18/2016 04:00:00 PM,6,3,3
05/18/2016 03:00:00 PM,11,5,6
05/18/2016 02:00:00 PM,6,4,2
05/18/2016 01:00:00 PM,9,5,4
05/18/2016 12:00:00 PM,9,4,5
05/18/2016 11:00:00 AM,5,2,3
05/18/2016 10:00:00 AM,12,8,4
05/18/2016 09:00:00 AM,15,8,7
05/18/2016 08:00:00 AM,11,4,7
05/18/2016 07:00:00 AM,15,7,8
05/18/2016 06:00:00 AM,2,1,1
05/18/2016 05:00:00 AM,3,2,1
05/18/2016 04:00:00 AM,0,0,0
05/18/2016 03:00:00 AM,2,2,0
05/18/2016 02:00:00 AM,0,0,0
05/18/2016 01:00:00 AM,0,0,0
05/18/2016 12:00:00 AM,0,0,0
05/17/2016 11:00:00 PM,2,2,0
05/17/2016 10:00:00 PM,3,3,0
05/17/2016 09:00:00 PM,4,1,3
05/17/2016 08:00:00 PM,13,8,5
05/17/2016 07:00:00 PM,30,21,9
05/17/2016 06:00:00 PM,22,8,14
05/17/2016 05:00:00 PM,37,6,31
05/17/2016 04:00:00 PM,15,10,5
05/17/2016 03:00:00 PM,16,8,8
05/17/2016 02:00:00 PM,6,2,4
05/17/2016 01:00:00 PM,8,4,4
05/17/2016 12:00:00 PM,14,8,6
05/17/2016 11:00:00 AM,9,4,5
05/17/2016 10:00:00 AM,19,6,13
05/17/2016 09:00:00 AM,8,3,5
05/17/2016 08:00:00 AM,20,7,13
05/17/2016 07:00:00 AM,9,6,3
05/17/2016 06:00:00 AM,3,1,2
05/17/2016 05:00:00 AM,2,1,1
05/17/2016 04:00:00 AM,0,0,0
05/17/2016 03:00:00 AM,0,0,0
05/17/2016 02:00:00 AM,0,0,0
05/17/2016 01:00:00 AM,0,0,0
05/17/2016 12:00:00 AM,0,0,0
05/16/2016 11:00:00 PM,1,0,1
05/16/2016 10:00:00 PM,3,0,3
05/16/2016 09:00:00 PM,2,2,0
05/16/2016 08:00:00 PM,6,5,1
05/16/2016 07:00:00 PM,15,6,9
05/16/2016 06:00:00 PM,15,8,7
05/16/2016 05:00:00 PM,17,9,8
05/16/2016 04:00:00 PM,10,8,2
05/16/2016 03:00:00 PM,4,2,2
05/16/2016 02:00:00 PM,11,5,6
05/16/2016 01:00:00 PM,5,2,3
05/16/2016 12:00:00 PM,12,6,6
05/16/2016 11:00:00 AM,8,3,5
05/16/2016 10:00:00 AM,6,2,4
05/16/2016 09:00:00 AM,11,6,5
05/16/2016 08:00:00 AM,12,6,6
05/16/2016 07:00:00 AM,9,3,6
05/16/2016 06:00:00 AM,1,0,1
05/16/2016 05:00:00 AM,1,0,1
05/16/2016 04:00:00 AM,0,0,0
05/16/2016 03:00:00 AM,0,0,0
05/16/2016 02:00:00 AM,0,0,0
05/16/2016 01:00:00 AM,1,0,1
05/16/2016 12:00:00 AM,1,1,0
05/15/2016 11:00:00 PM,0,0,0
05/15/2016 10:00:00 PM,0,0,0
05/15/2016 09:00:00 PM,1,1,0
05/15/2016 08:00:00 PM,5,4,1
05/15/2016 07:00:00 PM,3,1,2
05/15/2016 06:00:00 PM,3,2,1
05/15/2016 05:00:00 PM,4,3,1
05/15/2016 04:00:00 PM,11,8,3
05/15/2016 03:00:00 PM,8,2,6
05/15/2016 02:00:00 PM,10,4,6
05/15/2016 01:00:00 PM,16,8,8
05/15/2016 12:00:00 PM,4,3,1
05/15/2016 11:00:00 AM,3,0,3
05/15/2016 10:00:00 AM,6,5,1
05/15/2016 09:00:00 AM,4,2,2
05/15/2016 08:00:00 AM,3,1,2
05/15/2016 07:00:00 AM,3,2,1
05/15/2016 06:00:00 AM,2,0,2
05/15/2016 05:00:00 AM,0,0,0
05/15/2016 04:00:00 AM,0,0,0
05/15/2016 03:00:00 AM,4,2,2
05/15/2016 02:00:00 AM,0,0,0
05/15/2016 01:00:00 AM,0,0,0
05/15/2016 12:00:00 AM,0,0,0
05/14/2016 11:00:00 PM,0,0,0
05/14/2016 10:00:00 PM,1,0,1
05/14/2016 09:00:00 PM,0,0,0
05/14/2016 08:00:00 PM,6,5,1
05/14/2016 07:00:00 PM,1,0,1
05/14/2016 06:00:00 PM,4,1,3
05/14/2016 05:00:00 PM,7,5,2
05/14/2016 04:00:00 PM,10,6,4
05/14/2016 03:00:00 PM,2,2,0
05/14/2016 02:00:00 PM,6,3,3
05/14/2016 01:00:00 PM,2,1,1
05/14/2016 12:00:00 PM,17,10,7
05/14/2016 11:00:00 AM,8,5,3
05/14/2016 10:00:00 AM,6,4,2
05/14/2016 09:00:00 AM,17,11,6
05/14/2016 08:00:00 AM,5,2,3
05/14/2016 07:00:00 AM,1,1,0
05/14/2016 06:00:00 AM,1,0,1
05/14/2016 05:00:00 AM,0,0,0
05/14/2016 04:00:00 AM,0,0,0
05/14/2016 03:00:00 AM,3,2,1
05/14/2016 02:00:00 AM,0,0,0
05/14/2016 01:00:00 AM,4,3,1
05/14/2016 12:00:00 AM,0,0,0
05/13/2016 11:00:00 PM,3,0,3
05/13/2016 10:00:00 PM,7,4,3
05/13/2016 09:00:00 PM,5,5,0
05/13/2016 08:00:00 PM,9,6,3
05/13/2016 07:00:00 PM,5,0,5
05/13/2016 06:00:00 PM,20,8,12
05/13/2016 05:00:00 PM,24,14,10
05/13/2016 04:00:00 PM,19,9,10
05/13/2016 03:00:00 PM,7,4,3
05/13/2016 02:00:00 PM,10,3,7
05/13/2016 01:00:00 PM,14,10,4
05/13/2016 12:00:00 PM,16,7,9
05/13/2016 11:00:00 AM,8,3,5
05/13/2016 10:00:00 AM,8,4,4
05/13/2016 09:00:00 AM,15,8,7
05/13/2016 08:00:00 AM,24,11,13
05/13/2016 07:00:00 AM,11,5,6
05/13/2016 06:00:00 AM,2,0,2
05/13/2016 05:00:00 AM,0,0,0
05/13/2016 04:00:00 AM,0,0,0
05/13/2016 03:00:00 AM,0,0,0
05/13/2016 02:00:00 AM,1,1,0
05/13/2016 01:00:00 AM,0,0,0
05/13/2016 12:00:00 AM,0,0,0
05/12/2016 11:00:00 PM,2,0,2
05/12/2016 10:00:00 PM,5,3,2
05/12/2016 09:00:00 PM,11,7,4
05/12/2016 08:00:00 PM,6,3,3
05/12/2016 07:00:00 PM,13,8,5
05/12/2016 06:00:00 PM,22,15,7
05/12/2016 05:00:00 PM,33,17,16
05/12/2016 04:00:00 PM,10,6,4
05/12/2016 03:00:00 PM,14,9,5
05/12/2016 02:00:00 PM,14,9,5
05/12/2016 01:00:00 PM,3,1,2
05/12/2016 12:00:00 PM,7,4,3
05/12/2016 11:00:00 AM,8,3,5
05/12/2016 10:00:00 AM,8,3,5
05/12/2016 09:00:00 AM,12,5,7
05/12/2016 08:00:00 AM,13,6,7
05/12/2016 07:00:00 AM,12,6,6
05/12/2016 06:00:00 AM,3,1,2
05/12/2016 05:00:00 AM,1,0,1
05/12/2016 04:00:00 AM,1,1,0
05/12/2016 03:00:00 AM,0,0,0
05/12/2016 02:00:00 AM,0,0,0
05/12/2016 01:00:00 AM,3,2,1
05/12/2016 12:00:00 AM,0,0,0
05/11/2016 11:00:00 PM,1,0,1
05/11/2016 10:00:00 PM,1,1,0
05/11/2016 09:00:00 PM,4,4,0
05/11/2016 08:00:00 PM,9,7,2
05/11/2016 07:00:00 PM,24,11,13
05/11/2016 06:00:00 PM,31,14,17
05/11/2016 05:00:00 PM,32,12,20
05/11/2016 04:00:00 PM,8,5,3
05/11/2016 03:00:00 PM,12,6,6
05/11/2016 02:00:00 PM,11,1,10
05/11/2016 01:00:00 PM,9,5,4
05/11/2016 12:00:00 PM,7,6,1
05/11/2016 11:00:00 AM,12,5,7
05/11/2016 10:00:00 AM,5,2,3
05/11/2016 09:00:00 AM,13,6,7
05/11/2016 08:00:00 AM,25,12,13
05/11/2016 07:00:00 AM,14,7,7
05/11/2016 06:00:00 AM,2,0,2
05/11/2016 05:00:00 AM,1,0,1
05/11/2016 04:00:00 AM,0,0,0
05/11/2016 03:00:00 AM,0,0,0
05/11/2016 02:00:00 AM,0,0,0
05/11/2016 01:00:00 AM,1,1,0
05/11/2016 12:00:00 AM,1,0,1
05/10/2016 11:00:00 PM,1,1,0
05/10/2016 10:00:00 PM,3,2,1
05/10/2016 09:00:00 PM,2,2,0
05/10/2016 08:00:00 PM,9,5,4
05/10/2016 07:00:00 PM,14,2,12
05/10/2016 06:00:00 PM,20,15,5
05/10/2016 05:00:00 PM,17,9,8
05/10/2016 04:00:00 PM,15,7,8
05/10/2016 03:00:00 PM,24,10,14
05/10/2016 02:00:00 PM,18,13,5
05/10/2016 01:00:00 PM,6,4,2
05/10/2016 12:00:00 PM,8,8,0
05/10/2016 11:00:00 AM,11,5,6
05/10/2016 10:00:00 AM,10,4,6
05/10/2016 09:00:00 AM,10,4,6
05/10/2016 08:00:00 AM,24,12,12
05/10/2016 07:00:00 AM,12,8,4
05/10/2016 06:00:00 AM,5,2,3
05/10/2016 05:00:00 AM,2,0,2
05/10/2016 04:00:00 AM,0,0,0
05/10/2016 03:00:00 AM,0,0,0
05/10/2016 02:00:00 AM,0,0,0
05/10/2016 01:00:00 AM,0,0,0
05/10/2016 12:00:00 AM,0,0,0
05/09/2016 11:00:00 PM,2,1,1
05/09/2016 10:00:00 PM,1,1,0
05/09/2016 09:00:00 PM,2,1,1
05/09/2016 08:00:00 PM,8,7,1
05/09/2016 07:00:00 PM,14,5,9
05/09/2016 06:00:00 PM,20,7,13
05/09/2016 05:00:00 PM,22,11,11
05/09/2016 04:00:00 PM,13,9,4
05/09/2016 03:00:00 PM,10,4,6
05/09/2016 02:00:00 PM,14,8,6
05/09/2016 01:00:00 PM,10,3,7
05/09/2016 12:00:00 PM,8,3,5
05/09/2016 11:00:00 AM,7,5,2
05/09/2016 10:00:00 AM,10,4,6
05/09/2016 09:00:00 AM,6,3,3
05/09/2016 08:00:00 AM,19,7,12
05/09/2016 07:00:00 AM,11,7,4
05/09/2016 06:00:00 AM,3,3,0
05/09/2016 05:00:00 AM,1,0,1
05/09/2016 04:00:00 AM,0,0,0
05/09/2016 03:00:00 AM,0,0,0
05/09/2016 02:00:00 AM,1,0,1
05/09/2016 01:00:00 AM,0,0,0
05/09/2016 12:00:00 AM,0,0,0
05/08/2016 11:00:00 PM,0,0,0
05/08/2016 10:00:00 PM,1,1,0
05/08/2016 09:00:00 PM,6,6,0
05/08/2016 08:00:00 PM,1,0,1
05/08/2016 07:00:00 PM,4,3,1
05/08/2016 06:00:00 PM,7,4,3
05/08/2016 05:00:00 PM,4,2,2
05/08/2016 04:00:00 PM,9,6,3
05/08/2016 03:00:00 PM,10,2,8
05/08/2016 02:00:00 PM,8,1,7
05/08/2016 01:00:00 PM,9,5,4
05/08/2016 12:00:00 PM,16,7,9
05/08/2016 11:00:00 AM,16,7,9
05/08/2016 10:00:00 AM,7,1,6
05/08/2016 09:00:00 AM,4,4,0
05/08/2016 08:00:00 AM,5,2,3
05/08/2016 07:00:00 AM,1,1,0
05/08/2016 06:00:00 AM,1,0,1
05/08/2016 05:00:00 AM,0,0,0
05/08/2016 04:00:00 AM,0,0,0
05/08/2016 03:00:00 AM,0,0,0
05/08/2016 02:00:00 AM,0,0,0
05/08/2016 01:00:00 AM,3,0,3
05/08/2016 12:00:00 AM,0,0,0
05/07/2016 11:00:00 PM,1,0,1
05/07/2016 10:00:00 PM,3,1,2
05/07/2016 09:00:00 PM,7,2,5
05/07/2016 08:00:00 PM,9,7,2
05/07/2016 07:00:00 PM,19,14,5
05/07/2016 06:00:00 PM,15,3,12
05/07/2016 05:00:00 PM,13,9,4
05/07/2016 04:00:00 PM,35,17,18
05/07/2016 03:00:00 PM,16,7,9
05/07/2016 02:00:00 PM,34,17,17
05/07/2016 01:00:00 PM,18,13,5
05/07/2016 12:00:00 PM,13,6,7
05/07/2016 11:00:00 AM,29,9,20
05/07/2016 10:00:00 AM,16,5,11
05/07/2016 09:00:00 AM,14,14,0
05/07/2016 08:00:00 AM,7,2,5
05/07/2016 07:00:00 AM,5,3,2
05/07/2016 06:00:00 AM,2,0,2
05/07/2016 05:00:00 AM,0,0,0
05/07/2016 04:00:00 AM,1,1,0
05/07/2016 03:00:00 AM,0,0,0
05/07/2016 02:00:00 AM,1,0,1
05/07/2016 01:00:00 AM,2,0,2
05/07/2016 12:00:00 AM,1,1,0
05/06/2016 11:00:00 PM,0,0,0
05/06/2016 10:00:00 PM,4,4,0
05/06/2016 09:00:00 PM,7,4,3
05/06/2016 08:00:00 PM,14,9,5
05/06/2016 07:00:00 PM,15,7,8
05/06/2016 06:00:00 PM,15,6,9
05/06/2016 05:00:00 PM,30,11,19
05/06/2016 04:00:00 PM,14,8,6
05/06/2016 03:00:00 PM,18,8,10
05/06/2016 02:00:00 PM,21,10,11
05/06/2016 01:00:00 PM,13,6,7
05/06/2016 12:00:00 PM,6,3,3
05/06/2016 11:00:00 AM,5,3,2
05/06/2016 10:00:00 AM,7,5,2
05/06/2016 09:00:00 AM,11,5,6
05/06/2016 08:00:00 AM,15,6,9
05/06/2016 07:00:00 AM,10,4,6
05/06/2016 06:00:00 AM,2,0,2
05/06/2016 05:00:00 AM,1,0,1
05/06/2016 04:00:00 AM,0,0,0
05/06/2016 03:00:00 AM,2,0,2
05/06/2016 02:00:00 AM,0,0,0
05/06/2016 01:00:00 AM,0,0,0
05/06/2016 12:00:00 AM,2,2,0
05/05/2016 11:00:00 PM,0,0,0
05/05/2016 10:00:00 PM,1,0,1
05/05/2016 09:00:00 PM,1,1,0
05/05/2016 08:00:00 PM,17,11,6
05/05/2016 07:00:00 PM,13,5,8
05/05/2016 06:00:00 PM,26,16,10
05/05/2016 05:00:00 PM,20,13,7
05/05/2016 04:00:00 PM,17,10,7
05/05/2016 03:00:00 PM,1,1,0
05/05/2016 02:00:00 PM,11,8,3
05/05/2016 01:00:00 PM,12,5,7
05/05/2016 12:00:00 PM,6,5,1
05/05/2016 11:00:00 AM,2,0,2
05/05/2016 10:00:00 AM,17,7,10
05/05/2016 09:00:00 AM,10,7,3
05/05/2016 08:00:00 AM,20,9,11
05/05/2016 07:00:00 AM,10,4,6
05/05/2016 06:00:00 AM,5,4,1
05/05/2016 05:00:00 AM,2,1,1
05/05/2016 04:00:00 AM,0,0,0
05/05/2016 03:00:00 AM,0,0,0
05/05/2016 02:00:00 AM,0,0,0
05/05/2016 01:00:00 AM,0,0,0
05/05/2016 12:00:00 AM,0,0,0
05/04/2016 11:00:00 PM,0,0,0
05/04/2016 10:00:00 PM,1,1,0
05/04/2016 09:00:00 PM,6,5,1
05/04/2016 08:00:00 PM,7,4,3
05/04/2016 07:00:00 PM,6,4,2
05/04/2016 06:00:00 PM,15,7,8
05/04/2016 05:00:00 PM,18,12,6
05/04/2016 04:00:00 PM,12,6,6
05/04/2016 03:00:00 PM,8,5,3
05/04/2016 02:00:00 PM,5,1,4
05/04/2016 01:00:00 PM,7,6,1
05/04/2016 12:00:00 PM,3,2,1
05/04/2016 11:00:00 AM,6,1,5
05/04/2016 10:00:00 AM,5,2,3
05/04/2016 09:00:00 AM,13,7,6
05/04/2016 08:00:00 AM,20,11,9
05/04/2016 07:00:00 AM,11,4,7
05/04/2016 06:00:00 AM,0,0,0
05/04/2016 05:00:00 AM,2,1,1
05/04/2016 04:00:00 AM,0,0,0
05/04/2016 03:00:00 AM,1,0,1
05/04/2016 02:00:00 AM,0,0,0
05/04/2016 01:00:00 AM,0,0,0
05/04/2016 12:00:00 AM,3,3,0
05/03/2016 11:00:00 PM,2,0,2
05/03/2016 10:00:00 PM,0,0,0
05/03/2016 09:00:00 PM,7,4,3
05/03/2016 08:00:00 PM,6,5,1
05/03/2016 07:00:00 PM,12,8,4
05/03/2016 06:00:00 PM,15,8,7
05/03/2016 05:00:00 PM,22,11,11
05/03/2016 04:00:00 PM,19,9,10
05/03/2016 03:00:00 PM,13,8,5
05/03/2016 02:00:00 PM,15,12,3
05/03/2016 01:00:00 PM,5,4,1
05/03/2016 12:00:00 PM,10,1,9
05/03/2016 11:00:00 AM,10,4,6
05/03/2016 10:00:00 AM,14,9,5
05/03/2016 09:00:00 AM,13,6,7
05/03/2016 08:00:00 AM,18,6,12
05/03/2016 07:00:00 AM,9,4,5
05/03/2016 06:00:00 AM,2,1,1
05/03/2016 05:00:00 AM,4,2,2
05/03/2016 04:00:00 AM,0,0,0
05/03/2016 03:00:00 AM,0,0,0
05/03/2016 02:00:00 AM,0,0,0
05/03/2016 01:00:00 AM,1,1,0
05/03/2016 12:00:00 AM,1,1,0
05/02/2016 11:00:00 PM,1,0,1
05/02/2016 10:00:00 PM,1,1,0
05/02/2016 09:00:00 PM,8,6,2
05/02/2016 08:00:00 PM,17,10,7
05/02/2016 07:00:00 PM,16,9,7
05/02/2016 06:00:00 PM,21,12,9
05/02/2016 05:00:00 PM,27,15,12
05/02/2016 04:00:00 PM,18,7,11
05/02/2016 03:00:00 PM,18,7,11
05/02/2016 02:00:00 PM,19,8,11
05/02/2016 01:00:00 PM,10,5,5
05/02/2016 12:00:00 PM,15,8,7
05/02/2016 11:00:00 AM,6,4,2
05/02/2016 10:00:00 AM,12,7,5
05/02/2016 09:00:00 AM,16,6,10
05/02/2016 08:00:00 AM,21,11,10
05/02/2016 07:00:00 AM,17,8,9
05/02/2016 06:00:00 AM,6,2,4
05/02/2016 05:00:00 AM,2,1,1
05/02/2016 04:00:00 AM,0,0,0
05/02/2016 03:00:00 AM,1,1,0
05/02/2016 02:00:00 AM,1,0,1
05/02/2016 01:00:00 AM,0,0,0
05/02/2016 12:00:00 AM,0,0,0
05/01/2016 11:00:00 PM,0,0,0
05/01/2016 10:00:00 PM,1,1,0
05/01/2016 09:00:00 PM,1,0,1
05/01/2016 08:00:00 PM,13,7,6
05/01/2016 07:00:00 PM,6,5,1
05/01/2016 06:00:00 PM,13,9,4
05/01/2016 05:00:00 PM,16,12,4
05/01/2016 04:00:00 PM,26,16,10
05/01/2016 03:00:00 PM,21,8,13
05/01/2016 02:00:00 PM,29,9,20
05/01/2016 01:00:00 PM,24,8,16
05/01/2016 12:00:00 PM,26,17,9
05/01/2016 11:00:00 AM,28,14,14
05/01/2016 10:00:00 AM,16,11,5
05/01/2016 09:00:00 AM,17,5,12
05/01/2016 08:00:00 AM,1,1,0
05/01/2016 07:00:00 AM,1,0,1
05/01/2016 06:00:00 AM,0,0,0
05/01/2016 05:00:00 AM,0,0,0
05/01/2016 04:00:00 AM,1,1,0
05/01/2016 03:00:00 AM,0,0,0
05/01/2016 02:00:00 AM,1,0,1
05/01/2016 01:00:00 AM,0,0,0
05/01/2016 12:00:00 AM,2,2,0
04/30/2016 11:00:00 PM,1,0,1
04/30/2016 10:00:00 PM,2,1,1
04/30/2016 09:00:00 PM,2,2,0
04/30/2016 08:00:00 PM,11,11,0
04/30/2016 07:00:00 PM,9,5,4
04/30/2016 06:00:00 PM,10,5,5
04/30/2016 05:00:00 PM,18,10,8
04/30/2016 04:00:00 PM,31,16,15
04/30/2016 03:00:00 PM,24,8,16
04/30/2016 02:00:00 PM,20,6,14
04/30/2016 01:00:00 PM,22,13,9
04/30/2016 12:00:00 PM,15,9,6
04/30/2016 11:00:00 AM,7,4,3
04/30/2016 10:00:00 AM,18,11,7
04/30/2016 09:00:00 AM,11,7,4
04/30/2016 08:00:00 AM,1,1,0
04/30/2016 07:00:00 AM,1,0,1
04/30/2016 06:00:00 AM,1,0,1
04/30/2016 05:00:00 AM,1,0,1
04/30/2016 04:00:00 AM,0,0,0
04/30/2016 03:00:00 AM,1,0,1
04/30/2016 02:00:00 AM,0,0,0
04/30/2016 01:00:00 AM,0,0,0
04/30/2016 12:00:00 AM,1,1,0
04/29/2016 11:00:00 PM,4,1,3
04/29/2016 10:00:00 PM,2,1,1
04/29/2016 09:00:00 PM,5,2,3
04/29/2016 08:00:00 PM,7,4,3
04/29/2016 07:00:00 PM,4,2,2
04/29/2016 06:00:00 PM,15,9,6
04/29/2016 05:00:00 PM,15,9,6
04/29/2016 04:00:00 PM,7,4,3
04/29/2016 03:00:00 PM,10,5,5
04/29/2016 02:00:00 PM,7,4,3
04/29/2016 01:00:00 PM,5,1,4
04/29/2016 12:00:00 PM,2,0,2
04/29/2016 11:00:00 AM,7,5,2
04/29/2016 10:00:00 AM,5,3,2
04/29/2016 09:00:00 AM,6,3,3
04/29/2016 08:00:00 AM,7,3,4
04/29/2016 07:00:00 AM,6,3,3
04/29/2016 06:00:00 AM,1,0,1
04/29/2016 05:00:00 AM,2,0,2
04/29/2016 04:00:00 AM,0,0,0
04/29/2016 03:00:00 AM,0,0,0
04/29/2016 02:00:00 AM,4,4,0
04/29/2016 01:00:00 AM,0,0,0
04/29/2016 12:00:00 AM,1,1,0
04/28/2016 11:00:00 PM,0,0,0
04/28/2016 10:00:00 PM,2,2,0
04/28/2016 09:00:00 PM,9,6,3
04/28/2016 08:00:00 PM,4,0,4
04/28/2016 07:00:00 PM,7,5,2
04/28/2016 06:00:00 PM,16,9,7
04/28/2016 05:00:00 PM,16,15,1
04/28/2016 04:00:00 PM,11,5,6
04/28/2016 03:00:00 PM,11,4,7
04/28/2016 02:00:00 PM,7,2,5
04/28/2016 01:00:00 PM,9,5,4
04/28/2016 12:00:00 PM,7,6,1
04/28/2016 11:00:00 AM,7,6,1
04/28/2016 10:00:00 AM,6,5,1
04/28/2016 09:00:00 AM,7,3,4
04/28/2016 08:00:00 AM,12,6,6
04/28/2016 07:00:00 AM,11,6,5
04/28/2016 06:00:00 AM,3,1,2
04/28/2016 05:00:00 AM,2,0,2
04/28/2016 04:00:00 AM,0,0,0
04/28/2016 03:00:00 AM,0,0,0
04/28/2016 02:00:00 AM,0,0,0
04/28/2016 01:00:00 AM,1,0,1
04/28/2016 12:00:00 AM,0,0,0
04/27/2016 11:00:00 PM,0,0,0
04/27/2016 10:00:00 PM,0,0,0
04/27/2016 09:00:00 PM,2,1,1
04/27/2016 08:00:00 PM,10,5,5
04/27/2016 07:00:00 PM,14,10,4
04/27/2016 06:00:00 PM,23,12,11
04/27/2016 05:00:00 PM,20,12,8
04/27/2016 04:00:00 PM,13,8,5
04/27/2016 03:00:00 PM,8,4,4
04/27/2016 02:00:00 PM,8,5,3
04/27/2016 01:00:00 PM,6,5,1
04/27/2016 12:00:00 PM,13,7,6
04/27/2016 11:00:00 AM,9,2,7
04/27/2016 10:00:00 AM,6,1,5
04/27/2016 09:00:00 AM,9,5,4
04/27/2016 08:00:00 AM,10,3,7
04/27/2016 07:00:00 AM,10,6,4
04/27/2016 06:00:00 AM,3,3,0
04/27/2016 05:00:00 AM,3,0,3
04/27/2016 04:00:00 AM,0,0,0
04/27/2016 03:00:00 AM,0,0,0
04/27/2016 02:00:00 AM,0,0,0
04/27/2016 01:00:00 AM,0,0,0
04/27/2016 12:00:00 AM,3,1,2
04/26/2016 11:00:00 PM,1,1,0
04/26/2016 10:00:00 PM,1,0,1
04/26/2016 09:00:00 PM,9,5,4
04/26/2016 08:00:00 PM,5,4,1
04/26/2016 07:00:00 PM,11,7,4
04/26/2016 06:00:00 PM,11,4,7
04/26/2016 05:00:00 PM,20,12,8
04/26/2016 04:00:00 PM,9,4,5
04/26/2016 03:00:00 PM,9,4,5
04/26/2016 02:00:00 PM,8,6,2
04/26/2016 01:00:00 PM,4,3,1
04/26/2016 12:00:00 PM,4,2,2
04/26/2016 11:00:00 AM,1,0,1
04/26/2016 10:00:00 AM,5,4,1
04/26/2016 09:00:00 AM,10,4,6
04/26/2016 08:00:00 AM,15,3,12
04/26/2016 07:00:00 AM,5,4,1
04/26/2016 06:00:00 AM,2,1,1
04/26/2016 05:00:00 AM,3,1,2
04/26/2016 04:00:00 AM,0,0,0
04/26/2016 03:00:00 AM,0,0,0
04/26/2016 02:00:00 AM,0,0,0
04/26/2016 01:00:00 AM,1,0,1
04/26/2016 12:00:00 AM,0,0,0
04/25/2016 11:00:00 PM,1,1,0
04/25/2016 10:00:00 PM,1,0,1
04/25/2016 09:00:00 PM,1,0,1
04/25/2016 08:00:00 PM,11,6,5
04/25/2016 07:00:00 PM,7,5,2
04/25/2016 06:00:00 PM,20,10,10
04/25/2016 05:00:00 PM,18,16,2
04/25/2016 04:00:00 PM,7,5,2
04/25/2016 03:00:00 PM,11,6,5
04/25/2016 02:00:00 PM,11,5,6
04/25/2016 01:00:00 PM,6,4,2
04/25/2016 12:00:00 PM,7,4,3
04/25/2016 11:00:00 AM,5,2,3
04/25/2016 10:00:00 AM,5,2,3
04/25/2016 09:00:00 AM,2,2,0
04/25/2016 08:00:00 AM,10,5,5
04/25/2016 07:00:00 AM,9,2,7
04/25/2016 06:00:00 AM,2,1,1
04/25/2016 05:00:00 AM,3,1,2
04/25/2016 04:00:00 AM,1,1,0
04/25/2016 03:00:00 AM,0,0,0
04/25/2016 02:00:00 AM,0,0,0
04/25/2016 01:00:00 AM,0,0,0
04/25/2016 12:00:00 AM,0,0,0
04/24/2016 11:00:00 PM,0,0,0
04/24/2016 10:00:00 PM,2,1,1
04/24/2016 09:00:00 PM,1,1,0
04/24/2016 08:00:00 PM,4,2,2
04/24/2016 07:00:00 PM,1,0,1
04/24/2016 06:00:00 PM,4,1,3
04/24/2016 05:00:00 PM,5,2,3
04/24/2016 04:00:00 PM,7,5,2
04/24/2016 03:00:00 PM,11,5,6
04/24/2016 02:00:00 PM,6,3,3
04/24/2016 01:00:00 PM,5,4,1
04/24/2016 12:00:00 PM,5,4,1
04/24/2016 11:00:00 AM,1,1,0
04/24/2016 10:00:00 AM,1,1,0
04/24/2016 09:00:00 AM,4,4,0
04/24/2016 08:00:00 AM,3,0,3
04/24/2016 07:00:00 AM,2,1,1
04/24/2016 06:00:00 AM,1,0,1
04/24/2016 05:00:00 AM,0,0,0
04/24/2016 04:00:00 AM,0,0,0
04/24/2016 03:00:00 AM,0,0,0
04/24/2016 02:00:00 AM,0,0,0
04/24/2016 01:00:00 AM,0,0,0
04/24/2016 12:00:00 AM,3,1,2
04/23/2016 11:00:00 PM,1,1,0
04/23/2016 10:00:00 PM,4,2,2
04/23/2016 09:00:00 PM,2,0,2
04/23/2016 08:00:00 PM,2,2,0
04/23/2016 07:00:00 PM,4,3,1
04/23/2016 06:00:00 PM,13,6,7
04/23/2016 05:00:00 PM,17,9,8
04/23/2016 04:00:00 PM,16,8,8
04/23/2016 03:00:00 PM,11,3,8
04/23/2016 02:00:00 PM,20,3,17
04/23/2016 01:00:00 PM,17,12,5
04/23/2016 12:00:00 PM,10,4,6
04/23/2016 11:00:00 AM,16,5,11
04/23/2016 10:00:00 AM,7,1,6
04/23/2016 09:00:00 AM,6,5,1
04/23/2016 08:00:00 AM,6,4,2
04/23/2016 07:00:00 AM,4,1,3
04/23/2016 06:00:00 AM,1,0,1
04/23/2016 05:00:00 AM,1,1,0
04/23/2016 04:00:00 AM,0,0,0
04/23/2016 03:00:00 AM,0,0,0
04/23/2016 02:00:00 AM,0,0,0
04/23/2016 01:00:00 AM,0,0,0
04/23/2016 12:00:00 AM,0,0,0
04/22/2016 11:00:00 PM,2,1,1
04/22/2016 10:00:00 PM,1,0,1
04/22/2016 09:00:00 PM,2,0,2
04/22/2016 08:00:00 PM,1,1,0
04/22/2016 07:00:00 PM,2,1,1
04/22/2016 06:00:00 PM,3,1,2
04/22/2016 05:00:00 PM,12,5,7
04/22/2016 04:00:00 PM,10,5,5
04/22/2016 03:00:00 PM,0,0,0
04/22/2016 02:00:00 PM,3,1,2
04/22/2016 01:00:00 PM,8,5,3
04/22/2016 12:00:00 PM,2,2,0
04/22/2016 11:00:00 AM,5,2,3
04/22/2016 10:00:00 AM,7,4,3
04/22/2016 09:00:00 AM,10,4,6
04/22/2016 08:00:00 AM,9,3,6
04/22/2016 07:00:00 AM,10,3,7
04/22/2016 06:00:00 AM,1,1,0
04/22/2016 05:00:00 AM,0,0,0
04/22/2016 04:00:00 AM,0,0,0
04/22/2016 03:00:00 AM,0,0,0
04/22/2016 02:00:00 AM,1,0,1
04/22/2016 01:00:00 AM,0,0,0
04/22/2016 12:00:00 AM,0,0,0
04/21/2016 11:00:00 PM,1,1,0
04/21/2016 10:00:00 PM,6,3,3
04/21/2016 09:00:00 PM,9,4,5
04/21/2016 08:00:00 PM,9,3,6
04/21/2016 07:00:00 PM,14,10,4
04/21/2016 06:00:00 PM,14,5,9
04/21/2016 05:00:00 PM,27,15,12
04/21/2016 04:00:00 PM,23,12,11
04/21/2016 03:00:00 PM,8,5,3
04/21/2016 02:00:00 PM,16,5,11
04/21/2016 01:00:00 PM,7,1,6
04/21/2016 12:00:00 PM,8,7,1
04/21/2016 11:00:00 AM,9,5,4
04/21/2016 10:00:00 AM,10,2,8
04/21/2016 09:00:00 AM,9,5,4
04/21/2016 08:00:00 AM,11,10,1
04/21/2016 07:00:00 AM,14,5,9
04/21/2016 06:00:00 AM,2,1,1
04/21/2016 05:00:00 AM,1,0,1
04/21/2016 04:00:00 AM,1,1,0
04/21/2016 03:00:00 AM,0,0,0
04/21/2016 02:00:00 AM,0,0,0
04/21/2016 01:00:00 AM,0,0,0
04/21/2016 12:00:00 AM,1,1,0
04/20/2016 11:00:00 PM,0,0,0
04/20/2016 10:00:00 PM,1,1,0
04/20/2016 09:00:00 PM,9,3,6
04/20/2016 08:00:00 PM,13,7,6
04/20/2016 07:00:00 PM,9,7,2
04/20/2016 06:00:00 PM,25,10,15
04/20/2016 05:00:00 PM,33,24,9
04/20/2016 04:00:00 PM,10,6,4
04/20/2016 03:00:00 PM,18,11,7
04/20/2016 02:00:00 PM,10,6,4
04/20/2016 01:00:00 PM,6,4,2
04/20/2016 12:00:00 PM,18,8,10
04/20/2016 11:00:00 AM,6,3,3
04/20/2016 10:00:00 AM,7,4,3
04/20/2016 09:00:00 AM,13,5,8
04/20/2016 08:00:00 AM,14,8,6
04/20/2016 07:00:00 AM,9,3,6
04/20/2016 06:00:00 AM,1,0,1
04/20/2016 05:00:00 AM,1,0,1
04/20/2016 04:00:00 AM,0,0,0
04/20/2016 03:00:00 AM,0,0,0
04/20/2016 02:00:00 AM,0,0,0
04/20/2016 01:00:00 AM,0,0,0
04/20/2016 12:00:00 AM,1,0,1
04/19/2016 11:00:00 PM,0,0,0
04/19/2016 10:00:00 PM,0,0,0
04/19/2016 09:00:00 PM,10,8,2
04/19/2016 08:00:00 PM,3,3,0
04/19/2016 07:00:00 PM,19,6,13
04/19/2016 06:00:00 PM,23,12,11
04/19/2016 05:00:00 PM,20,13,7
04/19/2016 04:00:00 PM,15,8,7
04/19/2016 03:00:00 PM,14,7,7
04/19/2016 02:00:00 PM,17,9,8
04/19/2016 01:00:00 PM,14,4,10
04/19/2016 12:00:00 PM,14,5,9
04/19/2016 11:00:00 AM,9,3,6
04/19/2016 10:00:00 AM,10,7,3
04/19/2016 09:00:00 AM,18,6,12
04/19/2016 08:00:00 AM,9,2,7
04/19/2016 07:00:00 AM,17,7,10
04/19/2016 06:00:00 AM,2,2,0
04/19/2016 05:00:00 AM,2,0,2
04/19/2016 04:00:00 AM,0,0,0
04/19/2016 03:00:00 AM,1,1,0
04/19/2016 02:00:00 AM,1,0,1
04/19/2016 01:00:00 AM,1,0,1
04/19/2016 12:00:00 AM,0,0,0
04/18/2016 11:00:00 PM,0,0,0
04/18/2016 10:00:00 PM,3,2,1
04/18/2016 09:00:00 PM,9,7,2
04/18/2016 08:00:00 PM,13,10,3
04/18/2016 07:00:00 PM,17,8,9
04/18/2016 06:00:00 PM,30,16,14
04/18/2016 05:00:00 PM,27,14,13
04/18/2016 04:00:00 PM,14,9,5
04/18/2016 03:00:00 PM,25,16,9
04/18/2016 02:00:00 PM,19,7,12
04/18/2016 01:00:00 PM,23,10,13
04/18/2016 12:00:00 PM,18,9,9
04/18/2016 11:00:00 AM,4,2,2
04/18/2016 10:00:00 AM,9,4,5
04/18/2016 09:00:00 AM,12,5,7
04/18/2016 08:00:00 AM,10,3,7
04/18/2016 07:00:00 AM,15,6,9
04/18/2016 06:00:00 AM,7,4,3
04/18/2016 05:00:00 AM,3,2,1
04/18/2016 04:00:00 AM,0,0,0
04/18/2016 03:00:00 AM,0,0,0
04/18/2016 02:00:00 AM,0,0,0
04/18/2016 01:00:00 AM,0,0,0
04/18/2016 12:00:00 AM,0,0,0
04/17/2016 11:00:00 PM,0,0,0
04/17/2016 10:00:00 PM,1,1,0
04/17/2016 09:00:00 PM,4,3,1
04/17/2016 08:00:00 PM,5,2,3
04/17/2016 07:00:00 PM,13,10,3
04/17/2016 06:00:00 PM,18,5,13
04/17/2016 05:00:00 PM,10,4,6
04/17/2016 04:00:00 PM,21,7,14
04/17/2016 03:00:00 PM,33,10,23
04/17/2016 02:00:00 PM,30,14,16
04/17/2016 01:00:00 PM,21,8,13
04/17/2016 12:00:00 PM,26,13,13
04/17/2016 11:00:00 AM,25,13,12
04/17/2016 10:00:00 AM,21,15,6
04/17/2016 09:00:00 AM,14,3,11
04/17/2016 08:00:00 AM,7,2,5
04/17/2016 07:00:00 AM,3,0,3
04/17/2016 06:00:00 AM,1,0,1
04/17/2016 05:00:00 AM,0,0,0
04/17/2016 04:00:00 AM,0,0,0
04/17/2016 03:00:00 AM,0,0,0
04/17/2016 02:00:00 AM,0,0,0
04/17/2016 01:00:00 AM,2,1,1
04/17/2016 12:00:00 AM,1,0,1
04/16/2016 11:00:00 PM,1,0,1
04/16/2016 10:00:00 PM,0,0,0
04/16/2016 09:00:00 PM,2,0,2
04/16/2016 08:00:00 PM,10,10,0
04/16/2016 07:00:00 PM,11,11,0
04/16/2016 06:00:00 PM,13,5,8
04/16/2016 05:00:00 PM,16,8,8
04/16/2016 04:00:00 PM,16,9,7
04/16/2016 03:00:00 PM,14,4,10
04/16/2016 02:00:00 PM,14,8,6
04/16/2016 01:00:00 PM,15,6,9
04/16/2016 12:00:00 PM,18,7,11
04/16/2016 11:00:00 AM,17,12,5
04/16/2016 10:00:00 AM,8,2,6
04/16/2016 09:00:00 AM,5,3,2
04/16/2016 08:00:00 AM,3,1,2
04/16/2016 07:00:00 AM,1,0,1
04/16/2016 06:00:00 AM,0,0,0
04/16/2016 05:00:00 AM,0,0,0
04/16/2016 04:00:00 AM,0,0,0
04/16/2016 03:00:00 AM,0,0,0
04/16/2016 02:00:00 AM,1,1,0
04/16/2016 01:00:00 AM,1,1,0
04/16/2016 12:00:00 AM,2,2,0
04/15/2016 11:00:00 PM,0,0,0
04/15/2016 10:00:00 PM,2,0,2
04/15/2016 09:00:00 PM,2,2,0
04/15/2016 08:00:00 PM,7,3,4
04/15/2016 07:00:00 PM,11,6,5
04/15/2016 06:00:00 PM,15,10,5
04/15/2016 05:00:00 PM,9,5,4
04/15/2016 04:00:00 PM,11,7,4
04/15/2016 03:00:00 PM,9,2,7
04/15/2016 02:00:00 PM,10,8,2
04/15/2016 01:00:00 PM,4,2,2
04/15/2016 12:00:00 PM,11,7,4
04/15/2016 11:00:00 AM,4,1,3
04/15/2016 10:00:00 AM,9,5,4
04/15/2016 09:00:00 AM,9,5,4
04/15/2016 08:00:00 AM,5,2,3
04/15/2016 07:00:00 AM,6,3,3
04/15/2016 06:00:00 AM,3,0,3
04/15/2016 05:00:00 AM,0,0,0
04/15/2016 04:00:00 AM,0,0,0
04/15/2016 03:00:00 AM,0,0,0
04/15/2016 02:00:00 AM,0,0,0
04/15/2016 01:00:00 AM,0,0,0
04/15/2016 12:00:00 AM,0,0,0
04/14/2016 11:00:00 PM,1,1,0
04/14/2016 10:00:00 PM,0,0,0
04/14/2016 09:00:00 PM,3,2,1
04/14/2016 08:00:00 PM,7,3,4
04/14/2016 07:00:00 PM,14,10,4
04/14/2016 06:00:00 PM,17,10,7
04/14/2016 05:00:00 PM,17,9,8
04/14/2016 04:00:00 PM,16,7,9
04/14/2016 03:00:00 PM,10,5,5
04/14/2016 02:00:00 PM,9,7,2
04/14/2016 01:00:00 PM,14,5,9
04/14/2016 12:00:00 PM,14,9,5
04/14/2016 11:00:00 AM,6,3,3
04/14/2016 10:00:00 AM,6,3,3
04/14/2016 09:00:00 AM,4,2,2
04/14/2016 08:00:00 AM,7,3,4
04/14/2016 07:00:00 AM,4,2,2
04/14/2016 06:00:00 AM,0,0,0
04/14/2016 05:00:00 AM,2,1,1
04/14/2016 04:00:00 AM,0,0,0
04/14/2016 03:00:00 AM,0,0,0
04/14/2016 02:00:00 AM,0,0,0
04/14/2016 01:00:00 AM,0,0,0
04/14/2016 12:00:00 AM,0,0,0
04/13/2016 11:00:00 PM,0,0,0
04/13/2016 10:00:00 PM,0,0,0
04/13/2016 09:00:00 PM,2,2,0
04/13/2016 08:00:00 PM,5,3,2
04/13/2016 07:00:00 PM,8,0,8
04/13/2016 06:00:00 PM,15,6,9
04/13/2016 05:00:00 PM,10,5,5
04/13/2016 04:00:00 PM,12,8,4
04/13/2016 03:00:00 PM,4,2,2
04/13/2016 02:00:00 PM,10,8,2
04/13/2016 01:00:00 PM,2,0,2
04/13/2016 12:00:00 PM,6,1,5
04/13/2016 11:00:00 AM,5,0,5
04/13/2016 10:00:00 AM,10,1,9
04/13/2016 09:00:00 AM,13,7,6
04/13/2016 08:00:00 AM,10,7,3
04/13/2016 07:00:00 AM,14,10,4
04/13/2016 06:00:00 AM,2,0,2
04/13/2016 05:00:00 AM,2,0,2
04/13/2016 04:00:00 AM,0,0,0
04/13/2016 03:00:00 AM,0,0,0
04/13/2016 02:00:00 AM,1,0,1
04/13/2016 01:00:00 AM,0,0,0
04/13/2016 12:00:00 AM,0,0,0
04/12/2016 11:00:00 PM,1,1,0
04/12/2016 10:00:00 PM,2,1,1
04/12/2016 09:00:00 PM,1,1,0
04/12/2016 08:00:00 PM,5,2,3
04/12/2016 07:00:00 PM,11,6,5
04/12/2016 06:00:00 PM,5,2,3
04/12/2016 05:00:00 PM,6,3,3
04/12/2016 04:00:00 PM,5,3,2
04/12/2016 03:00:00 PM,0,0,0
04/12/2016 02:00:00 PM,4,2,2
04/12/2016 01:00:00 PM,5,3,2
04/12/2016 12:00:00 PM,9,7,2
04/12/2016 11:00:00 AM,6,5,1
04/12/2016 10:00:00 AM,8,1,7
04/12/2016 09:00:00 AM,6,1,5
04/12/2016 08:00:00 AM,6,2,4
04/12/2016 07:00:00 AM,8,6,2
04/12/2016 06:00:00 AM,2,1,1
04/12/2016 05:00:00 AM,1,0,1
04/12/2016 04:00:00 AM,0,0,0
04/12/2016 03:00:00 AM,0,0,0
04/12/2016 02:00:00 AM,0,0,0
04/12/2016 01:00:00 AM,0,0,0
04/12/2016 12:00:00 AM,0,0,0
04/11/2016 11:00:00 PM,0,0,0
04/11/2016 10:00:00 PM,3,3,0
04/11/2016 09:00:00 PM,2,2,0
04/11/2016 08:00:00 PM,8,5,3
04/11/2016 07:00:00 PM,4,2,2
04/11/2016 06:00:00 PM,12,6,6
04/11/2016 05:00:00 PM,12,5,7
04/11/2016 04:00:00 PM,12,8,4
04/11/2016 03:00:00 PM,7,6,1
04/11/2016 02:00:00 PM,5,3,2
04/11/2016 01:00:00 PM,14,11,3
04/11/2016 12:00:00 PM,7,4,3
04/11/2016 11:00:00 AM,2,1,1
04/11/2016 10:00:00 AM,4,3,1
04/11/2016 09:00:00 AM,12,6,6
04/11/2016 08:00:00 AM,7,1,6
04/11/2016 07:00:00 AM,12,4,8
04/11/2016 06:00:00 AM,3,1,2
04/11/2016 05:00:00 AM,1,0,1
04/11/2016 04:00:00 AM,0,0,0
04/11/2016 03:00:00 AM,0,0,0
04/11/2016 02:00:00 AM,0,0,0
04/11/2016 01:00:00 AM,0,0,0
04/11/2016 12:00:00 AM,0,0,0
04/10/2016 11:00:00 PM,0,0,0
04/10/2016 10:00:00 PM,0,0,0
04/10/2016 09:00:00 PM,0,0,0
04/10/2016 08:00:00 PM,2,1,1
04/10/2016 07:00:00 PM,7,5,2
04/10/2016 06:00:00 PM,7,4,3
04/10/2016 05:00:00 PM,18,11,7
04/10/2016 04:00:00 PM,10,4,6
04/10/2016 03:00:00 PM,16,6,10
04/10/2016 02:00:00 PM,26,12,14
04/10/2016 01:00:00 PM,18,8,10
04/10/2016 12:00:00 PM,18,14,4
04/10/2016 11:00:00 AM,9,3,6
04/10/2016 10:00:00 AM,10,5,5
04/10/2016 09:00:00 AM,6,4,2
04/10/2016 08:00:00 AM,2,0,2
04/10/2016 07:00:00 AM,1,0,1
04/10/2016 06:00:00 AM,0,0,0
04/10/2016 05:00:00 AM,0,0,0
04/10/2016 04:00:00 AM,0,0,0
04/10/2016 03:00:00 AM,0,0,0
04/10/2016 02:00:00 AM,3,3,0
04/10/2016 01:00:00 AM,0,0,0
04/10/2016 12:00:00 AM,0,0,0
04/09/2016 11:00:00 PM,2,2,0
04/09/2016 10:00:00 PM,2,2,0
04/09/2016 09:00:00 PM,5,2,3
04/09/2016 08:00:00 PM,2,0,2
04/09/2016 07:00:00 PM,4,1,3
04/09/2016 06:00:00 PM,17,6,11
04/09/2016 05:00:00 PM,9,5,4
04/09/2016 04:00:00 PM,26,18,8
04/09/2016 03:00:00 PM,11,5,6
04/09/2016 02:00:00 PM,23,8,15
04/09/2016 01:00:00 PM,22,14,8
04/09/2016 12:00:00 PM,13,0,13
04/09/2016 11:00:00 AM,10,6,4
04/09/2016 10:00:00 AM,6,2,4
04/09/2016 09:00:00 AM,11,5,6
04/09/2016 08:00:00 AM,5,4,1
04/09/2016 07:00:00 AM,3,1,2
04/09/2016 06:00:00 AM,2,0,2
04/09/2016 05:00:00 AM,0,0,0
04/09/2016 04:00:00 AM,0,0,0
04/09/2016 03:00:00 AM,1,0,1
04/09/2016 02:00:00 AM,0,0,0
04/09/2016 01:00:00 AM,1,0,1
04/09/2016 12:00:00 AM,1,1,0
04/08/2016 11:00:00 PM,2,1,1
04/08/2016 10:00:00 PM,5,1,4
04/08/2016 09:00:00 PM,5,3,2
04/08/2016 08:00:00 PM,5,5,0
04/08/2016 07:00:00 PM,14,13,1
04/08/2016 06:00:00 PM,19,7,12
04/08/2016 05:00:00 PM,18,5,13
04/08/2016 04:00:00 PM,7,3,4
04/08/2016 03:00:00 PM,21,15,6
04/08/2016 02:00:00 PM,25,14,11
04/08/2016 01:00:00 PM,14,11,3
04/08/2016 12:00:00 PM,5,0,5
04/08/2016 11:00:00 AM,11,4,7
04/08/2016 10:00:00 AM,11,4,7
04/08/2016 09:00:00 AM,5,3,2
04/08/2016 08:00:00 AM,8,3,5
04/08/2016 07:00:00 AM,9,3,6
04/08/2016 06:00:00 AM,3,0,3
04/08/2016 05:00:00 AM,1,0,1
04/08/2016 04:00:00 AM,0,0,0
04/08/2016 03:00:00 AM,0,0,0
04/08/2016 02:00:00 AM,1,0,1
04/08/2016 01:00:00 AM,0,0,0
04/08/2016 12:00:00 AM,0,0,0
04/07/2016 11:00:00 PM,2,1,1
04/07/2016 10:00:00 PM,3,1,2
04/07/2016 09:00:00 PM,11,9,2
04/07/2016 08:00:00 PM,5,2,3
04/07/2016 07:00:00 PM,21,13,8
04/07/2016 06:00:00 PM,12,7,5
04/07/2016 05:00:00 PM,24,19,5
04/07/2016 04:00:00 PM,13,7,6
04/07/2016 03:00:00 PM,7,4,3
04/07/2016 02:00:00 PM,16,7,9
04/07/2016 01:00:00 PM,15,7,8
04/07/2016 12:00:00 PM,11,3,8
04/07/2016 11:00:00 AM,12,7,5
04/07/2016 10:00:00 AM,13,8,5
04/07/2016 09:00:00 AM,7,5,2
04/07/2016 08:00:00 AM,8,2,6
04/07/2016 07:00:00 AM,6,5,1
04/07/2016 06:00:00 AM,0,0,0
04/07/2016 05:00:00 AM,1,0,1
04/07/2016 04:00:00 AM,0,0,0
04/07/2016 03:00:00 AM,0,0,0
04/07/2016 02:00:00 AM,0,0,0
04/07/2016 01:00:00 AM,0,0,0
04/07/2016 12:00:00 AM,0,0,0
04/06/2016 11:00:00 PM,2,1,1
04/06/2016 10:00:00 PM,1,0,1
04/06/2016 09:00:00 PM,3,2,1
04/06/2016 08:00:00 PM,5,5,0
04/06/2016 07:00:00 PM,13,6,7
04/06/2016 06:00:00 PM,39,14,25
04/06/2016 05:00:00 PM,20,11,9
04/06/2016 04:00:00 PM,13,6,7
04/06/2016 03:00:00 PM,8,2,6
04/06/2016 02:00:00 PM,12,4,8
04/06/2016 01:00:00 PM,12,7,5
04/06/2016 12:00:00 PM,3,1,2
04/06/2016 11:00:00 AM,5,1,4
04/06/2016 10:00:00 AM,9,4,5
04/06/2016 09:00:00 AM,7,3,4
04/06/2016 08:00:00 AM,10,3,7
04/06/2016 07:00:00 AM,11,5,6
04/06/2016 06:00:00 AM,0,0,0
04/06/2016 05:00:00 AM,1,0,1
04/06/2016 04:00:00 AM,0,0,0
04/06/2016 03:00:00 AM,0,0,0
04/06/2016 02:00:00 AM,1,0,1
04/06/2016 01:00:00 AM,1,0,1
04/06/2016 12:00:00 AM,0,0,0
04/05/2016 11:00:00 PM,4,3,1
04/05/2016 10:00:00 PM,3,2,1
04/05/2016 09:00:00 PM,4,1,3
04/05/2016 08:00:00 PM,3,2,1
04/05/2016 07:00:00 PM,10,5,5
04/05/2016 06:00:00 PM,19,10,9
04/05/2016 05:00:00 PM,19,4,15
04/05/2016 04:00:00 PM,12,5,7
04/05/2016 03:00:00 PM,15,6,9
04/05/2016 02:00:00 PM,6,4,2
04/05/2016 01:00:00 PM,1,0,1
04/05/2016 12:00:00 PM,6,3,3
04/05/2016 11:00:00 AM,3,3,0
04/05/2016 10:00:00 AM,8,5,3
04/05/2016 09:00:00 AM,10,4,6
04/05/2016 08:00:00 AM,7,1,6
04/05/2016 07:00:00 AM,9,6,3
04/05/2016 06:00:00 AM,2,0,2
04/05/2016 05:00:00 AM,1,0,1
04/05/2016 04:00:00 AM,0,0,0
04/05/2016 03:00:00 AM,2,0,2
04/05/2016 02:00:00 AM,1,1,0
04/05/2016 01:00:00 AM,1,1,0
04/05/2016 12:00:00 AM,0,0,0
04/04/2016 11:00:00 PM,0,0,0
04/04/2016 10:00:00 PM,0,0,0
04/04/2016 09:00:00 PM,5,2,3
04/04/2016 08:00:00 PM,2,2,0
04/04/2016 07:00:00 PM,4,3,1
04/04/2016 06:00:00 PM,17,7,10
04/04/2016 05:00:00 PM,20,7,13
04/04/2016 04:00:00 PM,14,8,6
04/04/2016 03:00:00 PM,4,3,1
04/04/2016 02:00:00 PM,5,4,1
04/04/2016 01:00:00 PM,6,5,1
04/04/2016 12:00:00 PM,6,6,0
04/04/2016 11:00:00 AM,5,1,4
04/04/2016 10:00:00 AM,9,2,7
04/04/2016 09:00:00 AM,12,7,5
04/04/2016 08:00:00 AM,9,3,6
04/04/2016 07:00:00 AM,9,5,4
04/04/2016 06:00:00 AM,1,1,0
04/04/2016 05:00:00 AM,0,0,0
04/04/2016 04:00:00 AM,1,0,1
04/04/2016 03:00:00 AM,0,0,0
04/04/2016 02:00:00 AM,0,0,0
04/04/2016 01:00:00 AM,0,0,0
04/04/2016 12:00:00 AM,0,0,0
04/03/2016 11:00:00 PM,0,0,0
04/03/2016 10:00:00 PM,1,1,0
04/03/2016 09:00:00 PM,1,1,0
04/03/2016 08:00:00 PM,2,0,2
04/03/2016 07:00:00 PM,2,0,2
04/03/2016 06:00:00 PM,6,4,2
04/03/2016 05:00:00 PM,18,8,10
04/03/2016 04:00:00 PM,12,4,8
04/03/2016 03:00:00 PM,22,14,8
04/03/2016 02:00:00 PM,20,8,12
04/03/2016 01:00:00 PM,26,9,17
04/03/2016 12:00:00 PM,19,11,8
04/03/2016 11:00:00 AM,12,5,7
04/03/2016 10:00:00 AM,7,5,2
04/03/2016 09:00:00 AM,11,3,8
04/03/2016 08:00:00 AM,1,0,1
04/03/2016 07:00:00 AM,2,0,2
04/03/2016 06:00:00 AM,7,7,0
04/03/2016 05:00:00 AM,3,3,0
04/03/2016 04:00:00 AM,0,0,0
04/03/2016 03:00:00 AM,0,0,0
04/03/2016 02:00:00 AM,1,0,1
04/03/2016 01:00:00 AM,0,0,0
04/03/2016 12:00:00 AM,0,0,0
04/02/2016 11:00:00 PM,3,2,1
04/02/2016 10:00:00 PM,3,3,0
04/02/2016 09:00:00 PM,4,3,1
04/02/2016 08:00:00 PM,11,8,3
04/02/2016 07:00:00 PM,7,1,6
04/02/2016 06:00:00 PM,12,3,9
04/02/2016 05:00:00 PM,23,18,5
04/02/2016 04:00:00 PM,12,7,5
04/02/2016 03:00:00 PM,23,13,10
04/02/2016 02:00:00 PM,14,5,9
04/02/2016 01:00:00 PM,34,24,10
04/02/2016 12:00:00 PM,15,7,8
04/02/2016 11:00:00 AM,11,8,3
04/02/2016 10:00:00 AM,15,4,11
04/02/2016 09:00:00 AM,10,5,5
04/02/2016 08:00:00 AM,2,1,1
04/02/2016 07:00:00 AM,1,0,1
04/02/2016 06:00:00 AM,1,0,1
04/02/2016 05:00:00 AM,0,0,0
04/02/2016 04:00:00 AM,0,0,0
04/02/2016 03:00:00 AM,0,0,0
04/02/2016 02:00:00 AM,2,1,1
04/02/2016 01:00:00 AM,0,0,0
04/02/2016 12:00:00 AM,0,0,0
04/01/2016 11:00:00 PM,3,2,1
04/01/2016 10:00:00 PM,2,2,0
04/01/2016 09:00:00 PM,8,6,2
04/01/2016 08:00:00 PM,4,2,2
04/01/2016 07:00:00 PM,18,7,11
04/01/2016 06:00:00 PM,21,13,8
04/01/2016 05:00:00 PM,17,10,7
04/01/2016 04:00:00 PM,16,13,3
04/01/2016 03:00:00 PM,19,11,8
04/01/2016 02:00:00 PM,11,8,3
04/01/2016 01:00:00 PM,14,9,5
04/01/2016 12:00:00 PM,13,4,9
04/01/2016 11:00:00 AM,6,2,4
04/01/2016 10:00:00 AM,9,2,7
04/01/2016 09:00:00 AM,9,6,3
04/01/2016 08:00:00 AM,14,4,10
04/01/2016 07:00:00 AM,6,2,4
04/01/2016 06:00:00 AM,1,0,1
04/01/2016 05:00:00 AM,0,0,0
04/01/2016 04:00:00 AM,0,0,0
04/01/2016 03:00:00 AM,1,1,0
04/01/2016 02:00:00 AM,0,0,0
04/01/2016 01:00:00 AM,0,0,0
04/01/2016 12:00:00 AM,0,0,0
03/31/2016 11:00:00 PM,1,0,1
03/31/2016 10:00:00 PM,2,2,0
03/31/2016 09:00:00 PM,4,1,3
03/31/2016 08:00:00 PM,6,4,2
03/31/2016 07:00:00 PM,11,5,6
03/31/2016 06:00:00 PM,15,6,9
03/31/2016 05:00:00 PM,23,15,8
03/31/2016 04:00:00 PM,27,17,10
03/31/2016 03:00:00 PM,17,10,7
03/31/2016 02:00:00 PM,12,7,5
03/31/2016 01:00:00 PM,10,4,6
03/31/2016 12:00:00 PM,9,5,4
03/31/2016 11:00:00 AM,11,6,5
03/31/2016 10:00:00 AM,7,3,4
03/31/2016 09:00:00 AM,9,5,4
03/31/2016 08:00:00 AM,9,5,4
03/31/2016 07:00:00 AM,7,4,3
03/31/2016 06:00:00 AM,0,0,0
03/31/2016 05:00:00 AM,1,0,1
03/31/2016 04:00:00 AM,0,0,0
03/31/2016 03:00:00 AM,0,0,0
03/31/2016 02:00:00 AM,0,0,0
03/31/2016 01:00:00 AM,0,0,0
03/31/2016 12:00:00 AM,3,0,3
03/30/2016 11:00:00 PM,1,0,1
03/30/2016 10:00:00 PM,5,5,0
03/30/2016 09:00:00 PM,4,3,1
03/30/2016 08:00:00 PM,12,10,2
03/30/2016 07:00:00 PM,15,7,8
03/30/2016 06:00:00 PM,19,7,12
03/30/2016 05:00:00 PM,27,16,11
03/30/2016 04:00:00 PM,18,11,7
03/30/2016 03:00:00 PM,5,4,1
03/30/2016 02:00:00 PM,18,8,10
03/30/2016 01:00:00 PM,9,6,3
03/30/2016 12:00:00 PM,12,2,10
03/30/2016 11:00:00 AM,7,4,3
03/30/2016 10:00:00 AM,4,4,0
03/30/2016 09:00:00 AM,14,7,7
03/30/2016 08:00:00 AM,7,2,5
03/30/2016 07:00:00 AM,9,4,5
03/30/2016 06:00:00 AM,2,0,2
03/30/2016 05:00:00 AM,2,0,2
03/30/2016 04:00:00 AM,0,0,0
03/30/2016 03:00:00 AM,0,0,0
03/30/2016 02:00:00 AM,0,0,0
03/30/2016 01:00:00 AM,2,0,2
03/30/2016 12:00:00 AM,2,2,0
03/29/2016 11:00:00 PM,2,2,0
03/29/2016 10:00:00 PM,4,3,1
03/29/2016 09:00:00 PM,5,4,1
03/29/2016 08:00:00 PM,5,1,4
03/29/2016 07:00:00 PM,11,7,4
03/29/2016 06:00:00 PM,9,5,4
03/29/2016 05:00:00 PM,19,9,10
03/29/2016 04:00:00 PM,14,7,7
03/29/2016 03:00:00 PM,9,3,6
03/29/2016 02:00:00 PM,15,10,5
03/29/2016 01:00:00 PM,7,5,2
03/29/2016 12:00:00 PM,10,4,6
03/29/2016 11:00:00 AM,8,4,4
03/29/2016 10:00:00 AM,10,5,5
03/29/2016 09:00:00 AM,15,8,7
03/29/2016 08:00:00 AM,10,4,6
03/29/2016 07:00:00 AM,7,2,5
03/29/2016 06:00:00 AM,1,0,1
03/29/2016 05:00:00 AM,1,0,1
03/29/2016 04:00:00 AM,1,1,0
03/29/2016 03:00:00 AM,0,0,0
03/29/2016 02:00:00 AM,1,0,1
03/29/2016 01:00:00 AM,0,0,0
03/29/2016 12:00:00 AM,0,0,0
03/28/2016 11:00:00 PM,1,1,0
03/28/2016 10:00:00 PM,2,2,0
03/28/2016 09:00:00 PM,2,1,1
03/28/2016 08:00:00 PM,9,6,3
03/28/2016 07:00:00 PM,8,3,5
03/28/2016 06:00:00 PM,18,9,9
03/28/2016 05:00:00 PM,15,7,8
03/28/2016 04:00:00 PM,11,4,7
03/28/2016 03:00:00 PM,5,4,1
03/28/2016 02:00:00 PM,6,4,2
03/28/2016 01:00:00 PM,7,6,1
03/28/2016 12:00:00 PM,6,3,3
03/28/2016 11:00:00 AM,2,0,2
03/28/2016 10:00:00 AM,7,4,3
03/28/2016 09:00:00 AM,14,5,9
03/28/2016 08:00:00 AM,8,4,4
03/28/2016 07:00:00 AM,4,2,2
03/28/2016 06:00:00 AM,3,2,1
03/28/2016 05:00:00 AM,2,0,2
03/28/2016 04:00:00 AM,1,1,0
03/28/2016 03:00:00 AM,0,0,0
03/28/2016 02:00:00 AM,0,0,0
03/28/2016 01:00:00 AM,0,0,0
03/28/2016 12:00:00 AM,0,0,0
03/27/2016 11:00:00 PM,2,1,1
03/27/2016 10:00:00 PM,1,0,1
03/27/2016 09:00:00 PM,1,0,1
03/27/2016 08:00:00 PM,1,1,0
03/27/2016 07:00:00 PM,0,0,0
03/27/2016 06:00:00 PM,3,2,1
03/27/2016 05:00:00 PM,1,0,1
03/27/2016 04:00:00 PM,6,4,2
03/27/2016 03:00:00 PM,9,4,5
03/27/2016 02:00:00 PM,4,3,1
03/27/2016 01:00:00 PM,6,2,4
03/27/2016 12:00:00 PM,2,0,2
03/27/2016 11:00:00 AM,2,0,2
03/27/2016 10:00:00 AM,1,1,0
03/27/2016 09:00:00 AM,4,4,0
03/27/2016 08:00:00 AM,1,0,1
03/27/2016 07:00:00 AM,0,0,0
03/27/2016 06:00:00 AM,1,0,1
03/27/2016 05:00:00 AM,0,0,0
03/27/2016 04:00:00 AM,2,2,0
03/27/2016 03:00:00 AM,0,0,0
03/27/2016 02:00:00 AM,0,0,0
03/27/2016 01:00:00 AM,0,0,0
03/27/2016 12:00:00 AM,1,1,0
03/26/2016 11:00:00 PM,0,0,0
03/26/2016 10:00:00 PM,0,0,0
03/26/2016 09:00:00 PM,4,2,2
03/26/2016 08:00:00 PM,4,1,3
03/26/2016 07:00:00 PM,3,3,0
03/26/2016 06:00:00 PM,4,2,2
03/26/2016 05:00:00 PM,14,12,2
03/26/2016 04:00:00 PM,18,5,13
03/26/2016 03:00:00 PM,21,9,12
03/26/2016 02:00:00 PM,17,6,11
03/26/2016 01:00:00 PM,21,13,8
03/26/2016 12:00:00 PM,15,4,11
03/26/2016 11:00:00 AM,11,8,3
03/26/2016 10:00:00 AM,45,2,43
03/26/2016 09:00:00 AM,8,3,5
03/26/2016 08:00:00 AM,4,1,3
03/26/2016 07:00:00 AM,3,1,2
03/26/2016 06:00:00 AM,1,0,1
03/26/2016 05:00:00 AM,0,0,0
03/26/2016 04:00:00 AM,0,0,0
03/26/2016 03:00:00 AM,0,0,0
03/26/2016 02:00:00 AM,1,0,1
03/26/2016 01:00:00 AM,0,0,0
03/26/2016 12:00:00 AM,0,0,0
03/25/2016 11:00:00 PM,0,0,0
03/25/2016 10:00:00 PM,2,2,0
03/25/2016 09:00:00 PM,4,1,3
03/25/2016 08:00:00 PM,4,4,0
03/25/2016 07:00:00 PM,6,3,3
03/25/2016 06:00:00 PM,12,6,6
03/25/2016 05:00:00 PM,18,7,11
03/25/2016 04:00:00 PM,12,5,7
03/25/2016 03:00:00 PM,14,8,6
03/25/2016 02:00:00 PM,11,6,5
03/25/2016 01:00:00 PM,10,5,5
03/25/2016 12:00:00 PM,9,6,3
03/25/2016 11:00:00 AM,8,5,3
03/25/2016 10:00:00 AM,3,1,2
03/25/2016 09:00:00 AM,3,1,2
03/25/2016 08:00:00 AM,8,5,3
03/25/2016 07:00:00 AM,8,5,3
03/25/2016 06:00:00 AM,1,0,1
03/25/2016 05:00:00 AM,0,0,0
03/25/2016 04:00:00 AM,0,0,0
03/25/2016 03:00:00 AM,0,0,0
03/25/2016 02:00:00 AM,1,0,1
03/25/2016 01:00:00 AM,1,0,1
03/25/2016 12:00:00 AM,1,0,1
03/24/2016 11:00:00 PM,0,0,0
03/24/2016 10:00:00 PM,1,0,1
03/24/2016 09:00:00 PM,3,2,1
03/24/2016 08:00:00 PM,4,1,3
03/24/2016 07:00:00 PM,6,3,3
03/24/2016 06:00:00 PM,9,5,4
03/24/2016 05:00:00 PM,9,3,6
03/24/2016 04:00:00 PM,5,3,2
03/24/2016 03:00:00 PM,4,3,1
03/24/2016 02:00:00 PM,6,2,4
03/24/2016 01:00:00 PM,9,5,4
03/24/2016 12:00:00 PM,4,4,0
03/24/2016 11:00:00 AM,5,2,3
03/24/2016 10:00:00 AM,4,1,3
03/24/2016 09:00:00 AM,4,4,0
03/24/2016 08:00:00 AM,8,5,3
03/24/2016 07:00:00 AM,7,4,3
03/24/2016 06:00:00 AM,1,0,1
03/24/2016 05:00:00 AM,1,0,1
03/24/2016 04:00:00 AM,0,0,0
03/24/2016 03:00:00 AM,0,0,0
03/24/2016 02:00:00 AM,1,0,1
03/24/2016 01:00:00 AM,1,0,1
03/24/2016 12:00:00 AM,0,0,0
03/23/2016 11:00:00 PM,1,1,0
03/23/2016 10:00:00 PM,2,2,0
03/23/2016 09:00:00 PM,2,1,1
03/23/2016 08:00:00 PM,4,2,2
03/23/2016 07:00:00 PM,5,2,3
03/23/2016 06:00:00 PM,8,5,3
03/23/2016 05:00:00 PM,7,4,3
03/23/2016 04:00:00 PM,3,2,1
03/23/2016 03:00:00 PM,3,3,0
03/23/2016 02:00:00 PM,0,0,0
03/23/2016 01:00:00 PM,6,2,4
03/23/2016 12:00:00 PM,3,1,2
03/23/2016 11:00:00 AM,2,1,1
03/23/2016 10:00:00 AM,5,3,2
03/23/2016 09:00:00 AM,6,1,5
03/23/2016 08:00:00 AM,11,6,5
03/23/2016 07:00:00 AM,5,3,2
03/23/2016 06:00:00 AM,2,1,1
03/23/2016 05:00:00 AM,1,0,1
03/23/2016 04:00:00 AM,0,0,0
03/23/2016 03:00:00 AM,0,0,0
03/23/2016 02:00:00 AM,0,0,0
03/23/2016 01:00:00 AM,0,0,0
03/23/2016 12:00:00 AM,0,0,0
03/22/2016 11:00:00 PM,3,1,2
03/22/2016 10:00:00 PM,3,1,2
03/22/2016 09:00:00 PM,2,2,0
03/22/2016 08:00:00 PM,4,2,2
03/22/2016 07:00:00 PM,3,1,2
03/22/2016 06:00:00 PM,9,7,2
03/22/2016 05:00:00 PM,15,9,6
03/22/2016 04:00:00 PM,14,12,2
03/22/2016 03:00:00 PM,7,5,2
03/22/2016 02:00:00 PM,10,4,6
03/22/2016 01:00:00 PM,10,5,5
03/22/2016 12:00:00 PM,14,9,5
03/22/2016 11:00:00 AM,9,4,5
03/22/2016 10:00:00 AM,6,1,5
03/22/2016 09:00:00 AM,4,3,1
03/22/2016 08:00:00 AM,7,4,3
03/22/2016 07:00:00 AM,4,3,1
03/22/2016 06:00:00 AM,1,0,1
03/22/2016 05:00:00 AM,1,0,1
03/22/2016 04:00:00 AM,0,0,0
03/22/2016 03:00:00 AM,0,0,0
03/22/2016 02:00:00 AM,1,1,0
03/22/2016 01:00:00 AM,1,1,0
03/22/2016 12:00:00 AM,0,0,0
03/21/2016 11:00:00 PM,0,0,0
03/21/2016 10:00:00 PM,0,0,0
03/21/2016 09:00:00 PM,4,0,4
03/21/2016 08:00:00 PM,1,0,1
03/21/2016 07:00:00 PM,4,1,3
03/21/2016 06:00:00 PM,7,3,4
03/21/2016 05:00:00 PM,9,3,6
03/21/2016 04:00:00 PM,4,3,1
03/21/2016 03:00:00 PM,3,2,1
03/21/2016 02:00:00 PM,1,1,0
03/21/2016 01:00:00 PM,1,1,0
03/21/2016 12:00:00 PM,3,1,2
03/21/2016 11:00:00 AM,3,0,3
03/21/2016 10:00:00 AM,3,3,0
03/21/2016 09:00:00 AM,7,4,3
03/21/2016 08:00:00 AM,5,0,5
03/21/2016 07:00:00 AM,2,2,0
03/21/2016 06:00:00 AM,2,0,2
03/21/2016 05:00:00 AM,1,0,1
03/21/2016 04:00:00 AM,0,0,0
03/21/2016 03:00:00 AM,0,0,0
03/21/2016 02:00:00 AM,0,0,0
03/21/2016 01:00:00 AM,0,0,0
03/21/2016 12:00:00 AM,1,1,0
03/20/2016 11:00:00 PM,0,0,0
03/20/2016 10:00:00 PM,0,0,0
03/20/2016 09:00:00 PM,1,0,1
03/20/2016 08:00:00 PM,3,2,1
03/20/2016 07:00:00 PM,2,1,1
03/20/2016 06:00:00 PM,4,3,1
03/20/2016 05:00:00 PM,5,3,2
03/20/2016 04:00:00 PM,0,0,0
03/20/2016 03:00:00 PM,5,2,3
03/20/2016 02:00:00 PM,3,3,0
03/20/2016 01:00:00 PM,4,2,2
03/20/2016 12:00:00 PM,6,5,1
03/20/2016 11:00:00 AM,5,2,3
03/20/2016 10:00:00 AM,4,3,1
03/20/2016 09:00:00 AM,2,1,1
03/20/2016 08:00:00 AM,2,0,2
03/20/2016 07:00:00 AM,0,0,0
03/20/2016 06:00:00 AM,1,0,1
03/20/2016 05:00:00 AM,1,1,0
03/20/2016 04:00:00 AM,1,0,1
03/20/2016 03:00:00 AM,0,0,0
03/20/2016 02:00:00 AM,2,1,1
03/20/2016 01:00:00 AM,2,2,0
03/20/2016 12:00:00 AM,0,0,0
03/19/2016 11:00:00 PM,2,2,0
03/19/2016 10:00:00 PM,0,0,0
03/19/2016 09:00:00 PM,0,0,0
03/19/2016 08:00:00 PM,0,0,0
03/19/2016 07:00:00 PM,0,0,0
03/19/2016 06:00:00 PM,9,4,5
03/19/2016 05:00:00 PM,4,2,2
03/19/2016 04:00:00 PM,8,3,5
03/19/2016 03:00:00 PM,10,6,4
03/19/2016 02:00:00 PM,9,3,6
03/19/2016 01:00:00 PM,6,4,2
03/19/2016 12:00:00 PM,12,5,7
03/19/2016 11:00:00 AM,8,4,4
03/19/2016 10:00:00 AM,4,0,4
03/19/2016 09:00:00 AM,4,2,2
03/19/2016 08:00:00 AM,1,0,1
03/19/2016 07:00:00 AM,1,0,1
03/19/2016 06:00:00 AM,0,0,0
03/19/2016 05:00:00 AM,0,0,0
03/19/2016 04:00:00 AM,0,0,0
03/19/2016 03:00:00 AM,0,0,0
03/19/2016 02:00:00 AM,0,0,0
03/19/2016 01:00:00 AM,1,1,0
03/19/2016 12:00:00 AM,3,1,2
03/18/2016 11:00:00 PM,3,2,1
03/18/2016 10:00:00 PM,2,2,0
03/18/2016 09:00:00 PM,4,1,3
03/18/2016 08:00:00 PM,4,3,1
03/18/2016 07:00:00 PM,13,8,5
03/18/2016 06:00:00 PM,14,5,9
03/18/2016 05:00:00 PM,7,3,4
03/18/2016 04:00:00 PM,11,5,6
03/18/2016 03:00:00 PM,10,4,6
03/18/2016 02:00:00 PM,4,2,2
03/18/2016 01:00:00 PM,8,4,4
03/18/2016 12:00:00 PM,9,2,7
03/18/2016 11:00:00 AM,5,3,2
03/18/2016 10:00:00 AM,8,3,5
03/18/2016 09:00:00 AM,10,5,5
03/18/2016 08:00:00 AM,8,5,3
03/18/2016 07:00:00 AM,3,2,1
03/18/2016 06:00:00 AM,2,1,1
03/18/2016 05:00:00 AM,0,0,0
03/18/2016 04:00:00 AM,0,0,0
03/18/2016 03:00:00 AM,0,0,0
03/18/2016 02:00:00 AM,0,0,0
03/18/2016 01:00:00 AM,0,0,0
03/18/2016 12:00:00 AM,0,0,0
03/17/2016 11:00:00 PM,1,0,1
03/17/2016 10:00:00 PM,2,1,1
03/17/2016 09:00:00 PM,0,0,0
03/17/2016 08:00:00 PM,4,2,2
03/17/2016 07:00:00 PM,5,4,1
03/17/2016 06:00:00 PM,11,6,5
03/17/2016 05:00:00 PM,13,8,5
03/17/2016 04:00:00 PM,5,4,1
03/17/2016 03:00:00 PM,9,5,4
03/17/2016 02:00:00 PM,3,0,3
03/17/2016 01:00:00 PM,4,2,2
03/17/2016 12:00:00 PM,6,2,4
03/17/2016 11:00:00 AM,5,3,2
03/17/2016 10:00:00 AM,14,4,10
03/17/2016 09:00:00 AM,4,3,1
03/17/2016 08:00:00 AM,7,3,4
03/17/2016 07:00:00 AM,6,3,3
03/17/2016 06:00:00 AM,0,0,0
03/17/2016 05:00:00 AM,1,0,1
03/17/2016 04:00:00 AM,0,0,0
03/17/2016 03:00:00 AM,0,0,0
03/17/2016 02:00:00 AM,0,0,0
03/17/2016 01:00:00 AM,2,0,2
03/17/2016 12:00:00 AM,0,0,0
03/16/2016 11:00:00 PM,0,0,0
03/16/2016 10:00:00 PM,3,2,1
03/16/2016 09:00:00 PM,1,1,0
03/16/2016 08:00:00 PM,6,4,2
03/16/2016 07:00:00 PM,17,10,7
03/16/2016 06:00:00 PM,32,8,24
03/16/2016 05:00:00 PM,13,5,8
03/16/2016 04:00:00 PM,7,4,3
03/16/2016 03:00:00 PM,7,4,3
03/16/2016 02:00:00 PM,6,5,1
03/16/2016 01:00:00 PM,2,1,1
03/16/2016 12:00:00 PM,8,3,5
03/16/2016 11:00:00 AM,3,1,2
03/16/2016 10:00:00 AM,6,2,4
03/16/2016 09:00:00 AM,9,7,2
03/16/2016 08:00:00 AM,10,6,4
03/16/2016 07:00:00 AM,7,3,4
03/16/2016 06:00:00 AM,4,3,1
03/16/2016 05:00:00 AM,3,2,1
03/16/2016 04:00:00 AM,0,0,0
03/16/2016 03:00:00 AM,0,0,0
03/16/2016 02:00:00 AM,0,0,0
03/16/2016 01:00:00 AM,0,0,0
03/16/2016 12:00:00 AM,0,0,0
03/15/2016 11:00:00 PM,0,0,0
03/15/2016 10:00:00 PM,2,1,1
03/15/2016 09:00:00 PM,6,3,3
03/15/2016 08:00:00 PM,5,1,4
03/15/2016 07:00:00 PM,7,4,3
03/15/2016 06:00:00 PM,9,4,5
03/15/2016 05:00:00 PM,14,7,7
03/15/2016 04:00:00 PM,6,2,4
03/15/2016 03:00:00 PM,4,3,1
03/15/2016 02:00:00 PM,10,6,4
03/15/2016 01:00:00 PM,9,4,5
03/15/2016 12:00:00 PM,1,1,0
03/15/2016 11:00:00 AM,10,9,1
03/15/2016 10:00:00 AM,8,0,8
03/15/2016 09:00:00 AM,4,4,0
03/15/2016 08:00:00 AM,5,1,4
03/15/2016 07:00:00 AM,7,4,3
03/15/2016 06:00:00 AM,2,0,2
03/15/2016 05:00:00 AM,1,0,1
03/15/2016 04:00:00 AM,0,0,0
03/15/2016 03:00:00 AM,0,0,0
03/15/2016 02:00:00 AM,0,0,0
03/15/2016 01:00:00 AM,0,0,0
03/15/2016 12:00:00 AM,1,1,0
03/14/2016 11:00:00 PM,0,0,0
03/14/2016 10:00:00 PM,0,0,0
03/14/2016 09:00:00 PM,1,1,0
03/14/2016 08:00:00 PM,1,0,1
03/14/2016 07:00:00 PM,12,4,8
03/14/2016 06:00:00 PM,8,3,5
03/14/2016 05:00:00 PM,12,3,9
03/14/2016 04:00:00 PM,2,1,1
03/14/2016 03:00:00 PM,10,5,5
03/14/2016 02:00:00 PM,3,2,1
03/14/2016 01:00:00 PM,5,2,3
03/14/2016 12:00:00 PM,4,2,2
03/14/2016 11:00:00 AM,3,1,2
03/14/2016 10:00:00 AM,9,4,5
03/14/2016 09:00:00 AM,5,3,2
03/14/2016 08:00:00 AM,5,2,3
03/14/2016 07:00:00 AM,4,2,2
03/14/2016 06:00:00 AM,2,1,1
03/14/2016 05:00:00 AM,1,0,1
03/14/2016 04:00:00 AM,0,0,0
03/14/2016 03:00:00 AM,0,0,0
03/14/2016 02:00:00 AM,1,0,1
03/14/2016 01:00:00 AM,0,0,0
03/14/2016 12:00:00 AM,0,0,0
03/13/2016 11:00:00 PM,0,0,0
03/13/2016 10:00:00 PM,0,0,0
03/13/2016 09:00:00 PM,2,2,0
03/13/2016 08:00:00 PM,0,0,0
03/13/2016 07:00:00 PM,3,2,1
03/13/2016 06:00:00 PM,1,1,0
03/13/2016 05:00:00 PM,2,2,0
03/13/2016 04:00:00 PM,0,0,0
03/13/2016 03:00:00 PM,1,0,1
03/13/2016 02:00:00 PM,3,1,2
03/13/2016 01:00:00 PM,5,2,3
03/13/2016 12:00:00 PM,2,1,1
03/13/2016 11:00:00 AM,2,0,2
03/13/2016 10:00:00 AM,0,0,0
03/13/2016 09:00:00 AM,1,0,1
03/13/2016 08:00:00 AM,0,0,0
03/13/2016 07:00:00 AM,2,0,2
03/13/2016 06:00:00 AM,1,0,1
03/13/2016 05:00:00 AM,0,0,0
03/13/2016 04:00:00 AM,0,0,0
03/13/2016 03:00:00 AM,0,0,0
03/13/2016 02:00:00 AM,,,
03/13/2016 01:00:00 AM,0,0,0
03/13/2016 12:00:00 AM,0,0,0
03/12/2016 11:00:00 PM,0,0,0
03/12/2016 10:00:00 PM,0,0,0
03/12/2016 09:00:00 PM,0,0,0
03/12/2016 08:00:00 PM,0,0,0
03/12/2016 07:00:00 PM,6,3,3
03/12/2016 06:00:00 PM,2,2,0
03/12/2016 05:00:00 PM,4,2,2
03/12/2016 04:00:00 PM,5,5,0
03/12/2016 03:00:00 PM,7,4,3
03/12/2016 02:00:00 PM,3,1,2
03/12/2016 01:00:00 PM,7,5,2
03/12/2016 12:00:00 PM,5,2,3
03/12/2016 11:00:00 AM,6,4,2
03/12/2016 10:00:00 AM,4,4,0
03/12/2016 09:00:00 AM,12,4,8
03/12/2016 08:00:00 AM,1,1,0
03/12/2016 07:00:00 AM,1,1,0
03/12/2016 06:00:00 AM,2,0,2
03/12/2016 05:00:00 AM,0,0,0
03/12/2016 04:00:00 AM,0,0,0
03/12/2016 03:00:00 AM,0,0,0
03/12/2016 02:00:00 AM,0,0,0
03/12/2016 01:00:00 AM,0,0,0
03/12/2016 12:00:00 AM,0,0,0
03/11/2016 11:00:00 PM,2,2,0
03/11/2016 10:00:00 PM,1,0,1
03/11/2016 09:00:00 PM,1,1,0
03/11/2016 08:00:00 PM,2,0,2
03/11/2016 07:00:00 PM,5,3,2
03/11/2016 06:00:00 PM,7,4,3
03/11/2016 05:00:00 PM,5,2,3
03/11/2016 04:00:00 PM,7,3,4
03/11/2016 03:00:00 PM,3,2,1
03/11/2016 02:00:00 PM,6,6,0
03/11/2016 01:00:00 PM,3,0,3
03/11/2016 12:00:00 PM,6,4,2
03/11/2016 11:00:00 AM,7,0,7
03/11/2016 10:00:00 AM,5,3,2
03/11/2016 09:00:00 AM,6,4,2
03/11/2016 08:00:00 AM,10,5,5
03/11/2016 07:00:00 AM,7,5,2
03/11/2016 06:00:00 AM,3,0,3
03/11/2016 05:00:00 AM,0,0,0
03/11/2016 04:00:00 AM,0,0,0
03/11/2016 03:00:00 AM,0,0,0
03/11/2016 02:00:00 AM,0,0,0
03/11/2016 01:00:00 AM,0,0,0
03/11/2016 12:00:00 AM,0,0,0
03/10/2016 11:00:00 PM,1,1,0
03/10/2016 10:00:00 PM,2,2,0
03/10/2016 09:00:00 PM,1,1,0
03/10/2016 08:00:00 PM,1,0,1
03/10/2016 07:00:00 PM,5,3,2
03/10/2016 06:00:00 PM,12,7,5
03/10/2016 05:00:00 PM,9,4,5
03/10/2016 04:00:00 PM,5,5,0
03/10/2016 03:00:00 PM,0,0,0
03/10/2016 02:00:00 PM,3,2,1
03/10/2016 01:00:00 PM,3,0,3
03/10/2016 12:00:00 PM,4,4,0
03/10/2016 11:00:00 AM,6,1,5
03/10/2016 10:00:00 AM,2,0,2
03/10/2016 09:00:00 AM,3,2,1
03/10/2016 08:00:00 AM,4,3,1
03/10/2016 07:00:00 AM,6,3,3
03/10/2016 06:00:00 AM,0,0,0
03/10/2016 05:00:00 AM,1,0,1
03/10/2016 04:00:00 AM,0,0,0
03/10/2016 03:00:00 AM,0,0,0
03/10/2016 02:00:00 AM,0,0,0
03/10/2016 01:00:00 AM,0,0,0
03/10/2016 12:00:00 AM,1,1,0
03/09/2016 11:00:00 PM,1,0,1
03/09/2016 10:00:00 PM,0,0,0
03/09/2016 09:00:00 PM,1,1,0
03/09/2016 08:00:00 PM,0,0,0
03/09/2016 07:00:00 PM,2,1,1
03/09/2016 06:00:00 PM,4,2,2
03/09/2016 05:00:00 PM,4,2,2
03/09/2016 04:00:00 PM,4,2,2
03/09/2016 03:00:00 PM,2,2,0
03/09/2016 02:00:00 PM,0,0,0
03/09/2016 01:00:00 PM,0,0,0
03/09/2016 12:00:00 PM,8,6,2
03/09/2016 11:00:00 AM,3,2,1
03/09/2016 10:00:00 AM,2,0,2
03/09/2016 09:00:00 AM,5,3,2
03/09/2016 08:00:00 AM,8,2,6
03/09/2016 07:00:00 AM,9,3,6
03/09/2016 06:00:00 AM,5,2,3
03/09/2016 05:00:00 AM,1,0,1
03/09/2016 04:00:00 AM,0,0,0
03/09/2016 03:00:00 AM,0,0,0
03/09/2016 02:00:00 AM,0,0,0
03/09/2016 01:00:00 AM,0,0,0
03/09/2016 12:00:00 AM,0,0,0
03/08/2016 11:00:00 PM,0,0,0
03/08/2016 10:00:00 PM,2,1,1
03/08/2016 09:00:00 PM,4,3,1
03/08/2016 08:00:00 PM,1,1,0
03/08/2016 07:00:00 PM,8,2,6
03/08/2016 06:00:00 PM,6,5,1
03/08/2016 05:00:00 PM,18,10,8
03/08/2016 04:00:00 PM,4,2,2
03/08/2016 03:00:00 PM,3,1,2
03/08/2016 02:00:00 PM,12,11,1
03/08/2016 01:00:00 PM,5,3,2
03/08/2016 12:00:00 PM,4,1,3
03/08/2016 11:00:00 AM,4,3,1
03/08/2016 10:00:00 AM,7,1,6
03/08/2016 09:00:00 AM,5,4,1
03/08/2016 08:00:00 AM,12,5,7
03/08/2016 07:00:00 AM,9,8,1
03/08/2016 06:00:00 AM,3,0,3
03/08/2016 05:00:00 AM,2,0,2
03/08/2016 04:00:00 AM,0,0,0
03/08/2016 03:00:00 AM,0,0,0
03/08/2016 02:00:00 AM,0,0,0
03/08/2016 01:00:00 AM,0,0,0
03/08/2016 12:00:00 AM,0,0,0
03/07/2016 11:00:00 PM,3,2,1
03/07/2016 10:00:00 PM,0,0,0
03/07/2016 09:00:00 PM,2,2,0
03/07/2016 08:00:00 PM,1,0,1
03/07/2016 07:00:00 PM,1,1,0
03/07/2016 06:00:00 PM,8,4,4
03/07/2016 05:00:00 PM,14,7,7
03/07/2016 04:00:00 PM,6,2,4
03/07/2016 03:00:00 PM,4,3,1
03/07/2016 02:00:00 PM,5,3,2
03/07/2016 01:00:00 PM,4,1,3
03/07/2016 12:00:00 PM,4,3,1
03/07/2016 11:00:00 AM,3,0,3
03/07/2016 10:00:00 AM,0,0,0
03/07/2016 09:00:00 AM,7,4,3
03/07/2016 08:00:00 AM,9,5,4
03/07/2016 07:00:00 AM,1,1,0
03/07/2016 06:00:00 AM,2,0,2
03/07/2016 05:00:00 AM,3,2,1
03/07/2016 04:00:00 AM,0,0,0
03/07/2016 03:00:00 AM,0,0,0
03/07/2016 02:00:00 AM,0,0,0
03/07/2016 01:00:00 AM,0,0,0
03/07/2016 12:00:00 AM,0,0,0
03/06/2016 11:00:00 PM,0,0,0
03/06/2016 10:00:00 PM,4,3,1
03/06/2016 09:00:00 PM,0,0,0
03/06/2016 08:00:00 PM,1,1,0
03/06/2016 07:00:00 PM,6,5,1
03/06/2016 06:00:00 PM,3,1,2
03/06/2016 05:00:00 PM,2,1,1
03/06/2016 04:00:00 PM,6,3,3
03/06/2016 03:00:00 PM,6,4,2
03/06/2016 02:00:00 PM,6,3,3
03/06/2016 01:00:00 PM,7,2,5
03/06/2016 12:00:00 PM,4,3,1
03/06/2016 11:00:00 AM,6,3,3
03/06/2016 10:00:00 AM,6,3,3
03/06/2016 09:00:00 AM,3,2,1
03/06/2016 08:00:00 AM,0,0,0
03/06/2016 07:00:00 AM,0,0,0
03/06/2016 06:00:00 AM,1,0,1
03/06/2016 05:00:00 AM,0,0,0
03/06/2016 04:00:00 AM,0,0,0
03/06/2016 03:00:00 AM,0,0,0
03/06/2016 02:00:00 AM,0,0,0
03/06/2016 01:00:00 AM,3,2,1
03/06/2016 12:00:00 AM,1,0,1
03/05/2016 11:00:00 PM,0,0,0
03/05/2016 10:00:00 PM,2,1,1
03/05/2016 09:00:00 PM,2,0,2
03/05/2016 08:00:00 PM,0,0,0
03/05/2016 07:00:00 PM,4,1,3
03/05/2016 06:00:00 PM,1,0,1
03/05/2016 05:00:00 PM,10,7,3
03/05/2016 04:00:00 PM,12,5,7
03/05/2016 03:00:00 PM,14,7,7
03/05/2016 02:00:00 PM,13,6,7
03/05/2016 01:00:00 PM,7,6,1
03/05/2016 12:00:00 PM,8,2,6
03/05/2016 11:00:00 AM,15,8,7
03/05/2016 10:00:00 AM,12,2,10
03/05/2016 09:00:00 AM,7,4,3
03/05/2016 08:00:00 AM,0,0,0
03/05/2016 07:00:00 AM,0,0,0
03/05/2016 06:00:00 AM,0,0,0
03/05/2016 05:00:00 AM,0,0,0
03/05/2016 04:00:00 AM,1,1,0
03/05/2016 03:00:00 AM,0,0,0
03/05/2016 02:00:00 AM,1,0,1
03/05/2016 01:00:00 AM,0,0,0
03/05/2016 12:00:00 AM,1,0,1
03/04/2016 11:00:00 PM,0,0,0
03/04/2016 10:00:00 PM,1,1,0
03/04/2016 09:00:00 PM,5,4,1
03/04/2016 08:00:00 PM,6,3,3
03/04/2016 07:00:00 PM,2,2,0
03/04/2016 06:00:00 PM,4,0,4
03/04/2016 05:00:00 PM,4,0,4
03/04/2016 04:00:00 PM,3,1,2
03/04/2016 03:00:00 PM,8,5,3
03/04/2016 02:00:00 PM,5,3,2
03/04/2016 01:00:00 PM,11,4,7
03/04/2016 12:00:00 PM,9,4,5
03/04/2016 11:00:00 AM,0,0,0
03/04/2016 10:00:00 AM,4,1,3
03/04/2016 09:00:00 AM,5,3,2
03/04/2016 08:00:00 AM,6,2,4
03/04/2016 07:00:00 AM,9,4,5
03/04/2016 06:00:00 AM,4,3,1
03/04/2016 05:00:00 AM,0,0,0
03/04/2016 04:00:00 AM,0,0,0
03/04/2016 03:00:00 AM,0,0,0
03/04/2016 02:00:00 AM,0,0,0
03/04/2016 01:00:00 AM,0,0,0
03/04/2016 12:00:00 AM,3,3,0
03/03/2016 11:00:00 PM,2,1,1
03/03/2016 10:00:00 PM,1,0,1
03/03/2016 09:00:00 PM,1,1,0
03/03/2016 08:00:00 PM,4,1,3
03/03/2016 07:00:00 PM,0,0,0
03/03/2016 06:00:00 PM,5,2,3
03/03/2016 05:00:00 PM,13,2,11
03/03/2016 04:00:00 PM,10,9,1
03/03/2016 03:00:00 PM,2,2,0
03/03/2016 02:00:00 PM,0,0,0
03/03/2016 01:00:00 PM,4,1,3
03/03/2016 12:00:00 PM,2,1,1
03/03/2016 11:00:00 AM,1,0,1
03/03/2016 10:00:00 AM,3,0,3
03/03/2016 09:00:00 AM,8,3,5
03/03/2016 08:00:00 AM,7,4,3
03/03/2016 07:00:00 AM,8,5,3
03/03/2016 06:00:00 AM,3,0,3
03/03/2016 05:00:00 AM,1,0,1
03/03/2016 04:00:00 AM,0,0,0
03/03/2016 03:00:00 AM,0,0,0
03/03/2016 02:00:00 AM,0,0,0
03/03/2016 01:00:00 AM,0,0,0
03/03/2016 12:00:00 AM,0,0,0
03/02/2016 11:00:00 PM,0,0,0
03/02/2016 10:00:00 PM,0,0,0
03/02/2016 09:00:00 PM,1,0,1
03/02/2016 08:00:00 PM,3,0,3
03/02/2016 07:00:00 PM,3,1,2
03/02/2016 06:00:00 PM,4,2,2
03/02/2016 05:00:00 PM,10,3,7
03/02/2016 04:00:00 PM,13,8,5
03/02/2016 03:00:00 PM,5,4,1
03/02/2016 02:00:00 PM,6,1,5
03/02/2016 01:00:00 PM,6,2,4
03/02/2016 12:00:00 PM,11,5,6
03/02/2016 11:00:00 AM,6,0,6
03/02/2016 10:00:00 AM,4,2,2
03/02/2016 09:00:00 AM,12,7,5
03/02/2016 08:00:00 AM,8,3,5
03/02/2016 07:00:00 AM,6,4,2
03/02/2016 06:00:00 AM,3,0,3
03/02/2016 05:00:00 AM,1,0,1
03/02/2016 04:00:00 AM,0,0,0
03/02/2016 03:00:00 AM,0,0,0
03/02/2016 02:00:00 AM,0,0,0
03/02/2016 01:00:00 AM,0,0,0
03/02/2016 12:00:00 AM,0,0,0
03/01/2016 11:00:00 PM,0,0,0
03/01/2016 10:00:00 PM,4,2,2
03/01/2016 09:00:00 PM,1,1,0
03/01/2016 08:00:00 PM,4,2,2
03/01/2016 07:00:00 PM,4,2,2
03/01/2016 06:00:00 PM,3,3,0
03/01/2016 05:00:00 PM,6,3,3
03/01/2016 04:00:00 PM,4,3,1
03/01/2016 03:00:00 PM,3,3,0
03/01/2016 02:00:00 PM,1,1,0
03/01/2016 01:00:00 PM,2,1,1
03/01/2016 12:00:00 PM,4,0,4
03/01/2016 11:00:00 AM,3,2,1
03/01/2016 10:00:00 AM,5,0,5
03/01/2016 09:00:00 AM,8,5,3
03/01/2016 08:00:00 AM,4,3,1
03/01/2016 07:00:00 AM,4,4,0
03/01/2016 06:00:00 AM,1,0,1
03/01/2016 05:00:00 AM,1,0,1
03/01/2016 04:00:00 AM,0,0,0
03/01/2016 03:00:00 AM,0,0,0
03/01/2016 02:00:00 AM,2,1,1
03/01/2016 01:00:00 AM,1,0,1
03/01/2016 12:00:00 AM,0,0,0
02/29/2016 11:00:00 PM,0,0,0
02/29/2016 10:00:00 PM,1,1,0
02/29/2016 09:00:00 PM,2,0,2
02/29/2016 08:00:00 PM,5,4,1
02/29/2016 07:00:00 PM,4,3,1
02/29/2016 06:00:00 PM,14,6,8
02/29/2016 05:00:00 PM,9,5,4
02/29/2016 04:00:00 PM,15,13,2
02/29/2016 03:00:00 PM,11,8,3
02/29/2016 02:00:00 PM,13,10,3
02/29/2016 01:00:00 PM,9,3,6
02/29/2016 12:00:00 PM,14,4,10
02/29/2016 11:00:00 AM,4,2,2
02/29/2016 10:00:00 AM,7,3,4
02/29/2016 09:00:00 AM,8,6,2
02/29/2016 08:00:00 AM,9,6,3
02/29/2016 07:00:00 AM,4,2,2
02/29/2016 06:00:00 AM,0,0,0
02/29/2016 05:00:00 AM,2,0,2
02/29/2016 04:00:00 AM,0,0,0
02/29/2016 03:00:00 AM,0,0,0
02/29/2016 02:00:00 AM,0,0,0
02/29/2016 01:00:00 AM,0,0,0
02/29/2016 12:00:00 AM,0,0,0
02/28/2016 11:00:00 PM,0,0,0
02/28/2016 10:00:00 PM,0,0,0
02/28/2016 09:00:00 PM,0,0,0
02/28/2016 08:00:00 PM,1,1,0
02/28/2016 07:00:00 PM,3,3,0
02/28/2016 06:00:00 PM,6,5,1
02/28/2016 05:00:00 PM,5,2,3
02/28/2016 04:00:00 PM,2,0,2
02/28/2016 03:00:00 PM,6,3,3
02/28/2016 02:00:00 PM,2,1,1
02/28/2016 01:00:00 PM,2,1,1
02/28/2016 12:00:00 PM,5,2,3
02/28/2016 11:00:00 AM,8,5,3
02/28/2016 10:00:00 AM,2,2,0
02/28/2016 09:00:00 AM,0,0,0
02/28/2016 08:00:00 AM,3,0,3
02/28/2016 07:00:00 AM,1,0,1
02/28/2016 06:00:00 AM,0,0,0
02/28/2016 05:00:00 AM,0,0,0
02/28/2016 04:00:00 AM,0,0,0
02/28/2016 03:00:00 AM,0,0,0
02/28/2016 02:00:00 AM,2,2,0
02/28/2016 01:00:00 AM,1,1,0
02/28/2016 12:00:00 AM,0,0,0
02/27/2016 11:00:00 PM,0,0,0
02/27/2016 10:00:00 PM,0,0,0
02/27/2016 09:00:00 PM,0,0,0
02/27/2016 08:00:00 PM,1,1,0
02/27/2016 07:00:00 PM,5,3,2
02/27/2016 06:00:00 PM,6,5,1
02/27/2016 05:00:00 PM,15,11,4
02/27/2016 04:00:00 PM,7,0,7
02/27/2016 03:00:00 PM,18,9,9
02/27/2016 02:00:00 PM,12,6,6
02/27/2016 01:00:00 PM,15,8,7
02/27/2016 12:00:00 PM,9,6,3
02/27/2016 11:00:00 AM,40,3,37
02/27/2016 10:00:00 AM,9,1,8
02/27/2016 09:00:00 AM,4,0,4
02/27/2016 08:00:00 AM,2,1,1
02/27/2016 07:00:00 AM,0,0,0
02/27/2016 06:00:00 AM,0,0,0
02/27/2016 05:00:00 AM,0,0,0
02/27/2016 04:00:00 AM,0,0,0
02/27/2016 03:00:00 AM,0,0,0
02/27/2016 02:00:00 AM,0,0,0
02/27/2016 01:00:00 AM,0,0,0
02/27/2016 12:00:00 AM,0,0,0
02/26/2016 11:00:00 PM,0,0,0
02/26/2016 10:00:00 PM,1,1,0
02/26/2016 09:00:00 PM,1,1,0
02/26/2016 08:00:00 PM,0,0,0
02/26/2016 07:00:00 PM,0,0,0
02/26/2016 06:00:00 PM,1,1,0
02/26/2016 05:00:00 PM,3,0,3
02/26/2016 04:00:00 PM,5,1,4
02/26/2016 03:00:00 PM,6,4,2
02/26/2016 02:00:00 PM,1,1,0
02/26/2016 01:00:00 PM,13,7,6
02/26/2016 12:00:00 PM,7,3,4
02/26/2016 11:00:00 AM,9,4,5
02/26/2016 10:00:00 AM,5,4,1
02/26/2016 09:00:00 AM,8,5,3
02/26/2016 08:00:00 AM,6,3,3
02/26/2016 07:00:00 AM,3,1,2
02/26/2016 06:00:00 AM,3,0,3
02/26/2016 05:00:00 AM,1,0,1
02/26/2016 04:00:00 AM,0,0,0
02/26/2016 03:00:00 AM,0,0,0
02/26/2016 02:00:00 AM,0,0,0
02/26/2016 01:00:00 AM,0,0,0
02/26/2016 12:00:00 AM,0,0,0
02/25/2016 11:00:00 PM,0,0,0
02/25/2016 10:00:00 PM,2,2,0
02/25/2016 09:00:00 PM,6,4,2
02/25/2016 08:00:00 PM,2,0,2
02/25/2016 07:00:00 PM,13,9,4
02/25/2016 06:00:00 PM,13,5,8
02/25/2016 05:00:00 PM,19,7,12
02/25/2016 04:00:00 PM,16,10,6
02/25/2016 03:00:00 PM,10,3,7
02/25/2016 02:00:00 PM,13,8,5
02/25/2016 01:00:00 PM,7,2,5
02/25/2016 12:00:00 PM,8,2,6
02/25/2016 11:00:00 AM,7,4,3
02/25/2016 10:00:00 AM,4,1,3
02/25/2016 09:00:00 AM,6,5,1
02/25/2016 08:00:00 AM,5,3,2
02/25/2016 07:00:00 AM,4,1,3
02/25/2016 06:00:00 AM,4,2,2
02/25/2016 05:00:00 AM,1,0,1
02/25/2016 04:00:00 AM,2,0,2
02/25/2016 03:00:00 AM,0,0,0
02/25/2016 02:00:00 AM,2,2,0
02/25/2016 01:00:00 AM,0,0,0
02/25/2016 12:00:00 AM,0,0,0
02/24/2016 11:00:00 PM,0,0,0
02/24/2016 10:00:00 PM,2,2,0
02/24/2016 09:00:00 PM,0,0,0
02/24/2016 08:00:00 PM,1,1,0
02/24/2016 07:00:00 PM,3,2,1
02/24/2016 06:00:00 PM,9,5,4
02/24/2016 05:00:00 PM,9,5,4
02/24/2016 04:00:00 PM,13,5,8
02/24/2016 03:00:00 PM,6,2,4
02/24/2016 02:00:00 PM,5,3,2
02/24/2016 01:00:00 PM,7,4,3
02/24/2016 12:00:00 PM,12,4,8
02/24/2016 11:00:00 AM,5,2,3
02/24/2016 10:00:00 AM,2,0,2
02/24/2016 09:00:00 AM,8,4,4
02/24/2016 08:00:00 AM,10,6,4
02/24/2016 07:00:00 AM,10,6,4
02/24/2016 06:00:00 AM,2,0,2
02/24/2016 05:00:00 AM,1,0,1
02/24/2016 04:00:00 AM,0,0,0
02/24/2016 03:00:00 AM,0,0,0
02/24/2016 02:00:00 AM,0,0,0
02/24/2016 01:00:00 AM,0,0,0
02/24/2016 12:00:00 AM,0,0,0
02/23/2016 11:00:00 PM,0,0,0
02/23/2016 10:00:00 PM,1,1,0
02/23/2016 09:00:00 PM,2,2,0
02/23/2016 08:00:00 PM,2,1,1
02/23/2016 07:00:00 PM,11,3,8
02/23/2016 06:00:00 PM,10,3,7
02/23/2016 05:00:00 PM,7,4,3
02/23/2016 04:00:00 PM,11,6,5
02/23/2016 03:00:00 PM,4,3,1
02/23/2016 02:00:00 PM,5,4,1
02/23/2016 01:00:00 PM,5,2,3
02/23/2016 12:00:00 PM,6,3,3
02/23/2016 11:00:00 AM,7,3,4
02/23/2016 10:00:00 AM,6,1,5
02/23/2016 09:00:00 AM,5,3,2
02/23/2016 08:00:00 AM,13,7,6
02/23/2016 07:00:00 AM,5,3,2
02/23/2016 06:00:00 AM,2,0,2
02/23/2016 05:00:00 AM,1,0,1
02/23/2016 04:00:00 AM,0,0,0
02/23/2016 03:00:00 AM,0,0,0
02/23/2016 02:00:00 AM,0,0,0
02/23/2016 01:00:00 AM,0,0,0
02/23/2016 12:00:00 AM,0,0,0
02/22/2016 11:00:00 PM,2,2,0
02/22/2016 10:00:00 PM,1,1,0
02/22/2016 09:00:00 PM,1,1,0
02/22/2016 08:00:00 PM,2,1,1
02/22/2016 07:00:00 PM,1,1,0
02/22/2016 06:00:00 PM,6,2,4
02/22/2016 05:00:00 PM,7,3,4
02/22/2016 04:00:00 PM,10,6,4
02/22/2016 03:00:00 PM,9,3,6
02/22/2016 02:00:00 PM,6,4,2
02/22/2016 01:00:00 PM,6,1,5
02/22/2016 12:00:00 PM,4,3,1
02/22/2016 11:00:00 AM,1,0,1
02/22/2016 10:00:00 AM,6,4,2
02/22/2016 09:00:00 AM,13,7,6
02/22/2016 08:00:00 AM,7,0,7
02/22/2016 07:00:00 AM,11,8,3
02/22/2016 06:00:00 AM,2,0,2
02/22/2016 05:00:00 AM,1,0,1
02/22/2016 04:00:00 AM,0,0,0
02/22/2016 03:00:00 AM,0,0,0
02/22/2016 02:00:00 AM,0,0,0
02/22/2016 01:00:00 AM,0,0,0
02/22/2016 12:00:00 AM,0,0,0
02/21/2016 11:00:00 PM,3,1,2
02/21/2016 10:00:00 PM,0,0,0
02/21/2016 09:00:00 PM,3,3,0
02/21/2016 08:00:00 PM,3,0,3
02/21/2016 07:00:00 PM,4,1,3
02/21/2016 06:00:00 PM,2,1,1
02/21/2016 05:00:00 PM,8,6,2
02/21/2016 04:00:00 PM,3,1,2
02/21/2016 03:00:00 PM,5,2,3
02/21/2016 02:00:00 PM,12,5,7
02/21/2016 01:00:00 PM,2,0,2
02/21/2016 12:00:00 PM,5,5,0
02/21/2016 11:00:00 AM,7,2,5
02/21/2016 10:00:00 AM,4,1,3
02/21/2016 09:00:00 AM,4,2,2
02/21/2016 08:00:00 AM,5,1,4
02/21/2016 07:00:00 AM,0,0,0
02/21/2016 06:00:00 AM,2,0,2
02/21/2016 05:00:00 AM,0,0,0
02/21/2016 04:00:00 AM,0,0,0
02/21/2016 03:00:00 AM,0,0,0
02/21/2016 02:00:00 AM,0,0,0
02/21/2016 01:00:00 AM,0,0,0
02/21/2016 12:00:00 AM,2,0,2
02/20/2016 11:00:00 PM,1,0,1
02/20/2016 10:00:00 PM,1,0,1
02/20/2016 09:00:00 PM,0,0,0
02/20/2016 08:00:00 PM,8,5,3
02/20/2016 07:00:00 PM,4,3,1
02/20/2016 06:00:00 PM,8,5,3
02/20/2016 05:00:00 PM,6,3,3
02/20/2016 04:00:00 PM,7,3,4
02/20/2016 03:00:00 PM,10,7,3
02/20/2016 02:00:00 PM,10,8,2
02/20/2016 01:00:00 PM,10,5,5
02/20/2016 12:00:00 PM,17,10,7
02/20/2016 11:00:00 AM,13,1,12
02/20/2016 10:00:00 AM,12,10,2
02/20/2016 09:00:00 AM,7,4,3
02/20/2016 08:00:00 AM,1,0,1
02/20/2016 07:00:00 AM,1,1,0
02/20/2016 06:00:00 AM,1,0,1
02/20/2016 05:00:00 AM,0,0,0
02/20/2016 04:00:00 AM,0,0,0
02/20/2016 03:00:00 AM,0,0,0
02/20/2016 02:00:00 AM,0,0,0
02/20/2016 01:00:00 AM,0,0,0
02/20/2016 12:00:00 AM,0,0,0
02/19/2016 11:00:00 PM,0,0,0
02/19/2016 10:00:00 PM,1,1,0
02/19/2016 09:00:00 PM,3,3,0
02/19/2016 08:00:00 PM,1,0,1
02/19/2016 07:00:00 PM,6,2,4
02/19/2016 06:00:00 PM,1,0,1
02/19/2016 05:00:00 PM,4,3,1
02/19/2016 04:00:00 PM,1,1,0
02/19/2016 03:00:00 PM,2,1,1
02/19/2016 02:00:00 PM,3,2,1
02/19/2016 01:00:00 PM,1,0,1
02/19/2016 12:00:00 PM,5,4,1
02/19/2016 11:00:00 AM,2,0,2
02/19/2016 10:00:00 AM,3,0,3
02/19/2016 09:00:00 AM,2,1,1
02/19/2016 08:00:00 AM,4,1,3
02/19/2016 07:00:00 AM,3,2,1
02/19/2016 06:00:00 AM,2,1,1
02/19/2016 05:00:00 AM,0,0,0
02/19/2016 04:00:00 AM,0,0,0
02/19/2016 03:00:00 AM,0,0,0
02/19/2016 02:00:00 AM,0,0,0
02/19/2016 01:00:00 AM,0,0,0
02/19/2016 12:00:00 AM,0,0,0
02/18/2016 11:00:00 PM,0,0,0
02/18/2016 10:00:00 PM,0,0,0
02/18/2016 09:00:00 PM,3,3,0
02/18/2016 08:00:00 PM,4,1,3
02/18/2016 07:00:00 PM,6,2,4
02/18/2016 06:00:00 PM,8,3,5
02/18/2016 05:00:00 PM,9,3,6
02/18/2016 04:00:00 PM,9,5,4
02/18/2016 03:00:00 PM,4,2,2
02/18/2016 02:00:00 PM,8,5,3
02/18/2016 01:00:00 PM,6,2,4
02/18/2016 12:00:00 PM,6,5,1
02/18/2016 11:00:00 AM,0,0,0
02/18/2016 10:00:00 AM,8,2,6
02/18/2016 09:00:00 AM,7,4,3
02/18/2016 08:00:00 AM,5,3,2
02/18/2016 07:00:00 AM,6,6,0
02/18/2016 06:00:00 AM,3,1,2
02/18/2016 05:00:00 AM,0,0,0
02/18/2016 04:00:00 AM,0,0,0
02/18/2016 03:00:00 AM,0,0,0
02/18/2016 02:00:00 AM,0,0,0
02/18/2016 01:00:00 AM,0,0,0
02/18/2016 12:00:00 AM,0,0,0
02/17/2016 11:00:00 PM,1,0,1
02/17/2016 10:00:00 PM,0,0,0
02/17/2016 09:00:00 PM,0,0,0
02/17/2016 08:00:00 PM,2,1,1
02/17/2016 07:00:00 PM,5,2,3
02/17/2016 06:00:00 PM,5,3,2
02/17/2016 05:00:00 PM,8,5,3
02/17/2016 04:00:00 PM,7,7,0
02/17/2016 03:00:00 PM,4,2,2
02/17/2016 02:00:00 PM,1,1,0
02/17/2016 01:00:00 PM,8,2,6
02/17/2016 12:00:00 PM,5,3,2
02/17/2016 11:00:00 AM,3,0,3
02/17/2016 10:00:00 AM,3,1,2
02/17/2016 09:00:00 AM,14,8,6
02/17/2016 08:00:00 AM,12,5,7
02/17/2016 07:00:00 AM,4,3,1
02/17/2016 06:00:00 AM,1,0,1
02/17/2016 05:00:00 AM,0,0,0
02/17/2016 04:00:00 AM,0,0,0
02/17/2016 03:00:00 AM,0,0,0
02/17/2016 02:00:00 AM,0,0,0
02/17/2016 01:00:00 AM,0,0,0
02/17/2016 12:00:00 AM,0,0,0
02/16/2016 11:00:00 PM,0,0,0
02/16/2016 10:00:00 PM,2,1,1
02/16/2016 09:00:00 PM,0,0,0
02/16/2016 08:00:00 PM,3,3,0
02/16/2016 07:00:00 PM,11,4,7
02/16/2016 06:00:00 PM,8,5,3
02/16/2016 05:00:00 PM,16,7,9
02/16/2016 04:00:00 PM,6,4,2
02/16/2016 03:00:00 PM,5,4,1
02/16/2016 02:00:00 PM,2,1,1
02/16/2016 01:00:00 PM,7,4,3
02/16/2016 12:00:00 PM,4,1,3
02/16/2016 11:00:00 AM,2,1,1
02/16/2016 10:00:00 AM,9,6,3
02/16/2016 09:00:00 AM,6,3,3
02/16/2016 08:00:00 AM,9,4,5
02/16/2016 07:00:00 AM,4,3,1
02/16/2016 06:00:00 AM,4,1,3
02/16/2016 05:00:00 AM,0,0,0
02/16/2016 04:00:00 AM,0,0,0
02/16/2016 03:00:00 AM,0,0,0
02/16/2016 02:00:00 AM,0,0,0
02/16/2016 01:00:00 AM,0,0,0
02/16/2016 12:00:00 AM,0,0,0
02/15/2016 11:00:00 PM,0,0,0
02/15/2016 10:00:00 PM,4,2,2
02/15/2016 09:00:00 PM,0,0,0
02/15/2016 08:00:00 PM,1,1,0
02/15/2016 07:00:00 PM,3,1,2
02/15/2016 06:00:00 PM,4,1,3
02/15/2016 05:00:00 PM,5,4,1
02/15/2016 04:00:00 PM,4,4,0
02/15/2016 03:00:00 PM,2,0,2
02/15/2016 02:00:00 PM,1,1,0
02/15/2016 01:00:00 PM,3,2,1
02/15/2016 12:00:00 PM,3,2,1
02/15/2016 11:00:00 AM,5,0,5
02/15/2016 10:00:00 AM,3,3,0
02/15/2016 09:00:00 AM,9,3,6
02/15/2016 08:00:00 AM,3,1,2
02/15/2016 07:00:00 AM,2,2,0
02/15/2016 06:00:00 AM,1,0,1
02/15/2016 05:00:00 AM,0,0,0
02/15/2016 04:00:00 AM,0,0,0
02/15/2016 03:00:00 AM,0,0,0
02/15/2016 02:00:00 AM,0,0,0
02/15/2016 01:00:00 AM,0,0,0
02/15/2016 12:00:00 AM,0,0,0
02/14/2016 11:00:00 PM,1,1,0
02/14/2016 10:00:00 PM,0,0,0
02/14/2016 09:00:00 PM,0,0,0
02/14/2016 08:00:00 PM,3,1,2
02/14/2016 07:00:00 PM,1,0,1
02/14/2016 06:00:00 PM,2,1,1
02/14/2016 05:00:00 PM,1,1,0
02/14/2016 04:00:00 PM,2,0,2
02/14/2016 03:00:00 PM,7,2,5
02/14/2016 02:00:00 PM,4,2,2
02/14/2016 01:00:00 PM,4,1,3
02/14/2016 12:00:00 PM,6,2,4
02/14/2016 11:00:00 AM,6,0,6
02/14/2016 10:00:00 AM,6,5,1
02/14/2016 09:00:00 AM,4,1,3
02/14/2016 08:00:00 AM,1,0,1
02/14/2016 07:00:00 AM,2,1,1
02/14/2016 06:00:00 AM,0,0,0
02/14/2016 05:00:00 AM,0,0,0
02/14/2016 04:00:00 AM,0,0,0
02/14/2016 03:00:00 AM,0,0,0
02/14/2016 02:00:00 AM,0,0,0
02/14/2016 01:00:00 AM,0,0,0
02/14/2016 12:00:00 AM,1,1,0
02/13/2016 11:00:00 PM,2,2,0
02/13/2016 10:00:00 PM,0,0,0
02/13/2016 09:00:00 PM,1,0,1
02/13/2016 08:00:00 PM,3,2,1
02/13/2016 07:00:00 PM,1,1,0
02/13/2016 06:00:00 PM,6,2,4
02/13/2016 05:00:00 PM,3,2,1
02/13/2016 04:00:00 PM,2,1,1
02/13/2016 03:00:00 PM,2,1,1
02/13/2016 02:00:00 PM,3,3,0
02/13/2016 01:00:00 PM,7,6,1
02/13/2016 12:00:00 PM,6,4,2
02/13/2016 11:00:00 AM,7,4,3
02/13/2016 10:00:00 AM,6,3,3
02/13/2016 09:00:00 AM,3,0,3
02/13/2016 08:00:00 AM,2,0,2
02/13/2016 07:00:00 AM,0,0,0
02/13/2016 06:00:00 AM,1,0,1
02/13/2016 05:00:00 AM,1,1,0
02/13/2016 04:00:00 AM,0,0,0
02/13/2016 03:00:00 AM,0,0,0
02/13/2016 02:00:00 AM,0,0,0
02/13/2016 01:00:00 AM,1,0,1
02/13/2016 12:00:00 AM,0,0,0
02/12/2016 11:00:00 PM,1,1,0
02/12/2016 10:00:00 PM,1,1,0
02/12/2016 09:00:00 PM,1,0,1
02/12/2016 08:00:00 PM,7,3,4
02/12/2016 07:00:00 PM,5,3,2
02/12/2016 06:00:00 PM,6,4,2
02/12/2016 05:00:00 PM,8,3,5
02/12/2016 04:00:00 PM,9,7,2
02/12/2016 03:00:00 PM,8,1,7
02/12/2016 02:00:00 PM,9,3,6
02/12/2016 01:00:00 PM,5,2,3
02/12/2016 12:00:00 PM,2,2,0
02/12/2016 11:00:00 AM,1,0,1
02/12/2016 10:00:00 AM,1,0,1
02/12/2016 09:00:00 AM,2,2,0
02/12/2016 08:00:00 AM,4,2,2
02/12/2016 07:00:00 AM,6,3,3
02/12/2016 06:00:00 AM,1,0,1
02/12/2016 05:00:00 AM,1,0,1
02/12/2016 04:00:00 AM,0,0,0
02/12/2016 03:00:00 AM,0,0,0
02/12/2016 02:00:00 AM,0,0,0
02/12/2016 01:00:00 AM,0,0,0
02/12/2016 12:00:00 AM,0,0,0
02/11/2016 11:00:00 PM,0,0,0
02/11/2016 10:00:00 PM,0,0,0
02/11/2016 09:00:00 PM,3,2,1
02/11/2016 08:00:00 PM,3,3,0
02/11/2016 07:00:00 PM,6,3,3
02/11/2016 06:00:00 PM,7,0,7
02/11/2016 05:00:00 PM,9,5,4
02/11/2016 04:00:00 PM,4,4,0
02/11/2016 03:00:00 PM,5,2,3
02/11/2016 02:00:00 PM,5,3,2
02/11/2016 01:00:00 PM,6,3,3
02/11/2016 12:00:00 PM,1,1,0
02/11/2016 11:00:00 AM,1,0,1
02/11/2016 10:00:00 AM,11,4,7
02/11/2016 09:00:00 AM,7,4,3
02/11/2016 08:00:00 AM,3,2,1
02/11/2016 07:00:00 AM,6,4,2
02/11/2016 06:00:00 AM,1,0,1
02/11/2016 05:00:00 AM,1,0,1
02/11/2016 04:00:00 AM,0,0,0
02/11/2016 03:00:00 AM,0,0,0
02/11/2016 02:00:00 AM,0,0,0
02/11/2016 01:00:00 AM,0,0,0
02/11/2016 12:00:00 AM,1,0,1
02/10/2016 11:00:00 PM,1,0,1
02/10/2016 10:00:00 PM,1,1,0
02/10/2016 09:00:00 PM,2,2,0
02/10/2016 08:00:00 PM,3,2,1
02/10/2016 07:00:00 PM,10,4,6
02/10/2016 06:00:00 PM,7,3,4
02/10/2016 05:00:00 PM,5,3,2
02/10/2016 04:00:00 PM,8,5,3
02/10/2016 03:00:00 PM,6,3,3
02/10/2016 02:00:00 PM,4,3,1
02/10/2016 01:00:00 PM,7,3,4
02/10/2016 12:00:00 PM,2,1,1
02/10/2016 11:00:00 AM,0,0,0
02/10/2016 10:00:00 AM,8,2,6
02/10/2016 09:00:00 AM,5,2,3
02/10/2016 08:00:00 AM,8,3,5
02/10/2016 07:00:00 AM,9,7,2
02/10/2016 06:00:00 AM,3,0,3
02/10/2016 05:00:00 AM,3,1,2
02/10/2016 04:00:00 AM,0,0,0
02/10/2016 03:00:00 AM,0,0,0
02/10/2016 02:00:00 AM,0,0,0
02/10/2016 01:00:00 AM,0,0,0
02/10/2016 12:00:00 AM,1,0,1
02/09/2016 11:00:00 PM,0,0,0
02/09/2016 10:00:00 PM,1,0,1
02/09/2016 09:00:00 PM,4,4,0
02/09/2016 08:00:00 PM,4,2,2
02/09/2016 07:00:00 PM,7,3,4
02/09/2016 06:00:00 PM,13,6,7
02/09/2016 05:00:00 PM,13,9,4
02/09/2016 04:00:00 PM,18,12,6
02/09/2016 03:00:00 PM,15,9,6
02/09/2016 02:00:00 PM,7,3,4
02/09/2016 01:00:00 PM,6,3,3
02/09/2016 12:00:00 PM,10,5,5
02/09/2016 11:00:00 AM,2,0,2
02/09/2016 10:00:00 AM,5,2,3
02/09/2016 09:00:00 AM,9,4,5
02/09/2016 08:00:00 AM,8,2,6
02/09/2016 07:00:00 AM,6,5,1
02/09/2016 06:00:00 AM,2,1,1
02/09/2016 05:00:00 AM,1,0,1
02/09/2016 04:00:00 AM,0,0,0
02/09/2016 03:00:00 AM,0,0,0
02/09/2016 02:00:00 AM,0,0,0
02/09/2016 01:00:00 AM,2,0,2
02/09/2016 12:00:00 AM,1,1,0
02/08/2016 11:00:00 PM,0,0,0
02/08/2016 10:00:00 PM,2,1,1
02/08/2016 09:00:00 PM,1,1,0
02/08/2016 08:00:00 PM,1,0,1
02/08/2016 07:00:00 PM,5,3,2
02/08/2016 06:00:00 PM,10,6,4
02/08/2016 05:00:00 PM,20,11,9
02/08/2016 04:00:00 PM,15,6,9
02/08/2016 03:00:00 PM,9,5,4
02/08/2016 02:00:00 PM,7,5,2
02/08/2016 01:00:00 PM,9,3,6
02/08/2016 12:00:00 PM,5,3,2
02/08/2016 11:00:00 AM,4,2,2
02/08/2016 10:00:00 AM,7,3,4
02/08/2016 09:00:00 AM,7,4,3
02/08/2016 08:00:00 AM,10,5,5
02/08/2016 07:00:00 AM,10,7,3
02/08/2016 06:00:00 AM,2,0,2
02/08/2016 05:00:00 AM,1,0,1
02/08/2016 04:00:00 AM,1,1,0
02/08/2016 03:00:00 AM,0,0,0
02/08/2016 02:00:00 AM,0,0,0
02/08/2016 01:00:00 AM,1,0,1
02/08/2016 12:00:00 AM,0,0,0
02/07/2016 11:00:00 PM,2,2,0
02/07/2016 10:00:00 PM,0,0,0
02/07/2016 09:00:00 PM,0,0,0
02/07/2016 08:00:00 PM,3,0,3
02/07/2016 07:00:00 PM,4,4,0
02/07/2016 06:00:00 PM,2,1,1
02/07/2016 05:00:00 PM,5,3,2
02/07/2016 04:00:00 PM,5,1,4
02/07/2016 03:00:00 PM,23,14,9
02/07/2016 02:00:00 PM,19,11,8
02/07/2016 01:00:00 PM,8,4,4
02/07/2016 12:00:00 PM,20,12,8
02/07/2016 11:00:00 AM,10,2,8
02/07/2016 10:00:00 AM,12,7,5
02/07/2016 09:00:00 AM,4,3,1
02/07/2016 08:00:00 AM,3,0,3
02/07/2016 07:00:00 AM,0,0,0
02/07/2016 06:00:00 AM,1,0,1
02/07/2016 05:00:00 AM,0,0,0
02/07/2016 04:00:00 AM,0,0,0
02/07/2016 03:00:00 AM,0,0,0
02/07/2016 02:00:00 AM,1,0,1
02/07/2016 01:00:00 AM,0,0,0
02/07/2016 12:00:00 AM,0,0,0
02/06/2016 11:00:00 PM,2,0,2
02/06/2016 10:00:00 PM,3,2,1
02/06/2016 09:00:00 PM,4,3,1
02/06/2016 08:00:00 PM,2,0,2
02/06/2016 07:00:00 PM,2,0,2
02/06/2016 06:00:00 PM,5,1,4
02/06/2016 05:00:00 PM,2,0,2
02/06/2016 04:00:00 PM,15,7,8
02/06/2016 03:00:00 PM,10,5,5
02/06/2016 02:00:00 PM,3,2,1
02/06/2016 01:00:00 PM,9,3,6
02/06/2016 12:00:00 PM,18,13,5
02/06/2016 11:00:00 AM,9,2,7
02/06/2016 10:00:00 AM,11,5,6
02/06/2016 09:00:00 AM,4,0,4
02/06/2016 08:00:00 AM,0,0,0
02/06/2016 07:00:00 AM,0,0,0
02/06/2016 06:00:00 AM,2,0,2
02/06/2016 05:00:00 AM,0,0,0
02/06/2016 04:00:00 AM,0,0,0
02/06/2016 03:00:00 AM,0,0,0
02/06/2016 02:00:00 AM,0,0,0
02/06/2016 01:00:00 AM,0,0,0
02/06/2016 12:00:00 AM,1,1,0
02/05/2016 11:00:00 PM,0,0,0
02/05/2016 10:00:00 PM,2,2,0
02/05/2016 09:00:00 PM,1,1,0
02/05/2016 08:00:00 PM,0,0,0
02/05/2016 07:00:00 PM,2,1,1
02/05/2016 06:00:00 PM,5,3,2
02/05/2016 05:00:00 PM,4,0,4
02/05/2016 04:00:00 PM,12,8,4
02/05/2016 03:00:00 PM,8,4,4
02/05/2016 02:00:00 PM,6,4,2
02/05/2016 01:00:00 PM,6,1,5
02/05/2016 12:00:00 PM,4,2,2
02/05/2016 11:00:00 AM,9,6,3
02/05/2016 10:00:00 AM,4,2,2
02/05/2016 09:00:00 AM,4,2,2
02/05/2016 08:00:00 AM,6,1,5
02/05/2016 07:00:00 AM,7,3,4
02/05/2016 06:00:00 AM,3,2,1
02/05/2016 05:00:00 AM,1,0,1
02/05/2016 04:00:00 AM,0,0,0
02/05/2016 03:00:00 AM,0,0,0
02/05/2016 02:00:00 AM,0,0,0
02/05/2016 01:00:00 AM,0,0,0
02/05/2016 12:00:00 AM,0,0,0
02/04/2016 11:00:00 PM,2,1,1
02/04/2016 10:00:00 PM,0,0,0
02/04/2016 09:00:00 PM,2,1,1
02/04/2016 08:00:00 PM,1,1,0
02/04/2016 07:00:00 PM,3,2,1
02/04/2016 06:00:00 PM,5,0,5
02/04/2016 05:00:00 PM,4,3,1
02/04/2016 04:00:00 PM,14,9,5
02/04/2016 03:00:00 PM,0,0,0
02/04/2016 02:00:00 PM,3,2,1
02/04/2016 01:00:00 PM,3,1,2
02/04/2016 12:00:00 PM,1,0,1
02/04/2016 11:00:00 AM,5,3,2
02/04/2016 10:00:00 AM,3,1,2
02/04/2016 09:00:00 AM,8,3,5
02/04/2016 08:00:00 AM,7,5,2
02/04/2016 07:00:00 AM,8,5,3
02/04/2016 06:00:00 AM,2,0,2
02/04/2016 05:00:00 AM,0,0,0
02/04/2016 04:00:00 AM,0,0,0
02/04/2016 03:00:00 AM,1,1,0
02/04/2016 02:00:00 AM,0,0,0
02/04/2016 01:00:00 AM,0,0,0
02/04/2016 12:00:00 AM,0,0,0
02/03/2016 11:00:00 PM,0,0,0
02/03/2016 10:00:00 PM,0,0,0
02/03/2016 09:00:00 PM,4,2,2
02/03/2016 08:00:00 PM,4,3,1
02/03/2016 07:00:00 PM,5,3,2
02/03/2016 06:00:00 PM,8,5,3
02/03/2016 05:00:00 PM,3,2,1
02/03/2016 04:00:00 PM,6,4,2
02/03/2016 03:00:00 PM,1,0,1
02/03/2016 02:00:00 PM,5,3,2
02/03/2016 01:00:00 PM,3,1,2
02/03/2016 12:00:00 PM,1,0,1
02/03/2016 11:00:00 AM,2,1,1
02/03/2016 10:00:00 AM,4,1,3
02/03/2016 09:00:00 AM,4,1,3
02/03/2016 08:00:00 AM,7,5,2
02/03/2016 07:00:00 AM,5,3,2
02/03/2016 06:00:00 AM,3,0,3
02/03/2016 05:00:00 AM,1,0,1
02/03/2016 04:00:00 AM,0,0,0
02/03/2016 03:00:00 AM,1,1,0
02/03/2016 02:00:00 AM,0,0,0
02/03/2016 01:00:00 AM,4,2,2
02/03/2016 12:00:00 AM,1,1,0
02/02/2016 11:00:00 PM,1,0,1
02/02/2016 10:00:00 PM,3,1,2
02/02/2016 09:00:00 PM,4,4,0
02/02/2016 08:00:00 PM,4,2,2
02/02/2016 07:00:00 PM,10,5,5
02/02/2016 06:00:00 PM,10,3,7
02/02/2016 05:00:00 PM,9,5,4
02/02/2016 04:00:00 PM,11,9,2
02/02/2016 03:00:00 PM,6,4,2
02/02/2016 02:00:00 PM,4,4,0
02/02/2016 01:00:00 PM,3,1,2
02/02/2016 12:00:00 PM,9,3,6
02/02/2016 11:00:00 AM,6,1,5
02/02/2016 10:00:00 AM,6,2,4
02/02/2016 09:00:00 AM,6,2,4
02/02/2016 08:00:00 AM,9,4,5
02/02/2016 07:00:00 AM,5,3,2
02/02/2016 06:00:00 AM,1,0,1
02/02/2016 05:00:00 AM,1,0,1
02/02/2016 04:00:00 AM,0,0,0
02/02/2016 03:00:00 AM,0,0,0
02/02/2016 02:00:00 AM,1,1,0
02/02/2016 01:00:00 AM,1,0,1
02/02/2016 12:00:00 AM,1,1,0
02/01/2016 11:00:00 PM,0,0,0
02/01/2016 10:00:00 PM,0,0,0
02/01/2016 09:00:00 PM,1,0,1
02/01/2016 08:00:00 PM,0,0,0
02/01/2016 07:00:00 PM,5,2,3
02/01/2016 06:00:00 PM,8,3,5
02/01/2016 05:00:00 PM,16,8,8
02/01/2016 04:00:00 PM,10,8,2
02/01/2016 03:00:00 PM,6,3,3
02/01/2016 02:00:00 PM,3,2,1
02/01/2016 01:00:00 PM,9,7,2
02/01/2016 12:00:00 PM,10,6,4
02/01/2016 11:00:00 AM,6,3,3
02/01/2016 10:00:00 AM,,,
02/01/2016 09:00:00 AM,10,6,4
02/01/2016 08:00:00 AM,11,6,5
02/01/2016 07:00:00 AM,8,5,3
02/01/2016 06:00:00 AM,3,0,3
02/01/2016 05:00:00 AM,1,0,1
02/01/2016 04:00:00 AM,2,1,1
02/01/2016 03:00:00 AM,0,0,0
02/01/2016 02:00:00 AM,0,0,0
02/01/2016 01:00:00 AM,1,0,1
02/01/2016 12:00:00 AM,1,1,0
01/31/2016 11:00:00 PM,1,0,1
01/31/2016 10:00:00 PM,0,0,0
01/31/2016 09:00:00 PM,0,0,0
01/31/2016 08:00:00 PM,1,0,1
01/31/2016 07:00:00 PM,0,0,0
01/31/2016 06:00:00 PM,1,0,1
01/31/2016 05:00:00 PM,4,1,3
01/31/2016 04:00:00 PM,8,2,6
01/31/2016 03:00:00 PM,6,3,3
01/31/2016 02:00:00 PM,8,3,5
01/31/2016 01:00:00 PM,8,3,5
01/31/2016 12:00:00 PM,27,24,3
01/31/2016 11:00:00 AM,5,4,1
01/31/2016 10:00:00 AM,7,2,5
01/31/2016 09:00:00 AM,3,2,1
01/31/2016 08:00:00 AM,5,1,4
01/31/2016 07:00:00 AM,0,0,0
01/31/2016 06:00:00 AM,1,0,1
01/31/2016 05:00:00 AM,1,1,0
01/31/2016 04:00:00 AM,1,1,0
01/31/2016 03:00:00 AM,0,0,0
01/31/2016 02:00:00 AM,0,0,0
01/31/2016 01:00:00 AM,1,0,1
01/31/2016 12:00:00 AM,3,1,2
01/30/2016 11:00:00 PM,4,2,2
01/30/2016 10:00:00 PM,0,0,0
01/30/2016 09:00:00 PM,3,1,2
01/30/2016 08:00:00 PM,2,2,0
01/30/2016 07:00:00 PM,1,1,0
01/30/2016 06:00:00 PM,5,2,3
01/30/2016 05:00:00 PM,4,4,0
01/30/2016 04:00:00 PM,17,9,8
01/30/2016 03:00:00 PM,9,5,4
01/30/2016 02:00:00 PM,13,7,6
01/30/2016 01:00:00 PM,14,9,5
01/30/2016 12:00:00 PM,12,9,3
01/30/2016 11:00:00 AM,6,0,6
01/30/2016 10:00:00 AM,7,2,5
01/30/2016 09:00:00 AM,6,3,3
01/30/2016 08:00:00 AM,3,2,1
01/30/2016 07:00:00 AM,1,1,0
01/30/2016 06:00:00 AM,0,0,0
01/30/2016 05:00:00 AM,0,0,0
01/30/2016 04:00:00 AM,0,0,0
01/30/2016 03:00:00 AM,2,1,1
01/30/2016 02:00:00 AM,0,0,0
01/30/2016 01:00:00 AM,1,0,1
01/30/2016 12:00:00 AM,4,3,1
01/29/2016 11:00:00 PM,3,0,3
01/29/2016 10:00:00 PM,3,0,3
01/29/2016 09:00:00 PM,2,2,0
01/29/2016 08:00:00 PM,2,1,1
01/29/2016 07:00:00 PM,6,5,1
01/29/2016 06:00:00 PM,4,2,2
01/29/2016 05:00:00 PM,6,5,1
01/29/2016 04:00:00 PM,10,8,2
01/29/2016 03:00:00 PM,7,4,3
01/29/2016 02:00:00 PM,3,1,2
01/29/2016 01:00:00 PM,10,5,5
01/29/2016 12:00:00 PM,4,3,1
01/29/2016 11:00:00 AM,1,0,1
01/29/2016 10:00:00 AM,0,0,0
01/29/2016 09:00:00 AM,3,3,0
01/29/2016 08:00:00 AM,4,2,2
01/29/2016 07:00:00 AM,8,3,5
01/29/2016 06:00:00 AM,4,0,4
01/29/2016 05:00:00 AM,2,1,1
01/29/2016 04:00:00 AM,0,0,0
01/29/2016 03:00:00 AM,0,0,0
01/29/2016 02:00:00 AM,0,0,0
01/29/2016 01:00:00 AM,1,0,1
01/29/2016 12:00:00 AM,0,0,0
01/28/2016 11:00:00 PM,3,0,3
01/28/2016 10:00:00 PM,1,0,1
01/28/2016 09:00:00 PM,2,2,0
01/28/2016 08:00:00 PM,6,2,4
01/28/2016 07:00:00 PM,7,5,2
01/28/2016 06:00:00 PM,3,1,2
01/28/2016 05:00:00 PM,4,2,2
01/28/2016 04:00:00 PM,8,4,4
01/28/2016 03:00:00 PM,13,6,7
01/28/2016 02:00:00 PM,4,2,2
01/28/2016 01:00:00 PM,5,3,2
01/28/2016 12:00:00 PM,5,5,0
01/28/2016 11:00:00 AM,4,2,2
01/28/2016 10:00:00 AM,2,1,1
01/28/2016 09:00:00 AM,4,2,2
01/28/2016 08:00:00 AM,0,0,0
01/28/2016 07:00:00 AM,5,4,1
01/28/2016 06:00:00 AM,4,1,3
01/28/2016 05:00:00 AM,1,0,1
01/28/2016 04:00:00 AM,1,0,1
01/28/2016 03:00:00 AM,1,1,0
01/28/2016 02:00:00 AM,0,0,0
01/28/2016 01:00:00 AM,0,0,0
01/28/2016 12:00:00 AM,0,0,0
01/27/2016 11:00:00 PM,1,0,1
01/27/2016 10:00:00 PM,0,0,0
01/27/2016 09:00:00 PM,1,0,1
01/27/2016 08:00:00 PM,3,3,0
01/27/2016 07:00:00 PM,4,3,1
01/27/2016 06:00:00 PM,6,1,5
01/27/2016 05:00:00 PM,4,4,0
01/27/2016 04:00:00 PM,12,6,6
01/27/2016 03:00:00 PM,1,1,0
01/27/2016 02:00:00 PM,8,4,4
01/27/2016 01:00:00 PM,6,4,2
01/27/2016 12:00:00 PM,4,1,3
01/27/2016 11:00:00 AM,1,0,1
01/27/2016 10:00:00 AM,4,1,3
01/27/2016 09:00:00 AM,8,6,2
01/27/2016 08:00:00 AM,6,4,2
01/27/2016 07:00:00 AM,9,5,4
01/27/2016 06:00:00 AM,4,1,3
01/27/2016 05:00:00 AM,1,0,1
01/27/2016 04:00:00 AM,1,0,1
01/27/2016 03:00:00 AM,0,0,0
01/27/2016 02:00:00 AM,1,0,1
01/27/2016 01:00:00 AM,0,0,0
01/27/2016 12:00:00 AM,0,0,0
01/26/2016 11:00:00 PM,1,1,0
01/26/2016 10:00:00 PM,3,3,0
01/26/2016 09:00:00 PM,1,0,1
01/26/2016 08:00:00 PM,0,0,0
01/26/2016 07:00:00 PM,4,2,2
01/26/2016 06:00:00 PM,8,5,3
01/26/2016 05:00:00 PM,8,6,2
01/26/2016 04:00:00 PM,5,2,3
01/26/2016 03:00:00 PM,5,1,4
01/26/2016 02:00:00 PM,3,3,0
01/26/2016 01:00:00 PM,2,1,1
01/26/2016 12:00:00 PM,5,0,5
01/26/2016 11:00:00 AM,5,3,2
01/26/2016 10:00:00 AM,4,1,3
01/26/2016 09:00:00 AM,5,3,2
01/26/2016 08:00:00 AM,7,3,4
01/26/2016 07:00:00 AM,7,6,1
01/26/2016 06:00:00 AM,2,0,2
01/26/2016 05:00:00 AM,1,0,1
01/26/2016 04:00:00 AM,1,1,0
01/26/2016 03:00:00 AM,0,0,0
01/26/2016 02:00:00 AM,0,0,0
01/26/2016 01:00:00 AM,1,1,0
01/26/2016 12:00:00 AM,2,0,2
01/25/2016 11:00:00 PM,2,0,2
01/25/2016 10:00:00 PM,4,2,2
01/25/2016 09:00:00 PM,3,2,1
01/25/2016 08:00:00 PM,3,3,0
01/25/2016 07:00:00 PM,3,3,0
01/25/2016 06:00:00 PM,12,4,8
01/25/2016 05:00:00 PM,7,5,2
01/25/2016 04:00:00 PM,19,16,3
01/25/2016 03:00:00 PM,8,5,3
01/25/2016 02:00:00 PM,8,3,5
01/25/2016 01:00:00 PM,5,3,2
01/25/2016 12:00:00 PM,12,8,4
01/25/2016 11:00:00 AM,3,0,3
01/25/2016 10:00:00 AM,3,1,2
01/25/2016 09:00:00 AM,5,3,2
01/25/2016 08:00:00 AM,9,5,4
01/25/2016 07:00:00 AM,7,5,2
01/25/2016 06:00:00 AM,5,2,3
01/25/2016 05:00:00 AM,1,0,1
01/25/2016 04:00:00 AM,2,1,1
01/25/2016 03:00:00 AM,0,0,0
01/25/2016 02:00:00 AM,0,0,0
01/25/2016 01:00:00 AM,0,0,0
01/25/2016 12:00:00 AM,0,0,0
01/24/2016 11:00:00 PM,1,0,1
01/24/2016 10:00:00 PM,2,0,2
01/24/2016 09:00:00 PM,0,0,0
01/24/2016 08:00:00 PM,1,1,0
01/24/2016 07:00:00 PM,1,1,0
01/24/2016 06:00:00 PM,5,3,2
01/24/2016 05:00:00 PM,5,5,0
01/24/2016 04:00:00 PM,21,12,9
01/24/2016 03:00:00 PM,5,1,4
01/24/2016 02:00:00 PM,11,5,6
01/24/2016 01:00:00 PM,17,9,8
01/24/2016 12:00:00 PM,15,11,4
01/24/2016 11:00:00 AM,14,6,8
01/24/2016 10:00:00 AM,11,4,7
01/24/2016 09:00:00 AM,6,3,3
01/24/2016 08:00:00 AM,2,0,2
01/24/2016 07:00:00 AM,1,1,0
01/24/2016 06:00:00 AM,1,0,1
01/24/2016 05:00:00 AM,0,0,0
01/24/2016 04:00:00 AM,2,1,1
01/24/2016 03:00:00 AM,1,1,0
01/24/2016 02:00:00 AM,0,0,0
01/24/2016 01:00:00 AM,0,0,0
01/24/2016 12:00:00 AM,2,1,1
01/23/2016 11:00:00 PM,1,0,1
01/23/2016 10:00:00 PM,1,1,0
01/23/2016 09:00:00 PM,3,1,2
01/23/2016 08:00:00 PM,0,0,0
01/23/2016 07:00:00 PM,1,1,0
01/23/2016 06:00:00 PM,1,0,1
01/23/2016 05:00:00 PM,0,0,0
01/23/2016 04:00:00 PM,4,2,2
01/23/2016 03:00:00 PM,6,1,5
01/23/2016 02:00:00 PM,1,1,0
01/23/2016 01:00:00 PM,3,2,1
01/23/2016 12:00:00 PM,6,3,3
01/23/2016 11:00:00 AM,4,0,4
01/23/2016 10:00:00 AM,4,1,3
01/23/2016 09:00:00 AM,1,0,1
01/23/2016 08:00:00 AM,1,0,1
01/23/2016 07:00:00 AM,1,1,0
01/23/2016 06:00:00 AM,0,0,0
01/23/2016 05:00:00 AM,0,0,0
01/23/2016 04:00:00 AM,0,0,0
01/23/2016 03:00:00 AM,2,1,1
01/23/2016 02:00:00 AM,1,0,1
01/23/2016 01:00:00 AM,0,0,0
01/23/2016 12:00:00 AM,1,1,0
01/22/2016 11:00:00 PM,1,0,1
01/22/2016 10:00:00 PM,2,0,2
01/22/2016 09:00:00 PM,3,2,1
01/22/2016 08:00:00 PM,1,0,1
01/22/2016 07:00:00 PM,2,1,1
01/22/2016 06:00:00 PM,10,4,6
01/22/2016 05:00:00 PM,12,8,4
01/22/2016 04:00:00 PM,9,3,6
01/22/2016 03:00:00 PM,8,4,4
01/22/2016 02:00:00 PM,6,3,3
01/22/2016 01:00:00 PM,7,4,3
01/22/2016 12:00:00 PM,10,6,4
01/22/2016 11:00:00 AM,12,3,9
01/22/2016 10:00:00 AM,2,1,1
01/22/2016 09:00:00 AM,4,3,1
01/22/2016 08:00:00 AM,4,0,4
01/22/2016 07:00:00 AM,6,4,2
01/22/2016 06:00:00 AM,2,1,1
01/22/2016 05:00:00 AM,1,0,1
01/22/2016 04:00:00 AM,3,2,1
01/22/2016 03:00:00 AM,0,0,0
01/22/2016 02:00:00 AM,1,0,1
01/22/2016 01:00:00 AM,0,0,0
01/22/2016 12:00:00 AM,2,1,1
01/21/2016 11:00:00 PM,1,0,1
01/21/2016 10:00:00 PM,1,0,1
01/21/2016 09:00:00 PM,2,2,0
01/21/2016 08:00:00 PM,0,0,0
01/21/2016 07:00:00 PM,1,1,0
01/21/2016 06:00:00 PM,5,1,4
01/21/2016 05:00:00 PM,2,1,1
01/21/2016 04:00:00 PM,2,1,1
01/21/2016 03:00:00 PM,9,5,4
01/21/2016 02:00:00 PM,2,2,0
01/21/2016 01:00:00 PM,4,2,2
01/21/2016 12:00:00 PM,0,0,0
01/21/2016 11:00:00 AM,2,0,2
01/21/2016 10:00:00 AM,0,0,0
01/21/2016 09:00:00 AM,2,1,1
01/21/2016 08:00:00 AM,3,2,1
01/21/2016 07:00:00 AM,5,4,1
01/21/2016 06:00:00 AM,2,0,2
01/21/2016 05:00:00 AM,2,1,1
01/21/2016 04:00:00 AM,0,0,0
01/21/2016 03:00:00 AM,0,0,0
01/21/2016 02:00:00 AM,0,0,0
01/21/2016 01:00:00 AM,2,2,0
01/21/2016 12:00:00 AM,0,0,0
01/20/2016 11:00:00 PM,0,0,0
01/20/2016 10:00:00 PM,3,3,0
01/20/2016 09:00:00 PM,2,1,1
01/20/2016 08:00:00 PM,4,2,2
01/20/2016 07:00:00 PM,8,3,5
01/20/2016 06:00:00 PM,5,1,4
01/20/2016 05:00:00 PM,4,4,0
01/20/2016 04:00:00 PM,7,6,1
01/20/2016 03:00:00 PM,6,4,2
01/20/2016 02:00:00 PM,6,3,3
01/20/2016 01:00:00 PM,8,6,2
01/20/2016 12:00:00 PM,8,5,3
01/20/2016 11:00:00 AM,7,1,6
01/20/2016 10:00:00 AM,2,1,1
01/20/2016 09:00:00 AM,9,3,6
01/20/2016 08:00:00 AM,6,4,2
01/20/2016 07:00:00 AM,7,6,1
01/20/2016 06:00:00 AM,3,1,2
01/20/2016 05:00:00 AM,1,0,1
01/20/2016 04:00:00 AM,0,0,0
01/20/2016 03:00:00 AM,0,0,0
01/20/2016 02:00:00 AM,0,0,0
01/20/2016 01:00:00 AM,1,1,0
01/20/2016 12:00:00 AM,0,0,0
01/19/2016 11:00:00 PM,1,0,1
01/19/2016 10:00:00 PM,0,0,0
01/19/2016 09:00:00 PM,3,3,0
01/19/2016 08:00:00 PM,1,0,1
01/19/2016 07:00:00 PM,7,3,4
01/19/2016 06:00:00 PM,9,6,3
01/19/2016 05:00:00 PM,6,4,2
01/19/2016 04:00:00 PM,3,2,1
01/19/2016 03:00:00 PM,2,1,1
01/19/2016 02:00:00 PM,4,4,0
01/19/2016 01:00:00 PM,4,2,2
01/19/2016 12:00:00 PM,11,6,5
01/19/2016 11:00:00 AM,2,1,1
01/19/2016 10:00:00 AM,5,1,4
01/19/2016 09:00:00 AM,8,3,5
01/19/2016 08:00:00 AM,6,3,3
01/19/2016 07:00:00 AM,5,5,0
01/19/2016 06:00:00 AM,4,1,3
01/19/2016 05:00:00 AM,0,0,0
01/19/2016 04:00:00 AM,0,0,0
01/19/2016 03:00:00 AM,2,1,1
01/19/2016 02:00:00 AM,0,0,0
01/19/2016 01:00:00 AM,1,0,1
01/19/2016 12:00:00 AM,0,0,0
01/18/2016 11:00:00 PM,2,1,1
01/18/2016 10:00:00 PM,0,0,0
01/18/2016 09:00:00 PM,2,1,1
01/18/2016 08:00:00 PM,0,0,0
01/18/2016 07:00:00 PM,5,4,1
01/18/2016 06:00:00 PM,7,2,5
01/18/2016 05:00:00 PM,5,5,0
01/18/2016 04:00:00 PM,5,4,1
01/18/2016 03:00:00 PM,15,12,3
01/18/2016 02:00:00 PM,6,4,2
01/18/2016 01:00:00 PM,13,5,8
01/18/2016 12:00:00 PM,5,3,2
01/18/2016 11:00:00 AM,9,2,7
01/18/2016 10:00:00 AM,12,5,7
01/18/2016 09:00:00 AM,4,1,3
01/18/2016 08:00:00 AM,9,5,4
01/18/2016 07:00:00 AM,7,4,3
01/18/2016 06:00:00 AM,1,0,1
01/18/2016 05:00:00 AM,0,0,0
01/18/2016 04:00:00 AM,1,0,1
01/18/2016 03:00:00 AM,0,0,0
01/18/2016 02:00:00 AM,1,0,1
01/18/2016 01:00:00 AM,0,0,0
01/18/2016 12:00:00 AM,0,0,0
01/17/2016 11:00:00 PM,2,1,1
01/17/2016 10:00:00 PM,0,0,0
01/17/2016 09:00:00 PM,3,2,1
01/17/2016 08:00:00 PM,0,0,0
01/17/2016 07:00:00 PM,1,1,0
01/17/2016 06:00:00 PM,3,2,1
01/17/2016 05:00:00 PM,1,1,0
01/17/2016 04:00:00 PM,3,0,3
01/17/2016 03:00:00 PM,3,3,0
01/17/2016 02:00:00 PM,2,0,2
01/17/2016 01:00:00 PM,2,0,2
01/17/2016 12:00:00 PM,1,1,0
01/17/2016 11:00:00 AM,1,1,0
01/17/2016 10:00:00 AM,3,2,1
01/17/2016 09:00:00 AM,3,1,2
01/17/2016 08:00:00 AM,0,0,0
01/17/2016 07:00:00 AM,0,0,0
01/17/2016 06:00:00 AM,1,0,1
01/17/2016 05:00:00 AM,0,0,0
01/17/2016 04:00:00 AM,0,0,0
01/17/2016 03:00:00 AM,0,0,0
01/17/2016 02:00:00 AM,1,1,0
01/17/2016 01:00:00 AM,2,0,2
01/17/2016 12:00:00 AM,2,2,0
01/16/2016 11:00:00 PM,0,0,0
01/16/2016 10:00:00 PM,2,1,1
01/16/2016 09:00:00 PM,1,1,0
01/16/2016 08:00:00 PM,0,0,0
01/16/2016 07:00:00 PM,0,0,0
01/16/2016 06:00:00 PM,5,3,2
01/16/2016 05:00:00 PM,2,2,0
01/16/2016 04:00:00 PM,1,1,0
01/16/2016 03:00:00 PM,3,2,1
01/16/2016 02:00:00 PM,9,5,4
01/16/2016 01:00:00 PM,12,8,4
01/16/2016 12:00:00 PM,5,2,3
01/16/2016 11:00:00 AM,3,1,2
01/16/2016 10:00:00 AM,2,1,1
01/16/2016 09:00:00 AM,2,0,2
01/16/2016 08:00:00 AM,2,1,1
01/16/2016 07:00:00 AM,1,1,0
01/16/2016 06:00:00 AM,0,0,0
01/16/2016 05:00:00 AM,0,0,0
01/16/2016 04:00:00 AM,0,0,0
01/16/2016 03:00:00 AM,0,0,0
01/16/2016 02:00:00 AM,0,0,0
01/16/2016 01:00:00 AM,0,0,0
01/16/2016 12:00:00 AM,0,0,0
01/15/2016 11:00:00 PM,3,1,2
01/15/2016 10:00:00 PM,1,0,1
01/15/2016 09:00:00 PM,1,1,0
01/15/2016 08:00:00 PM,5,2,3
01/15/2016 07:00:00 PM,3,1,2
01/15/2016 06:00:00 PM,11,6,5
01/15/2016 05:00:00 PM,8,4,4
01/15/2016 04:00:00 PM,9,6,3
01/15/2016 03:00:00 PM,10,3,7
01/15/2016 02:00:00 PM,5,3,2
01/15/2016 01:00:00 PM,8,3,5
01/15/2016 12:00:00 PM,3,2,1
01/15/2016 11:00:00 AM,4,2,2
01/15/2016 10:00:00 AM,1,0,1
01/15/2016 09:00:00 AM,5,4,1
01/15/2016 08:00:00 AM,5,5,0
01/15/2016 07:00:00 AM,2,0,2
01/15/2016 06:00:00 AM,3,0,3
01/15/2016 05:00:00 AM,0,0,0
01/15/2016 04:00:00 AM,0,0,0
01/15/2016 03:00:00 AM,2,1,1
01/15/2016 02:00:00 AM,0,0,0
01/15/2016 01:00:00 AM,0,0,0
01/15/2016 12:00:00 AM,0,0,0
01/14/2016 11:00:00 PM,2,1,1
01/14/2016 10:00:00 PM,1,0,1
01/14/2016 09:00:00 PM,4,3,1
01/14/2016 08:00:00 PM,1,0,1
01/14/2016 07:00:00 PM,10,8,2
01/14/2016 06:00:00 PM,12,3,9
01/14/2016 05:00:00 PM,10,5,5
01/14/2016 04:00:00 PM,8,4,4
01/14/2016 03:00:00 PM,3,2,1
01/14/2016 02:00:00 PM,5,4,1
01/14/2016 01:00:00 PM,10,4,6
01/14/2016 12:00:00 PM,9,6,3
01/14/2016 11:00:00 AM,6,1,5
01/14/2016 10:00:00 AM,3,1,2
01/14/2016 09:00:00 AM,9,9,0
01/14/2016 08:00:00 AM,6,3,3
01/14/2016 07:00:00 AM,3,2,1
01/14/2016 06:00:00 AM,3,0,3
01/14/2016 05:00:00 AM,2,1,1
01/14/2016 04:00:00 AM,0,0,0
01/14/2016 03:00:00 AM,0,0,0
01/14/2016 02:00:00 AM,0,0,0
01/14/2016 01:00:00 AM,0,0,0
01/14/2016 12:00:00 AM,1,0,1
01/13/2016 11:00:00 PM,2,0,2
01/13/2016 10:00:00 PM,1,1,0
01/13/2016 09:00:00 PM,3,1,2
01/13/2016 08:00:00 PM,2,0,2
01/13/2016 07:00:00 PM,5,1,4
01/13/2016 06:00:00 PM,4,1,3
01/13/2016 05:00:00 PM,1,1,0
01/13/2016 04:00:00 PM,4,4,0
01/13/2016 03:00:00 PM,6,6,0
01/13/2016 02:00:00 PM,3,1,2
01/13/2016 01:00:00 PM,0,0,0
01/13/2016 12:00:00 PM,3,1,2
01/13/2016 11:00:00 AM,2,0,2
01/13/2016 10:00:00 AM,5,2,3
01/13/2016 09:00:00 AM,4,2,2
01/13/2016 08:00:00 AM,4,3,1
01/13/2016 07:00:00 AM,3,3,0
01/13/2016 06:00:00 AM,2,0,2
01/13/2016 05:00:00 AM,0,0,0
01/13/2016 04:00:00 AM,0,0,0
01/13/2016 03:00:00 AM,0,0,0
01/13/2016 02:00:00 AM,0,0,0
01/13/2016 01:00:00 AM,0,0,0
01/13/2016 12:00:00 AM,0,0,0
01/12/2016 11:00:00 PM,0,0,0
01/12/2016 10:00:00 PM,1,1,0
01/12/2016 09:00:00 PM,2,1,1
01/12/2016 08:00:00 PM,3,1,2
01/12/2016 07:00:00 PM,5,3,2
01/12/2016 06:00:00 PM,11,6,5
01/12/2016 05:00:00 PM,7,3,4
01/12/2016 04:00:00 PM,4,2,2
01/12/2016 03:00:00 PM,3,1,2
01/12/2016 02:00:00 PM,3,0,3
01/12/2016 01:00:00 PM,6,3,3
01/12/2016 12:00:00 PM,1,0,1
01/12/2016 11:00:00 AM,5,2,3
01/12/2016 10:00:00 AM,3,0,3
01/12/2016 09:00:00 AM,7,4,3
01/12/2016 08:00:00 AM,11,6,5
01/12/2016 07:00:00 AM,8,5,3
01/12/2016 06:00:00 AM,2,1,1
01/12/2016 05:00:00 AM,2,0,2
01/12/2016 04:00:00 AM,0,0,0
01/12/2016 03:00:00 AM,2,1,1
01/12/2016 02:00:00 AM,0,0,0
01/12/2016 01:00:00 AM,0,0,0
01/12/2016 12:00:00 AM,0,0,0
01/11/2016 11:00:00 PM,1,0,1
01/11/2016 10:00:00 PM,3,2,1
01/11/2016 09:00:00 PM,2,1,1
01/11/2016 08:00:00 PM,2,2,0
01/11/2016 07:00:00 PM,6,3,3
01/11/2016 06:00:00 PM,10,4,6
01/11/2016 05:00:00 PM,16,10,6
01/11/2016 04:00:00 PM,12,9,3
01/11/2016 03:00:00 PM,5,3,2
01/11/2016 02:00:00 PM,5,3,2
01/11/2016 01:00:00 PM,1,0,1
01/11/2016 12:00:00 PM,2,0,2
01/11/2016 11:00:00 AM,0,0,0
01/11/2016 10:00:00 AM,2,0,2
01/11/2016 09:00:00 AM,11,5,6
01/11/2016 08:00:00 AM,9,2,7
01/11/2016 07:00:00 AM,4,3,1
01/11/2016 06:00:00 AM,1,0,1
01/11/2016 05:00:00 AM,0,0,0
01/11/2016 04:00:00 AM,0,0,0
01/11/2016 03:00:00 AM,2,1,1
01/11/2016 02:00:00 AM,0,0,0
01/11/2016 01:00:00 AM,0,0,0
01/11/2016 12:00:00 AM,0,0,0
01/10/2016 11:00:00 PM,0,0,0
01/10/2016 10:00:00 PM,0,0,0
01/10/2016 09:00:00 PM,0,0,0
01/10/2016 08:00:00 PM,1,1,0
01/10/2016 07:00:00 PM,1,1,0
01/10/2016 06:00:00 PM,4,1,3
01/10/2016 05:00:00 PM,2,2,0
01/10/2016 04:00:00 PM,4,2,2
01/10/2016 03:00:00 PM,13,5,8
01/10/2016 02:00:00 PM,12,7,5
01/10/2016 01:00:00 PM,2,1,1
01/10/2016 12:00:00 PM,16,6,10
01/10/2016 11:00:00 AM,6,5,1
01/10/2016 10:00:00 AM,6,2,4
01/10/2016 09:00:00 AM,5,0,5
01/10/2016 08:00:00 AM,4,2,2
01/10/2016 07:00:00 AM,0,0,0
01/10/2016 06:00:00 AM,1,0,1
01/10/2016 05:00:00 AM,1,1,0
01/10/2016 04:00:00 AM,0,0,0
01/10/2016 03:00:00 AM,0,0,0
01/10/2016 02:00:00 AM,0,0,0
01/10/2016 01:00:00 AM,0,0,0
01/10/2016 12:00:00 AM,0,0,0
01/09/2016 11:00:00 PM,0,0,0
01/09/2016 10:00:00 PM,0,0,0
01/09/2016 09:00:00 PM,0,0,0
01/09/2016 08:00:00 PM,1,0,1
01/09/2016 07:00:00 PM,0,0,0
01/09/2016 06:00:00 PM,1,0,1
01/09/2016 05:00:00 PM,3,3,0
01/09/2016 04:00:00 PM,7,5,2
01/09/2016 03:00:00 PM,8,6,2
01/09/2016 02:00:00 PM,3,0,3
01/09/2016 01:00:00 PM,9,1,8
01/09/2016 12:00:00 PM,7,4,3
01/09/2016 11:00:00 AM,11,7,4
01/09/2016 10:00:00 AM,7,1,6
01/09/2016 09:00:00 AM,8,7,1
01/09/2016 08:00:00 AM,1,0,1
01/09/2016 07:00:00 AM,1,1,0
01/09/2016 06:00:00 AM,4,2,2
01/09/2016 05:00:00 AM,0,0,0
01/09/2016 04:00:00 AM,0,0,0
01/09/2016 03:00:00 AM,2,1,1
01/09/2016 02:00:00 AM,0,0,0
01/09/2016 01:00:00 AM,0,0,0
01/09/2016 12:00:00 AM,3,2,1
01/08/2016 11:00:00 PM,1,0,1
01/08/2016 10:00:00 PM,1,0,1
01/08/2016 09:00:00 PM,2,2,0
01/08/2016 08:00:00 PM,2,2,0
01/08/2016 07:00:00 PM,10,2,8
01/08/2016 06:00:00 PM,3,1,2
01/08/2016 05:00:00 PM,9,4,5
01/08/2016 04:00:00 PM,3,3,0
01/08/2016 03:00:00 PM,6,3,3
01/08/2016 02:00:00 PM,4,2,2
01/08/2016 01:00:00 PM,3,2,1
01/08/2016 12:00:00 PM,6,2,4
01/08/2016 11:00:00 AM,6,2,4
01/08/2016 10:00:00 AM,7,3,4
01/08/2016 09:00:00 AM,7,5,2
01/08/2016 08:00:00 AM,10,6,4
01/08/2016 07:00:00 AM,3,2,1
01/08/2016 06:00:00 AM,0,0,0
01/08/2016 05:00:00 AM,0,0,0
01/08/2016 04:00:00 AM,2,2,0
01/08/2016 03:00:00 AM,1,0,1
01/08/2016 02:00:00 AM,1,1,0
01/08/2016 01:00:00 AM,0,0,0
01/08/2016 12:00:00 AM,1,1,0
01/07/2016 11:00:00 PM,3,2,1
01/07/2016 10:00:00 PM,3,2,1
01/07/2016 09:00:00 PM,4,1,3
01/07/2016 08:00:00 PM,4,4,0
01/07/2016 07:00:00 PM,2,0,2
01/07/2016 06:00:00 PM,10,6,4
01/07/2016 05:00:00 PM,9,3,6
01/07/2016 04:00:00 PM,6,4,2
01/07/2016 03:00:00 PM,6,5,1
01/07/2016 02:00:00 PM,7,5,2
01/07/2016 01:00:00 PM,1,0,1
01/07/2016 12:00:00 PM,1,1,0
01/07/2016 11:00:00 AM,5,3,2
01/07/2016 10:00:00 AM,1,0,1
01/07/2016 09:00:00 AM,6,3,3
01/07/2016 08:00:00 AM,2,0,2
01/07/2016 07:00:00 AM,4,3,1
01/07/2016 06:00:00 AM,3,0,3
01/07/2016 05:00:00 AM,0,0,0
01/07/2016 04:00:00 AM,0,0,0
01/07/2016 03:00:00 AM,0,0,0
01/07/2016 02:00:00 AM,0,0,0
01/07/2016 01:00:00 AM,0,0,0
01/07/2016 12:00:00 AM,1,1,0
01/06/2016 11:00:00 PM,3,1,2
01/06/2016 10:00:00 PM,1,0,1
01/06/2016 09:00:00 PM,3,3,0
01/06/2016 08:00:00 PM,2,1,1
01/06/2016 07:00:00 PM,2,0,2
01/06/2016 06:00:00 PM,9,3,6
01/06/2016 05:00:00 PM,7,6,1
01/06/2016 04:00:00 PM,6,4,2
01/06/2016 03:00:00 PM,6,4,2
01/06/2016 02:00:00 PM,10,5,5
01/06/2016 01:00:00 PM,11,7,4
01/06/2016 12:00:00 PM,4,2,2
01/06/2016 11:00:00 AM,6,4,2
01/06/2016 10:00:00 AM,6,1,5
01/06/2016 09:00:00 AM,10,5,5
01/06/2016 08:00:00 AM,4,3,1
01/06/2016 07:00:00 AM,7,4,3
01/06/2016 06:00:00 AM,4,1,3
01/06/2016 05:00:00 AM,1,0,1
01/06/2016 04:00:00 AM,0,0,0
01/06/2016 03:00:00 AM,0,0,0
01/06/2016 02:00:00 AM,0,0,0
01/06/2016 01:00:00 AM,0,0,0
01/06/2016 12:00:00 AM,0,0,0
01/05/2016 11:00:00 PM,2,1,1
01/05/2016 10:00:00 PM,4,1,3
01/05/2016 09:00:00 PM,2,1,1
01/05/2016 08:00:00 PM,2,1,1
01/05/2016 07:00:00 PM,4,2,2
01/05/2016 06:00:00 PM,5,1,4
01/05/2016 05:00:00 PM,4,2,2
01/05/2016 04:00:00 PM,10,5,5
01/05/2016 03:00:00 PM,1,0,1
01/05/2016 02:00:00 PM,3,3,0
01/05/2016 01:00:00 PM,5,3,2
01/05/2016 12:00:00 PM,5,3,2
01/05/2016 11:00:00 AM,4,1,3
01/05/2016 10:00:00 AM,5,1,4
01/05/2016 09:00:00 AM,7,4,3
01/05/2016 08:00:00 AM,2,0,2
01/05/2016 07:00:00 AM,6,4,2
01/05/2016 06:00:00 AM,3,1,2
01/05/2016 05:00:00 AM,2,0,2
01/05/2016 04:00:00 AM,0,0,0
01/05/2016 03:00:00 AM,0,0,0
01/05/2016 02:00:00 AM,0,0,0
01/05/2016 01:00:00 AM,3,1,2
01/05/2016 12:00:00 AM,0,0,0
01/04/2016 11:00:00 PM,0,0,0
01/04/2016 10:00:00 PM,2,0,2
01/04/2016 09:00:00 PM,0,0,0
01/04/2016 08:00:00 PM,3,3,0
01/04/2016 07:00:00 PM,4,1,3
01/04/2016 06:00:00 PM,2,1,1
01/04/2016 05:00:00 PM,8,4,4
01/04/2016 04:00:00 PM,10,6,4
01/04/2016 03:00:00 PM,1,1,0
01/04/2016 02:00:00 PM,1,0,1
01/04/2016 01:00:00 PM,5,3,2
01/04/2016 12:00:00 PM,0,0,0
01/04/2016 11:00:00 AM,4,1,3
01/04/2016 10:00:00 AM,1,0,1
01/04/2016 09:00:00 AM,7,5,2
01/04/2016 08:00:00 AM,7,4,3
01/04/2016 07:00:00 AM,2,1,1
01/04/2016 06:00:00 AM,4,1,3
01/04/2016 05:00:00 AM,1,0,1
01/04/2016 04:00:00 AM,0,0,0
01/04/2016 03:00:00 AM,0,0,0
01/04/2016 02:00:00 AM,0,0,0
01/04/2016 01:00:00 AM,1,0,1
01/04/2016 12:00:00 AM,0,0,0
01/03/2016 11:00:00 PM,0,0,0
01/03/2016 10:00:00 PM,0,0,0
01/03/2016 09:00:00 PM,0,0,0
01/03/2016 08:00:00 PM,0,0,0
01/03/2016 07:00:00 PM,0,0,0
01/03/2016 06:00:00 PM,0,0,0
01/03/2016 05:00:00 PM,2,0,2
01/03/2016 04:00:00 PM,8,4,4
01/03/2016 03:00:00 PM,3,1,2
01/03/2016 02:00:00 PM,3,0,3
01/03/2016 01:00:00 PM,2,2,0
01/03/2016 12:00:00 PM,9,3,6
01/03/2016 11:00:00 AM,11,10,1
01/03/2016 10:00:00 AM,8,4,4
01/03/2016 09:00:00 AM,0,0,0
01/03/2016 08:00:00 AM,0,0,0
01/03/2016 07:00:00 AM,1,0,1
01/03/2016 06:00:00 AM,1,1,0
01/03/2016 05:00:00 AM,1,0,1
01/03/2016 04:00:00 AM,0,0,0
01/03/2016 03:00:00 AM,0,0,0
01/03/2016 02:00:00 AM,0,0,0
01/03/2016 01:00:00 AM,0,0,0
01/03/2016 12:00:00 AM,1,0,1
01/02/2016 11:00:00 PM,0,0,0
01/02/2016 10:00:00 PM,0,0,0
01/02/2016 09:00:00 PM,1,1,0
01/02/2016 08:00:00 PM,2,1,1
01/02/2016 07:00:00 PM,3,1,2
01/02/2016 06:00:00 PM,2,1,1
01/02/2016 05:00:00 PM,2,2,0
01/02/2016 04:00:00 PM,7,6,1
01/02/2016 03:00:00 PM,10,5,5
01/02/2016 02:00:00 PM,9,3,6
01/02/2016 01:00:00 PM,8,4,4
01/02/2016 12:00:00 PM,8,4,4
01/02/2016 11:00:00 AM,5,2,3
01/02/2016 10:00:00 AM,1,0,1
01/02/2016 09:00:00 AM,4,1,3
01/02/2016 08:00:00 AM,1,0,1
01/02/2016 07:00:00 AM,0,0,0
01/02/2016 06:00:00 AM,1,0,1
01/02/2016 05:00:00 AM,0,0,0
01/02/2016 04:00:00 AM,0,0,0
01/02/2016 03:00:00 AM,0,0,0
01/02/2016 02:00:00 AM,0,0,0
01/02/2016 01:00:00 AM,0,0,0
01/02/2016 12:00:00 AM,0,0,0
01/01/2016 11:00:00 PM,1,0,1
01/01/2016 10:00:00 PM,0,0,0
01/01/2016 09:00:00 PM,1,0,1
01/01/2016 08:00:00 PM,0,0,0
01/01/2016 07:00:00 PM,2,0,2
01/01/2016 06:00:00 PM,3,0,3
01/01/2016 05:00:00 PM,4,1,3
01/01/2016 04:00:00 PM,4,4,0
01/01/2016 03:00:00 PM,12,5,7
01/01/2016 02:00:00 PM,9,2,7
01/01/2016 01:00:00 PM,14,7,7
01/01/2016 12:00:00 PM,1,0,1
01/01/2016 11:00:00 AM,7,0,7
01/01/2016 10:00:00 AM,2,0,2
01/01/2016 09:00:00 AM,0,0,0
01/01/2016 08:00:00 AM,0,0,0
01/01/2016 07:00:00 AM,1,0,1
01/01/2016 06:00:00 AM,0,0,0
01/01/2016 05:00:00 AM,0,0,0
01/01/2016 04:00:00 AM,0,0,0
01/01/2016 03:00:00 AM,0,0,0
01/01/2016 02:00:00 AM,1,0,1
01/01/2016 01:00:00 AM,0,0,0
01/01/2016 12:00:00 AM,0,0,0
12/31/2015 11:00:00 PM,0,0,0
12/31/2015 10:00:00 PM,2,2,0
12/31/2015 09:00:00 PM,3,0,3
12/31/2015 08:00:00 PM,0,0,0
12/31/2015 07:00:00 PM,2,2,0
12/31/2015 06:00:00 PM,0,0,0
12/31/2015 05:00:00 PM,1,0,1
12/31/2015 04:00:00 PM,7,4,3
12/31/2015 03:00:00 PM,6,4,2
12/31/2015 02:00:00 PM,8,5,3
12/31/2015 01:00:00 PM,7,3,4
12/31/2015 12:00:00 PM,4,3,1
12/31/2015 11:00:00 AM,5,1,4
12/31/2015 10:00:00 AM,0,0,0
12/31/2015 09:00:00 AM,2,1,1
12/31/2015 08:00:00 AM,4,4,0
12/31/2015 07:00:00 AM,2,0,2
12/31/2015 06:00:00 AM,2,0,2
12/31/2015 05:00:00 AM,0,0,0
12/31/2015 04:00:00 AM,0,0,0
12/31/2015 03:00:00 AM,0,0,0
12/31/2015 02:00:00 AM,0,0,0
12/31/2015 01:00:00 AM,0,0,0
12/31/2015 12:00:00 AM,1,0,1
12/30/2015 11:00:00 PM,2,1,1
12/30/2015 10:00:00 PM,0,0,0
12/30/2015 09:00:00 PM,1,1,0
12/30/2015 08:00:00 PM,3,2,1
12/30/2015 07:00:00 PM,3,1,2
12/30/2015 06:00:00 PM,9,6,3
12/30/2015 05:00:00 PM,11,7,4
12/30/2015 04:00:00 PM,4,2,2
12/30/2015 03:00:00 PM,4,2,2
12/30/2015 02:00:00 PM,9,6,3
12/30/2015 01:00:00 PM,3,2,1
12/30/2015 12:00:00 PM,3,2,1
12/30/2015 11:00:00 AM,4,1,3
12/30/2015 10:00:00 AM,2,2,0
12/30/2015 09:00:00 AM,4,3,1
12/30/2015 08:00:00 AM,6,5,1
12/30/2015 07:00:00 AM,1,0,1
12/30/2015 06:00:00 AM,2,0,2
12/30/2015 05:00:00 AM,0,0,0
12/30/2015 04:00:00 AM,0,0,0
12/30/2015 03:00:00 AM,0,0,0
12/30/2015 02:00:00 AM,0,0,0
12/30/2015 01:00:00 AM,0,0,0
12/30/2015 12:00:00 AM,0,0,0
12/29/2015 11:00:00 PM,0,0,0
12/29/2015 10:00:00 PM,4,0,4
12/29/2015 09:00:00 PM,1,1,0
12/29/2015 08:00:00 PM,4,2,2
12/29/2015 07:00:00 PM,5,4,1
12/29/2015 06:00:00 PM,8,4,4
12/29/2015 05:00:00 PM,13,6,7
12/29/2015 04:00:00 PM,7,4,3
12/29/2015 03:00:00 PM,2,2,0
12/29/2015 02:00:00 PM,1,0,1
12/29/2015 01:00:00 PM,6,4,2
12/29/2015 12:00:00 PM,6,4,2
12/29/2015 11:00:00 AM,6,1,5
12/29/2015 10:00:00 AM,3,2,1
12/29/2015 09:00:00 AM,6,3,3
12/29/2015 08:00:00 AM,3,1,2
12/29/2015 07:00:00 AM,1,1,0
12/29/2015 06:00:00 AM,3,0,3
12/29/2015 05:00:00 AM,1,0,1
12/29/2015 04:00:00 AM,0,0,0
12/29/2015 03:00:00 AM,0,0,0
12/29/2015 02:00:00 AM,0,0,0
12/29/2015 01:00:00 AM,0,0,0
12/29/2015 12:00:00 AM,0,0,0
12/28/2015 11:00:00 PM,1,1,0
12/28/2015 10:00:00 PM,0,0,0
12/28/2015 09:00:00 PM,1,1,0
12/28/2015 08:00:00 PM,2,2,0
12/28/2015 07:00:00 PM,3,1,2
12/28/2015 06:00:00 PM,8,5,3
12/28/2015 05:00:00 PM,2,0,2
12/28/2015 04:00:00 PM,8,3,5
12/28/2015 03:00:00 PM,9,5,4
12/28/2015 02:00:00 PM,7,6,1
12/28/2015 01:00:00 PM,10,5,5
12/28/2015 12:00:00 PM,6,6,0
12/28/2015 11:00:00 AM,11,4,7
12/28/2015 10:00:00 AM,3,1,2
12/28/2015 09:00:00 AM,8,5,3
12/28/2015 08:00:00 AM,4,3,1
12/28/2015 07:00:00 AM,2,1,1
12/28/2015 06:00:00 AM,1,0,1
12/28/2015 05:00:00 AM,2,0,2
12/28/2015 04:00:00 AM,0,0,0
12/28/2015 03:00:00 AM,0,0,0
12/28/2015 02:00:00 AM,0,0,0
12/28/2015 01:00:00 AM,0,0,0
12/28/2015 12:00:00 AM,0,0,0
12/27/2015 11:00:00 PM,0,0,0
12/27/2015 10:00:00 PM,1,0,1
12/27/2015 09:00:00 PM,0,0,0
12/27/2015 08:00:00 PM,0,0,0
12/27/2015 07:00:00 PM,0,0,0
12/27/2015 06:00:00 PM,1,1,0
12/27/2015 05:00:00 PM,2,1,1
12/27/2015 04:00:00 PM,1,1,0
12/27/2015 03:00:00 PM,0,0,0
12/27/2015 02:00:00 PM,0,0,0
12/27/2015 01:00:00 PM,0,0,0
12/27/2015 12:00:00 PM,3,2,1
12/27/2015 11:00:00 AM,3,2,1
12/27/2015 10:00:00 AM,1,1,0
12/27/2015 09:00:00 AM,2,0,2
12/27/2015 08:00:00 AM,1,1,0
12/27/2015 07:00:00 AM,0,0,0
12/27/2015 06:00:00 AM,0,0,0
12/27/2015 05:00:00 AM,0,0,0
12/27/2015 04:00:00 AM,0,0,0
12/27/2015 03:00:00 AM,0,0,0
12/27/2015 02:00:00 AM,0,0,0
12/27/2015 01:00:00 AM,0,0,0
12/27/2015 12:00:00 AM,0,0,0
12/26/2015 11:00:00 PM,2,1,1
12/26/2015 10:00:00 PM,0,0,0
12/26/2015 09:00:00 PM,1,0,1
12/26/2015 08:00:00 PM,1,0,1
12/26/2015 07:00:00 PM,1,0,1
12/26/2015 06:00:00 PM,3,3,0
12/26/2015 05:00:00 PM,12,7,5
12/26/2015 04:00:00 PM,0,0,0
12/26/2015 03:00:00 PM,2,0,2
12/26/2015 02:00:00 PM,9,6,3
12/26/2015 01:00:00 PM,11,5,6
12/26/2015 12:00:00 PM,5,1,4
12/26/2015 11:00:00 AM,0,0,0
12/26/2015 10:00:00 AM,4,4,0
12/26/2015 09:00:00 AM,0,0,0
12/26/2015 08:00:00 AM,0,0,0
12/26/2015 07:00:00 AM,0,0,0
12/26/2015 06:00:00 AM,0,0,0
12/26/2015 05:00:00 AM,0,0,0
12/26/2015 04:00:00 AM,0,0,0
12/26/2015 03:00:00 AM,0,0,0
12/26/2015 02:00:00 AM,0,0,0
12/26/2015 01:00:00 AM,0,0,0
12/26/2015 12:00:00 AM,0,0,0
12/25/2015 11:00:00 PM,0,0,0
12/25/2015 10:00:00 PM,0,0,0
12/25/2015 09:00:00 PM,0,0,0
12/25/2015 08:00:00 PM,0,0,0
12/25/2015 07:00:00 PM,0,0,0
12/25/2015 06:00:00 PM,0,0,0
12/25/2015 05:00:00 PM,0,0,0
12/25/2015 04:00:00 PM,2,0,2
12/25/2015 03:00:00 PM,1,0,1
12/25/2015 02:00:00 PM,2,2,0
12/25/2015 01:00:00 PM,2,1,1
12/25/2015 12:00:00 PM,2,2,0
12/25/2015 11:00:00 AM,0,0,0
12/25/2015 10:00:00 AM,1,0,1
12/25/2015 09:00:00 AM,0,0,0
12/25/2015 08:00:00 AM,0,0,0
12/25/2015 07:00:00 AM,2,0,2
12/25/2015 06:00:00 AM,0,0,0
12/25/2015 05:00:00 AM,0,0,0
12/25/2015 04:00:00 AM,0,0,0
12/25/2015 03:00:00 AM,0,0,0
12/25/2015 02:00:00 AM,0,0,0
12/25/2015 01:00:00 AM,0,0,0
12/25/2015 12:00:00 AM,0,0,0
12/24/2015 11:00:00 PM,0,0,0
12/24/2015 10:00:00 PM,0,0,0
12/24/2015 09:00:00 PM,0,0,0
12/24/2015 08:00:00 PM,2,2,0
12/24/2015 07:00:00 PM,2,0,2
12/24/2015 06:00:00 PM,0,0,0
12/24/2015 05:00:00 PM,3,3,0
12/24/2015 04:00:00 PM,3,2,1
12/24/2015 03:00:00 PM,2,0,2
12/24/2015 02:00:00 PM,7,4,3
12/24/2015 01:00:00 PM,2,2,0
12/24/2015 12:00:00 PM,9,5,4
12/24/2015 11:00:00 AM,8,3,5
12/24/2015 10:00:00 AM,3,0,3
12/24/2015 09:00:00 AM,2,1,1
12/24/2015 08:00:00 AM,2,2,0
12/24/2015 07:00:00 AM,0,0,0
12/24/2015 06:00:00 AM,1,0,1
12/24/2015 05:00:00 AM,0,0,0
12/24/2015 04:00:00 AM,0,0,0
12/24/2015 03:00:00 AM,0,0,0
12/24/2015 02:00:00 AM,0,0,0
12/24/2015 01:00:00 AM,1,0,1
12/24/2015 12:00:00 AM,0,0,0
12/23/2015 11:00:00 PM,0,0,0
12/23/2015 10:00:00 PM,0,0,0
12/23/2015 09:00:00 PM,0,0,0
12/23/2015 08:00:00 PM,3,2,1
12/23/2015 07:00:00 PM,5,2,3
12/23/2015 06:00:00 PM,3,3,0
12/23/2015 05:00:00 PM,6,3,3
12/23/2015 04:00:00 PM,11,7,4
12/23/2015 03:00:00 PM,6,3,3
12/23/2015 02:00:00 PM,1,0,1
12/23/2015 01:00:00 PM,5,5,0
12/23/2015 12:00:00 PM,6,1,5
12/23/2015 11:00:00 AM,5,4,1
12/23/2015 10:00:00 AM,0,0,0
12/23/2015 09:00:00 AM,2,1,1
12/23/2015 08:00:00 AM,4,1,3
12/23/2015 07:00:00 AM,2,2,0
12/23/2015 06:00:00 AM,1,0,1
12/23/2015 05:00:00 AM,2,0,2
12/23/2015 04:00:00 AM,0,0,0
12/23/2015 03:00:00 AM,0,0,0
12/23/2015 02:00:00 AM,0,0,0
12/23/2015 01:00:00 AM,0,0,0
12/23/2015 12:00:00 AM,0,0,0
12/22/2015 11:00:00 PM,0,0,0
12/22/2015 10:00:00 PM,1,1,0
12/22/2015 09:00:00 PM,2,2,0
12/22/2015 08:00:00 PM,1,1,0
12/22/2015 07:00:00 PM,0,0,0
12/22/2015 06:00:00 PM,3,1,2
12/22/2015 05:00:00 PM,5,4,1
12/22/2015 04:00:00 PM,6,4,2
12/22/2015 03:00:00 PM,4,2,2
12/22/2015 02:00:00 PM,3,1,2
12/22/2015 01:00:00 PM,5,3,2
12/22/2015 12:00:00 PM,5,2,3
12/22/2015 11:00:00 AM,11,4,7
12/22/2015 10:00:00 AM,5,1,4
12/22/2015 09:00:00 AM,7,4,3
12/22/2015 08:00:00 AM,5,1,4
12/22/2015 07:00:00 AM,4,3,1
12/22/2015 06:00:00 AM,1,0,1
12/22/2015 05:00:00 AM,1,0,1
12/22/2015 04:00:00 AM,0,0,0
12/22/2015 03:00:00 AM,1,0,1
12/22/2015 02:00:00 AM,0,0,0
12/22/2015 01:00:00 AM,0,0,0
12/22/2015 12:00:00 AM,0,0,0
12/21/2015 11:00:00 PM,0,0,0
12/21/2015 10:00:00 PM,0,0,0
12/21/2015 09:00:00 PM,0,0,0
12/21/2015 08:00:00 PM,0,0,0
12/21/2015 07:00:00 PM,4,3,1
12/21/2015 06:00:00 PM,2,2,0
12/21/2015 05:00:00 PM,6,3,3
12/21/2015 04:00:00 PM,3,1,2
12/21/2015 03:00:00 PM,2,2,0
12/21/2015 02:00:00 PM,1,1,0
12/21/2015 01:00:00 PM,4,1,3
12/21/2015 12:00:00 PM,1,0,1
12/21/2015 11:00:00 AM,1,0,1
12/21/2015 10:00:00 AM,0,0,0
12/21/2015 09:00:00 AM,3,1,2
12/21/2015 08:00:00 AM,5,3,2
12/21/2015 07:00:00 AM,3,2,1
12/21/2015 06:00:00 AM,0,0,0
12/21/2015 05:00:00 AM,1,0,1
12/21/2015 04:00:00 AM,0,0,0
12/21/2015 03:00:00 AM,0,0,0
12/21/2015 02:00:00 AM,0,0,0
12/21/2015 01:00:00 AM,0,0,0
12/21/2015 12:00:00 AM,0,0,0
12/20/2015 11:00:00 PM,1,0,1
12/20/2015 10:00:00 PM,1,1,0
12/20/2015 09:00:00 PM,1,1,0
12/20/2015 08:00:00 PM,5,5,0
12/20/2015 07:00:00 PM,2,2,0
12/20/2015 06:00:00 PM,3,2,1
12/20/2015 05:00:00 PM,1,0,1
12/20/2015 04:00:00 PM,8,4,4
12/20/2015 03:00:00 PM,8,7,1
12/20/2015 02:00:00 PM,13,3,10
12/20/2015 01:00:00 PM,9,6,3
12/20/2015 12:00:00 PM,6,3,3
12/20/2015 11:00:00 AM,5,5,0
12/20/2015 10:00:00 AM,2,1,1
12/20/2015 09:00:00 AM,2,1,1
12/20/2015 08:00:00 AM,0,0,0
12/20/2015 07:00:00 AM,0,0,0
12/20/2015 06:00:00 AM,1,0,1
12/20/2015 05:00:00 AM,0,0,0
12/20/2015 04:00:00 AM,0,0,0
12/20/2015 03:00:00 AM,0,0,0
12/20/2015 02:00:00 AM,0,0,0
12/20/2015 01:00:00 AM,0,0,0
12/20/2015 12:00:00 AM,1,1,0
12/19/2015 11:00:00 PM,2,2,0
12/19/2015 10:00:00 PM,2,1,1
12/19/2015 09:00:00 PM,1,1,0
12/19/2015 08:00:00 PM,2,0,2
12/19/2015 07:00:00 PM,1,1,0
12/19/2015 06:00:00 PM,13,7,6
12/19/2015 05:00:00 PM,9,6,3
12/19/2015 04:00:00 PM,7,5,2
12/19/2015 03:00:00 PM,3,2,1
12/19/2015 02:00:00 PM,3,1,2
12/19/2015 01:00:00 PM,1,1,0
12/19/2015 12:00:00 PM,5,3,2
12/19/2015 11:00:00 AM,5,0,5
12/19/2015 10:00:00 AM,6,4,2
12/19/2015 09:00:00 AM,1,0,1
12/19/2015 08:00:00 AM,2,1,1
12/19/2015 07:00:00 AM,0,0,0
12/19/2015 06:00:00 AM,1,1,0
12/19/2015 05:00:00 AM,0,0,0
12/19/2015 04:00:00 AM,0,0,0
12/19/2015 03:00:00 AM,0,0,0
12/19/2015 02:00:00 AM,0,0,0
12/19/2015 01:00:00 AM,0,0,0
12/19/2015 12:00:00 AM,0,0,0
12/18/2015 11:00:00 PM,0,0,0
12/18/2015 10:00:00 PM,3,3,0
12/18/2015 09:00:00 PM,4,4,0
12/18/2015 08:00:00 PM,0,0,0
12/18/2015 07:00:00 PM,2,1,1
12/18/2015 06:00:00 PM,5,2,3
12/18/2015 05:00:00 PM,10,6,4
12/18/2015 04:00:00 PM,8,5,3
12/18/2015 03:00:00 PM,8,4,4
12/18/2015 02:00:00 PM,3,1,2
12/18/2015 01:00:00 PM,9,3,6
12/18/2015 12:00:00 PM,7,4,3
12/18/2015 11:00:00 AM,9,4,5
12/18/2015 10:00:00 AM,3,2,1
12/18/2015 09:00:00 AM,5,2,3
12/18/2015 08:00:00 AM,3,3,0
12/18/2015 07:00:00 AM,3,1,2
12/18/2015 06:00:00 AM,2,0,2
12/18/2015 05:00:00 AM,1,0,1
12/18/2015 04:00:00 AM,0,0,0
12/18/2015 03:00:00 AM,0,0,0
12/18/2015 02:00:00 AM,0,0,0
12/18/2015 01:00:00 AM,0,0,0
12/18/2015 12:00:00 AM,0,0,0
12/17/2015 11:00:00 PM,0,0,0
12/17/2015 10:00:00 PM,2,1,1
12/17/2015 09:00:00 PM,0,0,0
12/17/2015 08:00:00 PM,2,2,0
12/17/2015 07:00:00 PM,5,5,0
12/17/2015 06:00:00 PM,3,0,3
12/17/2015 05:00:00 PM,8,4,4
12/17/2015 04:00:00 PM,3,2,1
12/17/2015 03:00:00 PM,3,2,1
12/17/2015 02:00:00 PM,4,3,1
12/17/2015 01:00:00 PM,0,0,0
12/17/2015 12:00:00 PM,0,0,0
12/17/2015 11:00:00 AM,1,0,1
12/17/2015 10:00:00 AM,4,1,3
12/17/2015 09:00:00 AM,1,1,0
12/17/2015 08:00:00 AM,9,7,2
12/17/2015 07:00:00 AM,4,3,1
12/17/2015 06:00:00 AM,3,0,3
12/17/2015 05:00:00 AM,1,0,1
12/17/2015 04:00:00 AM,0,0,0
12/17/2015 03:00:00 AM,0,0,0
12/17/2015 02:00:00 AM,0,0,0
12/17/2015 01:00:00 AM,0,0,0
12/17/2015 12:00:00 AM,0,0,0
12/16/2015 11:00:00 PM,3,0,3
12/16/2015 10:00:00 PM,1,1,0
12/16/2015 09:00:00 PM,3,2,1
12/16/2015 08:00:00 PM,2,1,1
12/16/2015 07:00:00 PM,9,3,6
12/16/2015 06:00:00 PM,5,1,4
12/16/2015 05:00:00 PM,10,7,3
12/16/2015 04:00:00 PM,4,3,1
12/16/2015 03:00:00 PM,6,5,1
12/16/2015 02:00:00 PM,6,3,3
12/16/2015 01:00:00 PM,4,2,2
12/16/2015 12:00:00 PM,4,2,2
12/16/2015 11:00:00 AM,3,3,0
12/16/2015 10:00:00 AM,4,2,2
12/16/2015 09:00:00 AM,4,1,3
12/16/2015 08:00:00 AM,9,5,4
12/16/2015 07:00:00 AM,5,3,2
12/16/2015 06:00:00 AM,2,0,2
12/16/2015 05:00:00 AM,1,0,1
12/16/2015 04:00:00 AM,0,0,0
12/16/2015 03:00:00 AM,0,0,0
12/16/2015 02:00:00 AM,0,0,0
12/16/2015 01:00:00 AM,0,0,0
12/16/2015 12:00:00 AM,3,2,1
12/15/2015 11:00:00 PM,0,0,0
12/15/2015 10:00:00 PM,1,0,1
12/15/2015 09:00:00 PM,1,1,0
12/15/2015 08:00:00 PM,5,2,3
12/15/2015 07:00:00 PM,3,2,1
12/15/2015 06:00:00 PM,4,0,4
12/15/2015 05:00:00 PM,8,4,4
12/15/2015 04:00:00 PM,5,4,1
12/15/2015 03:00:00 PM,3,3,0
12/15/2015 02:00:00 PM,6,5,1
12/15/2015 01:00:00 PM,5,4,1
12/15/2015 12:00:00 PM,3,2,1
12/15/2015 11:00:00 AM,8,3,5
12/15/2015 10:00:00 AM,5,2,3
12/15/2015 09:00:00 AM,10,5,5
12/15/2015 08:00:00 AM,7,4,3
12/15/2015 07:00:00 AM,2,2,0
12/15/2015 06:00:00 AM,2,0,2
12/15/2015 05:00:00 AM,1,0,1
12/15/2015 04:00:00 AM,0,0,0
12/15/2015 03:00:00 AM,1,0,1
12/15/2015 02:00:00 AM,1,0,1
12/15/2015 01:00:00 AM,1,0,1
12/15/2015 12:00:00 AM,1,0,1
12/14/2015 11:00:00 PM,0,0,0
12/14/2015 10:00:00 PM,0,0,0
12/14/2015 09:00:00 PM,1,1,0
12/14/2015 08:00:00 PM,5,4,1
12/14/2015 07:00:00 PM,6,3,3
12/14/2015 06:00:00 PM,7,3,4
12/14/2015 05:00:00 PM,4,2,2
12/14/2015 04:00:00 PM,6,4,2
12/14/2015 03:00:00 PM,7,6,1
12/14/2015 02:00:00 PM,9,6,3
12/14/2015 01:00:00 PM,7,3,4
12/14/2015 12:00:00 PM,5,1,4
12/14/2015 11:00:00 AM,4,2,2
12/14/2015 10:00:00 AM,0,0,0
12/14/2015 09:00:00 AM,11,7,4
12/14/2015 08:00:00 AM,13,7,6
12/14/2015 07:00:00 AM,6,0,6
12/14/2015 06:00:00 AM,2,0,2
12/14/2015 05:00:00 AM,1,0,1
12/14/2015 04:00:00 AM,0,0,0
12/14/2015 03:00:00 AM,0,0,0
12/14/2015 02:00:00 AM,0,0,0
12/14/2015 01:00:00 AM,0,0,0
12/14/2015 12:00:00 AM,0,0,0
12/13/2015 11:00:00 PM,0,0,0
12/13/2015 10:00:00 PM,1,0,1
12/13/2015 09:00:00 PM,0,0,0
12/13/2015 08:00:00 PM,0,0,0
12/13/2015 07:00:00 PM,0,0,0
12/13/2015 06:00:00 PM,0,0,0
12/13/2015 05:00:00 PM,6,2,4
12/13/2015 04:00:00 PM,2,2,0
12/13/2015 03:00:00 PM,4,3,1
12/13/2015 02:00:00 PM,8,3,5
12/13/2015 01:00:00 PM,4,2,2
12/13/2015 12:00:00 PM,3,3,0
12/13/2015 11:00:00 AM,2,0,2
12/13/2015 10:00:00 AM,4,1,3
12/13/2015 09:00:00 AM,2,1,1
12/13/2015 08:00:00 AM,2,1,1
12/13/2015 07:00:00 AM,0,0,0
12/13/2015 06:00:00 AM,0,0,0
12/13/2015 05:00:00 AM,0,0,0
12/13/2015 04:00:00 AM,0,0,0
12/13/2015 03:00:00 AM,0,0,0
12/13/2015 02:00:00 AM,0,0,0
12/13/2015 01:00:00 AM,0,0,0
12/13/2015 12:00:00 AM,1,0,1
12/12/2015 11:00:00 PM,2,2,0
12/12/2015 10:00:00 PM,0,0,0
12/12/2015 09:00:00 PM,0,0,0
12/12/2015 08:00:00 PM,2,1,1
12/12/2015 07:00:00 PM,2,1,1
12/12/2015 06:00:00 PM,4,1,3
12/12/2015 05:00:00 PM,5,3,2
12/12/2015 04:00:00 PM,1,1,0
12/12/2015 03:00:00 PM,3,3,0
12/12/2015 02:00:00 PM,4,2,2
12/12/2015 01:00:00 PM,3,1,2
12/12/2015 12:00:00 PM,6,5,1
12/12/2015 11:00:00 AM,3,1,2
12/12/2015 10:00:00 AM,3,2,1
12/12/2015 09:00:00 AM,1,0,1
12/12/2015 08:00:00 AM,0,0,0
12/12/2015 07:00:00 AM,0,0,0
12/12/2015 06:00:00 AM,1,0,1
12/12/2015 05:00:00 AM,0,0,0
12/12/2015 04:00:00 AM,0,0,0
12/12/2015 03:00:00 AM,0,0,0
12/12/2015 02:00:00 AM,0,0,0
12/12/2015 01:00:00 AM,0,0,0
12/12/2015 12:00:00 AM,3,0,3
12/11/2015 11:00:00 PM,4,3,1
12/11/2015 10:00:00 PM,0,0,0
12/11/2015 09:00:00 PM,0,0,0
12/11/2015 08:00:00 PM,1,0,1
12/11/2015 07:00:00 PM,5,3,2
12/11/2015 06:00:00 PM,12,7,5
12/11/2015 05:00:00 PM,7,4,3
12/11/2015 04:00:00 PM,12,6,6
12/11/2015 03:00:00 PM,6,4,2
12/11/2015 02:00:00 PM,12,7,5
12/11/2015 01:00:00 PM,3,0,3
12/11/2015 12:00:00 PM,3,2,1
12/11/2015 11:00:00 AM,8,4,4
12/11/2015 10:00:00 AM,6,4,2
12/11/2015 09:00:00 AM,5,2,3
12/11/2015 08:00:00 AM,9,4,5
12/11/2015 07:00:00 AM,6,6,0
12/11/2015 06:00:00 AM,2,0,2
12/11/2015 05:00:00 AM,0,0,0
12/11/2015 04:00:00 AM,0,0,0
12/11/2015 03:00:00 AM,0,0,0
12/11/2015 02:00:00 AM,3,1,2
12/11/2015 01:00:00 AM,0,0,0
12/11/2015 12:00:00 AM,1,0,1
12/10/2015 11:00:00 PM,0,0,0
12/10/2015 10:00:00 PM,1,1,0
12/10/2015 09:00:00 PM,1,1,0
12/10/2015 08:00:00 PM,0,0,0
12/10/2015 07:00:00 PM,4,2,2
12/10/2015 06:00:00 PM,6,4,2
12/10/2015 05:00:00 PM,4,2,2
12/10/2015 04:00:00 PM,2,1,1
12/10/2015 03:00:00 PM,4,2,2
12/10/2015 02:00:00 PM,1,1,0
12/10/2015 01:00:00 PM,1,1,0
12/10/2015 12:00:00 PM,2,2,0
12/10/2015 11:00:00 AM,3,2,1
12/10/2015 10:00:00 AM,0,0,0
12/10/2015 09:00:00 AM,5,5,0
12/10/2015 08:00:00 AM,3,1,2
12/10/2015 07:00:00 AM,3,1,2
12/10/2015 06:00:00 AM,3,1,2
12/10/2015 05:00:00 AM,0,0,0
12/10/2015 04:00:00 AM,0,0,0
12/10/2015 03:00:00 AM,1,0,1
12/10/2015 02:00:00 AM,0,0,0
12/10/2015 01:00:00 AM,0,0,0
12/10/2015 12:00:00 AM,1,0,1
12/09/2015 11:00:00 PM,0,0,0
12/09/2015 10:00:00 PM,2,1,1
12/09/2015 09:00:00 PM,4,3,1
12/09/2015 08:00:00 PM,5,2,3
12/09/2015 07:00:00 PM,10,7,3
12/09/2015 06:00:00 PM,4,3,1
12/09/2015 05:00:00 PM,7,4,3
12/09/2015 04:00:00 PM,3,2,1
12/09/2015 03:00:00 PM,2,1,1
12/09/2015 02:00:00 PM,9,3,6
12/09/2015 01:00:00 PM,6,1,5
12/09/2015 12:00:00 PM,9,6,3
12/09/2015 11:00:00 AM,4,0,4
12/09/2015 10:00:00 AM,3,2,1
12/09/2015 09:00:00 AM,11,9,2
12/09/2015 08:00:00 AM,5,4,1
12/09/2015 07:00:00 AM,4,3,1
12/09/2015 06:00:00 AM,3,0,3
12/09/2015 05:00:00 AM,0,0,0
12/09/2015 04:00:00 AM,0,0,0
12/09/2015 03:00:00 AM,0,0,0
12/09/2015 02:00:00 AM,1,0,1
12/09/2015 01:00:00 AM,1,1,0
12/09/2015 12:00:00 AM,2,2,0
12/08/2015 11:00:00 PM,0,0,0
12/08/2015 10:00:00 PM,0,0,0
12/08/2015 09:00:00 PM,2,1,1
12/08/2015 08:00:00 PM,1,1,0
12/08/2015 07:00:00 PM,1,1,0
12/08/2015 06:00:00 PM,6,1,5
12/08/2015 05:00:00 PM,2,2,0
12/08/2015 04:00:00 PM,5,4,1
12/08/2015 03:00:00 PM,4,2,2
12/08/2015 02:00:00 PM,1,0,1
12/08/2015 01:00:00 PM,0,0,0
12/08/2015 12:00:00 PM,0,0,0
12/08/2015 11:00:00 AM,4,2,2
12/08/2015 10:00:00 AM,5,3,2
12/08/2015 09:00:00 AM,7,2,5
12/08/2015 08:00:00 AM,5,2,3
12/08/2015 07:00:00 AM,2,2,0
12/08/2015 06:00:00 AM,4,0,4
12/08/2015 05:00:00 AM,0,0,0
12/08/2015 04:00:00 AM,0,0,0
12/08/2015 03:00:00 AM,0,0,0
12/08/2015 02:00:00 AM,1,0,1
12/08/2015 01:00:00 AM,1,0,1
12/08/2015 12:00:00 AM,0,0,0
12/07/2015 11:00:00 PM,0,0,0
12/07/2015 10:00:00 PM,0,0,0
12/07/2015 09:00:00 PM,4,3,1
12/07/2015 08:00:00 PM,4,1,3
12/07/2015 07:00:00 PM,4,1,3
12/07/2015 06:00:00 PM,5,2,3
12/07/2015 05:00:00 PM,9,7,2
12/07/2015 04:00:00 PM,9,6,3
12/07/2015 03:00:00 PM,1,1,0
12/07/2015 02:00:00 PM,6,3,3
12/07/2015 01:00:00 PM,1,0,1
12/07/2015 12:00:00 PM,7,7,0
12/07/2015 11:00:00 AM,3,1,2
12/07/2015 10:00:00 AM,1,1,0
12/07/2015 09:00:00 AM,11,7,4
12/07/2015 08:00:00 AM,7,3,4
12/07/2015 07:00:00 AM,5,5,0
12/07/2015 06:00:00 AM,4,1,3
12/07/2015 05:00:00 AM,1,0,1
12/07/2015 04:00:00 AM,0,0,0
12/07/2015 03:00:00 AM,0,0,0
12/07/2015 02:00:00 AM,1,1,0
12/07/2015 01:00:00 AM,0,0,0
12/07/2015 12:00:00 AM,0,0,0
12/06/2015 11:00:00 PM,0,0,0
12/06/2015 10:00:00 PM,0,0,0
12/06/2015 09:00:00 PM,0,0,0
12/06/2015 08:00:00 PM,1,0,1
12/06/2015 07:00:00 PM,2,1,1
12/06/2015 06:00:00 PM,5,4,1
12/06/2015 05:00:00 PM,2,2,0
12/06/2015 04:00:00 PM,6,2,4
12/06/2015 03:00:00 PM,12,7,5
12/06/2015 02:00:00 PM,6,2,4
12/06/2015 01:00:00 PM,5,1,4
12/06/2015 12:00:00 PM,5,3,2
12/06/2015 11:00:00 AM,5,3,2
12/06/2015 10:00:00 AM,5,2,3
12/06/2015 09:00:00 AM,4,1,3
12/06/2015 08:00:00 AM,3,2,1
12/06/2015 07:00:00 AM,2,2,0
12/06/2015 06:00:00 AM,1,0,1
12/06/2015 05:00:00 AM,0,0,0
12/06/2015 04:00:00 AM,0,0,0
12/06/2015 03:00:00 AM,0,0,0
12/06/2015 02:00:00 AM,0,0,0
12/06/2015 01:00:00 AM,0,0,0
12/06/2015 12:00:00 AM,1,0,1
12/05/2015 11:00:00 PM,0,0,0
12/05/2015 10:00:00 PM,0,0,0
12/05/2015 09:00:00 PM,0,0,0
12/05/2015 08:00:00 PM,0,0,0
12/05/2015 07:00:00 PM,2,1,1
12/05/2015 06:00:00 PM,4,3,1
12/05/2015 05:00:00 PM,4,2,2
12/05/2015 04:00:00 PM,6,4,2
12/05/2015 03:00:00 PM,1,0,1
12/05/2015 02:00:00 PM,0,0,0
12/05/2015 01:00:00 PM,1,0,1
12/05/2015 12:00:00 PM,1,0,1
12/05/2015 11:00:00 AM,3,0,3
12/05/2015 10:00:00 AM,0,0,0
12/05/2015 09:00:00 AM,3,2,1
12/05/2015 08:00:00 AM,2,1,1
12/05/2015 07:00:00 AM,0,0,0
12/05/2015 06:00:00 AM,2,2,0
12/05/2015 05:00:00 AM,0,0,0
12/05/2015 04:00:00 AM,0,0,0
12/05/2015 03:00:00 AM,0,0,0
12/05/2015 02:00:00 AM,0,0,0
12/05/2015 01:00:00 AM,0,0,0
12/05/2015 12:00:00 AM,2,0,2
12/04/2015 11:00:00 PM,2,1,1
12/04/2015 10:00:00 PM,2,0,2
12/04/2015 09:00:00 PM,0,0,0
12/04/2015 08:00:00 PM,2,0,2
12/04/2015 07:00:00 PM,2,0,2
12/04/2015 06:00:00 PM,5,0,5
12/04/2015 05:00:00 PM,16,10,6
12/04/2015 04:00:00 PM,7,4,3
12/04/2015 03:00:00 PM,5,3,2
12/04/2015 02:00:00 PM,2,1,1
12/04/2015 01:00:00 PM,11,7,4
12/04/2015 12:00:00 PM,2,2,0
12/04/2015 11:00:00 AM,3,2,1
12/04/2015 10:00:00 AM,3,3,0
12/04/2015 09:00:00 AM,5,3,2
12/04/2015 08:00:00 AM,9,4,5
12/04/2015 07:00:00 AM,2,2,0
12/04/2015 06:00:00 AM,2,0,2
12/04/2015 05:00:00 AM,1,1,0
12/04/2015 04:00:00 AM,0,0,0
12/04/2015 03:00:00 AM,0,0,0
12/04/2015 02:00:00 AM,1,0,1
12/04/2015 01:00:00 AM,0,0,0
12/04/2015 12:00:00 AM,0,0,0
12/03/2015 11:00:00 PM,0,0,0
12/03/2015 10:00:00 PM,0,0,0
12/03/2015 09:00:00 PM,1,1,0
12/03/2015 08:00:00 PM,3,3,0
12/03/2015 07:00:00 PM,4,2,2
12/03/2015 06:00:00 PM,3,2,1
12/03/2015 05:00:00 PM,8,2,6
12/03/2015 04:00:00 PM,3,3,0
12/03/2015 03:00:00 PM,6,4,2
12/03/2015 02:00:00 PM,6,3,3
12/03/2015 01:00:00 PM,5,0,5
12/03/2015 12:00:00 PM,4,3,1
12/03/2015 11:00:00 AM,6,2,4
12/03/2015 10:00:00 AM,1,1,0
12/03/2015 09:00:00 AM,3,1,2
12/03/2015 08:00:00 AM,3,2,1
12/03/2015 07:00:00 AM,8,5,3
12/03/2015 06:00:00 AM,4,2,2
12/03/2015 05:00:00 AM,0,0,0
12/03/2015 04:00:00 AM,0,0,0
12/03/2015 03:00:00 AM,2,1,1
12/03/2015 02:00:00 AM,0,0,0
12/03/2015 01:00:00 AM,2,2,0
12/03/2015 12:00:00 AM,0,0,0
12/02/2015 11:00:00 PM,2,1,1
12/02/2015 10:00:00 PM,5,3,2
12/02/2015 09:00:00 PM,5,2,3
12/02/2015 08:00:00 PM,1,0,1
12/02/2015 07:00:00 PM,6,3,3
12/02/2015 06:00:00 PM,6,0,6
12/02/2015 05:00:00 PM,7,7,0
12/02/2015 04:00:00 PM,9,7,2
12/02/2015 03:00:00 PM,3,2,1
12/02/2015 02:00:00 PM,5,3,2
12/02/2015 01:00:00 PM,5,4,1
12/02/2015 12:00:00 PM,2,1,1
12/02/2015 11:00:00 AM,7,3,4
12/02/2015 10:00:00 AM,7,4,3
12/02/2015 09:00:00 AM,10,5,5
12/02/2015 08:00:00 AM,2,2,0
12/02/2015 07:00:00 AM,9,7,2
12/02/2015 06:00:00 AM,2,0,2
12/02/2015 05:00:00 AM,0,0,0
12/02/2015 04:00:00 AM,1,0,1
12/02/2015 03:00:00 AM,1,1,0
12/02/2015 02:00:00 AM,0,0,0
12/02/2015 01:00:00 AM,0,0,0
12/02/2015 12:00:00 AM,1,1,0
12/01/2015 11:00:00 PM,2,0,2
12/01/2015 10:00:00 PM,2,1,1
12/01/2015 09:00:00 PM,1,1,0
12/01/2015 08:00:00 PM,1,0,1
12/01/2015 07:00:00 PM,8,4,4
12/01/2015 06:00:00 PM,12,4,8
12/01/2015 05:00:00 PM,8,4,4
12/01/2015 04:00:00 PM,7,3,4
12/01/2015 03:00:00 PM,7,5,2
12/01/2015 02:00:00 PM,2,1,1
12/01/2015 01:00:00 PM,1,0,1
12/01/2015 12:00:00 PM,6,4,2
12/01/2015 11:00:00 AM,5,1,4
12/01/2015 10:00:00 AM,3,1,2
12/01/2015 09:00:00 AM,14,6,8
12/01/2015 08:00:00 AM,6,3,3
12/01/2015 07:00:00 AM,5,5,0
12/01/2015 06:00:00 AM,2,0,2
12/01/2015 05:00:00 AM,1,0,1
12/01/2015 04:00:00 AM,1,0,1
12/01/2015 03:00:00 AM,1,1,0
12/01/2015 02:00:00 AM,1,0,1
12/01/2015 01:00:00 AM,0,0,0
12/01/2015 12:00:00 AM,1,0,1
11/30/2015 11:00:00 PM,1,0,1
11/30/2015 10:00:00 PM,2,1,1
11/30/2015 09:00:00 PM,2,2,0
11/30/2015 08:00:00 PM,3,1,2
11/30/2015 07:00:00 PM,2,2,0
11/30/2015 06:00:00 PM,9,1,8
11/30/2015 05:00:00 PM,7,6,1
11/30/2015 04:00:00 PM,5,2,3
11/30/2015 03:00:00 PM,6,3,3
11/30/2015 02:00:00 PM,8,4,4
11/30/2015 01:00:00 PM,5,1,4
11/30/2015 12:00:00 PM,8,3,5
11/30/2015 11:00:00 AM,2,1,1
11/30/2015 10:00:00 AM,4,3,1
11/30/2015 09:00:00 AM,4,2,2
11/30/2015 08:00:00 AM,8,5,3
11/30/2015 07:00:00 AM,6,4,2
11/30/2015 06:00:00 AM,2,0,2
11/30/2015 05:00:00 AM,0,0,0
11/30/2015 04:00:00 AM,0,0,0
11/30/2015 03:00:00 AM,0,0,0
11/30/2015 02:00:00 AM,0,0,0
11/30/2015 01:00:00 AM,0,0,0
11/30/2015 12:00:00 AM,0,0,0
11/29/2015 11:00:00 PM,1,0,1
11/29/2015 10:00:00 PM,0,0,0
11/29/2015 09:00:00 PM,0,0,0
11/29/2015 08:00:00 PM,2,1,1
11/29/2015 07:00:00 PM,3,2,1
11/29/2015 06:00:00 PM,4,2,2
11/29/2015 05:00:00 PM,2,0,2
11/29/2015 04:00:00 PM,8,3,5
11/29/2015 03:00:00 PM,10,8,2
11/29/2015 02:00:00 PM,6,3,3
11/29/2015 01:00:00 PM,7,2,5
11/29/2015 12:00:00 PM,4,3,1
11/29/2015 11:00:00 AM,22,1,21
11/29/2015 10:00:00 AM,5,4,1
11/29/2015 09:00:00 AM,9,2,7
11/29/2015 08:00:00 AM,1,0,1
11/29/2015 07:00:00 AM,1,1,0
11/29/2015 06:00:00 AM,0,0,0
11/29/2015 05:00:00 AM,0,0,0
11/29/2015 04:00:00 AM,0,0,0
11/29/2015 03:00:00 AM,1,1,0
11/29/2015 02:00:00 AM,0,0,0
11/29/2015 01:00:00 AM,2,0,2
11/29/2015 12:00:00 AM,0,0,0
11/28/2015 11:00:00 PM,4,1,3
11/28/2015 10:00:00 PM,2,2,0
11/28/2015 09:00:00 PM,3,3,0
11/28/2015 08:00:00 PM,0,0,0
11/28/2015 07:00:00 PM,1,0,1
11/28/2015 06:00:00 PM,2,0,2
11/28/2015 05:00:00 PM,7,4,3
11/28/2015 04:00:00 PM,9,4,5
11/28/2015 03:00:00 PM,4,2,2
11/28/2015 02:00:00 PM,10,6,4
11/28/2015 01:00:00 PM,5,3,2
11/28/2015 12:00:00 PM,3,2,1
11/28/2015 11:00:00 AM,7,4,3
11/28/2015 10:00:00 AM,7,5,2
11/28/2015 09:00:00 AM,4,1,3
11/28/2015 08:00:00 AM,4,1,3
11/28/2015 07:00:00 AM,0,0,0
11/28/2015 06:00:00 AM,0,0,0
11/28/2015 05:00:00 AM,0,0,0
11/28/2015 04:00:00 AM,1,0,1
11/28/2015 03:00:00 AM,0,0,0
11/28/2015 02:00:00 AM,0,0,0
11/28/2015 01:00:00 AM,1,0,1
11/28/2015 12:00:00 AM,0,0,0
11/27/2015 11:00:00 PM,1,1,0
11/27/2015 10:00:00 PM,2,0,2
11/27/2015 09:00:00 PM,0,0,0
11/27/2015 08:00:00 PM,4,3,1
11/27/2015 07:00:00 PM,0,0,0
11/27/2015 06:00:00 PM,1,1,0
11/27/2015 05:00:00 PM,3,1,2
11/27/2015 04:00:00 PM,7,3,4
11/27/2015 03:00:00 PM,4,2,2
11/27/2015 02:00:00 PM,1,1,0
11/27/2015 01:00:00 PM,10,5,5
11/27/2015 12:00:00 PM,11,4,7
11/27/2015 11:00:00 AM,3,1,2
11/27/2015 10:00:00 AM,2,1,1
11/27/2015 09:00:00 AM,4,2,2
11/27/2015 08:00:00 AM,0,0,0
11/27/2015 07:00:00 AM,0,0,0
11/27/2015 06:00:00 AM,0,0,0
11/27/2015 05:00:00 AM,0,0,0
11/27/2015 04:00:00 AM,0,0,0
11/27/2015 03:00:00 AM,0,0,0
11/27/2015 02:00:00 AM,0,0,0
11/27/2015 01:00:00 AM,0,0,0
11/27/2015 12:00:00 AM,3,0,3
11/26/2015 11:00:00 PM,0,0,0
11/26/2015 10:00:00 PM,1,1,0
11/26/2015 09:00:00 PM,0,0,0
11/26/2015 08:00:00 PM,2,2,0
11/26/2015 07:00:00 PM,0,0,0
11/26/2015 06:00:00 PM,5,4,1
11/26/2015 05:00:00 PM,4,0,4
11/26/2015 04:00:00 PM,0,0,0
11/26/2015 03:00:00 PM,1,0,1
11/26/2015 02:00:00 PM,6,3,3
11/26/2015 01:00:00 PM,4,2,2
11/26/2015 12:00:00 PM,4,2,2
11/26/2015 11:00:00 AM,8,1,7
11/26/2015 10:00:00 AM,2,1,1
11/26/2015 09:00:00 AM,0,0,0
11/26/2015 08:00:00 AM,1,1,0
11/26/2015 07:00:00 AM,0,0,0
11/26/2015 06:00:00 AM,0,0,0
11/26/2015 05:00:00 AM,0,0,0
11/26/2015 04:00:00 AM,0,0,0
11/26/2015 03:00:00 AM,1,0,1
11/26/2015 02:00:00 AM,2,1,1
11/26/2015 01:00:00 AM,0,0,0
11/26/2015 12:00:00 AM,0,0,0
11/25/2015 11:00:00 PM,0,0,0
11/25/2015 10:00:00 PM,2,0,2
11/25/2015 09:00:00 PM,0,0,0
11/25/2015 08:00:00 PM,1,1,0
11/25/2015 07:00:00 PM,1,0,1
11/25/2015 06:00:00 PM,9,6,3
11/25/2015 05:00:00 PM,7,2,5
11/25/2015 04:00:00 PM,14,6,8
11/25/2015 03:00:00 PM,7,5,2
11/25/2015 02:00:00 PM,5,2,3
11/25/2015 01:00:00 PM,6,1,5
11/25/2015 12:00:00 PM,6,3,3
11/25/2015 11:00:00 AM,7,3,4
11/25/2015 10:00:00 AM,9,4,5
11/25/2015 09:00:00 AM,4,3,1
11/25/2015 08:00:00 AM,5,1,4
11/25/2015 07:00:00 AM,11,6,5
11/25/2015 06:00:00 AM,2,1,1
11/25/2015 05:00:00 AM,1,0,1
11/25/2015 04:00:00 AM,1,0,1
11/25/2015 03:00:00 AM,0,0,0
11/25/2015 02:00:00 AM,0,0,0
11/25/2015 01:00:00 AM,0,0,0
11/25/2015 12:00:00 AM,1,0,1
11/24/2015 11:00:00 PM,0,0,0
11/24/2015 10:00:00 PM,1,1,0
11/24/2015 09:00:00 PM,1,1,0
11/24/2015 08:00:00 PM,4,1,3
11/24/2015 07:00:00 PM,7,6,1
11/24/2015 06:00:00 PM,7,1,6
11/24/2015 05:00:00 PM,5,2,3
11/24/2015 04:00:00 PM,3,1,2
11/24/2015 03:00:00 PM,4,2,2
11/24/2015 02:00:00 PM,6,1,5
11/24/2015 01:00:00 PM,6,3,3
11/24/2015 12:00:00 PM,11,8,3
11/24/2015 11:00:00 AM,4,2,2
11/24/2015 10:00:00 AM,5,2,3
11/24/2015 09:00:00 AM,6,2,4
11/24/2015 08:00:00 AM,2,1,1
11/24/2015 07:00:00 AM,4,4,0
11/24/2015 06:00:00 AM,5,4,1
11/24/2015 05:00:00 AM,5,1,4
11/24/2015 04:00:00 AM,1,0,1
11/24/2015 03:00:00 AM,0,0,0
11/24/2015 02:00:00 AM,0,0,0
11/24/2015 01:00:00 AM,0,0,0
11/24/2015 12:00:00 AM,0,0,0
11/23/2015 11:00:00 PM,1,1,0
11/23/2015 10:00:00 PM,2,1,1
11/23/2015 09:00:00 PM,0,0,0
11/23/2015 08:00:00 PM,4,2,2
11/23/2015 07:00:00 PM,3,1,2
11/23/2015 06:00:00 PM,7,3,4
11/23/2015 05:00:00 PM,9,6,3
11/23/2015 04:00:00 PM,6,4,2
11/23/2015 03:00:00 PM,0,0,0
11/23/2015 02:00:00 PM,6,6,0
11/23/2015 01:00:00 PM,1,0,1
11/23/2015 12:00:00 PM,4,3,1
11/23/2015 11:00:00 AM,3,0,3
11/23/2015 10:00:00 AM,8,2,6
11/23/2015 09:00:00 AM,3,0,3
11/23/2015 08:00:00 AM,11,6,5
11/23/2015 07:00:00 AM,4,2,2
11/23/2015 06:00:00 AM,2,0,2
11/23/2015 05:00:00 AM,1,0,1
11/23/2015 04:00:00 AM,2,1,1
11/23/2015 03:00:00 AM,0,0,0
11/23/2015 02:00:00 AM,0,0,0
11/23/2015 01:00:00 AM,0,0,0
11/23/2015 12:00:00 AM,0,0,0
11/22/2015 11:00:00 PM,1,0,1
11/22/2015 10:00:00 PM,0,0,0
11/22/2015 09:00:00 PM,1,0,1
11/22/2015 08:00:00 PM,6,4,2
11/22/2015 07:00:00 PM,4,2,2
11/22/2015 06:00:00 PM,1,1,0
11/22/2015 05:00:00 PM,4,0,4
11/22/2015 04:00:00 PM,12,6,6
11/22/2015 03:00:00 PM,10,5,5
11/22/2015 02:00:00 PM,14,8,6
11/22/2015 01:00:00 PM,12,5,7
11/22/2015 12:00:00 PM,21,16,5
11/22/2015 11:00:00 AM,22,3,19
11/22/2015 10:00:00 AM,2,1,1
11/22/2015 09:00:00 AM,9,4,5
11/22/2015 08:00:00 AM,0,0,0
11/22/2015 07:00:00 AM,2,1,1
11/22/2015 06:00:00 AM,0,0,0
11/22/2015 05:00:00 AM,0,0,0
11/22/2015 04:00:00 AM,0,0,0
11/22/2015 03:00:00 AM,0,0,0
11/22/2015 02:00:00 AM,0,0,0
11/22/2015 01:00:00 AM,1,0,1
11/22/2015 12:00:00 AM,2,0,2
11/21/2015 11:00:00 PM,3,3,0
11/21/2015 10:00:00 PM,2,0,2
11/21/2015 09:00:00 PM,0,0,0
11/21/2015 08:00:00 PM,4,1,3
11/21/2015 07:00:00 PM,1,1,0
11/21/2015 06:00:00 PM,1,1,0
11/21/2015 05:00:00 PM,7,1,6
11/21/2015 04:00:00 PM,14,7,7
11/21/2015 03:00:00 PM,15,8,7
11/21/2015 02:00:00 PM,13,7,6
11/21/2015 01:00:00 PM,13,5,8
11/21/2015 12:00:00 PM,15,9,6
11/21/2015 11:00:00 AM,15,0,15
11/21/2015 10:00:00 AM,4,1,3
11/21/2015 09:00:00 AM,9,2,7
11/21/2015 08:00:00 AM,1,1,0
11/21/2015 07:00:00 AM,0,0,0
11/21/2015 06:00:00 AM,0,0,0
11/21/2015 05:00:00 AM,0,0,0
11/21/2015 04:00:00 AM,2,1,1
11/21/2015 03:00:00 AM,0,0,0
11/21/2015 02:00:00 AM,0,0,0
11/21/2015 01:00:00 AM,1,1,0
11/21/2015 12:00:00 AM,2,1,1
11/20/2015 11:00:00 PM,1,0,1
11/20/2015 10:00:00 PM,1,0,1
11/20/2015 09:00:00 PM,9,6,3
11/20/2015 08:00:00 PM,0,0,0
11/20/2015 07:00:00 PM,5,3,2
11/20/2015 06:00:00 PM,7,2,5
11/20/2015 05:00:00 PM,12,8,4
11/20/2015 04:00:00 PM,11,7,4
11/20/2015 03:00:00 PM,6,5,1
11/20/2015 02:00:00 PM,7,2,5
11/20/2015 01:00:00 PM,18,7,11
11/20/2015 12:00:00 PM,7,2,5
11/20/2015 11:00:00 AM,5,2,3
11/20/2015 10:00:00 AM,8,5,3
11/20/2015 09:00:00 AM,5,2,3
11/20/2015 08:00:00 AM,7,4,3
11/20/2015 07:00:00 AM,4,2,2
11/20/2015 06:00:00 AM,2,0,2
11/20/2015 05:00:00 AM,1,0,1
11/20/2015 04:00:00 AM,1,1,0
11/20/2015 03:00:00 AM,0,0,0
11/20/2015 02:00:00 AM,0,0,0
11/20/2015 01:00:00 AM,0,0,0
11/20/2015 12:00:00 AM,1,0,1
11/19/2015 11:00:00 PM,0,0,0
11/19/2015 10:00:00 PM,1,1,0
11/19/2015 09:00:00 PM,2,2,0
11/19/2015 08:00:00 PM,3,1,2
11/19/2015 07:00:00 PM,6,3,3
11/19/2015 06:00:00 PM,7,1,6
11/19/2015 05:00:00 PM,10,9,1
11/19/2015 04:00:00 PM,11,5,6
11/19/2015 03:00:00 PM,9,4,5
11/19/2015 02:00:00 PM,3,1,2
11/19/2015 01:00:00 PM,4,2,2
11/19/2015 12:00:00 PM,10,6,4
11/19/2015 11:00:00 AM,7,3,4
11/19/2015 10:00:00 AM,6,3,3
11/19/2015 09:00:00 AM,5,2,3
11/19/2015 08:00:00 AM,10,8,2
11/19/2015 07:00:00 AM,3,2,1
11/19/2015 06:00:00 AM,4,0,4
11/19/2015 05:00:00 AM,0,0,0
11/19/2015 04:00:00 AM,1,0,1
11/19/2015 03:00:00 AM,0,0,0
11/19/2015 02:00:00 AM,0,0,0
11/19/2015 01:00:00 AM,0,0,0
11/19/2015 12:00:00 AM,1,0,1
11/18/2015 11:00:00 PM,2,1,1
11/18/2015 10:00:00 PM,1,0,1
11/18/2015 09:00:00 PM,0,0,0
11/18/2015 08:00:00 PM,2,2,0
11/18/2015 07:00:00 PM,6,4,2
11/18/2015 06:00:00 PM,19,8,11
11/18/2015 05:00:00 PM,15,7,8
11/18/2015 04:00:00 PM,8,6,2
11/18/2015 03:00:00 PM,2,2,0
11/18/2015 02:00:00 PM,4,2,2
11/18/2015 01:00:00 PM,7,2,5
11/18/2015 12:00:00 PM,8,5,3
11/18/2015 11:00:00 AM,3,2,1
11/18/2015 10:00:00 AM,7,3,4
11/18/2015 09:00:00 AM,4,1,3
11/18/2015 08:00:00 AM,6,4,2
11/18/2015 07:00:00 AM,15,7,8
11/18/2015 06:00:00 AM,6,0,6
11/18/2015 05:00:00 AM,0,0,0
11/18/2015 04:00:00 AM,0,0,0
11/18/2015 03:00:00 AM,0,0,0
11/18/2015 02:00:00 AM,0,0,0
11/18/2015 01:00:00 AM,0,0,0
11/18/2015 12:00:00 AM,0,0,0
11/17/2015 11:00:00 PM,0,0,0
11/17/2015 10:00:00 PM,2,1,1
11/17/2015 09:00:00 PM,0,0,0
11/17/2015 08:00:00 PM,3,2,1
11/17/2015 07:00:00 PM,4,4,0
11/17/2015 06:00:00 PM,7,1,6
11/17/2015 05:00:00 PM,4,3,1
11/17/2015 04:00:00 PM,1,1,0
11/17/2015 03:00:00 PM,6,1,5
11/17/2015 02:00:00 PM,4,2,2
11/17/2015 01:00:00 PM,4,3,1
11/17/2015 12:00:00 PM,2,1,1
11/17/2015 11:00:00 AM,4,1,3
11/17/2015 10:00:00 AM,1,1,0
11/17/2015 09:00:00 AM,5,1,4
11/17/2015 08:00:00 AM,6,2,4
11/17/2015 07:00:00 AM,3,2,1
11/17/2015 06:00:00 AM,1,0,1
11/17/2015 05:00:00 AM,0,0,0
11/17/2015 04:00:00 AM,0,0,0
11/17/2015 03:00:00 AM,2,2,0
11/17/2015 02:00:00 AM,0,0,0
11/17/2015 01:00:00 AM,0,0,0
11/17/2015 12:00:00 AM,0,0,0
11/16/2015 11:00:00 PM,1,0,1
11/16/2015 10:00:00 PM,1,1,0
11/16/2015 09:00:00 PM,1,1,0
11/16/2015 08:00:00 PM,4,1,3
11/16/2015 07:00:00 PM,3,2,1
11/16/2015 06:00:00 PM,8,2,6
11/16/2015 05:00:00 PM,8,4,4
11/16/2015 04:00:00 PM,4,3,1
11/16/2015 03:00:00 PM,1,1,0
11/16/2015 02:00:00 PM,1,1,0
11/16/2015 01:00:00 PM,3,1,2
11/16/2015 12:00:00 PM,1,0,1
11/16/2015 11:00:00 AM,2,1,1
11/16/2015 10:00:00 AM,3,2,1
11/16/2015 09:00:00 AM,6,2,4
11/16/2015 08:00:00 AM,6,2,4
11/16/2015 07:00:00 AM,6,3,3
11/16/2015 06:00:00 AM,2,0,2
11/16/2015 05:00:00 AM,0,0,0
11/16/2015 04:00:00 AM,0,0,0
11/16/2015 03:00:00 AM,0,0,0
11/16/2015 02:00:00 AM,0,0,0
11/16/2015 01:00:00 AM,0,0,0
11/16/2015 12:00:00 AM,0,0,0
11/15/2015 11:00:00 PM,0,0,0
11/15/2015 10:00:00 PM,2,0,2
11/15/2015 09:00:00 PM,2,1,1
11/15/2015 08:00:00 PM,4,3,1
11/15/2015 07:00:00 PM,5,4,1
11/15/2015 06:00:00 PM,6,3,3
11/15/2015 05:00:00 PM,8,5,3
11/15/2015 04:00:00 PM,7,2,5
11/15/2015 03:00:00 PM,10,4,6
11/15/2015 02:00:00 PM,9,7,2
11/15/2015 01:00:00 PM,11,7,4
11/15/2015 12:00:00 PM,9,4,5
11/15/2015 11:00:00 AM,9,1,8
11/15/2015 10:00:00 AM,5,4,1
11/15/2015 09:00:00 AM,5,2,3
11/15/2015 08:00:00 AM,0,0,0
11/15/2015 07:00:00 AM,0,0,0
11/15/2015 06:00:00 AM,1,0,1
11/15/2015 05:00:00 AM,0,0,0
11/15/2015 04:00:00 AM,0,0,0
11/15/2015 03:00:00 AM,0,0,0
11/15/2015 02:00:00 AM,0,0,0
11/15/2015 01:00:00 AM,2,1,1
11/15/2015 12:00:00 AM,0,0,0
11/14/2015 11:00:00 PM,2,1,1
11/14/2015 10:00:00 PM,0,0,0
11/14/2015 09:00:00 PM,1,1,0
11/14/2015 08:00:00 PM,2,2,0
11/14/2015 07:00:00 PM,3,0,3
11/14/2015 06:00:00 PM,1,1,0
11/14/2015 05:00:00 PM,5,3,2
11/14/2015 04:00:00 PM,2,1,1
11/14/2015 03:00:00 PM,2,1,1
11/14/2015 02:00:00 PM,3,3,0
11/14/2015 01:00:00 PM,4,4,0
11/14/2015 12:00:00 PM,6,1,5
11/14/2015 11:00:00 AM,5,1,4
11/14/2015 10:00:00 AM,5,2,3
11/14/2015 09:00:00 AM,4,2,2
11/14/2015 08:00:00 AM,0,0,0
11/14/2015 07:00:00 AM,5,1,4
11/14/2015 06:00:00 AM,4,2,2
11/14/2015 05:00:00 AM,0,0,0
11/14/2015 04:00:00 AM,0,0,0
11/14/2015 03:00:00 AM,0,0,0
11/14/2015 02:00:00 AM,0,0,0
11/14/2015 01:00:00 AM,2,1,1
11/14/2015 12:00:00 AM,0,0,0
11/13/2015 11:00:00 PM,1,1,0
11/13/2015 10:00:00 PM,3,3,0
11/13/2015 09:00:00 PM,4,2,2
11/13/2015 08:00:00 PM,0,0,0
11/13/2015 07:00:00 PM,3,1,2
11/13/2015 06:00:00 PM,7,1,6
11/13/2015 05:00:00 PM,1,1,0
11/13/2015 04:00:00 PM,3,3,0
11/13/2015 03:00:00 PM,0,0,0
11/13/2015 02:00:00 PM,1,1,0
11/13/2015 01:00:00 PM,1,1,0
11/13/2015 12:00:00 PM,0,0,0
11/13/2015 11:00:00 AM,2,2,0
11/13/2015 10:00:00 AM,3,1,2
11/13/2015 09:00:00 AM,1,1,0
11/13/2015 08:00:00 AM,7,2,5
11/13/2015 07:00:00 AM,2,1,1
11/13/2015 06:00:00 AM,2,0,2
11/13/2015 05:00:00 AM,1,0,1
11/13/2015 04:00:00 AM,0,0,0
11/13/2015 03:00:00 AM,0,0,0
11/13/2015 02:00:00 AM,1,1,0
11/13/2015 01:00:00 AM,0,0,0
11/13/2015 12:00:00 AM,0,0,0
11/12/2015 11:00:00 PM,2,1,1
11/12/2015 10:00:00 PM,2,2,0
11/12/2015 09:00:00 PM,1,1,0
11/12/2015 08:00:00 PM,2,2,0
11/12/2015 07:00:00 PM,6,3,3
11/12/2015 06:00:00 PM,4,1,3
11/12/2015 05:00:00 PM,3,2,1
11/12/2015 04:00:00 PM,4,3,1
11/12/2015 03:00:00 PM,4,3,1
11/12/2015 02:00:00 PM,4,2,2
11/12/2015 01:00:00 PM,5,4,1
11/12/2015 12:00:00 PM,12,9,3
11/12/2015 11:00:00 AM,12,5,7
11/12/2015 10:00:00 AM,5,1,4
11/12/2015 09:00:00 AM,4,2,2
11/12/2015 08:00:00 AM,13,6,7
11/12/2015 07:00:00 AM,4,2,2
11/12/2015 06:00:00 AM,2,0,2
11/12/2015 05:00:00 AM,0,0,0
11/12/2015 04:00:00 AM,0,0,0
11/12/2015 03:00:00 AM,1,0,1
11/12/2015 02:00:00 AM,0,0,0
11/12/2015 01:00:00 AM,1,1,0
11/12/2015 12:00:00 AM,0,0,0
11/11/2015 11:00:00 PM,2,1,1
11/11/2015 10:00:00 PM,0,0,0
11/11/2015 09:00:00 PM,6,3,3
11/11/2015 08:00:00 PM,2,0,2
11/11/2015 07:00:00 PM,3,2,1
11/11/2015 06:00:00 PM,9,5,4
11/11/2015 05:00:00 PM,14,10,4
11/11/2015 04:00:00 PM,3,2,1
11/11/2015 03:00:00 PM,11,8,3
11/11/2015 02:00:00 PM,4,2,2
11/11/2015 01:00:00 PM,10,6,4
11/11/2015 12:00:00 PM,15,10,5
11/11/2015 11:00:00 AM,10,4,6
11/11/2015 10:00:00 AM,15,5,10
11/11/2015 09:00:00 AM,7,5,2
11/11/2015 08:00:00 AM,2,1,1
11/11/2015 07:00:00 AM,7,4,3
11/11/2015 06:00:00 AM,3,0,3
11/11/2015 05:00:00 AM,0,0,0
11/11/2015 04:00:00 AM,0,0,0
11/11/2015 03:00:00 AM,0,0,0
11/11/2015 02:00:00 AM,0,0,0
11/11/2015 01:00:00 AM,0,0,0
11/11/2015 12:00:00 AM,0,0,0
11/10/2015 11:00:00 PM,0,0,0
11/10/2015 10:00:00 PM,2,2,0
11/10/2015 09:00:00 PM,3,1,2
11/10/2015 08:00:00 PM,5,3,2
11/10/2015 07:00:00 PM,7,3,4
11/10/2015 06:00:00 PM,8,2,6
11/10/2015 05:00:00 PM,8,5,3
11/10/2015 04:00:00 PM,11,5,6
11/10/2015 03:00:00 PM,5,2,3
11/10/2015 02:00:00 PM,8,6,2
11/10/2015 01:00:00 PM,6,1,5
11/10/2015 12:00:00 PM,10,4,6
11/10/2015 11:00:00 AM,5,1,4
11/10/2015 10:00:00 AM,3,1,2
11/10/2015 09:00:00 AM,16,6,10
11/10/2015 08:00:00 AM,8,2,6
11/10/2015 07:00:00 AM,8,6,2
11/10/2015 06:00:00 AM,1,0,1
11/10/2015 05:00:00 AM,2,0,2
11/10/2015 04:00:00 AM,0,0,0
11/10/2015 03:00:00 AM,0,0,0
11/10/2015 02:00:00 AM,0,0,0
11/10/2015 01:00:00 AM,1,0,1
11/10/2015 12:00:00 AM,0,0,0
11/09/2015 11:00:00 PM,1,0,1
11/09/2015 10:00:00 PM,2,2,0
11/09/2015 09:00:00 PM,3,1,2
11/09/2015 08:00:00 PM,9,7,2
11/09/2015 07:00:00 PM,7,2,5
11/09/2015 06:00:00 PM,4,1,3
11/09/2015 05:00:00 PM,8,3,5
11/09/2015 04:00:00 PM,5,1,4
11/09/2015 03:00:00 PM,3,2,1
11/09/2015 02:00:00 PM,7,4,3
11/09/2015 01:00:00 PM,4,0,4
11/09/2015 12:00:00 PM,6,4,2
11/09/2015 11:00:00 AM,2,1,1
11/09/2015 10:00:00 AM,1,0,1
11/09/2015 09:00:00 AM,8,4,4
11/09/2015 08:00:00 AM,8,4,4
11/09/2015 07:00:00 AM,4,4,0
11/09/2015 06:00:00 AM,5,3,2
11/09/2015 05:00:00 AM,2,0,2
11/09/2015 04:00:00 AM,0,0,0
11/09/2015 03:00:00 AM,0,0,0
11/09/2015 02:00:00 AM,0,0,0
11/09/2015 01:00:00 AM,1,0,1
11/09/2015 12:00:00 AM,0,0,0
11/08/2015 11:00:00 PM,0,0,0
11/08/2015 10:00:00 PM,2,2,0
11/08/2015 09:00:00 PM,2,0,2
11/08/2015 08:00:00 PM,3,3,0
11/08/2015 07:00:00 PM,1,1,0
11/08/2015 06:00:00 PM,3,2,1
11/08/2015 05:00:00 PM,2,2,0
11/08/2015 04:00:00 PM,14,7,7
11/08/2015 03:00:00 PM,7,4,3
11/08/2015 02:00:00 PM,15,6,9
11/08/2015 01:00:00 PM,8,4,4
11/08/2015 12:00:00 PM,8,4,4
11/08/2015 11:00:00 AM,5,3,2
11/08/2015 10:00:00 AM,3,2,1
11/08/2015 09:00:00 AM,3,0,3
11/08/2015 08:00:00 AM,2,1,1
11/08/2015 07:00:00 AM,1,1,0
11/08/2015 06:00:00 AM,0,0,0
11/08/2015 05:00:00 AM,0,0,0
11/08/2015 04:00:00 AM,0,0,0
11/08/2015 03:00:00 AM,0,0,0
11/08/2015 02:00:00 AM,0,0,0
11/08/2015 01:00:00 AM,1,0,1
11/08/2015 12:00:00 AM,0,0,0
11/07/2015 11:00:00 PM,1,1,0
11/07/2015 10:00:00 PM,0,0,0
11/07/2015 09:00:00 PM,0,0,0
11/07/2015 08:00:00 PM,1,0,1
11/07/2015 07:00:00 PM,3,2,1
11/07/2015 06:00:00 PM,1,1,0
11/07/2015 05:00:00 PM,4,3,1
11/07/2015 04:00:00 PM,5,1,4
11/07/2015 03:00:00 PM,1,1,0
11/07/2015 02:00:00 PM,2,2,0
11/07/2015 01:00:00 PM,4,2,2
11/07/2015 12:00:00 PM,3,0,3
11/07/2015 11:00:00 AM,1,0,1
11/07/2015 10:00:00 AM,1,0,1
11/07/2015 09:00:00 AM,0,0,0
11/07/2015 08:00:00 AM,2,2,0
11/07/2015 07:00:00 AM,0,0,0
11/07/2015 06:00:00 AM,1,0,1
11/07/2015 05:00:00 AM,0,0,0
11/07/2015 04:00:00 AM,0,0,0
11/07/2015 03:00:00 AM,1,0,1
11/07/2015 02:00:00 AM,0,0,0
11/07/2015 01:00:00 AM,0,0,0
11/07/2015 12:00:00 AM,1,0,1
11/06/2015 11:00:00 PM,1,0,1
11/06/2015 10:00:00 PM,1,0,1
11/06/2015 09:00:00 PM,0,0,0
11/06/2015 08:00:00 PM,2,0,2
11/06/2015 07:00:00 PM,5,5,0
11/06/2015 06:00:00 PM,9,6,3
11/06/2015 05:00:00 PM,10,3,7
11/06/2015 04:00:00 PM,8,6,2
11/06/2015 03:00:00 PM,1,1,0
11/06/2015 02:00:00 PM,2,2,0
11/06/2015 01:00:00 PM,15,4,11
11/06/2015 12:00:00 PM,9,2,7
11/06/2015 11:00:00 AM,5,4,1
11/06/2015 10:00:00 AM,6,4,2
11/06/2015 09:00:00 AM,11,6,5
11/06/2015 08:00:00 AM,5,5,0
11/06/2015 07:00:00 AM,3,3,0
11/06/2015 06:00:00 AM,5,1,4
11/06/2015 05:00:00 AM,0,0,0
11/06/2015 04:00:00 AM,0,0,0
11/06/2015 03:00:00 AM,0,0,0
11/06/2015 02:00:00 AM,1,1,0
11/06/2015 01:00:00 AM,0,0,0
11/06/2015 12:00:00 AM,0,0,0
11/05/2015 11:00:00 PM,1,1,0
11/05/2015 10:00:00 PM,2,2,0
11/05/2015 09:00:00 PM,6,5,1
11/05/2015 08:00:00 PM,3,0,3
11/05/2015 07:00:00 PM,7,4,3
11/05/2015 06:00:00 PM,15,5,10
11/05/2015 05:00:00 PM,11,3,8
11/05/2015 04:00:00 PM,9,5,4
11/05/2015 03:00:00 PM,11,5,6
11/05/2015 02:00:00 PM,3,1,2
11/05/2015 01:00:00 PM,4,1,3
11/05/2015 12:00:00 PM,5,5,0
11/05/2015 11:00:00 AM,3,3,0
11/05/2015 10:00:00 AM,6,3,3
11/05/2015 09:00:00 AM,7,5,2
11/05/2015 08:00:00 AM,10,5,5
11/05/2015 07:00:00 AM,9,9,0
11/05/2015 06:00:00 AM,2,0,2
11/05/2015 05:00:00 AM,0,0,0
11/05/2015 04:00:00 AM,2,1,1
11/05/2015 03:00:00 AM,1,0,1
11/05/2015 02:00:00 AM,0,0,0
11/05/2015 01:00:00 AM,0,0,0
11/05/2015 12:00:00 AM,0,0,0
11/04/2015 11:00:00 PM,3,1,2
11/04/2015 10:00:00 PM,3,2,1
11/04/2015 09:00:00 PM,2,2,0
11/04/2015 08:00:00 PM,6,3,3
11/04/2015 07:00:00 PM,5,3,2
11/04/2015 06:00:00 PM,13,5,8
11/04/2015 05:00:00 PM,24,9,15
11/04/2015 04:00:00 PM,14,8,6
11/04/2015 03:00:00 PM,11,4,7
11/04/2015 02:00:00 PM,7,7,0
11/04/2015 01:00:00 PM,12,7,5
11/04/2015 12:00:00 PM,13,4,9
11/04/2015 11:00:00 AM,5,2,3
11/04/2015 10:00:00 AM,4,1,3
11/04/2015 09:00:00 AM,9,4,5
11/04/2015 08:00:00 AM,5,1,4
11/04/2015 07:00:00 AM,6,4,2
11/04/2015 06:00:00 AM,6,2,4
11/04/2015 05:00:00 AM,1,0,1
11/04/2015 04:00:00 AM,0,0,0
11/04/2015 03:00:00 AM,1,0,1
11/04/2015 02:00:00 AM,0,0,0
11/04/2015 01:00:00 AM,0,0,0
11/04/2015 12:00:00 AM,3,2,1
11/03/2015 11:00:00 PM,0,0,0
11/03/2015 10:00:00 PM,1,1,0
11/03/2015 09:00:00 PM,3,3,0
11/03/2015 08:00:00 PM,8,4,4
11/03/2015 07:00:00 PM,24,9,15
11/03/2015 06:00:00 PM,18,8,10
11/03/2015 05:00:00 PM,25,14,11
11/03/2015 04:00:00 PM,13,3,10
11/03/2015 03:00:00 PM,9,3,6
11/03/2015 02:00:00 PM,15,7,8
11/03/2015 01:00:00 PM,11,3,8
11/03/2015 12:00:00 PM,8,5,3
11/03/2015 11:00:00 AM,6,3,3
11/03/2015 10:00:00 AM,6,2,4
11/03/2015 09:00:00 AM,10,2,8
11/03/2015 08:00:00 AM,15,5,10
11/03/2015 07:00:00 AM,17,7,10
11/03/2015 06:00:00 AM,3,1,2
11/03/2015 05:00:00 AM,1,0,1
11/03/2015 04:00:00 AM,1,1,0
11/03/2015 03:00:00 AM,1,0,1
11/03/2015 02:00:00 AM,0,0,0
11/03/2015 01:00:00 AM,1,0,1
11/03/2015 12:00:00 AM,0,0,0
11/02/2015 11:00:00 PM,0,0,0
11/02/2015 10:00:00 PM,0,0,0
11/02/2015 09:00:00 PM,10,5,5
11/02/2015 08:00:00 PM,3,1,2
11/02/2015 07:00:00 PM,6,3,3
11/02/2015 06:00:00 PM,5,2,3
11/02/2015 05:00:00 PM,21,11,10
11/02/2015 04:00:00 PM,19,6,13
11/02/2015 03:00:00 PM,10,6,4
11/02/2015 02:00:00 PM,12,8,4
11/02/2015 01:00:00 PM,12,6,6
11/02/2015 12:00:00 PM,6,3,3
11/02/2015 11:00:00 AM,7,3,4
11/02/2015 10:00:00 AM,2,1,1
11/02/2015 09:00:00 AM,5,1,4
11/02/2015 08:00:00 AM,13,7,6
11/02/2015 07:00:00 AM,9,7,2
11/02/2015 06:00:00 AM,2,0,2
11/02/2015 05:00:00 AM,1,0,1
11/02/2015 04:00:00 AM,1,0,1
11/02/2015 03:00:00 AM,1,0,1
11/02/2015 02:00:00 AM,1,0,1
11/02/2015 01:00:00 AM,1,1,0
11/02/2015 12:00:00 AM,0,0,0
11/01/2015 11:00:00 PM,3,0,3
11/01/2015 10:00:00 PM,0,0,0
11/01/2015 09:00:00 PM,0,0,0
11/01/2015 08:00:00 PM,1,1,0
11/01/2015 07:00:00 PM,1,1,0
11/01/2015 06:00:00 PM,9,5,4
11/01/2015 05:00:00 PM,1,0,1
11/01/2015 04:00:00 PM,2,0,2
11/01/2015 03:00:00 PM,3,2,1
11/01/2015 02:00:00 PM,8,6,2
11/01/2015 01:00:00 PM,5,3,2
11/01/2015 12:00:00 PM,6,2,4
11/01/2015 11:00:00 AM,6,2,4
11/01/2015 10:00:00 AM,5,2,3
11/01/2015 09:00:00 AM,9,2,7
11/01/2015 08:00:00 AM,5,2,3
11/01/2015 07:00:00 AM,3,1,2
11/01/2015 06:00:00 AM,1,1,0
11/01/2015 05:00:00 AM,0,0,0
11/01/2015 04:00:00 AM,1,0,1
11/01/2015 03:00:00 AM,0,0,0
11/01/2015 02:00:00 AM,0,0,0
11/01/2015 01:00:00 AM,0,0,0
11/01/2015 12:00:00 AM,1,0,1
10/31/2015 11:00:00 PM,2,0,2
10/31/2015 10:00:00 PM,2,2,0
10/31/2015 09:00:00 PM,0,0,0
10/31/2015 08:00:00 PM,1,1,0
10/31/2015 07:00:00 PM,2,2,0
10/31/2015 06:00:00 PM,1,0,1
10/31/2015 05:00:00 PM,3,0,3
10/31/2015 04:00:00 PM,4,2,2
10/31/2015 03:00:00 PM,8,4,4
10/31/2015 02:00:00 PM,10,2,8
10/31/2015 01:00:00 PM,2,0,2
10/31/2015 12:00:00 PM,1,1,0
10/31/2015 11:00:00 AM,3,1,2
10/31/2015 10:00:00 AM,0,0,0
10/31/2015 09:00:00 AM,4,0,4
10/31/2015 08:00:00 AM,1,1,0
10/31/2015 07:00:00 AM,0,0,0
10/31/2015 06:00:00 AM,0,0,0
10/31/2015 05:00:00 AM,3,2,1
10/31/2015 04:00:00 AM,3,1,2
10/31/2015 03:00:00 AM,0,0,0
10/31/2015 02:00:00 AM,0,0,0
10/31/2015 01:00:00 AM,0,0,0
10/31/2015 12:00:00 AM,0,0,0
10/30/2015 11:00:00 PM,1,0,1
10/30/2015 10:00:00 PM,1,0,1
10/30/2015 09:00:00 PM,1,1,0
10/30/2015 08:00:00 PM,2,2,0
10/30/2015 07:00:00 PM,2,1,1
10/30/2015 06:00:00 PM,2,1,1
10/30/2015 05:00:00 PM,5,3,2
10/30/2015 04:00:00 PM,9,4,5
10/30/2015 03:00:00 PM,5,2,3
10/30/2015 02:00:00 PM,8,2,6
10/30/2015 01:00:00 PM,8,4,4
10/30/2015 12:00:00 PM,5,2,3
10/30/2015 11:00:00 AM,2,2,0
10/30/2015 10:00:00 AM,5,1,4
10/30/2015 09:00:00 AM,4,1,3
10/30/2015 08:00:00 AM,4,2,2
10/30/2015 07:00:00 AM,6,3,3
10/30/2015 06:00:00 AM,0,0,0
10/30/2015 05:00:00 AM,0,0,0
10/30/2015 04:00:00 AM,0,0,0
10/30/2015 03:00:00 AM,0,0,0
10/30/2015 02:00:00 AM,0,0,0
10/30/2015 01:00:00 AM,0,0,0
10/30/2015 12:00:00 AM,1,0,1
10/29/2015 11:00:00 PM,2,2,0
10/29/2015 10:00:00 PM,4,1,3
10/29/2015 09:00:00 PM,4,4,0
10/29/2015 08:00:00 PM,5,2,3
10/29/2015 07:00:00 PM,9,2,7
10/29/2015 06:00:00 PM,8,2,6
10/29/2015 05:00:00 PM,9,4,5
10/29/2015 04:00:00 PM,5,3,2
10/29/2015 03:00:00 PM,4,2,2
10/29/2015 02:00:00 PM,4,1,3
10/29/2015 01:00:00 PM,2,1,1
10/29/2015 12:00:00 PM,4,2,2
10/29/2015 11:00:00 AM,4,0,4
10/29/2015 10:00:00 AM,3,3,0
10/29/2015 09:00:00 AM,5,4,1
10/29/2015 08:00:00 AM,5,3,2
10/29/2015 07:00:00 AM,5,3,2
10/29/2015 06:00:00 AM,4,0,4
10/29/2015 05:00:00 AM,1,0,1
10/29/2015 04:00:00 AM,3,2,1
10/29/2015 03:00:00 AM,0,0,0
10/29/2015 02:00:00 AM,0,0,0
10/29/2015 01:00:00 AM,2,1,1
10/29/2015 12:00:00 AM,0,0,0
10/28/2015 11:00:00 PM,4,2,2
10/28/2015 10:00:00 PM,0,0,0
10/28/2015 09:00:00 PM,3,2,1
10/28/2015 08:00:00 PM,4,3,1
10/28/2015 07:00:00 PM,9,7,2
10/28/2015 06:00:00 PM,8,2,6
10/28/2015 05:00:00 PM,22,10,12
10/28/2015 04:00:00 PM,5,2,3
10/28/2015 03:00:00 PM,5,4,1
10/28/2015 02:00:00 PM,1,0,1
10/28/2015 01:00:00 PM,8,6,2
10/28/2015 12:00:00 PM,5,3,2
10/28/2015 11:00:00 AM,6,1,5
10/28/2015 10:00:00 AM,4,3,1
10/28/2015 09:00:00 AM,6,3,3
10/28/2015 08:00:00 AM,4,1,3
10/28/2015 07:00:00 AM,5,2,3
10/28/2015 06:00:00 AM,2,0,2
10/28/2015 05:00:00 AM,0,0,0
10/28/2015 04:00:00 AM,2,1,1
10/28/2015 03:00:00 AM,1,1,0
10/28/2015 02:00:00 AM,2,0,2
10/28/2015 01:00:00 AM,0,0,0
10/28/2015 12:00:00 AM,2,0,2
10/27/2015 11:00:00 PM,2,1,1
10/27/2015 10:00:00 PM,2,2,0
10/27/2015 09:00:00 PM,5,3,2
10/27/2015 08:00:00 PM,8,6,2
10/27/2015 07:00:00 PM,7,2,5
10/27/2015 06:00:00 PM,15,7,8
10/27/2015 05:00:00 PM,16,7,9
10/27/2015 04:00:00 PM,12,8,4
10/27/2015 03:00:00 PM,11,7,4
10/27/2015 02:00:00 PM,4,0,4
10/27/2015 01:00:00 PM,9,4,5
10/27/2015 12:00:00 PM,9,5,4
10/27/2015 11:00:00 AM,6,5,1
10/27/2015 10:00:00 AM,7,0,7
10/27/2015 09:00:00 AM,8,5,3
10/27/2015 08:00:00 AM,10,5,5
10/27/2015 07:00:00 AM,9,5,4
10/27/2015 06:00:00 AM,3,0,3
10/27/2015 05:00:00 AM,0,0,0
10/27/2015 04:00:00 AM,1,0,1
10/27/2015 03:00:00 AM,0,0,0
10/27/2015 02:00:00 AM,1,0,1
10/27/2015 01:00:00 AM,0,0,0
10/27/2015 12:00:00 AM,0,0,0
10/26/2015 11:00:00 PM,0,0,0
10/26/2015 10:00:00 PM,3,2,1
10/26/2015 09:00:00 PM,0,0,0
10/26/2015 08:00:00 PM,2,1,1
10/26/2015 07:00:00 PM,4,3,1
10/26/2015 06:00:00 PM,5,4,1
10/26/2015 05:00:00 PM,17,8,9
10/26/2015 04:00:00 PM,6,4,2
10/26/2015 03:00:00 PM,7,5,2
10/26/2015 02:00:00 PM,6,2,4
10/26/2015 01:00:00 PM,3,2,1
10/26/2015 12:00:00 PM,3,0,3
10/26/2015 11:00:00 AM,0,0,0
10/26/2015 10:00:00 AM,5,0,5
10/26/2015 09:00:00 AM,3,1,2
10/26/2015 08:00:00 AM,10,4,6
10/26/2015 07:00:00 AM,8,6,2
10/26/2015 06:00:00 AM,2,0,2
10/26/2015 05:00:00 AM,1,0,1
10/26/2015 04:00:00 AM,0,0,0
10/26/2015 03:00:00 AM,0,0,0
10/26/2015 02:00:00 AM,0,0,0
10/26/2015 01:00:00 AM,0,0,0
10/26/2015 12:00:00 AM,0,0,0
10/25/2015 11:00:00 PM,0,0,0
10/25/2015 10:00:00 PM,0,0,0
10/25/2015 09:00:00 PM,1,0,1
10/25/2015 08:00:00 PM,3,3,0
10/25/2015 07:00:00 PM,1,1,0
10/25/2015 06:00:00 PM,4,2,2
10/25/2015 05:00:00 PM,6,0,6
10/25/2015 04:00:00 PM,7,4,3
10/25/2015 03:00:00 PM,16,11,5
10/25/2015 02:00:00 PM,19,6,13
10/25/2015 01:00:00 PM,13,9,4
10/25/2015 12:00:00 PM,17,8,9
10/25/2015 11:00:00 AM,11,6,5
10/25/2015 10:00:00 AM,13,3,10
10/25/2015 09:00:00 AM,3,2,1
10/25/2015 08:00:00 AM,5,3,2
10/25/2015 07:00:00 AM,0,0,0
10/25/2015 06:00:00 AM,1,0,1
10/25/2015 05:00:00 AM,0,0,0
10/25/2015 04:00:00 AM,0,0,0
10/25/2015 03:00:00 AM,0,0,0
10/25/2015 02:00:00 AM,0,0,0
10/25/2015 01:00:00 AM,0,0,0
10/25/2015 12:00:00 AM,0,0,0
10/24/2015 11:00:00 PM,2,1,1
10/24/2015 10:00:00 PM,0,0,0
10/24/2015 09:00:00 PM,2,2,0
10/24/2015 08:00:00 PM,3,3,0
10/24/2015 07:00:00 PM,2,1,1
10/24/2015 06:00:00 PM,8,4,4
10/24/2015 05:00:00 PM,10,3,7
10/24/2015 04:00:00 PM,16,10,6
10/24/2015 03:00:00 PM,16,7,9
10/24/2015 02:00:00 PM,11,5,6
10/24/2015 01:00:00 PM,10,3,7
10/24/2015 12:00:00 PM,10,5,5
10/24/2015 11:00:00 AM,7,5,2
10/24/2015 10:00:00 AM,18,10,8
10/24/2015 09:00:00 AM,51,0,51
10/24/2015 08:00:00 AM,2,1,1
10/24/2015 07:00:00 AM,0,0,0
10/24/2015 06:00:00 AM,0,0,0
10/24/2015 05:00:00 AM,1,1,0
10/24/2015 04:00:00 AM,0,0,0
10/24/2015 03:00:00 AM,1,0,1
10/24/2015 02:00:00 AM,1,0,1
10/24/2015 01:00:00 AM,1,1,0
10/24/2015 12:00:00 AM,2,1,1
10/23/2015 11:00:00 PM,0,0,0
10/23/2015 10:00:00 PM,7,4,3
10/23/2015 09:00:00 PM,1,1,0
10/23/2015 08:00:00 PM,6,6,0
10/23/2015 07:00:00 PM,6,3,3
10/23/2015 06:00:00 PM,10,7,3
10/23/2015 05:00:00 PM,18,10,8
10/23/2015 04:00:00 PM,6,3,3
10/23/2015 03:00:00 PM,4,2,2
10/23/2015 02:00:00 PM,8,3,5
10/23/2015 01:00:00 PM,6,3,3
10/23/2015 12:00:00 PM,5,2,3
10/23/2015 11:00:00 AM,9,7,2
10/23/2015 10:00:00 AM,5,2,3
10/23/2015 09:00:00 AM,8,4,4
10/23/2015 08:00:00 AM,11,7,4
10/23/2015 07:00:00 AM,6,4,2
10/23/2015 06:00:00 AM,4,2,2
10/23/2015 05:00:00 AM,0,0,0
10/23/2015 04:00:00 AM,2,1,1
10/23/2015 03:00:00 AM,1,0,1
10/23/2015 02:00:00 AM,1,0,1
10/23/2015 01:00:00 AM,1,1,0
10/23/2015 12:00:00 AM,1,1,0
10/22/2015 11:00:00 PM,1,0,1
10/22/2015 10:00:00 PM,2,2,0
10/22/2015 09:00:00 PM,3,2,1
10/22/2015 08:00:00 PM,8,4,4
10/22/2015 07:00:00 PM,4,3,1
10/22/2015 06:00:00 PM,10,6,4
10/22/2015 05:00:00 PM,20,7,13
10/22/2015 04:00:00 PM,10,3,7
10/22/2015 03:00:00 PM,10,7,3
10/22/2015 02:00:00 PM,10,5,5
10/22/2015 01:00:00 PM,4,2,2
10/22/2015 12:00:00 PM,7,3,4
10/22/2015 11:00:00 AM,3,1,2
10/22/2015 10:00:00 AM,7,6,1
10/22/2015 09:00:00 AM,6,5,1
10/22/2015 08:00:00 AM,13,6,7
10/22/2015 07:00:00 AM,6,4,2
10/22/2015 06:00:00 AM,6,1,5
10/22/2015 05:00:00 AM,0,0,0
10/22/2015 04:00:00 AM,1,1,0
10/22/2015 03:00:00 AM,0,0,0
10/22/2015 02:00:00 AM,0,0,0
10/22/2015 01:00:00 AM,0,0,0
10/22/2015 12:00:00 AM,0,0,0
10/21/2015 11:00:00 PM,3,0,3
10/21/2015 10:00:00 PM,1,0,1
10/21/2015 09:00:00 PM,2,0,2
10/21/2015 08:00:00 PM,2,1,1
10/21/2015 07:00:00 PM,8,5,3
10/21/2015 06:00:00 PM,14,6,8
10/21/2015 05:00:00 PM,14,5,9
10/21/2015 04:00:00 PM,5,4,1
10/21/2015 03:00:00 PM,10,7,3
10/21/2015 02:00:00 PM,11,9,2
10/21/2015 01:00:00 PM,6,5,1
10/21/2015 12:00:00 PM,6,3,3
10/21/2015 11:00:00 AM,5,3,2
10/21/2015 10:00:00 AM,6,2,4
10/21/2015 09:00:00 AM,8,3,5
10/21/2015 08:00:00 AM,7,3,4
10/21/2015 07:00:00 AM,8,6,2
10/21/2015 06:00:00 AM,2,0,2
10/21/2015 05:00:00 AM,0,0,0
10/21/2015 04:00:00 AM,0,0,0
10/21/2015 03:00:00 AM,0,0,0
10/21/2015 02:00:00 AM,0,0,0
10/21/2015 01:00:00 AM,0,0,0
10/21/2015 12:00:00 AM,0,0,0
10/20/2015 11:00:00 PM,0,0,0
10/20/2015 10:00:00 PM,2,1,1
10/20/2015 09:00:00 PM,3,3,0
10/20/2015 08:00:00 PM,2,1,1
10/20/2015 07:00:00 PM,18,9,9
10/20/2015 06:00:00 PM,13,3,10
10/20/2015 05:00:00 PM,22,13,9
10/20/2015 04:00:00 PM,18,14,4
10/20/2015 03:00:00 PM,5,3,2
10/20/2015 02:00:00 PM,4,2,2
10/20/2015 01:00:00 PM,12,6,6
10/20/2015 12:00:00 PM,9,5,4
10/20/2015 11:00:00 AM,14,7,7
10/20/2015 10:00:00 AM,3,0,3
10/20/2015 09:00:00 AM,11,5,6
10/20/2015 08:00:00 AM,18,10,8
10/20/2015 07:00:00 AM,8,7,1
10/20/2015 06:00:00 AM,4,1,3
10/20/2015 05:00:00 AM,1,0,1
10/20/2015 04:00:00 AM,0,0,0
10/20/2015 03:00:00 AM,0,0,0
10/20/2015 02:00:00 AM,0,0,0
10/20/2015 01:00:00 AM,1,0,1
10/20/2015 12:00:00 AM,0,0,0
10/19/2015 11:00:00 PM,0,0,0
10/19/2015 10:00:00 PM,1,0,1
10/19/2015 09:00:00 PM,4,4,0
10/19/2015 08:00:00 PM,1,1,0
10/19/2015 07:00:00 PM,6,2,4
10/19/2015 06:00:00 PM,9,3,6
10/19/2015 05:00:00 PM,5,3,2
10/19/2015 04:00:00 PM,17,13,4
10/19/2015 03:00:00 PM,3,0,3
10/19/2015 02:00:00 PM,9,4,5
10/19/2015 01:00:00 PM,5,4,1
10/19/2015 12:00:00 PM,10,5,5
10/19/2015 11:00:00 AM,8,3,5
10/19/2015 10:00:00 AM,10,5,5
10/19/2015 09:00:00 AM,10,7,3
10/19/2015 08:00:00 AM,6,4,2
10/19/2015 07:00:00 AM,7,5,2
10/19/2015 06:00:00 AM,4,1,3
10/19/2015 05:00:00 AM,2,1,1
10/19/2015 04:00:00 AM,0,0,0
10/19/2015 03:00:00 AM,2,0,2
10/19/2015 02:00:00 AM,0,0,0
10/19/2015 01:00:00 AM,0,0,0
10/19/2015 12:00:00 AM,0,0,0
10/18/2015 11:00:00 PM,2,0,2
10/18/2015 10:00:00 PM,0,0,0
10/18/2015 09:00:00 PM,1,1,0
10/18/2015 08:00:00 PM,3,0,3
10/18/2015 07:00:00 PM,8,4,4
10/18/2015 06:00:00 PM,8,5,3
10/18/2015 05:00:00 PM,3,0,3
10/18/2015 04:00:00 PM,13,5,8
10/18/2015 03:00:00 PM,3,2,1
10/18/2015 02:00:00 PM,8,3,5
10/18/2015 01:00:00 PM,8,1,7
10/18/2015 12:00:00 PM,13,9,4
10/18/2015 11:00:00 AM,7,2,5
10/18/2015 10:00:00 AM,6,3,3
10/18/2015 09:00:00 AM,7,3,4
10/18/2015 08:00:00 AM,1,1,0
10/18/2015 07:00:00 AM,0,0,0
10/18/2015 06:00:00 AM,0,0,0
10/18/2015 05:00:00 AM,1,0,1
10/18/2015 04:00:00 AM,1,0,1
10/18/2015 03:00:00 AM,3,0,3
10/18/2015 02:00:00 AM,1,0,1
10/18/2015 01:00:00 AM,0,0,0
10/18/2015 12:00:00 AM,0,0,0
10/17/2015 11:00:00 PM,0,0,0
10/17/2015 10:00:00 PM,2,1,1
10/17/2015 09:00:00 PM,3,1,2
10/17/2015 08:00:00 PM,2,1,1
10/17/2015 07:00:00 PM,1,1,0
10/17/2015 06:00:00 PM,5,1,4
10/17/2015 05:00:00 PM,12,9,3
10/17/2015 04:00:00 PM,11,4,7
10/17/2015 03:00:00 PM,10,8,2
10/17/2015 02:00:00 PM,15,9,6
10/17/2015 01:00:00 PM,22,10,12
10/17/2015 12:00:00 PM,18,9,9
10/17/2015 11:00:00 AM,18,5,13
10/17/2015 10:00:00 AM,20,13,7
10/17/2015 09:00:00 AM,9,7,2
10/17/2015 08:00:00 AM,5,2,3
10/17/2015 07:00:00 AM,0,0,0
10/17/2015 06:00:00 AM,1,0,1
10/17/2015 05:00:00 AM,0,0,0
10/17/2015 04:00:00 AM,3,2,1
10/17/2015 03:00:00 AM,0,0,0
10/17/2015 02:00:00 AM,0,0,0
10/17/2015 01:00:00 AM,0,0,0
10/17/2015 12:00:00 AM,1,0,1
10/16/2015 11:00:00 PM,2,2,0
10/16/2015 10:00:00 PM,5,4,1
10/16/2015 09:00:00 PM,1,1,0
10/16/2015 08:00:00 PM,8,6,2
10/16/2015 07:00:00 PM,10,4,6
10/16/2015 06:00:00 PM,16,9,7
10/16/2015 05:00:00 PM,24,11,13
10/16/2015 04:00:00 PM,16,10,6
10/16/2015 03:00:00 PM,11,5,6
10/16/2015 02:00:00 PM,10,4,6
10/16/2015 01:00:00 PM,6,3,3
10/16/2015 12:00:00 PM,3,1,2
10/16/2015 11:00:00 AM,7,6,1
10/16/2015 10:00:00 AM,13,6,7
10/16/2015 09:00:00 AM,13,10,3
10/16/2015 08:00:00 AM,11,4,7
10/16/2015 07:00:00 AM,4,4,0
10/16/2015 06:00:00 AM,0,0,0
10/16/2015 05:00:00 AM,1,0,1
10/16/2015 04:00:00 AM,0,0,0
10/16/2015 03:00:00 AM,0,0,0
10/16/2015 02:00:00 AM,0,0,0
10/16/2015 01:00:00 AM,1,1,0
10/16/2015 12:00:00 AM,0,0,0
10/15/2015 11:00:00 PM,0,0,0
10/15/2015 10:00:00 PM,2,2,0
10/15/2015 09:00:00 PM,4,3,1
10/15/2015 08:00:00 PM,4,1,3
10/15/2015 07:00:00 PM,15,8,7
10/15/2015 06:00:00 PM,12,6,6
10/15/2015 05:00:00 PM,16,7,9
10/15/2015 04:00:00 PM,17,8,9
10/15/2015 03:00:00 PM,7,3,4
10/15/2015 02:00:00 PM,7,4,3
10/15/2015 01:00:00 PM,15,9,6
10/15/2015 12:00:00 PM,10,5,5
10/15/2015 11:00:00 AM,8,5,3
10/15/2015 10:00:00 AM,9,7,2
10/15/2015 09:00:00 AM,7,5,2
10/15/2015 08:00:00 AM,10,6,4
10/15/2015 07:00:00 AM,13,7,6
10/15/2015 06:00:00 AM,1,0,1
10/15/2015 05:00:00 AM,1,0,1
10/15/2015 04:00:00 AM,0,0,0
10/15/2015 03:00:00 AM,0,0,0
10/15/2015 02:00:00 AM,0,0,0
10/15/2015 01:00:00 AM,0,0,0
10/15/2015 12:00:00 AM,0,0,0
10/14/2015 11:00:00 PM,3,1,2
10/14/2015 10:00:00 PM,2,0,2
10/14/2015 09:00:00 PM,3,3,0
10/14/2015 08:00:00 PM,8,7,1
10/14/2015 07:00:00 PM,7,3,4
10/14/2015 06:00:00 PM,19,5,14
10/14/2015 05:00:00 PM,13,8,5
10/14/2015 04:00:00 PM,3,2,1
10/14/2015 03:00:00 PM,8,2,6
10/14/2015 02:00:00 PM,11,6,5
10/14/2015 01:00:00 PM,1,1,0
10/14/2015 12:00:00 PM,9,4,5
10/14/2015 11:00:00 AM,4,2,2
10/14/2015 10:00:00 AM,7,2,5
10/14/2015 09:00:00 AM,11,8,3
10/14/2015 08:00:00 AM,14,9,5
10/14/2015 07:00:00 AM,10,7,3
10/14/2015 06:00:00 AM,1,0,1
10/14/2015 05:00:00 AM,1,0,1
10/14/2015 04:00:00 AM,0,0,0
10/14/2015 03:00:00 AM,0,0,0
10/14/2015 02:00:00 AM,0,0,0
10/14/2015 01:00:00 AM,0,0,0
10/14/2015 12:00:00 AM,0,0,0
10/13/2015 11:00:00 PM,2,1,1
10/13/2015 10:00:00 PM,5,5,0
10/13/2015 09:00:00 PM,6,4,2
10/13/2015 08:00:00 PM,3,3,0
10/13/2015 07:00:00 PM,12,6,6
10/13/2015 06:00:00 PM,13,7,6
10/13/2015 05:00:00 PM,25,10,15
10/13/2015 04:00:00 PM,8,5,3
10/13/2015 03:00:00 PM,8,3,5
10/13/2015 02:00:00 PM,7,2,5
10/13/2015 01:00:00 PM,6,4,2
10/13/2015 12:00:00 PM,19,12,7
10/13/2015 11:00:00 AM,8,4,4
10/13/2015 10:00:00 AM,4,3,1
10/13/2015 09:00:00 AM,8,3,5
10/13/2015 08:00:00 AM,11,6,5
10/13/2015 07:00:00 AM,10,6,4
10/13/2015 06:00:00 AM,2,2,0
10/13/2015 05:00:00 AM,1,0,1
10/13/2015 04:00:00 AM,0,0,0
10/13/2015 03:00:00 AM,0,0,0
10/13/2015 02:00:00 AM,0,0,0
10/13/2015 01:00:00 AM,0,0,0
10/13/2015 12:00:00 AM,0,0,0
10/12/2015 11:00:00 PM,1,0,1
10/12/2015 10:00:00 PM,3,1,2
10/12/2015 09:00:00 PM,0,0,0
10/12/2015 08:00:00 PM,5,4,1
10/12/2015 07:00:00 PM,3,0,3
10/12/2015 06:00:00 PM,7,4,3
10/12/2015 05:00:00 PM,9,5,4
10/12/2015 04:00:00 PM,6,3,3
10/12/2015 03:00:00 PM,5,3,2
10/12/2015 02:00:00 PM,12,6,6
10/12/2015 01:00:00 PM,3,1,2
10/12/2015 12:00:00 PM,5,3,2
10/12/2015 11:00:00 AM,3,0,3
10/12/2015 10:00:00 AM,6,2,4
10/12/2015 09:00:00 AM,8,5,3
10/12/2015 08:00:00 AM,8,5,3
10/12/2015 07:00:00 AM,4,2,2
10/12/2015 06:00:00 AM,1,0,1
10/12/2015 05:00:00 AM,0,0,0
10/12/2015 04:00:00 AM,0,0,0
10/12/2015 03:00:00 AM,0,0,0
10/12/2015 02:00:00 AM,0,0,0
10/12/2015 01:00:00 AM,0,0,0
10/12/2015 12:00:00 AM,0,0,0
10/11/2015 11:00:00 PM,0,0,0
10/11/2015 10:00:00 PM,1,0,1
10/11/2015 09:00:00 PM,1,0,1
10/11/2015 08:00:00 PM,5,2,3
10/11/2015 07:00:00 PM,3,1,2
10/11/2015 06:00:00 PM,10,6,4
10/11/2015 05:00:00 PM,6,1,5
10/11/2015 04:00:00 PM,19,12,7
10/11/2015 03:00:00 PM,22,15,7
10/11/2015 02:00:00 PM,17,9,8
10/11/2015 01:00:00 PM,23,10,13
10/11/2015 12:00:00 PM,14,7,7
10/11/2015 11:00:00 AM,4,3,1
10/11/2015 10:00:00 AM,15,8,7
10/11/2015 09:00:00 AM,10,2,8
10/11/2015 08:00:00 AM,5,1,4
10/11/2015 07:00:00 AM,1,0,1
10/11/2015 06:00:00 AM,0,0,0
10/11/2015 05:00:00 AM,0,0,0
10/11/2015 04:00:00 AM,0,0,0
10/11/2015 03:00:00 AM,1,0,1
10/11/2015 02:00:00 AM,1,0,1
10/11/2015 01:00:00 AM,1,0,1
10/11/2015 12:00:00 AM,4,4,0
10/10/2015 11:00:00 PM,2,2,0
10/10/2015 10:00:00 PM,1,1,0
10/10/2015 09:00:00 PM,2,2,0
10/10/2015 08:00:00 PM,2,2,0
10/10/2015 07:00:00 PM,1,1,0
10/10/2015 06:00:00 PM,10,5,5
10/10/2015 05:00:00 PM,3,1,2
10/10/2015 04:00:00 PM,5,3,2
10/10/2015 03:00:00 PM,3,2,1
10/10/2015 02:00:00 PM,5,1,4
10/10/2015 01:00:00 PM,1,1,0
10/10/2015 12:00:00 PM,6,4,2
10/10/2015 11:00:00 AM,5,2,3
10/10/2015 10:00:00 AM,2,2,0
10/10/2015 09:00:00 AM,7,3,4
10/10/2015 08:00:00 AM,4,2,2
10/10/2015 07:00:00 AM,1,1,0
10/10/2015 06:00:00 AM,0,0,0
10/10/2015 05:00:00 AM,0,0,0
10/10/2015 04:00:00 AM,0,0,0
10/10/2015 03:00:00 AM,0,0,0
10/10/2015 02:00:00 AM,0,0,0
10/10/2015 01:00:00 AM,1,0,1
10/10/2015 12:00:00 AM,2,2,0
10/09/2015 11:00:00 PM,1,1,0
10/09/2015 10:00:00 PM,2,1,1
10/09/2015 09:00:00 PM,4,2,2
10/09/2015 08:00:00 PM,4,2,2
10/09/2015 07:00:00 PM,5,1,4
10/09/2015 06:00:00 PM,15,6,9
10/09/2015 05:00:00 PM,15,8,7
10/09/2015 04:00:00 PM,12,7,5
10/09/2015 03:00:00 PM,6,3,3
10/09/2015 02:00:00 PM,4,1,3
10/09/2015 01:00:00 PM,5,3,2
10/09/2015 12:00:00 PM,3,2,1
10/09/2015 11:00:00 AM,6,6,0
10/09/2015 10:00:00 AM,7,3,4
10/09/2015 09:00:00 AM,8,5,3
10/09/2015 08:00:00 AM,10,4,6
10/09/2015 07:00:00 AM,6,6,0
10/09/2015 06:00:00 AM,3,3,0
10/09/2015 05:00:00 AM,0,0,0
10/09/2015 04:00:00 AM,0,0,0
10/09/2015 03:00:00 AM,0,0,0
10/09/2015 02:00:00 AM,1,1,0
10/09/2015 01:00:00 AM,0,0,0
10/09/2015 12:00:00 AM,1,1,0
10/08/2015 11:00:00 PM,1,1,0
10/08/2015 10:00:00 PM,3,3,0
10/08/2015 09:00:00 PM,8,8,0
10/08/2015 08:00:00 PM,7,7,0
10/08/2015 07:00:00 PM,12,12,0
10/08/2015 06:00:00 PM,17,13,4
10/08/2015 05:00:00 PM,18,10,8
10/08/2015 04:00:00 PM,12,5,7
10/08/2015 03:00:00 PM,5,3,2
10/08/2015 02:00:00 PM,8,2,6
10/08/2015 01:00:00 PM,2,2,0
10/08/2015 12:00:00 PM,11,4,7
10/08/2015 11:00:00 AM,4,2,2
10/08/2015 10:00:00 AM,5,3,2
10/08/2015 09:00:00 AM,6,3,3
10/08/2015 08:00:00 AM,7,5,2
10/08/2015 07:00:00 AM,3,3,0
10/08/2015 06:00:00 AM,3,1,2
10/08/2015 05:00:00 AM,2,0,2
10/08/2015 04:00:00 AM,0,0,0
10/08/2015 03:00:00 AM,1,0,1
10/08/2015 02:00:00 AM,0,0,0
10/08/2015 01:00:00 AM,0,0,0
10/08/2015 12:00:00 AM,0,0,0
10/07/2015 11:00:00 PM,0,0,0
10/07/2015 10:00:00 PM,0,0,0
10/07/2015 09:00:00 PM,3,2,1
10/07/2015 08:00:00 PM,3,2,1
10/07/2015 07:00:00 PM,12,7,5
10/07/2015 06:00:00 PM,9,1,8
10/07/2015 05:00:00 PM,11,6,5
10/07/2015 04:00:00 PM,3,2,1
10/07/2015 03:00:00 PM,3,2,1
10/07/2015 02:00:00 PM,1,1,0
10/07/2015 01:00:00 PM,0,0,0
10/07/2015 12:00:00 PM,1,0,1
10/07/2015 11:00:00 AM,6,4,2
10/07/2015 10:00:00 AM,1,0,1
10/07/2015 09:00:00 AM,4,3,1
10/07/2015 08:00:00 AM,9,8,1
10/07/2015 07:00:00 AM,5,4,1
10/07/2015 06:00:00 AM,2,0,2
10/07/2015 05:00:00 AM,1,0,1
10/07/2015 04:00:00 AM,0,0,0
10/07/2015 03:00:00 AM,0,0,0
10/07/2015 02:00:00 AM,0,0,0
10/07/2015 01:00:00 AM,1,1,0
10/07/2015 12:00:00 AM,1,0,1
10/06/2015 11:00:00 PM,0,0,0
10/06/2015 10:00:00 PM,2,0,2
10/06/2015 09:00:00 PM,5,5,0
10/06/2015 08:00:00 PM,12,7,5
10/06/2015 07:00:00 PM,14,8,6
10/06/2015 06:00:00 PM,12,5,7
10/06/2015 05:00:00 PM,14,8,6
10/06/2015 04:00:00 PM,13,10,3
10/06/2015 03:00:00 PM,5,1,4
10/06/2015 02:00:00 PM,6,3,3
10/06/2015 01:00:00 PM,8,4,4
10/06/2015 12:00:00 PM,5,3,2
10/06/2015 11:00:00 AM,5,2,3
10/06/2015 10:00:00 AM,8,6,2
10/06/2015 09:00:00 AM,9,4,5
10/06/2015 08:00:00 AM,11,5,6
10/06/2015 07:00:00 AM,12,8,4
10/06/2015 06:00:00 AM,2,0,2
10/06/2015 05:00:00 AM,1,0,1
10/06/2015 04:00:00 AM,0,0,0
10/06/2015 03:00:00 AM,0,0,0
10/06/2015 02:00:00 AM,2,2,0
10/06/2015 01:00:00 AM,0,0,0
10/06/2015 12:00:00 AM,0,0,0
10/05/2015 11:00:00 PM,2,1,1
10/05/2015 10:00:00 PM,9,3,6
10/05/2015 09:00:00 PM,5,3,2
10/05/2015 08:00:00 PM,10,8,2
10/05/2015 07:00:00 PM,10,3,7
10/05/2015 06:00:00 PM,12,5,7
10/05/2015 05:00:00 PM,26,15,11
10/05/2015 04:00:00 PM,20,11,9
10/05/2015 03:00:00 PM,18,7,11
10/05/2015 02:00:00 PM,20,12,8
10/05/2015 01:00:00 PM,12,7,5
10/05/2015 12:00:00 PM,6,2,4
10/05/2015 11:00:00 AM,6,2,4
10/05/2015 10:00:00 AM,8,5,3
10/05/2015 09:00:00 AM,8,5,3
10/05/2015 08:00:00 AM,9,6,3
10/05/2015 07:00:00 AM,7,5,2
10/05/2015 06:00:00 AM,2,0,2
10/05/2015 05:00:00 AM,0,0,0
10/05/2015 04:00:00 AM,0,0,0
10/05/2015 03:00:00 AM,0,0,0
10/05/2015 02:00:00 AM,1,0,1
10/05/2015 01:00:00 AM,1,0,1
10/05/2015 12:00:00 AM,0,0,0
10/04/2015 11:00:00 PM,0,0,0
10/04/2015 10:00:00 PM,2,0,2
10/04/2015 09:00:00 PM,1,1,0
10/04/2015 08:00:00 PM,3,3,0
10/04/2015 07:00:00 PM,6,4,2
10/04/2015 06:00:00 PM,7,4,3
10/04/2015 05:00:00 PM,16,9,7
10/04/2015 04:00:00 PM,18,14,4
10/04/2015 03:00:00 PM,20,7,13
10/04/2015 02:00:00 PM,18,7,11
10/04/2015 01:00:00 PM,15,8,7
10/04/2015 12:00:00 PM,25,13,12
10/04/2015 11:00:00 AM,27,15,12
10/04/2015 10:00:00 AM,22,9,13
10/04/2015 09:00:00 AM,7,4,3
10/04/2015 08:00:00 AM,3,0,3
10/04/2015 07:00:00 AM,1,1,0
10/04/2015 06:00:00 AM,3,0,3
10/04/2015 05:00:00 AM,1,0,1
10/04/2015 04:00:00 AM,1,1,0
10/04/2015 03:00:00 AM,0,0,0
10/04/2015 02:00:00 AM,1,0,1
10/04/2015 01:00:00 AM,0,0,0
10/04/2015 12:00:00 AM,3,3,0
10/03/2015 11:00:00 PM,2,1,1
10/03/2015 10:00:00 PM,0,0,0
10/03/2015 09:00:00 PM,3,2,1
10/03/2015 08:00:00 PM,1,0,1
10/03/2015 07:00:00 PM,12,8,4
10/03/2015 06:00:00 PM,8,4,4
10/03/2015 05:00:00 PM,9,3,6
10/03/2015 04:00:00 PM,17,12,5
10/03/2015 03:00:00 PM,9,5,4
10/03/2015 02:00:00 PM,7,3,4
10/03/2015 01:00:00 PM,12,5,7
10/03/2015 12:00:00 PM,14,6,8
10/03/2015 11:00:00 AM,8,2,6
10/03/2015 10:00:00 AM,10,5,5
10/03/2015 09:00:00 AM,6,1,5
10/03/2015 08:00:00 AM,2,1,1
10/03/2015 07:00:00 AM,3,3,0
10/03/2015 06:00:00 AM,1,1,0
10/03/2015 05:00:00 AM,0,0,0
10/03/2015 04:00:00 AM,0,0,0
10/03/2015 03:00:00 AM,1,0,1
10/03/2015 02:00:00 AM,0,0,0
10/03/2015 01:00:00 AM,0,0,0
10/03/2015 12:00:00 AM,1,0,1
10/02/2015 11:00:00 PM,0,0,0
10/02/2015 10:00:00 PM,3,3,0
10/02/2015 09:00:00 PM,3,3,0
10/02/2015 08:00:00 PM,5,2,3
10/02/2015 07:00:00 PM,11,3,8
10/02/2015 06:00:00 PM,19,9,10
10/02/2015 05:00:00 PM,18,8,10
10/02/2015 04:00:00 PM,14,4,10
10/02/2015 03:00:00 PM,10,4,6
10/02/2015 02:00:00 PM,3,0,3
10/02/2015 01:00:00 PM,3,1,2
10/02/2015 12:00:00 PM,11,5,6
10/02/2015 11:00:00 AM,5,3,2
10/02/2015 10:00:00 AM,3,2,1
10/02/2015 09:00:00 AM,8,3,5
10/02/2015 08:00:00 AM,6,4,2
10/02/2015 07:00:00 AM,7,4,3
10/02/2015 06:00:00 AM,2,1,1
10/02/2015 05:00:00 AM,0,0,0
10/02/2015 04:00:00 AM,0,0,0
10/02/2015 03:00:00 AM,0,0,0
10/02/2015 02:00:00 AM,4,3,1
10/02/2015 01:00:00 AM,0,0,0
10/02/2015 12:00:00 AM,1,0,1
10/01/2015 11:00:00 PM,2,2,0
10/01/2015 10:00:00 PM,0,0,0
10/01/2015 09:00:00 PM,2,1,1
10/01/2015 08:00:00 PM,5,2,3
10/01/2015 07:00:00 PM,7,2,5
10/01/2015 06:00:00 PM,13,8,5
10/01/2015 05:00:00 PM,15,10,5
10/01/2015 04:00:00 PM,14,6,8
10/01/2015 03:00:00 PM,8,2,6
10/01/2015 02:00:00 PM,9,5,4
10/01/2015 01:00:00 PM,16,9,7
10/01/2015 12:00:00 PM,3,1,2
10/01/2015 11:00:00 AM,4,3,1
10/01/2015 10:00:00 AM,6,3,3
10/01/2015 09:00:00 AM,5,3,2
10/01/2015 08:00:00 AM,13,8,5
10/01/2015 07:00:00 AM,7,5,2
10/01/2015 06:00:00 AM,6,1,5
10/01/2015 05:00:00 AM,1,0,1
10/01/2015 04:00:00 AM,2,0,2
10/01/2015 03:00:00 AM,0,0,0
10/01/2015 02:00:00 AM,0,0,0
10/01/2015 01:00:00 AM,0,0,0
10/01/2015 12:00:00 AM,0,0,0
09/30/2015 11:00:00 PM,1,1,0
09/30/2015 10:00:00 PM,3,2,1
09/30/2015 09:00:00 PM,2,1,1
09/30/2015 08:00:00 PM,6,3,3
09/30/2015 07:00:00 PM,9,5,4
09/30/2015 06:00:00 PM,20,7,13
09/30/2015 05:00:00 PM,17,6,11
09/30/2015 04:00:00 PM,8,7,1
09/30/2015 03:00:00 PM,10,4,6
09/30/2015 02:00:00 PM,6,3,3
09/30/2015 01:00:00 PM,9,5,4
09/30/2015 12:00:00 PM,13,9,4
09/30/2015 11:00:00 AM,2,0,2
09/30/2015 10:00:00 AM,8,1,7
09/30/2015 09:00:00 AM,13,5,8
09/30/2015 08:00:00 AM,9,8,1
09/30/2015 07:00:00 AM,12,7,5
09/30/2015 06:00:00 AM,2,0,2
09/30/2015 05:00:00 AM,3,2,1
09/30/2015 04:00:00 AM,0,0,0
09/30/2015 03:00:00 AM,0,0,0
09/30/2015 02:00:00 AM,1,0,1
09/30/2015 01:00:00 AM,0,0,0
09/30/2015 12:00:00 AM,2,2,0
09/29/2015 11:00:00 PM,3,1,2
09/29/2015 10:00:00 PM,1,0,1
09/29/2015 09:00:00 PM,7,7,0
09/29/2015 08:00:00 PM,4,3,1
09/29/2015 07:00:00 PM,20,6,14
09/29/2015 06:00:00 PM,16,6,10
09/29/2015 05:00:00 PM,24,15,9
09/29/2015 04:00:00 PM,12,4,8
09/29/2015 03:00:00 PM,12,5,7
09/29/2015 02:00:00 PM,13,6,7
09/29/2015 01:00:00 PM,7,1,6
09/29/2015 12:00:00 PM,7,3,4
09/29/2015 11:00:00 AM,6,2,4
09/29/2015 10:00:00 AM,7,4,3
09/29/2015 09:00:00 AM,10,4,6
09/29/2015 08:00:00 AM,18,11,7
09/29/2015 07:00:00 AM,8,5,3
09/29/2015 06:00:00 AM,2,0,2
09/29/2015 05:00:00 AM,3,2,1
09/29/2015 04:00:00 AM,0,0,0
09/29/2015 03:00:00 AM,0,0,0
09/29/2015 02:00:00 AM,0,0,0
09/29/2015 01:00:00 AM,0,0,0
09/29/2015 12:00:00 AM,1,1,0
09/28/2015 11:00:00 PM,2,2,0
09/28/2015 10:00:00 PM,1,1,0
09/28/2015 09:00:00 PM,6,6,0
09/28/2015 08:00:00 PM,8,4,4
09/28/2015 07:00:00 PM,13,6,7
09/28/2015 06:00:00 PM,18,9,9
09/28/2015 05:00:00 PM,15,8,7
09/28/2015 04:00:00 PM,9,7,2
09/28/2015 03:00:00 PM,7,1,6
09/28/2015 02:00:00 PM,10,3,7
09/28/2015 01:00:00 PM,8,4,4
09/28/2015 12:00:00 PM,12,6,6
09/28/2015 11:00:00 AM,7,4,3
09/28/2015 10:00:00 AM,6,3,3
09/28/2015 09:00:00 AM,13,5,8
09/28/2015 08:00:00 AM,6,4,2
09/28/2015 07:00:00 AM,7,4,3
09/28/2015 06:00:00 AM,1,0,1
09/28/2015 05:00:00 AM,1,0,1
09/28/2015 04:00:00 AM,0,0,0
09/28/2015 03:00:00 AM,0,0,0
09/28/2015 02:00:00 AM,0,0,0
09/28/2015 01:00:00 AM,0,0,0
09/28/2015 12:00:00 AM,0,0,0
09/27/2015 11:00:00 PM,1,1,0
09/27/2015 10:00:00 PM,0,0,0
09/27/2015 09:00:00 PM,0,0,0
09/27/2015 08:00:00 PM,6,4,2
09/27/2015 07:00:00 PM,3,1,2
09/27/2015 06:00:00 PM,4,3,1
09/27/2015 05:00:00 PM,7,3,4
09/27/2015 04:00:00 PM,8,3,5
09/27/2015 03:00:00 PM,15,12,3
09/27/2015 02:00:00 PM,11,6,5
09/27/2015 01:00:00 PM,15,9,6
09/27/2015 12:00:00 PM,20,13,7
09/27/2015 11:00:00 AM,16,9,7
09/27/2015 10:00:00 AM,16,7,9
09/27/2015 09:00:00 AM,11,4,7
09/27/2015 08:00:00 AM,6,3,3
09/27/2015 07:00:00 AM,3,0,3
09/27/2015 06:00:00 AM,0,0,0
09/27/2015 05:00:00 AM,0,0,0
09/27/2015 04:00:00 AM,0,0,0
09/27/2015 03:00:00 AM,0,0,0
09/27/2015 02:00:00 AM,0,0,0
09/27/2015 01:00:00 AM,2,1,1
09/27/2015 12:00:00 AM,1,1,0
09/26/2015 11:00:00 PM,1,1,0
09/26/2015 10:00:00 PM,6,3,3
09/26/2015 09:00:00 PM,0,0,0
09/26/2015 08:00:00 PM,1,1,0
09/26/2015 07:00:00 PM,6,2,4
09/26/2015 06:00:00 PM,6,3,3
09/26/2015 05:00:00 PM,9,7,2
09/26/2015 04:00:00 PM,12,6,6
09/26/2015 03:00:00 PM,11,4,7
09/26/2015 02:00:00 PM,5,4,1
09/26/2015 01:00:00 PM,16,11,5
09/26/2015 12:00:00 PM,17,10,7
09/26/2015 11:00:00 AM,33,25,8
09/26/2015 10:00:00 AM,14,6,8
09/26/2015 09:00:00 AM,6,1,5
09/26/2015 08:00:00 AM,7,1,6
09/26/2015 07:00:00 AM,2,1,1
09/26/2015 06:00:00 AM,6,3,3
09/26/2015 05:00:00 AM,0,0,0
09/26/2015 04:00:00 AM,0,0,0
09/26/2015 03:00:00 AM,0,0,0
09/26/2015 02:00:00 AM,0,0,0
09/26/2015 01:00:00 AM,5,3,2
09/26/2015 12:00:00 AM,2,0,2
09/25/2015 11:00:00 PM,0,0,0
09/25/2015 10:00:00 PM,1,0,1
09/25/2015 09:00:00 PM,2,2,0
09/25/2015 08:00:00 PM,5,1,4
09/25/2015 07:00:00 PM,11,7,4
09/25/2015 06:00:00 PM,8,1,7
09/25/2015 05:00:00 PM,22,13,9
09/25/2015 04:00:00 PM,6,2,4
09/25/2015 03:00:00 PM,10,6,4
09/25/2015 02:00:00 PM,9,5,4
09/25/2015 01:00:00 PM,8,6,2
09/25/2015 12:00:00 PM,11,6,5
09/25/2015 11:00:00 AM,3,1,2
09/25/2015 10:00:00 AM,5,3,2
09/25/2015 09:00:00 AM,6,3,3
09/25/2015 08:00:00 AM,15,9,6
09/25/2015 07:00:00 AM,7,4,3
09/25/2015 06:00:00 AM,4,3,1
09/25/2015 05:00:00 AM,0,0,0
09/25/2015 04:00:00 AM,0,0,0
09/25/2015 03:00:00 AM,2,2,0
09/25/2015 02:00:00 AM,0,0,0
09/25/2015 01:00:00 AM,0,0,0
09/25/2015 12:00:00 AM,0,0,0
09/24/2015 11:00:00 PM,0,0,0
09/24/2015 10:00:00 PM,4,3,1
09/24/2015 09:00:00 PM,8,7,1
09/24/2015 08:00:00 PM,6,1,5
09/24/2015 07:00:00 PM,19,11,8
09/24/2015 06:00:00 PM,13,7,6
09/24/2015 05:00:00 PM,14,9,5
09/24/2015 04:00:00 PM,18,9,9
09/24/2015 03:00:00 PM,10,7,3
09/24/2015 02:00:00 PM,14,8,6
09/24/2015 01:00:00 PM,9,2,7
09/24/2015 12:00:00 PM,5,3,2
09/24/2015 11:00:00 AM,5,2,3
09/24/2015 10:00:00 AM,12,5,7
09/24/2015 09:00:00 AM,8,5,3
09/24/2015 08:00:00 AM,14,8,6
09/24/2015 07:00:00 AM,8,7,1
09/24/2015 06:00:00 AM,3,0,3
09/24/2015 05:00:00 AM,1,0,1
09/24/2015 04:00:00 AM,0,0,0
09/24/2015 03:00:00 AM,2,1,1
09/24/2015 02:00:00 AM,0,0,0
09/24/2015 01:00:00 AM,0,0,0
09/24/2015 12:00:00 AM,0,0,0
09/23/2015 11:00:00 PM,2,2,0
09/23/2015 10:00:00 PM,3,2,1
09/23/2015 09:00:00 PM,4,4,0
09/23/2015 08:00:00 PM,4,1,3
09/23/2015 07:00:00 PM,19,11,8
09/23/2015 06:00:00 PM,24,10,14
09/23/2015 05:00:00 PM,24,16,8
09/23/2015 04:00:00 PM,17,9,8
09/23/2015 03:00:00 PM,12,8,4
09/23/2015 02:00:00 PM,13,9,4
09/23/2015 01:00:00 PM,5,2,3
09/23/2015 12:00:00 PM,8,5,3
09/23/2015 11:00:00 AM,5,0,5
09/23/2015 10:00:00 AM,4,0,4
09/23/2015 09:00:00 AM,5,3,2
09/23/2015 08:00:00 AM,11,3,8
09/23/2015 07:00:00 AM,9,5,4
09/23/2015 06:00:00 AM,4,2,2
09/23/2015 05:00:00 AM,2,0,2
09/23/2015 04:00:00 AM,0,0,0
09/23/2015 03:00:00 AM,0,0,0
09/23/2015 02:00:00 AM,0,0,0
09/23/2015 01:00:00 AM,0,0,0
09/23/2015 12:00:00 AM,0,0,0
09/22/2015 11:00:00 PM,2,2,0
09/22/2015 10:00:00 PM,1,0,1
09/22/2015 09:00:00 PM,10,7,3
09/22/2015 08:00:00 PM,11,6,5
09/22/2015 07:00:00 PM,16,10,6
09/22/2015 06:00:00 PM,12,5,7
09/22/2015 05:00:00 PM,30,15,15
09/22/2015 04:00:00 PM,10,6,4
09/22/2015 03:00:00 PM,10,8,2
09/22/2015 02:00:00 PM,10,3,7
09/22/2015 01:00:00 PM,10,5,5
09/22/2015 12:00:00 PM,7,2,5
09/22/2015 11:00:00 AM,10,8,2
09/22/2015 10:00:00 AM,2,0,2
09/22/2015 09:00:00 AM,11,6,5
09/22/2015 08:00:00 AM,11,7,4
09/22/2015 07:00:00 AM,6,5,1
09/22/2015 06:00:00 AM,5,0,5
09/22/2015 05:00:00 AM,2,1,1
09/22/2015 04:00:00 AM,1,0,1
09/22/2015 03:00:00 AM,2,2,0
09/22/2015 02:00:00 AM,0,0,0
09/22/2015 01:00:00 AM,0,0,0
09/22/2015 12:00:00 AM,0,0,0
09/21/2015 11:00:00 PM,0,0,0
09/21/2015 10:00:00 PM,1,1,0
09/21/2015 09:00:00 PM,3,2,1
09/21/2015 08:00:00 PM,6,5,1
09/21/2015 07:00:00 PM,10,6,4
09/21/2015 06:00:00 PM,22,10,12
09/21/2015 05:00:00 PM,22,12,10
09/21/2015 04:00:00 PM,20,16,4
09/21/2015 03:00:00 PM,7,2,5
09/21/2015 02:00:00 PM,14,9,5
09/21/2015 01:00:00 PM,12,5,7
09/21/2015 12:00:00 PM,8,7,1
09/21/2015 11:00:00 AM,13,5,8
09/21/2015 10:00:00 AM,8,3,5
09/21/2015 09:00:00 AM,10,4,6
09/21/2015 08:00:00 AM,14,9,5
09/21/2015 07:00:00 AM,7,5,2
09/21/2015 06:00:00 AM,3,1,2
09/21/2015 05:00:00 AM,1,0,1
09/21/2015 04:00:00 AM,0,0,0
09/21/2015 03:00:00 AM,0,0,0
09/21/2015 02:00:00 AM,1,0,1
09/21/2015 01:00:00 AM,2,1,1
09/21/2015 12:00:00 AM,0,0,0
09/20/2015 11:00:00 PM,1,1,0
09/20/2015 10:00:00 PM,2,1,1
09/20/2015 09:00:00 PM,6,5,1
09/20/2015 08:00:00 PM,4,2,2
09/20/2015 07:00:00 PM,2,0,2
09/20/2015 06:00:00 PM,10,5,5
09/20/2015 05:00:00 PM,18,7,11
09/20/2015 04:00:00 PM,26,11,15
09/20/2015 03:00:00 PM,22,14,8
09/20/2015 02:00:00 PM,11,5,6
09/20/2015 01:00:00 PM,16,6,10
09/20/2015 12:00:00 PM,18,11,7
09/20/2015 11:00:00 AM,23,13,10
09/20/2015 10:00:00 AM,14,5,9
09/20/2015 09:00:00 AM,11,5,6
09/20/2015 08:00:00 AM,2,2,0
09/20/2015 07:00:00 AM,1,0,1
09/20/2015 06:00:00 AM,3,2,1
09/20/2015 05:00:00 AM,0,0,0
09/20/2015 04:00:00 AM,0,0,0
09/20/2015 03:00:00 AM,1,0,1
09/20/2015 02:00:00 AM,1,1,0
09/20/2015 01:00:00 AM,0,0,0
09/20/2015 12:00:00 AM,2,0,2
09/19/2015 11:00:00 PM,6,2,4
09/19/2015 10:00:00 PM,3,1,2
09/19/2015 09:00:00 PM,1,1,0
09/19/2015 08:00:00 PM,5,5,0
09/19/2015 07:00:00 PM,18,15,3
09/19/2015 06:00:00 PM,8,5,3
09/19/2015 05:00:00 PM,27,9,18
09/19/2015 04:00:00 PM,30,21,9
09/19/2015 03:00:00 PM,82,50,32
09/19/2015 02:00:00 PM,192,109,83
09/19/2015 01:00:00 PM,179,116,63
09/19/2015 12:00:00 PM,113,61,52
09/19/2015 11:00:00 AM,76,14,62
09/19/2015 10:00:00 AM,25,14,11
09/19/2015 09:00:00 AM,52,9,43
09/19/2015 08:00:00 AM,7,4,3
09/19/2015 07:00:00 AM,4,1,3
09/19/2015 06:00:00 AM,0,0,0
09/19/2015 05:00:00 AM,1,0,1
09/19/2015 04:00:00 AM,1,1,0
09/19/2015 03:00:00 AM,0,0,0
09/19/2015 02:00:00 AM,2,2,0
09/19/2015 01:00:00 AM,0,0,0
09/19/2015 12:00:00 AM,4,2,2
09/18/2015 11:00:00 PM,2,1,1
09/18/2015 10:00:00 PM,2,2,0
09/18/2015 09:00:00 PM,3,2,1
09/18/2015 08:00:00 PM,4,3,1
09/18/2015 07:00:00 PM,10,4,6
09/18/2015 06:00:00 PM,19,7,12
09/18/2015 05:00:00 PM,14,11,3
09/18/2015 04:00:00 PM,16,9,7
09/18/2015 03:00:00 PM,7,3,4
09/18/2015 02:00:00 PM,11,6,5
09/18/2015 01:00:00 PM,8,6,2
09/18/2015 12:00:00 PM,5,1,4
09/18/2015 11:00:00 AM,8,4,4
09/18/2015 10:00:00 AM,5,1,4
09/18/2015 09:00:00 AM,17,5,12
09/18/2015 08:00:00 AM,12,7,5
09/18/2015 07:00:00 AM,6,3,3
09/18/2015 06:00:00 AM,1,0,1
09/18/2015 05:00:00 AM,0,0,0
09/18/2015 04:00:00 AM,0,0,0
09/18/2015 03:00:00 AM,0,0,0
09/18/2015 02:00:00 AM,3,2,1
09/18/2015 01:00:00 AM,0,0,0
09/18/2015 12:00:00 AM,1,1,0
09/17/2015 11:00:00 PM,1,0,1
09/17/2015 10:00:00 PM,1,0,1
09/17/2015 09:00:00 PM,5,3,2
09/17/2015 08:00:00 PM,1,1,0
09/17/2015 07:00:00 PM,4,3,1
09/17/2015 06:00:00 PM,2,0,2
09/17/2015 05:00:00 PM,7,2,5
09/17/2015 04:00:00 PM,11,5,6
09/17/2015 03:00:00 PM,11,8,3
09/17/2015 02:00:00 PM,5,3,2
09/17/2015 01:00:00 PM,6,4,2
09/17/2015 12:00:00 PM,0,0,0
09/17/2015 11:00:00 AM,2,1,1
09/17/2015 10:00:00 AM,2,1,1
09/17/2015 09:00:00 AM,6,4,2
09/17/2015 08:00:00 AM,8,4,4
09/17/2015 07:00:00 AM,1,1,0
09/17/2015 06:00:00 AM,3,0,3
09/17/2015 05:00:00 AM,2,0,2
09/17/2015 04:00:00 AM,0,0,0
09/17/2015 03:00:00 AM,0,0,0
09/17/2015 02:00:00 AM,1,0,1
09/17/2015 01:00:00 AM,1,0,1
09/17/2015 12:00:00 AM,2,0,2
09/16/2015 11:00:00 PM,1,1,0
09/16/2015 10:00:00 PM,2,1,1
09/16/2015 09:00:00 PM,4,3,1
09/16/2015 08:00:00 PM,9,5,4
09/16/2015 07:00:00 PM,13,10,3
09/16/2015 06:00:00 PM,23,11,12
09/16/2015 05:00:00 PM,28,16,12
09/16/2015 04:00:00 PM,16,12,4
09/16/2015 03:00:00 PM,9,0,9
09/16/2015 02:00:00 PM,12,7,5
09/16/2015 01:00:00 PM,10,8,2
09/16/2015 12:00:00 PM,11,7,4
09/16/2015 11:00:00 AM,0,0,0
09/16/2015 10:00:00 AM,14,9,5
09/16/2015 09:00:00 AM,13,4,9
09/16/2015 08:00:00 AM,9,5,4
09/16/2015 07:00:00 AM,9,3,6
09/16/2015 06:00:00 AM,5,1,4
09/16/2015 05:00:00 AM,0,0,0
09/16/2015 04:00:00 AM,0,0,0
09/16/2015 03:00:00 AM,1,0,1
09/16/2015 02:00:00 AM,2,1,1
09/16/2015 01:00:00 AM,3,3,0
09/16/2015 12:00:00 AM,0,0,0
09/15/2015 11:00:00 PM,2,1,1
09/15/2015 10:00:00 PM,2,1,1
09/15/2015 09:00:00 PM,5,4,1
09/15/2015 08:00:00 PM,6,5,1
09/15/2015 07:00:00 PM,6,2,4
09/15/2015 06:00:00 PM,14,3,11
09/15/2015 05:00:00 PM,13,7,6
09/15/2015 04:00:00 PM,13,9,4
09/15/2015 03:00:00 PM,14,9,5
09/15/2015 02:00:00 PM,3,1,2
09/15/2015 01:00:00 PM,8,7,1
09/15/2015 12:00:00 PM,8,3,5
09/15/2015 11:00:00 AM,6,3,3
09/15/2015 10:00:00 AM,6,4,2
09/15/2015 09:00:00 AM,8,2,6
09/15/2015 08:00:00 AM,9,7,2
09/15/2015 07:00:00 AM,9,6,3
09/15/2015 06:00:00 AM,4,1,3
09/15/2015 05:00:00 AM,1,0,1
09/15/2015 04:00:00 AM,0,0,0
09/15/2015 03:00:00 AM,1,0,1
09/15/2015 02:00:00 AM,0,0,0
09/15/2015 01:00:00 AM,0,0,0
09/15/2015 12:00:00 AM,0,0,0
09/14/2015 11:00:00 PM,2,0,2
09/14/2015 10:00:00 PM,1,1,0
09/14/2015 09:00:00 PM,0,0,0
09/14/2015 08:00:00 PM,4,2,2
09/14/2015 07:00:00 PM,14,7,7
09/14/2015 06:00:00 PM,10,1,9
09/14/2015 05:00:00 PM,15,8,7
09/14/2015 04:00:00 PM,17,15,2
09/14/2015 03:00:00 PM,7,5,2
09/14/2015 02:00:00 PM,14,5,9
09/14/2015 01:00:00 PM,7,5,2
09/14/2015 12:00:00 PM,8,4,4
09/14/2015 11:00:00 AM,3,2,1
09/14/2015 10:00:00 AM,7,4,3
09/14/2015 09:00:00 AM,6,1,5
09/14/2015 08:00:00 AM,13,7,6
09/14/2015 07:00:00 AM,8,6,2
09/14/2015 06:00:00 AM,3,0,3
09/14/2015 05:00:00 AM,1,0,1
09/14/2015 04:00:00 AM,0,0,0
09/14/2015 03:00:00 AM,1,0,1
09/14/2015 02:00:00 AM,1,0,1
09/14/2015 01:00:00 AM,0,0,0
09/14/2015 12:00:00 AM,1,0,1
09/13/2015 11:00:00 PM,1,0,1
09/13/2015 10:00:00 PM,0,0,0
09/13/2015 09:00:00 PM,2,2,0
09/13/2015 08:00:00 PM,5,4,1
09/13/2015 07:00:00 PM,7,5,2
09/13/2015 06:00:00 PM,10,4,6
09/13/2015 05:00:00 PM,6,2,4
09/13/2015 04:00:00 PM,7,6,1
09/13/2015 03:00:00 PM,5,3,2
09/13/2015 02:00:00 PM,6,2,4
09/13/2015 01:00:00 PM,9,3,6
09/13/2015 12:00:00 PM,7,5,2
09/13/2015 11:00:00 AM,3,2,1
09/13/2015 10:00:00 AM,8,5,3
09/13/2015 09:00:00 AM,9,5,4
09/13/2015 08:00:00 AM,4,1,3
09/13/2015 07:00:00 AM,0,0,0
09/13/2015 06:00:00 AM,1,0,1
09/13/2015 05:00:00 AM,0,0,0
09/13/2015 04:00:00 AM,0,0,0
09/13/2015 03:00:00 AM,0,0,0
09/13/2015 02:00:00 AM,0,0,0
09/13/2015 01:00:00 AM,1,0,1
09/13/2015 12:00:00 AM,0,0,0
09/12/2015 11:00:00 PM,0,0,0
09/12/2015 10:00:00 PM,4,2,2
09/12/2015 09:00:00 PM,3,0,3
09/12/2015 08:00:00 PM,8,4,4
09/12/2015 07:00:00 PM,9,6,3
09/12/2015 06:00:00 PM,28,20,8
09/12/2015 05:00:00 PM,24,12,12
09/12/2015 04:00:00 PM,12,3,9
09/12/2015 03:00:00 PM,16,12,4
09/12/2015 02:00:00 PM,16,9,7
09/12/2015 01:00:00 PM,20,7,13
09/12/2015 12:00:00 PM,16,8,8
09/12/2015 11:00:00 AM,9,3,6
09/12/2015 10:00:00 AM,10,5,5
09/12/2015 09:00:00 AM,11,5,6
09/12/2015 08:00:00 AM,4,1,3
09/12/2015 07:00:00 AM,1,0,1
09/12/2015 06:00:00 AM,1,0,1
09/12/2015 05:00:00 AM,0,0,0
09/12/2015 04:00:00 AM,0,0,0
09/12/2015 03:00:00 AM,1,0,1
09/12/2015 02:00:00 AM,1,0,1
09/12/2015 01:00:00 AM,0,0,0
09/12/2015 12:00:00 AM,2,1,1
09/11/2015 11:00:00 PM,0,0,0
09/11/2015 10:00:00 PM,2,1,1
09/11/2015 09:00:00 PM,6,3,3
09/11/2015 08:00:00 PM,8,6,2
09/11/2015 07:00:00 PM,16,8,8
09/11/2015 06:00:00 PM,25,9,16
09/11/2015 05:00:00 PM,16,6,10
09/11/2015 04:00:00 PM,12,9,3
09/11/2015 03:00:00 PM,6,2,4
09/11/2015 02:00:00 PM,8,3,5
09/11/2015 01:00:00 PM,9,4,5
09/11/2015 12:00:00 PM,8,4,4
09/11/2015 11:00:00 AM,8,2,6
09/11/2015 10:00:00 AM,6,3,3
09/11/2015 09:00:00 AM,7,2,5
09/11/2015 08:00:00 AM,16,10,6
09/11/2015 07:00:00 AM,2,1,1
09/11/2015 06:00:00 AM,1,0,1
09/11/2015 05:00:00 AM,0,0,0
09/11/2015 04:00:00 AM,0,0,0
09/11/2015 03:00:00 AM,0,0,0
09/11/2015 02:00:00 AM,3,2,1
09/11/2015 01:00:00 AM,0,0,0
09/11/2015 12:00:00 AM,2,2,0
09/10/2015 11:00:00 PM,2,2,0
09/10/2015 10:00:00 PM,2,1,1
09/10/2015 09:00:00 PM,1,1,0
09/10/2015 08:00:00 PM,9,8,1
09/10/2015 07:00:00 PM,14,4,10
09/10/2015 06:00:00 PM,13,5,8
09/10/2015 05:00:00 PM,16,6,10
09/10/2015 04:00:00 PM,15,10,5
09/10/2015 03:00:00 PM,7,4,3
09/10/2015 02:00:00 PM,14,11,3
09/10/2015 01:00:00 PM,8,3,5
09/10/2015 12:00:00 PM,4,3,1
09/10/2015 11:00:00 AM,8,3,5
09/10/2015 10:00:00 AM,6,2,4
09/10/2015 09:00:00 AM,8,2,6
09/10/2015 08:00:00 AM,19,12,7
09/10/2015 07:00:00 AM,11,5,6
09/10/2015 06:00:00 AM,3,2,1
09/10/2015 05:00:00 AM,0,0,0
09/10/2015 04:00:00 AM,0,0,0
09/10/2015 03:00:00 AM,0,0,0
09/10/2015 02:00:00 AM,0,0,0
09/10/2015 01:00:00 AM,1,0,1
09/10/2015 12:00:00 AM,0,0,0
09/09/2015 11:00:00 PM,1,1,0
09/09/2015 10:00:00 PM,2,0,2
09/09/2015 09:00:00 PM,5,4,1
09/09/2015 08:00:00 PM,15,11,4
09/09/2015 07:00:00 PM,18,10,8
09/09/2015 06:00:00 PM,39,18,21
09/09/2015 05:00:00 PM,16,11,5
09/09/2015 04:00:00 PM,19,11,8
09/09/2015 03:00:00 PM,11,7,4
09/09/2015 02:00:00 PM,10,4,6
09/09/2015 01:00:00 PM,8,4,4
09/09/2015 12:00:00 PM,15,8,7
09/09/2015 11:00:00 AM,10,4,6
09/09/2015 10:00:00 AM,9,4,5
09/09/2015 09:00:00 AM,5,0,5
09/09/2015 08:00:00 AM,11,8,3
09/09/2015 07:00:00 AM,10,2,8
09/09/2015 06:00:00 AM,6,2,4
09/09/2015 05:00:00 AM,3,1,2
09/09/2015 04:00:00 AM,1,0,1
09/09/2015 03:00:00 AM,0,0,0
09/09/2015 02:00:00 AM,2,0,2
09/09/2015 01:00:00 AM,0,0,0
09/09/2015 12:00:00 AM,0,0,0
09/08/2015 11:00:00 PM,0,0,0
09/08/2015 10:00:00 PM,3,2,1
09/08/2015 09:00:00 PM,6,2,4
09/08/2015 08:00:00 PM,4,3,1
09/08/2015 07:00:00 PM,4,0,4
09/08/2015 06:00:00 PM,7,4,3
09/08/2015 05:00:00 PM,2,2,0
09/08/2015 04:00:00 PM,8,3,5
09/08/2015 03:00:00 PM,5,3,2
09/08/2015 02:00:00 PM,8,5,3
09/08/2015 01:00:00 PM,8,4,4
09/08/2015 12:00:00 PM,5,1,4
09/08/2015 11:00:00 AM,8,4,4
09/08/2015 10:00:00 AM,7,5,2
09/08/2015 09:00:00 AM,6,3,3
09/08/2015 08:00:00 AM,17,9,8
09/08/2015 07:00:00 AM,7,5,2
09/08/2015 06:00:00 AM,2,0,2
09/08/2015 05:00:00 AM,0,0,0
09/08/2015 04:00:00 AM,1,0,1
09/08/2015 03:00:00 AM,0,0,0
09/08/2015 02:00:00 AM,0,0,0
09/08/2015 01:00:00 AM,1,0,1
09/08/2015 12:00:00 AM,0,0,0
09/07/2015 11:00:00 PM,0,0,0
09/07/2015 10:00:00 PM,3,3,0
09/07/2015 09:00:00 PM,6,4,2
09/07/2015 08:00:00 PM,7,3,4
09/07/2015 07:00:00 PM,8,5,3
09/07/2015 06:00:00 PM,11,6,5
09/07/2015 05:00:00 PM,20,8,12
09/07/2015 04:00:00 PM,14,11,3
09/07/2015 03:00:00 PM,17,9,8
09/07/2015 02:00:00 PM,22,18,4
09/07/2015 01:00:00 PM,15,13,2
09/07/2015 12:00:00 PM,20,11,9
09/07/2015 11:00:00 AM,4,3,1
09/07/2015 10:00:00 AM,10,3,7
09/07/2015 09:00:00 AM,16,7,9
09/07/2015 08:00:00 AM,3,0,3
09/07/2015 07:00:00 AM,2,0,2
09/07/2015 06:00:00 AM,0,0,0
09/07/2015 05:00:00 AM,0,0,0
09/07/2015 04:00:00 AM,1,1,0
09/07/2015 03:00:00 AM,0,0,0
09/07/2015 02:00:00 AM,0,0,0
09/07/2015 01:00:00 AM,1,0,1
09/07/2015 12:00:00 AM,1,1,0
09/06/2015 11:00:00 PM,1,0,1
09/06/2015 10:00:00 PM,0,0,0
09/06/2015 09:00:00 PM,0,0,0
09/06/2015 08:00:00 PM,2,1,1
09/06/2015 07:00:00 PM,4,3,1
09/06/2015 06:00:00 PM,2,1,1
09/06/2015 05:00:00 PM,4,4,0
09/06/2015 04:00:00 PM,12,4,8
09/06/2015 03:00:00 PM,11,5,6
09/06/2015 02:00:00 PM,15,8,7
09/06/2015 01:00:00 PM,4,3,1
09/06/2015 12:00:00 PM,6,3,3
09/06/2015 11:00:00 AM,4,2,2
09/06/2015 10:00:00 AM,1,1,0
09/06/2015 09:00:00 AM,4,2,2
09/06/2015 08:00:00 AM,3,2,1
09/06/2015 07:00:00 AM,2,1,1
09/06/2015 06:00:00 AM,0,0,0
09/06/2015 05:00:00 AM,1,1,0
09/06/2015 04:00:00 AM,0,0,0
09/06/2015 03:00:00 AM,0,0,0
09/06/2015 02:00:00 AM,0,0,0
09/06/2015 01:00:00 AM,0,0,0
09/06/2015 12:00:00 AM,1,1,0
09/05/2015 11:00:00 PM,1,1,0
09/05/2015 10:00:00 PM,0,0,0
09/05/2015 09:00:00 PM,4,2,2
09/05/2015 08:00:00 PM,7,4,3
09/05/2015 07:00:00 PM,0,0,0
09/05/2015 06:00:00 PM,2,2,0
09/05/2015 05:00:00 PM,6,3,3
09/05/2015 04:00:00 PM,12,5,7
09/05/2015 03:00:00 PM,6,2,4
09/05/2015 02:00:00 PM,27,18,9
09/05/2015 01:00:00 PM,4,1,3
09/05/2015 12:00:00 PM,19,5,14
09/05/2015 11:00:00 AM,15,10,5
09/05/2015 10:00:00 AM,7,1,6
09/05/2015 09:00:00 AM,3,1,2
09/05/2015 08:00:00 AM,5,3,2
09/05/2015 07:00:00 AM,4,1,3
09/05/2015 06:00:00 AM,0,0,0
09/05/2015 05:00:00 AM,0,0,0
09/05/2015 04:00:00 AM,0,0,0
09/05/2015 03:00:00 AM,0,0,0
09/05/2015 02:00:00 AM,1,0,1
09/05/2015 01:00:00 AM,1,1,0
09/05/2015 12:00:00 AM,3,3,0
09/04/2015 11:00:00 PM,2,1,1
09/04/2015 10:00:00 PM,1,0,1
09/04/2015 09:00:00 PM,5,2,3
09/04/2015 08:00:00 PM,2,0,2
09/04/2015 07:00:00 PM,8,4,4
09/04/2015 06:00:00 PM,10,6,4
09/04/2015 05:00:00 PM,14,8,6
09/04/2015 04:00:00 PM,15,8,7
09/04/2015 03:00:00 PM,6,3,3
09/04/2015 02:00:00 PM,6,3,3
09/04/2015 01:00:00 PM,9,6,3
09/04/2015 12:00:00 PM,4,3,1
09/04/2015 11:00:00 AM,10,5,5
09/04/2015 10:00:00 AM,6,3,3
09/04/2015 09:00:00 AM,7,3,4
09/04/2015 08:00:00 AM,14,6,8
09/04/2015 07:00:00 AM,4,1,3
09/04/2015 06:00:00 AM,2,2,0
09/04/2015 05:00:00 AM,1,0,1
09/04/2015 04:00:00 AM,0,0,0
09/04/2015 03:00:00 AM,0,0,0
09/04/2015 02:00:00 AM,1,0,1
09/04/2015 01:00:00 AM,0,0,0
09/04/2015 12:00:00 AM,0,0,0
09/03/2015 11:00:00 PM,4,2,2
09/03/2015 10:00:00 PM,1,0,1
09/03/2015 09:00:00 PM,1,1,0
09/03/2015 08:00:00 PM,9,6,3
09/03/2015 07:00:00 PM,6,3,3
09/03/2015 06:00:00 PM,19,10,9
09/03/2015 05:00:00 PM,11,9,2
09/03/2015 04:00:00 PM,11,7,4
09/03/2015 03:00:00 PM,17,13,4
09/03/2015 02:00:00 PM,5,0,5
09/03/2015 01:00:00 PM,11,3,8
09/03/2015 12:00:00 PM,19,14,5
09/03/2015 11:00:00 AM,10,5,5
09/03/2015 10:00:00 AM,4,2,2
09/03/2015 09:00:00 AM,6,4,2
09/03/2015 08:00:00 AM,13,5,8
09/03/2015 07:00:00 AM,7,5,2
09/03/2015 06:00:00 AM,3,0,3
09/03/2015 05:00:00 AM,1,0,1
09/03/2015 04:00:00 AM,1,0,1
09/03/2015 03:00:00 AM,0,0,0
09/03/2015 02:00:00 AM,1,1,0
09/03/2015 01:00:00 AM,2,2,0
09/03/2015 12:00:00 AM,1,0,1
09/02/2015 11:00:00 PM,1,0,1
09/02/2015 10:00:00 PM,4,1,3
09/02/2015 09:00:00 PM,3,1,2
09/02/2015 08:00:00 PM,2,1,1
09/02/2015 07:00:00 PM,13,8,5
09/02/2015 06:00:00 PM,34,18,16
09/02/2015 05:00:00 PM,9,4,5
09/02/2015 04:00:00 PM,11,9,2
09/02/2015 03:00:00 PM,8,4,4
09/02/2015 02:00:00 PM,11,7,4
09/02/2015 01:00:00 PM,6,4,2
09/02/2015 12:00:00 PM,8,5,3
09/02/2015 11:00:00 AM,0,0,0
09/02/2015 10:00:00 AM,5,2,3
09/02/2015 09:00:00 AM,12,6,6
09/02/2015 08:00:00 AM,10,6,4
09/02/2015 07:00:00 AM,13,6,7
09/02/2015 06:00:00 AM,5,2,3
09/02/2015 05:00:00 AM,1,0,1
09/02/2015 04:00:00 AM,0,0,0
09/02/2015 03:00:00 AM,0,0,0
09/02/2015 02:00:00 AM,0,0,0
09/02/2015 01:00:00 AM,1,0,1
09/02/2015 12:00:00 AM,0,0,0
09/01/2015 11:00:00 PM,0,0,0
09/01/2015 10:00:00 PM,2,0,2
09/01/2015 09:00:00 PM,3,1,2
09/01/2015 08:00:00 PM,0,0,0
09/01/2015 07:00:00 PM,11,5,6
09/01/2015 06:00:00 PM,10,4,6
09/01/2015 05:00:00 PM,14,8,6
09/01/2015 04:00:00 PM,9,5,4
09/01/2015 03:00:00 PM,4,2,2
09/01/2015 02:00:00 PM,9,3,6
09/01/2015 01:00:00 PM,5,1,4
09/01/2015 12:00:00 PM,10,5,5
09/01/2015 11:00:00 AM,5,1,4
09/01/2015 10:00:00 AM,6,5,1
09/01/2015 09:00:00 AM,9,2,7
09/01/2015 08:00:00 AM,9,4,5
09/01/2015 07:00:00 AM,7,4,3
09/01/2015 06:00:00 AM,4,3,1
09/01/2015 05:00:00 AM,1,0,1
09/01/2015 04:00:00 AM,0,0,0
09/01/2015 03:00:00 AM,1,1,0
09/01/2015 02:00:00 AM,1,1,0
09/01/2015 01:00:00 AM,1,0,1
09/01/2015 12:00:00 AM,0,0,0
08/31/2015 11:00:00 PM,0,0,0
08/31/2015 10:00:00 PM,4,3,1
08/31/2015 09:00:00 PM,5,0,5
08/31/2015 08:00:00 PM,5,4,1
08/31/2015 07:00:00 PM,8,4,4
08/31/2015 06:00:00 PM,10,7,3
08/31/2015 05:00:00 PM,9,7,2
08/31/2015 04:00:00 PM,5,5,0
08/31/2015 03:00:00 PM,10,6,4
08/31/2015 02:00:00 PM,6,3,3
08/31/2015 01:00:00 PM,4,1,3
08/31/2015 12:00:00 PM,8,5,3
08/31/2015 11:00:00 AM,1,0,1
08/31/2015 10:00:00 AM,6,3,3
08/31/2015 09:00:00 AM,8,2,6
08/31/2015 08:00:00 AM,5,3,2
08/31/2015 07:00:00 AM,9,6,3
08/31/2015 06:00:00 AM,5,1,4
08/31/2015 05:00:00 AM,1,0,1
08/31/2015 04:00:00 AM,1,0,1
08/31/2015 03:00:00 AM,0,0,0
08/31/2015 02:00:00 AM,1,0,1
08/31/2015 01:00:00 AM,1,0,1
08/31/2015 12:00:00 AM,1,1,0
08/30/2015 11:00:00 PM,1,1,0
08/30/2015 10:00:00 PM,1,1,0
08/30/2015 09:00:00 PM,5,3,2
08/30/2015 08:00:00 PM,3,1,2
08/30/2015 07:00:00 PM,5,4,1
08/30/2015 06:00:00 PM,5,1,4
08/30/2015 05:00:00 PM,8,5,3
08/30/2015 04:00:00 PM,11,5,6
08/30/2015 03:00:00 PM,12,10,2
08/30/2015 02:00:00 PM,9,7,2
08/30/2015 01:00:00 PM,15,5,10
08/30/2015 12:00:00 PM,14,3,11
08/30/2015 11:00:00 AM,16,11,5
08/30/2015 10:00:00 AM,8,5,3
08/30/2015 09:00:00 AM,6,1,5
08/30/2015 08:00:00 AM,3,1,2
08/30/2015 07:00:00 AM,1,0,1
08/30/2015 06:00:00 AM,0,0,0
08/30/2015 05:00:00 AM,0,0,0
08/30/2015 04:00:00 AM,0,0,0
08/30/2015 03:00:00 AM,0,0,0
08/30/2015 02:00:00 AM,0,0,0
08/30/2015 01:00:00 AM,0,0,0
08/30/2015 12:00:00 AM,0,0,0
08/29/2015 11:00:00 PM,1,1,0
08/29/2015 10:00:00 PM,3,3,0
08/29/2015 09:00:00 PM,5,3,2
08/29/2015 08:00:00 PM,2,1,1
08/29/2015 07:00:00 PM,3,0,3
08/29/2015 06:00:00 PM,2,1,1
08/29/2015 05:00:00 PM,3,2,1
08/29/2015 04:00:00 PM,4,2,2
08/29/2015 03:00:00 PM,5,4,1
08/29/2015 02:00:00 PM,6,3,3
08/29/2015 01:00:00 PM,5,2,3
08/29/2015 12:00:00 PM,4,2,2
08/29/2015 11:00:00 AM,2,1,1
08/29/2015 10:00:00 AM,4,0,4
08/29/2015 09:00:00 AM,7,4,3
08/29/2015 08:00:00 AM,3,1,2
08/29/2015 07:00:00 AM,0,0,0
08/29/2015 06:00:00 AM,1,1,0
08/29/2015 05:00:00 AM,1,1,0
08/29/2015 04:00:00 AM,0,0,0
08/29/2015 03:00:00 AM,0,0,0
08/29/2015 02:00:00 AM,0,0,0
08/29/2015 01:00:00 AM,5,5,0
08/29/2015 12:00:00 AM,1,1,0
08/28/2015 11:00:00 PM,0,0,0
08/28/2015 10:00:00 PM,1,1,0
08/28/2015 09:00:00 PM,6,2,4
08/28/2015 08:00:00 PM,7,3,4
08/28/2015 07:00:00 PM,8,7,1
08/28/2015 06:00:00 PM,8,8,0
08/28/2015 05:00:00 PM,18,9,9
08/28/2015 04:00:00 PM,20,17,3
08/28/2015 03:00:00 PM,10,5,5
08/28/2015 02:00:00 PM,8,6,2
08/28/2015 01:00:00 PM,9,7,2
08/28/2015 12:00:00 PM,17,10,7
08/28/2015 11:00:00 AM,8,1,7
08/28/2015 10:00:00 AM,9,2,7
08/28/2015 09:00:00 AM,6,0,6
08/28/2015 08:00:00 AM,6,2,4
08/28/2015 07:00:00 AM,6,4,2
08/28/2015 06:00:00 AM,2,1,1
08/28/2015 05:00:00 AM,0,0,0
08/28/2015 04:00:00 AM,2,1,1
08/28/2015 03:00:00 AM,0,0,0
08/28/2015 02:00:00 AM,0,0,0
08/28/2015 01:00:00 AM,0,0,0
08/28/2015 12:00:00 AM,0,0,0
08/27/2015 11:00:00 PM,3,3,0
08/27/2015 10:00:00 PM,3,2,1
08/27/2015 09:00:00 PM,3,3,0
08/27/2015 08:00:00 PM,6,1,5
08/27/2015 07:00:00 PM,18,8,10
08/27/2015 06:00:00 PM,10,7,3
08/27/2015 05:00:00 PM,23,12,11
08/27/2015 04:00:00 PM,11,4,7
08/27/2015 03:00:00 PM,8,4,4
08/27/2015 02:00:00 PM,6,3,3
08/27/2015 01:00:00 PM,9,4,5
08/27/2015 12:00:00 PM,11,7,4
08/27/2015 11:00:00 AM,6,2,4
08/27/2015 10:00:00 AM,5,2,3
08/27/2015 09:00:00 AM,9,3,6
08/27/2015 08:00:00 AM,19,10,9
08/27/2015 07:00:00 AM,9,5,4
08/27/2015 06:00:00 AM,2,1,1
08/27/2015 05:00:00 AM,1,0,1
08/27/2015 04:00:00 AM,2,1,1
08/27/2015 03:00:00 AM,0,0,0
08/27/2015 02:00:00 AM,0,0,0
08/27/2015 01:00:00 AM,0,0,0
08/27/2015 12:00:00 AM,2,0,2
08/26/2015 11:00:00 PM,2,1,1
08/26/2015 10:00:00 PM,6,4,2
08/26/2015 09:00:00 PM,5,4,1
08/26/2015 08:00:00 PM,8,5,3
08/26/2015 07:00:00 PM,23,13,10
08/26/2015 06:00:00 PM,23,12,11
08/26/2015 05:00:00 PM,22,9,13
08/26/2015 04:00:00 PM,17,8,9
08/26/2015 03:00:00 PM,3,1,2
08/26/2015 02:00:00 PM,11,5,6
08/26/2015 01:00:00 PM,4,0,4
08/26/2015 12:00:00 PM,9,4,5
08/26/2015 11:00:00 AM,4,0,4
08/26/2015 10:00:00 AM,6,2,4
08/26/2015 09:00:00 AM,8,3,5
08/26/2015 08:00:00 AM,14,8,6
08/26/2015 07:00:00 AM,10,3,7
08/26/2015 06:00:00 AM,4,1,3
08/26/2015 05:00:00 AM,1,0,1
08/26/2015 04:00:00 AM,1,0,1
08/26/2015 03:00:00 AM,0,0,0
08/26/2015 02:00:00 AM,2,2,0
08/26/2015 01:00:00 AM,1,0,1
08/26/2015 12:00:00 AM,0,0,0
08/25/2015 11:00:00 PM,2,0,2
08/25/2015 10:00:00 PM,6,3,3
08/25/2015 09:00:00 PM,4,2,2
08/25/2015 08:00:00 PM,7,4,3
08/25/2015 07:00:00 PM,9,5,4
08/25/2015 06:00:00 PM,19,11,8
08/25/2015 05:00:00 PM,22,14,8
08/25/2015 04:00:00 PM,14,8,6
08/25/2015 03:00:00 PM,6,5,1
08/25/2015 02:00:00 PM,8,4,4
08/25/2015 01:00:00 PM,15,10,5
08/25/2015 12:00:00 PM,9,7,2
08/25/2015 11:00:00 AM,9,5,4
08/25/2015 10:00:00 AM,4,1,3
08/25/2015 09:00:00 AM,9,5,4
08/25/2015 08:00:00 AM,15,5,10
08/25/2015 07:00:00 AM,6,4,2
08/25/2015 06:00:00 AM,0,0,0
08/25/2015 05:00:00 AM,0,0,0
08/25/2015 04:00:00 AM,0,0,0
08/25/2015 03:00:00 AM,0,0,0
08/25/2015 02:00:00 AM,0,0,0
08/25/2015 01:00:00 AM,0,0,0
08/25/2015 12:00:00 AM,0,0,0
08/24/2015 11:00:00 PM,0,0,0
08/24/2015 10:00:00 PM,0,0,0
08/24/2015 09:00:00 PM,0,0,0
08/24/2015 08:00:00 PM,0,0,0
08/24/2015 07:00:00 PM,5,2,3
08/24/2015 06:00:00 PM,19,9,10
08/24/2015 05:00:00 PM,20,9,11
08/24/2015 04:00:00 PM,23,9,14
08/24/2015 03:00:00 PM,6,1,5
08/24/2015 02:00:00 PM,13,8,5
08/24/2015 01:00:00 PM,6,5,1
08/24/2015 12:00:00 PM,8,6,2
08/24/2015 11:00:00 AM,9,6,3
08/24/2015 10:00:00 AM,9,4,5
08/24/2015 09:00:00 AM,10,3,7
08/24/2015 08:00:00 AM,10,7,3
08/24/2015 07:00:00 AM,7,6,1
08/24/2015 06:00:00 AM,6,1,5
08/24/2015 05:00:00 AM,1,0,1
08/24/2015 04:00:00 AM,3,1,2
08/24/2015 03:00:00 AM,1,1,0
08/24/2015 02:00:00 AM,0,0,0
08/24/2015 01:00:00 AM,0,0,0
08/24/2015 12:00:00 AM,1,0,1
08/23/2015 11:00:00 PM,2,0,2
08/23/2015 10:00:00 PM,1,1,0
08/23/2015 09:00:00 PM,3,2,1
08/23/2015 08:00:00 PM,2,1,1
08/23/2015 07:00:00 PM,9,5,4
08/23/2015 06:00:00 PM,4,2,2
08/23/2015 05:00:00 PM,12,10,2
08/23/2015 04:00:00 PM,13,6,7
08/23/2015 03:00:00 PM,19,11,8
08/23/2015 02:00:00 PM,14,3,11
08/23/2015 01:00:00 PM,16,7,9
08/23/2015 12:00:00 PM,30,12,18
08/23/2015 11:00:00 AM,21,7,14
08/23/2015 10:00:00 AM,12,4,8
08/23/2015 09:00:00 AM,10,4,6
08/23/2015 08:00:00 AM,7,2,5
08/23/2015 07:00:00 AM,1,1,0
08/23/2015 06:00:00 AM,1,0,1
08/23/2015 05:00:00 AM,0,0,0
08/23/2015 04:00:00 AM,0,0,0
08/23/2015 03:00:00 AM,0,0,0
08/23/2015 02:00:00 AM,1,0,1
08/23/2015 01:00:00 AM,0,0,0
08/23/2015 12:00:00 AM,1,1,0
08/22/2015 11:00:00 PM,2,2,0
08/22/2015 10:00:00 PM,4,3,1
08/22/2015 09:00:00 PM,5,4,1
08/22/2015 08:00:00 PM,12,7,5
08/22/2015 07:00:00 PM,14,9,5
08/22/2015 06:00:00 PM,11,5,6
08/22/2015 05:00:00 PM,11,8,3
08/22/2015 04:00:00 PM,17,9,8
08/22/2015 03:00:00 PM,10,4,6
08/22/2015 02:00:00 PM,9,4,5
08/22/2015 01:00:00 PM,21,7,14
08/22/2015 12:00:00 PM,22,9,13
08/22/2015 11:00:00 AM,16,9,7
08/22/2015 10:00:00 AM,15,3,12
08/22/2015 09:00:00 AM,10,5,5
08/22/2015 08:00:00 AM,2,1,1
08/22/2015 07:00:00 AM,3,2,1
08/22/2015 06:00:00 AM,0,0,0
08/22/2015 05:00:00 AM,0,0,0
08/22/2015 04:00:00 AM,0,0,0
08/22/2015 03:00:00 AM,0,0,0
08/22/2015 02:00:00 AM,2,2,0
08/22/2015 01:00:00 AM,0,0,0
08/22/2015 12:00:00 AM,0,0,0
08/21/2015 11:00:00 PM,3,3,0
08/21/2015 10:00:00 PM,6,3,3
08/21/2015 09:00:00 PM,2,2,0
08/21/2015 08:00:00 PM,12,5,7
08/21/2015 07:00:00 PM,12,7,5
08/21/2015 06:00:00 PM,14,3,11
08/21/2015 05:00:00 PM,21,15,6
08/21/2015 04:00:00 PM,11,6,5
08/21/2015 03:00:00 PM,15,7,8
08/21/2015 02:00:00 PM,5,2,3
08/21/2015 01:00:00 PM,12,5,7
08/21/2015 12:00:00 PM,17,15,2
08/21/2015 11:00:00 AM,14,5,9
08/21/2015 10:00:00 AM,11,7,4
08/21/2015 09:00:00 AM,7,1,6
08/21/2015 08:00:00 AM,12,8,4
08/21/2015 07:00:00 AM,2,1,1
08/21/2015 06:00:00 AM,5,4,1
08/21/2015 05:00:00 AM,0,0,0
08/21/2015 04:00:00 AM,1,0,1
08/21/2015 03:00:00 AM,1,0,1
08/21/2015 02:00:00 AM,0,0,0
08/21/2015 01:00:00 AM,0,0,0
08/21/2015 12:00:00 AM,2,1,1
08/20/2015 11:00:00 PM,6,5,1
08/20/2015 10:00:00 PM,5,5,0
08/20/2015 09:00:00 PM,5,5,0
08/20/2015 08:00:00 PM,6,2,4
08/20/2015 07:00:00 PM,15,5,10
08/20/2015 06:00:00 PM,29,20,9
08/20/2015 05:00:00 PM,13,9,4
08/20/2015 04:00:00 PM,8,4,4
08/20/2015 03:00:00 PM,9,2,7
08/20/2015 02:00:00 PM,4,0,4
08/20/2015 01:00:00 PM,9,5,4
08/20/2015 12:00:00 PM,7,4,3
08/20/2015 11:00:00 AM,7,6,1
08/20/2015 10:00:00 AM,18,7,11
08/20/2015 09:00:00 AM,8,4,4
08/20/2015 08:00:00 AM,10,6,4
08/20/2015 07:00:00 AM,6,5,1
08/20/2015 06:00:00 AM,1,0,1
08/20/2015 05:00:00 AM,1,0,1
08/20/2015 04:00:00 AM,1,0,1
08/20/2015 03:00:00 AM,0,0,0
08/20/2015 02:00:00 AM,0,0,0
08/20/2015 01:00:00 AM,1,1,0
08/20/2015 12:00:00 AM,4,3,1
08/19/2015 11:00:00 PM,1,1,0
08/19/2015 10:00:00 PM,4,3,1
08/19/2015 09:00:00 PM,4,0,4
08/19/2015 08:00:00 PM,8,5,3
08/19/2015 07:00:00 PM,23,13,10
08/19/2015 06:00:00 PM,26,19,7
08/19/2015 05:00:00 PM,19,14,5
08/19/2015 04:00:00 PM,14,5,9
08/19/2015 03:00:00 PM,11,7,4
08/19/2015 02:00:00 PM,18,11,7
08/19/2015 01:00:00 PM,10,6,4
08/19/2015 12:00:00 PM,14,7,7
08/19/2015 11:00:00 AM,11,7,4
08/19/2015 10:00:00 AM,8,2,6
08/19/2015 09:00:00 AM,13,7,6
08/19/2015 08:00:00 AM,16,7,9
08/19/2015 07:00:00 AM,13,10,3
08/19/2015 06:00:00 AM,3,1,2
08/19/2015 05:00:00 AM,1,0,1
08/19/2015 04:00:00 AM,1,0,1
08/19/2015 03:00:00 AM,0,0,0
08/19/2015 02:00:00 AM,0,0,0
08/19/2015 01:00:00 AM,0,0,0
08/19/2015 12:00:00 AM,1,1,0
08/18/2015 11:00:00 PM,3,2,1
08/18/2015 10:00:00 PM,2,2,0
08/18/2015 09:00:00 PM,9,8,1
08/18/2015 08:00:00 PM,11,5,6
08/18/2015 07:00:00 PM,21,9,12
08/18/2015 06:00:00 PM,27,16,11
08/18/2015 05:00:00 PM,23,11,12
08/18/2015 04:00:00 PM,17,12,5
08/18/2015 03:00:00 PM,12,7,5
08/18/2015 02:00:00 PM,11,4,7
08/18/2015 01:00:00 PM,9,5,4
08/18/2015 12:00:00 PM,13,6,7
08/18/2015 11:00:00 AM,10,3,7
08/18/2015 10:00:00 AM,9,5,4
08/18/2015 09:00:00 AM,9,2,7
08/18/2015 08:00:00 AM,11,4,7
08/18/2015 07:00:00 AM,14,9,5
08/18/2015 06:00:00 AM,6,2,4
08/18/2015 05:00:00 AM,0,0,0
08/18/2015 04:00:00 AM,1,0,1
08/18/2015 03:00:00 AM,1,0,1
08/18/2015 02:00:00 AM,4,2,2
08/18/2015 01:00:00 AM,3,1,2
08/18/2015 12:00:00 AM,2,1,1
08/17/2015 11:00:00 PM,0,0,0
08/17/2015 10:00:00 PM,3,0,3
08/17/2015 09:00:00 PM,3,3,0
08/17/2015 08:00:00 PM,9,3,6
08/17/2015 07:00:00 PM,17,10,7
08/17/2015 06:00:00 PM,15,9,6
08/17/2015 05:00:00 PM,17,11,6
08/17/2015 04:00:00 PM,30,12,18
08/17/2015 03:00:00 PM,9,7,2
08/17/2015 02:00:00 PM,7,2,5
08/17/2015 01:00:00 PM,13,7,6
08/17/2015 12:00:00 PM,18,15,3
08/17/2015 11:00:00 AM,6,2,4
08/17/2015 10:00:00 AM,3,0,3
08/17/2015 09:00:00 AM,11,2,9
08/17/2015 08:00:00 AM,8,3,5
08/17/2015 07:00:00 AM,10,6,4
08/17/2015 06:00:00 AM,2,0,2
08/17/2015 05:00:00 AM,1,1,0
08/17/2015 04:00:00 AM,1,0,1
08/17/2015 03:00:00 AM,0,0,0
08/17/2015 02:00:00 AM,1,0,1
08/17/2015 01:00:00 AM,2,2,0
08/17/2015 12:00:00 AM,1,1,0
08/16/2015 11:00:00 PM,0,0,0
08/16/2015 10:00:00 PM,3,2,1
08/16/2015 09:00:00 PM,10,6,4
08/16/2015 08:00:00 PM,3,2,1
08/16/2015 07:00:00 PM,7,3,4
08/16/2015 06:00:00 PM,17,4,13
08/16/2015 05:00:00 PM,20,12,8
08/16/2015 04:00:00 PM,17,10,7
08/16/2015 03:00:00 PM,18,11,7
08/16/2015 02:00:00 PM,24,13,11
08/16/2015 01:00:00 PM,21,8,13
08/16/2015 12:00:00 PM,15,4,11
08/16/2015 11:00:00 AM,16,5,11
08/16/2015 10:00:00 AM,14,8,6
08/16/2015 09:00:00 AM,11,6,5
08/16/2015 08:00:00 AM,4,1,3
08/16/2015 07:00:00 AM,3,2,1
08/16/2015 06:00:00 AM,1,1,0
08/16/2015 05:00:00 AM,2,1,1
08/16/2015 04:00:00 AM,0,0,0
08/16/2015 03:00:00 AM,0,0,0
08/16/2015 02:00:00 AM,0,0,0
08/16/2015 01:00:00 AM,2,1,1
08/16/2015 12:00:00 AM,1,0,1
08/15/2015 11:00:00 PM,0,0,0
08/15/2015 10:00:00 PM,5,2,3
08/15/2015 09:00:00 PM,4,4,0
08/15/2015 08:00:00 PM,5,2,3
08/15/2015 07:00:00 PM,6,3,3
08/15/2015 06:00:00 PM,11,5,6
08/15/2015 05:00:00 PM,13,7,6
08/15/2015 04:00:00 PM,7,4,3
08/15/2015 03:00:00 PM,16,8,8
08/15/2015 02:00:00 PM,20,10,10
08/15/2015 01:00:00 PM,17,3,14
08/15/2015 12:00:00 PM,24,15,9
08/15/2015 11:00:00 AM,16,9,7
08/15/2015 10:00:00 AM,10,5,5
08/15/2015 09:00:00 AM,5,5,0
08/15/2015 08:00:00 AM,5,1,4
08/15/2015 07:00:00 AM,2,1,1
08/15/2015 06:00:00 AM,1,1,0
08/15/2015 05:00:00 AM,1,1,0
08/15/2015 04:00:00 AM,0,0,0
08/15/2015 03:00:00 AM,0,0,0
08/15/2015 02:00:00 AM,0,0,0
08/15/2015 01:00:00 AM,0,0,0
08/15/2015 12:00:00 AM,2,2,0
08/14/2015 11:00:00 PM,1,1,0
08/14/2015 10:00:00 PM,0,0,0
08/14/2015 09:00:00 PM,2,0,2
08/14/2015 08:00:00 PM,0,0,0
08/14/2015 07:00:00 PM,2,2,0
08/14/2015 06:00:00 PM,7,5,2
08/14/2015 05:00:00 PM,8,4,4
08/14/2015 04:00:00 PM,2,1,1
08/14/2015 03:00:00 PM,1,1,0
08/14/2015 02:00:00 PM,2,1,1
08/14/2015 01:00:00 PM,5,1,4
08/14/2015 12:00:00 PM,4,4,0
08/14/2015 11:00:00 AM,4,3,1
08/14/2015 10:00:00 AM,10,3,7
08/14/2015 09:00:00 AM,8,3,5
08/14/2015 08:00:00 AM,6,3,3
08/14/2015 07:00:00 AM,4,1,3
08/14/2015 06:00:00 AM,3,1,2
08/14/2015 05:00:00 AM,1,0,1
08/14/2015 04:00:00 AM,2,1,1
08/14/2015 03:00:00 AM,0,0,0
08/14/2015 02:00:00 AM,2,2,0
08/14/2015 01:00:00 AM,0,0,0
08/14/2015 12:00:00 AM,0,0,0
08/13/2015 11:00:00 PM,2,1,1
08/13/2015 10:00:00 PM,3,2,1
08/13/2015 09:00:00 PM,4,3,1
08/13/2015 08:00:00 PM,19,12,7
08/13/2015 07:00:00 PM,23,10,13
08/13/2015 06:00:00 PM,10,6,4
08/13/2015 05:00:00 PM,18,13,5
08/13/2015 04:00:00 PM,14,8,6
08/13/2015 03:00:00 PM,8,5,3
08/13/2015 02:00:00 PM,14,8,6
08/13/2015 01:00:00 PM,9,4,5
08/13/2015 12:00:00 PM,17,6,11
08/13/2015 11:00:00 AM,7,3,4
08/13/2015 10:00:00 AM,13,9,4
08/13/2015 09:00:00 AM,9,4,5
08/13/2015 08:00:00 AM,14,7,7
08/13/2015 07:00:00 AM,5,3,2
08/13/2015 06:00:00 AM,6,2,4
08/13/2015 05:00:00 AM,3,2,1
08/13/2015 04:00:00 AM,1,0,1
08/13/2015 03:00:00 AM,0,0,0
08/13/2015 02:00:00 AM,1,1,0
08/13/2015 01:00:00 AM,0,0,0
08/13/2015 12:00:00 AM,0,0,0
08/12/2015 11:00:00 PM,1,0,1
08/12/2015 10:00:00 PM,9,6,3
08/12/2015 09:00:00 PM,7,5,2
08/12/2015 08:00:00 PM,24,19,5
08/12/2015 07:00:00 PM,9,4,5
08/12/2015 06:00:00 PM,26,11,15
08/12/2015 05:00:00 PM,22,11,11
08/12/2015 04:00:00 PM,10,4,6
08/12/2015 03:00:00 PM,4,3,1
08/12/2015 02:00:00 PM,2,0,2
08/12/2015 01:00:00 PM,12,6,6
08/12/2015 12:00:00 PM,6,2,4
08/12/2015 11:00:00 AM,6,2,4
08/12/2015 10:00:00 AM,13,1,12
08/12/2015 09:00:00 AM,6,2,4
08/12/2015 08:00:00 AM,16,5,11
08/12/2015 07:00:00 AM,8,3,5
08/12/2015 06:00:00 AM,5,4,1
08/12/2015 05:00:00 AM,0,0,0
08/12/2015 04:00:00 AM,1,0,1
08/12/2015 03:00:00 AM,0,0,0
08/12/2015 02:00:00 AM,0,0,0
08/12/2015 01:00:00 AM,1,1,0
08/12/2015 12:00:00 AM,2,0,2
08/11/2015 11:00:00 PM,5,4,1
08/11/2015 10:00:00 PM,5,4,1
08/11/2015 09:00:00 PM,4,0,4
08/11/2015 08:00:00 PM,7,5,2
08/11/2015 07:00:00 PM,11,5,6
08/11/2015 06:00:00 PM,20,11,9
08/11/2015 05:00:00 PM,19,9,10
08/11/2015 04:00:00 PM,16,12,4
08/11/2015 03:00:00 PM,8,2,6
08/11/2015 02:00:00 PM,6,1,5
08/11/2015 01:00:00 PM,10,3,7
08/11/2015 12:00:00 PM,15,11,4
08/11/2015 11:00:00 AM,7,3,4
08/11/2015 10:00:00 AM,6,2,4
08/11/2015 09:00:00 AM,8,4,4
08/11/2015 08:00:00 AM,9,5,4
08/11/2015 07:00:00 AM,16,5,11
08/11/2015 06:00:00 AM,4,0,4
08/11/2015 05:00:00 AM,1,0,1
08/11/2015 04:00:00 AM,2,1,1
08/11/2015 03:00:00 AM,0,0,0
08/11/2015 02:00:00 AM,2,2,0
08/11/2015 01:00:00 AM,0,0,0
08/11/2015 12:00:00 AM,0,0,0
08/10/2015 11:00:00 PM,0,0,0
08/10/2015 10:00:00 PM,3,0,3
08/10/2015 09:00:00 PM,6,3,3
08/10/2015 08:00:00 PM,13,9,4
08/10/2015 07:00:00 PM,24,13,11
08/10/2015 06:00:00 PM,23,16,7
08/10/2015 05:00:00 PM,15,5,10
08/10/2015 04:00:00 PM,19,12,7
08/10/2015 03:00:00 PM,9,2,7
08/10/2015 02:00:00 PM,12,5,7
08/10/2015 01:00:00 PM,8,5,3
08/10/2015 12:00:00 PM,12,3,9
08/10/2015 11:00:00 AM,6,2,4
08/10/2015 10:00:00 AM,7,5,2
08/10/2015 09:00:00 AM,8,2,6
08/10/2015 08:00:00 AM,10,4,6
08/10/2015 07:00:00 AM,4,1,3
08/10/2015 06:00:00 AM,4,1,3
08/10/2015 05:00:00 AM,0,0,0
08/10/2015 04:00:00 AM,2,1,1
08/10/2015 03:00:00 AM,0,0,0
08/10/2015 02:00:00 AM,0,0,0
08/10/2015 01:00:00 AM,0,0,0
08/10/2015 12:00:00 AM,2,1,1
08/09/2015 11:00:00 PM,2,0,2
08/09/2015 10:00:00 PM,4,4,0
08/09/2015 09:00:00 PM,3,3,0
08/09/2015 08:00:00 PM,10,8,2
08/09/2015 07:00:00 PM,0,0,0
08/09/2015 06:00:00 PM,0,0,0
08/09/2015 05:00:00 PM,9,4,5
08/09/2015 04:00:00 PM,25,6,19
08/09/2015 03:00:00 PM,10,3,7
08/09/2015 02:00:00 PM,31,18,13
08/09/2015 01:00:00 PM,49,24,25
08/09/2015 12:00:00 PM,17,10,7
08/09/2015 11:00:00 AM,22,7,15
08/09/2015 10:00:00 AM,9,3,6
08/09/2015 09:00:00 AM,7,5,2
08/09/2015 08:00:00 AM,4,1,3
08/09/2015 07:00:00 AM,2,0,2
08/09/2015 06:00:00 AM,0,0,0
08/09/2015 05:00:00 AM,0,0,0
08/09/2015 04:00:00 AM,0,0,0
08/09/2015 03:00:00 AM,0,0,0
08/09/2015 02:00:00 AM,0,0,0
08/09/2015 01:00:00 AM,1,1,0
08/09/2015 12:00:00 AM,2,2,0
08/08/2015 11:00:00 PM,0,0,0
08/08/2015 10:00:00 PM,6,6,0
08/08/2015 09:00:00 PM,2,2,0
08/08/2015 08:00:00 PM,7,4,3
08/08/2015 07:00:00 PM,0,0,0
08/08/2015 06:00:00 PM,9,8,1
08/08/2015 05:00:00 PM,15,5,10
08/08/2015 04:00:00 PM,9,3,6
08/08/2015 03:00:00 PM,13,11,2
08/08/2015 02:00:00 PM,14,8,6
08/08/2015 01:00:00 PM,11,5,6
08/08/2015 12:00:00 PM,23,15,8
08/08/2015 11:00:00 AM,12,3,9
08/08/2015 10:00:00 AM,6,0,6
08/08/2015 09:00:00 AM,7,4,3
08/08/2015 08:00:00 AM,16,4,12
08/08/2015 07:00:00 AM,4,3,1
08/08/2015 06:00:00 AM,1,1,0
08/08/2015 05:00:00 AM,0,0,0
08/08/2015 04:00:00 AM,0,0,0
08/08/2015 03:00:00 AM,0,0,0
08/08/2015 02:00:00 AM,0,0,0
08/08/2015 01:00:00 AM,2,2,0
08/08/2015 12:00:00 AM,4,3,1
08/07/2015 11:00:00 PM,1,1,0
08/07/2015 10:00:00 PM,3,1,2
08/07/2015 09:00:00 PM,9,6,3
08/07/2015 08:00:00 PM,4,3,1
08/07/2015 07:00:00 PM,13,9,4
08/07/2015 06:00:00 PM,20,14,6
08/07/2015 05:00:00 PM,17,10,7
08/07/2015 04:00:00 PM,12,9,3
08/07/2015 03:00:00 PM,17,7,10
08/07/2015 02:00:00 PM,13,2,11
08/07/2015 01:00:00 PM,12,4,8
08/07/2015 12:00:00 PM,15,13,2
08/07/2015 11:00:00 AM,4,1,3
08/07/2015 10:00:00 AM,9,3,6
08/07/2015 09:00:00 AM,12,7,5
08/07/2015 08:00:00 AM,10,7,3
08/07/2015 07:00:00 AM,13,5,8
08/07/2015 06:00:00 AM,5,3,2
08/07/2015 05:00:00 AM,0,0,0
08/07/2015 04:00:00 AM,1,0,1
08/07/2015 03:00:00 AM,0,0,0
08/07/2015 02:00:00 AM,0,0,0
08/07/2015 01:00:00 AM,1,1,0
08/07/2015 12:00:00 AM,0,0,0
08/06/2015 11:00:00 PM,2,2,0
08/06/2015 10:00:00 PM,2,2,0
08/06/2015 09:00:00 PM,8,5,3
08/06/2015 08:00:00 PM,16,10,6
08/06/2015 07:00:00 PM,23,15,8
08/06/2015 06:00:00 PM,14,7,7
08/06/2015 05:00:00 PM,11,8,3
08/06/2015 04:00:00 PM,19,10,9
08/06/2015 03:00:00 PM,11,6,5
08/06/2015 02:00:00 PM,8,6,2
08/06/2015 01:00:00 PM,8,3,5
08/06/2015 12:00:00 PM,11,10,1
08/06/2015 11:00:00 AM,6,3,3
08/06/2015 10:00:00 AM,16,1,15
08/06/2015 09:00:00 AM,9,5,4
08/06/2015 08:00:00 AM,6,3,3
08/06/2015 07:00:00 AM,2,0,2
08/06/2015 06:00:00 AM,5,2,3
08/06/2015 05:00:00 AM,2,1,1
08/06/2015 04:00:00 AM,2,1,1
08/06/2015 03:00:00 AM,2,1,1
08/06/2015 02:00:00 AM,0,0,0
08/06/2015 01:00:00 AM,0,0,0
08/06/2015 12:00:00 AM,2,0,2
08/05/2015 11:00:00 PM,1,0,1
08/05/2015 10:00:00 PM,1,0,1
08/05/2015 09:00:00 PM,4,2,2
08/05/2015 08:00:00 PM,8,6,2
08/05/2015 07:00:00 PM,10,3,7
08/05/2015 06:00:00 PM,27,15,12
08/05/2015 05:00:00 PM,11,6,5
08/05/2015 04:00:00 PM,12,6,6
08/05/2015 03:00:00 PM,6,4,2
08/05/2015 02:00:00 PM,10,6,4
08/05/2015 01:00:00 PM,7,4,3
08/05/2015 12:00:00 PM,6,6,0
08/05/2015 11:00:00 AM,18,12,6
08/05/2015 10:00:00 AM,3,0,3
08/05/2015 09:00:00 AM,9,1,8
08/05/2015 08:00:00 AM,8,6,2
08/05/2015 07:00:00 AM,11,5,6
08/05/2015 06:00:00 AM,5,3,2
08/05/2015 05:00:00 AM,2,2,0
08/05/2015 04:00:00 AM,1,0,1
08/05/2015 03:00:00 AM,0,0,0
08/05/2015 02:00:00 AM,0,0,0
08/05/2015 01:00:00 AM,2,2,0
08/05/2015 12:00:00 AM,1,0,1
08/04/2015 11:00:00 PM,0,0,0
08/04/2015 10:00:00 PM,3,2,1
08/04/2015 09:00:00 PM,9,8,1
08/04/2015 08:00:00 PM,7,4,3
08/04/2015 07:00:00 PM,21,10,11
08/04/2015 06:00:00 PM,27,18,9
08/04/2015 05:00:00 PM,26,11,15
08/04/2015 04:00:00 PM,22,12,10
08/04/2015 03:00:00 PM,10,5,5
08/04/2015 02:00:00 PM,5,2,3
08/04/2015 01:00:00 PM,17,8,9
08/04/2015 12:00:00 PM,12,8,4
08/04/2015 11:00:00 AM,10,5,5
08/04/2015 10:00:00 AM,10,5,5
08/04/2015 09:00:00 AM,5,2,3
08/04/2015 08:00:00 AM,20,10,10
08/04/2015 07:00:00 AM,8,2,6
08/04/2015 06:00:00 AM,5,3,2
08/04/2015 05:00:00 AM,1,1,0
08/04/2015 04:00:00 AM,0,0,0
08/04/2015 03:00:00 AM,1,0,1
08/04/2015 02:00:00 AM,0,0,0
08/04/2015 01:00:00 AM,0,0,0
08/04/2015 12:00:00 AM,0,0,0
08/03/2015 11:00:00 PM,4,3,1
08/03/2015 10:00:00 PM,3,3,0
08/03/2015 09:00:00 PM,11,9,2
08/03/2015 08:00:00 PM,4,1,3
08/03/2015 07:00:00 PM,19,9,10
08/03/2015 06:00:00 PM,25,13,12
08/03/2015 05:00:00 PM,19,14,5
08/03/2015 04:00:00 PM,9,6,3
08/03/2015 03:00:00 PM,10,4,6
08/03/2015 02:00:00 PM,9,5,4
08/03/2015 01:00:00 PM,10,4,6
08/03/2015 12:00:00 PM,12,8,4
08/03/2015 11:00:00 AM,11,5,6
08/03/2015 10:00:00 AM,5,0,5
08/03/2015 09:00:00 AM,13,7,6
08/03/2015 08:00:00 AM,12,5,7
08/03/2015 07:00:00 AM,6,4,2
08/03/2015 06:00:00 AM,3,1,2
08/03/2015 05:00:00 AM,2,1,1
08/03/2015 04:00:00 AM,0,0,0
08/03/2015 03:00:00 AM,1,0,1
08/03/2015 02:00:00 AM,0,0,0
08/03/2015 01:00:00 AM,0,0,0
08/03/2015 12:00:00 AM,1,1,0
08/02/2015 11:00:00 PM,3,3,0
08/02/2015 10:00:00 PM,0,0,0
08/02/2015 09:00:00 PM,1,0,1
08/02/2015 08:00:00 PM,4,4,0
08/02/2015 07:00:00 PM,7,7,0
08/02/2015 06:00:00 PM,15,9,6
08/02/2015 05:00:00 PM,9,1,8
08/02/2015 04:00:00 PM,10,6,4
08/02/2015 03:00:00 PM,26,17,9
08/02/2015 02:00:00 PM,30,22,8
08/02/2015 01:00:00 PM,11,7,4
08/02/2015 12:00:00 PM,10,6,4
08/02/2015 11:00:00 AM,28,4,24
08/02/2015 10:00:00 AM,8,3,5
08/02/2015 09:00:00 AM,18,5,13
08/02/2015 08:00:00 AM,3,3,0
08/02/2015 07:00:00 AM,0,0,0
08/02/2015 06:00:00 AM,1,0,1
08/02/2015 05:00:00 AM,0,0,0
08/02/2015 04:00:00 AM,0,0,0
08/02/2015 03:00:00 AM,1,1,0
08/02/2015 02:00:00 AM,1,1,0
08/02/2015 01:00:00 AM,1,0,1
08/02/2015 12:00:00 AM,3,2,1
08/01/2015 11:00:00 PM,4,3,1
08/01/2015 10:00:00 PM,2,2,0
08/01/2015 09:00:00 PM,5,2,3
08/01/2015 08:00:00 PM,8,5,3
08/01/2015 07:00:00 PM,7,2,5
08/01/2015 06:00:00 PM,14,10,4
08/01/2015 05:00:00 PM,5,0,5
08/01/2015 04:00:00 PM,11,5,6
08/01/2015 03:00:00 PM,14,9,5
08/01/2015 02:00:00 PM,17,7,10
08/01/2015 01:00:00 PM,12,4,8
08/01/2015 12:00:00 PM,8,2,6
08/01/2015 11:00:00 AM,7,2,5
08/01/2015 10:00:00 AM,11,5,6
08/01/2015 09:00:00 AM,8,5,3
08/01/2015 08:00:00 AM,4,2,2
08/01/2015 07:00:00 AM,3,2,1
08/01/2015 06:00:00 AM,4,3,1
08/01/2015 05:00:00 AM,0,0,0
08/01/2015 04:00:00 AM,1,0,1
08/01/2015 03:00:00 AM,1,0,1
08/01/2015 02:00:00 AM,0,0,0
08/01/2015 01:00:00 AM,2,2,0
08/01/2015 12:00:00 AM,3,1,2
07/31/2015 11:00:00 PM,2,2,0
07/31/2015 10:00:00 PM,3,1,2
07/31/2015 09:00:00 PM,10,6,4
07/31/2015 08:00:00 PM,10,4,6
07/31/2015 07:00:00 PM,14,7,7
07/31/2015 06:00:00 PM,15,8,7
07/31/2015 05:00:00 PM,23,11,12
07/31/2015 04:00:00 PM,21,12,9
07/31/2015 03:00:00 PM,8,5,3
07/31/2015 02:00:00 PM,14,3,11
07/31/2015 01:00:00 PM,8,6,2
07/31/2015 12:00:00 PM,8,3,5
07/31/2015 11:00:00 AM,7,2,5
07/31/2015 10:00:00 AM,12,2,10
07/31/2015 09:00:00 AM,11,3,8
07/31/2015 08:00:00 AM,8,6,2
07/31/2015 07:00:00 AM,7,4,3
07/31/2015 06:00:00 AM,1,1,0
07/31/2015 05:00:00 AM,2,1,1
07/31/2015 04:00:00 AM,1,0,1
07/31/2015 03:00:00 AM,0,0,0
07/31/2015 02:00:00 AM,0,0,0
07/31/2015 01:00:00 AM,0,0,0
07/31/2015 12:00:00 AM,0,0,0
07/30/2015 11:00:00 PM,5,5,0
07/30/2015 10:00:00 PM,5,4,1
07/30/2015 09:00:00 PM,4,4,0
07/30/2015 08:00:00 PM,14,8,6
07/30/2015 07:00:00 PM,22,12,10
07/30/2015 06:00:00 PM,17,7,10
07/30/2015 05:00:00 PM,21,10,11
07/30/2015 04:00:00 PM,9,7,2
07/30/2015 03:00:00 PM,9,7,2
07/30/2015 02:00:00 PM,8,5,3
07/30/2015 01:00:00 PM,14,3,11
07/30/2015 12:00:00 PM,6,4,2
07/30/2015 11:00:00 AM,12,10,2
07/30/2015 10:00:00 AM,9,6,3
07/30/2015 09:00:00 AM,13,8,5
07/30/2015 08:00:00 AM,12,10,2
07/30/2015 07:00:00 AM,7,2,5
07/30/2015 06:00:00 AM,2,0,2
07/30/2015 05:00:00 AM,1,1,0
07/30/2015 04:00:00 AM,2,1,1
07/30/2015 03:00:00 AM,0,0,0
07/30/2015 02:00:00 AM,1,1,0
07/30/2015 01:00:00 AM,1,1,0
07/30/2015 12:00:00 AM,3,1,2
07/29/2015 11:00:00 PM,0,0,0
07/29/2015 10:00:00 PM,11,6,5
07/29/2015 09:00:00 PM,9,4,5
07/29/2015 08:00:00 PM,9,4,5
07/29/2015 07:00:00 PM,13,7,6
07/29/2015 06:00:00 PM,25,13,12
07/29/2015 05:00:00 PM,18,12,6
07/29/2015 04:00:00 PM,16,8,8
07/29/2015 03:00:00 PM,14,9,5
07/29/2015 02:00:00 PM,12,7,5
07/29/2015 01:00:00 PM,3,1,2
07/29/2015 12:00:00 PM,5,4,1
07/29/2015 11:00:00 AM,7,6,1
07/29/2015 10:00:00 AM,6,1,5
07/29/2015 09:00:00 AM,6,4,2
07/29/2015 08:00:00 AM,7,3,4
07/29/2015 07:00:00 AM,4,1,3
07/29/2015 06:00:00 AM,2,1,1
07/29/2015 05:00:00 AM,1,1,0
07/29/2015 04:00:00 AM,0,0,0
07/29/2015 03:00:00 AM,1,0,1
07/29/2015 02:00:00 AM,0,0,0
07/29/2015 01:00:00 AM,0,0,0
07/29/2015 12:00:00 AM,0,0,0
07/28/2015 11:00:00 PM,2,1,1
07/28/2015 10:00:00 PM,4,4,0
07/28/2015 09:00:00 PM,12,7,5
07/28/2015 08:00:00 PM,12,8,4
07/28/2015 07:00:00 PM,20,5,15
07/28/2015 06:00:00 PM,25,14,11
07/28/2015 05:00:00 PM,24,10,14
07/28/2015 04:00:00 PM,17,7,10
07/28/2015 03:00:00 PM,17,13,4
07/28/2015 02:00:00 PM,14,6,8
07/28/2015 01:00:00 PM,14,6,8
07/28/2015 12:00:00 PM,14,6,8
07/28/2015 11:00:00 AM,6,2,4
07/28/2015 10:00:00 AM,10,3,7
07/28/2015 09:00:00 AM,10,3,7
07/28/2015 08:00:00 AM,7,5,2
07/28/2015 07:00:00 AM,7,2,5
07/28/2015 06:00:00 AM,2,1,1
07/28/2015 05:00:00 AM,1,1,0
07/28/2015 04:00:00 AM,1,0,1
07/28/2015 03:00:00 AM,0,0,0
07/28/2015 02:00:00 AM,0,0,0
07/28/2015 01:00:00 AM,1,0,1
07/28/2015 12:00:00 AM,2,1,1
07/27/2015 11:00:00 PM,2,2,0
07/27/2015 10:00:00 PM,3,3,0
07/27/2015 09:00:00 PM,4,3,1
07/27/2015 08:00:00 PM,9,2,7
07/27/2015 07:00:00 PM,8,7,1
07/27/2015 06:00:00 PM,25,17,8
07/27/2015 05:00:00 PM,23,13,10
07/27/2015 04:00:00 PM,10,5,5
07/27/2015 03:00:00 PM,8,3,5
07/27/2015 02:00:00 PM,3,1,2
07/27/2015 01:00:00 PM,10,3,7
07/27/2015 12:00:00 PM,7,5,2
07/27/2015 11:00:00 AM,3,0,3
07/27/2015 10:00:00 AM,7,5,2
07/27/2015 09:00:00 AM,8,4,4
07/27/2015 08:00:00 AM,14,7,7
07/27/2015 07:00:00 AM,4,2,2
07/27/2015 06:00:00 AM,1,0,1
07/27/2015 05:00:00 AM,1,1,0
07/27/2015 04:00:00 AM,1,0,1
07/27/2015 03:00:00 AM,0,0,0
07/27/2015 02:00:00 AM,1,1,0
07/27/2015 01:00:00 AM,0,0,0
07/27/2015 12:00:00 AM,1,1,0
07/26/2015 11:00:00 PM,0,0,0
07/26/2015 10:00:00 PM,1,1,0
07/26/2015 09:00:00 PM,0,0,0
07/26/2015 08:00:00 PM,6,2,4
07/26/2015 07:00:00 PM,5,4,1
07/26/2015 06:00:00 PM,3,0,3
07/26/2015 05:00:00 PM,4,0,4
07/26/2015 04:00:00 PM,8,7,1
07/26/2015 03:00:00 PM,14,10,4
07/26/2015 02:00:00 PM,17,8,9
07/26/2015 01:00:00 PM,17,9,8
07/26/2015 12:00:00 PM,12,6,6
07/26/2015 11:00:00 AM,12,4,8
07/26/2015 10:00:00 AM,17,5,12
07/26/2015 09:00:00 AM,12,8,4
07/26/2015 08:00:00 AM,4,0,4
07/26/2015 07:00:00 AM,1,1,0
07/26/2015 06:00:00 AM,0,0,0
07/26/2015 05:00:00 AM,1,0,1
07/26/2015 04:00:00 AM,0,0,0
07/26/2015 03:00:00 AM,0,0,0
07/26/2015 02:00:00 AM,0,0,0
07/26/2015 01:00:00 AM,2,0,2
07/26/2015 12:00:00 AM,0,0,0
07/25/2015 11:00:00 PM,1,1,0
07/25/2015 10:00:00 PM,0,0,0
07/25/2015 09:00:00 PM,6,4,2
07/25/2015 08:00:00 PM,1,1,0
07/25/2015 07:00:00 PM,4,0,4
07/25/2015 06:00:00 PM,4,3,1
07/25/2015 05:00:00 PM,14,7,7
07/25/2015 04:00:00 PM,14,5,9
07/25/2015 03:00:00 PM,4,4,0
07/25/2015 02:00:00 PM,1,0,1
07/25/2015 01:00:00 PM,9,1,8
07/25/2015 12:00:00 PM,9,5,4
07/25/2015 11:00:00 AM,3,1,2
07/25/2015 10:00:00 AM,7,3,4
07/25/2015 09:00:00 AM,7,3,4
07/25/2015 08:00:00 AM,2,0,2
07/25/2015 07:00:00 AM,1,0,1
07/25/2015 06:00:00 AM,0,0,0
07/25/2015 05:00:00 AM,0,0,0
07/25/2015 04:00:00 AM,0,0,0
07/25/2015 03:00:00 AM,0,0,0
07/25/2015 02:00:00 AM,1,0,1
07/25/2015 01:00:00 AM,2,2,0
07/25/2015 12:00:00 AM,0,0,0
07/24/2015 11:00:00 PM,9,1,8
07/24/2015 10:00:00 PM,0,0,0
07/24/2015 09:00:00 PM,8,5,3
07/24/2015 08:00:00 PM,6,3,3
07/24/2015 07:00:00 PM,3,3,0
07/24/2015 06:00:00 PM,13,4,9
07/24/2015 05:00:00 PM,21,13,8
07/24/2015 04:00:00 PM,14,8,6
07/24/2015 03:00:00 PM,11,7,4
07/24/2015 02:00:00 PM,6,4,2
07/24/2015 01:00:00 PM,12,6,6
07/24/2015 12:00:00 PM,5,1,4
07/24/2015 11:00:00 AM,6,5,1
07/24/2015 10:00:00 AM,4,1,3
07/24/2015 09:00:00 AM,12,6,6
07/24/2015 08:00:00 AM,7,3,4
07/24/2015 07:00:00 AM,11,4,7
07/24/2015 06:00:00 AM,2,0,2
07/24/2015 05:00:00 AM,0,0,0
07/24/2015 04:00:00 AM,1,0,1
07/24/2015 03:00:00 AM,0,0,0
07/24/2015 02:00:00 AM,1,1,0
07/24/2015 01:00:00 AM,1,0,1
07/24/2015 12:00:00 AM,0,0,0
07/23/2015 11:00:00 PM,4,4,0
07/23/2015 10:00:00 PM,5,2,3
07/23/2015 09:00:00 PM,7,5,2
07/23/2015 08:00:00 PM,12,6,6
07/23/2015 07:00:00 PM,14,8,6
07/23/2015 06:00:00 PM,13,9,4
07/23/2015 05:00:00 PM,17,13,4
07/23/2015 04:00:00 PM,12,3,9
07/23/2015 03:00:00 PM,7,2,5
07/23/2015 02:00:00 PM,2,2,0
07/23/2015 01:00:00 PM,12,7,5
07/23/2015 12:00:00 PM,5,2,3
07/23/2015 11:00:00 AM,9,4,5
07/23/2015 10:00:00 AM,6,3,3
07/23/2015 09:00:00 AM,10,4,6
07/23/2015 08:00:00 AM,14,8,6
07/23/2015 07:00:00 AM,7,3,4
07/23/2015 06:00:00 AM,2,0,2
07/23/2015 05:00:00 AM,1,1,0
07/23/2015 04:00:00 AM,1,0,1
07/23/2015 03:00:00 AM,0,0,0
07/23/2015 02:00:00 AM,0,0,0
07/23/2015 01:00:00 AM,1,0,1
07/23/2015 12:00:00 AM,2,0,2
07/22/2015 11:00:00 PM,0,0,0
07/22/2015 10:00:00 PM,1,0,1
07/22/2015 09:00:00 PM,11,7,4
07/22/2015 08:00:00 PM,5,2,3
07/22/2015 07:00:00 PM,11,6,5
07/22/2015 06:00:00 PM,17,11,6
07/22/2015 05:00:00 PM,19,8,11
07/22/2015 04:00:00 PM,13,8,5
07/22/2015 03:00:00 PM,6,5,1
07/22/2015 02:00:00 PM,4,3,1
07/22/2015 01:00:00 PM,5,3,2
07/22/2015 12:00:00 PM,2,0,2
07/22/2015 11:00:00 AM,11,8,3
07/22/2015 10:00:00 AM,14,5,9
07/22/2015 09:00:00 AM,12,3,9
07/22/2015 08:00:00 AM,10,2,8
07/22/2015 07:00:00 AM,7,4,3
07/22/2015 06:00:00 AM,2,1,1
07/22/2015 05:00:00 AM,1,1,0
07/22/2015 04:00:00 AM,1,0,1
07/22/2015 03:00:00 AM,1,1,0
07/22/2015 02:00:00 AM,0,0,0
07/22/2015 01:00:00 AM,0,0,0
07/22/2015 12:00:00 AM,0,0,0
07/21/2015 11:00:00 PM,2,2,0
07/21/2015 10:00:00 PM,9,8,1
07/21/2015 09:00:00 PM,6,3,3
07/21/2015 08:00:00 PM,9,3,6
07/21/2015 07:00:00 PM,32,9,23
07/21/2015 06:00:00 PM,13,6,7
07/21/2015 05:00:00 PM,18,13,5
07/21/2015 04:00:00 PM,7,4,3
07/21/2015 03:00:00 PM,8,7,1
07/21/2015 02:00:00 PM,6,2,4
07/21/2015 01:00:00 PM,9,4,5
07/21/2015 12:00:00 PM,13,8,5
07/21/2015 11:00:00 AM,7,1,6
07/21/2015 10:00:00 AM,5,0,5
07/21/2015 09:00:00 AM,11,3,8
07/21/2015 08:00:00 AM,11,7,4
07/21/2015 07:00:00 AM,6,3,3
07/21/2015 06:00:00 AM,1,1,0
07/21/2015 05:00:00 AM,1,1,0
07/21/2015 04:00:00 AM,1,0,1
07/21/2015 03:00:00 AM,0,0,0
07/21/2015 02:00:00 AM,0,0,0
07/21/2015 01:00:00 AM,1,1,0
07/21/2015 12:00:00 AM,0,0,0
07/20/2015 11:00:00 PM,2,2,0
07/20/2015 10:00:00 PM,4,3,1
07/20/2015 09:00:00 PM,4,2,2
07/20/2015 08:00:00 PM,7,4,3
07/20/2015 07:00:00 PM,15,8,7
07/20/2015 06:00:00 PM,21,10,11
07/20/2015 05:00:00 PM,23,13,10
07/20/2015 04:00:00 PM,12,10,2
07/20/2015 03:00:00 PM,8,2,6
07/20/2015 02:00:00 PM,8,6,2
07/20/2015 01:00:00 PM,6,2,4
07/20/2015 12:00:00 PM,8,6,2
07/20/2015 11:00:00 AM,7,4,3
07/20/2015 10:00:00 AM,6,2,4
07/20/2015 09:00:00 AM,20,6,14
07/20/2015 08:00:00 AM,12,8,4
07/20/2015 07:00:00 AM,7,3,4
07/20/2015 06:00:00 AM,3,0,3
07/20/2015 05:00:00 AM,1,1,0
07/20/2015 04:00:00 AM,1,0,1
07/20/2015 03:00:00 AM,0,0,0
07/20/2015 02:00:00 AM,2,2,0
07/20/2015 01:00:00 AM,1,1,0
07/20/2015 12:00:00 AM,2,2,0
07/19/2015 11:00:00 PM,1,0,1
07/19/2015 10:00:00 PM,0,0,0
07/19/2015 09:00:00 PM,8,7,1
07/19/2015 08:00:00 PM,9,6,3
07/19/2015 07:00:00 PM,8,3,5
07/19/2015 06:00:00 PM,7,5,2
07/19/2015 05:00:00 PM,19,14,5
07/19/2015 04:00:00 PM,8,6,2
07/19/2015 03:00:00 PM,16,9,7
07/19/2015 02:00:00 PM,31,15,16
07/19/2015 01:00:00 PM,10,3,7
07/19/2015 12:00:00 PM,21,11,10
07/19/2015 11:00:00 AM,26,13,13
07/19/2015 10:00:00 AM,28,19,9
07/19/2015 09:00:00 AM,11,6,5
07/19/2015 08:00:00 AM,5,0,5
07/19/2015 07:00:00 AM,2,1,1
07/19/2015 06:00:00 AM,0,0,0
07/19/2015 05:00:00 AM,0,0,0
07/19/2015 04:00:00 AM,0,0,0
07/19/2015 03:00:00 AM,0,0,0
07/19/2015 02:00:00 AM,0,0,0
07/19/2015 01:00:00 AM,2,2,0
07/19/2015 12:00:00 AM,0,0,0
07/18/2015 11:00:00 PM,0,0,0
07/18/2015 10:00:00 PM,7,6,1
07/18/2015 09:00:00 PM,11,11,0
07/18/2015 08:00:00 PM,8,3,5
07/18/2015 07:00:00 PM,7,4,3
07/18/2015 06:00:00 PM,7,4,3
07/18/2015 05:00:00 PM,12,8,4
07/18/2015 04:00:00 PM,11,7,4
07/18/2015 03:00:00 PM,11,6,5
07/18/2015 02:00:00 PM,22,6,16
07/18/2015 01:00:00 PM,26,14,12
07/18/2015 12:00:00 PM,7,5,2
07/18/2015 11:00:00 AM,16,8,8
07/18/2015 10:00:00 AM,17,10,7
07/18/2015 09:00:00 AM,10,8,2
07/18/2015 08:00:00 AM,6,0,6
07/18/2015 07:00:00 AM,0,0,0
07/18/2015 06:00:00 AM,0,0,0
07/18/2015 05:00:00 AM,0,0,0
07/18/2015 04:00:00 AM,0,0,0
07/18/2015 03:00:00 AM,0,0,0
07/18/2015 02:00:00 AM,2,2,0
07/18/2015 01:00:00 AM,0,0,0
07/18/2015 12:00:00 AM,2,1,1
07/17/2015 11:00:00 PM,4,4,0
07/17/2015 10:00:00 PM,3,2,1
07/17/2015 09:00:00 PM,4,2,2
07/17/2015 08:00:00 PM,11,8,3
07/17/2015 07:00:00 PM,19,13,6
07/17/2015 06:00:00 PM,12,7,5
07/17/2015 05:00:00 PM,16,9,7
07/17/2015 04:00:00 PM,24,20,4
07/17/2015 03:00:00 PM,11,4,7
07/17/2015 02:00:00 PM,9,4,5
07/17/2015 01:00:00 PM,14,9,5
07/17/2015 12:00:00 PM,10,6,4
07/17/2015 11:00:00 AM,6,4,2
07/17/2015 10:00:00 AM,7,2,5
07/17/2015 09:00:00 AM,11,3,8
07/17/2015 08:00:00 AM,13,4,9
07/17/2015 07:00:00 AM,6,2,4
07/17/2015 06:00:00 AM,6,1,5
07/17/2015 05:00:00 AM,1,1,0
07/17/2015 04:00:00 AM,1,0,1
07/17/2015 03:00:00 AM,0,0,0
07/17/2015 02:00:00 AM,2,1,1
07/17/2015 01:00:00 AM,0,0,0
07/17/2015 12:00:00 AM,0,0,0
07/16/2015 11:00:00 PM,6,6,0
07/16/2015 10:00:00 PM,1,0,1
07/16/2015 09:00:00 PM,10,4,6
07/16/2015 08:00:00 PM,13,6,7
07/16/2015 07:00:00 PM,19,9,10
07/16/2015 06:00:00 PM,27,13,14
07/16/2015 05:00:00 PM,13,8,5
07/16/2015 04:00:00 PM,10,5,5
07/16/2015 03:00:00 PM,8,1,7
07/16/2015 02:00:00 PM,6,4,2
07/16/2015 01:00:00 PM,4,2,2
07/16/2015 12:00:00 PM,15,11,4
07/16/2015 11:00:00 AM,12,7,5
07/16/2015 10:00:00 AM,15,3,12
07/16/2015 09:00:00 AM,11,5,6
07/16/2015 08:00:00 AM,15,5,10
07/16/2015 07:00:00 AM,5,2,3
07/16/2015 06:00:00 AM,3,1,2
07/16/2015 05:00:00 AM,0,0,0
07/16/2015 04:00:00 AM,1,0,1
07/16/2015 03:00:00 AM,0,0,0
07/16/2015 02:00:00 AM,0,0,0
07/16/2015 01:00:00 AM,0,0,0
07/16/2015 12:00:00 AM,0,0,0
07/15/2015 11:00:00 PM,0,0,0
07/15/2015 10:00:00 PM,7,5,2
07/15/2015 09:00:00 PM,2,1,1
07/15/2015 08:00:00 PM,10,10,0
07/15/2015 07:00:00 PM,16,6,10
07/15/2015 06:00:00 PM,25,10,15
07/15/2015 05:00:00 PM,17,10,7
07/15/2015 04:00:00 PM,11,8,3
07/15/2015 03:00:00 PM,20,11,9
07/15/2015 02:00:00 PM,4,1,3
07/15/2015 01:00:00 PM,6,3,3
07/15/2015 12:00:00 PM,13,7,6
07/15/2015 11:00:00 AM,4,2,2
07/15/2015 10:00:00 AM,4,2,2
07/15/2015 09:00:00 AM,13,5,8
07/15/2015 08:00:00 AM,9,4,5
07/15/2015 07:00:00 AM,11,6,5
07/15/2015 06:00:00 AM,2,0,2
07/15/2015 05:00:00 AM,0,0,0
07/15/2015 04:00:00 AM,3,2,1
07/15/2015 03:00:00 AM,1,1,0
07/15/2015 02:00:00 AM,0,0,0
07/15/2015 01:00:00 AM,0,0,0
07/15/2015 12:00:00 AM,1,0,1
07/14/2015 11:00:00 PM,6,5,1
07/14/2015 10:00:00 PM,6,2,4
07/14/2015 09:00:00 PM,10,6,4
07/14/2015 08:00:00 PM,11,7,4
07/14/2015 07:00:00 PM,18,9,9
07/14/2015 06:00:00 PM,19,11,8
07/14/2015 05:00:00 PM,31,18,13
07/14/2015 04:00:00 PM,14,8,6
07/14/2015 03:00:00 PM,12,9,3
07/14/2015 02:00:00 PM,7,4,3
07/14/2015 01:00:00 PM,3,3,0
07/14/2015 12:00:00 PM,9,6,3
07/14/2015 11:00:00 AM,7,3,4
07/14/2015 10:00:00 AM,8,3,5
07/14/2015 09:00:00 AM,16,5,11
07/14/2015 08:00:00 AM,15,7,8
07/14/2015 07:00:00 AM,7,2,5
07/14/2015 06:00:00 AM,1,0,1
07/14/2015 05:00:00 AM,2,2,0
07/14/2015 04:00:00 AM,2,1,1
07/14/2015 03:00:00 AM,1,1,0
07/14/2015 02:00:00 AM,0,0,0
07/14/2015 01:00:00 AM,0,0,0
07/14/2015 12:00:00 AM,0,0,0
07/13/2015 11:00:00 PM,2,2,0
07/13/2015 10:00:00 PM,1,1,0
07/13/2015 09:00:00 PM,9,2,7
07/13/2015 08:00:00 PM,9,4,5
07/13/2015 07:00:00 PM,16,10,6
07/13/2015 06:00:00 PM,15,8,7
07/13/2015 05:00:00 PM,19,10,9
07/13/2015 04:00:00 PM,11,7,4
07/13/2015 03:00:00 PM,7,1,6
07/13/2015 02:00:00 PM,10,3,7
07/13/2015 01:00:00 PM,8,4,4
07/13/2015 12:00:00 PM,9,5,4
07/13/2015 11:00:00 AM,5,1,4
07/13/2015 10:00:00 AM,9,3,6
07/13/2015 09:00:00 AM,6,1,5
07/13/2015 08:00:00 AM,13,7,6
07/13/2015 07:00:00 AM,8,5,3
07/13/2015 06:00:00 AM,3,0,3
07/13/2015 05:00:00 AM,0,0,0
07/13/2015 04:00:00 AM,1,0,1
07/13/2015 03:00:00 AM,0,0,0
07/13/2015 02:00:00 AM,0,0,0
07/13/2015 01:00:00 AM,0,0,0
07/13/2015 12:00:00 AM,1,1,0
07/12/2015 11:00:00 PM,2,0,2
07/12/2015 10:00:00 PM,4,3,1
07/12/2015 09:00:00 PM,6,4,2
07/12/2015 08:00:00 PM,5,0,5
07/12/2015 07:00:00 PM,26,17,9
07/12/2015 06:00:00 PM,16,10,6
07/12/2015 05:00:00 PM,22,12,10
07/12/2015 04:00:00 PM,28,16,12
07/12/2015 03:00:00 PM,16,4,12
07/12/2015 02:00:00 PM,26,19,7
07/12/2015 01:00:00 PM,22,11,11
07/12/2015 12:00:00 PM,27,6,21
07/12/2015 11:00:00 AM,26,6,20
07/12/2015 10:00:00 AM,26,9,17
07/12/2015 09:00:00 AM,10,7,3
07/12/2015 08:00:00 AM,5,1,4
07/12/2015 07:00:00 AM,3,1,2
07/12/2015 06:00:00 AM,1,0,1
07/12/2015 05:00:00 AM,0,0,0
07/12/2015 04:00:00 AM,1,0,1
07/12/2015 03:00:00 AM,4,3,1
07/12/2015 02:00:00 AM,4,4,0
07/12/2015 01:00:00 AM,1,1,0
07/12/2015 12:00:00 AM,1,1,0
07/11/2015 11:00:00 PM,3,3,0
07/11/2015 10:00:00 PM,5,2,3
07/11/2015 09:00:00 PM,10,5,5
07/11/2015 08:00:00 PM,9,0,9
07/11/2015 07:00:00 PM,10,6,4
07/11/2015 06:00:00 PM,25,9,16
07/11/2015 05:00:00 PM,23,11,12
07/11/2015 04:00:00 PM,6,1,5
07/11/2015 03:00:00 PM,22,10,12
07/11/2015 02:00:00 PM,16,10,6
07/11/2015 01:00:00 PM,19,4,15
07/11/2015 12:00:00 PM,13,5,8
07/11/2015 11:00:00 AM,11,2,9
07/11/2015 10:00:00 AM,22,8,14
07/11/2015 09:00:00 AM,16,7,9
07/11/2015 08:00:00 AM,9,4,5
07/11/2015 07:00:00 AM,6,2,4
07/11/2015 06:00:00 AM,2,0,2
07/11/2015 05:00:00 AM,1,1,0
07/11/2015 04:00:00 AM,0,0,0
07/11/2015 03:00:00 AM,1,0,1
07/11/2015 02:00:00 AM,3,2,1
07/11/2015 01:00:00 AM,0,0,0
07/11/2015 12:00:00 AM,2,2,0
07/10/2015 11:00:00 PM,1,1,0
07/10/2015 10:00:00 PM,4,2,2
07/10/2015 09:00:00 PM,4,4,0
07/10/2015 08:00:00 PM,11,5,6
07/10/2015 07:00:00 PM,1,1,0
07/10/2015 06:00:00 PM,12,4,8
07/10/2015 05:00:00 PM,11,9,2
07/10/2015 04:00:00 PM,16,7,9
07/10/2015 03:00:00 PM,9,6,3
07/10/2015 02:00:00 PM,6,4,2
07/10/2015 01:00:00 PM,6,4,2
07/10/2015 12:00:00 PM,10,8,2
07/10/2015 11:00:00 AM,7,2,5
07/10/2015 10:00:00 AM,10,2,8
07/10/2015 09:00:00 AM,5,3,2
07/10/2015 08:00:00 AM,4,2,2
07/10/2015 07:00:00 AM,4,2,2
07/10/2015 06:00:00 AM,5,0,5
07/10/2015 05:00:00 AM,1,1,0
07/10/2015 04:00:00 AM,1,0,1
07/10/2015 03:00:00 AM,0,0,0
07/10/2015 02:00:00 AM,0,0,0
07/10/2015 01:00:00 AM,0,0,0
07/10/2015 12:00:00 AM,0,0,0
07/09/2015 11:00:00 PM,2,0,2
07/09/2015 10:00:00 PM,2,2,0
07/09/2015 09:00:00 PM,5,3,2
07/09/2015 08:00:00 PM,10,5,5
07/09/2015 07:00:00 PM,18,10,8
07/09/2015 06:00:00 PM,16,12,4
07/09/2015 05:00:00 PM,14,10,4
07/09/2015 04:00:00 PM,12,6,6
07/09/2015 03:00:00 PM,10,6,4
07/09/2015 02:00:00 PM,3,1,2
07/09/2015 01:00:00 PM,8,2,6
07/09/2015 12:00:00 PM,9,7,2
07/09/2015 11:00:00 AM,7,5,2
07/09/2015 10:00:00 AM,9,5,4
07/09/2015 09:00:00 AM,9,2,7
07/09/2015 08:00:00 AM,9,2,7
07/09/2015 07:00:00 AM,8,1,7
07/09/2015 06:00:00 AM,0,0,0
07/09/2015 05:00:00 AM,2,2,0
07/09/2015 04:00:00 AM,0,0,0
07/09/2015 03:00:00 AM,1,0,1
07/09/2015 02:00:00 AM,1,0,1
07/09/2015 01:00:00 AM,0,0,0
07/09/2015 12:00:00 AM,0,0,0
07/08/2015 11:00:00 PM,1,1,0
07/08/2015 10:00:00 PM,8,5,3
07/08/2015 09:00:00 PM,6,4,2
07/08/2015 08:00:00 PM,9,5,4
07/08/2015 07:00:00 PM,13,6,7
07/08/2015 06:00:00 PM,18,10,8
07/08/2015 05:00:00 PM,21,12,9
07/08/2015 04:00:00 PM,17,9,8
07/08/2015 03:00:00 PM,8,6,2
07/08/2015 02:00:00 PM,2,1,1
07/08/2015 01:00:00 PM,7,2,5
07/08/2015 12:00:00 PM,11,7,4
07/08/2015 11:00:00 AM,7,6,1
07/08/2015 10:00:00 AM,11,2,9
07/08/2015 09:00:00 AM,10,4,6
07/08/2015 08:00:00 AM,11,5,6
07/08/2015 07:00:00 AM,7,4,3
07/08/2015 06:00:00 AM,9,3,6
07/08/2015 05:00:00 AM,1,1,0
07/08/2015 04:00:00 AM,1,0,1
07/08/2015 03:00:00 AM,0,0,0
07/08/2015 02:00:00 AM,1,0,1
07/08/2015 01:00:00 AM,0,0,0
07/08/2015 12:00:00 AM,0,0,0
07/07/2015 11:00:00 PM,0,0,0
07/07/2015 10:00:00 PM,3,1,2
07/07/2015 09:00:00 PM,2,2,0
07/07/2015 08:00:00 PM,8,5,3
07/07/2015 07:00:00 PM,18,10,8
07/07/2015 06:00:00 PM,15,10,5
07/07/2015 05:00:00 PM,18,6,12
07/07/2015 04:00:00 PM,16,7,9
07/07/2015 03:00:00 PM,11,7,4
07/07/2015 02:00:00 PM,2,1,1
07/07/2015 01:00:00 PM,4,3,1
07/07/2015 12:00:00 PM,15,10,5
07/07/2015 11:00:00 AM,5,3,2
07/07/2015 10:00:00 AM,9,2,7
07/07/2015 09:00:00 AM,8,3,5
07/07/2015 08:00:00 AM,13,6,7
07/07/2015 07:00:00 AM,7,2,5
07/07/2015 06:00:00 AM,1,0,1
07/07/2015 05:00:00 AM,1,1,0
07/07/2015 04:00:00 AM,1,0,1
07/07/2015 03:00:00 AM,0,0,0
07/07/2015 02:00:00 AM,0,0,0
07/07/2015 01:00:00 AM,0,0,0
07/07/2015 12:00:00 AM,0,0,0
07/06/2015 11:00:00 PM,3,3,0
07/06/2015 10:00:00 PM,5,3,2
07/06/2015 09:00:00 PM,7,4,3
07/06/2015 08:00:00 PM,7,3,4
07/06/2015 07:00:00 PM,8,3,5
07/06/2015 06:00:00 PM,21,13,8
07/06/2015 05:00:00 PM,12,9,3
07/06/2015 04:00:00 PM,18,10,8
07/06/2015 03:00:00 PM,10,8,2
07/06/2015 02:00:00 PM,7,6,1
07/06/2015 01:00:00 PM,1,0,1
07/06/2015 12:00:00 PM,0,0,0
07/06/2015 11:00:00 AM,0,0,0
07/06/2015 10:00:00 AM,1,0,1
07/06/2015 09:00:00 AM,21,6,15
07/06/2015 08:00:00 AM,9,2,7
07/06/2015 07:00:00 AM,5,2,3
07/06/2015 06:00:00 AM,3,1,2
07/06/2015 05:00:00 AM,0,0,0
07/06/2015 04:00:00 AM,1,0,1
07/06/2015 03:00:00 AM,0,0,0
07/06/2015 02:00:00 AM,0,0,0
07/06/2015 01:00:00 AM,2,2,0
07/06/2015 12:00:00 AM,1,0,1
07/05/2015 11:00:00 PM,3,3,0
07/05/2015 10:00:00 PM,8,8,0
07/05/2015 09:00:00 PM,7,5,2
07/05/2015 08:00:00 PM,9,3,6
07/05/2015 07:00:00 PM,15,6,9
07/05/2015 06:00:00 PM,8,7,1
07/05/2015 05:00:00 PM,8,1,7
07/05/2015 04:00:00 PM,8,7,1
07/05/2015 03:00:00 PM,13,4,9
07/05/2015 02:00:00 PM,11,4,7
07/05/2015 01:00:00 PM,27,21,6
07/05/2015 12:00:00 PM,14,5,9
07/05/2015 11:00:00 AM,18,9,9
07/05/2015 10:00:00 AM,9,5,4
07/05/2015 09:00:00 AM,11,4,7
07/05/2015 08:00:00 AM,3,1,2
07/05/2015 07:00:00 AM,0,0,0
07/05/2015 06:00:00 AM,2,1,1
07/05/2015 05:00:00 AM,0,0,0
07/05/2015 04:00:00 AM,1,1,0
07/05/2015 03:00:00 AM,0,0,0
07/05/2015 02:00:00 AM,2,1,1
07/05/2015 01:00:00 AM,1,0,1
07/05/2015 12:00:00 AM,5,0,5
07/04/2015 11:00:00 PM,10,3,7
07/04/2015 10:00:00 PM,2,2,0
07/04/2015 09:00:00 PM,13,12,1
07/04/2015 08:00:00 PM,7,6,1
07/04/2015 07:00:00 PM,6,4,2
07/04/2015 06:00:00 PM,6,4,2
07/04/2015 05:00:00 PM,7,4,3
07/04/2015 04:00:00 PM,8,6,2
07/04/2015 03:00:00 PM,12,7,5
07/04/2015 02:00:00 PM,10,7,3
07/04/2015 01:00:00 PM,13,5,8
07/04/2015 12:00:00 PM,11,4,7
07/04/2015 11:00:00 AM,17,7,10
07/04/2015 10:00:00 AM,22,14,8
07/04/2015 09:00:00 AM,8,4,4
07/04/2015 08:00:00 AM,6,0,6
07/04/2015 07:00:00 AM,1,0,1
07/04/2015 06:00:00 AM,0,0,0
07/04/2015 05:00:00 AM,1,1,0
07/04/2015 04:00:00 AM,0,0,0
07/04/2015 03:00:00 AM,0,0,0
07/04/2015 02:00:00 AM,1,0,1
07/04/2015 01:00:00 AM,0,0,0
07/04/2015 12:00:00 AM,0,0,0
07/03/2015 11:00:00 PM,1,0,1
07/03/2015 10:00:00 PM,8,3,5
07/03/2015 09:00:00 PM,13,11,2
07/03/2015 08:00:00 PM,10,7,3
07/03/2015 07:00:00 PM,11,5,6
07/03/2015 06:00:00 PM,12,5,7
07/03/2015 05:00:00 PM,11,6,5
07/03/2015 04:00:00 PM,21,10,11
07/03/2015 03:00:00 PM,14,5,9
07/03/2015 02:00:00 PM,12,6,6
07/03/2015 01:00:00 PM,12,6,6
07/03/2015 12:00:00 PM,18,8,10
07/03/2015 11:00:00 AM,28,14,14
07/03/2015 10:00:00 AM,13,4,9
07/03/2015 09:00:00 AM,10,3,7
07/03/2015 08:00:00 AM,11,0,11
07/03/2015 07:00:00 AM,1,1,0
07/03/2015 06:00:00 AM,2,2,0
07/03/2015 05:00:00 AM,0,0,0
07/03/2015 04:00:00 AM,1,0,1
07/03/2015 03:00:00 AM,0,0,0
07/03/2015 02:00:00 AM,0,0,0
07/03/2015 01:00:00 AM,0,0,0
07/03/2015 12:00:00 AM,0,0,0
07/02/2015 11:00:00 PM,1,0,1
07/02/2015 10:00:00 PM,5,5,0
07/02/2015 09:00:00 PM,15,9,6
07/02/2015 08:00:00 PM,7,4,3
07/02/2015 07:00:00 PM,10,7,3
07/02/2015 06:00:00 PM,6,4,2
07/02/2015 05:00:00 PM,21,8,13
07/02/2015 04:00:00 PM,16,7,9
07/02/2015 03:00:00 PM,6,3,3
07/02/2015 02:00:00 PM,6,4,2
07/02/2015 01:00:00 PM,14,8,6
07/02/2015 12:00:00 PM,22,20,2
07/02/2015 11:00:00 AM,10,5,5
07/02/2015 10:00:00 AM,6,1,5
07/02/2015 09:00:00 AM,10,6,4
07/02/2015 08:00:00 AM,18,7,11
07/02/2015 07:00:00 AM,9,5,4
07/02/2015 06:00:00 AM,5,4,1
07/02/2015 05:00:00 AM,1,1,0
07/02/2015 04:00:00 AM,1,0,1
07/02/2015 03:00:00 AM,0,0,0
07/02/2015 02:00:00 AM,0,0,0
07/02/2015 01:00:00 AM,0,0,0
07/02/2015 12:00:00 AM,2,1,1
07/01/2015 11:00:00 PM,4,2,2
07/01/2015 10:00:00 PM,4,3,1
07/01/2015 09:00:00 PM,8,2,6
07/01/2015 08:00:00 PM,9,3,6
07/01/2015 07:00:00 PM,10,9,1
07/01/2015 06:00:00 PM,19,13,6
07/01/2015 05:00:00 PM,22,14,8
07/01/2015 04:00:00 PM,16,7,9
07/01/2015 03:00:00 PM,10,5,5
07/01/2015 02:00:00 PM,5,4,1
07/01/2015 01:00:00 PM,10,5,5
07/01/2015 12:00:00 PM,7,4,3
07/01/2015 11:00:00 AM,14,9,5
07/01/2015 10:00:00 AM,9,2,7
07/01/2015 09:00:00 AM,10,3,7
07/01/2015 08:00:00 AM,11,3,8
07/01/2015 07:00:00 AM,13,7,6
07/01/2015 06:00:00 AM,3,1,2
07/01/2015 05:00:00 AM,2,2,0
07/01/2015 04:00:00 AM,2,1,1
07/01/2015 03:00:00 AM,0,0,0
07/01/2015 02:00:00 AM,0,0,0
07/01/2015 01:00:00 AM,0,0,0
07/01/2015 12:00:00 AM,0,0,0
06/30/2015 11:00:00 PM,5,3,2
06/30/2015 10:00:00 PM,8,7,1
06/30/2015 09:00:00 PM,16,8,8
06/30/2015 08:00:00 PM,9,5,4
06/30/2015 07:00:00 PM,16,11,5
06/30/2015 06:00:00 PM,20,11,9
06/30/2015 05:00:00 PM,12,7,5
06/30/2015 04:00:00 PM,9,7,2
06/30/2015 03:00:00 PM,19,9,10
06/30/2015 02:00:00 PM,14,3,11
06/30/2015 01:00:00 PM,12,3,9
06/30/2015 12:00:00 PM,17,8,9
06/30/2015 11:00:00 AM,9,5,4
06/30/2015 10:00:00 AM,13,6,7
06/30/2015 09:00:00 AM,15,8,7
06/30/2015 08:00:00 AM,10,2,8
06/30/2015 07:00:00 AM,7,5,2
06/30/2015 06:00:00 AM,7,4,3
06/30/2015 05:00:00 AM,3,2,1
06/30/2015 04:00:00 AM,1,0,1
06/30/2015 03:00:00 AM,1,0,1
06/30/2015 02:00:00 AM,0,0,0
06/30/2015 01:00:00 AM,1,0,1
06/30/2015 12:00:00 AM,0,0,0
06/29/2015 11:00:00 PM,1,1,0
06/29/2015 10:00:00 PM,3,2,1
06/29/2015 09:00:00 PM,7,4,3
06/29/2015 08:00:00 PM,17,8,9
06/29/2015 07:00:00 PM,16,4,12
06/29/2015 06:00:00 PM,17,7,10
06/29/2015 05:00:00 PM,20,15,5
06/29/2015 04:00:00 PM,14,5,9
06/29/2015 03:00:00 PM,7,5,2
06/29/2015 02:00:00 PM,10,8,2
06/29/2015 01:00:00 PM,13,6,7
06/29/2015 12:00:00 PM,6,5,1
06/29/2015 11:00:00 AM,5,2,3
06/29/2015 10:00:00 AM,11,4,7
06/29/2015 09:00:00 AM,17,8,9
06/29/2015 08:00:00 AM,11,7,4
06/29/2015 07:00:00 AM,7,3,4
06/29/2015 06:00:00 AM,1,0,1
06/29/2015 05:00:00 AM,2,0,2
06/29/2015 04:00:00 AM,1,0,1
06/29/2015 03:00:00 AM,0,0,0
06/29/2015 02:00:00 AM,2,2,0
06/29/2015 01:00:00 AM,1,0,1
06/29/2015 12:00:00 AM,2,2,0
06/28/2015 11:00:00 PM,2,0,2
06/28/2015 10:00:00 PM,1,1,0
06/28/2015 09:00:00 PM,1,1,0
06/28/2015 08:00:00 PM,7,3,4
06/28/2015 07:00:00 PM,11,6,5
06/28/2015 06:00:00 PM,12,8,4
06/28/2015 05:00:00 PM,19,5,14
06/28/2015 04:00:00 PM,11,6,5
06/28/2015 03:00:00 PM,17,7,10
06/28/2015 02:00:00 PM,17,7,10
06/28/2015 01:00:00 PM,10,3,7
06/28/2015 12:00:00 PM,14,7,7
06/28/2015 11:00:00 AM,10,5,5
06/28/2015 10:00:00 AM,8,4,4
06/28/2015 09:00:00 AM,8,4,4
06/28/2015 08:00:00 AM,6,2,4
06/28/2015 07:00:00 AM,2,0,2
06/28/2015 06:00:00 AM,1,1,0
06/28/2015 05:00:00 AM,4,0,4
06/28/2015 04:00:00 AM,2,1,1
06/28/2015 03:00:00 AM,0,0,0
06/28/2015 02:00:00 AM,1,0,1
06/28/2015 01:00:00 AM,0,0,0
06/28/2015 12:00:00 AM,0,0,0
06/27/2015 11:00:00 PM,2,2,0
06/27/2015 10:00:00 PM,1,0,1
06/27/2015 09:00:00 PM,2,2,0
06/27/2015 08:00:00 PM,3,1,2
06/27/2015 07:00:00 PM,2,2,0
06/27/2015 06:00:00 PM,11,5,6
06/27/2015 05:00:00 PM,12,9,3
06/27/2015 04:00:00 PM,17,7,10
06/27/2015 03:00:00 PM,12,4,8
06/27/2015 02:00:00 PM,15,11,4
06/27/2015 01:00:00 PM,21,8,13
06/27/2015 12:00:00 PM,14,10,4
06/27/2015 11:00:00 AM,17,10,7
06/27/2015 10:00:00 AM,18,12,6
06/27/2015 09:00:00 AM,9,5,4
06/27/2015 08:00:00 AM,8,1,7
06/27/2015 07:00:00 AM,4,0,4
06/27/2015 06:00:00 AM,1,0,1
06/27/2015 05:00:00 AM,0,0,0
06/27/2015 04:00:00 AM,0,0,0
06/27/2015 03:00:00 AM,0,0,0
06/27/2015 02:00:00 AM,0,0,0
06/27/2015 01:00:00 AM,1,0,1
06/27/2015 12:00:00 AM,1,0,1
06/26/2015 11:00:00 PM,4,2,2
06/26/2015 10:00:00 PM,1,1,0
06/26/2015 09:00:00 PM,9,5,4
06/26/2015 08:00:00 PM,9,6,3
06/26/2015 07:00:00 PM,10,6,4
06/26/2015 06:00:00 PM,8,0,8
06/26/2015 05:00:00 PM,15,8,7
06/26/2015 04:00:00 PM,18,12,6
06/26/2015 03:00:00 PM,8,4,4
06/26/2015 02:00:00 PM,8,4,4
06/26/2015 01:00:00 PM,8,1,7
06/26/2015 12:00:00 PM,14,5,9
06/26/2015 11:00:00 AM,12,7,5
06/26/2015 10:00:00 AM,7,3,4
06/26/2015 09:00:00 AM,13,5,8
06/26/2015 08:00:00 AM,22,9,13
06/26/2015 07:00:00 AM,11,5,6
06/26/2015 06:00:00 AM,6,3,3
06/26/2015 05:00:00 AM,2,1,1
06/26/2015 04:00:00 AM,1,0,1
06/26/2015 03:00:00 AM,0,0,0
06/26/2015 02:00:00 AM,0,0,0
06/26/2015 01:00:00 AM,4,3,1
06/26/2015 12:00:00 AM,0,0,0
06/25/2015 11:00:00 PM,0,0,0
06/25/2015 10:00:00 PM,3,2,1
06/25/2015 09:00:00 PM,7,3,4
06/25/2015 08:00:00 PM,4,2,2
06/25/2015 07:00:00 PM,25,15,10
06/25/2015 06:00:00 PM,17,10,7
06/25/2015 05:00:00 PM,24,13,11
06/25/2015 04:00:00 PM,12,7,5
06/25/2015 03:00:00 PM,7,4,3
06/25/2015 02:00:00 PM,6,5,1
06/25/2015 01:00:00 PM,13,5,8
06/25/2015 12:00:00 PM,8,4,4
06/25/2015 11:00:00 AM,8,2,6
06/25/2015 10:00:00 AM,8,3,5
06/25/2015 09:00:00 AM,17,5,12
06/25/2015 08:00:00 AM,14,7,7
06/25/2015 07:00:00 AM,7,2,5
06/25/2015 06:00:00 AM,6,4,2
06/25/2015 05:00:00 AM,1,0,1
06/25/2015 04:00:00 AM,1,0,1
06/25/2015 03:00:00 AM,0,0,0
06/25/2015 02:00:00 AM,0,0,0
06/25/2015 01:00:00 AM,0,0,0
06/25/2015 12:00:00 AM,2,2,0
06/24/2015 11:00:00 PM,7,7,0
06/24/2015 10:00:00 PM,11,5,6
06/24/2015 09:00:00 PM,4,3,1
06/24/2015 08:00:00 PM,12,10,2
06/24/2015 07:00:00 PM,16,8,8
06/24/2015 06:00:00 PM,19,7,12
06/24/2015 05:00:00 PM,17,10,7
06/24/2015 04:00:00 PM,23,13,10
06/24/2015 03:00:00 PM,10,5,5
06/24/2015 02:00:00 PM,12,7,5
06/24/2015 01:00:00 PM,12,1,11
06/24/2015 12:00:00 PM,7,6,1
06/24/2015 11:00:00 AM,8,4,4
06/24/2015 10:00:00 AM,6,3,3
06/24/2015 09:00:00 AM,11,3,8
06/24/2015 08:00:00 AM,13,7,6
06/24/2015 07:00:00 AM,7,3,4
06/24/2015 06:00:00 AM,4,2,2
06/24/2015 05:00:00 AM,2,1,1
06/24/2015 04:00:00 AM,1,0,1
06/24/2015 03:00:00 AM,0,0,0
06/24/2015 02:00:00 AM,1,0,1
06/24/2015 01:00:00 AM,0,0,0
06/24/2015 12:00:00 AM,0,0,0
06/23/2015 11:00:00 PM,1,0,1
06/23/2015 10:00:00 PM,3,2,1
06/23/2015 09:00:00 PM,6,5,1
06/23/2015 08:00:00 PM,12,10,2
06/23/2015 07:00:00 PM,18,11,7
06/23/2015 06:00:00 PM,19,6,13
06/23/2015 05:00:00 PM,23,15,8
06/23/2015 04:00:00 PM,16,9,7
06/23/2015 03:00:00 PM,12,6,6
06/23/2015 02:00:00 PM,5,4,1
06/23/2015 01:00:00 PM,11,2,9
06/23/2015 12:00:00 PM,7,7,0
06/23/2015 11:00:00 AM,7,5,2
06/23/2015 10:00:00 AM,6,5,1
06/23/2015 09:00:00 AM,11,5,6
06/23/2015 08:00:00 AM,13,4,9
06/23/2015 07:00:00 AM,13,6,7
06/23/2015 06:00:00 AM,2,1,1
06/23/2015 05:00:00 AM,2,1,1
06/23/2015 04:00:00 AM,1,0,1
06/23/2015 03:00:00 AM,0,0,0
06/23/2015 02:00:00 AM,1,0,1
06/23/2015 01:00:00 AM,0,0,0
06/23/2015 12:00:00 AM,0,0,0
06/22/2015 11:00:00 PM,2,2,0
06/22/2015 10:00:00 PM,3,3,0
06/22/2015 09:00:00 PM,7,2,5
06/22/2015 08:00:00 PM,13,11,2
06/22/2015 07:00:00 PM,15,8,7
06/22/2015 06:00:00 PM,37,24,13
06/22/2015 05:00:00 PM,23,11,12
06/22/2015 04:00:00 PM,14,5,9
06/22/2015 03:00:00 PM,7,2,5
06/22/2015 02:00:00 PM,5,2,3
06/22/2015 01:00:00 PM,9,6,3
06/22/2015 12:00:00 PM,5,4,1
06/22/2015 11:00:00 AM,12,5,7
06/22/2015 10:00:00 AM,8,4,4
06/22/2015 09:00:00 AM,9,3,6
06/22/2015 08:00:00 AM,16,4,12
06/22/2015 07:00:00 AM,6,4,2
06/22/2015 06:00:00 AM,4,2,2
06/22/2015 05:00:00 AM,3,2,1
06/22/2015 04:00:00 AM,2,1,1
06/22/2015 03:00:00 AM,0,0,0
06/22/2015 02:00:00 AM,0,0,0
06/22/2015 01:00:00 AM,0,0,0
06/22/2015 12:00:00 AM,1,1,0
06/21/2015 11:00:00 PM,1,1,0
06/21/2015 10:00:00 PM,2,2,0
06/21/2015 09:00:00 PM,6,3,3
06/21/2015 08:00:00 PM,6,3,3
06/21/2015 07:00:00 PM,15,9,6
06/21/2015 06:00:00 PM,12,10,2
06/21/2015 05:00:00 PM,14,9,5
06/21/2015 04:00:00 PM,16,12,4
06/21/2015 03:00:00 PM,11,2,9
06/21/2015 02:00:00 PM,9,3,6
06/21/2015 01:00:00 PM,11,6,5
06/21/2015 12:00:00 PM,12,5,7
06/21/2015 11:00:00 AM,12,6,6
06/21/2015 10:00:00 AM,12,6,6
06/21/2015 09:00:00 AM,10,3,7
06/21/2015 08:00:00 AM,3,1,2
06/21/2015 07:00:00 AM,1,1,0
06/21/2015 06:00:00 AM,0,0,0
06/21/2015 05:00:00 AM,0,0,0
06/21/2015 04:00:00 AM,0,0,0
06/21/2015 03:00:00 AM,0,0,0
06/21/2015 02:00:00 AM,1,0,1
06/21/2015 01:00:00 AM,4,1,3
06/21/2015 12:00:00 AM,0,0,0
06/20/2015 11:00:00 PM,4,3,1
06/20/2015 10:00:00 PM,5,2,3
06/20/2015 09:00:00 PM,7,3,4
06/20/2015 08:00:00 PM,10,2,8
06/20/2015 07:00:00 PM,8,6,2
06/20/2015 06:00:00 PM,6,4,2
06/20/2015 05:00:00 PM,13,8,5
06/20/2015 04:00:00 PM,19,5,14
06/20/2015 03:00:00 PM,11,3,8
06/20/2015 02:00:00 PM,36,25,11
06/20/2015 01:00:00 PM,32,23,9
06/20/2015 12:00:00 PM,27,17,10
06/20/2015 11:00:00 AM,7,3,4
06/20/2015 10:00:00 AM,13,5,8
06/20/2015 09:00:00 AM,10,5,5
06/20/2015 08:00:00 AM,7,3,4
06/20/2015 07:00:00 AM,2,1,1
06/20/2015 06:00:00 AM,2,1,1
06/20/2015 05:00:00 AM,0,0,0
06/20/2015 04:00:00 AM,1,0,1
06/20/2015 03:00:00 AM,0,0,0
06/20/2015 02:00:00 AM,0,0,0
06/20/2015 01:00:00 AM,1,1,0
06/20/2015 12:00:00 AM,2,0,2
06/19/2015 11:00:00 PM,2,2,0
06/19/2015 10:00:00 PM,1,1,0
06/19/2015 09:00:00 PM,5,5,0
06/19/2015 08:00:00 PM,10,8,2
06/19/2015 07:00:00 PM,11,2,9
06/19/2015 06:00:00 PM,12,8,4
06/19/2015 05:00:00 PM,13,7,6
06/19/2015 04:00:00 PM,10,5,5
06/19/2015 03:00:00 PM,18,9,9
06/19/2015 02:00:00 PM,13,7,6
06/19/2015 01:00:00 PM,3,1,2
06/19/2015 12:00:00 PM,7,5,2
06/19/2015 11:00:00 AM,12,2,10
06/19/2015 10:00:00 AM,9,5,4
06/19/2015 09:00:00 AM,9,3,6
06/19/2015 08:00:00 AM,13,5,8
06/19/2015 07:00:00 AM,7,4,3
06/19/2015 06:00:00 AM,2,1,1
06/19/2015 05:00:00 AM,2,1,1
06/19/2015 04:00:00 AM,1,0,1
06/19/2015 03:00:00 AM,0,0,0
06/19/2015 02:00:00 AM,2,2,0
06/19/2015 01:00:00 AM,0,0,0
06/19/2015 12:00:00 AM,0,0,0
06/18/2015 11:00:00 PM,1,1,0
06/18/2015 10:00:00 PM,1,1,0
06/18/2015 09:00:00 PM,2,2,0
06/18/2015 08:00:00 PM,8,5,3
06/18/2015 07:00:00 PM,5,3,2
06/18/2015 06:00:00 PM,20,13,7
06/18/2015 05:00:00 PM,25,22,3
06/18/2015 04:00:00 PM,5,3,2
06/18/2015 03:00:00 PM,7,3,4
06/18/2015 02:00:00 PM,5,4,1
06/18/2015 01:00:00 PM,13,6,7
06/18/2015 12:00:00 PM,5,4,1
06/18/2015 11:00:00 AM,7,4,3
06/18/2015 10:00:00 AM,9,5,4
06/18/2015 09:00:00 AM,7,4,3
06/18/2015 08:00:00 AM,7,4,3
06/18/2015 07:00:00 AM,9,6,3
06/18/2015 06:00:00 AM,1,0,1
06/18/2015 05:00:00 AM,2,1,1
06/18/2015 04:00:00 AM,1,0,1
06/18/2015 03:00:00 AM,0,0,0
06/18/2015 02:00:00 AM,2,1,1
06/18/2015 01:00:00 AM,1,1,0
06/18/2015 12:00:00 AM,0,0,0
06/17/2015 11:00:00 PM,2,2,0
06/17/2015 10:00:00 PM,3,2,1
06/17/2015 09:00:00 PM,8,5,3
06/17/2015 08:00:00 PM,6,4,2
06/17/2015 07:00:00 PM,22,6,16
06/17/2015 06:00:00 PM,30,14,16
06/17/2015 05:00:00 PM,21,14,7
06/17/2015 04:00:00 PM,15,10,5
06/17/2015 03:00:00 PM,9,5,4
06/17/2015 02:00:00 PM,11,2,9
06/17/2015 01:00:00 PM,9,3,6
06/17/2015 12:00:00 PM,11,9,2
06/17/2015 11:00:00 AM,10,6,4
06/17/2015 10:00:00 AM,9,7,2
06/17/2015 09:00:00 AM,12,4,8
06/17/2015 08:00:00 AM,9,2,7
06/17/2015 07:00:00 AM,9,4,5
06/17/2015 06:00:00 AM,5,2,3
06/17/2015 05:00:00 AM,2,1,1
06/17/2015 04:00:00 AM,1,0,1
06/17/2015 03:00:00 AM,0,0,0
06/17/2015 02:00:00 AM,1,1,0
06/17/2015 01:00:00 AM,0,0,0
06/17/2015 12:00:00 AM,0,0,0
06/16/2015 11:00:00 PM,3,2,1
06/16/2015 10:00:00 PM,5,3,2
06/16/2015 09:00:00 PM,6,4,2
06/16/2015 08:00:00 PM,10,7,3
06/16/2015 07:00:00 PM,13,10,3
06/16/2015 06:00:00 PM,21,7,14
06/16/2015 05:00:00 PM,15,14,1
06/16/2015 04:00:00 PM,18,12,6
06/16/2015 03:00:00 PM,9,3,6
06/16/2015 02:00:00 PM,7,3,4
06/16/2015 01:00:00 PM,5,3,2
06/16/2015 12:00:00 PM,9,6,3
06/16/2015 11:00:00 AM,7,2,5
06/16/2015 10:00:00 AM,10,4,6
06/16/2015 09:00:00 AM,12,3,9
06/16/2015 08:00:00 AM,15,7,8
06/16/2015 07:00:00 AM,8,5,3
06/16/2015 06:00:00 AM,3,2,1
06/16/2015 05:00:00 AM,1,0,1
06/16/2015 04:00:00 AM,1,0,1
06/16/2015 03:00:00 AM,0,0,0
06/16/2015 02:00:00 AM,1,0,1
06/16/2015 01:00:00 AM,0,0,0
06/16/2015 12:00:00 AM,1,1,0
06/15/2015 11:00:00 PM,1,1,0
06/15/2015 10:00:00 PM,8,6,2
06/15/2015 09:00:00 PM,7,4,3
06/15/2015 08:00:00 PM,6,3,3
06/15/2015 07:00:00 PM,10,2,8
06/15/2015 06:00:00 PM,11,3,8
06/15/2015 05:00:00 PM,25,17,8
06/15/2015 04:00:00 PM,15,6,9
06/15/2015 03:00:00 PM,10,5,5
06/15/2015 02:00:00 PM,14,10,4
06/15/2015 01:00:00 PM,13,7,6
06/15/2015 12:00:00 PM,9,7,2
06/15/2015 11:00:00 AM,5,2,3
06/15/2015 10:00:00 AM,15,10,5
06/15/2015 09:00:00 AM,8,1,7
06/15/2015 08:00:00 AM,15,7,8
06/15/2015 07:00:00 AM,7,2,5
06/15/2015 06:00:00 AM,3,2,1
06/15/2015 05:00:00 AM,2,1,1
06/15/2015 04:00:00 AM,1,0,1
06/15/2015 03:00:00 AM,0,0,0
06/15/2015 02:00:00 AM,1,0,1
06/15/2015 01:00:00 AM,0,0,0
06/15/2015 12:00:00 AM,1,1,0
06/14/2015 11:00:00 PM,1,1,0
06/14/2015 10:00:00 PM,2,2,0
06/14/2015 09:00:00 PM,5,2,3
06/14/2015 08:00:00 PM,8,6,2
06/14/2015 07:00:00 PM,12,7,5
06/14/2015 06:00:00 PM,11,7,4
06/14/2015 05:00:00 PM,15,8,7
06/14/2015 04:00:00 PM,22,8,14
06/14/2015 03:00:00 PM,22,17,5
06/14/2015 02:00:00 PM,17,6,11
06/14/2015 01:00:00 PM,22,9,13
06/14/2015 12:00:00 PM,22,11,11
06/14/2015 11:00:00 AM,18,11,7
06/14/2015 10:00:00 AM,15,6,9
06/14/2015 09:00:00 AM,12,6,6
06/14/2015 08:00:00 AM,10,7,3
06/14/2015 07:00:00 AM,0,0,0
06/14/2015 06:00:00 AM,1,1,0
06/14/2015 05:00:00 AM,2,0,2
06/14/2015 04:00:00 AM,0,0,0
06/14/2015 03:00:00 AM,1,1,0
06/14/2015 02:00:00 AM,0,0,0
06/14/2015 01:00:00 AM,5,5,0
06/14/2015 12:00:00 AM,4,4,0
06/13/2015 11:00:00 PM,1,1,0
06/13/2015 10:00:00 PM,4,4,0
06/13/2015 09:00:00 PM,7,5,2
06/13/2015 08:00:00 PM,9,7,2
06/13/2015 07:00:00 PM,10,4,6
06/13/2015 06:00:00 PM,13,6,7
06/13/2015 05:00:00 PM,18,7,11
06/13/2015 04:00:00 PM,21,17,4
06/13/2015 03:00:00 PM,8,4,4
06/13/2015 02:00:00 PM,23,13,10
06/13/2015 01:00:00 PM,21,13,8
06/13/2015 12:00:00 PM,22,1,21
06/13/2015 11:00:00 AM,18,10,8
06/13/2015 10:00:00 AM,12,6,6
06/13/2015 09:00:00 AM,9,5,4
06/13/2015 08:00:00 AM,4,1,3
06/13/2015 07:00:00 AM,4,1,3
06/13/2015 06:00:00 AM,2,0,2
06/13/2015 05:00:00 AM,0,0,0
06/13/2015 04:00:00 AM,0,0,0
06/13/2015 03:00:00 AM,0,0,0
06/13/2015 02:00:00 AM,0,0,0
06/13/2015 01:00:00 AM,2,1,1
06/13/2015 12:00:00 AM,1,1,0
06/12/2015 11:00:00 PM,3,3,0
06/12/2015 10:00:00 PM,3,3,0
06/12/2015 09:00:00 PM,1,1,0
06/12/2015 08:00:00 PM,8,5,3
06/12/2015 07:00:00 PM,9,7,2
06/12/2015 06:00:00 PM,20,10,10
06/12/2015 05:00:00 PM,12,9,3
06/12/2015 04:00:00 PM,13,5,8
06/12/2015 03:00:00 PM,11,3,8
06/12/2015 02:00:00 PM,9,6,3
06/12/2015 01:00:00 PM,10,7,3
06/12/2015 12:00:00 PM,9,4,5
06/12/2015 11:00:00 AM,6,3,3
06/12/2015 10:00:00 AM,8,5,3
06/12/2015 09:00:00 AM,8,4,4
06/12/2015 08:00:00 AM,21,10,11
06/12/2015 07:00:00 AM,6,3,3
06/12/2015 06:00:00 AM,3,1,2
06/12/2015 05:00:00 AM,2,1,1
06/12/2015 04:00:00 AM,1,0,1
06/12/2015 03:00:00 AM,0,0,0
06/12/2015 02:00:00 AM,1,1,0
06/12/2015 01:00:00 AM,0,0,0
06/12/2015 12:00:00 AM,1,1,0
06/11/2015 11:00:00 PM,4,4,0
06/11/2015 10:00:00 PM,3,3,0
06/11/2015 09:00:00 PM,2,2,0
06/11/2015 08:00:00 PM,12,6,6
06/11/2015 07:00:00 PM,16,5,11
06/11/2015 06:00:00 PM,28,12,16
06/11/2015 05:00:00 PM,20,8,12
06/11/2015 04:00:00 PM,16,8,8
06/11/2015 03:00:00 PM,9,2,7
06/11/2015 02:00:00 PM,9,5,4
06/11/2015 01:00:00 PM,4,4,0
06/11/2015 12:00:00 PM,3,1,2
06/11/2015 11:00:00 AM,9,5,4
06/11/2015 10:00:00 AM,8,5,3
06/11/2015 09:00:00 AM,14,7,7
06/11/2015 08:00:00 AM,10,3,7
06/11/2015 07:00:00 AM,13,7,6
06/11/2015 06:00:00 AM,3,1,2
06/11/2015 05:00:00 AM,2,0,2
06/11/2015 04:00:00 AM,1,0,1
06/11/2015 03:00:00 AM,0,0,0
06/11/2015 02:00:00 AM,0,0,0
06/11/2015 01:00:00 AM,0,0,0
06/11/2015 12:00:00 AM,0,0,0
06/10/2015 11:00:00 PM,4,3,1
06/10/2015 10:00:00 PM,6,6,0
06/10/2015 09:00:00 PM,14,10,4
06/10/2015 08:00:00 PM,23,10,13
06/10/2015 07:00:00 PM,20,12,8
06/10/2015 06:00:00 PM,46,19,27
06/10/2015 05:00:00 PM,18,10,8
06/10/2015 04:00:00 PM,17,13,4
06/10/2015 03:00:00 PM,13,9,4
06/10/2015 02:00:00 PM,9,3,6
06/10/2015 01:00:00 PM,8,5,3
06/10/2015 12:00:00 PM,10,4,6
06/10/2015 11:00:00 AM,9,5,4
06/10/2015 10:00:00 AM,7,4,3
06/10/2015 09:00:00 AM,11,6,5
06/10/2015 08:00:00 AM,14,7,7
06/10/2015 07:00:00 AM,11,5,6
06/10/2015 06:00:00 AM,1,0,1
06/10/2015 05:00:00 AM,1,0,1
06/10/2015 04:00:00 AM,1,0,1
06/10/2015 03:00:00 AM,0,0,0
06/10/2015 02:00:00 AM,0,0,0
06/10/2015 01:00:00 AM,0,0,0
06/10/2015 12:00:00 AM,1,0,1
06/09/2015 11:00:00 PM,0,0,0
06/09/2015 10:00:00 PM,0,0,0
06/09/2015 09:00:00 PM,17,12,5
06/09/2015 08:00:00 PM,9,3,6
06/09/2015 07:00:00 PM,20,9,11
06/09/2015 06:00:00 PM,26,13,13
06/09/2015 05:00:00 PM,22,17,5
06/09/2015 04:00:00 PM,14,8,6
06/09/2015 03:00:00 PM,14,7,7
06/09/2015 02:00:00 PM,18,13,5
06/09/2015 01:00:00 PM,7,3,4
06/09/2015 12:00:00 PM,10,4,6
06/09/2015 11:00:00 AM,10,5,5
06/09/2015 10:00:00 AM,7,4,3
06/09/2015 09:00:00 AM,8,6,2
06/09/2015 08:00:00 AM,10,3,7
06/09/2015 07:00:00 AM,10,8,2
06/09/2015 06:00:00 AM,3,1,2
06/09/2015 05:00:00 AM,1,0,1
06/09/2015 04:00:00 AM,1,0,1
06/09/2015 03:00:00 AM,0,0,0
06/09/2015 02:00:00 AM,0,0,0
06/09/2015 01:00:00 AM,1,0,1
06/09/2015 12:00:00 AM,2,0,2
06/08/2015 11:00:00 PM,2,2,0
06/08/2015 10:00:00 PM,5,3,2
06/08/2015 09:00:00 PM,7,5,2
06/08/2015 08:00:00 PM,7,3,4
06/08/2015 07:00:00 PM,16,9,7
06/08/2015 06:00:00 PM,22,13,9
06/08/2015 05:00:00 PM,30,18,12
06/08/2015 04:00:00 PM,20,8,12
06/08/2015 03:00:00 PM,11,7,4
06/08/2015 02:00:00 PM,10,7,3
06/08/2015 01:00:00 PM,7,2,5
06/08/2015 12:00:00 PM,9,5,4
06/08/2015 11:00:00 AM,13,4,9
06/08/2015 10:00:00 AM,4,1,3
06/08/2015 09:00:00 AM,19,3,16
06/08/2015 08:00:00 AM,16,9,7
06/08/2015 07:00:00 AM,8,5,3
06/08/2015 06:00:00 AM,4,2,2
06/08/2015 05:00:00 AM,1,0,1
06/08/2015 04:00:00 AM,0,0,0
06/08/2015 03:00:00 AM,0,0,0
06/08/2015 02:00:00 AM,0,0,0
06/08/2015 01:00:00 AM,0,0,0
06/08/2015 12:00:00 AM,1,1,0
06/07/2015 11:00:00 PM,1,1,0
06/07/2015 10:00:00 PM,1,1,0
06/07/2015 09:00:00 PM,7,4,3
06/07/2015 08:00:00 PM,8,8,0
06/07/2015 07:00:00 PM,7,4,3
06/07/2015 06:00:00 PM,11,4,7
06/07/2015 05:00:00 PM,16,9,7
06/07/2015 04:00:00 PM,32,19,13
06/07/2015 03:00:00 PM,33,17,16
06/07/2015 02:00:00 PM,17,10,7
06/07/2015 01:00:00 PM,16,5,11
06/07/2015 12:00:00 PM,21,10,11
06/07/2015 11:00:00 AM,28,13,15
06/07/2015 10:00:00 AM,15,4,11
06/07/2015 09:00:00 AM,11,7,4
06/07/2015 08:00:00 AM,8,4,4
06/07/2015 07:00:00 AM,3,0,3
06/07/2015 06:00:00 AM,0,0,0
06/07/2015 05:00:00 AM,0,0,0
06/07/2015 04:00:00 AM,0,0,0
06/07/2015 03:00:00 AM,0,0,0
06/07/2015 02:00:00 AM,1,0,1
06/07/2015 01:00:00 AM,1,1,0
06/07/2015 12:00:00 AM,5,3,2
06/06/2015 11:00:00 PM,3,2,1
06/06/2015 10:00:00 PM,10,4,6
06/06/2015 09:00:00 PM,12,8,4
06/06/2015 08:00:00 PM,8,3,5
06/06/2015 07:00:00 PM,21,15,6
06/06/2015 06:00:00 PM,14,5,9
06/06/2015 05:00:00 PM,15,10,5
06/06/2015 04:00:00 PM,12,8,4
06/06/2015 03:00:00 PM,23,14,9
06/06/2015 02:00:00 PM,23,15,8
06/06/2015 01:00:00 PM,13,3,10
06/06/2015 12:00:00 PM,19,9,10
06/06/2015 11:00:00 AM,21,11,10
06/06/2015 10:00:00 AM,17,6,11
06/06/2015 09:00:00 AM,11,6,5
06/06/2015 08:00:00 AM,8,1,7
06/06/2015 07:00:00 AM,4,2,2
06/06/2015 06:00:00 AM,1,0,1
06/06/2015 05:00:00 AM,0,0,0
06/06/2015 04:00:00 AM,0,0,0
06/06/2015 03:00:00 AM,0,0,0
06/06/2015 02:00:00 AM,1,0,1
06/06/2015 01:00:00 AM,2,1,1
06/06/2015 12:00:00 AM,4,4,0
06/05/2015 11:00:00 PM,1,0,1
06/05/2015 10:00:00 PM,7,3,4
06/05/2015 09:00:00 PM,9,5,4
06/05/2015 08:00:00 PM,11,6,5
06/05/2015 07:00:00 PM,14,10,4
06/05/2015 06:00:00 PM,26,8,18
06/05/2015 05:00:00 PM,18,7,11
06/05/2015 04:00:00 PM,17,9,8
06/05/2015 03:00:00 PM,15,12,3
06/05/2015 02:00:00 PM,12,6,6
06/05/2015 01:00:00 PM,8,3,5
06/05/2015 12:00:00 PM,9,7,2
06/05/2015 11:00:00 AM,17,12,5
06/05/2015 10:00:00 AM,12,6,6
06/05/2015 09:00:00 AM,15,4,11
06/05/2015 08:00:00 AM,22,7,15
06/05/2015 07:00:00 AM,6,4,2
06/05/2015 06:00:00 AM,3,1,2
06/05/2015 05:00:00 AM,4,3,1
06/05/2015 04:00:00 AM,2,2,0
06/05/2015 03:00:00 AM,0,0,0
06/05/2015 02:00:00 AM,0,0,0
06/05/2015 01:00:00 AM,1,1,0
06/05/2015 12:00:00 AM,0,0,0
06/04/2015 11:00:00 PM,9,8,1
06/04/2015 10:00:00 PM,2,2,0
06/04/2015 09:00:00 PM,4,2,2
06/04/2015 08:00:00 PM,9,4,5
06/04/2015 07:00:00 PM,15,10,5
06/04/2015 06:00:00 PM,18,5,13
06/04/2015 05:00:00 PM,21,14,7
06/04/2015 04:00:00 PM,22,13,9
06/04/2015 03:00:00 PM,7,6,1
06/04/2015 02:00:00 PM,14,7,7
06/04/2015 01:00:00 PM,5,2,3
06/04/2015 12:00:00 PM,6,3,3
06/04/2015 11:00:00 AM,4,4,0
06/04/2015 10:00:00 AM,3,2,1
06/04/2015 09:00:00 AM,12,4,8
06/04/2015 08:00:00 AM,11,4,7
06/04/2015 07:00:00 AM,9,3,6
06/04/2015 06:00:00 AM,7,3,4
06/04/2015 05:00:00 AM,1,0,1
06/04/2015 04:00:00 AM,0,0,0
06/04/2015 03:00:00 AM,0,0,0
06/04/2015 02:00:00 AM,0,0,0
06/04/2015 01:00:00 AM,0,0,0
06/04/2015 12:00:00 AM,0,0,0
06/03/2015 11:00:00 PM,0,0,0
06/03/2015 10:00:00 PM,3,2,1
06/03/2015 09:00:00 PM,5,1,4
06/03/2015 08:00:00 PM,7,6,1
06/03/2015 07:00:00 PM,15,8,7
06/03/2015 06:00:00 PM,23,15,8
06/03/2015 05:00:00 PM,22,10,12
06/03/2015 04:00:00 PM,9,7,2
06/03/2015 03:00:00 PM,5,1,4
06/03/2015 02:00:00 PM,14,7,7
06/03/2015 01:00:00 PM,8,5,3
06/03/2015 12:00:00 PM,3,2,1
06/03/2015 11:00:00 AM,8,5,3
06/03/2015 10:00:00 AM,5,4,1
06/03/2015 09:00:00 AM,5,3,2
06/03/2015 08:00:00 AM,8,3,5
06/03/2015 07:00:00 AM,6,2,4
06/03/2015 06:00:00 AM,6,3,3
06/03/2015 05:00:00 AM,1,0,1
06/03/2015 04:00:00 AM,0,0,0
06/03/2015 03:00:00 AM,2,1,1
06/03/2015 02:00:00 AM,1,0,1
06/03/2015 01:00:00 AM,1,0,1
06/03/2015 12:00:00 AM,0,0,0
06/02/2015 11:00:00 PM,0,0,0
06/02/2015 10:00:00 PM,0,0,0
06/02/2015 09:00:00 PM,5,4,1
06/02/2015 08:00:00 PM,5,3,2
06/02/2015 07:00:00 PM,10,1,9
06/02/2015 06:00:00 PM,16,9,7
06/02/2015 05:00:00 PM,10,8,2
06/02/2015 04:00:00 PM,11,4,7
06/02/2015 03:00:00 PM,8,4,4
06/02/2015 02:00:00 PM,5,3,2
06/02/2015 01:00:00 PM,1,0,1
06/02/2015 12:00:00 PM,9,4,5
06/02/2015 11:00:00 AM,7,7,0
06/02/2015 10:00:00 AM,8,2,6
06/02/2015 09:00:00 AM,7,2,5
06/02/2015 08:00:00 AM,6,2,4
06/02/2015 07:00:00 AM,13,9,4
06/02/2015 06:00:00 AM,1,0,1
06/02/2015 05:00:00 AM,1,0,1
06/02/2015 04:00:00 AM,0,0,0
06/02/2015 03:00:00 AM,0,0,0
06/02/2015 02:00:00 AM,0,0,0
06/02/2015 01:00:00 AM,0,0,0
06/02/2015 12:00:00 AM,0,0,0
06/01/2015 11:00:00 PM,0,0,0
06/01/2015 10:00:00 PM,1,1,0
06/01/2015 09:00:00 PM,1,1,0
06/01/2015 08:00:00 PM,7,4,3
06/01/2015 07:00:00 PM,9,4,5
06/01/2015 06:00:00 PM,13,7,6
06/01/2015 05:00:00 PM,6,3,3
06/01/2015 04:00:00 PM,5,5,0
06/01/2015 03:00:00 PM,8,3,5
06/01/2015 02:00:00 PM,8,6,2
06/01/2015 01:00:00 PM,7,5,2
06/01/2015 12:00:00 PM,3,2,1
06/01/2015 11:00:00 AM,1,1,0
06/01/2015 10:00:00 AM,4,1,3
06/01/2015 09:00:00 AM,8,5,3
06/01/2015 08:00:00 AM,9,1,8
06/01/2015 07:00:00 AM,5,2,3
06/01/2015 06:00:00 AM,2,1,1
06/01/2015 05:00:00 AM,1,0,1
06/01/2015 04:00:00 AM,0,0,0
06/01/2015 03:00:00 AM,0,0,0
06/01/2015 02:00:00 AM,0,0,0
06/01/2015 01:00:00 AM,2,0,2
06/01/2015 12:00:00 AM,0,0,0
05/31/2015 11:00:00 PM,1,1,0
05/31/2015 10:00:00 PM,2,1,1
05/31/2015 09:00:00 PM,4,3,1
05/31/2015 08:00:00 PM,6,2,4
05/31/2015 07:00:00 PM,10,6,4
05/31/2015 06:00:00 PM,10,7,3
05/31/2015 05:00:00 PM,23,16,7
05/31/2015 04:00:00 PM,23,18,5
05/31/2015 03:00:00 PM,16,6,10
05/31/2015 02:00:00 PM,15,8,7
05/31/2015 01:00:00 PM,27,20,7
05/31/2015 12:00:00 PM,21,7,14
05/31/2015 11:00:00 AM,36,21,15
05/31/2015 10:00:00 AM,25,11,14
05/31/2015 09:00:00 AM,5,3,2
05/31/2015 08:00:00 AM,5,3,2
05/31/2015 07:00:00 AM,5,1,4
05/31/2015 06:00:00 AM,3,3,0
05/31/2015 05:00:00 AM,2,1,1
05/31/2015 04:00:00 AM,0,0,0
05/31/2015 03:00:00 AM,0,0,0
05/31/2015 02:00:00 AM,0,0,0
05/31/2015 01:00:00 AM,5,4,1
05/31/2015 12:00:00 AM,2,0,2
05/30/2015 11:00:00 PM,4,1,3
05/30/2015 10:00:00 PM,5,1,4
05/30/2015 09:00:00 PM,7,5,2
05/30/2015 08:00:00 PM,10,4,6
05/30/2015 07:00:00 PM,12,7,5
05/30/2015 06:00:00 PM,14,9,5
05/30/2015 05:00:00 PM,24,16,8
05/30/2015 04:00:00 PM,20,12,8
05/30/2015 03:00:00 PM,19,2,17
05/30/2015 02:00:00 PM,38,21,17
05/30/2015 01:00:00 PM,15,9,6
05/30/2015 12:00:00 PM,20,8,12
05/30/2015 11:00:00 AM,9,3,6
05/30/2015 10:00:00 AM,9,5,4
05/30/2015 09:00:00 AM,6,1,5
05/30/2015 08:00:00 AM,2,0,2
05/30/2015 07:00:00 AM,0,0,0
05/30/2015 06:00:00 AM,1,1,0
05/30/2015 05:00:00 AM,0,0,0
05/30/2015 04:00:00 AM,0,0,0
05/30/2015 03:00:00 AM,0,0,0
05/30/2015 02:00:00 AM,0,0,0
05/30/2015 01:00:00 AM,0,0,0
05/30/2015 12:00:00 AM,2,2,0
05/29/2015 11:00:00 PM,4,2,2
05/29/2015 10:00:00 PM,5,0,5
05/29/2015 09:00:00 PM,3,2,1
05/29/2015 08:00:00 PM,19,7,12
05/29/2015 07:00:00 PM,12,8,4
05/29/2015 06:00:00 PM,18,8,10
05/29/2015 05:00:00 PM,24,16,8
05/29/2015 04:00:00 PM,23,11,12
05/29/2015 03:00:00 PM,12,6,6
05/29/2015 02:00:00 PM,15,11,4
05/29/2015 01:00:00 PM,2,2,0
05/29/2015 12:00:00 PM,3,3,0
05/29/2015 11:00:00 AM,10,4,6
05/29/2015 10:00:00 AM,6,1,5
05/29/2015 09:00:00 AM,5,1,4
05/29/2015 08:00:00 AM,12,3,9
05/29/2015 07:00:00 AM,15,7,8
05/29/2015 06:00:00 AM,3,2,1
05/29/2015 05:00:00 AM,3,1,2
05/29/2015 04:00:00 AM,1,0,1
05/29/2015 03:00:00 AM,0,0,0
05/29/2015 02:00:00 AM,0,0,0
05/29/2015 01:00:00 AM,0,0,0
05/29/2015 12:00:00 AM,1,1,0
05/28/2015 11:00:00 PM,1,1,0
05/28/2015 10:00:00 PM,3,1,2
05/28/2015 09:00:00 PM,7,5,2
05/28/2015 08:00:00 PM,11,6,5
05/28/2015 07:00:00 PM,14,6,8
05/28/2015 06:00:00 PM,19,8,11
05/28/2015 05:00:00 PM,12,4,8
05/28/2015 04:00:00 PM,13,4,9
05/28/2015 03:00:00 PM,3,2,1
05/28/2015 02:00:00 PM,9,5,4
05/28/2015 01:00:00 PM,13,8,5
05/28/2015 12:00:00 PM,7,3,4
05/28/2015 11:00:00 AM,8,5,3
05/28/2015 10:00:00 AM,11,3,8
05/28/2015 09:00:00 AM,12,8,4
05/28/2015 08:00:00 AM,16,9,7
05/28/2015 07:00:00 AM,14,8,6
05/28/2015 06:00:00 AM,2,0,2
05/28/2015 05:00:00 AM,0,0,0
05/28/2015 04:00:00 AM,1,0,1
05/28/2015 03:00:00 AM,0,0,0
05/28/2015 02:00:00 AM,0,0,0
05/28/2015 01:00:00 AM,0,0,0
05/28/2015 12:00:00 AM,0,0,0
05/27/2015 11:00:00 PM,1,0,1
05/27/2015 10:00:00 PM,3,3,0
05/27/2015 09:00:00 PM,9,6,3
05/27/2015 08:00:00 PM,7,3,4
05/27/2015 07:00:00 PM,27,15,12
05/27/2015 06:00:00 PM,19,12,7
05/27/2015 05:00:00 PM,34,21,13
05/27/2015 04:00:00 PM,13,8,5
05/27/2015 03:00:00 PM,9,3,6
05/27/2015 02:00:00 PM,13,5,8
05/27/2015 01:00:00 PM,4,2,2
05/27/2015 12:00:00 PM,12,7,5
05/27/2015 11:00:00 AM,6,4,2
05/27/2015 10:00:00 AM,9,2,7
05/27/2015 09:00:00 AM,9,4,5
05/27/2015 08:00:00 AM,23,15,8
05/27/2015 07:00:00 AM,9,3,6
05/27/2015 06:00:00 AM,3,1,2
05/27/2015 05:00:00 AM,0,0,0
05/27/2015 04:00:00 AM,1,0,1
05/27/2015 03:00:00 AM,0,0,0
05/27/2015 02:00:00 AM,1,0,1
05/27/2015 01:00:00 AM,0,0,0
05/27/2015 12:00:00 AM,5,3,2
05/26/2015 11:00:00 PM,5,4,1
05/26/2015 10:00:00 PM,1,0,1
05/26/2015 09:00:00 PM,7,3,4
05/26/2015 08:00:00 PM,9,7,2
05/26/2015 07:00:00 PM,17,9,8
05/26/2015 06:00:00 PM,19,10,9
05/26/2015 05:00:00 PM,23,13,10
05/26/2015 04:00:00 PM,18,9,9
05/26/2015 03:00:00 PM,12,7,5
05/26/2015 02:00:00 PM,7,3,4
05/26/2015 01:00:00 PM,8,6,2
05/26/2015 12:00:00 PM,9,3,6
05/26/2015 11:00:00 AM,6,3,3
05/26/2015 10:00:00 AM,7,2,5
05/26/2015 09:00:00 AM,16,7,9
05/26/2015 08:00:00 AM,19,9,10
05/26/2015 07:00:00 AM,13,8,5
05/26/2015 06:00:00 AM,1,0,1
05/26/2015 05:00:00 AM,1,0,1
05/26/2015 04:00:00 AM,0,0,0
05/26/2015 03:00:00 AM,0,0,0
05/26/2015 02:00:00 AM,0,0,0
05/26/2015 01:00:00 AM,0,0,0
05/26/2015 12:00:00 AM,0,0,0
05/25/2015 11:00:00 PM,1,1,0
05/25/2015 10:00:00 PM,1,0,1
05/25/2015 09:00:00 PM,2,1,1
05/25/2015 08:00:00 PM,2,0,2
05/25/2015 07:00:00 PM,4,4,0
05/25/2015 06:00:00 PM,16,12,4
05/25/2015 05:00:00 PM,7,5,2
05/25/2015 04:00:00 PM,17,6,11
05/25/2015 03:00:00 PM,9,2,7
05/25/2015 02:00:00 PM,11,5,6
05/25/2015 01:00:00 PM,7,3,4
05/25/2015 12:00:00 PM,9,9,0
05/25/2015 11:00:00 AM,17,12,5
05/25/2015 10:00:00 AM,5,1,4
05/25/2015 09:00:00 AM,10,2,8
05/25/2015 08:00:00 AM,0,0,0
05/25/2015 07:00:00 AM,3,3,0
05/25/2015 06:00:00 AM,0,0,0
05/25/2015 05:00:00 AM,0,0,0
05/25/2015 04:00:00 AM,0,0,0
05/25/2015 03:00:00 AM,0,0,0
05/25/2015 02:00:00 AM,0,0,0
05/25/2015 01:00:00 AM,1,0,1
05/25/2015 12:00:00 AM,2,1,1
05/24/2015 11:00:00 PM,6,5,1
05/24/2015 10:00:00 PM,2,0,2
05/24/2015 09:00:00 PM,2,2,0
05/24/2015 08:00:00 PM,4,1,3
05/24/2015 07:00:00 PM,4,1,3
05/24/2015 06:00:00 PM,15,9,6
05/24/2015 05:00:00 PM,12,8,4
05/24/2015 04:00:00 PM,15,8,7
05/24/2015 03:00:00 PM,22,14,8
05/24/2015 02:00:00 PM,18,9,9
05/24/2015 01:00:00 PM,9,4,5
05/24/2015 12:00:00 PM,20,8,12
05/24/2015 11:00:00 AM,11,10,1
05/24/2015 10:00:00 AM,10,6,4
05/24/2015 09:00:00 AM,7,3,4
05/24/2015 08:00:00 AM,3,1,2
05/24/2015 07:00:00 AM,1,1,0
05/24/2015 06:00:00 AM,1,0,1
05/24/2015 05:00:00 AM,0,0,0
05/24/2015 04:00:00 AM,0,0,0
05/24/2015 03:00:00 AM,0,0,0
05/24/2015 02:00:00 AM,1,1,0
05/24/2015 01:00:00 AM,1,1,0
05/24/2015 12:00:00 AM,3,2,1
05/23/2015 11:00:00 PM,3,2,1
05/23/2015 10:00:00 PM,2,1,1
05/23/2015 09:00:00 PM,3,1,2
05/23/2015 08:00:00 PM,5,4,1
05/23/2015 07:00:00 PM,5,0,5
05/23/2015 06:00:00 PM,16,6,10
05/23/2015 05:00:00 PM,5,1,4
05/23/2015 04:00:00 PM,13,5,8
05/23/2015 03:00:00 PM,12,7,5
05/23/2015 02:00:00 PM,7,4,3
05/23/2015 01:00:00 PM,8,5,3
05/23/2015 12:00:00 PM,3,3,0
05/23/2015 11:00:00 AM,5,2,3
05/23/2015 10:00:00 AM,9,5,4
05/23/2015 09:00:00 AM,7,4,3
05/23/2015 08:00:00 AM,3,1,2
05/23/2015 07:00:00 AM,3,0,3
05/23/2015 06:00:00 AM,0,0,0
05/23/2015 05:00:00 AM,0,0,0
05/23/2015 04:00:00 AM,0,0,0
05/23/2015 03:00:00 AM,0,0,0
05/23/2015 02:00:00 AM,0,0,0
05/23/2015 01:00:00 AM,1,1,0
05/23/2015 12:00:00 AM,1,1,0
05/22/2015 11:00:00 PM,2,1,1
05/22/2015 10:00:00 PM,4,2,2
05/22/2015 09:00:00 PM,6,1,5
05/22/2015 08:00:00 PM,11,7,4
05/22/2015 07:00:00 PM,9,7,2
05/22/2015 06:00:00 PM,7,3,4
05/22/2015 05:00:00 PM,18,9,9
05/22/2015 04:00:00 PM,12,8,4
05/22/2015 03:00:00 PM,12,8,4
05/22/2015 02:00:00 PM,8,4,4
05/22/2015 01:00:00 PM,13,9,4
05/22/2015 12:00:00 PM,5,1,4
05/22/2015 11:00:00 AM,5,2,3
05/22/2015 10:00:00 AM,4,1,3
05/22/2015 09:00:00 AM,6,2,4
05/22/2015 08:00:00 AM,8,6,2
05/22/2015 07:00:00 AM,6,3,3
05/22/2015 06:00:00 AM,3,1,2
05/22/2015 05:00:00 AM,3,0,3
05/22/2015 04:00:00 AM,0,0,0
05/22/2015 03:00:00 AM,0,0,0
05/22/2015 02:00:00 AM,3,3,0
05/22/2015 01:00:00 AM,1,0,1
05/22/2015 12:00:00 AM,0,0,0
05/21/2015 11:00:00 PM,3,3,0
05/21/2015 10:00:00 PM,3,3,0
05/21/2015 09:00:00 PM,11,6,5
05/21/2015 08:00:00 PM,7,2,5
05/21/2015 07:00:00 PM,13,8,5
05/21/2015 06:00:00 PM,25,13,12
05/21/2015 05:00:00 PM,27,15,12
05/21/2015 04:00:00 PM,15,9,6
05/21/2015 03:00:00 PM,9,1,8
05/21/2015 02:00:00 PM,10,4,6
05/21/2015 01:00:00 PM,16,10,6
05/21/2015 12:00:00 PM,6,5,1
05/21/2015 11:00:00 AM,13,10,3
05/21/2015 10:00:00 AM,5,3,2
05/21/2015 09:00:00 AM,11,3,8
05/21/2015 08:00:00 AM,15,8,7
05/21/2015 07:00:00 AM,9,5,4
05/21/2015 06:00:00 AM,5,2,3
05/21/2015 05:00:00 AM,2,0,2
05/21/2015 04:00:00 AM,0,0,0
05/21/2015 03:00:00 AM,1,0,1
05/21/2015 02:00:00 AM,0,0,0
05/21/2015 01:00:00 AM,1,0,1
05/21/2015 12:00:00 AM,0,0,0
05/20/2015 11:00:00 PM,1,1,0
05/20/2015 10:00:00 PM,9,7,2
05/20/2015 09:00:00 PM,6,4,2
05/20/2015 08:00:00 PM,17,10,7
05/20/2015 07:00:00 PM,33,25,8
05/20/2015 06:00:00 PM,17,13,4
05/20/2015 05:00:00 PM,29,16,13
05/20/2015 04:00:00 PM,18,8,10
05/20/2015 03:00:00 PM,11,8,3
05/20/2015 02:00:00 PM,13,4,9
05/20/2015 01:00:00 PM,8,3,5
05/20/2015 12:00:00 PM,9,6,3
05/20/2015 11:00:00 AM,7,2,5
05/20/2015 10:00:00 AM,2,0,2
05/20/2015 09:00:00 AM,12,5,7
05/20/2015 08:00:00 AM,12,4,8
05/20/2015 07:00:00 AM,12,9,3
05/20/2015 06:00:00 AM,0,0,0
05/20/2015 05:00:00 AM,0,0,0
05/20/2015 04:00:00 AM,0,0,0
05/20/2015 03:00:00 AM,0,0,0
05/20/2015 02:00:00 AM,0,0,0
05/20/2015 01:00:00 AM,1,0,1
05/20/2015 12:00:00 AM,0,0,0
05/19/2015 11:00:00 PM,0,0,0
05/19/2015 10:00:00 PM,9,6,3
05/19/2015 09:00:00 PM,7,6,1
05/19/2015 08:00:00 PM,12,5,7
05/19/2015 07:00:00 PM,22,8,14
05/19/2015 06:00:00 PM,18,8,10
05/19/2015 05:00:00 PM,21,13,8
05/19/2015 04:00:00 PM,11,7,4
05/19/2015 03:00:00 PM,8,6,2
05/19/2015 02:00:00 PM,10,7,3
05/19/2015 01:00:00 PM,16,8,8
05/19/2015 12:00:00 PM,3,2,1
05/19/2015 11:00:00 AM,2,0,2
05/19/2015 10:00:00 AM,10,5,5
05/19/2015 09:00:00 AM,11,2,9
05/19/2015 08:00:00 AM,11,7,4
05/19/2015 07:00:00 AM,12,7,5
05/19/2015 06:00:00 AM,3,2,1
05/19/2015 05:00:00 AM,1,0,1
05/19/2015 04:00:00 AM,0,0,0
05/19/2015 03:00:00 AM,0,0,0
05/19/2015 02:00:00 AM,1,1,0
05/19/2015 01:00:00 AM,0,0,0
05/19/2015 12:00:00 AM,2,1,1
05/18/2015 11:00:00 PM,2,1,1
05/18/2015 10:00:00 PM,1,1,0
05/18/2015 09:00:00 PM,5,4,1
05/18/2015 08:00:00 PM,11,5,6
05/18/2015 07:00:00 PM,14,11,3
05/18/2015 06:00:00 PM,17,10,7
05/18/2015 05:00:00 PM,30,14,16
05/18/2015 04:00:00 PM,23,13,10
05/18/2015 03:00:00 PM,13,7,6
05/18/2015 02:00:00 PM,15,9,6
05/18/2015 01:00:00 PM,11,4,7
05/18/2015 12:00:00 PM,8,5,3
05/18/2015 11:00:00 AM,5,3,2
05/18/2015 10:00:00 AM,6,1,5
05/18/2015 09:00:00 AM,8,2,6
05/18/2015 08:00:00 AM,14,8,6
05/18/2015 07:00:00 AM,15,10,5
05/18/2015 06:00:00 AM,3,1,2
05/18/2015 05:00:00 AM,2,1,1
05/18/2015 04:00:00 AM,0,0,0
05/18/2015 03:00:00 AM,0,0,0
05/18/2015 02:00:00 AM,0,0,0
05/18/2015 01:00:00 AM,0,0,0
05/18/2015 12:00:00 AM,0,0,0
05/17/2015 11:00:00 PM,1,0,1
05/17/2015 10:00:00 PM,0,0,0
05/17/2015 09:00:00 PM,0,0,0
05/17/2015 08:00:00 PM,5,5,0
05/17/2015 07:00:00 PM,6,2,4
05/17/2015 06:00:00 PM,29,20,9
05/17/2015 05:00:00 PM,24,16,8
05/17/2015 04:00:00 PM,10,3,7
05/17/2015 03:00:00 PM,37,9,28
05/17/2015 02:00:00 PM,32,12,20
05/17/2015 01:00:00 PM,28,8,20
05/17/2015 12:00:00 PM,10,3,7
05/17/2015 11:00:00 AM,22,11,11
05/17/2015 10:00:00 AM,4,3,1
05/17/2015 09:00:00 AM,12,3,9
05/17/2015 08:00:00 AM,3,1,2
05/17/2015 07:00:00 AM,1,0,1
05/17/2015 06:00:00 AM,0,0,0
05/17/2015 05:00:00 AM,0,0,0
05/17/2015 04:00:00 AM,0,0,0
05/17/2015 03:00:00 AM,0,0,0
05/17/2015 02:00:00 AM,0,0,0
05/17/2015 01:00:00 AM,0,0,0
05/17/2015 12:00:00 AM,0,0,0
05/16/2015 11:00:00 PM,0,0,0
05/16/2015 10:00:00 PM,0,0,0
05/16/2015 09:00:00 PM,0,0,0
05/16/2015 08:00:00 PM,0,0,0
05/16/2015 07:00:00 PM,0,0,0
05/16/2015 06:00:00 PM,0,0,0
05/16/2015 05:00:00 PM,0,0,0
05/16/2015 04:00:00 PM,0,0,0
05/16/2015 03:00:00 PM,0,0,0
05/16/2015 02:00:00 PM,0,0,0
05/16/2015 01:00:00 PM,0,0,0
05/16/2015 12:00:00 PM,0,0,0
05/16/2015 11:00:00 AM,0,0,0
05/16/2015 10:00:00 AM,0,0,0
05/16/2015 09:00:00 AM,0,0,0
05/16/2015 08:00:00 AM,0,0,0
05/16/2015 07:00:00 AM,0,0,0
05/16/2015 06:00:00 AM,0,0,0
05/16/2015 05:00:00 AM,0,0,0
05/16/2015 04:00:00 AM,0,0,0
05/16/2015 03:00:00 AM,0,0,0
05/16/2015 02:00:00 AM,0,0,0
05/16/2015 01:00:00 AM,0,0,0
05/16/2015 12:00:00 AM,0,0,0
05/15/2015 11:00:00 PM,0,0,0
05/15/2015 10:00:00 PM,0,0,0
05/15/2015 09:00:00 PM,0,0,0
05/15/2015 08:00:00 PM,0,0,0
05/15/2015 07:00:00 PM,0,0,0
05/15/2015 06:00:00 PM,0,0,0
05/15/2015 05:00:00 PM,18,12,6
05/15/2015 04:00:00 PM,17,11,6
05/15/2015 03:00:00 PM,19,11,8
05/15/2015 02:00:00 PM,13,8,5
05/15/2015 01:00:00 PM,6,5,1
05/15/2015 12:00:00 PM,14,11,3
05/15/2015 11:00:00 AM,1,1,0
05/15/2015 10:00:00 AM,2,1,1
05/15/2015 09:00:00 AM,9,3,6
05/15/2015 08:00:00 AM,12,8,4
05/15/2015 07:00:00 AM,11,5,6
05/15/2015 06:00:00 AM,5,4,1
05/15/2015 05:00:00 AM,2,1,1
05/15/2015 04:00:00 AM,0,0,0
05/15/2015 03:00:00 AM,0,0,0
05/15/2015 02:00:00 AM,0,0,0
05/15/2015 01:00:00 AM,0,0,0
05/15/2015 12:00:00 AM,1,0,1
05/14/2015 11:00:00 PM,0,0,0
05/14/2015 10:00:00 PM,3,3,0
05/14/2015 09:00:00 PM,3,1,2
05/14/2015 08:00:00 PM,9,6,3
05/14/2015 07:00:00 PM,10,7,3
05/14/2015 06:00:00 PM,20,9,11
05/14/2015 05:00:00 PM,24,12,12
05/14/2015 04:00:00 PM,14,8,6
05/14/2015 03:00:00 PM,4,2,2
05/14/2015 02:00:00 PM,6,2,4
05/14/2015 01:00:00 PM,7,3,4
05/14/2015 12:00:00 PM,9,5,4
05/14/2015 11:00:00 AM,3,2,1
05/14/2015 10:00:00 AM,7,3,4
05/14/2015 09:00:00 AM,11,7,4
05/14/2015 08:00:00 AM,7,1,6
05/14/2015 07:00:00 AM,7,4,3
05/14/2015 06:00:00 AM,2,0,2
05/14/2015 05:00:00 AM,1,0,1
05/14/2015 04:00:00 AM,0,0,0
05/14/2015 03:00:00 AM,0,0,0
05/14/2015 02:00:00 AM,0,0,0
05/14/2015 01:00:00 AM,0,0,0
05/14/2015 12:00:00 AM,0,0,0
05/13/2015 11:00:00 PM,0,0,0
05/13/2015 10:00:00 PM,1,1,0
05/13/2015 09:00:00 PM,3,2,1
05/13/2015 08:00:00 PM,1,1,0
05/13/2015 07:00:00 PM,6,3,3
05/13/2015 06:00:00 PM,16,7,9
05/13/2015 05:00:00 PM,2,2,0
05/13/2015 04:00:00 PM,3,3,0
05/13/2015 03:00:00 PM,5,5,0
05/13/2015 02:00:00 PM,6,3,3
05/13/2015 01:00:00 PM,4,3,1
05/13/2015 12:00:00 PM,8,4,4
05/13/2015 11:00:00 AM,3,1,2
05/13/2015 10:00:00 AM,4,1,3
05/13/2015 09:00:00 AM,9,4,5
05/13/2015 08:00:00 AM,6,3,3
05/13/2015 07:00:00 AM,6,1,5
05/13/2015 06:00:00 AM,4,3,1
05/13/2015 05:00:00 AM,1,0,1
05/13/2015 04:00:00 AM,0,0,0
05/13/2015 03:00:00 AM,0,0,0
05/13/2015 02:00:00 AM,0,0,0
05/13/2015 01:00:00 AM,0,0,0
05/13/2015 12:00:00 AM,1,0,1
05/12/2015 11:00:00 PM,0,0,0
05/12/2015 10:00:00 PM,2,2,0
05/12/2015 09:00:00 PM,8,7,1
05/12/2015 08:00:00 PM,4,3,1
05/12/2015 07:00:00 PM,9,5,4
05/12/2015 06:00:00 PM,12,4,8
05/12/2015 05:00:00 PM,16,10,6
05/12/2015 04:00:00 PM,8,2,6
05/12/2015 03:00:00 PM,2,2,0
05/12/2015 02:00:00 PM,5,3,2
05/12/2015 01:00:00 PM,3,1,2
05/12/2015 12:00:00 PM,5,2,3
05/12/2015 11:00:00 AM,2,1,1
05/12/2015 10:00:00 AM,5,1,4
05/12/2015 09:00:00 AM,6,4,2
05/12/2015 08:00:00 AM,9,4,5
05/12/2015 07:00:00 AM,12,8,4
05/12/2015 06:00:00 AM,1,0,1
05/12/2015 05:00:00 AM,1,0,1
05/12/2015 04:00:00 AM,0,0,0
05/12/2015 03:00:00 AM,0,0,0
05/12/2015 02:00:00 AM,0,0,0
05/12/2015 01:00:00 AM,1,0,1
05/12/2015 12:00:00 AM,1,0,1
05/11/2015 11:00:00 PM,1,0,1
05/11/2015 10:00:00 PM,1,0,1
05/11/2015 09:00:00 PM,3,3,0
05/11/2015 08:00:00 PM,2,1,1
05/11/2015 07:00:00 PM,12,7,5
05/11/2015 06:00:00 PM,6,5,1
05/11/2015 05:00:00 PM,11,7,4
05/11/2015 04:00:00 PM,16,11,5
05/11/2015 03:00:00 PM,5,2,3
05/11/2015 02:00:00 PM,10,6,4
05/11/2015 01:00:00 PM,2,0,2
05/11/2015 12:00:00 PM,5,3,2
05/11/2015 11:00:00 AM,2,2,0
05/11/2015 10:00:00 AM,7,2,5
05/11/2015 09:00:00 AM,7,3,4
05/11/2015 08:00:00 AM,8,4,4
05/11/2015 07:00:00 AM,5,2,3
05/11/2015 06:00:00 AM,4,1,3
05/11/2015 05:00:00 AM,0,0,0
05/11/2015 04:00:00 AM,0,0,0
05/11/2015 03:00:00 AM,0,0,0
05/11/2015 02:00:00 AM,0,0,0
05/11/2015 01:00:00 AM,0,0,0
05/11/2015 12:00:00 AM,1,0,1
05/10/2015 11:00:00 PM,0,0,0
05/10/2015 10:00:00 PM,3,2,1
05/10/2015 09:00:00 PM,4,2,2
05/10/2015 08:00:00 PM,1,0,1
05/10/2015 07:00:00 PM,9,5,4
05/10/2015 06:00:00 PM,17,13,4
05/10/2015 05:00:00 PM,18,11,7
05/10/2015 04:00:00 PM,15,9,6
05/10/2015 03:00:00 PM,24,13,11
05/10/2015 02:00:00 PM,39,24,15
05/10/2015 01:00:00 PM,32,19,13
05/10/2015 12:00:00 PM,22,10,12
05/10/2015 11:00:00 AM,21,9,12
05/10/2015 10:00:00 AM,14,5,9
05/10/2015 09:00:00 AM,10,5,5
05/10/2015 08:00:00 AM,3,0,3
05/10/2015 07:00:00 AM,2,2,0
05/10/2015 06:00:00 AM,0,0,0
05/10/2015 05:00:00 AM,1,1,0
05/10/2015 04:00:00 AM,0,0,0
05/10/2015 03:00:00 AM,0,0,0
05/10/2015 02:00:00 AM,0,0,0
05/10/2015 01:00:00 AM,1,0,1
05/10/2015 12:00:00 AM,4,3,1
05/09/2015 11:00:00 PM,3,3,0
05/09/2015 10:00:00 PM,5,5,0
05/09/2015 09:00:00 PM,2,1,1
05/09/2015 08:00:00 PM,5,5,0
05/09/2015 07:00:00 PM,12,5,7
05/09/2015 06:00:00 PM,9,4,5
05/09/2015 05:00:00 PM,22,17,5
05/09/2015 04:00:00 PM,26,12,14
05/09/2015 03:00:00 PM,20,16,4
05/09/2015 02:00:00 PM,25,10,15
05/09/2015 01:00:00 PM,12,6,6
05/09/2015 12:00:00 PM,23,12,11
05/09/2015 11:00:00 AM,17,8,9
05/09/2015 10:00:00 AM,10,5,5
05/09/2015 09:00:00 AM,18,8,10
05/09/2015 08:00:00 AM,8,3,5
05/09/2015 07:00:00 AM,2,0,2
05/09/2015 06:00:00 AM,0,0,0
05/09/2015 05:00:00 AM,0,0,0
05/09/2015 04:00:00 AM,0,0,0
05/09/2015 03:00:00 AM,0,0,0
05/09/2015 02:00:00 AM,2,2,0
05/09/2015 01:00:00 AM,0,0,0
05/09/2015 12:00:00 AM,3,3,0
05/08/2015 11:00:00 PM,0,0,0
05/08/2015 10:00:00 PM,3,2,1
05/08/2015 09:00:00 PM,3,3,0
05/08/2015 08:00:00 PM,8,7,1
05/08/2015 07:00:00 PM,10,3,7
05/08/2015 06:00:00 PM,13,10,3
05/08/2015 05:00:00 PM,25,9,16
05/08/2015 04:00:00 PM,19,8,11
05/08/2015 03:00:00 PM,27,13,14
05/08/2015 02:00:00 PM,14,6,8
05/08/2015 01:00:00 PM,8,7,1
05/08/2015 12:00:00 PM,16,6,10
05/08/2015 11:00:00 AM,5,3,2
05/08/2015 10:00:00 AM,13,4,9
05/08/2015 09:00:00 AM,11,6,5
05/08/2015 08:00:00 AM,8,5,3
05/08/2015 07:00:00 AM,5,3,2
05/08/2015 06:00:00 AM,1,0,1
05/08/2015 05:00:00 AM,1,0,1
05/08/2015 04:00:00 AM,0,0,0
05/08/2015 03:00:00 AM,0,0,0
05/08/2015 02:00:00 AM,0,0,0
05/08/2015 01:00:00 AM,0,0,0
05/08/2015 12:00:00 AM,1,1,0
05/07/2015 11:00:00 PM,1,0,1
05/07/2015 10:00:00 PM,2,0,2
05/07/2015 09:00:00 PM,7,5,2
05/07/2015 08:00:00 PM,7,4,3
05/07/2015 07:00:00 PM,18,10,8
05/07/2015 06:00:00 PM,28,12,16
05/07/2015 05:00:00 PM,17,9,8
05/07/2015 04:00:00 PM,9,6,3
05/07/2015 03:00:00 PM,14,9,5
05/07/2015 02:00:00 PM,13,8,5
05/07/2015 01:00:00 PM,5,3,2
05/07/2015 12:00:00 PM,8,2,6
05/07/2015 11:00:00 AM,10,5,5
05/07/2015 10:00:00 AM,4,2,2
05/07/2015 09:00:00 AM,14,9,5
05/07/2015 08:00:00 AM,16,9,7
05/07/2015 07:00:00 AM,6,5,1
05/07/2015 06:00:00 AM,4,0,4
05/07/2015 05:00:00 AM,0,0,0
05/07/2015 04:00:00 AM,0,0,0
05/07/2015 03:00:00 AM,0,0,0
05/07/2015 02:00:00 AM,0,0,0
05/07/2015 01:00:00 AM,1,0,1
05/07/2015 12:00:00 AM,0,0,0
05/06/2015 11:00:00 PM,1,0,1
05/06/2015 10:00:00 PM,3,1,2
05/06/2015 09:00:00 PM,3,3,0
05/06/2015 08:00:00 PM,7,6,1
05/06/2015 07:00:00 PM,10,6,4
05/06/2015 06:00:00 PM,22,13,9
05/06/2015 05:00:00 PM,24,10,14
05/06/2015 04:00:00 PM,14,7,7
05/06/2015 03:00:00 PM,17,9,8
05/06/2015 02:00:00 PM,11,3,8
05/06/2015 01:00:00 PM,7,3,4
05/06/2015 12:00:00 PM,10,6,4
05/06/2015 11:00:00 AM,9,5,4
05/06/2015 10:00:00 AM,6,2,4
05/06/2015 09:00:00 AM,9,4,5
05/06/2015 08:00:00 AM,25,12,13
05/06/2015 07:00:00 AM,11,7,4
05/06/2015 06:00:00 AM,2,1,1
05/06/2015 05:00:00 AM,0,0,0
05/06/2015 04:00:00 AM,0,0,0
05/06/2015 03:00:00 AM,0,0,0
05/06/2015 02:00:00 AM,0,0,0
05/06/2015 01:00:00 AM,0,0,0
05/06/2015 12:00:00 AM,0,0,0
05/05/2015 11:00:00 PM,0,0,0
05/05/2015 10:00:00 PM,0,0,0
05/05/2015 09:00:00 PM,0,0,0
05/05/2015 08:00:00 PM,1,1,0
05/05/2015 07:00:00 PM,6,4,2
05/05/2015 06:00:00 PM,11,7,4
05/05/2015 05:00:00 PM,6,3,3
05/05/2015 04:00:00 PM,3,2,1
05/05/2015 03:00:00 PM,7,5,2
05/05/2015 02:00:00 PM,7,3,4
05/05/2015 01:00:00 PM,4,2,2
05/05/2015 12:00:00 PM,13,3,10
05/05/2015 11:00:00 AM,4,1,3
05/05/2015 10:00:00 AM,6,3,3
05/05/2015 09:00:00 AM,3,1,2
05/05/2015 08:00:00 AM,19,11,8
05/05/2015 07:00:00 AM,4,4,0
05/05/2015 06:00:00 AM,6,2,4
05/05/2015 05:00:00 AM,1,0,1
05/05/2015 04:00:00 AM,0,0,0
05/05/2015 03:00:00 AM,0,0,0
05/05/2015 02:00:00 AM,0,0,0
05/05/2015 01:00:00 AM,0,0,0
05/05/2015 12:00:00 AM,1,1,0
05/04/2015 11:00:00 PM,1,0,1
05/04/2015 10:00:00 PM,4,4,0
05/04/2015 09:00:00 PM,5,3,2
05/04/2015 08:00:00 PM,6,4,2
05/04/2015 07:00:00 PM,19,11,8
05/04/2015 06:00:00 PM,8,5,3
05/04/2015 05:00:00 PM,19,11,8
05/04/2015 04:00:00 PM,14,9,5
05/04/2015 03:00:00 PM,9,3,6
05/04/2015 02:00:00 PM,7,5,2
05/04/2015 01:00:00 PM,13,8,5
05/04/2015 12:00:00 PM,8,3,5
05/04/2015 11:00:00 AM,7,3,4
05/04/2015 10:00:00 AM,6,0,6
05/04/2015 09:00:00 AM,12,4,8
05/04/2015 08:00:00 AM,16,8,8
05/04/2015 07:00:00 AM,11,7,4
05/04/2015 06:00:00 AM,6,1,5
05/04/2015 05:00:00 AM,1,0,1
05/04/2015 04:00:00 AM,0,0,0
05/04/2015 03:00:00 AM,0,0,0
05/04/2015 02:00:00 AM,1,0,1
05/04/2015 01:00:00 AM,2,2,0
05/04/2015 12:00:00 AM,0,0,0
05/03/2015 11:00:00 PM,2,2,0
05/03/2015 10:00:00 PM,1,1,0
05/03/2015 09:00:00 PM,0,0,0
05/03/2015 08:00:00 PM,4,4,0
05/03/2015 07:00:00 PM,6,4,2
05/03/2015 06:00:00 PM,9,5,4
05/03/2015 05:00:00 PM,22,17,5
05/03/2015 04:00:00 PM,16,11,5
05/03/2015 03:00:00 PM,23,14,9
05/03/2015 02:00:00 PM,0,0,0
05/03/2015 01:00:00 PM,0,0,0
05/03/2015 12:00:00 PM,28,20,8
05/03/2015 11:00:00 AM,12,5,7
05/03/2015 10:00:00 AM,16,8,8
05/03/2015 09:00:00 AM,7,4,3
05/03/2015 08:00:00 AM,4,0,4
05/03/2015 07:00:00 AM,0,0,0
05/03/2015 06:00:00 AM,0,0,0
05/03/2015 05:00:00 AM,0,0,0
05/03/2015 04:00:00 AM,0,0,0
05/03/2015 03:00:00 AM,0,0,0
05/03/2015 02:00:00 AM,0,0,0
05/03/2015 01:00:00 AM,2,1,1
05/03/2015 12:00:00 AM,2,2,0
05/02/2015 11:00:00 PM,4,2,2
05/02/2015 10:00:00 PM,5,3,2
05/02/2015 09:00:00 PM,5,3,2
05/02/2015 08:00:00 PM,7,2,5
05/02/2015 07:00:00 PM,9,2,7
05/02/2015 06:00:00 PM,22,10,12
05/02/2015 05:00:00 PM,14,11,3
05/02/2015 04:00:00 PM,17,10,7
05/02/2015 03:00:00 PM,19,9,10
05/02/2015 02:00:00 PM,23,21,2
05/02/2015 01:00:00 PM,20,10,10
05/02/2015 12:00:00 PM,37,18,19
05/02/2015 11:00:00 AM,21,13,8
05/02/2015 10:00:00 AM,17,9,8
05/02/2015 09:00:00 AM,8,4,4
05/02/2015 08:00:00 AM,6,4,2
05/02/2015 07:00:00 AM,0,0,0
05/02/2015 06:00:00 AM,0,0,0
05/02/2015 05:00:00 AM,0,0,0
05/02/2015 04:00:00 AM,0,0,0
05/02/2015 03:00:00 AM,0,0,0
05/02/2015 02:00:00 AM,0,0,0
05/02/2015 01:00:00 AM,1,1,0
05/02/2015 12:00:00 AM,0,0,0
05/01/2015 11:00:00 PM,2,2,0
05/01/2015 10:00:00 PM,3,2,1
05/01/2015 09:00:00 PM,4,3,1
05/01/2015 08:00:00 PM,8,1,7
05/01/2015 07:00:00 PM,11,7,4
05/01/2015 06:00:00 PM,10,6,4
05/01/2015 05:00:00 PM,21,9,12
05/01/2015 04:00:00 PM,30,21,9
05/01/2015 03:00:00 PM,22,6,16
05/01/2015 02:00:00 PM,11,5,6
05/01/2015 01:00:00 PM,7,5,2
05/01/2015 12:00:00 PM,8,4,4
05/01/2015 11:00:00 AM,7,2,5
05/01/2015 10:00:00 AM,9,3,6
05/01/2015 09:00:00 AM,11,8,3
05/01/2015 08:00:00 AM,11,4,7
05/01/2015 07:00:00 AM,12,9,3
05/01/2015 06:00:00 AM,3,1,2
05/01/2015 05:00:00 AM,0,0,0
05/01/2015 04:00:00 AM,0,0,0
05/01/2015 03:00:00 AM,1,0,1
05/01/2015 02:00:00 AM,0,0,0
05/01/2015 01:00:00 AM,1,0,1
05/01/2015 12:00:00 AM,2,1,1
04/30/2015 11:00:00 PM,0,0,0
04/30/2015 10:00:00 PM,5,4,1
04/30/2015 09:00:00 PM,4,4,0
04/30/2015 08:00:00 PM,6,4,2
04/30/2015 07:00:00 PM,7,2,5
04/30/2015 06:00:00 PM,13,6,7
04/30/2015 05:00:00 PM,22,9,13
04/30/2015 04:00:00 PM,9,7,2
04/30/2015 03:00:00 PM,9,3,6
04/30/2015 02:00:00 PM,2,1,1
04/30/2015 01:00:00 PM,8,5,3
04/30/2015 12:00:00 PM,19,11,8
04/30/2015 11:00:00 AM,10,3,7
04/30/2015 10:00:00 AM,3,3,0
04/30/2015 09:00:00 AM,3,2,1
04/30/2015 08:00:00 AM,10,5,5
04/30/2015 07:00:00 AM,5,5,0
04/30/2015 06:00:00 AM,0,0,0
04/30/2015 05:00:00 AM,1,0,1
04/30/2015 04:00:00 AM,0,0,0
04/30/2015 03:00:00 AM,0,0,0
04/30/2015 02:00:00 AM,0,0,0
04/30/2015 01:00:00 AM,0,0,0
04/30/2015 12:00:00 AM,0,0,0
04/29/2015 11:00:00 PM,1,0,1
04/29/2015 10:00:00 PM,0,0,0
04/29/2015 09:00:00 PM,8,5,3
04/29/2015 08:00:00 PM,7,6,1
04/29/2015 07:00:00 PM,19,8,11
04/29/2015 06:00:00 PM,14,5,9
04/29/2015 05:00:00 PM,12,4,8
04/29/2015 04:00:00 PM,12,5,7
04/29/2015 03:00:00 PM,8,7,1
04/29/2015 02:00:00 PM,12,2,10
04/29/2015 01:00:00 PM,14,8,6
04/29/2015 12:00:00 PM,10,5,5
04/29/2015 11:00:00 AM,13,5,8
04/29/2015 10:00:00 AM,9,3,6
04/29/2015 09:00:00 AM,13,4,9
04/29/2015 08:00:00 AM,14,6,8
04/29/2015 07:00:00 AM,7,5,2
04/29/2015 06:00:00 AM,0,0,0
04/29/2015 05:00:00 AM,1,0,1
04/29/2015 04:00:00 AM,0,0,0
04/29/2015 03:00:00 AM,0,0,0
04/29/2015 02:00:00 AM,0,0,0
04/29/2015 01:00:00 AM,0,0,0
04/29/2015 12:00:00 AM,2,1,1
04/28/2015 11:00:00 PM,0,0,0
04/28/2015 10:00:00 PM,1,0,1
04/28/2015 09:00:00 PM,5,5,0
04/28/2015 08:00:00 PM,4,1,3
04/28/2015 07:00:00 PM,6,5,1
04/28/2015 06:00:00 PM,7,4,3
04/28/2015 05:00:00 PM,12,9,3
04/28/2015 04:00:00 PM,10,5,5
04/28/2015 03:00:00 PM,8,7,1
04/28/2015 02:00:00 PM,14,9,5
04/28/2015 01:00:00 PM,10,5,5
04/28/2015 12:00:00 PM,1,1,0
04/28/2015 11:00:00 AM,6,0,6
04/28/2015 10:00:00 AM,5,4,1
04/28/2015 09:00:00 AM,11,4,7
04/28/2015 08:00:00 AM,13,5,8
04/28/2015 07:00:00 AM,6,6,0
04/28/2015 06:00:00 AM,3,2,1
04/28/2015 05:00:00 AM,1,0,1
04/28/2015 04:00:00 AM,0,0,0
04/28/2015 03:00:00 AM,0,0,0
04/28/2015 02:00:00 AM,1,0,1
04/28/2015 01:00:00 AM,0,0,0
04/28/2015 12:00:00 AM,3,2,1
04/27/2015 11:00:00 PM,0,0,0
04/27/2015 10:00:00 PM,0,0,0
04/27/2015 09:00:00 PM,3,3,0
04/27/2015 08:00:00 PM,18,16,2
04/27/2015 07:00:00 PM,19,14,5
04/27/2015 06:00:00 PM,21,12,9
04/27/2015 05:00:00 PM,19,11,8
04/27/2015 04:00:00 PM,9,3,6
04/27/2015 03:00:00 PM,10,2,8
04/27/2015 02:00:00 PM,12,11,1
04/27/2015 01:00:00 PM,14,9,5
04/27/2015 12:00:00 PM,14,6,8
04/27/2015 11:00:00 AM,4,2,2
04/27/2015 10:00:00 AM,9,6,3
04/27/2015 09:00:00 AM,8,3,5
04/27/2015 08:00:00 AM,7,1,6
04/27/2015 07:00:00 AM,6,2,4
04/27/2015 06:00:00 AM,2,1,1
04/27/2015 05:00:00 AM,3,1,2
04/27/2015 04:00:00 AM,0,0,0
04/27/2015 03:00:00 AM,0,0,0
04/27/2015 02:00:00 AM,0,0,0
04/27/2015 01:00:00 AM,0,0,0
04/27/2015 12:00:00 AM,0,0,0
04/26/2015 11:00:00 PM,0,0,0
04/26/2015 10:00:00 PM,1,1,0
04/26/2015 09:00:00 PM,4,1,3
04/26/2015 08:00:00 PM,1,0,1
04/26/2015 07:00:00 PM,11,4,7
04/26/2015 06:00:00 PM,10,5,5
04/26/2015 05:00:00 PM,9,3,6
04/26/2015 04:00:00 PM,11,6,5
04/26/2015 03:00:00 PM,18,6,12
04/26/2015 02:00:00 PM,9,5,4
04/26/2015 01:00:00 PM,12,4,8
04/26/2015 12:00:00 PM,17,8,9
04/26/2015 11:00:00 AM,12,4,8
04/26/2015 10:00:00 AM,11,5,6
04/26/2015 09:00:00 AM,7,5,2
04/26/2015 08:00:00 AM,1,0,1
04/26/2015 07:00:00 AM,1,0,1
04/26/2015 06:00:00 AM,0,0,0
04/26/2015 05:00:00 AM,0,0,0
04/26/2015 04:00:00 AM,0,0,0
04/26/2015 03:00:00 AM,0,0,0
04/26/2015 02:00:00 AM,1,0,1
04/26/2015 01:00:00 AM,2,1,1
04/26/2015 12:00:00 AM,5,3,2
04/25/2015 11:00:00 PM,3,3,0
04/25/2015 10:00:00 PM,1,1,0
04/25/2015 09:00:00 PM,2,2,0
04/25/2015 08:00:00 PM,3,2,1
04/25/2015 07:00:00 PM,9,3,6
04/25/2015 06:00:00 PM,7,3,4
04/25/2015 05:00:00 PM,13,5,8
04/25/2015 04:00:00 PM,7,4,3
04/25/2015 03:00:00 PM,8,3,5
04/25/2015 02:00:00 PM,10,3,7
04/25/2015 01:00:00 PM,15,11,4
04/25/2015 12:00:00 PM,15,3,12
04/25/2015 11:00:00 AM,4,0,4
04/25/2015 10:00:00 AM,0,0,0
04/25/2015 09:00:00 AM,0,0,0
04/25/2015 08:00:00 AM,0,0,0
04/25/2015 07:00:00 AM,0,0,0
04/25/2015 06:00:00 AM,0,0,0
04/25/2015 05:00:00 AM,0,0,0
04/25/2015 04:00:00 AM,0,0,0
04/25/2015 03:00:00 AM,0,0,0
04/25/2015 02:00:00 AM,0,0,0
04/25/2015 01:00:00 AM,0,0,0
04/25/2015 12:00:00 AM,0,0,0
04/24/2015 11:00:00 PM,0,0,0
04/24/2015 10:00:00 PM,0,0,0
04/24/2015 09:00:00 PM,0,0,0
04/24/2015 08:00:00 PM,0,0,0
04/24/2015 07:00:00 PM,0,0,0
04/24/2015 06:00:00 PM,15,14,1
04/24/2015 05:00:00 PM,3,1,2
04/24/2015 04:00:00 PM,9,2,7
04/24/2015 03:00:00 PM,1,1,0
04/24/2015 02:00:00 PM,7,4,3
04/24/2015 01:00:00 PM,8,5,3
04/24/2015 12:00:00 PM,7,4,3
04/24/2015 11:00:00 AM,2,2,0
04/24/2015 10:00:00 AM,4,0,4
04/24/2015 09:00:00 AM,12,2,10
04/24/2015 08:00:00 AM,6,0,6
04/24/2015 07:00:00 AM,2,2,0
04/24/2015 06:00:00 AM,4,0,4
04/24/2015 05:00:00 AM,1,1,0
04/24/2015 04:00:00 AM,0,0,0
04/24/2015 03:00:00 AM,0,0,0
04/24/2015 02:00:00 AM,0,0,0
04/24/2015 01:00:00 AM,0,0,0
04/24/2015 12:00:00 AM,0,0,0
04/23/2015 11:00:00 PM,1,1,0
04/23/2015 10:00:00 PM,0,0,0
04/23/2015 09:00:00 PM,1,1,0
04/23/2015 08:00:00 PM,4,2,2
04/23/2015 07:00:00 PM,6,1,5
04/23/2015 06:00:00 PM,12,8,4
04/23/2015 05:00:00 PM,7,1,6
04/23/2015 04:00:00 PM,2,2,0
04/23/2015 03:00:00 PM,9,5,4
04/23/2015 02:00:00 PM,3,1,2
04/23/2015 01:00:00 PM,3,1,2
04/23/2015 12:00:00 PM,9,6,3
04/23/2015 11:00:00 AM,7,3,4
04/23/2015 10:00:00 AM,6,3,3
04/23/2015 09:00:00 AM,3,1,2
04/23/2015 08:00:00 AM,11,3,8
04/23/2015 07:00:00 AM,4,4,0
04/23/2015 06:00:00 AM,2,0,2
04/23/2015 05:00:00 AM,1,0,1
04/23/2015 04:00:00 AM,0,0,0
04/23/2015 03:00:00 AM,0,0,0
04/23/2015 02:00:00 AM,0,0,0
04/23/2015 01:00:00 AM,0,0,0
04/23/2015 12:00:00 AM,2,1,1
04/22/2015 11:00:00 PM,0,0,0
04/22/2015 10:00:00 PM,2,1,1
04/22/2015 09:00:00 PM,0,0,0
04/22/2015 08:00:00 PM,7,4,3
04/22/2015 07:00:00 PM,1,0,1
04/22/2015 06:00:00 PM,16,8,8
04/22/2015 05:00:00 PM,13,3,10
04/22/2015 04:00:00 PM,16,9,7
04/22/2015 03:00:00 PM,5,4,1
04/22/2015 02:00:00 PM,6,3,3
04/22/2015 01:00:00 PM,8,4,4
04/22/2015 12:00:00 PM,11,8,3
04/22/2015 11:00:00 AM,7,3,4
04/22/2015 10:00:00 AM,9,5,4
04/22/2015 09:00:00 AM,19,8,11
04/22/2015 08:00:00 AM,7,2,5
04/22/2015 07:00:00 AM,4,2,2
04/22/2015 06:00:00 AM,1,0,1
04/22/2015 05:00:00 AM,0,0,0
04/22/2015 04:00:00 AM,0,0,0
04/22/2015 03:00:00 AM,0,0,0
04/22/2015 02:00:00 AM,2,2,0
04/22/2015 01:00:00 AM,0,0,0
04/22/2015 12:00:00 AM,1,0,1
04/21/2015 11:00:00 PM,0,0,0
04/21/2015 10:00:00 PM,4,2,2
04/21/2015 09:00:00 PM,6,5,1
04/21/2015 08:00:00 PM,3,3,0
04/21/2015 07:00:00 PM,3,2,1
04/21/2015 06:00:00 PM,8,1,7
04/21/2015 05:00:00 PM,9,4,5
04/21/2015 04:00:00 PM,17,11,6
04/21/2015 03:00:00 PM,12,7,5
04/21/2015 02:00:00 PM,3,0,3
04/21/2015 01:00:00 PM,18,9,9
04/21/2015 12:00:00 PM,6,5,1
04/21/2015 11:00:00 AM,11,3,8
04/21/2015 10:00:00 AM,7,6,1
04/21/2015 09:00:00 AM,13,4,9
04/21/2015 08:00:00 AM,9,3,6
04/21/2015 07:00:00 AM,8,7,1
04/21/2015 06:00:00 AM,1,1,0
04/21/2015 05:00:00 AM,0,0,0
04/21/2015 04:00:00 AM,1,0,1
04/21/2015 03:00:00 AM,0,0,0
04/21/2015 02:00:00 AM,0,0,0
04/21/2015 01:00:00 AM,0,0,0
04/21/2015 12:00:00 AM,2,2,0
04/20/2015 11:00:00 PM,0,0,0
04/20/2015 10:00:00 PM,3,2,1
04/20/2015 09:00:00 PM,5,2,3
04/20/2015 08:00:00 PM,7,4,3
04/20/2015 07:00:00 PM,12,5,7
04/20/2015 06:00:00 PM,14,9,5
04/20/2015 05:00:00 PM,22,9,13
04/20/2015 04:00:00 PM,17,10,7
04/20/2015 03:00:00 PM,12,7,5
04/20/2015 02:00:00 PM,21,6,15
04/20/2015 01:00:00 PM,15,10,5
04/20/2015 12:00:00 PM,11,8,3
04/20/2015 11:00:00 AM,7,4,3
04/20/2015 10:00:00 AM,5,4,1
04/20/2015 09:00:00 AM,8,3,5
04/20/2015 08:00:00 AM,12,4,8
04/20/2015 07:00:00 AM,6,0,6
04/20/2015 06:00:00 AM,2,1,1
04/20/2015 05:00:00 AM,0,0,0
04/20/2015 04:00:00 AM,0,0,0
04/20/2015 03:00:00 AM,0,0,0
04/20/2015 02:00:00 AM,0,0,0
04/20/2015 01:00:00 AM,4,0,4
04/20/2015 12:00:00 AM,0,0,0
04/19/2015 11:00:00 PM,0,0,0
04/19/2015 10:00:00 PM,0,0,0
04/19/2015 09:00:00 PM,0,0,0
04/19/2015 08:00:00 PM,2,0,2
04/19/2015 07:00:00 PM,18,10,8
04/19/2015 06:00:00 PM,10,4,6
04/19/2015 05:00:00 PM,12,5,7
04/19/2015 04:00:00 PM,20,13,7
04/19/2015 03:00:00 PM,17,8,9
04/19/2015 02:00:00 PM,14,6,8
04/19/2015 01:00:00 PM,0,0,0
04/19/2015 12:00:00 PM,14,4,10
04/19/2015 11:00:00 AM,22,4,18
04/19/2015 10:00:00 AM,11,7,4
04/19/2015 09:00:00 AM,8,3,5
04/19/2015 08:00:00 AM,3,1,2
04/19/2015 07:00:00 AM,1,0,1
04/19/2015 06:00:00 AM,0,0,0
04/19/2015 05:00:00 AM,0,0,0
04/19/2015 04:00:00 AM,0,0,0
04/19/2015 03:00:00 AM,0,0,0
04/19/2015 02:00:00 AM,0,0,0
04/19/2015 01:00:00 AM,0,0,0
04/19/2015 12:00:00 AM,0,0,0
04/18/2015 11:00:00 PM,0,0,0
04/18/2015 10:00:00 PM,0,0,0
04/18/2015 09:00:00 PM,0,0,0
04/18/2015 08:00:00 PM,0,0,0
04/18/2015 07:00:00 PM,0,0,0
04/18/2015 06:00:00 PM,0,0,0
04/18/2015 05:00:00 PM,10,9,1
04/18/2015 04:00:00 PM,22,14,8
04/18/2015 03:00:00 PM,13,3,10
04/18/2015 02:00:00 PM,15,12,3
04/18/2015 01:00:00 PM,15,4,11
04/18/2015 12:00:00 PM,19,6,13
04/18/2015 11:00:00 AM,21,6,15
04/18/2015 10:00:00 AM,8,2,6
04/18/2015 09:00:00 AM,8,3,5
04/18/2015 08:00:00 AM,2,1,1
04/18/2015 07:00:00 AM,1,1,0
04/18/2015 06:00:00 AM,0,0,0
04/18/2015 05:00:00 AM,0,0,0
04/18/2015 04:00:00 AM,2,1,1
04/18/2015 03:00:00 AM,0,0,0
04/18/2015 02:00:00 AM,1,0,1
04/18/2015 01:00:00 AM,2,1,1
04/18/2015 12:00:00 AM,3,2,1
04/17/2015 11:00:00 PM,1,0,1
04/17/2015 10:00:00 PM,2,1,1
04/17/2015 09:00:00 PM,2,0,2
04/17/2015 08:00:00 PM,0,0,0
04/17/2015 07:00:00 PM,13,6,7
04/17/2015 06:00:00 PM,12,3,9
04/17/2015 05:00:00 PM,12,10,2
04/17/2015 04:00:00 PM,15,5,10
04/17/2015 03:00:00 PM,5,4,1
04/17/2015 02:00:00 PM,13,8,5
04/17/2015 01:00:00 PM,6,1,5
04/17/2015 12:00:00 PM,18,10,8
04/17/2015 11:00:00 AM,13,6,7
04/17/2015 10:00:00 AM,2,0,2
04/17/2015 09:00:00 AM,5,1,4
04/17/2015 08:00:00 AM,3,1,2
04/17/2015 07:00:00 AM,7,3,4
04/17/2015 06:00:00 AM,2,2,0
04/17/2015 05:00:00 AM,1,0,1
04/17/2015 04:00:00 AM,0,0,0
04/17/2015 03:00:00 AM,0,0,0
04/17/2015 02:00:00 AM,1,0,1
04/17/2015 01:00:00 AM,0,0,0
04/17/2015 12:00:00 AM,4,1,3
04/16/2015 11:00:00 PM,3,3,0
04/16/2015 10:00:00 PM,2,2,0
04/16/2015 09:00:00 PM,1,0,1
04/16/2015 08:00:00 PM,3,1,2
04/16/2015 07:00:00 PM,10,3,7
04/16/2015 06:00:00 PM,17,10,7
04/16/2015 05:00:00 PM,14,8,6
04/16/2015 04:00:00 PM,12,8,4
04/16/2015 03:00:00 PM,9,5,4
04/16/2015 02:00:00 PM,7,2,5
04/16/2015 01:00:00 PM,20,12,8
04/16/2015 12:00:00 PM,7,4,3
04/16/2015 11:00:00 AM,7,4,3
04/16/2015 10:00:00 AM,7,4,3
04/16/2015 09:00:00 AM,18,6,12
04/16/2015 08:00:00 AM,4,1,3
04/16/2015 07:00:00 AM,5,3,2
04/16/2015 06:00:00 AM,0,0,0
04/16/2015 05:00:00 AM,0,0,0
04/16/2015 04:00:00 AM,0,0,0
04/16/2015 03:00:00 AM,0,0,0
04/16/2015 02:00:00 AM,0,0,0
04/16/2015 01:00:00 AM,0,0,0
04/16/2015 12:00:00 AM,0,0,0
04/15/2015 11:00:00 PM,0,0,0
04/15/2015 10:00:00 PM,0,0,0
04/15/2015 09:00:00 PM,0,0,0
04/15/2015 08:00:00 PM,0,0,0
04/15/2015 07:00:00 PM,0,0,0
04/15/2015 06:00:00 PM,0,0,0
04/15/2015 05:00:00 PM,6,3,3
04/15/2015 04:00:00 PM,14,10,4
04/15/2015 03:00:00 PM,6,2,4
04/15/2015 02:00:00 PM,3,2,1
04/15/2015 01:00:00 PM,13,6,7
04/15/2015 12:00:00 PM,7,5,2
04/15/2015 11:00:00 AM,10,5,5
04/15/2015 10:00:00 AM,2,2,0
04/15/2015 09:00:00 AM,7,3,4
04/15/2015 08:00:00 AM,10,5,5
04/15/2015 07:00:00 AM,6,4,2
04/15/2015 06:00:00 AM,1,0,1
04/15/2015 05:00:00 AM,0,0,0
04/15/2015 04:00:00 AM,0,0,0
04/15/2015 03:00:00 AM,0,0,0
04/15/2015 02:00:00 AM,0,0,0
04/15/2015 01:00:00 AM,1,1,0
04/15/2015 12:00:00 AM,0,0,0
04/14/2015 11:00:00 PM,2,2,0
04/14/2015 10:00:00 PM,1,1,0
04/14/2015 09:00:00 PM,6,5,1
04/14/2015 08:00:00 PM,4,3,1
04/14/2015 07:00:00 PM,5,2,3
04/14/2015 06:00:00 PM,11,4,7
04/14/2015 05:00:00 PM,17,12,5
04/14/2015 04:00:00 PM,2,1,1
04/14/2015 03:00:00 PM,7,2,5
04/14/2015 02:00:00 PM,11,6,5
04/14/2015 01:00:00 PM,5,4,1
04/14/2015 12:00:00 PM,13,7,6
04/14/2015 11:00:00 AM,12,4,8
04/14/2015 10:00:00 AM,2,0,2
04/14/2015 09:00:00 AM,6,3,3
04/14/2015 08:00:00 AM,10,4,6
04/14/2015 07:00:00 AM,2,1,1
04/14/2015 06:00:00 AM,0,0,0
04/14/2015 05:00:00 AM,0,0,0
04/14/2015 04:00:00 AM,0,0,0
04/14/2015 03:00:00 AM,0,0,0
04/14/2015 02:00:00 AM,0,0,0
04/14/2015 01:00:00 AM,0,0,0
04/14/2015 12:00:00 AM,0,0,0
04/13/2015 11:00:00 PM,0,0,0
04/13/2015 10:00:00 PM,0,0,0
04/13/2015 09:00:00 PM,0,0,0
04/13/2015 08:00:00 PM,0,0,0
04/13/2015 07:00:00 PM,2,2,0
04/13/2015 06:00:00 PM,4,1,3
04/13/2015 05:00:00 PM,16,9,7
04/13/2015 04:00:00 PM,3,3,0
04/13/2015 03:00:00 PM,1,0,1
04/13/2015 02:00:00 PM,6,4,2
04/13/2015 01:00:00 PM,7,5,2
04/13/2015 12:00:00 PM,6,4,2
04/13/2015 11:00:00 AM,5,1,4
04/13/2015 10:00:00 AM,1,0,1
04/13/2015 09:00:00 AM,7,2,5
04/13/2015 08:00:00 AM,6,3,3
04/13/2015 07:00:00 AM,4,3,1
04/13/2015 06:00:00 AM,0,0,0
04/13/2015 05:00:00 AM,0,0,0
04/13/2015 04:00:00 AM,0,0,0
04/13/2015 03:00:00 AM,0,0,0
04/13/2015 02:00:00 AM,0,0,0
04/13/2015 01:00:00 AM,0,0,0
04/13/2015 12:00:00 AM,0,0,0
04/12/2015 11:00:00 PM,0,0,0
04/12/2015 10:00:00 PM,0,0,0
04/12/2015 09:00:00 PM,0,0,0
04/12/2015 08:00:00 PM,0,0,0
04/12/2015 07:00:00 PM,0,0,0
04/12/2015 06:00:00 PM,0,0,0
04/12/2015 05:00:00 PM,0,0,0
04/12/2015 04:00:00 PM,0,0,0
04/12/2015 03:00:00 PM,0,0,0
04/12/2015 02:00:00 PM,0,0,0
04/12/2015 01:00:00 PM,0,0,0
04/12/2015 12:00:00 PM,0,0,0
04/12/2015 11:00:00 AM,0,0,0
04/12/2015 10:00:00 AM,0,0,0
04/12/2015 09:00:00 AM,0,0,0
04/12/2015 08:00:00 AM,0,0,0
04/12/2015 07:00:00 AM,0,0,0
04/12/2015 06:00:00 AM,0,0,0
04/12/2015 05:00:00 AM,0,0,0
04/12/2015 04:00:00 AM,0,0,0
04/12/2015 03:00:00 AM,0,0,0
04/12/2015 02:00:00 AM,0,0,0
04/12/2015 01:00:00 AM,0,0,0
04/12/2015 12:00:00 AM,0,0,0
04/11/2015 11:00:00 PM,0,0,0
04/11/2015 10:00:00 PM,0,0,0
04/11/2015 09:00:00 PM,0,0,0
04/11/2015 08:00:00 PM,0,0,0
04/11/2015 07:00:00 PM,0,0,0
04/11/2015 06:00:00 PM,0,0,0
04/11/2015 05:00:00 PM,0,0,0
04/11/2015 04:00:00 PM,0,0,0
04/11/2015 03:00:00 PM,0,0,0
04/11/2015 02:00:00 PM,0,0,0
04/11/2015 01:00:00 PM,0,0,0
04/11/2015 12:00:00 PM,0,0,0
04/11/2015 11:00:00 AM,0,0,0
04/11/2015 10:00:00 AM,0,0,0
04/11/2015 09:00:00 AM,0,0,0
04/11/2015 08:00:00 AM,0,0,0
04/11/2015 07:00:00 AM,0,0,0
04/11/2015 06:00:00 AM,0,0,0
04/11/2015 05:00:00 AM,0,0,0
04/11/2015 04:00:00 AM,0,0,0
04/11/2015 03:00:00 AM,0,0,0
04/11/2015 02:00:00 AM,0,0,0
04/11/2015 01:00:00 AM,0,0,0
04/11/2015 12:00:00 AM,0,0,0
04/10/2015 11:00:00 PM,3,2,1
04/10/2015 10:00:00 PM,0,0,0
04/10/2015 09:00:00 PM,2,0,2
04/10/2015 08:00:00 PM,1,1,0
04/10/2015 07:00:00 PM,3,2,1
04/10/2015 06:00:00 PM,5,2,3
04/10/2015 05:00:00 PM,13,5,8
04/10/2015 04:00:00 PM,6,5,1
04/10/2015 03:00:00 PM,7,5,2
04/10/2015 02:00:00 PM,9,5,4
04/10/2015 01:00:00 PM,5,4,1
04/10/2015 12:00:00 PM,10,4,6
04/10/2015 11:00:00 AM,13,3,10
04/10/2015 10:00:00 AM,6,2,4
04/10/2015 09:00:00 AM,12,6,6
04/10/2015 08:00:00 AM,6,0,6
04/10/2015 07:00:00 AM,9,8,1
04/10/2015 06:00:00 AM,1,0,1
04/10/2015 05:00:00 AM,1,0,1
04/10/2015 04:00:00 AM,0,0,0
04/10/2015 03:00:00 AM,0,0,0
04/10/2015 02:00:00 AM,2,2,0
04/10/2015 01:00:00 AM,0,0,0
04/10/2015 12:00:00 AM,0,0,0
04/09/2015 11:00:00 PM,2,2,0
04/09/2015 10:00:00 PM,2,0,2
04/09/2015 09:00:00 PM,4,4,0
04/09/2015 08:00:00 PM,6,4,2
04/09/2015 07:00:00 PM,11,11,0
04/09/2015 06:00:00 PM,23,8,15
04/09/2015 05:00:00 PM,27,17,10
04/09/2015 04:00:00 PM,14,5,9
04/09/2015 03:00:00 PM,12,3,9
04/09/2015 02:00:00 PM,9,8,1
04/09/2015 01:00:00 PM,10,5,5
04/09/2015 12:00:00 PM,7,3,4
04/09/2015 11:00:00 AM,4,2,2
04/09/2015 10:00:00 AM,9,4,5
04/09/2015 09:00:00 AM,6,2,4
04/09/2015 08:00:00 AM,13,8,5
04/09/2015 07:00:00 AM,8,3,5
04/09/2015 06:00:00 AM,3,0,3
04/09/2015 05:00:00 AM,2,2,0
04/09/2015 04:00:00 AM,1,0,1
04/09/2015 03:00:00 AM,0,0,0
04/09/2015 02:00:00 AM,0,0,0
04/09/2015 01:00:00 AM,0,0,0
04/09/2015 12:00:00 AM,0,0,0
04/08/2015 11:00:00 PM,1,1,0
04/08/2015 10:00:00 PM,3,2,1
04/08/2015 09:00:00 PM,2,2,0
04/08/2015 08:00:00 PM,16,9,7
04/08/2015 07:00:00 PM,13,8,5
04/08/2015 06:00:00 PM,26,12,14
04/08/2015 05:00:00 PM,19,7,12
04/08/2015 04:00:00 PM,12,4,8
04/08/2015 03:00:00 PM,4,2,2
04/08/2015 02:00:00 PM,6,3,3
04/08/2015 01:00:00 PM,11,5,6
04/08/2015 12:00:00 PM,5,3,2
04/08/2015 11:00:00 AM,5,3,2
04/08/2015 10:00:00 AM,5,4,1
04/08/2015 09:00:00 AM,7,2,5
04/08/2015 08:00:00 AM,13,4,9
04/08/2015 07:00:00 AM,6,3,3
04/08/2015 06:00:00 AM,2,0,2
04/08/2015 05:00:00 AM,0,0,0
04/08/2015 04:00:00 AM,0,0,0
04/08/2015 03:00:00 AM,0,0,0
04/08/2015 02:00:00 AM,0,0,0
04/08/2015 01:00:00 AM,0,0,0
04/08/2015 12:00:00 AM,1,0,1
04/07/2015 11:00:00 PM,2,2,0
04/07/2015 10:00:00 PM,1,1,0
04/07/2015 09:00:00 PM,7,6,1
04/07/2015 08:00:00 PM,2,0,2
04/07/2015 07:00:00 PM,15,1,14
04/07/2015 06:00:00 PM,11,3,8
04/07/2015 05:00:00 PM,21,10,11
04/07/2015 04:00:00 PM,3,2,1
04/07/2015 03:00:00 PM,6,4,2
04/07/2015 02:00:00 PM,6,4,2
04/07/2015 01:00:00 PM,9,5,4
04/07/2015 12:00:00 PM,9,8,1
04/07/2015 11:00:00 AM,3,2,1
04/07/2015 10:00:00 AM,6,6,0
04/07/2015 09:00:00 AM,10,5,5
04/07/2015 08:00:00 AM,7,3,4
04/07/2015 07:00:00 AM,3,3,0
04/07/2015 06:00:00 AM,1,0,1
04/07/2015 05:00:00 AM,0,0,0
04/07/2015 04:00:00 AM,1,0,1
04/07/2015 03:00:00 AM,1,1,0
04/07/2015 02:00:00 AM,0,0,0
04/07/2015 01:00:00 AM,2,0,2
04/07/2015 12:00:00 AM,2,2,0
04/06/2015 11:00:00 PM,0,0,0
04/06/2015 10:00:00 PM,2,2,0
04/06/2015 09:00:00 PM,8,4,4
04/06/2015 08:00:00 PM,7,6,1
04/06/2015 07:00:00 PM,8,4,4
04/06/2015 06:00:00 PM,11,6,5
04/06/2015 05:00:00 PM,20,11,9
04/06/2015 04:00:00 PM,11,7,4
04/06/2015 03:00:00 PM,9,6,3
04/06/2015 02:00:00 PM,10,6,4
04/06/2015 01:00:00 PM,8,4,4
04/06/2015 12:00:00 PM,15,8,7
04/06/2015 11:00:00 AM,4,2,2
04/06/2015 10:00:00 AM,10,3,7
04/06/2015 09:00:00 AM,10,7,3
04/06/2015 08:00:00 AM,12,7,5
04/06/2015 07:00:00 AM,8,3,5
04/06/2015 06:00:00 AM,4,0,4
04/06/2015 05:00:00 AM,1,0,1
04/06/2015 04:00:00 AM,0,0,0
04/06/2015 03:00:00 AM,0,0,0
04/06/2015 02:00:00 AM,0,0,0
04/06/2015 01:00:00 AM,0,0,0
04/06/2015 12:00:00 AM,0,0,0
04/05/2015 11:00:00 PM,0,0,0
04/05/2015 10:00:00 PM,0,0,0
04/05/2015 09:00:00 PM,0,0,0
04/05/2015 08:00:00 PM,8,5,3
04/05/2015 07:00:00 PM,7,0,7
04/05/2015 06:00:00 PM,7,7,0
04/05/2015 05:00:00 PM,20,12,8
04/05/2015 04:00:00 PM,8,5,3
04/05/2015 03:00:00 PM,18,12,6
04/05/2015 02:00:00 PM,22,19,3
04/05/2015 01:00:00 PM,11,3,8
04/05/2015 12:00:00 PM,22,5,17
04/05/2015 11:00:00 AM,13,8,5
04/05/2015 10:00:00 AM,16,10,6
04/05/2015 09:00:00 AM,10,1,9
04/05/2015 08:00:00 AM,2,0,2
04/05/2015 07:00:00 AM,1,0,1
04/05/2015 06:00:00 AM,2,1,1
04/05/2015 05:00:00 AM,1,0,1
04/05/2015 04:00:00 AM,1,0,1
04/05/2015 03:00:00 AM,1,1,0
04/05/2015 02:00:00 AM,0,0,0
04/05/2015 01:00:00 AM,2,0,2
04/05/2015 12:00:00 AM,2,2,0
04/04/2015 11:00:00 PM,1,1,0
04/04/2015 10:00:00 PM,2,1,1
04/04/2015 09:00:00 PM,5,3,2
04/04/2015 08:00:00 PM,4,1,3
04/04/2015 07:00:00 PM,15,7,8
04/04/2015 06:00:00 PM,12,9,3
04/04/2015 05:00:00 PM,18,6,12
04/04/2015 04:00:00 PM,16,8,8
04/04/2015 03:00:00 PM,11,7,4
04/04/2015 02:00:00 PM,14,10,4
04/04/2015 01:00:00 PM,27,21,6
04/04/2015 12:00:00 PM,9,5,4
04/04/2015 11:00:00 AM,9,5,4
04/04/2015 10:00:00 AM,9,4,5
04/04/2015 09:00:00 AM,6,1,5
04/04/2015 08:00:00 AM,4,0,4
04/04/2015 07:00:00 AM,0,0,0
04/04/2015 06:00:00 AM,1,0,1
04/04/2015 05:00:00 AM,0,0,0
04/04/2015 04:00:00 AM,0,0,0
04/04/2015 03:00:00 AM,0,0,0
04/04/2015 02:00:00 AM,1,1,0
04/04/2015 01:00:00 AM,0,0,0
04/04/2015 12:00:00 AM,0,0,0
04/03/2015 11:00:00 PM,1,0,1
04/03/2015 10:00:00 PM,2,2,0
04/03/2015 09:00:00 PM,2,0,2
04/03/2015 08:00:00 PM,1,0,1
04/03/2015 07:00:00 PM,5,1,4
04/03/2015 06:00:00 PM,8,5,3
04/03/2015 05:00:00 PM,17,8,9
04/03/2015 04:00:00 PM,2,1,1
04/03/2015 03:00:00 PM,5,5,0
04/03/2015 02:00:00 PM,5,1,4
04/03/2015 01:00:00 PM,11,6,5
04/03/2015 12:00:00 PM,5,2,3
04/03/2015 11:00:00 AM,9,8,1
04/03/2015 10:00:00 AM,6,4,2
04/03/2015 09:00:00 AM,12,9,3
04/03/2015 08:00:00 AM,12,4,8
04/03/2015 07:00:00 AM,4,2,2
04/03/2015 06:00:00 AM,1,0,1
04/03/2015 05:00:00 AM,1,0,1
04/03/2015 04:00:00 AM,0,0,0
04/03/2015 03:00:00 AM,0,0,0
04/03/2015 02:00:00 AM,0,0,0
04/03/2015 01:00:00 AM,0,0,0
04/03/2015 12:00:00 AM,0,0,0
04/02/2015 11:00:00 PM,3,2,1
04/02/2015 10:00:00 PM,2,1,1
04/02/2015 09:00:00 PM,3,1,2
04/02/2015 08:00:00 PM,3,3,0
04/02/2015 07:00:00 PM,12,9,3
04/02/2015 06:00:00 PM,23,11,12
04/02/2015 05:00:00 PM,20,8,12
04/02/2015 04:00:00 PM,23,10,13
04/02/2015 03:00:00 PM,7,2,5
04/02/2015 02:00:00 PM,3,1,2
04/02/2015 01:00:00 PM,8,2,6
04/02/2015 12:00:00 PM,5,3,2
04/02/2015 11:00:00 AM,4,2,2
04/02/2015 10:00:00 AM,3,3,0
04/02/2015 09:00:00 AM,3,1,2
04/02/2015 08:00:00 AM,5,1,4
04/02/2015 07:00:00 AM,5,2,3
04/02/2015 06:00:00 AM,1,0,1
04/02/2015 05:00:00 AM,1,0,1
04/02/2015 04:00:00 AM,1,0,1
04/02/2015 03:00:00 AM,0,0,0
04/02/2015 02:00:00 AM,0,0,0
04/02/2015 01:00:00 AM,1,0,1
04/02/2015 12:00:00 AM,0,0,0
04/01/2015 11:00:00 PM,1,1,0
04/01/2015 10:00:00 PM,4,1,3
04/01/2015 09:00:00 PM,1,0,1
04/01/2015 08:00:00 PM,2,1,1
04/01/2015 07:00:00 PM,5,4,1
04/01/2015 06:00:00 PM,13,4,9
04/01/2015 05:00:00 PM,18,11,7
04/01/2015 04:00:00 PM,6,3,3
04/01/2015 03:00:00 PM,6,4,2
04/01/2015 02:00:00 PM,7,3,4
04/01/2015 01:00:00 PM,10,6,4
04/01/2015 12:00:00 PM,10,4,6
04/01/2015 11:00:00 AM,4,2,2
04/01/2015 10:00:00 AM,7,4,3
04/01/2015 09:00:00 AM,9,3,6
04/01/2015 08:00:00 AM,8,4,4
04/01/2015 07:00:00 AM,9,6,3
04/01/2015 06:00:00 AM,0,0,0
04/01/2015 05:00:00 AM,1,0,1
04/01/2015 04:00:00 AM,1,0,1
04/01/2015 03:00:00 AM,0,0,0
04/01/2015 02:00:00 AM,0,0,0
04/01/2015 01:00:00 AM,0,0,0
04/01/2015 12:00:00 AM,5,5,0
03/31/2015 11:00:00 PM,3,2,1
03/31/2015 10:00:00 PM,1,0,1
03/31/2015 09:00:00 PM,1,1,0
03/31/2015 08:00:00 PM,3,3,0
03/31/2015 07:00:00 PM,10,4,6
03/31/2015 06:00:00 PM,3,1,2
03/31/2015 05:00:00 PM,6,5,1
03/31/2015 04:00:00 PM,6,5,1
03/31/2015 03:00:00 PM,10,4,6
03/31/2015 02:00:00 PM,11,4,7
03/31/2015 01:00:00 PM,6,3,3
03/31/2015 12:00:00 PM,3,2,1
03/31/2015 11:00:00 AM,6,2,4
03/31/2015 10:00:00 AM,3,0,3
03/31/2015 09:00:00 AM,5,4,1
03/31/2015 08:00:00 AM,6,2,4
03/31/2015 07:00:00 AM,3,2,1
03/31/2015 06:00:00 AM,2,1,1
03/31/2015 05:00:00 AM,2,2,0
03/31/2015 04:00:00 AM,1,0,1
03/31/2015 03:00:00 AM,0,0,0
03/31/2015 02:00:00 AM,0,0,0
03/31/2015 01:00:00 AM,1,0,1
03/31/2015 12:00:00 AM,0,0,0
03/30/2015 11:00:00 PM,2,1,1
03/30/2015 10:00:00 PM,3,2,1
03/30/2015 09:00:00 PM,1,1,0
03/30/2015 08:00:00 PM,7,2,5
03/30/2015 07:00:00 PM,8,7,1
03/30/2015 06:00:00 PM,17,8,9
03/30/2015 05:00:00 PM,15,6,9
03/30/2015 04:00:00 PM,18,9,9
03/30/2015 03:00:00 PM,14,7,7
03/30/2015 02:00:00 PM,7,1,6
03/30/2015 01:00:00 PM,11,6,5
03/30/2015 12:00:00 PM,6,3,3
03/30/2015 11:00:00 AM,7,4,3
03/30/2015 10:00:00 AM,6,2,4
03/30/2015 09:00:00 AM,10,6,4
03/30/2015 08:00:00 AM,10,0,10
03/30/2015 07:00:00 AM,10,7,3
03/30/2015 06:00:00 AM,4,2,2
03/30/2015 05:00:00 AM,0,0,0
03/30/2015 04:00:00 AM,1,0,1
03/30/2015 03:00:00 AM,0,0,0
03/30/2015 02:00:00 AM,0,0,0
03/30/2015 01:00:00 AM,0,0,0
03/30/2015 12:00:00 AM,0,0,0
03/29/2015 11:00:00 PM,1,1,0
03/29/2015 10:00:00 PM,0,0,0
03/29/2015 09:00:00 PM,2,1,1
03/29/2015 08:00:00 PM,8,8,0
03/29/2015 07:00:00 PM,7,5,2
03/29/2015 06:00:00 PM,2,2,0
03/29/2015 05:00:00 PM,13,8,5
03/29/2015 04:00:00 PM,9,4,5
03/29/2015 03:00:00 PM,10,4,6
03/29/2015 02:00:00 PM,10,4,6
03/29/2015 01:00:00 PM,10,4,6
03/29/2015 12:00:00 PM,16,10,6
03/29/2015 11:00:00 AM,10,4,6
03/29/2015 10:00:00 AM,4,0,4
03/29/2015 09:00:00 AM,6,3,3
03/29/2015 08:00:00 AM,3,1,2
03/29/2015 07:00:00 AM,0,0,0
03/29/2015 06:00:00 AM,0,0,0
03/29/2015 05:00:00 AM,0,0,0
03/29/2015 04:00:00 AM,0,0,0
03/29/2015 03:00:00 AM,0,0,0
03/29/2015 02:00:00 AM,0,0,0
03/29/2015 01:00:00 AM,0,0,0
03/29/2015 12:00:00 AM,0,0,0
03/28/2015 11:00:00 PM,5,2,3
03/28/2015 10:00:00 PM,1,0,1
03/28/2015 09:00:00 PM,3,1,2
03/28/2015 08:00:00 PM,9,6,3
03/28/2015 07:00:00 PM,4,3,1
03/28/2015 06:00:00 PM,9,6,3
03/28/2015 05:00:00 PM,16,8,8
03/28/2015 04:00:00 PM,18,11,7
03/28/2015 03:00:00 PM,17,9,8
03/28/2015 02:00:00 PM,8,4,4
03/28/2015 01:00:00 PM,24,3,21
03/28/2015 12:00:00 PM,24,18,6
03/28/2015 11:00:00 AM,16,9,7
03/28/2015 10:00:00 AM,10,3,7
03/28/2015 09:00:00 AM,8,4,4
03/28/2015 08:00:00 AM,6,1,5
03/28/2015 07:00:00 AM,0,0,0
03/28/2015 06:00:00 AM,2,2,0
03/28/2015 05:00:00 AM,0,0,0
03/28/2015 04:00:00 AM,0,0,0
03/28/2015 03:00:00 AM,0,0,0
03/28/2015 02:00:00 AM,0,0,0
03/28/2015 01:00:00 AM,0,0,0
03/28/2015 12:00:00 AM,2,2,0
03/27/2015 11:00:00 PM,2,0,2
03/27/2015 10:00:00 PM,0,0,0
03/27/2015 09:00:00 PM,9,7,2
03/27/2015 08:00:00 PM,5,1,4
03/27/2015 07:00:00 PM,15,7,8
03/27/2015 06:00:00 PM,18,8,10
03/27/2015 05:00:00 PM,18,11,7
03/27/2015 04:00:00 PM,15,6,9
03/27/2015 03:00:00 PM,11,5,6
03/27/2015 02:00:00 PM,11,7,4
03/27/2015 01:00:00 PM,8,3,5
03/27/2015 12:00:00 PM,11,4,7
03/27/2015 11:00:00 AM,12,9,3
03/27/2015 10:00:00 AM,7,3,4
03/27/2015 09:00:00 AM,12,2,10
03/27/2015 08:00:00 AM,13,9,4
03/27/2015 07:00:00 AM,4,2,2
03/27/2015 06:00:00 AM,0,0,0
03/27/2015 05:00:00 AM,0,0,0
03/27/2015 04:00:00 AM,0,0,0
03/27/2015 03:00:00 AM,0,0,0
03/27/2015 02:00:00 AM,0,0,0
03/27/2015 01:00:00 AM,0,0,0
03/27/2015 12:00:00 AM,0,0,0
03/26/2015 11:00:00 PM,6,6,0
03/26/2015 10:00:00 PM,2,0,2
03/26/2015 09:00:00 PM,5,0,5
03/26/2015 08:00:00 PM,8,5,3
03/26/2015 07:00:00 PM,9,8,1
03/26/2015 06:00:00 PM,18,7,11
03/26/2015 05:00:00 PM,15,9,6
03/26/2015 04:00:00 PM,19,10,9
03/26/2015 03:00:00 PM,11,7,4
03/26/2015 02:00:00 PM,9,7,2
03/26/2015 01:00:00 PM,11,10,1
03/26/2015 12:00:00 PM,14,8,6
03/26/2015 11:00:00 AM,4,4,0
03/26/2015 10:00:00 AM,10,3,7
03/26/2015 09:00:00 AM,8,4,4
03/26/2015 08:00:00 AM,9,2,7
03/26/2015 07:00:00 AM,8,4,4
03/26/2015 06:00:00 AM,8,5,3
03/26/2015 05:00:00 AM,0,0,0
03/26/2015 04:00:00 AM,0,0,0
03/26/2015 03:00:00 AM,0,0,0
03/26/2015 02:00:00 AM,0,0,0
03/26/2015 01:00:00 AM,0,0,0
03/26/2015 12:00:00 AM,0,0,0
03/25/2015 11:00:00 PM,2,1,1
03/25/2015 10:00:00 PM,1,0,1
03/25/2015 09:00:00 PM,8,5,3
03/25/2015 08:00:00 PM,2,0,2
03/25/2015 07:00:00 PM,8,5,3
03/25/2015 06:00:00 PM,15,4,11
03/25/2015 05:00:00 PM,9,2,7
03/25/2015 04:00:00 PM,7,6,1
03/25/2015 03:00:00 PM,8,6,2
03/25/2015 02:00:00 PM,4,3,1
03/25/2015 01:00:00 PM,8,6,2
03/25/2015 12:00:00 PM,8,6,2
03/25/2015 11:00:00 AM,8,2,6
03/25/2015 10:00:00 AM,13,8,5
03/25/2015 09:00:00 AM,9,2,7
03/25/2015 08:00:00 AM,3,3,0
03/25/2015 07:00:00 AM,8,5,3
03/25/2015 06:00:00 AM,1,0,1
03/25/2015 05:00:00 AM,1,0,1
03/25/2015 04:00:00 AM,0,0,0
03/25/2015 03:00:00 AM,0,0,0
03/25/2015 02:00:00 AM,0,0,0
03/25/2015 01:00:00 AM,0,0,0
03/25/2015 12:00:00 AM,3,1,2
03/24/2015 11:00:00 PM,1,1,0
03/24/2015 10:00:00 PM,4,3,1
03/24/2015 09:00:00 PM,2,1,1
03/24/2015 08:00:00 PM,4,2,2
03/24/2015 07:00:00 PM,9,1,8
03/24/2015 06:00:00 PM,15,6,9
03/24/2015 05:00:00 PM,14,5,9
03/24/2015 04:00:00 PM,10,5,5
03/24/2015 03:00:00 PM,7,5,2
03/24/2015 02:00:00 PM,8,5,3
03/24/2015 01:00:00 PM,5,4,1
03/24/2015 12:00:00 PM,8,7,1
03/24/2015 11:00:00 AM,8,4,4
03/24/2015 10:00:00 AM,11,4,7
03/24/2015 09:00:00 AM,9,1,8
03/24/2015 08:00:00 AM,11,3,8
03/24/2015 07:00:00 AM,3,0,3
03/24/2015 06:00:00 AM,3,2,1
03/24/2015 05:00:00 AM,0,0,0
03/24/2015 04:00:00 AM,0,0,0
03/24/2015 03:00:00 AM,0,0,0
03/24/2015 02:00:00 AM,1,0,1
03/24/2015 01:00:00 AM,1,1,0
03/24/2015 12:00:00 AM,3,2,1
03/23/2015 11:00:00 PM,3,1,2
03/23/2015 10:00:00 PM,2,2,0
03/23/2015 09:00:00 PM,3,3,0
03/23/2015 08:00:00 PM,1,1,0
03/23/2015 07:00:00 PM,3,3,0
03/23/2015 06:00:00 PM,7,0,7
03/23/2015 05:00:00 PM,14,7,7
03/23/2015 04:00:00 PM,12,4,8
03/23/2015 03:00:00 PM,3,1,2
03/23/2015 02:00:00 PM,3,2,1
03/23/2015 01:00:00 PM,6,3,3
03/23/2015 12:00:00 PM,4,2,2
03/23/2015 11:00:00 AM,5,3,2
03/23/2015 10:00:00 AM,7,4,3
03/23/2015 09:00:00 AM,7,1,6
03/23/2015 08:00:00 AM,2,0,2
03/23/2015 07:00:00 AM,7,3,4
03/23/2015 06:00:00 AM,0,0,0
03/23/2015 05:00:00 AM,0,0,0
03/23/2015 04:00:00 AM,0,0,0
03/23/2015 03:00:00 AM,0,0,0
03/23/2015 02:00:00 AM,0,0,0
03/23/2015 01:00:00 AM,0,0,0
03/23/2015 12:00:00 AM,0,0,0
03/22/2015 11:00:00 PM,1,1,0
03/22/2015 10:00:00 PM,1,1,0
03/22/2015 09:00:00 PM,2,2,0
03/22/2015 08:00:00 PM,3,3,0
03/22/2015 07:00:00 PM,1,1,0
03/22/2015 06:00:00 PM,5,1,4
03/22/2015 05:00:00 PM,7,2,5
03/22/2015 04:00:00 PM,13,5,8
03/22/2015 03:00:00 PM,6,2,4
03/22/2015 02:00:00 PM,3,1,2
03/22/2015 01:00:00 PM,15,8,7
03/22/2015 12:00:00 PM,8,2,6
03/22/2015 11:00:00 AM,6,1,5
03/22/2015 10:00:00 AM,10,4,6
03/22/2015 09:00:00 AM,3,2,1
03/22/2015 08:00:00 AM,6,1,5
03/22/2015 07:00:00 AM,0,0,0
03/22/2015 06:00:00 AM,0,0,0
03/22/2015 05:00:00 AM,0,0,0
03/22/2015 04:00:00 AM,0,0,0
03/22/2015 03:00:00 AM,0,0,0
03/22/2015 02:00:00 AM,0,0,0
03/22/2015 01:00:00 AM,1,1,0
03/22/2015 12:00:00 AM,1,0,1
03/21/2015 11:00:00 PM,0,0,0
03/21/2015 10:00:00 PM,1,0,1
03/21/2015 09:00:00 PM,6,5,1
03/21/2015 08:00:00 PM,5,3,2
03/21/2015 07:00:00 PM,8,5,3
03/21/2015 06:00:00 PM,13,8,5
03/21/2015 05:00:00 PM,17,5,12
03/21/2015 04:00:00 PM,14,7,7
03/21/2015 03:00:00 PM,22,9,13
03/21/2015 02:00:00 PM,19,10,9
03/21/2015 01:00:00 PM,16,10,6
03/21/2015 12:00:00 PM,12,3,9
03/21/2015 11:00:00 AM,44,10,34
03/21/2015 10:00:00 AM,11,3,8
03/21/2015 09:00:00 AM,7,4,3
03/21/2015 08:00:00 AM,2,0,2
03/21/2015 07:00:00 AM,0,0,0
03/21/2015 06:00:00 AM,1,0,1
03/21/2015 05:00:00 AM,0,0,0
03/21/2015 04:00:00 AM,0,0,0
03/21/2015 03:00:00 AM,0,0,0
03/21/2015 02:00:00 AM,1,0,1
03/21/2015 01:00:00 AM,0,0,0
03/21/2015 12:00:00 AM,0,0,0
03/20/2015 11:00:00 PM,0,0,0
03/20/2015 10:00:00 PM,3,2,1
03/20/2015 09:00:00 PM,0,0,0
03/20/2015 08:00:00 PM,2,0,2
03/20/2015 07:00:00 PM,0,0,0
03/20/2015 06:00:00 PM,11,1,10
03/20/2015 05:00:00 PM,6,2,4
03/20/2015 04:00:00 PM,9,7,2
03/20/2015 03:00:00 PM,4,2,2
03/20/2015 02:00:00 PM,4,2,2
03/20/2015 01:00:00 PM,5,2,3
03/20/2015 12:00:00 PM,16,9,7
03/20/2015 11:00:00 AM,6,4,2
03/20/2015 10:00:00 AM,6,3,3
03/20/2015 09:00:00 AM,12,2,10
03/20/2015 08:00:00 AM,7,4,3
03/20/2015 07:00:00 AM,3,3,0
03/20/2015 06:00:00 AM,2,2,0
03/20/2015 05:00:00 AM,1,0,1
03/20/2015 04:00:00 AM,0,0,0
03/20/2015 03:00:00 AM,0,0,0
03/20/2015 02:00:00 AM,0,0,0
03/20/2015 01:00:00 AM,0,0,0
03/20/2015 12:00:00 AM,2,1,1
03/19/2015 11:00:00 PM,3,2,1
03/19/2015 10:00:00 PM,0,0,0
03/19/2015 09:00:00 PM,8,5,3
03/19/2015 08:00:00 PM,7,4,3
03/19/2015 07:00:00 PM,12,5,7
03/19/2015 06:00:00 PM,6,4,2
03/19/2015 05:00:00 PM,17,9,8
03/19/2015 04:00:00 PM,10,7,3
03/19/2015 03:00:00 PM,3,2,1
03/19/2015 02:00:00 PM,8,5,3
03/19/2015 01:00:00 PM,10,8,2
03/19/2015 12:00:00 PM,9,5,4
03/19/2015 11:00:00 AM,5,2,3
03/19/2015 10:00:00 AM,5,3,2
03/19/2015 09:00:00 AM,5,4,1
03/19/2015 08:00:00 AM,8,2,6
03/19/2015 07:00:00 AM,4,3,1
03/19/2015 06:00:00 AM,5,2,3
03/19/2015 05:00:00 AM,1,1,0
03/19/2015 04:00:00 AM,0,0,0
03/19/2015 03:00:00 AM,0,0,0
03/19/2015 02:00:00 AM,0,0,0
03/19/2015 01:00:00 AM,0,0,0
03/19/2015 12:00:00 AM,0,0,0
03/18/2015 11:00:00 PM,1,0,1
03/18/2015 10:00:00 PM,1,1,0
03/18/2015 09:00:00 PM,0,0,0
03/18/2015 08:00:00 PM,7,3,4
03/18/2015 07:00:00 PM,10,8,2
03/18/2015 06:00:00 PM,13,6,7
03/18/2015 05:00:00 PM,28,16,12
03/18/2015 04:00:00 PM,13,5,8
03/18/2015 03:00:00 PM,8,4,4
03/18/2015 02:00:00 PM,6,2,4
03/18/2015 01:00:00 PM,13,6,7
03/18/2015 12:00:00 PM,10,5,5
03/18/2015 11:00:00 AM,12,8,4
03/18/2015 10:00:00 AM,4,3,1
03/18/2015 09:00:00 AM,8,2,6
03/18/2015 08:00:00 AM,10,3,7
03/18/2015 07:00:00 AM,5,2,3
03/18/2015 06:00:00 AM,7,6,1
03/18/2015 05:00:00 AM,0,0,0
03/18/2015 04:00:00 AM,0,0,0
03/18/2015 03:00:00 AM,0,0,0
03/18/2015 02:00:00 AM,0,0,0
03/18/2015 01:00:00 AM,1,0,1
03/18/2015 12:00:00 AM,1,0,1
03/17/2015 11:00:00 PM,2,2,0
03/17/2015 10:00:00 PM,2,0,2
03/17/2015 09:00:00 PM,4,4,0
03/17/2015 08:00:00 PM,4,4,0
03/17/2015 07:00:00 PM,7,1,6
03/17/2015 06:00:00 PM,17,4,13
03/17/2015 05:00:00 PM,12,10,2
03/17/2015 04:00:00 PM,11,5,6
03/17/2015 03:00:00 PM,11,4,7
03/17/2015 02:00:00 PM,5,4,1
03/17/2015 01:00:00 PM,12,6,6
03/17/2015 12:00:00 PM,6,5,1
03/17/2015 11:00:00 AM,2,1,1
03/17/2015 10:00:00 AM,7,2,5
03/17/2015 09:00:00 AM,10,5,5
03/17/2015 08:00:00 AM,8,2,6
03/17/2015 07:00:00 AM,6,5,1
03/17/2015 06:00:00 AM,1,0,1
03/17/2015 05:00:00 AM,0,0,0
03/17/2015 04:00:00 AM,0,0,0
03/17/2015 03:00:00 AM,0,0,0
03/17/2015 02:00:00 AM,0,0,0
03/17/2015 01:00:00 AM,0,0,0
03/17/2015 12:00:00 AM,0,0,0
03/16/2015 11:00:00 PM,0,0,0
03/16/2015 10:00:00 PM,2,2,0
03/16/2015 09:00:00 PM,4,3,1
03/16/2015 08:00:00 PM,6,4,2
03/16/2015 07:00:00 PM,11,5,6
03/16/2015 06:00:00 PM,13,3,10
03/16/2015 05:00:00 PM,14,11,3
03/16/2015 04:00:00 PM,13,6,7
03/16/2015 03:00:00 PM,6,3,3
03/16/2015 02:00:00 PM,4,3,1
03/16/2015 01:00:00 PM,3,1,2
03/16/2015 12:00:00 PM,7,4,3
03/16/2015 11:00:00 AM,7,3,4
03/16/2015 10:00:00 AM,6,4,2
03/16/2015 09:00:00 AM,8,2,6
03/16/2015 08:00:00 AM,9,1,8
03/16/2015 07:00:00 AM,4,1,3
03/16/2015 06:00:00 AM,2,0,2
03/16/2015 05:00:00 AM,1,0,1
03/16/2015 04:00:00 AM,0,0,0
03/16/2015 03:00:00 AM,0,0,0
03/16/2015 02:00:00 AM,0,0,0
03/16/2015 01:00:00 AM,0,0,0
03/16/2015 12:00:00 AM,0,0,0
03/15/2015 11:00:00 PM,5,5,0
03/15/2015 10:00:00 PM,2,2,0
03/15/2015 09:00:00 PM,4,2,2
03/15/2015 08:00:00 PM,4,2,2
03/15/2015 07:00:00 PM,4,4,0
03/15/2015 06:00:00 PM,2,2,0
03/15/2015 05:00:00 PM,1,0,1
03/15/2015 04:00:00 PM,3,1,2
03/15/2015 03:00:00 PM,8,1,7
03/15/2015 02:00:00 PM,10,3,7
03/15/2015 01:00:00 PM,14,6,8
03/15/2015 12:00:00 PM,3,2,1
03/15/2015 11:00:00 AM,0,0,0
03/15/2015 10:00:00 AM,2,1,1
03/15/2015 09:00:00 AM,4,2,2
03/15/2015 08:00:00 AM,1,0,1
03/15/2015 07:00:00 AM,0,0,0
03/15/2015 06:00:00 AM,0,0,0
03/15/2015 05:00:00 AM,0,0,0
03/15/2015 04:00:00 AM,0,0,0
03/15/2015 03:00:00 AM,0,0,0
03/15/2015 02:00:00 AM,1,1,0
03/15/2015 01:00:00 AM,0,0,0
03/15/2015 12:00:00 AM,0,0,0
03/14/2015 11:00:00 PM,1,0,1
03/14/2015 10:00:00 PM,2,2,0
03/14/2015 09:00:00 PM,3,2,1
03/14/2015 08:00:00 PM,5,5,0
03/14/2015 07:00:00 PM,9,4,5
03/14/2015 06:00:00 PM,11,5,6
03/14/2015 05:00:00 PM,11,5,6
03/14/2015 04:00:00 PM,9,5,4
03/14/2015 03:00:00 PM,9,3,6
03/14/2015 02:00:00 PM,11,7,4
03/14/2015 01:00:00 PM,17,6,11
03/14/2015 12:00:00 PM,4,4,0
03/14/2015 11:00:00 AM,10,6,4
03/14/2015 10:00:00 AM,5,3,2
03/14/2015 09:00:00 AM,3,3,0
03/14/2015 08:00:00 AM,2,1,1
03/14/2015 07:00:00 AM,1,1,0
03/14/2015 06:00:00 AM,3,2,1
03/14/2015 05:00:00 AM,1,1,0
03/14/2015 04:00:00 AM,0,0,0
03/14/2015 03:00:00 AM,0,0,0
03/14/2015 02:00:00 AM,0,0,0
03/14/2015 01:00:00 AM,0,0,0
03/14/2015 12:00:00 AM,0,0,0
03/13/2015 11:00:00 PM,1,1,0
03/13/2015 10:00:00 PM,4,3,1
03/13/2015 09:00:00 PM,4,1,3
03/13/2015 08:00:00 PM,4,2,2
03/13/2015 07:00:00 PM,6,3,3
03/13/2015 06:00:00 PM,8,4,4
03/13/2015 05:00:00 PM,17,6,11
03/13/2015 04:00:00 PM,14,8,6
03/13/2015 03:00:00 PM,8,2,6
03/13/2015 02:00:00 PM,16,10,6
03/13/2015 01:00:00 PM,10,5,5
03/13/2015 12:00:00 PM,15,5,10
03/13/2015 11:00:00 AM,4,2,2
03/13/2015 10:00:00 AM,8,4,4
03/13/2015 09:00:00 AM,6,3,3
03/13/2015 08:00:00 AM,15,8,7
03/13/2015 07:00:00 AM,2,1,1
03/13/2015 06:00:00 AM,5,5,0
03/13/2015 05:00:00 AM,1,0,1
03/13/2015 04:00:00 AM,0,0,0
03/13/2015 03:00:00 AM,0,0,0
03/13/2015 02:00:00 AM,0,0,0
03/13/2015 01:00:00 AM,0,0,0
03/13/2015 12:00:00 AM,2,2,0
03/12/2015 11:00:00 PM,1,1,0
03/12/2015 10:00:00 PM,3,3,0
03/12/2015 09:00:00 PM,5,3,2
03/12/2015 08:00:00 PM,10,5,5
03/12/2015 07:00:00 PM,10,6,4
03/12/2015 06:00:00 PM,13,4,9
03/12/2015 05:00:00 PM,22,11,11
03/12/2015 04:00:00 PM,14,12,2
03/12/2015 03:00:00 PM,8,6,2
03/12/2015 02:00:00 PM,4,1,3
03/12/2015 01:00:00 PM,10,8,2
03/12/2015 12:00:00 PM,8,3,5
03/12/2015 11:00:00 AM,8,6,2
03/12/2015 10:00:00 AM,9,6,3
03/12/2015 09:00:00 AM,8,3,5
03/12/2015 08:00:00 AM,10,5,5
03/12/2015 07:00:00 AM,2,2,0
03/12/2015 06:00:00 AM,7,6,1
03/12/2015 05:00:00 AM,3,3,0
03/12/2015 04:00:00 AM,0,0,0
03/12/2015 03:00:00 AM,0,0,0
03/12/2015 02:00:00 AM,0,0,0
03/12/2015 01:00:00 AM,2,0,2
03/12/2015 12:00:00 AM,0,0,0
03/11/2015 11:00:00 PM,1,1,0
03/11/2015 10:00:00 PM,2,2,0
03/11/2015 09:00:00 PM,6,4,2
03/11/2015 08:00:00 PM,3,2,1
03/11/2015 07:00:00 PM,14,6,8
03/11/2015 06:00:00 PM,8,6,2
03/11/2015 05:00:00 PM,15,11,4
03/11/2015 04:00:00 PM,5,3,2
03/11/2015 03:00:00 PM,3,0,3
03/11/2015 02:00:00 PM,14,7,7
03/11/2015 01:00:00 PM,15,9,6
03/11/2015 12:00:00 PM,5,3,2
03/11/2015 11:00:00 AM,4,4,0
03/11/2015 10:00:00 AM,2,0,2
03/11/2015 09:00:00 AM,15,6,9
03/11/2015 08:00:00 AM,6,4,2
03/11/2015 07:00:00 AM,4,3,1
03/11/2015 06:00:00 AM,2,0,2
03/11/2015 05:00:00 AM,0,0,0
03/11/2015 04:00:00 AM,0,0,0
03/11/2015 03:00:00 AM,0,0,0
03/11/2015 02:00:00 AM,0,0,0
03/11/2015 01:00:00 AM,1,0,1
03/11/2015 12:00:00 AM,1,0,1
03/10/2015 11:00:00 PM,2,0,2
03/10/2015 10:00:00 PM,3,1,2
03/10/2015 09:00:00 PM,8,8,0
03/10/2015 08:00:00 PM,5,0,5
03/10/2015 07:00:00 PM,6,2,4
03/10/2015 06:00:00 PM,17,8,9
03/10/2015 05:00:00 PM,21,10,11
03/10/2015 04:00:00 PM,5,2,3
03/10/2015 03:00:00 PM,8,7,1
03/10/2015 02:00:00 PM,7,4,3
03/10/2015 01:00:00 PM,10,8,2
03/10/2015 12:00:00 PM,13,8,5
03/10/2015 11:00:00 AM,8,3,5
03/10/2015 10:00:00 AM,3,2,1
03/10/2015 09:00:00 AM,22,10,12
03/10/2015 08:00:00 AM,16,9,7
03/10/2015 07:00:00 AM,3,3,0
03/10/2015 06:00:00 AM,7,5,2
03/10/2015 05:00:00 AM,0,0,0
03/10/2015 04:00:00 AM,0,0,0
03/10/2015 03:00:00 AM,0,0,0
03/10/2015 02:00:00 AM,0,0,0
03/10/2015 01:00:00 AM,1,1,0
03/10/2015 12:00:00 AM,1,0,1
03/09/2015 11:00:00 PM,5,5,0
03/09/2015 10:00:00 PM,0,0,0
03/09/2015 09:00:00 PM,5,3,2
03/09/2015 08:00:00 PM,3,1,2
03/09/2015 07:00:00 PM,22,16,6
03/09/2015 06:00:00 PM,8,5,3
03/09/2015 05:00:00 PM,17,5,12
03/09/2015 04:00:00 PM,12,7,5
03/09/2015 03:00:00 PM,9,6,3
03/09/2015 02:00:00 PM,8,3,5
03/09/2015 01:00:00 PM,1,1,0
03/09/2015 12:00:00 PM,7,1,6
03/09/2015 11:00:00 AM,7,2,5
03/09/2015 10:00:00 AM,4,1,3
03/09/2015 09:00:00 AM,10,5,5
03/09/2015 08:00:00 AM,8,1,7
03/09/2015 07:00:00 AM,8,7,1
03/09/2015 06:00:00 AM,2,1,1
03/09/2015 05:00:00 AM,1,0,1
03/09/2015 04:00:00 AM,0,0,0
03/09/2015 03:00:00 AM,0,0,0
03/09/2015 02:00:00 AM,0,0,0
03/09/2015 01:00:00 AM,1,0,1
03/09/2015 12:00:00 AM,0,0,0
03/08/2015 11:00:00 PM,0,0,0
03/08/2015 10:00:00 PM,3,2,1
03/08/2015 09:00:00 PM,2,1,1
03/08/2015 08:00:00 PM,0,0,0
03/08/2015 07:00:00 PM,7,4,3
03/08/2015 06:00:00 PM,6,4,2
03/08/2015 05:00:00 PM,11,8,3
03/08/2015 04:00:00 PM,35,19,16
03/08/2015 03:00:00 PM,33,16,17
03/08/2015 02:00:00 PM,32,17,15
03/08/2015 01:00:00 PM,29,11,18
03/08/2015 12:00:00 PM,22,11,11
03/08/2015 11:00:00 AM,16,6,10
03/08/2015 10:00:00 AM,8,2,6
03/08/2015 09:00:00 AM,4,1,3
03/08/2015 08:00:00 AM,2,0,2
03/08/2015 07:00:00 AM,0,0,0
03/08/2015 06:00:00 AM,0,0,0
03/08/2015 05:00:00 AM,0,0,0
03/08/2015 04:00:00 AM,0,0,0
03/08/2015 03:00:00 AM,0,0,0
03/08/2015 02:00:00 AM,,,
03/08/2015 01:00:00 AM,1,1,0
03/08/2015 12:00:00 AM,2,1,1
03/07/2015 11:00:00 PM,4,3,1
03/07/2015 10:00:00 PM,1,0,1
03/07/2015 09:00:00 PM,4,2,2
03/07/2015 08:00:00 PM,2,1,1
03/07/2015 07:00:00 PM,4,1,3
03/07/2015 06:00:00 PM,17,8,9
03/07/2015 05:00:00 PM,27,17,10
03/07/2015 04:00:00 PM,23,13,10
03/07/2015 03:00:00 PM,32,16,16
03/07/2015 02:00:00 PM,19,9,10
03/07/2015 01:00:00 PM,18,7,11
03/07/2015 12:00:00 PM,24,20,4
03/07/2015 11:00:00 AM,21,12,9
03/07/2015 10:00:00 AM,19,12,7
03/07/2015 09:00:00 AM,8,5,3
03/07/2015 08:00:00 AM,7,4,3
03/07/2015 07:00:00 AM,1,0,1
03/07/2015 06:00:00 AM,2,2,0
03/07/2015 05:00:00 AM,0,0,0
03/07/2015 04:00:00 AM,0,0,0
03/07/2015 03:00:00 AM,0,0,0
03/07/2015 02:00:00 AM,3,3,0
03/07/2015 01:00:00 AM,1,1,0
03/07/2015 12:00:00 AM,6,5,1
03/06/2015 11:00:00 PM,2,1,1
03/06/2015 10:00:00 PM,4,4,0
03/06/2015 09:00:00 PM,3,2,1
03/06/2015 08:00:00 PM,5,4,1
03/06/2015 07:00:00 PM,6,1,5
03/06/2015 06:00:00 PM,17,9,8
03/06/2015 05:00:00 PM,14,6,8
03/06/2015 04:00:00 PM,7,4,3
03/06/2015 03:00:00 PM,20,11,9
03/06/2015 02:00:00 PM,14,11,3
03/06/2015 01:00:00 PM,21,11,10
03/06/2015 12:00:00 PM,11,7,4
03/06/2015 11:00:00 AM,17,5,12
03/06/2015 10:00:00 AM,8,4,4
03/06/2015 09:00:00 AM,9,2,7
03/06/2015 08:00:00 AM,10,2,8
03/06/2015 07:00:00 AM,3,1,2
03/06/2015 06:00:00 AM,2,2,0
03/06/2015 05:00:00 AM,0,0,0
03/06/2015 04:00:00 AM,0,0,0
03/06/2015 03:00:00 AM,0,0,0
03/06/2015 02:00:00 AM,0,0,0
03/06/2015 01:00:00 AM,1,0,1
03/06/2015 12:00:00 AM,0,0,0
03/05/2015 11:00:00 PM,7,6,1
03/05/2015 10:00:00 PM,3,1,2
03/05/2015 09:00:00 PM,6,5,1
03/05/2015 08:00:00 PM,8,3,5
03/05/2015 07:00:00 PM,5,3,2
03/05/2015 06:00:00 PM,15,8,7
03/05/2015 05:00:00 PM,22,13,9
03/05/2015 04:00:00 PM,15,8,7
03/05/2015 03:00:00 PM,10,4,6
03/05/2015 02:00:00 PM,5,4,1
03/05/2015 01:00:00 PM,9,3,6
03/05/2015 12:00:00 PM,16,9,7
03/05/2015 11:00:00 AM,4,1,3
03/05/2015 10:00:00 AM,5,2,3
03/05/2015 09:00:00 AM,7,4,3
03/05/2015 08:00:00 AM,9,7,2
03/05/2015 07:00:00 AM,3,3,0
03/05/2015 06:00:00 AM,6,3,3
03/05/2015 05:00:00 AM,0,0,0
03/05/2015 04:00:00 AM,0,0,0
03/05/2015 03:00:00 AM,0,0,0
03/05/2015 02:00:00 AM,0,0,0
03/05/2015 01:00:00 AM,0,0,0
03/05/2015 12:00:00 AM,0,0,0
03/04/2015 11:00:00 PM,4,3,1
03/04/2015 10:00:00 PM,1,1,0
03/04/2015 09:00:00 PM,2,2,0
03/04/2015 08:00:00 PM,2,1,1
03/04/2015 07:00:00 PM,7,4,3
03/04/2015 06:00:00 PM,9,1,8
03/04/2015 05:00:00 PM,13,9,4
03/04/2015 04:00:00 PM,14,9,5
03/04/2015 03:00:00 PM,10,7,3
03/04/2015 02:00:00 PM,7,1,6
03/04/2015 01:00:00 PM,23,14,9
03/04/2015 12:00:00 PM,8,3,5
03/04/2015 11:00:00 AM,11,4,7
03/04/2015 10:00:00 AM,9,4,5
03/04/2015 09:00:00 AM,13,7,6
03/04/2015 08:00:00 AM,6,3,3
03/04/2015 07:00:00 AM,7,4,3
03/04/2015 06:00:00 AM,3,0,3
03/04/2015 05:00:00 AM,0,0,0
03/04/2015 04:00:00 AM,0,0,0
03/04/2015 03:00:00 AM,0,0,0
03/04/2015 02:00:00 AM,0,0,0
03/04/2015 01:00:00 AM,0,0,0
03/04/2015 12:00:00 AM,0,0,0
03/03/2015 11:00:00 PM,0,0,0
03/03/2015 10:00:00 PM,2,2,0
03/03/2015 09:00:00 PM,4,4,0
03/03/2015 08:00:00 PM,4,3,1
03/03/2015 07:00:00 PM,12,4,8
03/03/2015 06:00:00 PM,13,6,7
03/03/2015 05:00:00 PM,26,12,14
03/03/2015 04:00:00 PM,19,8,11
03/03/2015 03:00:00 PM,12,6,6
03/03/2015 02:00:00 PM,17,8,9
03/03/2015 01:00:00 PM,11,6,5
03/03/2015 12:00:00 PM,14,4,10
03/03/2015 11:00:00 AM,13,6,7
03/03/2015 10:00:00 AM,7,1,6
03/03/2015 09:00:00 AM,13,6,7
03/03/2015 08:00:00 AM,9,2,7
03/03/2015 07:00:00 AM,10,10,0
03/03/2015 06:00:00 AM,2,0,2
03/03/2015 05:00:00 AM,0,0,0
03/03/2015 04:00:00 AM,1,0,1
03/03/2015 03:00:00 AM,0,0,0
03/03/2015 02:00:00 AM,0,0,0
03/03/2015 01:00:00 AM,0,0,0
03/03/2015 12:00:00 AM,0,0,0
03/02/2015 11:00:00 PM,0,0,0
03/02/2015 10:00:00 PM,2,2,0
03/02/2015 09:00:00 PM,0,0,0
03/02/2015 08:00:00 PM,2,0,2
03/02/2015 07:00:00 PM,7,6,1
03/02/2015 06:00:00 PM,8,4,4
03/02/2015 05:00:00 PM,12,6,6
03/02/2015 04:00:00 PM,4,4,0
03/02/2015 03:00:00 PM,3,1,2
03/02/2015 02:00:00 PM,10,5,5
03/02/2015 01:00:00 PM,9,4,5
03/02/2015 12:00:00 PM,7,1,6
03/02/2015 11:00:00 AM,7,1,6
03/02/2015 10:00:00 AM,6,3,3
03/02/2015 09:00:00 AM,10,4,6
03/02/2015 08:00:00 AM,8,3,5
03/02/2015 07:00:00 AM,5,5,0
03/02/2015 06:00:00 AM,2,1,1
03/02/2015 05:00:00 AM,0,0,0
03/02/2015 04:00:00 AM,0,0,0
03/02/2015 03:00:00 AM,0,0,0
03/02/2015 02:00:00 AM,0,0,0
03/02/2015 01:00:00 AM,1,0,1
03/02/2015 12:00:00 AM,0,0,0
03/01/2015 11:00:00 PM,1,0,1
03/01/2015 10:00:00 PM,2,2,0
03/01/2015 09:00:00 PM,1,1,0
03/01/2015 08:00:00 PM,4,3,1
03/01/2015 07:00:00 PM,1,1,0
03/01/2015 06:00:00 PM,9,4,5
03/01/2015 05:00:00 PM,9,6,3
03/01/2015 04:00:00 PM,27,17,10
03/01/2015 03:00:00 PM,15,8,7
03/01/2015 02:00:00 PM,15,10,5
03/01/2015 01:00:00 PM,27,10,17
03/01/2015 12:00:00 PM,27,18,9
03/01/2015 11:00:00 AM,15,3,12
03/01/2015 10:00:00 AM,10,5,5
03/01/2015 09:00:00 AM,4,1,3
03/01/2015 08:00:00 AM,5,3,2
03/01/2015 07:00:00 AM,2,2,0
03/01/2015 06:00:00 AM,0,0,0
03/01/2015 05:00:00 AM,0,0,0
03/01/2015 04:00:00 AM,0,0,0
03/01/2015 03:00:00 AM,0,0,0
03/01/2015 02:00:00 AM,0,0,0
03/01/2015 01:00:00 AM,0,0,0
03/01/2015 12:00:00 AM,1,0,1
02/28/2015 11:00:00 PM,5,4,1
02/28/2015 10:00:00 PM,3,2,1
02/28/2015 09:00:00 PM,4,4,0
02/28/2015 08:00:00 PM,4,2,2
02/28/2015 07:00:00 PM,5,5,0
02/28/2015 06:00:00 PM,10,2,8
02/28/2015 05:00:00 PM,14,10,4
02/28/2015 04:00:00 PM,27,15,12
02/28/2015 03:00:00 PM,9,3,6
02/28/2015 02:00:00 PM,28,8,20
02/28/2015 01:00:00 PM,16,5,11
02/28/2015 12:00:00 PM,19,11,8
02/28/2015 11:00:00 AM,17,8,9
02/28/2015 10:00:00 AM,17,3,14
02/28/2015 09:00:00 AM,10,8,2
02/28/2015 08:00:00 AM,5,1,4
02/28/2015 07:00:00 AM,2,2,0
02/28/2015 06:00:00 AM,0,0,0
02/28/2015 05:00:00 AM,1,1,0
02/28/2015 04:00:00 AM,0,0,0
02/28/2015 03:00:00 AM,0,0,0
02/28/2015 02:00:00 AM,1,0,1
02/28/2015 01:00:00 AM,0,0,0
02/28/2015 12:00:00 AM,0,0,0
02/27/2015 11:00:00 PM,1,1,0
02/27/2015 10:00:00 PM,1,1,0
02/27/2015 09:00:00 PM,3,2,1
02/27/2015 08:00:00 PM,2,0,2
02/27/2015 07:00:00 PM,4,2,2
02/27/2015 06:00:00 PM,9,4,5
02/27/2015 05:00:00 PM,8,5,3
02/27/2015 04:00:00 PM,4,2,2
02/27/2015 03:00:00 PM,11,9,2
02/27/2015 02:00:00 PM,11,6,5
02/27/2015 01:00:00 PM,9,4,5
02/27/2015 12:00:00 PM,11,6,5
02/27/2015 11:00:00 AM,6,6,0
02/27/2015 10:00:00 AM,8,4,4
02/27/2015 09:00:00 AM,6,4,2
02/27/2015 08:00:00 AM,8,4,4
02/27/2015 07:00:00 AM,6,4,2
02/27/2015 06:00:00 AM,3,2,1
02/27/2015 05:00:00 AM,0,0,0
02/27/2015 04:00:00 AM,0,0,0
02/27/2015 03:00:00 AM,0,0,0
02/27/2015 02:00:00 AM,0,0,0
02/27/2015 01:00:00 AM,0,0,0
02/27/2015 12:00:00 AM,0,0,0
02/26/2015 11:00:00 PM,1,1,0
02/26/2015 10:00:00 PM,1,1,0
02/26/2015 09:00:00 PM,2,2,0
02/26/2015 08:00:00 PM,6,1,5
02/26/2015 07:00:00 PM,6,4,2
02/26/2015 06:00:00 PM,12,7,5
02/26/2015 05:00:00 PM,13,6,7
02/26/2015 04:00:00 PM,7,3,4
02/26/2015 03:00:00 PM,3,2,1
02/26/2015 02:00:00 PM,4,2,2
02/26/2015 01:00:00 PM,7,6,1
02/26/2015 12:00:00 PM,7,2,5
02/26/2015 11:00:00 AM,1,1,0
02/26/2015 10:00:00 AM,4,0,4
02/26/2015 09:00:00 AM,5,4,1
02/26/2015 08:00:00 AM,13,6,7
02/26/2015 07:00:00 AM,8,6,2
02/26/2015 06:00:00 AM,4,3,1
02/26/2015 05:00:00 AM,0,0,0
02/26/2015 04:00:00 AM,0,0,0
02/26/2015 03:00:00 AM,0,0,0
02/26/2015 02:00:00 AM,0,0,0
02/26/2015 01:00:00 AM,0,0,0
02/26/2015 12:00:00 AM,0,0,0
02/25/2015 11:00:00 PM,4,2,2
02/25/2015 10:00:00 PM,0,0,0
02/25/2015 09:00:00 PM,2,1,1
02/25/2015 08:00:00 PM,2,2,0
02/25/2015 07:00:00 PM,3,3,0
02/25/2015 06:00:00 PM,9,5,4
02/25/2015 05:00:00 PM,4,2,2
02/25/2015 04:00:00 PM,11,8,3
02/25/2015 03:00:00 PM,5,3,2
02/25/2015 02:00:00 PM,3,1,2
02/25/2015 01:00:00 PM,6,5,1
02/25/2015 12:00:00 PM,6,2,4
02/25/2015 11:00:00 AM,3,2,1
02/25/2015 10:00:00 AM,1,1,0
02/25/2015 09:00:00 AM,8,1,7
02/25/2015 08:00:00 AM,10,6,4
02/25/2015 07:00:00 AM,7,4,3
02/25/2015 06:00:00 AM,2,1,1
02/25/2015 05:00:00 AM,1,0,1
02/25/2015 04:00:00 AM,0,0,0
02/25/2015 03:00:00 AM,0,0,0
02/25/2015 02:00:00 AM,0,0,0
02/25/2015 01:00:00 AM,0,0,0
02/25/2015 12:00:00 AM,1,0,1
02/24/2015 11:00:00 PM,1,1,0
02/24/2015 10:00:00 PM,3,3,0
02/24/2015 09:00:00 PM,12,9,3
02/24/2015 08:00:00 PM,3,2,1
02/24/2015 07:00:00 PM,14,4,10
02/24/2015 06:00:00 PM,8,5,3
02/24/2015 05:00:00 PM,14,8,6
02/24/2015 04:00:00 PM,11,6,5
02/24/2015 03:00:00 PM,16,9,7
02/24/2015 02:00:00 PM,14,10,4
02/24/2015 01:00:00 PM,3,2,1
02/24/2015 12:00:00 PM,9,5,4
02/24/2015 11:00:00 AM,6,2,4
02/24/2015 10:00:00 AM,5,4,1
02/24/2015 09:00:00 AM,8,2,6
02/24/2015 08:00:00 AM,18,10,8
02/24/2015 07:00:00 AM,8,5,3
02/24/2015 06:00:00 AM,4,2,2
02/24/2015 05:00:00 AM,0,0,0
02/24/2015 04:00:00 AM,0,0,0
02/24/2015 03:00:00 AM,0,0,0
02/24/2015 02:00:00 AM,0,0,0
02/24/2015 01:00:00 AM,0,0,0
02/24/2015 12:00:00 AM,1,1,0
02/23/2015 11:00:00 PM,2,0,2
02/23/2015 10:00:00 PM,2,0,2
02/23/2015 09:00:00 PM,0,0,0
02/23/2015 08:00:00 PM,2,1,1
02/23/2015 07:00:00 PM,7,5,2
02/23/2015 06:00:00 PM,16,8,8
02/23/2015 05:00:00 PM,28,14,14
02/23/2015 04:00:00 PM,13,8,5
02/23/2015 03:00:00 PM,21,12,9
02/23/2015 02:00:00 PM,9,6,3
02/23/2015 01:00:00 PM,10,5,5
02/23/2015 12:00:00 PM,14,8,6
02/23/2015 11:00:00 AM,5,3,2
02/23/2015 10:00:00 AM,15,10,5
02/23/2015 09:00:00 AM,8,3,5
02/23/2015 08:00:00 AM,10,5,5
02/23/2015 07:00:00 AM,7,6,1
02/23/2015 06:00:00 AM,1,0,1
02/23/2015 05:00:00 AM,2,0,2
02/23/2015 04:00:00 AM,0,0,0
02/23/2015 03:00:00 AM,0,0,0
02/23/2015 02:00:00 AM,0,0,0
02/23/2015 01:00:00 AM,0,0,0
02/23/2015 12:00:00 AM,0,0,0
02/22/2015 11:00:00 PM,0,0,0
02/22/2015 10:00:00 PM,1,1,0
02/22/2015 09:00:00 PM,0,0,0
02/22/2015 08:00:00 PM,5,5,0
02/22/2015 07:00:00 PM,2,2,0
02/22/2015 06:00:00 PM,9,5,4
02/22/2015 05:00:00 PM,19,10,9
02/22/2015 04:00:00 PM,13,5,8
02/22/2015 03:00:00 PM,7,5,2
02/22/2015 02:00:00 PM,23,15,8
02/22/2015 01:00:00 PM,16,11,5
02/22/2015 12:00:00 PM,22,6,16
02/22/2015 11:00:00 AM,7,4,3
02/22/2015 10:00:00 AM,16,9,7
02/22/2015 09:00:00 AM,3,1,2
02/22/2015 08:00:00 AM,2,1,1
02/22/2015 07:00:00 AM,1,1,0
02/22/2015 06:00:00 AM,1,0,1
02/22/2015 05:00:00 AM,0,0,0
02/22/2015 04:00:00 AM,0,0,0
02/22/2015 03:00:00 AM,2,0,2
02/22/2015 02:00:00 AM,1,1,0
02/22/2015 01:00:00 AM,0,0,0
02/22/2015 12:00:00 AM,2,2,0
02/21/2015 11:00:00 PM,1,1,0
02/21/2015 10:00:00 PM,2,0,2
02/21/2015 09:00:00 PM,2,2,0
02/21/2015 08:00:00 PM,0,0,0
02/21/2015 07:00:00 PM,16,9,7
02/21/2015 06:00:00 PM,19,15,4
02/21/2015 05:00:00 PM,14,10,4
02/21/2015 04:00:00 PM,6,1,5
02/21/2015 03:00:00 PM,12,6,6
02/21/2015 02:00:00 PM,17,10,7
02/21/2015 01:00:00 PM,15,7,8
02/21/2015 12:00:00 PM,42,39,3
02/21/2015 11:00:00 AM,13,9,4
02/21/2015 10:00:00 AM,10,7,3
02/21/2015 09:00:00 AM,4,1,3
02/21/2015 08:00:00 AM,3,3,0
02/21/2015 07:00:00 AM,0,0,0
02/21/2015 06:00:00 AM,0,0,0
02/21/2015 05:00:00 AM,0,0,0
02/21/2015 04:00:00 AM,2,0,2
02/21/2015 03:00:00 AM,0,0,0
02/21/2015 02:00:00 AM,0,0,0
02/21/2015 01:00:00 AM,0,0,0
02/21/2015 12:00:00 AM,3,1,2
02/20/2015 11:00:00 PM,0,0,0
02/20/2015 10:00:00 PM,5,2,3
02/20/2015 09:00:00 PM,5,1,4
02/20/2015 08:00:00 PM,3,2,1
02/20/2015 07:00:00 PM,2,2,0
02/20/2015 06:00:00 PM,16,4,12
02/20/2015 05:00:00 PM,14,7,7
02/20/2015 04:00:00 PM,15,5,10
02/20/2015 03:00:00 PM,16,7,9
02/20/2015 02:00:00 PM,14,9,5
02/20/2015 01:00:00 PM,10,7,3
02/20/2015 12:00:00 PM,12,8,4
02/20/2015 11:00:00 AM,17,8,9
02/20/2015 10:00:00 AM,10,6,4
02/20/2015 09:00:00 AM,11,7,4
02/20/2015 08:00:00 AM,7,3,4
02/20/2015 07:00:00 AM,4,2,2
02/20/2015 06:00:00 AM,4,4,0
02/20/2015 05:00:00 AM,0,0,0
02/20/2015 04:00:00 AM,0,0,0
02/20/2015 03:00:00 AM,0,0,0
02/20/2015 02:00:00 AM,0,0,0
02/20/2015 01:00:00 AM,1,1,0
02/20/2015 12:00:00 AM,0,0,0
02/19/2015 11:00:00 PM,3,3,0
02/19/2015 10:00:00 PM,3,3,0
02/19/2015 09:00:00 PM,2,1,1
02/19/2015 08:00:00 PM,3,1,2
02/19/2015 07:00:00 PM,9,7,2
02/19/2015 06:00:00 PM,23,9,14
02/19/2015 05:00:00 PM,12,5,7
02/19/2015 04:00:00 PM,17,12,5
02/19/2015 03:00:00 PM,8,6,2
02/19/2015 02:00:00 PM,4,1,3
02/19/2015 01:00:00 PM,1,1,0
02/19/2015 12:00:00 PM,3,2,1
02/19/2015 11:00:00 AM,8,3,5
02/19/2015 10:00:00 AM,7,2,5
02/19/2015 09:00:00 AM,5,3,2
02/19/2015 08:00:00 AM,7,4,3
02/19/2015 07:00:00 AM,3,3,0
02/19/2015 06:00:00 AM,4,3,1
02/19/2015 05:00:00 AM,2,2,0
02/19/2015 04:00:00 AM,0,0,0
02/19/2015 03:00:00 AM,0,0,0
02/19/2015 02:00:00 AM,0,0,0
02/19/2015 01:00:00 AM,0,0,0
02/19/2015 12:00:00 AM,1,0,1
02/18/2015 11:00:00 PM,4,4,0
02/18/2015 10:00:00 PM,7,5,2
02/18/2015 09:00:00 PM,2,1,1
02/18/2015 08:00:00 PM,2,2,0
02/18/2015 07:00:00 PM,3,2,1
02/18/2015 06:00:00 PM,9,4,5
02/18/2015 05:00:00 PM,14,9,5
02/18/2015 04:00:00 PM,9,1,8
02/18/2015 03:00:00 PM,15,10,5
02/18/2015 02:00:00 PM,17,11,6
02/18/2015 01:00:00 PM,7,2,5
02/18/2015 12:00:00 PM,11,6,5
02/18/2015 11:00:00 AM,11,8,3
02/18/2015 10:00:00 AM,3,1,2
02/18/2015 09:00:00 AM,15,10,5
02/18/2015 08:00:00 AM,7,4,3
02/18/2015 07:00:00 AM,6,4,2
02/18/2015 06:00:00 AM,4,2,2
02/18/2015 05:00:00 AM,0,0,0
02/18/2015 04:00:00 AM,0,0,0
02/18/2015 03:00:00 AM,0,0,0
02/18/2015 02:00:00 AM,0,0,0
02/18/2015 01:00:00 AM,0,0,0
02/18/2015 12:00:00 AM,0,0,0
02/17/2015 11:00:00 PM,1,1,0
02/17/2015 10:00:00 PM,3,2,1
02/17/2015 09:00:00 PM,10,10,0
02/17/2015 08:00:00 PM,6,5,1
02/17/2015 07:00:00 PM,8,4,4
02/17/2015 06:00:00 PM,21,16,5
02/17/2015 05:00:00 PM,16,11,5
02/17/2015 04:00:00 PM,11,5,6
02/17/2015 03:00:00 PM,9,7,2
02/17/2015 02:00:00 PM,5,4,1
02/17/2015 01:00:00 PM,8,6,2
02/17/2015 12:00:00 PM,5,3,2
02/17/2015 11:00:00 AM,2,1,1
02/17/2015 10:00:00 AM,1,1,0
02/17/2015 09:00:00 AM,10,5,5
02/17/2015 08:00:00 AM,11,6,5
02/17/2015 07:00:00 AM,5,3,2
02/17/2015 06:00:00 AM,3,1,2
02/17/2015 05:00:00 AM,1,1,0
02/17/2015 04:00:00 AM,0,0,0
02/17/2015 03:00:00 AM,0,0,0
02/17/2015 02:00:00 AM,0,0,0
02/17/2015 01:00:00 AM,0,0,0
02/17/2015 12:00:00 AM,0,0,0
02/16/2015 11:00:00 PM,0,0,0
02/16/2015 10:00:00 PM,4,3,1
02/16/2015 09:00:00 PM,0,0,0
02/16/2015 08:00:00 PM,4,1,3
02/16/2015 07:00:00 PM,4,4,0
02/16/2015 06:00:00 PM,7,4,3
02/16/2015 05:00:00 PM,10,8,2
02/16/2015 04:00:00 PM,10,6,4
02/16/2015 03:00:00 PM,17,11,6
02/16/2015 02:00:00 PM,8,3,5
02/16/2015 01:00:00 PM,20,12,8
02/16/2015 12:00:00 PM,15,8,7
02/16/2015 11:00:00 AM,22,13,9
02/16/2015 10:00:00 AM,9,1,8
02/16/2015 09:00:00 AM,20,4,16
02/16/2015 08:00:00 AM,3,2,1
02/16/2015 07:00:00 AM,4,1,3
02/16/2015 06:00:00 AM,2,0,2
02/16/2015 05:00:00 AM,0,0,0
02/16/2015 04:00:00 AM,0,0,0
02/16/2015 03:00:00 AM,0,0,0
02/16/2015 02:00:00 AM,2,2,0
02/16/2015 01:00:00 AM,0,0,0
02/16/2015 12:00:00 AM,1,0,1
02/15/2015 11:00:00 PM,0,0,0
02/15/2015 10:00:00 PM,2,0,2
02/15/2015 09:00:00 PM,2,1,1
02/15/2015 08:00:00 PM,4,3,1
02/15/2015 07:00:00 PM,1,1,0
02/15/2015 06:00:00 PM,4,3,1
02/15/2015 05:00:00 PM,16,7,9
02/15/2015 04:00:00 PM,10,4,6
02/15/2015 03:00:00 PM,21,15,6
02/15/2015 02:00:00 PM,16,9,7
02/15/2015 01:00:00 PM,17,11,6
02/15/2015 12:00:00 PM,15,10,5
02/15/2015 11:00:00 AM,25,17,8
02/15/2015 10:00:00 AM,5,1,4
02/15/2015 09:00:00 AM,14,8,6
02/15/2015 08:00:00 AM,8,7,1
02/15/2015 07:00:00 AM,1,1,0
02/15/2015 06:00:00 AM,0,0,0
02/15/2015 05:00:00 AM,0,0,0
02/15/2015 04:00:00 AM,0,0,0
02/15/2015 03:00:00 AM,0,0,0
02/15/2015 02:00:00 AM,0,0,0
02/15/2015 01:00:00 AM,1,1,0
02/15/2015 12:00:00 AM,0,0,0
02/14/2015 11:00:00 PM,2,2,0
02/14/2015 10:00:00 PM,10,8,2
02/14/2015 09:00:00 PM,0,0,0
02/14/2015 08:00:00 PM,11,8,3
02/14/2015 07:00:00 PM,5,1,4
02/14/2015 06:00:00 PM,15,11,4
02/14/2015 05:00:00 PM,13,10,3
02/14/2015 04:00:00 PM,20,14,6
02/14/2015 03:00:00 PM,17,8,9
02/14/2015 02:00:00 PM,27,16,11
02/14/2015 01:00:00 PM,14,6,8
02/14/2015 12:00:00 PM,7,6,1
02/14/2015 11:00:00 AM,11,7,4
02/14/2015 10:00:00 AM,16,11,5
02/14/2015 09:00:00 AM,14,5,9
02/14/2015 08:00:00 AM,3,1,2
02/14/2015 07:00:00 AM,2,1,1
02/14/2015 06:00:00 AM,0,0,0
02/14/2015 05:00:00 AM,1,1,0
02/14/2015 04:00:00 AM,0,0,0
02/14/2015 03:00:00 AM,0,0,0
02/14/2015 02:00:00 AM,2,2,0
02/14/2015 01:00:00 AM,1,0,1
02/14/2015 12:00:00 AM,2,1,1
02/13/2015 11:00:00 PM,1,1,0
02/13/2015 10:00:00 PM,4,1,3
02/13/2015 09:00:00 PM,2,2,0
02/13/2015 08:00:00 PM,5,2,3
02/13/2015 07:00:00 PM,6,3,3
02/13/2015 06:00:00 PM,14,7,7
02/13/2015 05:00:00 PM,20,11,9
02/13/2015 04:00:00 PM,11,5,6
02/13/2015 03:00:00 PM,16,13,3
02/13/2015 02:00:00 PM,15,12,3
02/13/2015 01:00:00 PM,6,3,3
02/13/2015 12:00:00 PM,8,5,3
02/13/2015 11:00:00 AM,9,5,4
02/13/2015 10:00:00 AM,6,5,1
02/13/2015 09:00:00 AM,18,8,10
02/13/2015 08:00:00 AM,8,5,3
02/13/2015 07:00:00 AM,10,4,6
02/13/2015 06:00:00 AM,4,3,1
02/13/2015 05:00:00 AM,1,1,0
02/13/2015 04:00:00 AM,0,0,0
02/13/2015 03:00:00 AM,0,0,0
02/13/2015 02:00:00 AM,0,0,0
02/13/2015 01:00:00 AM,0,0,0
02/13/2015 12:00:00 AM,0,0,0
02/12/2015 11:00:00 PM,1,0,1
02/12/2015 10:00:00 PM,0,0,0
02/12/2015 09:00:00 PM,10,3,7
02/12/2015 08:00:00 PM,3,3,0
02/12/2015 07:00:00 PM,16,7,9
02/12/2015 06:00:00 PM,16,7,9
02/12/2015 05:00:00 PM,18,8,10
02/12/2015 04:00:00 PM,14,5,9
02/12/2015 03:00:00 PM,19,8,11
02/12/2015 02:00:00 PM,12,6,6
02/12/2015 01:00:00 PM,17,14,3
02/12/2015 12:00:00 PM,,,
02/12/2015 11:00:00 AM,,,
02/12/2015 10:00:00 AM,,,
02/12/2015 09:00:00 AM,,,
02/12/2015 08:00:00 AM,,,
02/12/2015 07:00:00 AM,,,
02/12/2015 06:00:00 AM,,,
02/12/2015 05:00:00 AM,,,
02/12/2015 04:00:00 AM,,,
02/12/2015 03:00:00 AM,,,
02/12/2015 02:00:00 AM,,,
02/12/2015 01:00:00 AM,,,
02/12/2015 12:00:00 AM,,,
02/11/2015 11:00:00 PM,,,
02/11/2015 10:00:00 PM,,,
02/11/2015 09:00:00 PM,,,
02/11/2015 08:00:00 PM,,,
02/11/2015 07:00:00 PM,,,
02/11/2015 06:00:00 PM,,,
02/11/2015 05:00:00 PM,,,
02/11/2015 04:00:00 PM,,,
02/11/2015 03:00:00 PM,,,
02/11/2015 02:00:00 PM,,,
02/11/2015 01:00:00 PM,,,
02/11/2015 12:00:00 PM,,,
02/11/2015 11:00:00 AM,,,
02/11/2015 10:00:00 AM,,,
02/11/2015 09:00:00 AM,,,
02/11/2015 08:00:00 AM,,,
02/11/2015 07:00:00 AM,,,
02/11/2015 06:00:00 AM,,,
02/11/2015 05:00:00 AM,,,
02/11/2015 04:00:00 AM,,,
02/11/2015 03:00:00 AM,,,
02/11/2015 02:00:00 AM,,,
02/11/2015 01:00:00 AM,,,
02/11/2015 12:00:00 AM,,,
02/10/2015 11:00:00 PM,,,
02/10/2015 10:00:00 PM,,,
02/10/2015 09:00:00 PM,,,
02/10/2015 08:00:00 PM,,,
02/10/2015 07:00:00 PM,,,
02/10/2015 06:00:00 PM,,,
02/10/2015 05:00:00 PM,,,
02/10/2015 04:00:00 PM,,,
02/10/2015 03:00:00 PM,,,
02/10/2015 02:00:00 PM,,,
02/10/2015 01:00:00 PM,,,
02/10/2015 12:00:00 PM,,,
02/10/2015 11:00:00 AM,,,
02/10/2015 10:00:00 AM,,,
02/10/2015 09:00:00 AM,,,
02/10/2015 08:00:00 AM,,,
02/10/2015 07:00:00 AM,,,
02/10/2015 06:00:00 AM,,,
02/10/2015 05:00:00 AM,,,
02/10/2015 04:00:00 AM,,,
02/10/2015 03:00:00 AM,,,
02/10/2015 02:00:00 AM,,,
02/10/2015 01:00:00 AM,,,
02/10/2015 12:00:00 AM,,,
02/09/2015 11:00:00 PM,,,
02/09/2015 10:00:00 PM,,,
02/09/2015 09:00:00 PM,,,
02/09/2015 08:00:00 PM,,,
02/09/2015 07:00:00 PM,,,
02/09/2015 06:00:00 PM,,,
02/09/2015 05:00:00 PM,,,
02/09/2015 04:00:00 PM,,,
02/09/2015 03:00:00 PM,,,
02/09/2015 02:00:00 PM,,,
02/09/2015 01:00:00 PM,,,
02/09/2015 12:00:00 PM,,,
02/09/2015 11:00:00 AM,,,
02/09/2015 10:00:00 AM,,,
02/09/2015 09:00:00 AM,,,
02/09/2015 08:00:00 AM,,,
02/09/2015 07:00:00 AM,,,
02/09/2015 06:00:00 AM,,,
02/09/2015 05:00:00 AM,,,
02/09/2015 04:00:00 AM,,,
02/09/2015 03:00:00 AM,,,
02/09/2015 02:00:00 AM,,,
02/09/2015 01:00:00 AM,,,
02/09/2015 12:00:00 AM,,,
02/08/2015 11:00:00 PM,,,
02/08/2015 10:00:00 PM,,,
02/08/2015 09:00:00 PM,,,
02/08/2015 08:00:00 PM,,,
02/08/2015 07:00:00 PM,,,
02/08/2015 06:00:00 PM,,,
02/08/2015 05:00:00 PM,,,
02/08/2015 04:00:00 PM,,,
02/08/2015 03:00:00 PM,,,
02/08/2015 02:00:00 PM,,,
02/08/2015 01:00:00 PM,,,
02/08/2015 12:00:00 PM,,,
02/08/2015 11:00:00 AM,,,
02/08/2015 10:00:00 AM,,,
02/08/2015 09:00:00 AM,,,
02/08/2015 08:00:00 AM,,,
02/08/2015 07:00:00 AM,,,
02/08/2015 06:00:00 AM,,,
02/08/2015 05:00:00 AM,,,
02/08/2015 04:00:00 AM,,,
02/08/2015 03:00:00 AM,,,
02/08/2015 02:00:00 AM,,,
02/08/2015 01:00:00 AM,,,
02/08/2015 12:00:00 AM,,,
02/07/2015 11:00:00 PM,,,
02/07/2015 10:00:00 PM,,,
02/07/2015 09:00:00 PM,,,
02/07/2015 08:00:00 PM,,,
02/07/2015 07:00:00 PM,,,
02/07/2015 06:00:00 PM,,,
02/07/2015 05:00:00 PM,,,
02/07/2015 04:00:00 PM,,,
02/07/2015 03:00:00 PM,,,
02/07/2015 02:00:00 PM,,,
02/07/2015 01:00:00 PM,,,
02/07/2015 12:00:00 PM,,,
02/07/2015 11:00:00 AM,,,
02/07/2015 10:00:00 AM,,,
02/07/2015 09:00:00 AM,,,
02/07/2015 08:00:00 AM,,,
02/07/2015 07:00:00 AM,,,
02/07/2015 06:00:00 AM,,,
02/07/2015 05:00:00 AM,,,
02/07/2015 04:00:00 AM,,,
02/07/2015 03:00:00 AM,,,
02/07/2015 02:00:00 AM,,,
02/07/2015 01:00:00 AM,,,
02/07/2015 12:00:00 AM,,,
02/06/2015 11:00:00 PM,,,
02/06/2015 10:00:00 PM,,,
02/06/2015 09:00:00 PM,,,
02/06/2015 08:00:00 PM,,,
02/06/2015 07:00:00 PM,,,
02/06/2015 06:00:00 PM,,,
02/06/2015 05:00:00 PM,,,
02/06/2015 04:00:00 PM,,,
02/06/2015 03:00:00 PM,,,
02/06/2015 02:00:00 PM,,,
02/06/2015 01:00:00 PM,,,
02/06/2015 12:00:00 PM,,,
02/06/2015 11:00:00 AM,,,
02/06/2015 10:00:00 AM,,,
02/06/2015 09:00:00 AM,,,
02/06/2015 08:00:00 AM,,,
02/06/2015 07:00:00 AM,,,
02/06/2015 06:00:00 AM,,,
02/06/2015 05:00:00 AM,,,
02/06/2015 04:00:00 AM,,,
02/06/2015 03:00:00 AM,,,
02/06/2015 02:00:00 AM,,,
02/06/2015 01:00:00 AM,,,
02/06/2015 12:00:00 AM,,,
02/05/2015 11:00:00 PM,,,
02/05/2015 10:00:00 PM,,,
02/05/2015 09:00:00 PM,,,
02/05/2015 08:00:00 PM,,,
02/05/2015 07:00:00 PM,,,
02/05/2015 06:00:00 PM,,,
02/05/2015 05:00:00 PM,,,
02/05/2015 04:00:00 PM,,,
02/05/2015 03:00:00 PM,,,
02/05/2015 02:00:00 PM,,,
02/05/2015 01:00:00 PM,,,
02/05/2015 12:00:00 PM,,,
02/05/2015 11:00:00 AM,,,
02/05/2015 10:00:00 AM,,,
02/05/2015 09:00:00 AM,,,
02/05/2015 08:00:00 AM,,,
02/05/2015 07:00:00 AM,,,
02/05/2015 06:00:00 AM,,,
02/05/2015 05:00:00 AM,,,
02/05/2015 04:00:00 AM,,,
02/05/2015 03:00:00 AM,,,
02/05/2015 02:00:00 AM,,,
02/05/2015 01:00:00 AM,,,
02/05/2015 12:00:00 AM,,,
02/04/2015 11:00:00 PM,,,
02/04/2015 10:00:00 PM,,,
02/04/2015 09:00:00 PM,,,
02/04/2015 08:00:00 PM,,,
02/04/2015 07:00:00 PM,,,
02/04/2015 06:00:00 PM,,,
02/04/2015 05:00:00 PM,,,
02/04/2015 04:00:00 PM,,,
02/04/2015 03:00:00 PM,,,
02/04/2015 02:00:00 PM,,,
02/04/2015 01:00:00 PM,,,
02/04/2015 12:00:00 PM,,,
02/04/2015 11:00:00 AM,,,
02/04/2015 10:00:00 AM,,,
02/04/2015 09:00:00 AM,,,
02/04/2015 08:00:00 AM,,,
02/04/2015 07:00:00 AM,,,
02/04/2015 06:00:00 AM,,,
02/04/2015 05:00:00 AM,,,
02/04/2015 04:00:00 AM,,,
02/04/2015 03:00:00 AM,,,
02/04/2015 02:00:00 AM,,,
02/04/2015 01:00:00 AM,,,
02/04/2015 12:00:00 AM,,,
02/03/2015 11:00:00 PM,,,
02/03/2015 10:00:00 PM,,,
02/03/2015 09:00:00 PM,,,
02/03/2015 08:00:00 PM,,,
02/03/2015 07:00:00 PM,,,
02/03/2015 06:00:00 PM,,,
02/03/2015 05:00:00 PM,,,
02/03/2015 04:00:00 PM,,,
02/03/2015 03:00:00 PM,,,
02/03/2015 02:00:00 PM,,,
02/03/2015 01:00:00 PM,,,
02/03/2015 12:00:00 PM,,,
02/03/2015 11:00:00 AM,38,38,0
02/03/2015 10:00:00 AM,44,44,0
02/03/2015 09:00:00 AM,44,44,0
02/03/2015 08:00:00 AM,47,47,0
02/03/2015 07:00:00 AM,38,38,0
02/03/2015 06:00:00 AM,17,16,1
02/03/2015 05:00:00 AM,5,5,0
02/03/2015 04:00:00 AM,5,5,0
02/03/2015 03:00:00 AM,1,1,0
02/03/2015 02:00:00 AM,0,0,0
02/03/2015 01:00:00 AM,0,0,0
02/03/2015 12:00:00 AM,4,4,0
02/02/2015 11:00:00 PM,3,3,0
02/02/2015 10:00:00 PM,9,9,0
02/02/2015 09:00:00 PM,27,27,0
02/02/2015 08:00:00 PM,20,20,0
02/02/2015 07:00:00 PM,29,29,0
02/02/2015 06:00:00 PM,42,42,0
02/02/2015 05:00:00 PM,57,57,0
02/02/2015 04:00:00 PM,44,43,1
02/02/2015 03:00:00 PM,62,62,0
02/02/2015 02:00:00 PM,43,42,1
02/02/2015 01:00:00 PM,32,32,0
02/02/2015 12:00:00 PM,52,52,0
02/02/2015 11:00:00 AM,42,42,0
02/02/2015 10:00:00 AM,30,27,3
02/02/2015 09:00:00 AM,34,34,0
02/02/2015 08:00:00 AM,18,18,0
02/02/2015 07:00:00 AM,21,21,0
02/02/2015 06:00:00 AM,19,19,0
02/02/2015 05:00:00 AM,3,3,0
02/02/2015 04:00:00 AM,4,4,0
02/02/2015 03:00:00 AM,0,0,0
02/02/2015 02:00:00 AM,0,0,0
02/02/2015 01:00:00 AM,2,2,0
02/02/2015 12:00:00 AM,2,2,0
02/01/2015 11:00:00 PM,1,1,0
02/01/2015 10:00:00 PM,4,4,0
02/01/2015 09:00:00 PM,7,7,0
02/01/2015 08:00:00 PM,25,25,0
02/01/2015 07:00:00 PM,28,28,0
02/01/2015 06:00:00 PM,5,5,0
02/01/2015 05:00:00 PM,6,6,0
02/01/2015 04:00:00 PM,11,11,0
02/01/2015 03:00:00 PM,33,32,1
02/01/2015 02:00:00 PM,49,48,1
02/01/2015 01:00:00 PM,34,33,1
02/01/2015 12:00:00 PM,43,42,1
02/01/2015 11:00:00 AM,35,34,1
02/01/2015 10:00:00 AM,22,22,0
02/01/2015 09:00:00 AM,18,18,0
02/01/2015 08:00:00 AM,10,10,0
02/01/2015 07:00:00 AM,5,5,0
02/01/2015 06:00:00 AM,7,7,0
02/01/2015 05:00:00 AM,1,1,0
02/01/2015 04:00:00 AM,1,1,0
02/01/2015 03:00:00 AM,1,1,0
02/01/2015 02:00:00 AM,2,2,0
02/01/2015 01:00:00 AM,8,8,0
02/01/2015 12:00:00 AM,4,4,0
01/31/2015 11:00:00 PM,4,4,0
01/31/2015 10:00:00 PM,13,13,0
01/31/2015 09:00:00 PM,19,19,0
01/31/2015 08:00:00 PM,16,16,0
01/31/2015 07:00:00 PM,41,41,0
01/31/2015 06:00:00 PM,55,55,0
01/31/2015 05:00:00 PM,38,37,1
01/31/2015 04:00:00 PM,45,44,1
01/31/2015 03:00:00 PM,54,54,0
01/31/2015 02:00:00 PM,61,59,2
01/31/2015 01:00:00 PM,52,52,0
01/31/2015 12:00:00 PM,60,60,0
01/31/2015 11:00:00 AM,60,60,0
01/31/2015 10:00:00 AM,50,50,0
01/31/2015 09:00:00 AM,28,28,0
01/31/2015 08:00:00 AM,15,15,0
01/31/2015 07:00:00 AM,7,7,0
01/31/2015 06:00:00 AM,0,0,0
01/31/2015 05:00:00 AM,2,2,0
01/31/2015 04:00:00 AM,2,2,0
01/31/2015 03:00:00 AM,0,0,0
01/31/2015 02:00:00 AM,3,2,1
01/31/2015 01:00:00 AM,2,2,0
01/31/2015 12:00:00 AM,3,3,0
01/30/2015 11:00:00 PM,13,13,0
01/30/2015 10:00:00 PM,6,6,0
01/30/2015 09:00:00 PM,20,20,0
01/30/2015 08:00:00 PM,27,27,0
01/30/2015 07:00:00 PM,46,46,0
01/30/2015 06:00:00 PM,49,49,0
01/30/2015 05:00:00 PM,26,26,0
01/30/2015 04:00:00 PM,36,36,0
01/30/2015 03:00:00 PM,42,42,0
01/30/2015 02:00:00 PM,44,44,0
01/30/2015 01:00:00 PM,56,56,0
01/30/2015 12:00:00 PM,33,33,0
01/30/2015 11:00:00 AM,36,35,1
01/30/2015 10:00:00 AM,43,43,0
01/30/2015 09:00:00 AM,21,21,0
01/30/2015 08:00:00 AM,26,26,0
01/30/2015 07:00:00 AM,16,16,0
01/30/2015 06:00:00 AM,6,6,0
01/30/2015 05:00:00 AM,3,3,0
01/30/2015 04:00:00 AM,0,0,0
01/30/2015 03:00:00 AM,0,0,0
01/30/2015 02:00:00 AM,5,5,0
01/30/2015 01:00:00 AM,3,3,0
01/30/2015 12:00:00 AM,2,2,0
01/29/2015 11:00:00 PM,5,5,0
01/29/2015 10:00:00 PM,13,13,0
01/29/2015 09:00:00 PM,13,13,0
01/29/2015 08:00:00 PM,15,15,0
01/29/2015 07:00:00 PM,27,27,0
01/29/2015 06:00:00 PM,34,34,0
01/29/2015 05:00:00 PM,39,39,0
01/29/2015 04:00:00 PM,39,39,0
01/29/2015 03:00:00 PM,43,43,0
01/29/2015 02:00:00 PM,22,22,0
01/29/2015 01:00:00 PM,40,39,1
01/29/2015 12:00:00 PM,33,33,0
01/29/2015 11:00:00 AM,41,41,0
01/29/2015 10:00:00 AM,41,41,0
01/29/2015 09:00:00 AM,38,38,0
01/29/2015 08:00:00 AM,25,25,0
01/29/2015 07:00:00 AM,30,28,2
01/29/2015 06:00:00 AM,3,3,0
01/29/2015 05:00:00 AM,4,4,0
01/29/2015 04:00:00 AM,0,0,0
01/29/2015 03:00:00 AM,2,2,0
01/29/2015 02:00:00 AM,2,2,0
01/29/2015 01:00:00 AM,1,1,0
01/29/2015 12:00:00 AM,4,4,0
01/28/2015 11:00:00 PM,0,0,0
01/28/2015 10:00:00 PM,8,8,0
01/28/2015 09:00:00 PM,14,14,0
01/28/2015 08:00:00 PM,27,27,0
01/28/2015 07:00:00 PM,31,31,0
01/28/2015 06:00:00 PM,39,38,1
01/28/2015 05:00:00 PM,42,42,0
01/28/2015 04:00:00 PM,35,35,0
01/28/2015 03:00:00 PM,35,35,0
01/28/2015 02:00:00 PM,43,43,0
01/28/2015 01:00:00 PM,33,33,0
01/28/2015 12:00:00 PM,37,37,0
01/28/2015 11:00:00 AM,26,25,1
01/28/2015 10:00:00 AM,29,29,0
01/28/2015 09:00:00 AM,31,30,1
01/28/2015 08:00:00 AM,23,21,2
01/28/2015 07:00:00 AM,28,28,0
01/28/2015 06:00:00 AM,9,9,0
01/28/2015 05:00:00 AM,1,1,0
01/28/2015 04:00:00 AM,3,3,0
01/28/2015 03:00:00 AM,0,0,0
01/28/2015 02:00:00 AM,1,1,0
01/28/2015 01:00:00 AM,0,0,0
01/28/2015 12:00:00 AM,2,2,0
01/27/2015 11:00:00 PM,5,5,0
01/27/2015 10:00:00 PM,6,6,0
01/27/2015 09:00:00 PM,10,10,0
01/27/2015 08:00:00 PM,10,10,0
01/27/2015 07:00:00 PM,24,24,0
01/27/2015 06:00:00 PM,27,27,0
01/27/2015 05:00:00 PM,45,45,0
01/27/2015 04:00:00 PM,39,39,0
01/27/2015 03:00:00 PM,40,40,0
01/27/2015 02:00:00 PM,42,42,0
01/27/2015 01:00:00 PM,55,54,1
01/27/2015 12:00:00 PM,39,39,0
01/27/2015 11:00:00 AM,37,34,3
01/27/2015 10:00:00 AM,19,19,0
01/27/2015 09:00:00 AM,37,37,0
01/27/2015 08:00:00 AM,38,37,1
01/27/2015 07:00:00 AM,26,26,0
01/27/2015 06:00:00 AM,13,13,0
01/27/2015 05:00:00 AM,1,1,0
01/27/2015 04:00:00 AM,0,0,0
01/27/2015 03:00:00 AM,3,3,0
01/27/2015 02:00:00 AM,2,2,0
01/27/2015 01:00:00 AM,4,4,0
01/27/2015 12:00:00 AM,3,3,0
01/26/2015 11:00:00 PM,4,4,0
01/26/2015 10:00:00 PM,8,8,0
01/26/2015 09:00:00 PM,24,24,0
01/26/2015 08:00:00 PM,19,19,0
01/26/2015 07:00:00 PM,32,32,0
01/26/2015 06:00:00 PM,34,34,0
01/26/2015 05:00:00 PM,35,35,0
01/26/2015 04:00:00 PM,39,39,0
01/26/2015 03:00:00 PM,29,29,0
01/26/2015 02:00:00 PM,39,39,0
01/26/2015 01:00:00 PM,30,30,0
01/26/2015 12:00:00 PM,38,38,0
01/26/2015 11:00:00 AM,21,21,0
01/26/2015 10:00:00 AM,26,25,1
01/26/2015 09:00:00 AM,21,21,0
01/26/2015 08:00:00 AM,32,32,0
01/26/2015 07:00:00 AM,22,22,0
01/26/2015 06:00:00 AM,11,11,0
01/26/2015 05:00:00 AM,0,0,0
01/26/2015 04:00:00 AM,2,2,0
01/26/2015 03:00:00 AM,3,3,0
01/26/2015 02:00:00 AM,2,2,0
01/26/2015 01:00:00 AM,2,2,0
01/26/2015 12:00:00 AM,8,8,0
01/25/2015 11:00:00 PM,8,8,0
01/25/2015 10:00:00 PM,7,7,0
01/25/2015 09:00:00 PM,17,17,0
01/25/2015 08:00:00 PM,10,10,0
01/25/2015 07:00:00 PM,22,22,0
01/25/2015 06:00:00 PM,30,30,0
01/25/2015 05:00:00 PM,38,38,0
01/25/2015 04:00:00 PM,56,55,1
01/25/2015 03:00:00 PM,43,43,0
01/25/2015 02:00:00 PM,44,44,0
01/25/2015 01:00:00 PM,62,62,0
01/25/2015 12:00:00 PM,54,54,0
01/25/2015 11:00:00 AM,40,40,0
01/25/2015 10:00:00 AM,19,19,0
01/25/2015 09:00:00 AM,17,17,0
01/25/2015 08:00:00 AM,5,5,0
01/25/2015 07:00:00 AM,5,5,0
01/25/2015 06:00:00 AM,3,3,0
01/25/2015 05:00:00 AM,0,0,0
01/25/2015 04:00:00 AM,0,0,0
01/25/2015 03:00:00 AM,2,2,0
01/25/2015 02:00:00 AM,1,1,0
01/25/2015 01:00:00 AM,3,3,0
01/25/2015 12:00:00 AM,14,14,0
01/24/2015 11:00:00 PM,11,11,0
01/24/2015 10:00:00 PM,17,17,0
01/24/2015 09:00:00 PM,22,21,1
01/24/2015 08:00:00 PM,23,22,1
01/24/2015 07:00:00 PM,49,49,0
01/24/2015 06:00:00 PM,48,48,0
01/24/2015 05:00:00 PM,49,49,0
01/24/2015 04:00:00 PM,31,31,0
01/24/2015 03:00:00 PM,42,42,0
01/24/2015 02:00:00 PM,76,76,0
01/24/2015 01:00:00 PM,69,69,0
01/24/2015 12:00:00 PM,72,72,0
01/24/2015 11:00:00 AM,35,35,0
01/24/2015 10:00:00 AM,45,43,2
01/24/2015 09:00:00 AM,33,33,0
01/24/2015 08:00:00 AM,11,11,0
01/24/2015 07:00:00 AM,8,8,0
01/24/2015 06:00:00 AM,2,2,0
01/24/2015 05:00:00 AM,2,2,0
01/24/2015 04:00:00 AM,0,0,0
01/24/2015 03:00:00 AM,2,2,0
01/24/2015 02:00:00 AM,2,2,0
01/24/2015 01:00:00 AM,7,7,0
01/24/2015 12:00:00 AM,4,4,0
01/23/2015 11:00:00 PM,9,9,0
01/23/2015 10:00:00 PM,12,12,0
01/23/2015 09:00:00 PM,22,21,1
01/23/2015 08:00:00 PM,36,36,0
01/23/2015 07:00:00 PM,54,50,4
01/23/2015 06:00:00 PM,49,49,0
01/23/2015 05:00:00 PM,42,42,0
01/23/2015 04:00:00 PM,41,41,0
01/23/2015 03:00:00 PM,41,41,0
01/23/2015 02:00:00 PM,44,44,0
01/23/2015 01:00:00 PM,37,37,0
01/23/2015 12:00:00 PM,37,36,1
01/23/2015 11:00:00 AM,53,52,1
01/23/2015 10:00:00 AM,17,16,1
01/23/2015 09:00:00 AM,29,29,0
01/23/2015 08:00:00 AM,40,40,0
01/23/2015 07:00:00 AM,30,30,0
01/23/2015 06:00:00 AM,10,10,0
01/23/2015 05:00:00 AM,0,0,0
01/23/2015 04:00:00 AM,0,0,0
01/23/2015 03:00:00 AM,1,1,0
01/23/2015 02:00:00 AM,4,4,0
01/23/2015 01:00:00 AM,0,0,0
01/23/2015 12:00:00 AM,1,1,0
01/22/2015 11:00:00 PM,8,8,0
01/22/2015 10:00:00 PM,13,13,0
01/22/2015 09:00:00 PM,14,14,0
01/22/2015 08:00:00 PM,17,17,0
01/22/2015 07:00:00 PM,25,25,0
01/22/2015 06:00:00 PM,30,30,0
01/22/2015 05:00:00 PM,49,48,1
01/22/2015 04:00:00 PM,35,35,0
01/22/2015 03:00:00 PM,30,30,0
01/22/2015 02:00:00 PM,46,45,1
01/22/2015 01:00:00 PM,32,32,0
01/22/2015 12:00:00 PM,35,35,0
01/22/2015 11:00:00 AM,34,34,0
01/22/2015 10:00:00 AM,26,26,0
01/22/2015 09:00:00 AM,21,21,0
01/22/2015 08:00:00 AM,21,21,0
01/22/2015 07:00:00 AM,15,15,0
01/22/2015 06:00:00 AM,12,12,0
01/22/2015 05:00:00 AM,3,3,0
01/22/2015 04:00:00 AM,0,0,0
01/22/2015 03:00:00 AM,0,0,0
01/22/2015 02:00:00 AM,0,0,0
01/22/2015 01:00:00 AM,1,1,0
01/22/2015 12:00:00 AM,2,2,0
01/21/2015 11:00:00 PM,2,2,0
01/21/2015 10:00:00 PM,10,10,0
01/21/2015 09:00:00 PM,14,14,0
01/21/2015 08:00:00 PM,19,19,0
01/21/2015 07:00:00 PM,26,26,0
01/21/2015 06:00:00 PM,25,25,0
01/21/2015 05:00:00 PM,28,27,1
01/21/2015 04:00:00 PM,31,27,4
01/21/2015 03:00:00 PM,33,33,0
01/21/2015 02:00:00 PM,30,30,0
01/21/2015 01:00:00 PM,38,38,0
01/21/2015 12:00:00 PM,20,20,0
01/21/2015 11:00:00 AM,27,27,0
01/21/2015 10:00:00 AM,20,20,0
01/21/2015 09:00:00 AM,22,22,0
01/21/2015 08:00:00 AM,10,10,0
01/21/2015 07:00:00 AM,11,11,0
01/21/2015 06:00:00 AM,5,5,0
01/21/2015 05:00:00 AM,2,2,0
01/21/2015 04:00:00 AM,1,1,0
01/21/2015 03:00:00 AM,3,3,0
01/21/2015 02:00:00 AM,0,0,0
01/21/2015 01:00:00 AM,0,0,0
01/21/2015 12:00:00 AM,3,3,0
01/20/2015 11:00:00 PM,4,4,0
01/20/2015 10:00:00 PM,13,13,0
01/20/2015 09:00:00 PM,15,15,0
01/20/2015 08:00:00 PM,21,21,0
01/20/2015 07:00:00 PM,24,24,0
01/20/2015 06:00:00 PM,31,31,0
01/20/2015 05:00:00 PM,27,27,0
01/20/2015 04:00:00 PM,29,28,1
01/20/2015 03:00:00 PM,32,31,1
01/20/2015 02:00:00 PM,38,38,0
01/20/2015 01:00:00 PM,41,40,1
01/20/2015 12:00:00 PM,34,34,0
01/20/2015 11:00:00 AM,24,24,0
01/20/2015 10:00:00 AM,23,23,0
01/20/2015 09:00:00 AM,34,34,0
01/20/2015 08:00:00 AM,26,26,0
01/20/2015 07:00:00 AM,15,15,0
01/20/2015 06:00:00 AM,12,12,0
01/20/2015 05:00:00 AM,2,2,0
01/20/2015 04:00:00 AM,0,0,0
01/20/2015 03:00:00 AM,2,2,0
01/20/2015 02:00:00 AM,1,1,0
01/20/2015 01:00:00 AM,0,0,0
01/20/2015 12:00:00 AM,0,0,0
01/19/2015 11:00:00 PM,4,4,0
01/19/2015 10:00:00 PM,9,9,0
01/19/2015 09:00:00 PM,15,15,0
01/19/2015 08:00:00 PM,14,14,0
01/19/2015 07:00:00 PM,23,23,0
01/19/2015 06:00:00 PM,33,33,0
01/19/2015 05:00:00 PM,27,27,0
01/19/2015 04:00:00 PM,35,35,0
01/19/2015 03:00:00 PM,36,36,0
01/19/2015 02:00:00 PM,43,43,0
01/19/2015 01:00:00 PM,44,42,2
01/19/2015 12:00:00 PM,54,54,0
01/19/2015 11:00:00 AM,37,36,1
01/19/2015 10:00:00 AM,22,21,1
01/19/2015 09:00:00 AM,14,14,0
01/19/2015 08:00:00 AM,8,8,0
01/19/2015 07:00:00 AM,7,7,0
01/19/2015 06:00:00 AM,7,7,0
01/19/2015 05:00:00 AM,2,2,0
01/19/2015 04:00:00 AM,2,2,0
01/19/2015 03:00:00 AM,1,1,0
01/19/2015 02:00:00 AM,0,0,0
01/19/2015 01:00:00 AM,0,0,0
01/19/2015 12:00:00 AM,2,2,0
01/18/2015 11:00:00 PM,2,2,0
01/18/2015 10:00:00 PM,6,6,0
01/18/2015 09:00:00 PM,14,14,0
01/18/2015 08:00:00 PM,9,9,0
01/18/2015 07:00:00 PM,15,15,0
01/18/2015 06:00:00 PM,23,23,0
01/18/2015 05:00:00 PM,14,14,0
01/18/2015 04:00:00 PM,29,29,0
01/18/2015 03:00:00 PM,21,21,0
01/18/2015 02:00:00 PM,26,26,0
01/18/2015 01:00:00 PM,29,29,0
01/18/2015 12:00:00 PM,35,35,0
01/18/2015 11:00:00 AM,54,53,1
01/18/2015 10:00:00 AM,28,28,0
01/18/2015 09:00:00 AM,26,26,0
01/18/2015 08:00:00 AM,15,14,1
01/18/2015 07:00:00 AM,4,4,0
01/18/2015 06:00:00 AM,3,3,0
01/18/2015 05:00:00 AM,1,1,0
01/18/2015 04:00:00 AM,1,1,0
01/18/2015 03:00:00 AM,0,0,0
01/18/2015 02:00:00 AM,3,3,0
01/18/2015 01:00:00 AM,4,4,0
01/18/2015 12:00:00 AM,10,10,0
01/17/2015 11:00:00 PM,7,7,0
01/17/2015 10:00:00 PM,12,12,0
01/17/2015 09:00:00 PM,19,19,0
01/17/2015 08:00:00 PM,21,21,0
01/17/2015 07:00:00 PM,25,25,0
01/17/2015 06:00:00 PM,41,41,0
01/17/2015 05:00:00 PM,37,37,0
01/17/2015 04:00:00 PM,39,39,0
01/17/2015 03:00:00 PM,54,54,0
01/17/2015 02:00:00 PM,65,64,1
01/17/2015 01:00:00 PM,63,63,0
01/17/2015 12:00:00 PM,76,76,0
01/17/2015 11:00:00 AM,58,57,1
01/17/2015 10:00:00 AM,50,50,0
01/17/2015 09:00:00 AM,34,34,0
01/17/2015 08:00:00 AM,14,14,0
01/17/2015 07:00:00 AM,6,6,0
01/17/2015 06:00:00 AM,5,5,0
01/17/2015 05:00:00 AM,3,3,0
01/17/2015 04:00:00 AM,2,2,0
01/17/2015 03:00:00 AM,0,0,0
01/17/2015 02:00:00 AM,1,1,0
01/17/2015 01:00:00 AM,5,5,0
01/17/2015 12:00:00 AM,7,7,0
01/16/2015 11:00:00 PM,14,14,0
01/16/2015 10:00:00 PM,13,13,0
01/16/2015 09:00:00 PM,29,29,0
01/16/2015 08:00:00 PM,56,50,6
01/16/2015 07:00:00 PM,56,56,0
01/16/2015 06:00:00 PM,47,47,0
01/16/2015 05:00:00 PM,47,47,0
01/16/2015 04:00:00 PM,31,31,0
01/16/2015 03:00:00 PM,42,42,0
01/16/2015 02:00:00 PM,33,33,0
01/16/2015 01:00:00 PM,40,40,0
01/16/2015 12:00:00 PM,37,36,1
01/16/2015 11:00:00 AM,43,43,0
01/16/2015 10:00:00 AM,32,32,0
01/16/2015 09:00:00 AM,24,24,0
01/16/2015 08:00:00 AM,26,26,0
01/16/2015 07:00:00 AM,17,17,0
01/16/2015 06:00:00 AM,10,10,0
01/16/2015 05:00:00 AM,3,3,0
01/16/2015 04:00:00 AM,1,1,0
01/16/2015 03:00:00 AM,2,2,0
01/16/2015 02:00:00 AM,3,3,0
01/16/2015 01:00:00 AM,1,1,0
01/16/2015 12:00:00 AM,4,4,0
01/15/2015 11:00:00 PM,2,2,0
01/15/2015 10:00:00 PM,12,12,0
01/15/2015 09:00:00 PM,26,26,0
01/15/2015 08:00:00 PM,9,8,1
01/15/2015 07:00:00 PM,30,30,0
01/15/2015 06:00:00 PM,21,21,0
01/15/2015 05:00:00 PM,24,24,0
01/15/2015 04:00:00 PM,38,37,1
01/15/2015 03:00:00 PM,34,34,0
01/15/2015 02:00:00 PM,28,28,0
01/15/2015 01:00:00 PM,25,25,0
01/15/2015 12:00:00 PM,30,29,1
01/15/2015 11:00:00 AM,28,28,0
01/15/2015 10:00:00 AM,17,17,0
01/15/2015 09:00:00 AM,25,25,0
01/15/2015 08:00:00 AM,15,15,0
01/15/2015 07:00:00 AM,15,15,0
01/15/2015 06:00:00 AM,6,6,0
01/15/2015 05:00:00 AM,5,5,0
01/15/2015 04:00:00 AM,0,0,0
01/15/2015 03:00:00 AM,1,1,0
01/15/2015 02:00:00 AM,2,2,0
01/15/2015 01:00:00 AM,0,0,0
01/15/2015 12:00:00 AM,6,6,0
01/14/2015 11:00:00 PM,5,5,0
01/14/2015 10:00:00 PM,10,10,0
01/14/2015 09:00:00 PM,16,16,0
01/14/2015 08:00:00 PM,16,16,0
01/14/2015 07:00:00 PM,31,31,0
01/14/2015 06:00:00 PM,26,25,1
01/14/2015 05:00:00 PM,28,28,0
01/14/2015 04:00:00 PM,25,25,0
01/14/2015 03:00:00 PM,20,20,0
01/14/2015 02:00:00 PM,32,32,0
01/14/2015 01:00:00 PM,31,31,0
01/14/2015 12:00:00 PM,22,21,1
01/14/2015 11:00:00 AM,13,13,0
01/14/2015 10:00:00 AM,18,18,0
01/14/2015 09:00:00 AM,22,22,0
01/14/2015 08:00:00 AM,27,26,1
01/14/2015 07:00:00 AM,20,20,0
01/14/2015 06:00:00 AM,10,10,0
01/14/2015 05:00:00 AM,4,4,0
01/14/2015 04:00:00 AM,2,2,0
01/14/2015 03:00:00 AM,2,2,0
01/14/2015 02:00:00 AM,0,0,0
01/14/2015 01:00:00 AM,0,0,0
01/14/2015 12:00:00 AM,1,1,0
01/13/2015 11:00:00 PM,4,4,0
01/13/2015 10:00:00 PM,14,14,0
01/13/2015 09:00:00 PM,14,14,0
01/13/2015 08:00:00 PM,17,17,0
01/13/2015 07:00:00 PM,21,21,0
01/13/2015 06:00:00 PM,27,27,0
01/13/2015 05:00:00 PM,43,42,1
01/13/2015 04:00:00 PM,26,26,0
01/13/2015 03:00:00 PM,34,34,0
01/13/2015 02:00:00 PM,31,31,0
01/13/2015 01:00:00 PM,23,22,1
01/13/2015 12:00:00 PM,29,29,0
01/13/2015 11:00:00 AM,30,29,1
01/13/2015 10:00:00 AM,27,27,0
01/13/2015 09:00:00 AM,28,28,0
01/13/2015 08:00:00 AM,25,25,0
01/13/2015 07:00:00 AM,24,24,0
01/13/2015 06:00:00 AM,6,6,0
01/13/2015 05:00:00 AM,1,1,0
01/13/2015 04:00:00 AM,0,0,0
01/13/2015 03:00:00 AM,2,2,0
01/13/2015 02:00:00 AM,3,3,0
01/13/2015 01:00:00 AM,3,3,0
01/13/2015 12:00:00 AM,4,4,0
01/12/2015 11:00:00 PM,4,4,0
01/12/2015 10:00:00 PM,9,9,0
01/12/2015 09:00:00 PM,17,17,0
01/12/2015 08:00:00 PM,8,8,0
01/12/2015 07:00:00 PM,20,20,0
01/12/2015 06:00:00 PM,27,27,0
01/12/2015 05:00:00 PM,28,27,1
01/12/2015 04:00:00 PM,34,34,0
01/12/2015 03:00:00 PM,39,39,0
01/12/2015 02:00:00 PM,35,35,0
01/12/2015 01:00:00 PM,35,35,0
01/12/2015 12:00:00 PM,23,23,0
01/12/2015 11:00:00 AM,14,13,1
01/12/2015 10:00:00 AM,15,15,0
01/12/2015 09:00:00 AM,21,21,0
01/12/2015 08:00:00 AM,20,20,0
01/12/2015 07:00:00 AM,21,21,0
01/12/2015 06:00:00 AM,7,7,0
01/12/2015 05:00:00 AM,2,2,0
01/12/2015 04:00:00 AM,0,0,0
01/12/2015 03:00:00 AM,0,0,0
01/12/2015 02:00:00 AM,3,3,0
01/12/2015 01:00:00 AM,0,0,0
01/12/2015 12:00:00 AM,0,0,0
01/11/2015 11:00:00 PM,2,2,0
01/11/2015 10:00:00 PM,6,6,0
01/11/2015 09:00:00 PM,11,11,0
01/11/2015 08:00:00 PM,12,12,0
01/11/2015 07:00:00 PM,16,16,0
01/11/2015 06:00:00 PM,22,22,0
01/11/2015 05:00:00 PM,35,34,1
01/11/2015 04:00:00 PM,40,40,0
01/11/2015 03:00:00 PM,30,30,0
01/11/2015 02:00:00 PM,45,44,1
01/11/2015 01:00:00 PM,64,64,0
01/11/2015 12:00:00 PM,62,62,0
01/11/2015 11:00:00 AM,39,39,0
01/11/2015 10:00:00 AM,31,31,0
01/11/2015 09:00:00 AM,16,16,0
01/11/2015 08:00:00 AM,10,10,0
01/11/2015 07:00:00 AM,7,7,0
01/11/2015 06:00:00 AM,4,4,0
01/11/2015 05:00:00 AM,0,0,0
01/11/2015 04:00:00 AM,2,2,0
01/11/2015 03:00:00 AM,0,0,0
01/11/2015 02:00:00 AM,5,5,0
01/11/2015 01:00:00 AM,8,8,0
01/11/2015 12:00:00 AM,6,6,0
01/10/2015 11:00:00 PM,9,9,0
01/10/2015 10:00:00 PM,5,5,0
01/10/2015 09:00:00 PM,21,21,0
01/10/2015 08:00:00 PM,23,23,0
01/10/2015 07:00:00 PM,12,12,0
01/10/2015 06:00:00 PM,16,16,0
01/10/2015 05:00:00 PM,29,29,0
01/10/2015 04:00:00 PM,36,36,0
01/10/2015 03:00:00 PM,40,40,0
01/10/2015 02:00:00 PM,36,36,0
01/10/2015 01:00:00 PM,50,48,2
01/10/2015 12:00:00 PM,42,40,2
01/10/2015 11:00:00 AM,35,33,2
01/10/2015 10:00:00 AM,22,22,0
01/10/2015 09:00:00 AM,21,21,0
01/10/2015 08:00:00 AM,9,9,0
01/10/2015 07:00:00 AM,3,3,0
01/10/2015 06:00:00 AM,4,4,0
01/10/2015 05:00:00 AM,1,1,0
01/10/2015 04:00:00 AM,0,0,0
01/10/2015 03:00:00 AM,3,3,0
01/10/2015 02:00:00 AM,2,2,0
01/10/2015 01:00:00 AM,4,4,0
01/10/2015 12:00:00 AM,7,7,0
01/09/2015 11:00:00 PM,8,8,0
01/09/2015 10:00:00 PM,9,9,0
01/09/2015 09:00:00 PM,11,11,0
01/09/2015 08:00:00 PM,21,20,1
01/09/2015 07:00:00 PM,33,33,0
01/09/2015 06:00:00 PM,34,34,0
01/09/2015 05:00:00 PM,40,40,0
01/09/2015 04:00:00 PM,31,31,0
01/09/2015 03:00:00 PM,24,24,0
01/09/2015 02:00:00 PM,37,36,1
01/09/2015 01:00:00 PM,18,18,0
01/09/2015 12:00:00 PM,19,19,0
01/09/2015 11:00:00 AM,23,23,0
01/09/2015 10:00:00 AM,14,14,0
01/09/2015 09:00:00 AM,20,20,0
01/09/2015 08:00:00 AM,15,15,0
01/09/2015 07:00:00 AM,12,12,0
01/09/2015 06:00:00 AM,10,9,1
01/09/2015 05:00:00 AM,4,4,0
01/09/2015 04:00:00 AM,1,1,0
01/09/2015 03:00:00 AM,1,1,0
01/09/2015 02:00:00 AM,1,1,0
01/09/2015 01:00:00 AM,1,1,0
01/09/2015 12:00:00 AM,4,4,0
01/08/2015 11:00:00 PM,2,2,0
01/08/2015 10:00:00 PM,14,14,0
01/08/2015 09:00:00 PM,17,17,0
01/08/2015 08:00:00 PM,20,20,0
01/08/2015 07:00:00 PM,17,17,0
01/08/2015 06:00:00 PM,29,28,1
01/08/2015 05:00:00 PM,23,23,0
01/08/2015 04:00:00 PM,41,41,0
01/08/2015 03:00:00 PM,40,39,1
01/08/2015 02:00:00 PM,26,25,1
01/08/2015 01:00:00 PM,24,24,0
01/08/2015 12:00:00 PM,22,22,0
01/08/2015 11:00:00 AM,18,18,0
01/08/2015 10:00:00 AM,22,22,0
01/08/2015 09:00:00 AM,18,18,0
01/08/2015 08:00:00 AM,34,34,0
01/08/2015 07:00:00 AM,14,13,1
01/08/2015 06:00:00 AM,0,0,0
01/08/2015 05:00:00 AM,0,0,0
01/08/2015 04:00:00 AM,0,0,0
01/08/2015 03:00:00 AM,0,0,0
01/08/2015 02:00:00 AM,0,0,0
01/08/2015 01:00:00 AM,0,0,0
01/08/2015 12:00:00 AM,0,0,0
01/07/2015 11:00:00 PM,0,0,0
01/07/2015 10:00:00 PM,0,0,0
01/07/2015 09:00:00 PM,0,0,0
01/07/2015 08:00:00 PM,0,0,0
01/07/2015 07:00:00 PM,0,0,0
01/07/2015 06:00:00 PM,0,0,0
01/07/2015 05:00:00 PM,15,15,0
01/07/2015 04:00:00 PM,44,44,0
01/07/2015 03:00:00 PM,33,33,0
01/07/2015 02:00:00 PM,36,36,0
01/07/2015 01:00:00 PM,27,27,0
01/07/2015 12:00:00 PM,37,37,0
01/07/2015 11:00:00 AM,27,26,1
01/07/2015 10:00:00 AM,28,28,0
01/07/2015 09:00:00 AM,36,36,0
01/07/2015 08:00:00 AM,29,28,1
01/07/2015 07:00:00 AM,33,32,1
01/07/2015 06:00:00 AM,13,13,0
01/07/2015 05:00:00 AM,3,3,0
01/07/2015 04:00:00 AM,0,0,0
01/07/2015 03:00:00 AM,1,1,0
01/07/2015 02:00:00 AM,2,2,0
01/07/2015 01:00:00 AM,0,0,0
01/07/2015 12:00:00 AM,2,2,0
01/06/2015 11:00:00 PM,2,2,0
01/06/2015 10:00:00 PM,9,9,0
01/06/2015 09:00:00 PM,8,8,0
01/06/2015 08:00:00 PM,22,22,0
01/06/2015 07:00:00 PM,28,28,0
01/06/2015 06:00:00 PM,24,24,0
01/06/2015 05:00:00 PM,21,21,0
01/06/2015 04:00:00 PM,47,47,0
01/06/2015 03:00:00 PM,48,48,0
01/06/2015 02:00:00 PM,45,45,0
01/06/2015 01:00:00 PM,46,46,0
01/06/2015 12:00:00 PM,36,36,0
01/06/2015 11:00:00 AM,41,41,0
01/06/2015 10:00:00 AM,29,28,1
01/06/2015 09:00:00 AM,42,42,0
01/06/2015 08:00:00 AM,41,41,0
01/06/2015 07:00:00 AM,24,24,0
01/06/2015 06:00:00 AM,8,8,0
01/06/2015 05:00:00 AM,4,4,0
01/06/2015 04:00:00 AM,1,1,0
01/06/2015 03:00:00 AM,0,0,0
01/06/2015 02:00:00 AM,2,2,0
01/06/2015 01:00:00 AM,0,0,0
01/06/2015 12:00:00 AM,2,2,0
01/05/2015 11:00:00 PM,9,9,0
01/05/2015 10:00:00 PM,2,2,0
01/05/2015 09:00:00 PM,17,17,0
01/05/2015 08:00:00 PM,12,12,0
01/05/2015 07:00:00 PM,23,23,0
01/05/2015 06:00:00 PM,47,47,0
01/05/2015 05:00:00 PM,37,37,0
01/05/2015 04:00:00 PM,35,35,0
01/05/2015 03:00:00 PM,38,38,0
01/05/2015 02:00:00 PM,38,36,2
01/05/2015 01:00:00 PM,27,27,0
01/05/2015 12:00:00 PM,28,26,2
01/05/2015 11:00:00 AM,26,26,0
01/05/2015 10:00:00 AM,19,19,0
01/05/2015 09:00:00 AM,26,24,2
01/05/2015 08:00:00 AM,21,21,0
01/05/2015 07:00:00 AM,16,16,0
01/05/2015 06:00:00 AM,7,5,2
01/05/2015 05:00:00 AM,6,6,0
01/05/2015 04:00:00 AM,0,0,0
01/05/2015 03:00:00 AM,1,1,0
01/05/2015 02:00:00 AM,0,0,0
01/05/2015 01:00:00 AM,1,1,0
01/05/2015 12:00:00 AM,0,0,0
01/04/2015 11:00:00 PM,0,0,0
01/04/2015 10:00:00 PM,12,12,0
01/04/2015 09:00:00 PM,9,9,0
01/04/2015 08:00:00 PM,9,9,0
01/04/2015 07:00:00 PM,12,12,0
01/04/2015 06:00:00 PM,11,10,1
01/04/2015 05:00:00 PM,22,22,0
01/04/2015 04:00:00 PM,21,21,0
01/04/2015 03:00:00 PM,20,20,0
01/04/2015 02:00:00 PM,20,19,1
01/04/2015 01:00:00 PM,43,43,0
01/04/2015 12:00:00 PM,42,42,0
01/04/2015 11:00:00 AM,22,22,0
01/04/2015 10:00:00 AM,12,12,0
01/04/2015 09:00:00 AM,15,15,0
01/04/2015 08:00:00 AM,8,7,1
01/04/2015 07:00:00 AM,4,4,0
01/04/2015 06:00:00 AM,5,5,0
01/04/2015 05:00:00 AM,0,0,0
01/04/2015 04:00:00 AM,2,2,0
01/04/2015 03:00:00 AM,1,1,0
01/04/2015 02:00:00 AM,4,4,0
01/04/2015 01:00:00 AM,6,6,0
01/04/2015 12:00:00 AM,3,3,0
01/03/2015 11:00:00 PM,8,8,0
01/03/2015 10:00:00 PM,7,7,0
01/03/2015 09:00:00 PM,17,17,0
01/03/2015 08:00:00 PM,14,14,0
01/03/2015 07:00:00 PM,28,28,0
01/03/2015 06:00:00 PM,27,27,0
01/03/2015 05:00:00 PM,29,28,1
01/03/2015 04:00:00 PM,20,20,0
01/03/2015 03:00:00 PM,26,26,0
01/03/2015 02:00:00 PM,41,41,0
01/03/2015 01:00:00 PM,45,44,1
01/03/2015 12:00:00 PM,25,25,0
01/03/2015 11:00:00 AM,24,23,1
01/03/2015 10:00:00 AM,18,17,1
01/03/2015 09:00:00 AM,15,15,0
01/03/2015 08:00:00 AM,7,7,0
01/03/2015 07:00:00 AM,10,10,0
01/03/2015 06:00:00 AM,3,3,0
01/03/2015 05:00:00 AM,0,0,0
01/03/2015 04:00:00 AM,1,1,0
01/03/2015 03:00:00 AM,2,2,0
01/03/2015 02:00:00 AM,1,1,0
01/03/2015 01:00:00 AM,4,4,0
01/03/2015 12:00:00 AM,3,3,0
01/02/2015 11:00:00 PM,10,5,5
01/02/2015 10:00:00 PM,10,10,0
01/02/2015 09:00:00 PM,20,19,1
01/02/2015 08:00:00 PM,19,19,0
01/02/2015 07:00:00 PM,16,16,0
01/02/2015 06:00:00 PM,17,17,0
01/02/2015 05:00:00 PM,24,23,1
01/02/2015 04:00:00 PM,30,28,2
01/02/2015 03:00:00 PM,35,35,0
01/02/2015 02:00:00 PM,39,39,0
01/02/2015 01:00:00 PM,44,44,0
01/02/2015 12:00:00 PM,42,40,2
01/02/2015 11:00:00 AM,51,51,0
01/02/2015 10:00:00 AM,22,22,0
01/02/2015 09:00:00 AM,17,16,1
01/02/2015 08:00:00 AM,0,0,0
01/02/2015 07:00:00 AM,0,0,0
01/02/2015 06:00:00 AM,0,0,0
01/02/2015 05:00:00 AM,0,0,0
01/02/2015 04:00:00 AM,0,0,0
01/02/2015 03:00:00 AM,0,0,0
01/02/2015 02:00:00 AM,0,0,0
01/02/2015 01:00:00 AM,0,0,0
01/02/2015 12:00:00 AM,0,0,0
01/01/2015 11:00:00 PM,0,0,0
01/01/2015 10:00:00 PM,0,0,0
01/01/2015 09:00:00 PM,0,0,0
01/01/2015 08:00:00 PM,0,0,0
01/01/2015 07:00:00 PM,0,0,0
01/01/2015 06:00:00 PM,2,2,0
01/01/2015 05:00:00 PM,18,18,0
01/01/2015 04:00:00 PM,16,16,0
01/01/2015 03:00:00 PM,23,22,1
01/01/2015 02:00:00 PM,16,16,0
01/01/2015 01:00:00 PM,9,9,0
01/01/2015 12:00:00 PM,0,0,0
01/01/2015 11:00:00 AM,0,0,0
01/01/2015 10:00:00 AM,0,0,0
01/01/2015 09:00:00 AM,0,0,0
01/01/2015 08:00:00 AM,0,0,0
01/01/2015 07:00:00 AM,0,0,0
01/01/2015 06:00:00 AM,0,0,0
01/01/2015 05:00:00 AM,0,0,0
01/01/2015 04:00:00 AM,0,0,0
01/01/2015 03:00:00 AM,0,0,0
01/01/2015 02:00:00 AM,0,0,0
01/01/2015 01:00:00 AM,0,0,0
01/01/2015 12:00:00 AM,0,0,0
12/31/2014 11:00:00 PM,0,0,0
12/31/2014 10:00:00 PM,0,0,0
12/31/2014 09:00:00 PM,0,0,0
12/31/2014 08:00:00 PM,0,0,0
12/31/2014 07:00:00 PM,0,0,0
12/31/2014 06:00:00 PM,0,0,0
12/31/2014 05:00:00 PM,0,0,0
12/31/2014 04:00:00 PM,0,0,0
12/31/2014 03:00:00 PM,1,1,0
12/31/2014 02:00:00 PM,1,1,0
12/31/2014 01:00:00 PM,0,0,0
12/31/2014 12:00:00 PM,0,0,0
12/31/2014 11:00:00 AM,0,0,0
12/31/2014 10:00:00 AM,0,0,0
12/31/2014 09:00:00 AM,1,1,0
12/31/2014 08:00:00 AM,0,0,0
12/31/2014 07:00:00 AM,0,0,0
12/31/2014 06:00:00 AM,0,0,0
12/31/2014 05:00:00 AM,0,0,0
12/31/2014 04:00:00 AM,0,0,0
12/31/2014 03:00:00 AM,0,0,0
12/31/2014 02:00:00 AM,0,0,0
12/31/2014 01:00:00 AM,0,0,0
12/31/2014 12:00:00 AM,0,0,0
12/30/2014 11:00:00 PM,0,0,0
12/30/2014 10:00:00 PM,0,0,0
12/30/2014 09:00:00 PM,0,0,0
12/30/2014 08:00:00 PM,0,0,0
12/30/2014 07:00:00 PM,0,0,0
12/30/2014 06:00:00 PM,0,0,0
12/30/2014 05:00:00 PM,0,0,0
12/30/2014 04:00:00 PM,0,0,0
12/30/2014 03:00:00 PM,0,0,0
12/30/2014 02:00:00 PM,0,0,0
12/30/2014 01:00:00 PM,0,0,0
12/30/2014 12:00:00 PM,0,0,0
12/30/2014 11:00:00 AM,0,0,0
12/30/2014 10:00:00 AM,0,0,0
12/30/2014 09:00:00 AM,0,0,0
12/30/2014 08:00:00 AM,0,0,0
12/30/2014 07:00:00 AM,0,0,0
12/30/2014 06:00:00 AM,0,0,0
12/30/2014 05:00:00 AM,0,0,0
12/30/2014 04:00:00 AM,0,0,0
12/30/2014 03:00:00 AM,0,0,0
12/30/2014 02:00:00 AM,0,0,0
12/30/2014 01:00:00 AM,1,1,0
12/30/2014 12:00:00 AM,2,2,0
12/29/2014 11:00:00 PM,4,4,0
12/29/2014 10:00:00 PM,3,3,0
12/29/2014 09:00:00 PM,8,8,0
12/29/2014 08:00:00 PM,11,11,0
12/29/2014 07:00:00 PM,7,7,0
12/29/2014 06:00:00 PM,19,17,2
12/29/2014 05:00:00 PM,15,15,0
12/29/2014 04:00:00 PM,22,22,0
12/29/2014 03:00:00 PM,24,24,0
12/29/2014 02:00:00 PM,23,23,0
12/29/2014 01:00:00 PM,36,32,4
12/29/2014 12:00:00 PM,26,25,1
12/29/2014 11:00:00 AM,18,18,0
12/29/2014 10:00:00 AM,20,16,4
12/29/2014 09:00:00 AM,25,25,0
12/29/2014 08:00:00 AM,7,7,0
12/29/2014 07:00:00 AM,14,11,3
12/29/2014 06:00:00 AM,4,4,0
12/29/2014 05:00:00 AM,0,0,0
12/29/2014 04:00:00 AM,0,0,0
12/29/2014 03:00:00 AM,1,1,0
12/29/2014 02:00:00 AM,1,1,0
12/29/2014 01:00:00 AM,3,3,0
12/29/2014 12:00:00 AM,4,4,0
12/28/2014 11:00:00 PM,4,4,0
12/28/2014 10:00:00 PM,4,3,1
12/28/2014 09:00:00 PM,5,5,0
12/28/2014 08:00:00 PM,3,3,0
12/28/2014 07:00:00 PM,12,12,0
12/28/2014 06:00:00 PM,11,11,0
12/28/2014 05:00:00 PM,19,16,3
12/28/2014 04:00:00 PM,8,8,0
12/28/2014 03:00:00 PM,12,12,0
12/28/2014 02:00:00 PM,13,13,0
12/28/2014 01:00:00 PM,24,23,1
12/28/2014 12:00:00 PM,30,26,4
12/28/2014 11:00:00 AM,26,23,3
12/28/2014 10:00:00 AM,13,13,0
12/28/2014 09:00:00 AM,16,16,0
12/28/2014 08:00:00 AM,3,3,0
12/28/2014 07:00:00 AM,2,2,0
12/28/2014 06:00:00 AM,1,1,0
12/28/2014 05:00:00 AM,0,0,0
12/28/2014 04:00:00 AM,0,0,0
12/28/2014 03:00:00 AM,0,0,0
12/28/2014 02:00:00 AM,5,5,0
12/28/2014 01:00:00 AM,3,3,0
12/28/2014 12:00:00 AM,2,2,0
12/27/2014 11:00:00 PM,0,0,0
12/27/2014 10:00:00 PM,9,9,0
12/27/2014 09:00:00 PM,10,10,0
12/27/2014 08:00:00 PM,12,12,0
12/27/2014 07:00:00 PM,19,14,5
12/27/2014 06:00:00 PM,19,19,0
12/27/2014 05:00:00 PM,21,21,0
12/27/2014 04:00:00 PM,16,15,1
12/27/2014 03:00:00 PM,23,23,0
12/27/2014 02:00:00 PM,21,21,0
12/27/2014 01:00:00 PM,24,24,0
12/27/2014 12:00:00 PM,36,36,0
12/27/2014 11:00:00 AM,21,21,0
12/27/2014 10:00:00 AM,18,17,1
12/27/2014 09:00:00 AM,16,16,0
12/27/2014 08:00:00 AM,7,7,0
12/27/2014 07:00:00 AM,2,2,0
12/27/2014 06:00:00 AM,3,3,0
12/27/2014 05:00:00 AM,1,1,0
12/27/2014 04:00:00 AM,2,2,0
12/27/2014 03:00:00 AM,1,1,0
12/27/2014 02:00:00 AM,2,2,0
12/27/2014 01:00:00 AM,3,3,0
12/27/2014 12:00:00 AM,3,3,0
12/26/2014 11:00:00 PM,4,4,0
12/26/2014 10:00:00 PM,7,7,0
12/26/2014 09:00:00 PM,10,10,0
12/26/2014 08:00:00 PM,16,13,3
12/26/2014 07:00:00 PM,19,19,0
12/26/2014 06:00:00 PM,15,15,0
12/26/2014 05:00:00 PM,25,25,0
12/26/2014 04:00:00 PM,24,24,0
12/26/2014 03:00:00 PM,24,24,0
12/26/2014 02:00:00 PM,24,23,1
12/26/2014 01:00:00 PM,18,18,0
12/26/2014 12:00:00 PM,24,22,2
12/26/2014 11:00:00 AM,21,18,3
12/26/2014 10:00:00 AM,19,19,0
12/26/2014 09:00:00 AM,11,11,0
12/26/2014 08:00:00 AM,6,6,0
12/26/2014 07:00:00 AM,3,3,0
12/26/2014 06:00:00 AM,4,4,0
12/26/2014 05:00:00 AM,3,3,0
12/26/2014 04:00:00 AM,0,0,0
12/26/2014 03:00:00 AM,1,1,0
12/26/2014 02:00:00 AM,1,1,0
12/26/2014 01:00:00 AM,0,0,0
12/26/2014 12:00:00 AM,0,0,0
12/25/2014 11:00:00 PM,3,3,0
12/25/2014 10:00:00 PM,1,1,0
12/25/2014 09:00:00 PM,4,4,0
12/25/2014 08:00:00 PM,1,1,0
12/25/2014 07:00:00 PM,7,7,0
12/25/2014 06:00:00 PM,7,5,2
12/25/2014 05:00:00 PM,4,4,0
12/25/2014 04:00:00 PM,7,7,0
12/25/2014 03:00:00 PM,24,23,1
12/25/2014 02:00:00 PM,10,10,0
12/25/2014 01:00:00 PM,15,15,0
12/25/2014 12:00:00 PM,9,8,1
12/25/2014 11:00:00 AM,12,12,0
12/25/2014 10:00:00 AM,8,8,0
12/25/2014 09:00:00 AM,8,8,0
12/25/2014 08:00:00 AM,4,4,0
12/25/2014 07:00:00 AM,1,1,0
12/25/2014 06:00:00 AM,2,2,0
12/25/2014 05:00:00 AM,0,0,0
12/25/2014 04:00:00 AM,2,2,0
12/25/2014 03:00:00 AM,0,0,0
12/25/2014 02:00:00 AM,0,0,0
12/25/2014 01:00:00 AM,3,3,0
12/25/2014 12:00:00 AM,2,2,0
12/24/2014 11:00:00 PM,5,5,0
12/24/2014 10:00:00 PM,7,7,0
12/24/2014 09:00:00 PM,4,4,0
12/24/2014 08:00:00 PM,8,8,0
12/24/2014 07:00:00 PM,16,14,2
12/24/2014 06:00:00 PM,12,12,0
12/24/2014 05:00:00 PM,13,13,0
12/24/2014 04:00:00 PM,20,20,0
12/24/2014 03:00:00 PM,26,26,0
12/24/2014 02:00:00 PM,33,33,0
12/24/2014 01:00:00 PM,28,28,0
12/24/2014 12:00:00 PM,37,37,0
12/24/2014 11:00:00 AM,38,38,0
12/24/2014 10:00:00 AM,17,17,0
12/24/2014 09:00:00 AM,22,22,0
12/24/2014 08:00:00 AM,15,15,0
12/24/2014 07:00:00 AM,8,8,0
12/24/2014 06:00:00 AM,6,6,0
12/24/2014 05:00:00 AM,6,6,0
12/24/2014 04:00:00 AM,0,0,0
12/24/2014 03:00:00 AM,2,2,0
12/24/2014 02:00:00 AM,0,0,0
12/24/2014 01:00:00 AM,1,1,0
12/24/2014 12:00:00 AM,2,2,0
12/23/2014 11:00:00 PM,4,4,0
12/23/2014 10:00:00 PM,12,9,3
12/23/2014 09:00:00 PM,10,10,0
12/23/2014 08:00:00 PM,18,16,2
12/23/2014 07:00:00 PM,22,22,0
12/23/2014 06:00:00 PM,31,31,0
12/23/2014 05:00:00 PM,28,25,3
12/23/2014 04:00:00 PM,31,30,1
12/23/2014 03:00:00 PM,26,21,5
12/23/2014 02:00:00 PM,36,36,0
12/23/2014 01:00:00 PM,46,44,2
12/23/2014 12:00:00 PM,41,38,3
12/23/2014 11:00:00 AM,33,31,2
12/23/2014 10:00:00 AM,26,23,3
12/23/2014 09:00:00 AM,16,16,0
12/23/2014 08:00:00 AM,19,19,0
12/23/2014 07:00:00 AM,12,11,1
12/23/2014 06:00:00 AM,7,7,0
12/23/2014 05:00:00 AM,4,2,2
12/23/2014 04:00:00 AM,2,2,0
12/23/2014 03:00:00 AM,1,1,0
12/23/2014 02:00:00 AM,1,1,0
12/23/2014 01:00:00 AM,0,0,0
12/23/2014 12:00:00 AM,2,2,0
12/22/2014 11:00:00 PM,1,1,0
12/22/2014 10:00:00 PM,12,12,0
12/22/2014 09:00:00 PM,6,6,0
12/22/2014 08:00:00 PM,24,23,1
12/22/2014 07:00:00 PM,21,21,0
12/22/2014 06:00:00 PM,22,22,0
12/22/2014 05:00:00 PM,36,35,1
12/22/2014 04:00:00 PM,32,31,1
12/22/2014 03:00:00 PM,29,27,2
12/22/2014 02:00:00 PM,37,35,2
12/22/2014 01:00:00 PM,35,35,0
12/22/2014 12:00:00 PM,51,50,1
12/22/2014 11:00:00 AM,37,36,1
12/22/2014 10:00:00 AM,34,29,5
12/22/2014 09:00:00 AM,22,21,1
12/22/2014 08:00:00 AM,39,39,0
12/22/2014 07:00:00 AM,14,14,0
12/22/2014 06:00:00 AM,10,10,0
12/22/2014 05:00:00 AM,0,0,0
12/22/2014 04:00:00 AM,1,1,0
12/22/2014 03:00:00 AM,0,0,0
12/22/2014 02:00:00 AM,1,1,0
12/22/2014 01:00:00 AM,2,2,0
12/22/2014 12:00:00 AM,3,3,0
12/21/2014 11:00:00 PM,4,4,0
12/21/2014 10:00:00 PM,5,5,0
12/21/2014 09:00:00 PM,25,25,0
12/21/2014 08:00:00 PM,8,8,0
12/21/2014 07:00:00 PM,10,10,0
12/21/2014 06:00:00 PM,11,11,0
12/21/2014 05:00:00 PM,34,34,0
12/21/2014 04:00:00 PM,55,54,1
12/21/2014 03:00:00 PM,30,28,2
12/21/2014 02:00:00 PM,54,54,0
12/21/2014 01:00:00 PM,58,56,2
12/21/2014 12:00:00 PM,52,51,1
12/21/2014 11:00:00 AM,50,48,2
12/21/2014 10:00:00 AM,19,19,0
12/21/2014 09:00:00 AM,16,16,0
12/21/2014 08:00:00 AM,5,5,0
12/21/2014 07:00:00 AM,5,5,0
12/21/2014 06:00:00 AM,4,4,0
12/21/2014 05:00:00 AM,0,0,0
12/21/2014 04:00:00 AM,0,0,0
12/21/2014 03:00:00 AM,6,6,0
12/21/2014 02:00:00 AM,4,4,0
12/21/2014 01:00:00 AM,2,2,0
12/21/2014 12:00:00 AM,7,7,0
12/20/2014 11:00:00 PM,10,8,2
12/20/2014 10:00:00 PM,11,11,0
12/20/2014 09:00:00 PM,17,17,0
12/20/2014 08:00:00 PM,17,17,0
12/20/2014 07:00:00 PM,28,27,1
12/20/2014 06:00:00 PM,26,24,2
12/20/2014 05:00:00 PM,15,13,2
12/20/2014 04:00:00 PM,31,28,3
12/20/2014 03:00:00 PM,35,34,1
12/20/2014 02:00:00 PM,39,38,1
12/20/2014 01:00:00 PM,48,43,5
12/20/2014 12:00:00 PM,41,39,2
12/20/2014 11:00:00 AM,29,29,0
12/20/2014 10:00:00 AM,27,24,3
12/20/2014 09:00:00 AM,10,9,1
12/20/2014 08:00:00 AM,8,7,1
12/20/2014 07:00:00 AM,4,4,0
12/20/2014 06:00:00 AM,2,2,0
12/20/2014 05:00:00 AM,0,0,0
12/20/2014 04:00:00 AM,0,0,0
12/20/2014 03:00:00 AM,0,0,0
12/20/2014 02:00:00 AM,1,0,1
12/20/2014 01:00:00 AM,3,2,1
12/20/2014 12:00:00 AM,2,2,0
12/19/2014 11:00:00 PM,5,5,0
12/19/2014 10:00:00 PM,3,3,0
12/19/2014 09:00:00 PM,6,6,0
12/19/2014 08:00:00 PM,15,13,2
12/19/2014 07:00:00 PM,19,18,1
12/19/2014 06:00:00 PM,23,20,3
12/19/2014 05:00:00 PM,30,20,10
12/19/2014 04:00:00 PM,19,11,8
12/19/2014 03:00:00 PM,18,16,2
12/19/2014 02:00:00 PM,9,7,2
12/19/2014 01:00:00 PM,19,19,0
12/19/2014 12:00:00 PM,19,18,1
12/19/2014 11:00:00 AM,16,14,2
12/19/2014 10:00:00 AM,8,8,0
12/19/2014 09:00:00 AM,8,7,1
12/19/2014 08:00:00 AM,7,6,1
12/19/2014 07:00:00 AM,7,6,1
12/19/2014 06:00:00 AM,5,0,5
12/19/2014 05:00:00 AM,3,2,1
12/19/2014 04:00:00 AM,2,0,2
12/19/2014 03:00:00 AM,1,0,1
12/19/2014 02:00:00 AM,0,0,0
12/19/2014 01:00:00 AM,4,4,0
12/19/2014 12:00:00 AM,2,0,2
12/18/2014 11:00:00 PM,8,6,2
12/18/2014 10:00:00 PM,16,12,4
12/18/2014 09:00:00 PM,10,7,3
12/18/2014 08:00:00 PM,43,40,3
12/18/2014 07:00:00 PM,45,29,16
12/18/2014 06:00:00 PM,43,29,14
12/18/2014 05:00:00 PM,39,32,7
12/18/2014 04:00:00 PM,48,36,12
12/18/2014 03:00:00 PM,55,42,13
12/18/2014 02:00:00 PM,53,33,20
12/18/2014 01:00:00 PM,44,36,8
12/18/2014 12:00:00 PM,55,37,18
12/18/2014 11:00:00 AM,63,49,14
12/18/2014 10:00:00 AM,49,35,14
12/18/2014 09:00:00 AM,45,37,8
12/18/2014 08:00:00 AM,38,34,4
12/18/2014 07:00:00 AM,29,24,5
12/18/2014 06:00:00 AM,12,10,2
12/18/2014 05:00:00 AM,9,5,4
12/18/2014 04:00:00 AM,0,0,0
12/18/2014 03:00:00 AM,2,2,0
12/18/2014 02:00:00 AM,3,3,0
12/18/2014 01:00:00 AM,0,0,0
12/18/2014 12:00:00 AM,2,2,0
12/17/2014 11:00:00 PM,2,1,1
12/17/2014 10:00:00 PM,14,12,2
12/17/2014 09:00:00 PM,24,22,2
12/17/2014 08:00:00 PM,25,24,1
12/17/2014 07:00:00 PM,30,22,8
12/17/2014 06:00:00 PM,51,35,16
12/17/2014 05:00:00 PM,53,31,22
12/17/2014 04:00:00 PM,39,26,13
12/17/2014 03:00:00 PM,49,33,16
12/17/2014 02:00:00 PM,69,46,23
12/17/2014 01:00:00 PM,70,50,20
12/17/2014 12:00:00 PM,61,37,24
12/17/2014 11:00:00 AM,28,21,7
12/17/2014 10:00:00 AM,38,27,11
12/17/2014 09:00:00 AM,53,39,14
12/17/2014 08:00:00 AM,54,42,12
12/17/2014 07:00:00 AM,25,21,4
12/17/2014 06:00:00 AM,12,10,2
12/17/2014 05:00:00 AM,0,0,0
12/17/2014 04:00:00 AM,0,0,0
12/17/2014 03:00:00 AM,0,0,0
12/17/2014 02:00:00 AM,2,2,0
12/17/2014 01:00:00 AM,1,0,1
12/17/2014 12:00:00 AM,3,3,0
12/16/2014 11:00:00 PM,4,4,0
12/16/2014 10:00:00 PM,10,10,0
12/16/2014 09:00:00 PM,23,22,1
12/16/2014 08:00:00 PM,19,17,2
12/16/2014 07:00:00 PM,47,23,24
12/16/2014 06:00:00 PM,29,18,11
12/16/2014 05:00:00 PM,58,44,14
12/16/2014 04:00:00 PM,55,47,8
12/16/2014 03:00:00 PM,47,40,7
12/16/2014 02:00:00 PM,63,47,16
12/16/2014 01:00:00 PM,62,40,22
12/16/2014 12:00:00 PM,50,37,13
12/16/2014 11:00:00 AM,28,19,9
12/16/2014 10:00:00 AM,42,31,11
12/16/2014 09:00:00 AM,57,44,13
12/16/2014 08:00:00 AM,46,37,9
12/16/2014 07:00:00 AM,23,20,3
12/16/2014 06:00:00 AM,10,8,2
12/16/2014 05:00:00 AM,6,4,2
12/16/2014 04:00:00 AM,2,2,0
12/16/2014 03:00:00 AM,2,2,0
12/16/2014 02:00:00 AM,4,4,0
12/16/2014 01:00:00 AM,4,3,1
12/16/2014 12:00:00 AM,7,4,3
12/15/2014 11:00:00 PM,7,5,2
12/15/2014 10:00:00 PM,7,7,0
12/15/2014 09:00:00 PM,20,19,1
12/15/2014 08:00:00 PM,17,14,3
12/15/2014 07:00:00 PM,32,26,6
12/15/2014 06:00:00 PM,36,22,14
12/15/2014 05:00:00 PM,43,26,17
12/15/2014 04:00:00 PM,38,27,11
12/15/2014 03:00:00 PM,53,47,6
12/15/2014 02:00:00 PM,40,30,10
12/15/2014 01:00:00 PM,45,37,8
12/15/2014 12:00:00 PM,42,31,11
12/15/2014 11:00:00 AM,49,30,19
12/15/2014 10:00:00 AM,40,27,13
12/15/2014 09:00:00 AM,59,41,18
12/15/2014 08:00:00 AM,37,32,5
12/15/2014 07:00:00 AM,23,21,2
12/15/2014 06:00:00 AM,20,16,4
12/15/2014 05:00:00 AM,0,0,0
12/15/2014 04:00:00 AM,0,0,0
12/15/2014 03:00:00 AM,2,2,0
12/15/2014 02:00:00 AM,2,1,1
12/15/2014 01:00:00 AM,2,2,0
12/15/2014 12:00:00 AM,2,2,0
12/14/2014 11:00:00 PM,4,3,1
12/14/2014 10:00:00 PM,4,3,1
12/14/2014 09:00:00 PM,10,9,1
12/14/2014 08:00:00 PM,12,10,2
12/14/2014 07:00:00 PM,14,9,5
12/14/2014 06:00:00 PM,37,29,8
12/14/2014 05:00:00 PM,36,35,1
12/14/2014 04:00:00 PM,57,45,12
12/14/2014 03:00:00 PM,26,16,10
12/14/2014 02:00:00 PM,50,41,9
12/14/2014 01:00:00 PM,84,70,14
12/14/2014 12:00:00 PM,80,57,23
12/14/2014 11:00:00 AM,75,53,22
12/14/2014 10:00:00 AM,26,24,2
12/14/2014 09:00:00 AM,26,18,8
12/14/2014 08:00:00 AM,8,3,5
12/14/2014 07:00:00 AM,2,2,0
12/14/2014 06:00:00 AM,0,0,0
12/14/2014 05:00:00 AM,3,3,0
12/14/2014 04:00:00 AM,0,0,0
12/14/2014 03:00:00 AM,6,4,2
12/14/2014 02:00:00 AM,3,2,1
12/14/2014 01:00:00 AM,4,2,2
12/14/2014 12:00:00 AM,8,6,2
12/13/2014 11:00:00 PM,11,9,2
12/13/2014 10:00:00 PM,24,19,5
12/13/2014 09:00:00 PM,9,6,3
12/13/2014 08:00:00 PM,19,13,6
12/13/2014 07:00:00 PM,29,24,5
12/13/2014 06:00:00 PM,37,24,13
12/13/2014 05:00:00 PM,48,35,13
12/13/2014 04:00:00 PM,63,46,17
12/13/2014 03:00:00 PM,56,43,13
12/13/2014 02:00:00 PM,47,36,11
12/13/2014 01:00:00 PM,68,51,17
12/13/2014 12:00:00 PM,41,28,13
12/13/2014 11:00:00 AM,0,0,0
12/13/2014 10:00:00 AM,0,0,0
12/13/2014 09:00:00 AM,36,32,4
12/13/2014 08:00:00 AM,11,6,5
12/13/2014 07:00:00 AM,5,3,2
12/13/2014 06:00:00 AM,10,7,3
12/13/2014 05:00:00 AM,2,2,0
12/13/2014 04:00:00 AM,2,2,0
12/13/2014 03:00:00 AM,0,0,0
12/13/2014 02:00:00 AM,3,2,1
12/13/2014 01:00:00 AM,11,10,1
12/13/2014 12:00:00 AM,9,8,1
12/12/2014 11:00:00 PM,21,21,0
12/12/2014 10:00:00 PM,19,16,3
12/12/2014 09:00:00 PM,25,21,4
12/12/2014 08:00:00 PM,22,16,6
12/12/2014 07:00:00 PM,45,33,12
12/12/2014 06:00:00 PM,38,23,15
12/12/2014 05:00:00 PM,51,31,20
12/12/2014 04:00:00 PM,56,49,7
12/12/2014 03:00:00 PM,50,39,11
12/12/2014 02:00:00 PM,12,5,7
12/12/2014 01:00:00 PM,46,35,11
12/12/2014 12:00:00 PM,43,32,11
12/12/2014 11:00:00 AM,51,39,12
12/12/2014 10:00:00 AM,30,21,9
12/12/2014 09:00:00 AM,53,36,17
12/12/2014 08:00:00 AM,39,31,8
12/12/2014 07:00:00 AM,59,48,11
12/12/2014 06:00:00 AM,20,18,2
12/12/2014 05:00:00 AM,1,1,0
12/12/2014 04:00:00 AM,3,0,3
12/12/2014 03:00:00 AM,4,4,0
12/12/2014 02:00:00 AM,0,0,0
12/12/2014 01:00:00 AM,0,0,0
12/12/2014 12:00:00 AM,5,4,1
12/11/2014 11:00:00 PM,11,4,7
12/11/2014 10:00:00 PM,9,5,4
12/11/2014 09:00:00 PM,11,10,1
12/11/2014 08:00:00 PM,35,20,15
12/11/2014 07:00:00 PM,37,17,20
12/11/2014 06:00:00 PM,53,37,16
12/11/2014 05:00:00 PM,66,48,18
12/11/2014 04:00:00 PM,51,41,10
12/11/2014 03:00:00 PM,27,23,4
12/11/2014 02:00:00 PM,34,25,9
12/11/2014 01:00:00 PM,40,26,14
12/11/2014 12:00:00 PM,40,31,9
12/11/2014 11:00:00 AM,37,26,11
12/11/2014 10:00:00 AM,39,26,13
12/11/2014 09:00:00 AM,37,28,9
12/11/2014 08:00:00 AM,29,25,4
12/11/2014 07:00:00 AM,29,29,0
12/11/2014 06:00:00 AM,20,20,0
12/11/2014 05:00:00 AM,4,3,1
12/11/2014 04:00:00 AM,5,5,0
12/11/2014 03:00:00 AM,0,0,0
12/11/2014 02:00:00 AM,0,0,0
12/11/2014 01:00:00 AM,4,4,0
12/11/2014 12:00:00 AM,1,0,1
12/10/2014 11:00:00 PM,5,3,2
12/10/2014 10:00:00 PM,5,3,2
12/10/2014 09:00:00 PM,14,13,1
12/10/2014 08:00:00 PM,30,27,3
12/10/2014 07:00:00 PM,25,19,6
12/10/2014 06:00:00 PM,33,22,11
12/10/2014 05:00:00 PM,66,37,29
12/10/2014 04:00:00 PM,35,25,10
12/10/2014 03:00:00 PM,29,19,10
12/10/2014 02:00:00 PM,48,30,18
12/10/2014 01:00:00 PM,46,30,16
12/10/2014 12:00:00 PM,34,30,4
12/10/2014 11:00:00 AM,49,32,17
12/10/2014 10:00:00 AM,39,35,4
12/10/2014 09:00:00 AM,26,18,8
12/10/2014 08:00:00 AM,45,31,14
12/10/2014 07:00:00 AM,29,25,4
12/10/2014 06:00:00 AM,18,12,6
12/10/2014 05:00:00 AM,10,5,5
12/10/2014 04:00:00 AM,2,2,0
12/10/2014 03:00:00 AM,1,0,1
12/10/2014 02:00:00 AM,0,0,0
12/10/2014 01:00:00 AM,2,2,0
12/10/2014 12:00:00 AM,2,2,0
12/09/2014 11:00:00 PM,5,4,1
12/09/2014 10:00:00 PM,4,2,2
12/09/2014 09:00:00 PM,29,24,5
12/09/2014 08:00:00 PM,28,21,7
12/09/2014 07:00:00 PM,44,26,18
12/09/2014 06:00:00 PM,55,39,16
12/09/2014 05:00:00 PM,43,31,12
12/09/2014 04:00:00 PM,34,21,13
12/09/2014 03:00:00 PM,55,42,13
12/09/2014 02:00:00 PM,37,22,15
12/09/2014 01:00:00 PM,44,29,15
12/09/2014 12:00:00 PM,29,24,5
12/09/2014 11:00:00 AM,48,35,13
12/09/2014 10:00:00 AM,30,17,13
12/09/2014 09:00:00 AM,43,33,10
12/09/2014 08:00:00 AM,32,24,8
12/09/2014 07:00:00 AM,34,32,2
12/09/2014 06:00:00 AM,15,11,4
12/09/2014 05:00:00 AM,2,0,2
12/09/2014 04:00:00 AM,0,0,0
12/09/2014 03:00:00 AM,2,2,0
12/09/2014 02:00:00 AM,0,0,0
12/09/2014 01:00:00 AM,5,5,0
12/09/2014 12:00:00 AM,2,0,2
12/08/2014 11:00:00 PM,4,4,0
12/08/2014 10:00:00 PM,11,9,2
12/08/2014 09:00:00 PM,14,12,2
12/08/2014 08:00:00 PM,29,20,9
12/08/2014 07:00:00 PM,44,34,10
12/08/2014 06:00:00 PM,40,24,16
12/08/2014 05:00:00 PM,45,25,20
12/08/2014 04:00:00 PM,44,29,15
12/08/2014 03:00:00 PM,35,24,11
12/08/2014 02:00:00 PM,45,28,17
12/08/2014 01:00:00 PM,25,15,10
12/08/2014 12:00:00 PM,43,25,18
12/08/2014 11:00:00 AM,45,29,16
12/08/2014 10:00:00 AM,36,22,14
12/08/2014 09:00:00 AM,39,30,9
12/08/2014 08:00:00 AM,32,22,10
12/08/2014 07:00:00 AM,26,19,7
12/08/2014 06:00:00 AM,4,2,2
12/08/2014 05:00:00 AM,1,0,1
12/08/2014 04:00:00 AM,0,0,0
12/08/2014 03:00:00 AM,1,0,1
12/08/2014 02:00:00 AM,3,3,0
12/08/2014 01:00:00 AM,0,0,0
12/08/2014 12:00:00 AM,0,0,0
12/07/2014 11:00:00 PM,2,2,0
12/07/2014 10:00:00 PM,1,1,0
12/07/2014 09:00:00 PM,4,3,1
12/07/2014 08:00:00 PM,5,4,1
12/07/2014 07:00:00 PM,12,10,2
12/07/2014 06:00:00 PM,29,19,10
12/07/2014 05:00:00 PM,32,19,13
12/07/2014 04:00:00 PM,44,38,6
12/07/2014 03:00:00 PM,48,40,8
12/07/2014 02:00:00 PM,80,58,22
12/07/2014 01:00:00 PM,86,64,22
12/07/2014 12:00:00 PM,52,42,10
12/07/2014 11:00:00 AM,43,30,13
12/07/2014 10:00:00 AM,21,14,7
12/07/2014 09:00:00 AM,18,14,4
12/07/2014 08:00:00 AM,13,12,1
12/07/2014 07:00:00 AM,5,4,1
12/07/2014 06:00:00 AM,2,2,0
12/07/2014 05:00:00 AM,4,4,0
12/07/2014 04:00:00 AM,3,3,0
12/07/2014 03:00:00 AM,0,0,0
12/07/2014 02:00:00 AM,2,2,0
12/07/2014 01:00:00 AM,13,11,2
12/07/2014 12:00:00 AM,4,4,0
12/06/2014 11:00:00 PM,11,10,1
12/06/2014 10:00:00 PM,14,11,3
12/06/2014 09:00:00 PM,13,12,1
12/06/2014 08:00:00 PM,14,11,3
12/06/2014 07:00:00 PM,68,50,18
12/06/2014 06:00:00 PM,51,36,15
12/06/2014 05:00:00 PM,57,43,14
12/06/2014 04:00:00 PM,45,27,18
12/06/2014 03:00:00 PM,44,34,10
12/06/2014 02:00:00 PM,59,38,21
12/06/2014 01:00:00 PM,102,68,34
12/06/2014 12:00:00 PM,43,25,18
12/06/2014 11:00:00 AM,56,38,18
12/06/2014 10:00:00 AM,44,26,18
12/06/2014 09:00:00 AM,38,34,4
12/06/2014 08:00:00 AM,17,11,6
12/06/2014 07:00:00 AM,2,1,1
12/06/2014 06:00:00 AM,0,0,0
12/06/2014 05:00:00 AM,2,2,0
12/06/2014 04:00:00 AM,0,0,0
12/06/2014 03:00:00 AM,1,0,1
12/06/2014 02:00:00 AM,0,0,0
12/06/2014 01:00:00 AM,1,1,0
12/06/2014 12:00:00 AM,2,2,0
12/05/2014 11:00:00 PM,4,2,2
12/05/2014 10:00:00 PM,8,6,2
12/05/2014 09:00:00 PM,10,8,2
12/05/2014 08:00:00 PM,14,12,2
12/05/2014 07:00:00 PM,35,29,6
12/05/2014 06:00:00 PM,39,26,13
12/05/2014 05:00:00 PM,56,35,21
12/05/2014 04:00:00 PM,35,27,8
12/05/2014 03:00:00 PM,28,19,9
12/05/2014 02:00:00 PM,39,27,12
12/05/2014 01:00:00 PM,36,21,15
12/05/2014 12:00:00 PM,22,13,9
12/05/2014 11:00:00 AM,27,14,13
12/05/2014 10:00:00 AM,25,16,9
12/05/2014 09:00:00 AM,42,31,11
12/05/2014 08:00:00 AM,46,36,10
12/05/2014 07:00:00 AM,24,17,7
12/05/2014 06:00:00 AM,15,11,4
12/05/2014 05:00:00 AM,3,2,1
12/05/2014 04:00:00 AM,0,0,0
12/05/2014 03:00:00 AM,2,1,1
12/05/2014 02:00:00 AM,0,0,0
12/05/2014 01:00:00 AM,2,2,0
12/05/2014 12:00:00 AM,1,1,0
12/04/2014 11:00:00 PM,4,4,0
12/04/2014 10:00:00 PM,8,7,1
12/04/2014 09:00:00 PM,7,5,2
12/04/2014 08:00:00 PM,32,23,9
12/04/2014 07:00:00 PM,18,13,5
12/04/2014 06:00:00 PM,25,21,4
12/04/2014 05:00:00 PM,37,32,5
12/04/2014 04:00:00 PM,31,20,11
12/04/2014 03:00:00 PM,38,28,10
12/04/2014 02:00:00 PM,39,25,14
12/04/2014 01:00:00 PM,39,27,12
12/04/2014 12:00:00 PM,38,25,13
12/04/2014 11:00:00 AM,25,21,4
12/04/2014 10:00:00 AM,27,17,10
12/04/2014 09:00:00 AM,38,32,6
12/04/2014 08:00:00 AM,34,27,7
12/04/2014 07:00:00 AM,25,22,3
12/04/2014 06:00:00 AM,5,4,1
12/04/2014 05:00:00 AM,1,0,1
12/04/2014 04:00:00 AM,2,2,0
12/04/2014 03:00:00 AM,0,0,0
12/04/2014 02:00:00 AM,0,0,0
12/04/2014 01:00:00 AM,2,2,0
12/04/2014 12:00:00 AM,4,4,0
12/03/2014 11:00:00 PM,1,1,0
12/03/2014 10:00:00 PM,7,5,2
12/03/2014 09:00:00 PM,18,14,4
12/03/2014 08:00:00 PM,26,24,2
12/03/2014 07:00:00 PM,18,13,5
12/03/2014 06:00:00 PM,24,20,4
12/03/2014 05:00:00 PM,30,20,10
12/03/2014 04:00:00 PM,39,32,7
12/03/2014 03:00:00 PM,37,27,10
12/03/2014 02:00:00 PM,40,22,18
12/03/2014 01:00:00 PM,31,22,9
12/03/2014 12:00:00 PM,47,38,9
12/03/2014 11:00:00 AM,30,23,7
12/03/2014 10:00:00 AM,25,18,7
12/03/2014 09:00:00 AM,31,24,7
12/03/2014 08:00:00 AM,34,21,13
12/03/2014 07:00:00 AM,17,10,7
12/03/2014 06:00:00 AM,10,6,4
12/03/2014 05:00:00 AM,2,2,0
12/03/2014 04:00:00 AM,2,2,0
12/03/2014 03:00:00 AM,5,4,1
12/03/2014 02:00:00 AM,0,0,0
12/03/2014 01:00:00 AM,3,3,0
12/03/2014 12:00:00 AM,0,0,0
12/02/2014 11:00:00 PM,1,1,0
12/02/2014 10:00:00 PM,6,6,0
12/02/2014 09:00:00 PM,6,4,2
12/02/2014 08:00:00 PM,7,4,3
12/02/2014 07:00:00 PM,24,21,3
12/02/2014 06:00:00 PM,30,16,14
12/02/2014 05:00:00 PM,30,23,7
12/02/2014 04:00:00 PM,32,23,9
12/02/2014 03:00:00 PM,20,18,2
12/02/2014 02:00:00 PM,47,42,5
12/02/2014 01:00:00 PM,32,23,9
12/02/2014 12:00:00 PM,23,20,3
12/02/2014 11:00:00 AM,29,20,9
12/02/2014 10:00:00 AM,26,19,7
12/02/2014 09:00:00 AM,28,22,6
12/02/2014 08:00:00 AM,37,30,7
12/02/2014 07:00:00 AM,23,14,9
12/02/2014 06:00:00 AM,5,4,1
12/02/2014 05:00:00 AM,0,0,0
12/02/2014 04:00:00 AM,0,0,0
12/02/2014 03:00:00 AM,3,3,0
12/02/2014 02:00:00 AM,0,0,0
12/02/2014 01:00:00 AM,0,0,0
12/02/2014 12:00:00 AM,0,0,0
12/01/2014 11:00:00 PM,6,3,3
12/01/2014 10:00:00 PM,8,7,1
12/01/2014 09:00:00 PM,13,11,2
12/01/2014 08:00:00 PM,15,9,6
12/01/2014 07:00:00 PM,21,17,4
12/01/2014 06:00:00 PM,19,14,5
12/01/2014 05:00:00 PM,27,17,10
12/01/2014 04:00:00 PM,50,41,9
12/01/2014 03:00:00 PM,51,35,16
12/01/2014 02:00:00 PM,31,23,8
12/01/2014 01:00:00 PM,36,28,8
12/01/2014 12:00:00 PM,20,13,7
12/01/2014 11:00:00 AM,20,16,4
12/01/2014 10:00:00 AM,32,23,9
12/01/2014 09:00:00 AM,34,20,14
12/01/2014 08:00:00 AM,21,14,7
12/01/2014 07:00:00 AM,20,18,2
12/01/2014 06:00:00 AM,5,4,1
12/01/2014 05:00:00 AM,2,2,0
12/01/2014 04:00:00 AM,0,0,0
12/01/2014 03:00:00 AM,0,0,0
12/01/2014 02:00:00 AM,3,1,2
12/01/2014 01:00:00 AM,4,4,0
12/01/2014 12:00:00 AM,3,3,0
11/30/2014 11:00:00 PM,6,6,0
11/30/2014 10:00:00 PM,10,10,0
11/30/2014 09:00:00 PM,8,6,2
11/30/2014 08:00:00 PM,7,6,1
11/30/2014 07:00:00 PM,11,9,2
11/30/2014 06:00:00 PM,17,12,5
11/30/2014 05:00:00 PM,24,21,3
11/30/2014 04:00:00 PM,24,24,0
11/30/2014 03:00:00 PM,46,37,9
11/30/2014 02:00:00 PM,36,24,12
11/30/2014 01:00:00 PM,34,28,6
11/30/2014 12:00:00 PM,32,17,15
11/30/2014 11:00:00 AM,14,8,6
11/30/2014 10:00:00 AM,11,8,3
11/30/2014 09:00:00 AM,9,6,3
11/30/2014 08:00:00 AM,2,2,0
11/30/2014 07:00:00 AM,1,0,1
11/30/2014 06:00:00 AM,3,2,1
11/30/2014 05:00:00 AM,0,0,0
11/30/2014 04:00:00 AM,3,2,1
11/30/2014 03:00:00 AM,0,0,0
11/30/2014 02:00:00 AM,0,0,0
11/30/2014 01:00:00 AM,3,2,1
11/30/2014 12:00:00 AM,5,5,0
11/29/2014 11:00:00 PM,5,3,2
11/29/2014 10:00:00 PM,7,7,0
11/29/2014 09:00:00 PM,13,11,2
11/29/2014 08:00:00 PM,14,11,3
11/29/2014 07:00:00 PM,19,16,3
11/29/2014 06:00:00 PM,20,15,5
11/29/2014 05:00:00 PM,18,13,5
11/29/2014 04:00:00 PM,37,28,9
11/29/2014 03:00:00 PM,46,35,11
11/29/2014 02:00:00 PM,23,16,7
11/29/2014 01:00:00 PM,29,26,3
11/29/2014 12:00:00 PM,43,31,12
11/29/2014 11:00:00 AM,19,14,5
11/29/2014 10:00:00 AM,31,20,11
11/29/2014 09:00:00 AM,23,18,5
11/29/2014 08:00:00 AM,7,2,5
11/29/2014 07:00:00 AM,1,0,1
11/29/2014 06:00:00 AM,7,7,0
11/29/2014 05:00:00 AM,4,3,1
11/29/2014 04:00:00 AM,0,0,0
11/29/2014 03:00:00 AM,1,0,1
11/29/2014 02:00:00 AM,0,0,0
11/29/2014 01:00:00 AM,2,2,0
11/29/2014 12:00:00 AM,4,4,0
11/28/2014 11:00:00 PM,3,2,1
11/28/2014 10:00:00 PM,17,15,2
11/28/2014 09:00:00 PM,3,2,1
11/28/2014 08:00:00 PM,14,14,0
11/28/2014 07:00:00 PM,6,4,2
11/28/2014 06:00:00 PM,37,29,8
11/28/2014 05:00:00 PM,40,27,13
11/28/2014 04:00:00 PM,28,15,13
11/28/2014 03:00:00 PM,23,14,9
11/28/2014 02:00:00 PM,20,6,14
11/28/2014 01:00:00 PM,15,10,5
11/28/2014 12:00:00 PM,35,17,18
11/28/2014 11:00:00 AM,19,1,18
11/28/2014 10:00:00 AM,13,5,8
11/28/2014 09:00:00 AM,33,27,6
11/28/2014 08:00:00 AM,16,14,2
11/28/2014 07:00:00 AM,9,8,1
11/28/2014 06:00:00 AM,9,8,1
11/28/2014 05:00:00 AM,1,1,0
11/28/2014 04:00:00 AM,0,0,0
11/28/2014 03:00:00 AM,0,0,0
11/28/2014 02:00:00 AM,2,2,0
11/28/2014 01:00:00 AM,1,0,1
11/28/2014 12:00:00 AM,2,2,0
11/27/2014 11:00:00 PM,5,5,0
11/27/2014 10:00:00 PM,9,6,3
11/27/2014 09:00:00 PM,19,14,5
11/27/2014 08:00:00 PM,8,5,3
11/27/2014 07:00:00 PM,9,8,1
11/27/2014 06:00:00 PM,2,0,2
11/27/2014 05:00:00 PM,5,4,1
11/27/2014 04:00:00 PM,16,12,4
11/27/2014 03:00:00 PM,20,19,1
11/27/2014 02:00:00 PM,9,5,4
11/27/2014 01:00:00 PM,25,21,4
11/27/2014 12:00:00 PM,23,19,4
11/27/2014 11:00:00 AM,9,4,5
11/27/2014 10:00:00 AM,27,20,7
11/27/2014 09:00:00 AM,11,10,1
11/27/2014 08:00:00 AM,19,9,10
11/27/2014 07:00:00 AM,0,0,0
11/27/2014 06:00:00 AM,0,0,0
11/27/2014 05:00:00 AM,0,0,0
11/27/2014 04:00:00 AM,2,2,0
11/27/2014 03:00:00 AM,0,0,0
11/27/2014 02:00:00 AM,2,0,2
11/27/2014 01:00:00 AM,10,7,3
11/27/2014 12:00:00 AM,8,7,1
11/26/2014 11:00:00 PM,7,5,2
11/26/2014 10:00:00 PM,7,7,0
11/26/2014 09:00:00 PM,14,14,0
11/26/2014 08:00:00 PM,17,12,5
11/26/2014 07:00:00 PM,10,5,5
11/26/2014 06:00:00 PM,17,11,6
11/26/2014 05:00:00 PM,25,21,4
11/26/2014 04:00:00 PM,38,26,12
11/26/2014 03:00:00 PM,50,41,9
11/26/2014 02:00:00 PM,47,36,11
11/26/2014 01:00:00 PM,55,42,13
11/26/2014 12:00:00 PM,40,33,7
11/26/2014 11:00:00 AM,20,13,7
11/26/2014 10:00:00 AM,40,35,5
11/26/2014 09:00:00 AM,36,25,11
11/26/2014 08:00:00 AM,24,17,7
11/26/2014 07:00:00 AM,16,14,2
11/26/2014 06:00:00 AM,7,5,2
11/26/2014 05:00:00 AM,2,2,0
11/26/2014 04:00:00 AM,0,0,0
11/26/2014 03:00:00 AM,0,0,0
11/26/2014 02:00:00 AM,0,0,0
11/26/2014 01:00:00 AM,3,3,0
11/26/2014 12:00:00 AM,0,0,0
11/25/2014 11:00:00 PM,1,0,1
11/25/2014 10:00:00 PM,10,6,4
11/25/2014 09:00:00 PM,8,5,3
11/25/2014 08:00:00 PM,15,11,4
11/25/2014 07:00:00 PM,22,15,7
11/25/2014 06:00:00 PM,17,12,5
11/25/2014 05:00:00 PM,30,23,7
11/25/2014 04:00:00 PM,22,13,9
11/25/2014 03:00:00 PM,25,18,7
11/25/2014 02:00:00 PM,28,24,4
11/25/2014 01:00:00 PM,31,19,12
11/25/2014 12:00:00 PM,47,39,8
11/25/2014 11:00:00 AM,23,10,13
11/25/2014 10:00:00 AM,27,25,2
11/25/2014 09:00:00 AM,39,33,6
11/25/2014 08:00:00 AM,41,24,17
11/25/2014 07:00:00 AM,19,14,5
11/25/2014 06:00:00 AM,10,8,2
11/25/2014 05:00:00 AM,0,0,0
11/25/2014 04:00:00 AM,0,0,0
11/25/2014 03:00:00 AM,0,0,0
11/25/2014 02:00:00 AM,2,0,2
11/25/2014 01:00:00 AM,0,0,0
11/25/2014 12:00:00 AM,2,2,0
11/24/2014 11:00:00 PM,2,2,0
11/24/2014 10:00:00 PM,11,9,2
11/24/2014 09:00:00 PM,14,11,3
11/24/2014 08:00:00 PM,17,13,4
11/24/2014 07:00:00 PM,21,15,6
11/24/2014 06:00:00 PM,37,21,16
11/24/2014 05:00:00 PM,39,27,12
11/24/2014 04:00:00 PM,36,29,7
11/24/2014 03:00:00 PM,33,25,8
11/24/2014 02:00:00 PM,42,39,3
11/24/2014 01:00:00 PM,37,31,6
11/24/2014 12:00:00 PM,43,28,15
11/24/2014 11:00:00 AM,28,21,7
11/24/2014 10:00:00 AM,19,15,4
11/24/2014 09:00:00 AM,16,10,6
11/24/2014 08:00:00 AM,33,28,5
11/24/2014 07:00:00 AM,40,39,1
11/24/2014 06:00:00 AM,20,11,9
11/24/2014 05:00:00 AM,0,0,0
11/24/2014 04:00:00 AM,0,0,0
11/24/2014 03:00:00 AM,0,0,0
11/24/2014 02:00:00 AM,0,0,0
11/24/2014 01:00:00 AM,2,2,0
11/24/2014 12:00:00 AM,0,0,0
11/23/2014 11:00:00 PM,7,5,2
11/23/2014 10:00:00 PM,7,7,0
11/23/2014 09:00:00 PM,7,6,1
11/23/2014 08:00:00 PM,7,6,1
11/23/2014 07:00:00 PM,10,9,1
11/23/2014 06:00:00 PM,19,14,5
11/23/2014 05:00:00 PM,32,22,10
11/23/2014 04:00:00 PM,21,6,15
11/23/2014 03:00:00 PM,47,36,11
11/23/2014 02:00:00 PM,41,28,13
11/23/2014 01:00:00 PM,59,40,19
11/23/2014 12:00:00 PM,71,50,21
11/23/2014 11:00:00 AM,31,23,8
11/23/2014 10:00:00 AM,34,26,8
11/23/2014 09:00:00 AM,12,6,6
11/23/2014 08:00:00 AM,4,4,0
11/23/2014 07:00:00 AM,4,4,0
11/23/2014 06:00:00 AM,1,1,0
11/23/2014 05:00:00 AM,0,0,0
11/23/2014 04:00:00 AM,0,0,0
11/23/2014 03:00:00 AM,2,2,0
11/23/2014 02:00:00 AM,0,0,0
11/23/2014 01:00:00 AM,4,4,0
11/23/2014 12:00:00 AM,9,8,1
11/22/2014 11:00:00 PM,13,9,4
11/22/2014 10:00:00 PM,8,5,3
11/22/2014 09:00:00 PM,8,5,3
11/22/2014 08:00:00 PM,26,13,13
11/22/2014 07:00:00 PM,25,17,8
11/22/2014 06:00:00 PM,48,35,13
11/22/2014 05:00:00 PM,61,47,14
11/22/2014 04:00:00 PM,47,33,14
11/22/2014 03:00:00 PM,41,24,17
11/22/2014 02:00:00 PM,72,56,16
11/22/2014 01:00:00 PM,60,44,16
11/22/2014 12:00:00 PM,81,54,27
11/22/2014 11:00:00 AM,62,49,13
11/22/2014 10:00:00 AM,57,41,16
11/22/2014 09:00:00 AM,35,27,8
11/22/2014 08:00:00 AM,22,15,7
11/22/2014 07:00:00 AM,10,9,1
11/22/2014 06:00:00 AM,5,4,1
11/22/2014 05:00:00 AM,4,4,0
11/22/2014 04:00:00 AM,4,4,0
11/22/2014 03:00:00 AM,0,0,0
11/22/2014 02:00:00 AM,0,0,0
11/22/2014 01:00:00 AM,6,6,0
11/22/2014 12:00:00 AM,1,0,1
11/21/2014 11:00:00 PM,6,6,0
11/21/2014 10:00:00 PM,3,3,0
11/21/2014 09:00:00 PM,23,23,0
11/21/2014 08:00:00 PM,31,29,2
11/21/2014 07:00:00 PM,26,22,4
11/21/2014 06:00:00 PM,39,33,6
11/21/2014 05:00:00 PM,53,45,8
11/21/2014 04:00:00 PM,31,26,5
11/21/2014 03:00:00 PM,44,35,9
11/21/2014 02:00:00 PM,31,22,9
11/21/2014 01:00:00 PM,43,29,14
11/21/2014 12:00:00 PM,46,35,11
11/21/2014 11:00:00 AM,31,26,5
11/21/2014 10:00:00 AM,22,12,10
11/21/2014 09:00:00 AM,38,30,8
11/21/2014 08:00:00 AM,31,24,7
11/21/2014 07:00:00 AM,32,25,7
11/21/2014 06:00:00 AM,13,8,5
11/21/2014 05:00:00 AM,0,0,0
11/21/2014 04:00:00 AM,1,0,1
11/21/2014 03:00:00 AM,1,1,0
11/21/2014 02:00:00 AM,4,2,2
11/21/2014 01:00:00 AM,6,4,2
11/21/2014 12:00:00 AM,4,2,2
11/20/2014 11:00:00 PM,3,1,2
11/20/2014 10:00:00 PM,15,8,7
11/20/2014 09:00:00 PM,13,9,4
11/20/2014 08:00:00 PM,24,13,11
11/20/2014 07:00:00 PM,40,24,16
11/20/2014 06:00:00 PM,51,29,22
11/20/2014 05:00:00 PM,32,22,10
11/20/2014 04:00:00 PM,23,15,8
11/20/2014 03:00:00 PM,41,28,13
11/20/2014 02:00:00 PM,34,29,5
11/20/2014 01:00:00 PM,30,21,9
11/20/2014 12:00:00 PM,44,31,13
11/20/2014 11:00:00 AM,36,24,12
11/20/2014 10:00:00 AM,22,14,8
11/20/2014 09:00:00 AM,33,27,6
11/20/2014 08:00:00 AM,37,33,4
11/20/2014 07:00:00 AM,32,20,12
11/20/2014 06:00:00 AM,16,10,6
11/20/2014 05:00:00 AM,3,2,1
11/20/2014 04:00:00 AM,0,0,0
11/20/2014 03:00:00 AM,0,0,0
11/20/2014 02:00:00 AM,0,0,0
11/20/2014 01:00:00 AM,0,0,0
11/20/2014 12:00:00 AM,6,6,0
11/19/2014 11:00:00 PM,4,4,0
11/19/2014 10:00:00 PM,11,9,2
11/19/2014 09:00:00 PM,14,12,2
11/19/2014 08:00:00 PM,24,22,2
11/19/2014 07:00:00 PM,35,27,8
11/19/2014 06:00:00 PM,37,24,13
11/19/2014 05:00:00 PM,25,19,6
11/19/2014 04:00:00 PM,55,36,19
11/19/2014 03:00:00 PM,32,25,7
11/19/2014 02:00:00 PM,34,21,13
11/19/2014 01:00:00 PM,41,31,10
11/19/2014 12:00:00 PM,31,25,6
11/19/2014 11:00:00 AM,34,25,9
11/19/2014 10:00:00 AM,30,18,12
11/19/2014 09:00:00 AM,46,40,6
11/19/2014 08:00:00 AM,40,29,11
11/19/2014 07:00:00 AM,47,40,7
11/19/2014 06:00:00 AM,8,5,3
11/19/2014 05:00:00 AM,5,2,3
11/19/2014 04:00:00 AM,2,2,0
11/19/2014 03:00:00 AM,2,2,0
11/19/2014 02:00:00 AM,0,0,0
11/19/2014 01:00:00 AM,0,0,0
11/19/2014 12:00:00 AM,0,0,0
11/18/2014 11:00:00 PM,1,1,0
11/18/2014 10:00:00 PM,3,3,0
11/18/2014 09:00:00 PM,21,16,5
11/18/2014 08:00:00 PM,24,15,9
11/18/2014 07:00:00 PM,31,26,5
11/18/2014 06:00:00 PM,34,22,12
11/18/2014 05:00:00 PM,48,35,13
11/18/2014 04:00:00 PM,37,22,15
11/18/2014 03:00:00 PM,39,30,9
11/18/2014 02:00:00 PM,43,35,8
11/18/2014 01:00:00 PM,43,29,14
11/18/2014 12:00:00 PM,37,23,14
11/18/2014 11:00:00 AM,16,11,5
11/18/2014 10:00:00 AM,31,22,9
11/18/2014 09:00:00 AM,31,21,10
11/18/2014 08:00:00 AM,45,34,11
11/18/2014 07:00:00 AM,33,26,7
11/18/2014 06:00:00 AM,12,8,4
11/18/2014 05:00:00 AM,5,4,1
11/18/2014 04:00:00 AM,0,0,0
11/18/2014 03:00:00 AM,0,0,0
11/18/2014 02:00:00 AM,0,0,0
11/18/2014 01:00:00 AM,0,0,0
11/18/2014 12:00:00 AM,0,0,0
11/17/2014 11:00:00 PM,2,2,0
11/17/2014 10:00:00 PM,12,12,0
11/17/2014 09:00:00 PM,8,7,1
11/17/2014 08:00:00 PM,22,17,5
11/17/2014 07:00:00 PM,26,20,6
11/17/2014 06:00:00 PM,38,26,12
11/17/2014 05:00:00 PM,35,29,6
11/17/2014 04:00:00 PM,43,32,11
11/17/2014 03:00:00 PM,36,25,11
11/17/2014 02:00:00 PM,36,30,6
11/17/2014 01:00:00 PM,32,18,14
11/17/2014 12:00:00 PM,44,39,5
11/17/2014 11:00:00 AM,40,33,7
11/17/2014 10:00:00 AM,28,18,10
11/17/2014 09:00:00 AM,38,28,10
11/17/2014 08:00:00 AM,38,25,13
11/17/2014 07:00:00 AM,29,23,6
11/17/2014 06:00:00 AM,11,10,1
11/17/2014 05:00:00 AM,2,2,0
11/17/2014 04:00:00 AM,2,2,0
11/17/2014 03:00:00 AM,2,2,0
11/17/2014 02:00:00 AM,0,0,0
11/17/2014 01:00:00 AM,0,0,0
11/17/2014 12:00:00 AM,1,0,1
11/16/2014 11:00:00 PM,4,2,2
11/16/2014 10:00:00 PM,9,8,1
11/16/2014 09:00:00 PM,6,6,0
11/16/2014 08:00:00 PM,12,10,2
11/16/2014 07:00:00 PM,20,16,4
11/16/2014 06:00:00 PM,26,22,4
11/16/2014 05:00:00 PM,27,15,12
11/16/2014 04:00:00 PM,36,27,9
11/16/2014 03:00:00 PM,45,33,12
11/16/2014 02:00:00 PM,46,32,14
11/16/2014 01:00:00 PM,48,41,7
11/16/2014 12:00:00 PM,52,40,12
11/16/2014 11:00:00 AM,43,31,12
11/16/2014 10:00:00 AM,24,22,2
11/16/2014 09:00:00 AM,20,17,3
11/16/2014 08:00:00 AM,8,6,2
11/16/2014 07:00:00 AM,7,7,0
11/16/2014 06:00:00 AM,0,0,0
11/16/2014 05:00:00 AM,0,0,0
11/16/2014 04:00:00 AM,0,0,0
11/16/2014 03:00:00 AM,2,2,0
11/16/2014 02:00:00 AM,0,0,0
11/16/2014 01:00:00 AM,2,2,0
11/16/2014 12:00:00 AM,6,6,0
11/15/2014 11:00:00 PM,10,8,2
11/15/2014 10:00:00 PM,13,11,2
11/15/2014 09:00:00 PM,12,8,4
11/15/2014 08:00:00 PM,17,16,1
11/15/2014 07:00:00 PM,34,26,8
11/15/2014 06:00:00 PM,39,32,7
11/15/2014 05:00:00 PM,30,27,3
11/15/2014 04:00:00 PM,49,37,12
11/15/2014 03:00:00 PM,56,42,14
11/15/2014 02:00:00 PM,44,37,7
11/15/2014 01:00:00 PM,44,33,11
11/15/2014 12:00:00 PM,63,46,17
11/15/2014 11:00:00 AM,42,31,11
11/15/2014 10:00:00 AM,56,43,13
11/15/2014 09:00:00 AM,35,26,9
11/15/2014 08:00:00 AM,15,13,2
11/15/2014 07:00:00 AM,2,2,0
11/15/2014 06:00:00 AM,4,4,0
11/15/2014 05:00:00 AM,2,2,0
11/15/2014 04:00:00 AM,0,0,0
11/15/2014 03:00:00 AM,0,0,0
11/15/2014 02:00:00 AM,2,2,0
11/15/2014 01:00:00 AM,11,7,4
11/15/2014 12:00:00 AM,2,1,1
11/14/2014 11:00:00 PM,5,4,1
11/14/2014 10:00:00 PM,13,12,1
11/14/2014 09:00:00 PM,23,19,4
11/14/2014 08:00:00 PM,30,26,4
11/14/2014 07:00:00 PM,52,41,11
11/14/2014 06:00:00 PM,32,23,9
11/14/2014 05:00:00 PM,43,34,9
11/14/2014 04:00:00 PM,48,41,7
11/14/2014 03:00:00 PM,40,29,11
11/14/2014 02:00:00 PM,48,36,12
11/14/2014 01:00:00 PM,36,33,3
11/14/2014 12:00:00 PM,33,29,4
11/14/2014 11:00:00 AM,32,29,3
11/14/2014 10:00:00 AM,40,30,10
11/14/2014 09:00:00 AM,31,25,6
11/14/2014 08:00:00 AM,23,19,4
11/14/2014 07:00:00 AM,21,21,0
11/14/2014 06:00:00 AM,5,4,1
11/14/2014 05:00:00 AM,4,4,0
11/14/2014 04:00:00 AM,0,0,0
11/14/2014 03:00:00 AM,0,0,0
11/14/2014 02:00:00 AM,0,0,0
11/14/2014 01:00:00 AM,1,0,1
11/14/2014 12:00:00 AM,0,0,0
11/13/2014 11:00:00 PM,2,2,0
11/13/2014 10:00:00 PM,8,4,4
11/13/2014 09:00:00 PM,10,7,3
11/13/2014 08:00:00 PM,23,14,9
11/13/2014 07:00:00 PM,25,18,7
11/13/2014 06:00:00 PM,31,21,10
11/13/2014 05:00:00 PM,39,22,17
11/13/2014 04:00:00 PM,32,30,2
11/13/2014 03:00:00 PM,38,33,5
11/13/2014 02:00:00 PM,29,23,6
11/13/2014 01:00:00 PM,51,41,10
11/13/2014 12:00:00 PM,29,22,7
11/13/2014 11:00:00 AM,22,15,7
11/13/2014 10:00:00 AM,44,29,15
11/13/2014 09:00:00 AM,36,28,8
11/13/2014 08:00:00 AM,38,30,8
11/13/2014 07:00:00 AM,29,22,7
11/13/2014 06:00:00 AM,10,8,2
11/13/2014 05:00:00 AM,3,3,0
11/13/2014 04:00:00 AM,0,0,0
11/13/2014 03:00:00 AM,0,0,0
11/13/2014 02:00:00 AM,0,0,0
11/13/2014 01:00:00 AM,0,0,0
11/13/2014 12:00:00 AM,0,0,0
11/12/2014 11:00:00 PM,0,0,0
11/12/2014 10:00:00 PM,3,3,0
11/12/2014 09:00:00 PM,11,10,1
11/12/2014 08:00:00 PM,28,23,5
11/12/2014 07:00:00 PM,44,30,14
11/12/2014 06:00:00 PM,32,14,18
11/12/2014 05:00:00 PM,30,22,8
11/12/2014 04:00:00 PM,39,35,4
11/12/2014 03:00:00 PM,39,29,10
11/12/2014 02:00:00 PM,39,31,8
11/12/2014 01:00:00 PM,27,17,10
11/12/2014 12:00:00 PM,24,21,3
11/12/2014 11:00:00 AM,36,28,8
11/12/2014 10:00:00 AM,45,32,13
11/12/2014 09:00:00 AM,29,21,8
11/12/2014 08:00:00 AM,44,35,9
11/12/2014 07:00:00 AM,17,16,1
11/12/2014 06:00:00 AM,16,13,3
11/12/2014 05:00:00 AM,0,0,0
11/12/2014 04:00:00 AM,0,0,0
11/12/2014 03:00:00 AM,2,2,0
11/12/2014 02:00:00 AM,0,0,0
11/12/2014 01:00:00 AM,0,0,0
11/12/2014 12:00:00 AM,1,0,1
11/11/2014 11:00:00 PM,1,0,1
11/11/2014 10:00:00 PM,12,11,1
11/11/2014 09:00:00 PM,11,11,0
11/11/2014 08:00:00 PM,13,12,1
11/11/2014 07:00:00 PM,28,22,6
11/11/2014 06:00:00 PM,25,21,4
11/11/2014 05:00:00 PM,42,31,11
11/11/2014 04:00:00 PM,44,35,9
11/11/2014 03:00:00 PM,34,24,10
11/11/2014 02:00:00 PM,30,25,5
11/11/2014 01:00:00 PM,45,37,8
11/11/2014 12:00:00 PM,52,41,11
11/11/2014 11:00:00 AM,57,37,20
11/11/2014 10:00:00 AM,30,23,7
11/11/2014 09:00:00 AM,27,23,4
11/11/2014 08:00:00 AM,34,29,5
11/11/2014 07:00:00 AM,16,15,1
11/11/2014 06:00:00 AM,21,19,2
11/11/2014 05:00:00 AM,0,0,0
11/11/2014 04:00:00 AM,0,0,0
11/11/2014 03:00:00 AM,0,0,0
11/11/2014 02:00:00 AM,0,0,0
11/11/2014 01:00:00 AM,1,1,0
11/11/2014 12:00:00 AM,1,0,1
11/10/2014 11:00:00 PM,2,2,0
11/10/2014 10:00:00 PM,13,13,0
11/10/2014 09:00:00 PM,9,6,3
11/10/2014 08:00:00 PM,25,17,8
11/10/2014 07:00:00 PM,18,12,6
11/10/2014 06:00:00 PM,23,19,4
11/10/2014 05:00:00 PM,49,35,14
11/10/2014 04:00:00 PM,34,22,12
11/10/2014 03:00:00 PM,55,39,16
11/10/2014 02:00:00 PM,58,43,15
11/10/2014 01:00:00 PM,32,18,14
11/10/2014 12:00:00 PM,39,23,16
11/10/2014 11:00:00 AM,29,24,5
11/10/2014 10:00:00 AM,43,28,15
11/10/2014 09:00:00 AM,42,33,9
11/10/2014 08:00:00 AM,47,33,14
11/10/2014 07:00:00 AM,42,35,7
11/10/2014 06:00:00 AM,17,14,3
11/10/2014 05:00:00 AM,1,0,1
11/10/2014 04:00:00 AM,0,0,0
11/10/2014 03:00:00 AM,0,0,0
11/10/2014 02:00:00 AM,0,0,0
11/10/2014 01:00:00 AM,4,3,1
11/10/2014 12:00:00 AM,1,0,1
11/09/2014 11:00:00 PM,3,3,0
11/09/2014 10:00:00 PM,5,4,1
11/09/2014 09:00:00 PM,10,9,1
11/09/2014 08:00:00 PM,15,8,7
11/09/2014 07:00:00 PM,15,13,2
11/09/2014 06:00:00 PM,16,12,4
11/09/2014 05:00:00 PM,21,9,12
11/09/2014 04:00:00 PM,27,18,9
11/09/2014 03:00:00 PM,23,18,5
11/09/2014 02:00:00 PM,34,24,10
11/09/2014 01:00:00 PM,67,46,21
11/09/2014 12:00:00 PM,76,50,26
11/09/2014 11:00:00 AM,48,40,8
11/09/2014 10:00:00 AM,44,32,12
11/09/2014 09:00:00 AM,42,28,14
11/09/2014 08:00:00 AM,15,12,3
11/09/2014 07:00:00 AM,9,8,1
11/09/2014 06:00:00 AM,5,4,1
11/09/2014 05:00:00 AM,4,4,0
11/09/2014 04:00:00 AM,0,0,0
11/09/2014 03:00:00 AM,5,3,2
11/09/2014 02:00:00 AM,2,2,0
11/09/2014 01:00:00 AM,10,8,2
11/09/2014 12:00:00 AM,6,4,2
11/08/2014 11:00:00 PM,10,9,1
11/08/2014 10:00:00 PM,17,15,2
11/08/2014 09:00:00 PM,18,17,1
11/08/2014 08:00:00 PM,21,16,5
11/08/2014 07:00:00 PM,16,12,4
11/08/2014 06:00:00 PM,39,31,8
11/08/2014 05:00:00 PM,25,19,6
11/08/2014 04:00:00 PM,43,34,9
11/08/2014 03:00:00 PM,56,46,10
11/08/2014 02:00:00 PM,71,53,18
11/08/2014 01:00:00 PM,64,50,14
11/08/2014 12:00:00 PM,55,44,11
11/08/2014 11:00:00 AM,55,32,23
11/08/2014 10:00:00 AM,49,40,9
11/08/2014 09:00:00 AM,48,40,8
11/08/2014 08:00:00 AM,17,9,8
11/08/2014 07:00:00 AM,11,9,2
11/08/2014 06:00:00 AM,8,8,0
11/08/2014 05:00:00 AM,2,2,0
11/08/2014 04:00:00 AM,2,2,0
11/08/2014 03:00:00 AM,2,2,0
11/08/2014 02:00:00 AM,5,5,0
11/08/2014 01:00:00 AM,5,5,0
11/08/2014 12:00:00 AM,7,6,1
11/07/2014 11:00:00 PM,16,12,4
11/07/2014 10:00:00 PM,9,7,2
11/07/2014 09:00:00 PM,14,9,5
11/07/2014 08:00:00 PM,16,12,4
11/07/2014 07:00:00 PM,46,35,11
11/07/2014 06:00:00 PM,30,20,10
11/07/2014 05:00:00 PM,55,33,22
11/07/2014 04:00:00 PM,40,32,8
11/07/2014 03:00:00 PM,41,34,7
11/07/2014 02:00:00 PM,38,28,10
11/07/2014 01:00:00 PM,66,42,24
11/07/2014 12:00:00 PM,38,24,14
11/07/2014 11:00:00 AM,49,45,4
11/07/2014 10:00:00 AM,18,12,6
11/07/2014 09:00:00 AM,51,44,7
11/07/2014 08:00:00 AM,43,28,15
11/07/2014 07:00:00 AM,35,30,5
11/07/2014 06:00:00 AM,13,12,1
11/07/2014 05:00:00 AM,4,2,2
11/07/2014 04:00:00 AM,2,2,0
11/07/2014 03:00:00 AM,0,0,0
11/07/2014 02:00:00 AM,8,6,2
11/07/2014 01:00:00 AM,2,0,2
11/07/2014 12:00:00 AM,0,0,0
11/06/2014 11:00:00 PM,12,11,1
11/06/2014 10:00:00 PM,10,4,6
11/06/2014 09:00:00 PM,14,11,3
11/06/2014 08:00:00 PM,20,16,4
11/06/2014 07:00:00 PM,26,19,7
11/06/2014 06:00:00 PM,51,41,10
11/06/2014 05:00:00 PM,35,24,11
11/06/2014 04:00:00 PM,58,46,12
11/06/2014 03:00:00 PM,25,17,8
11/06/2014 02:00:00 PM,26,18,8
11/06/2014 01:00:00 PM,40,31,9
11/06/2014 12:00:00 PM,31,22,9
11/06/2014 11:00:00 AM,18,13,5
11/06/2014 10:00:00 AM,34,23,11
11/06/2014 09:00:00 AM,19,16,3
11/06/2014 08:00:00 AM,53,37,16
11/06/2014 07:00:00 AM,44,33,11
11/06/2014 06:00:00 AM,24,21,3
11/06/2014 05:00:00 AM,3,3,0
11/06/2014 04:00:00 AM,0,0,0
11/06/2014 03:00:00 AM,2,2,0
11/06/2014 02:00:00 AM,0,0,0
11/06/2014 01:00:00 AM,1,0,1
11/06/2014 12:00:00 AM,5,2,3
11/05/2014 11:00:00 PM,6,6,0
11/05/2014 10:00:00 PM,10,8,2
11/05/2014 09:00:00 PM,16,14,2
11/05/2014 08:00:00 PM,18,16,2
11/05/2014 07:00:00 PM,30,21,9
11/05/2014 06:00:00 PM,45,29,16
11/05/2014 05:00:00 PM,35,20,15
11/05/2014 04:00:00 PM,27,21,6
11/05/2014 03:00:00 PM,37,25,12
11/05/2014 02:00:00 PM,28,18,10
11/05/2014 01:00:00 PM,13,5,8
11/05/2014 12:00:00 PM,26,18,8
11/05/2014 11:00:00 AM,41,29,12
11/05/2014 10:00:00 AM,45,40,5
11/05/2014 09:00:00 AM,47,33,14
11/05/2014 08:00:00 AM,40,24,16
11/05/2014 07:00:00 AM,30,26,4
11/05/2014 06:00:00 AM,13,10,3
11/05/2014 05:00:00 AM,1,0,1
11/05/2014 04:00:00 AM,2,2,0
11/05/2014 03:00:00 AM,2,2,0
11/05/2014 02:00:00 AM,0,0,0
11/05/2014 01:00:00 AM,2,2,0
11/05/2014 12:00:00 AM,0,0,0
11/04/2014 11:00:00 PM,3,2,1
11/04/2014 10:00:00 PM,8,6,2
11/04/2014 09:00:00 PM,10,9,1
11/04/2014 08:00:00 PM,22,18,4
11/04/2014 07:00:00 PM,131,84,47
11/04/2014 06:00:00 PM,165,99,66
11/04/2014 05:00:00 PM,89,58,31
11/04/2014 04:00:00 PM,65,44,21
11/04/2014 03:00:00 PM,36,25,11
11/04/2014 02:00:00 PM,53,32,21
11/04/2014 01:00:00 PM,52,31,21
11/04/2014 12:00:00 PM,52,31,21
11/04/2014 11:00:00 AM,44,32,12
11/04/2014 10:00:00 AM,53,37,16
11/04/2014 09:00:00 AM,61,37,24
11/04/2014 08:00:00 AM,53,36,17
11/04/2014 07:00:00 AM,32,18,14
11/04/2014 06:00:00 AM,19,13,6
11/04/2014 05:00:00 AM,9,8,1
11/04/2014 04:00:00 AM,3,2,1
11/04/2014 03:00:00 AM,0,0,0
11/04/2014 02:00:00 AM,0,0,0
11/04/2014 01:00:00 AM,4,4,0
11/04/2014 12:00:00 AM,3,3,0
11/03/2014 11:00:00 PM,5,3,2
11/03/2014 10:00:00 PM,2,2,0
11/03/2014 09:00:00 PM,12,9,3
11/03/2014 08:00:00 PM,6,6,0
11/03/2014 07:00:00 PM,25,19,6
11/03/2014 06:00:00 PM,31,22,9
11/03/2014 05:00:00 PM,45,35,10
11/03/2014 04:00:00 PM,42,25,17
11/03/2014 03:00:00 PM,39,29,10
11/03/2014 02:00:00 PM,25,17,8
11/03/2014 01:00:00 PM,43,23,20
11/03/2014 12:00:00 PM,56,43,13
11/03/2014 11:00:00 AM,65,38,27
11/03/2014 10:00:00 AM,39,25,14
11/03/2014 09:00:00 AM,42,31,11
11/03/2014 08:00:00 AM,35,19,16
11/03/2014 07:00:00 AM,34,24,10
11/03/2014 06:00:00 AM,18,12,6
11/03/2014 05:00:00 AM,5,4,1
11/03/2014 04:00:00 AM,6,4,2
11/03/2014 03:00:00 AM,2,2,0
11/03/2014 02:00:00 AM,0,0,0
11/03/2014 01:00:00 AM,0,0,0
11/03/2014 12:00:00 AM,3,2,1
11/02/2014 11:00:00 PM,1,0,1
11/02/2014 10:00:00 PM,3,2,1
11/02/2014 09:00:00 PM,13,10,3
11/02/2014 08:00:00 PM,10,5,5
11/02/2014 07:00:00 PM,20,15,5
11/02/2014 06:00:00 PM,18,12,6
11/02/2014 05:00:00 PM,45,30,15
11/02/2014 04:00:00 PM,38,21,17
11/02/2014 03:00:00 PM,39,28,11
11/02/2014 02:00:00 PM,64,43,21
11/02/2014 01:00:00 PM,69,41,28
11/02/2014 12:00:00 PM,79,56,23
11/02/2014 11:00:00 AM,62,31,31
11/02/2014 10:00:00 AM,62,37,25
11/02/2014 09:00:00 AM,44,30,14
11/02/2014 08:00:00 AM,13,7,6
11/02/2014 07:00:00 AM,9,6,3
11/02/2014 06:00:00 AM,7,4,3
11/02/2014 05:00:00 AM,0,0,0
11/02/2014 04:00:00 AM,0,0,0
11/02/2014 03:00:00 AM,3,2,1
11/02/2014 02:00:00 AM,0,0,0
11/02/2014 01:00:00 AM,11,10,1
11/02/2014 12:00:00 AM,2,0,2
11/01/2014 11:00:00 PM,4,3,1
11/01/2014 10:00:00 PM,9,7,2
11/01/2014 09:00:00 PM,25,19,6
11/01/2014 08:00:00 PM,22,15,7
11/01/2014 07:00:00 PM,32,26,6
11/01/2014 06:00:00 PM,44,30,14
11/01/2014 05:00:00 PM,51,31,20
11/01/2014 04:00:00 PM,48,38,10
11/01/2014 03:00:00 PM,42,19,23
11/01/2014 02:00:00 PM,71,45,26
11/01/2014 01:00:00 PM,50,29,21
11/01/2014 12:00:00 PM,63,43,20
11/01/2014 11:00:00 AM,70,54,16
11/01/2014 10:00:00 AM,52,30,22
11/01/2014 09:00:00 AM,38,31,7
11/01/2014 08:00:00 AM,13,10,3
11/01/2014 07:00:00 AM,3,2,1
11/01/2014 06:00:00 AM,6,5,1
11/01/2014 05:00:00 AM,4,2,2
11/01/2014 04:00:00 AM,4,4,0
11/01/2014 03:00:00 AM,3,2,1
11/01/2014 02:00:00 AM,6,5,1
11/01/2014 01:00:00 AM,5,5,0
11/01/2014 12:00:00 AM,7,5,2
10/31/2014 11:00:00 PM,9,6,3
10/31/2014 10:00:00 PM,17,10,7
10/31/2014 09:00:00 PM,21,12,9
10/31/2014 08:00:00 PM,29,21,8
10/31/2014 07:00:00 PM,49,35,14
10/31/2014 06:00:00 PM,47,23,24
10/31/2014 05:00:00 PM,80,58,22
10/31/2014 04:00:00 PM,127,84,43
10/31/2014 03:00:00 PM,61,39,22
10/31/2014 02:00:00 PM,55,37,18
10/31/2014 01:00:00 PM,62,41,21
10/31/2014 12:00:00 PM,88,54,34
10/31/2014 11:00:00 AM,59,40,19
10/31/2014 10:00:00 AM,48,23,25
10/31/2014 09:00:00 AM,53,30,23
10/31/2014 08:00:00 AM,47,36,11
10/31/2014 07:00:00 AM,22,14,8
10/31/2014 06:00:00 AM,18,14,4
10/31/2014 05:00:00 AM,4,0,4
10/31/2014 04:00:00 AM,2,2,0
10/31/2014 03:00:00 AM,0,0,0
10/31/2014 02:00:00 AM,2,2,0
10/31/2014 01:00:00 AM,4,4,0
10/31/2014 12:00:00 AM,3,1,2
10/30/2014 11:00:00 PM,11,8,3
10/30/2014 10:00:00 PM,12,10,2
10/30/2014 09:00:00 PM,23,17,6
10/30/2014 08:00:00 PM,40,32,8
10/30/2014 07:00:00 PM,63,34,29
10/30/2014 06:00:00 PM,105,64,41
10/30/2014 05:00:00 PM,117,72,45
10/30/2014 04:00:00 PM,81,51,30
10/30/2014 03:00:00 PM,73,46,27
10/30/2014 02:00:00 PM,86,50,36
10/30/2014 01:00:00 PM,70,41,29
10/30/2014 12:00:00 PM,56,41,15
10/30/2014 11:00:00 AM,68,43,25
10/30/2014 10:00:00 AM,59,43,16
10/30/2014 09:00:00 AM,66,44,22
10/30/2014 08:00:00 AM,38,29,9
10/30/2014 07:00:00 AM,55,51,4
10/30/2014 06:00:00 AM,14,13,1
10/30/2014 05:00:00 AM,1,0,1
10/30/2014 04:00:00 AM,0,0,0
10/30/2014 03:00:00 AM,1,1,0
10/30/2014 02:00:00 AM,4,4,0
10/30/2014 01:00:00 AM,1,1,0
10/30/2014 12:00:00 AM,2,2,0
10/29/2014 11:00:00 PM,7,4,3
10/29/2014 10:00:00 PM,12,10,2
10/29/2014 09:00:00 PM,18,13,5
10/29/2014 08:00:00 PM,32,18,14
10/29/2014 07:00:00 PM,49,33,16
10/29/2014 06:00:00 PM,131,91,40
10/29/2014 05:00:00 PM,80,40,40
10/29/2014 04:00:00 PM,77,47,30
10/29/2014 03:00:00 PM,78,51,27
10/29/2014 02:00:00 PM,75,50,25
10/29/2014 01:00:00 PM,60,29,31
10/29/2014 12:00:00 PM,71,56,15
10/29/2014 11:00:00 AM,46,31,15
10/29/2014 10:00:00 AM,53,41,12
10/29/2014 09:00:00 AM,54,40,14
10/29/2014 08:00:00 AM,68,49,19
10/29/2014 07:00:00 AM,32,22,10
10/29/2014 06:00:00 AM,23,16,7
10/29/2014 05:00:00 AM,6,4,2
10/29/2014 04:00:00 AM,0,0,0
10/29/2014 03:00:00 AM,0,0,0
10/29/2014 02:00:00 AM,2,2,0
10/29/2014 01:00:00 AM,5,4,1
10/29/2014 12:00:00 AM,0,0,0
10/28/2014 11:00:00 PM,5,4,1
10/28/2014 10:00:00 PM,11,8,3
10/28/2014 09:00:00 PM,12,12,0
10/28/2014 08:00:00 PM,18,17,1
10/28/2014 07:00:00 PM,42,29,13
10/28/2014 06:00:00 PM,88,56,32
10/28/2014 05:00:00 PM,73,41,32
10/28/2014 04:00:00 PM,110,76,34
10/28/2014 03:00:00 PM,54,43,11
10/28/2014 02:00:00 PM,67,45,22
10/28/2014 01:00:00 PM,78,54,24
10/28/2014 12:00:00 PM,66,50,16
10/28/2014 11:00:00 AM,58,38,20
10/28/2014 10:00:00 AM,57,28,29
10/28/2014 09:00:00 AM,41,30,11
10/28/2014 08:00:00 AM,58,39,19
10/28/2014 07:00:00 AM,25,23,2
10/28/2014 06:00:00 AM,20,11,9
10/28/2014 05:00:00 AM,5,5,0
10/28/2014 04:00:00 AM,2,2,0
10/28/2014 03:00:00 AM,0,0,0
10/28/2014 02:00:00 AM,0,0,0
10/28/2014 01:00:00 AM,0,0,0
10/28/2014 12:00:00 AM,2,2,0
10/27/2014 11:00:00 PM,4,4,0
10/27/2014 10:00:00 PM,13,12,1
10/27/2014 09:00:00 PM,27,22,5
10/27/2014 08:00:00 PM,38,24,14
10/27/2014 07:00:00 PM,40,31,9
10/27/2014 06:00:00 PM,86,53,33
10/27/2014 05:00:00 PM,108,74,34
10/27/2014 04:00:00 PM,96,69,27
10/27/2014 03:00:00 PM,61,37,24
10/27/2014 02:00:00 PM,67,48,19
10/27/2014 01:00:00 PM,70,58,12
10/27/2014 12:00:00 PM,92,62,30
10/27/2014 11:00:00 AM,56,35,21
10/27/2014 10:00:00 AM,69,53,16
10/27/2014 09:00:00 AM,50,41,9
10/27/2014 08:00:00 AM,28,15,13
10/27/2014 07:00:00 AM,31,22,9
10/27/2014 06:00:00 AM,16,11,5
10/27/2014 05:00:00 AM,2,2,0
10/27/2014 04:00:00 AM,0,0,0
10/27/2014 03:00:00 AM,0,0,0
10/27/2014 02:00:00 AM,4,4,0
10/27/2014 01:00:00 AM,1,1,0
10/27/2014 12:00:00 AM,0,0,0
10/26/2014 11:00:00 PM,7,7,0
10/26/2014 10:00:00 PM,1,0,1
10/26/2014 09:00:00 PM,12,11,1
10/26/2014 08:00:00 PM,17,17,0
10/26/2014 07:00:00 PM,16,14,2
10/26/2014 06:00:00 PM,40,36,4
10/26/2014 05:00:00 PM,36,29,7
10/26/2014 04:00:00 PM,41,30,11
10/26/2014 03:00:00 PM,44,30,14
10/26/2014 02:00:00 PM,68,47,21
10/26/2014 01:00:00 PM,76,50,26
10/26/2014 12:00:00 PM,58,25,33
10/26/2014 11:00:00 AM,54,36,18
10/26/2014 10:00:00 AM,62,44,18
10/26/2014 09:00:00 AM,29,24,5
10/26/2014 08:00:00 AM,16,12,4
10/26/2014 07:00:00 AM,5,5,0
10/26/2014 06:00:00 AM,3,2,1
10/26/2014 05:00:00 AM,2,2,0
10/26/2014 04:00:00 AM,0,0,0
10/26/2014 03:00:00 AM,2,2,0
10/26/2014 02:00:00 AM,4,4,0
10/26/2014 01:00:00 AM,6,6,0
10/26/2014 12:00:00 AM,14,8,6
10/25/2014 11:00:00 PM,7,6,1
10/25/2014 10:00:00 PM,10,10,0
10/25/2014 09:00:00 PM,20,13,7
10/25/2014 08:00:00 PM,25,21,4
10/25/2014 07:00:00 PM,29,15,14
10/25/2014 06:00:00 PM,88,57,31
10/25/2014 05:00:00 PM,47,18,29
10/25/2014 04:00:00 PM,75,53,22
10/25/2014 03:00:00 PM,48,27,21
10/25/2014 02:00:00 PM,79,40,39
10/25/2014 01:00:00 PM,67,44,23
10/25/2014 12:00:00 PM,84,56,28
10/25/2014 11:00:00 AM,56,34,22
10/25/2014 10:00:00 AM,41,19,22
10/25/2014 09:00:00 AM,35,24,11
10/25/2014 08:00:00 AM,16,12,4
10/25/2014 07:00:00 AM,9,6,3
10/25/2014 06:00:00 AM,4,2,2
10/25/2014 05:00:00 AM,2,2,0
10/25/2014 04:00:00 AM,0,0,0
10/25/2014 03:00:00 AM,4,2,2
10/25/2014 02:00:00 AM,1,1,0
10/25/2014 01:00:00 AM,9,9,0
10/25/2014 12:00:00 AM,7,7,0
10/24/2014 11:00:00 PM,11,10,1
10/24/2014 10:00:00 PM,11,6,5
10/24/2014 09:00:00 PM,23,15,8
10/24/2014 08:00:00 PM,24,20,4
10/24/2014 07:00:00 PM,42,36,6
10/24/2014 06:00:00 PM,70,47,23
10/24/2014 05:00:00 PM,47,33,14
10/24/2014 04:00:00 PM,65,50,15
10/24/2014 03:00:00 PM,62,45,17
10/24/2014 02:00:00 PM,88,64,24
10/24/2014 01:00:00 PM,71,49,22
10/24/2014 12:00:00 PM,96,65,31
10/24/2014 11:00:00 AM,68,50,18
10/24/2014 10:00:00 AM,56,45,11
10/24/2014 09:00:00 AM,66,57,9
10/24/2014 08:00:00 AM,50,33,17
10/24/2014 07:00:00 AM,30,25,5
10/24/2014 06:00:00 AM,11,10,1
10/24/2014 05:00:00 AM,4,3,1
10/24/2014 04:00:00 AM,0,0,0
10/24/2014 03:00:00 AM,0,0,0
10/24/2014 02:00:00 AM,3,3,0
10/24/2014 01:00:00 AM,8,6,2
10/24/2014 12:00:00 AM,3,3,0
10/23/2014 11:00:00 PM,2,2,0
10/23/2014 10:00:00 PM,12,9,3
10/23/2014 09:00:00 PM,14,12,2
10/23/2014 08:00:00 PM,27,27,0
10/23/2014 07:00:00 PM,41,33,8
10/23/2014 06:00:00 PM,39,31,8
10/23/2014 05:00:00 PM,53,35,18
10/23/2014 04:00:00 PM,39,28,11
10/23/2014 03:00:00 PM,34,27,7
10/23/2014 02:00:00 PM,55,43,12
10/23/2014 01:00:00 PM,23,18,5
10/23/2014 12:00:00 PM,62,45,17
10/23/2014 11:00:00 AM,49,35,14
10/23/2014 10:00:00 AM,44,23,21
10/23/2014 09:00:00 AM,26,25,1
10/23/2014 08:00:00 AM,33,28,5
10/23/2014 07:00:00 AM,28,25,3
10/23/2014 06:00:00 AM,27,16,11
10/23/2014 05:00:00 AM,0,0,0
10/23/2014 04:00:00 AM,3,0,3
10/23/2014 03:00:00 AM,0,0,0
10/23/2014 02:00:00 AM,0,0,0
10/23/2014 01:00:00 AM,0,0,0
10/23/2014 12:00:00 AM,2,2,0
10/22/2014 11:00:00 PM,10,10,0
10/22/2014 10:00:00 PM,10,6,4
10/22/2014 09:00:00 PM,16,10,6
10/22/2014 08:00:00 PM,22,10,12
10/22/2014 07:00:00 PM,34,21,13
10/22/2014 06:00:00 PM,43,30,13
10/22/2014 05:00:00 PM,59,41,18
10/22/2014 04:00:00 PM,51,33,18
10/22/2014 03:00:00 PM,55,35,20
10/22/2014 02:00:00 PM,32,27,5
10/22/2014 01:00:00 PM,34,27,7
10/22/2014 12:00:00 PM,58,32,26
10/22/2014 11:00:00 AM,40,30,10
10/22/2014 10:00:00 AM,36,21,15
10/22/2014 09:00:00 AM,55,42,13
10/22/2014 08:00:00 AM,51,40,11
10/22/2014 07:00:00 AM,25,15,10
10/22/2014 06:00:00 AM,15,9,6
10/22/2014 05:00:00 AM,1,1,0
10/22/2014 04:00:00 AM,0,0,0
10/22/2014 03:00:00 AM,0,0,0
10/22/2014 02:00:00 AM,0,0,0
10/22/2014 01:00:00 AM,1,1,0
10/22/2014 12:00:00 AM,2,1,1
10/21/2014 11:00:00 PM,8,2,6
10/21/2014 10:00:00 PM,12,8,4
10/21/2014 09:00:00 PM,14,11,3
10/21/2014 08:00:00 PM,17,16,1
10/21/2014 07:00:00 PM,28,27,1
10/21/2014 06:00:00 PM,48,36,12
10/21/2014 05:00:00 PM,51,34,17
10/21/2014 04:00:00 PM,54,36,18
10/21/2014 03:00:00 PM,45,37,8
10/21/2014 02:00:00 PM,54,32,22
10/21/2014 01:00:00 PM,37,28,9
10/21/2014 12:00:00 PM,53,35,18
10/21/2014 11:00:00 AM,45,34,11
10/21/2014 10:00:00 AM,29,14,15
10/21/2014 09:00:00 AM,35,31,4
10/21/2014 08:00:00 AM,41,30,11
10/21/2014 07:00:00 AM,24,21,3
10/21/2014 06:00:00 AM,7,5,2
10/21/2014 05:00:00 AM,3,2,1
10/21/2014 04:00:00 AM,3,2,1
10/21/2014 03:00:00 AM,0,0,0
10/21/2014 02:00:00 AM,0,0,0
10/21/2014 01:00:00 AM,1,0,1
10/21/2014 12:00:00 AM,0,0,0
10/20/2014 11:00:00 PM,6,6,0
10/20/2014 10:00:00 PM,19,15,4
10/20/2014 09:00:00 PM,8,8,0
10/20/2014 08:00:00 PM,21,15,6
10/20/2014 07:00:00 PM,44,31,13
10/20/2014 06:00:00 PM,44,25,19
10/20/2014 05:00:00 PM,37,20,17
10/20/2014 04:00:00 PM,43,24,19
10/20/2014 03:00:00 PM,61,47,14
10/20/2014 02:00:00 PM,46,36,10
10/20/2014 01:00:00 PM,33,25,8
10/20/2014 12:00:00 PM,44,27,17
10/20/2014 11:00:00 AM,33,21,12
10/20/2014 10:00:00 AM,18,14,4
10/20/2014 09:00:00 AM,31,21,10
10/20/2014 08:00:00 AM,17,10,7
10/20/2014 07:00:00 AM,20,11,9
10/20/2014 06:00:00 AM,11,7,4
10/20/2014 05:00:00 AM,1,0,1
10/20/2014 04:00:00 AM,0,0,0
10/20/2014 03:00:00 AM,0,0,0
10/20/2014 02:00:00 AM,2,0,2
10/20/2014 01:00:00 AM,5,5,0
10/20/2014 12:00:00 AM,0,0,0
10/19/2014 11:00:00 PM,5,3,2
10/19/2014 10:00:00 PM,2,2,0
10/19/2014 09:00:00 PM,8,8,0
10/19/2014 08:00:00 PM,16,11,5
10/19/2014 07:00:00 PM,17,12,5
10/19/2014 06:00:00 PM,35,26,9
10/19/2014 05:00:00 PM,45,33,12
10/19/2014 04:00:00 PM,34,18,16
10/19/2014 03:00:00 PM,51,37,14
10/19/2014 02:00:00 PM,67,48,19
10/19/2014 01:00:00 PM,95,63,32
10/19/2014 12:00:00 PM,68,48,20
10/19/2014 11:00:00 AM,54,41,13
10/19/2014 10:00:00 AM,48,31,17
10/19/2014 09:00:00 AM,29,22,7
10/19/2014 08:00:00 AM,12,2,10
10/19/2014 07:00:00 AM,7,4,3
10/19/2014 06:00:00 AM,6,6,0
10/19/2014 05:00:00 AM,4,4,0
10/19/2014 04:00:00 AM,0,0,0
10/19/2014 03:00:00 AM,0,0,0
10/19/2014 02:00:00 AM,3,3,0
10/19/2014 01:00:00 AM,2,2,0
10/19/2014 12:00:00 AM,2,1,1
10/18/2014 11:00:00 PM,7,6,1
10/18/2014 10:00:00 PM,14,9,5
10/18/2014 09:00:00 PM,19,14,5
10/18/2014 08:00:00 PM,33,23,10
10/18/2014 07:00:00 PM,19,15,4
10/18/2014 06:00:00 PM,56,43,13
10/18/2014 05:00:00 PM,68,48,20
10/18/2014 04:00:00 PM,48,37,11
10/18/2014 03:00:00 PM,57,35,22
10/18/2014 02:00:00 PM,49,31,18
10/18/2014 01:00:00 PM,58,40,18
10/18/2014 12:00:00 PM,85,57,28
10/18/2014 11:00:00 AM,85,54,31
10/18/2014 10:00:00 AM,64,44,20
10/18/2014 09:00:00 AM,47,38,9
10/18/2014 08:00:00 AM,20,15,5
10/18/2014 07:00:00 AM,12,11,1
10/18/2014 06:00:00 AM,4,4,0
10/18/2014 05:00:00 AM,4,4,0
10/18/2014 04:00:00 AM,0,0,0
10/18/2014 03:00:00 AM,0,0,0
10/18/2014 02:00:00 AM,3,2,1
10/18/2014 01:00:00 AM,1,1,0
10/18/2014 12:00:00 AM,4,4,0
10/17/2014 11:00:00 PM,3,3,0
10/17/2014 10:00:00 PM,5,5,0
10/17/2014 09:00:00 PM,23,17,6
10/17/2014 08:00:00 PM,38,31,7
10/17/2014 07:00:00 PM,35,27,8
10/17/2014 06:00:00 PM,68,40,28
10/17/2014 05:00:00 PM,54,37,17
10/17/2014 04:00:00 PM,47,34,13
10/17/2014 03:00:00 PM,30,21,9
10/17/2014 02:00:00 PM,55,42,13
10/17/2014 01:00:00 PM,46,36,10
10/17/2014 12:00:00 PM,27,19,8
10/17/2014 11:00:00 AM,42,37,5
10/17/2014 10:00:00 AM,34,26,8
10/17/2014 09:00:00 AM,50,42,8
10/17/2014 08:00:00 AM,29,22,7
10/17/2014 07:00:00 AM,20,12,8
10/17/2014 06:00:00 AM,17,15,2
10/17/2014 05:00:00 AM,7,4,3
10/17/2014 04:00:00 AM,0,0,0
10/17/2014 03:00:00 AM,3,2,1
10/17/2014 02:00:00 AM,4,2,2
10/17/2014 01:00:00 AM,0,0,0
10/17/2014 12:00:00 AM,7,5,2
10/16/2014 11:00:00 PM,3,3,0
10/16/2014 10:00:00 PM,8,8,0
10/16/2014 09:00:00 PM,12,10,2
10/16/2014 08:00:00 PM,29,21,8
10/16/2014 07:00:00 PM,56,41,15
10/16/2014 06:00:00 PM,58,46,12
10/16/2014 05:00:00 PM,48,33,15
10/16/2014 04:00:00 PM,47,33,14
10/16/2014 03:00:00 PM,44,24,20
10/16/2014 02:00:00 PM,36,18,18
10/16/2014 01:00:00 PM,53,33,20
10/16/2014 12:00:00 PM,44,32,12
10/16/2014 11:00:00 AM,36,27,9
10/16/2014 10:00:00 AM,30,17,13
10/16/2014 09:00:00 AM,17,13,4
10/16/2014 08:00:00 AM,42,28,14
10/16/2014 07:00:00 AM,24,19,5
10/16/2014 06:00:00 AM,17,15,2
10/16/2014 05:00:00 AM,2,2,0
10/16/2014 04:00:00 AM,2,2,0
10/16/2014 03:00:00 AM,0,0,0
10/16/2014 02:00:00 AM,0,0,0
10/16/2014 01:00:00 AM,1,1,0
10/16/2014 12:00:00 AM,5,5,0
10/15/2014 11:00:00 PM,7,5,2
10/15/2014 10:00:00 PM,1,1,0
10/15/2014 09:00:00 PM,10,5,5
10/15/2014 08:00:00 PM,15,8,7
10/15/2014 07:00:00 PM,28,18,10
10/15/2014 06:00:00 PM,40,22,18
10/15/2014 05:00:00 PM,38,26,12
10/15/2014 04:00:00 PM,44,33,11
10/15/2014 03:00:00 PM,41,32,9
10/15/2014 02:00:00 PM,48,33,15
10/15/2014 01:00:00 PM,43,33,10
10/15/2014 12:00:00 PM,41,22,19
10/15/2014 11:00:00 AM,35,29,6
10/15/2014 10:00:00 AM,40,35,5
10/15/2014 09:00:00 AM,49,36,13
10/15/2014 08:00:00 AM,56,39,17
10/15/2014 07:00:00 AM,24,22,2
10/15/2014 06:00:00 AM,12,10,2
10/15/2014 05:00:00 AM,3,2,1
10/15/2014 04:00:00 AM,0,0,0
10/15/2014 03:00:00 AM,1,0,1
10/15/2014 02:00:00 AM,5,2,3
10/15/2014 01:00:00 AM,0,0,0
10/15/2014 12:00:00 AM,2,1,1
10/14/2014 11:00:00 PM,5,4,1
10/14/2014 10:00:00 PM,14,12,2
10/14/2014 09:00:00 PM,5,4,1
10/14/2014 08:00:00 PM,26,13,13
10/14/2014 07:00:00 PM,32,24,8
10/14/2014 06:00:00 PM,47,31,16
10/14/2014 05:00:00 PM,52,34,18
10/14/2014 04:00:00 PM,28,14,14
10/14/2014 03:00:00 PM,31,19,12
10/14/2014 02:00:00 PM,39,27,12
10/14/2014 01:00:00 PM,33,21,12
10/14/2014 12:00:00 PM,44,27,17
10/14/2014 11:00:00 AM,24,13,11
10/14/2014 10:00:00 AM,21,12,9
10/14/2014 09:00:00 AM,47,27,20
10/14/2014 08:00:00 AM,40,27,13
10/14/2014 07:00:00 AM,38,28,10
10/14/2014 06:00:00 AM,13,8,5
10/14/2014 05:00:00 AM,1,0,1
10/14/2014 04:00:00 AM,0,0,0
10/14/2014 03:00:00 AM,0,0,0
10/14/2014 02:00:00 AM,6,6,0
10/14/2014 01:00:00 AM,1,0,1
10/14/2014 12:00:00 AM,2,2,0
10/13/2014 11:00:00 PM,4,4,0
10/13/2014 10:00:00 PM,14,12,2
10/13/2014 09:00:00 PM,16,15,1
10/13/2014 08:00:00 PM,13,12,1
10/13/2014 07:00:00 PM,38,30,8
10/13/2014 06:00:00 PM,32,18,14
10/13/2014 05:00:00 PM,63,35,28
10/13/2014 04:00:00 PM,37,30,7
10/13/2014 03:00:00 PM,44,29,15
10/13/2014 02:00:00 PM,45,35,10
10/13/2014 01:00:00 PM,40,23,17
10/13/2014 12:00:00 PM,48,31,17
10/13/2014 11:00:00 AM,32,24,8
10/13/2014 10:00:00 AM,28,23,5
10/13/2014 09:00:00 AM,23,12,11
10/13/2014 08:00:00 AM,38,24,14
10/13/2014 07:00:00 AM,30,23,7
10/13/2014 06:00:00 AM,16,13,3
10/13/2014 05:00:00 AM,1,0,1
10/13/2014 04:00:00 AM,0,0,0
10/13/2014 03:00:00 AM,2,2,0
10/13/2014 02:00:00 AM,4,4,0
10/13/2014 01:00:00 AM,2,2,0
10/13/2014 12:00:00 AM,4,4,0
10/12/2014 11:00:00 PM,2,2,0
10/12/2014 10:00:00 PM,9,6,3
10/12/2014 09:00:00 PM,12,7,5
10/12/2014 08:00:00 PM,17,14,3
10/12/2014 07:00:00 PM,22,19,3
10/12/2014 06:00:00 PM,27,21,6
10/12/2014 05:00:00 PM,40,26,14
10/12/2014 04:00:00 PM,33,28,5
10/12/2014 03:00:00 PM,38,28,10
10/12/2014 02:00:00 PM,44,32,12
10/12/2014 01:00:00 PM,53,41,12
10/12/2014 12:00:00 PM,65,50,15
10/12/2014 11:00:00 AM,61,49,12
10/12/2014 10:00:00 AM,43,26,17
10/12/2014 09:00:00 AM,26,17,9
10/12/2014 08:00:00 AM,15,9,6
10/12/2014 07:00:00 AM,4,3,1
10/12/2014 06:00:00 AM,5,5,0
10/12/2014 05:00:00 AM,0,0,0
10/12/2014 04:00:00 AM,0,0,0
10/12/2014 03:00:00 AM,0,0,0
10/12/2014 02:00:00 AM,4,4,0
10/12/2014 01:00:00 AM,10,10,0
10/12/2014 12:00:00 AM,9,9,0
10/11/2014 11:00:00 PM,18,15,3
10/11/2014 10:00:00 PM,16,11,5
10/11/2014 09:00:00 PM,23,12,11
10/11/2014 08:00:00 PM,20,14,6
10/11/2014 07:00:00 PM,39,27,12
10/11/2014 06:00:00 PM,54,40,14
10/11/2014 05:00:00 PM,55,42,13
10/11/2014 04:00:00 PM,27,24,3
10/11/2014 03:00:00 PM,54,37,17
10/11/2014 02:00:00 PM,70,53,17
10/11/2014 01:00:00 PM,55,38,17
10/11/2014 12:00:00 PM,61,42,19
10/11/2014 11:00:00 AM,67,43,24
10/11/2014 10:00:00 AM,50,32,18
10/11/2014 09:00:00 AM,43,28,15
10/11/2014 08:00:00 AM,16,13,3
10/11/2014 07:00:00 AM,8,7,1
10/11/2014 06:00:00 AM,5,5,0
10/11/2014 05:00:00 AM,3,3,0
10/11/2014 04:00:00 AM,3,3,0
10/11/2014 03:00:00 AM,1,0,1
10/11/2014 02:00:00 AM,4,4,0
10/11/2014 01:00:00 AM,1,0,1
10/11/2014 12:00:00 AM,7,5,2
10/10/2014 11:00:00 PM,8,7,1
10/10/2014 10:00:00 PM,12,10,2
10/10/2014 09:00:00 PM,7,6,1
10/10/2014 08:00:00 PM,20,17,3
10/10/2014 07:00:00 PM,33,26,7
10/10/2014 06:00:00 PM,51,33,18
10/10/2014 05:00:00 PM,64,51,13
10/10/2014 04:00:00 PM,50,39,11
10/10/2014 03:00:00 PM,30,18,12
10/10/2014 02:00:00 PM,40,30,10
10/10/2014 01:00:00 PM,47,33,14
10/10/2014 12:00:00 PM,67,40,27
10/10/2014 11:00:00 AM,52,40,12
10/10/2014 10:00:00 AM,43,31,12
10/10/2014 09:00:00 AM,37,34,3
10/10/2014 08:00:00 AM,44,35,9
10/10/2014 07:00:00 AM,20,17,3
10/10/2014 06:00:00 AM,7,3,4
10/10/2014 05:00:00 AM,3,2,1
10/10/2014 04:00:00 AM,0,0,0
10/10/2014 03:00:00 AM,2,0,2
10/10/2014 02:00:00 AM,4,4,0
10/10/2014 01:00:00 AM,3,3,0
10/10/2014 12:00:00 AM,6,6,0
10/09/2014 11:00:00 PM,15,14,1
10/09/2014 10:00:00 PM,13,10,3
10/09/2014 09:00:00 PM,13,10,3
10/09/2014 08:00:00 PM,23,15,8
10/09/2014 07:00:00 PM,33,24,9
10/09/2014 06:00:00 PM,49,36,13
10/09/2014 05:00:00 PM,41,32,9
10/09/2014 04:00:00 PM,37,27,10
10/09/2014 03:00:00 PM,33,24,9
10/09/2014 02:00:00 PM,40,26,14
10/09/2014 01:00:00 PM,35,20,15
10/09/2014 12:00:00 PM,43,27,16
10/09/2014 11:00:00 AM,30,19,11
10/09/2014 10:00:00 AM,37,23,14
10/09/2014 09:00:00 AM,24,20,4
10/09/2014 08:00:00 AM,24,19,5
10/09/2014 07:00:00 AM,38,32,6
10/09/2014 06:00:00 AM,16,14,2
10/09/2014 05:00:00 AM,9,7,2
10/09/2014 04:00:00 AM,0,0,0
10/09/2014 03:00:00 AM,1,0,1
10/09/2014 02:00:00 AM,0,0,0
10/09/2014 01:00:00 AM,3,3,0
10/09/2014 12:00:00 AM,4,4,0
10/08/2014 11:00:00 PM,4,4,0
10/08/2014 10:00:00 PM,9,6,3
10/08/2014 09:00:00 PM,11,11,0
10/08/2014 08:00:00 PM,17,12,5
10/08/2014 07:00:00 PM,45,38,7
10/08/2014 06:00:00 PM,55,37,18
10/08/2014 05:00:00 PM,53,35,18
10/08/2014 04:00:00 PM,35,30,5
10/08/2014 03:00:00 PM,39,32,7
10/08/2014 02:00:00 PM,25,13,12
10/08/2014 01:00:00 PM,46,35,11
10/08/2014 12:00:00 PM,42,32,10
10/08/2014 11:00:00 AM,39,26,13
10/08/2014 10:00:00 AM,28,21,7
10/08/2014 09:00:00 AM,32,27,5
10/08/2014 08:00:00 AM,43,36,7
10/08/2014 07:00:00 AM,32,26,6
10/08/2014 06:00:00 AM,10,7,3
10/08/2014 05:00:00 AM,4,3,1
10/08/2014 04:00:00 AM,0,0,0
10/08/2014 03:00:00 AM,0,0,0
10/08/2014 02:00:00 AM,0,0,0
10/08/2014 01:00:00 AM,2,2,0
10/08/2014 12:00:00 AM,1,0,1
10/07/2014 11:00:00 PM,4,4,0
10/07/2014 10:00:00 PM,8,6,2
10/07/2014 09:00:00 PM,14,11,3
10/07/2014 08:00:00 PM,17,16,1
10/07/2014 07:00:00 PM,42,28,14
10/07/2014 06:00:00 PM,37,20,17
10/07/2014 05:00:00 PM,59,41,18
10/07/2014 04:00:00 PM,33,28,5
10/07/2014 03:00:00 PM,24,15,9
10/07/2014 02:00:00 PM,40,28,12
10/07/2014 01:00:00 PM,27,25,2
10/07/2014 12:00:00 PM,38,26,12
10/07/2014 11:00:00 AM,50,39,11
10/07/2014 10:00:00 AM,30,24,6
10/07/2014 09:00:00 AM,26,17,9
10/07/2014 08:00:00 AM,52,46,6
10/07/2014 07:00:00 AM,39,30,9
10/07/2014 06:00:00 AM,10,6,4
10/07/2014 05:00:00 AM,2,2,0
10/07/2014 04:00:00 AM,2,2,0
10/07/2014 03:00:00 AM,2,2,0
10/07/2014 02:00:00 AM,2,1,1
10/07/2014 01:00:00 AM,3,2,1
10/07/2014 12:00:00 AM,0,0,0
10/06/2014 11:00:00 PM,5,4,1
10/06/2014 10:00:00 PM,4,4,0
10/06/2014 09:00:00 PM,17,11,6
10/06/2014 08:00:00 PM,17,15,2
10/06/2014 07:00:00 PM,25,20,5
10/06/2014 06:00:00 PM,42,33,9
10/06/2014 05:00:00 PM,59,41,18
10/06/2014 04:00:00 PM,40,21,19
10/06/2014 03:00:00 PM,51,41,10
10/06/2014 02:00:00 PM,54,44,10
10/06/2014 01:00:00 PM,29,19,10
10/06/2014 12:00:00 PM,28,16,12
10/06/2014 11:00:00 AM,35,25,10
10/06/2014 10:00:00 AM,23,20,3
10/06/2014 09:00:00 AM,25,14,11
10/06/2014 08:00:00 AM,34,29,5
10/06/2014 07:00:00 AM,28,19,9
10/06/2014 06:00:00 AM,15,10,5
10/06/2014 05:00:00 AM,0,0,0
10/06/2014 04:00:00 AM,0,0,0
10/06/2014 03:00:00 AM,2,2,0
10/06/2014 02:00:00 AM,0,0,0
10/06/2014 01:00:00 AM,0,0,0
10/06/2014 12:00:00 AM,0,0,0
10/05/2014 11:00:00 PM,5,4,1
10/05/2014 10:00:00 PM,4,2,2
10/05/2014 09:00:00 PM,8,7,1
10/05/2014 08:00:00 PM,20,17,3
10/05/2014 07:00:00 PM,22,15,7
10/05/2014 06:00:00 PM,33,24,9
10/05/2014 05:00:00 PM,40,30,10
10/05/2014 04:00:00 PM,51,37,14
10/05/2014 03:00:00 PM,54,37,17
10/05/2014 02:00:00 PM,60,36,24
10/05/2014 01:00:00 PM,66,45,21
10/05/2014 12:00:00 PM,76,47,29
10/05/2014 11:00:00 AM,39,16,23
10/05/2014 10:00:00 AM,48,30,18
10/05/2014 09:00:00 AM,25,19,6
10/05/2014 08:00:00 AM,24,19,5
10/05/2014 07:00:00 AM,3,2,1
10/05/2014 06:00:00 AM,0,0,0
10/05/2014 05:00:00 AM,2,2,0
10/05/2014 04:00:00 AM,0,0,0
10/05/2014 03:00:00 AM,0,0,0
10/05/2014 02:00:00 AM,6,4,2
10/05/2014 01:00:00 AM,7,6,1
10/05/2014 12:00:00 AM,9,9,0
10/04/2014 11:00:00 PM,4,3,1
10/04/2014 10:00:00 PM,9,6,3
10/04/2014 09:00:00 PM,32,18,14
10/04/2014 08:00:00 PM,40,25,15
10/04/2014 07:00:00 PM,51,41,10
10/04/2014 06:00:00 PM,55,30,25
10/04/2014 05:00:00 PM,49,23,26
10/04/2014 04:00:00 PM,75,52,23
10/04/2014 03:00:00 PM,57,46,11
10/04/2014 02:00:00 PM,62,43,19
10/04/2014 01:00:00 PM,78,56,22
10/04/2014 12:00:00 PM,57,34,23
10/04/2014 11:00:00 AM,48,28,20
10/04/2014 10:00:00 AM,30,20,10
10/04/2014 09:00:00 AM,45,40,5
10/04/2014 08:00:00 AM,12,9,3
10/04/2014 07:00:00 AM,7,5,2
10/04/2014 06:00:00 AM,7,6,1
10/04/2014 05:00:00 AM,3,3,0
10/04/2014 04:00:00 AM,0,0,0
10/04/2014 03:00:00 AM,5,5,0
10/04/2014 02:00:00 AM,2,1,1
10/04/2014 01:00:00 AM,0,0,0
10/04/2014 12:00:00 AM,0,0,0
10/03/2014 11:00:00 PM,12,11,1
10/03/2014 10:00:00 PM,8,7,1
10/03/2014 09:00:00 PM,16,13,3
10/03/2014 08:00:00 PM,20,17,3
10/03/2014 07:00:00 PM,57,43,14
10/03/2014 06:00:00 PM,69,52,17
10/03/2014 05:00:00 PM,70,48,22
10/03/2014 04:00:00 PM,48,36,12
10/03/2014 03:00:00 PM,51,39,12
10/03/2014 02:00:00 PM,51,33,18
10/03/2014 01:00:00 PM,53,34,19
10/03/2014 12:00:00 PM,64,50,14
10/03/2014 11:00:00 AM,35,29,6
10/03/2014 10:00:00 AM,39,26,13
10/03/2014 09:00:00 AM,36,25,11
10/03/2014 08:00:00 AM,28,18,10
10/03/2014 07:00:00 AM,25,19,6
10/03/2014 06:00:00 AM,6,5,1
10/03/2014 05:00:00 AM,0,0,0
10/03/2014 04:00:00 AM,0,0,0
10/03/2014 03:00:00 AM,3,2,1
10/03/2014 02:00:00 AM,1,1,0
10/03/2014 01:00:00 AM,2,2,0
10/03/2014 12:00:00 AM,4,3,1
10/02/2014 11:00:00 PM,7,6,1
10/02/2014 10:00:00 PM,12,9,3
10/02/2014 09:00:00 PM,15,13,2
10/02/2014 08:00:00 PM,20,11,9
10/02/2014 07:00:00 PM,38,29,9
10/02/2014 06:00:00 PM,39,21,18
10/02/2014 05:00:00 PM,51,33,18
10/02/2014 04:00:00 PM,47,32,15
10/02/2014 03:00:00 PM,35,28,7
10/02/2014 02:00:00 PM,36,30,6
10/02/2014 01:00:00 PM,32,23,9
10/02/2014 12:00:00 PM,37,23,14
10/02/2014 11:00:00 AM,43,25,18
10/02/2014 10:00:00 AM,38,29,9
10/02/2014 09:00:00 AM,51,42,9
10/02/2014 08:00:00 AM,43,34,9
10/02/2014 07:00:00 AM,30,24,6
10/02/2014 06:00:00 AM,14,13,1
10/02/2014 05:00:00 AM,4,3,1
10/02/2014 04:00:00 AM,0,0,0
10/02/2014 03:00:00 AM,0,0,0
10/02/2014 02:00:00 AM,0,0,0
10/02/2014 01:00:00 AM,0,0,0
10/02/2014 12:00:00 AM,4,4,0
10/01/2014 11:00:00 PM,10,10,0
10/01/2014 10:00:00 PM,14,11,3
10/01/2014 09:00:00 PM,13,10,3
10/01/2014 08:00:00 PM,17,15,2
10/01/2014 07:00:00 PM,34,24,10
10/01/2014 06:00:00 PM,26,20,6
10/01/2014 05:00:00 PM,57,45,12
10/01/2014 04:00:00 PM,55,44,11
10/01/2014 03:00:00 PM,46,33,13
10/01/2014 02:00:00 PM,44,29,15
10/01/2014 01:00:00 PM,31,19,12
10/01/2014 12:00:00 PM,28,20,8
10/01/2014 11:00:00 AM,42,35,7
10/01/2014 10:00:00 AM,28,20,8
10/01/2014 09:00:00 AM,28,23,5
10/01/2014 08:00:00 AM,50,32,18
10/01/2014 07:00:00 AM,41,32,9
10/01/2014 06:00:00 AM,15,12,3
10/01/2014 05:00:00 AM,3,2,1
10/01/2014 04:00:00 AM,0,0,0
10/01/2014 03:00:00 AM,0,0,0
10/01/2014 02:00:00 AM,0,0,0
10/01/2014 01:00:00 AM,0,0,0
10/01/2014 12:00:00 AM,2,1,1
09/30/2014 11:00:00 PM,0,0,0
09/30/2014 10:00:00 PM,4,4,0
09/30/2014 09:00:00 PM,12,10,2
09/30/2014 08:00:00 PM,23,18,5
09/30/2014 07:00:00 PM,28,15,13
09/30/2014 06:00:00 PM,39,24,15
09/30/2014 05:00:00 PM,41,31,10
09/30/2014 04:00:00 PM,41,26,15
09/30/2014 03:00:00 PM,40,27,13
09/30/2014 02:00:00 PM,47,43,4
09/30/2014 01:00:00 PM,37,27,10
09/30/2014 12:00:00 PM,41,28,13
09/30/2014 11:00:00 AM,28,21,7
09/30/2014 10:00:00 AM,44,31,13
09/30/2014 09:00:00 AM,30,15,15
09/30/2014 08:00:00 AM,48,36,12
09/30/2014 07:00:00 AM,38,32,6
09/30/2014 06:00:00 AM,10,5,5
09/30/2014 05:00:00 AM,1,0,1
09/30/2014 04:00:00 AM,2,2,0
09/30/2014 03:00:00 AM,0,0,0
09/30/2014 02:00:00 AM,0,0,0
09/30/2014 01:00:00 AM,0,0,0
09/30/2014 12:00:00 AM,2,2,0
09/29/2014 11:00:00 PM,4,4,0
09/29/2014 10:00:00 PM,2,1,1
09/29/2014 09:00:00 PM,12,10,2
09/29/2014 08:00:00 PM,29,24,5
09/29/2014 07:00:00 PM,18,14,4
09/29/2014 06:00:00 PM,38,26,12
09/29/2014 05:00:00 PM,29,18,11
09/29/2014 04:00:00 PM,39,34,5
09/29/2014 03:00:00 PM,36,22,14
09/29/2014 02:00:00 PM,23,16,7
09/29/2014 01:00:00 PM,35,29,6
09/29/2014 12:00:00 PM,40,32,8
09/29/2014 11:00:00 AM,32,25,7
09/29/2014 10:00:00 AM,31,20,11
09/29/2014 09:00:00 AM,37,31,6
09/29/2014 08:00:00 AM,57,45,12
09/29/2014 07:00:00 AM,43,32,11
09/29/2014 06:00:00 AM,11,10,1
09/29/2014 05:00:00 AM,2,2,0
09/29/2014 04:00:00 AM,2,1,1
09/29/2014 03:00:00 AM,0,0,0
09/29/2014 02:00:00 AM,0,0,0
09/29/2014 01:00:00 AM,0,0,0
09/29/2014 12:00:00 AM,2,2,0
09/28/2014 11:00:00 PM,6,6,0
09/28/2014 10:00:00 PM,6,6,0
09/28/2014 09:00:00 PM,14,14,0
09/28/2014 08:00:00 PM,13,13,0
09/28/2014 07:00:00 PM,35,31,4
09/28/2014 06:00:00 PM,54,43,11
09/28/2014 05:00:00 PM,93,70,23
09/28/2014 04:00:00 PM,101,79,22
09/28/2014 03:00:00 PM,117,93,24
09/28/2014 02:00:00 PM,173,147,26
09/28/2014 01:00:00 PM,149,113,36
09/28/2014 12:00:00 PM,149,105,44
09/28/2014 11:00:00 AM,106,87,19
09/28/2014 10:00:00 AM,109,83,26
09/28/2014 09:00:00 AM,70,54,16
09/28/2014 08:00:00 AM,24,16,8
09/28/2014 07:00:00 AM,7,4,3
09/28/2014 06:00:00 AM,0,0,0
09/28/2014 05:00:00 AM,0,0,0
09/28/2014 04:00:00 AM,1,0,1
09/28/2014 03:00:00 AM,2,2,0
09/28/2014 02:00:00 AM,7,7,0
09/28/2014 01:00:00 AM,4,4,0
09/28/2014 12:00:00 AM,5,5,0
09/27/2014 11:00:00 PM,14,13,1
09/27/2014 10:00:00 PM,8,8,0
09/27/2014 09:00:00 PM,26,22,4
09/27/2014 08:00:00 PM,29,27,2
09/27/2014 07:00:00 PM,62,58,4
09/27/2014 06:00:00 PM,38,27,11
09/27/2014 05:00:00 PM,63,50,13
09/27/2014 04:00:00 PM,60,39,21
09/27/2014 03:00:00 PM,52,34,18
09/27/2014 02:00:00 PM,49,29,20
09/27/2014 01:00:00 PM,53,31,22
09/27/2014 12:00:00 PM,61,45,16
09/27/2014 11:00:00 AM,54,36,18
09/27/2014 10:00:00 AM,46,25,21
09/27/2014 09:00:00 AM,25,16,9
09/27/2014 08:00:00 AM,13,8,5
09/27/2014 07:00:00 AM,3,1,2
09/27/2014 06:00:00 AM,8,6,2
09/27/2014 05:00:00 AM,0,0,0
09/27/2014 04:00:00 AM,2,2,0
09/27/2014 03:00:00 AM,0,0,0
09/27/2014 02:00:00 AM,4,4,0
09/27/2014 01:00:00 AM,4,4,0
09/27/2014 12:00:00 AM,10,6,4
09/26/2014 11:00:00 PM,9,5,4
09/26/2014 10:00:00 PM,16,13,3
09/26/2014 09:00:00 PM,19,14,5
09/26/2014 08:00:00 PM,31,23,8
09/26/2014 07:00:00 PM,28,24,4
09/26/2014 06:00:00 PM,57,47,10
09/26/2014 05:00:00 PM,43,31,12
09/26/2014 04:00:00 PM,50,31,19
09/26/2014 03:00:00 PM,42,34,8
09/26/2014 02:00:00 PM,32,23,9
09/26/2014 01:00:00 PM,41,35,6
09/26/2014 12:00:00 PM,49,34,15
09/26/2014 11:00:00 AM,38,30,8
09/26/2014 10:00:00 AM,25,16,9
09/26/2014 09:00:00 AM,60,51,9
09/26/2014 08:00:00 AM,37,30,7
09/26/2014 07:00:00 AM,32,23,9
09/26/2014 06:00:00 AM,13,8,5
09/26/2014 05:00:00 AM,4,3,1
09/26/2014 04:00:00 AM,1,1,0
09/26/2014 03:00:00 AM,0,0,0
09/26/2014 02:00:00 AM,1,0,1
09/26/2014 01:00:00 AM,2,2,0
09/26/2014 12:00:00 AM,4,4,0
09/25/2014 11:00:00 PM,5,5,0
09/25/2014 10:00:00 PM,17,13,4
09/25/2014 09:00:00 PM,10,9,1
09/25/2014 08:00:00 PM,16,14,2
09/25/2014 07:00:00 PM,29,14,15
09/25/2014 06:00:00 PM,64,39,25
09/25/2014 05:00:00 PM,57,38,19
09/25/2014 04:00:00 PM,54,46,8
09/25/2014 03:00:00 PM,31,23,8
09/25/2014 02:00:00 PM,34,22,12
09/25/2014 01:00:00 PM,25,16,9
09/25/2014 12:00:00 PM,32,17,15
09/25/2014 11:00:00 AM,36,30,6
09/25/2014 10:00:00 AM,35,30,5
09/25/2014 09:00:00 AM,44,37,7
09/25/2014 08:00:00 AM,34,25,9
09/25/2014 07:00:00 AM,37,31,6
09/25/2014 06:00:00 AM,18,15,3
09/25/2014 05:00:00 AM,4,4,0
09/25/2014 04:00:00 AM,2,2,0
09/25/2014 03:00:00 AM,0,0,0
09/25/2014 02:00:00 AM,0,0,0
09/25/2014 01:00:00 AM,5,3,2
09/25/2014 12:00:00 AM,1,0,1
09/24/2014 11:00:00 PM,2,2,0
09/24/2014 10:00:00 PM,9,8,1
09/24/2014 09:00:00 PM,10,10,0
09/24/2014 08:00:00 PM,23,16,7
09/24/2014 07:00:00 PM,36,31,5
09/24/2014 06:00:00 PM,64,48,16
09/24/2014 05:00:00 PM,38,30,8
09/24/2014 04:00:00 PM,37,30,7
09/24/2014 03:00:00 PM,31,25,6
09/24/2014 02:00:00 PM,32,25,7
09/24/2014 01:00:00 PM,50,31,19
09/24/2014 12:00:00 PM,30,21,9
09/24/2014 11:00:00 AM,39,29,10
09/24/2014 10:00:00 AM,34,32,2
09/24/2014 09:00:00 AM,41,36,5
09/24/2014 08:00:00 AM,40,29,11
09/24/2014 07:00:00 AM,32,23,9
09/24/2014 06:00:00 AM,12,5,7
09/24/2014 05:00:00 AM,5,5,0
09/24/2014 04:00:00 AM,0,0,0
09/24/2014 03:00:00 AM,0,0,0
09/24/2014 02:00:00 AM,2,2,0
09/24/2014 01:00:00 AM,1,1,0
09/24/2014 12:00:00 AM,3,1,2
09/23/2014 11:00:00 PM,0,0,0
09/23/2014 10:00:00 PM,12,12,0
09/23/2014 09:00:00 PM,14,12,2
09/23/2014 08:00:00 PM,11,9,2
09/23/2014 07:00:00 PM,17,15,2
09/23/2014 06:00:00 PM,28,17,11
09/23/2014 05:00:00 PM,36,24,12
09/23/2014 04:00:00 PM,39,28,11
09/23/2014 03:00:00 PM,42,25,17
09/23/2014 02:00:00 PM,46,36,10
09/23/2014 01:00:00 PM,36,24,12
09/23/2014 12:00:00 PM,39,33,6
09/23/2014 11:00:00 AM,30,23,7
09/23/2014 10:00:00 AM,33,27,6
09/23/2014 09:00:00 AM,50,43,7
09/23/2014 08:00:00 AM,43,37,6
09/23/2014 07:00:00 AM,32,24,8
09/23/2014 06:00:00 AM,16,15,1
09/23/2014 05:00:00 AM,2,2,0
09/23/2014 04:00:00 AM,0,0,0
09/23/2014 03:00:00 AM,0,0,0
09/23/2014 02:00:00 AM,0,0,0
09/23/2014 01:00:00 AM,2,0,2
09/23/2014 12:00:00 AM,1,1,0
09/22/2014 11:00:00 PM,5,4,1
09/22/2014 10:00:00 PM,7,7,0
09/22/2014 09:00:00 PM,13,13,0
09/22/2014 08:00:00 PM,9,7,2
09/22/2014 07:00:00 PM,18,9,9
09/22/2014 06:00:00 PM,47,27,20
09/22/2014 05:00:00 PM,63,47,16
09/22/2014 04:00:00 PM,41,32,9
09/22/2014 03:00:00 PM,39,30,9
09/22/2014 02:00:00 PM,30,22,8
09/22/2014 01:00:00 PM,41,29,12
09/22/2014 12:00:00 PM,40,24,16
09/22/2014 11:00:00 AM,44,28,16
09/22/2014 10:00:00 AM,34,26,8
09/22/2014 09:00:00 AM,38,28,10
09/22/2014 08:00:00 AM,33,25,8
09/22/2014 07:00:00 AM,30,22,8
09/22/2014 06:00:00 AM,7,6,1
09/22/2014 05:00:00 AM,4,2,2
09/22/2014 04:00:00 AM,0,0,0
09/22/2014 03:00:00 AM,0,0,0
09/22/2014 02:00:00 AM,0,0,0
09/22/2014 01:00:00 AM,0,0,0
09/22/2014 12:00:00 AM,3,2,1
09/21/2014 11:00:00 PM,3,3,0
09/21/2014 10:00:00 PM,6,5,1
09/21/2014 09:00:00 PM,9,6,3
09/21/2014 08:00:00 PM,9,7,2
09/21/2014 07:00:00 PM,27,23,4
09/21/2014 06:00:00 PM,47,34,13
09/21/2014 05:00:00 PM,45,30,15
09/21/2014 04:00:00 PM,31,20,11
09/21/2014 03:00:00 PM,30,22,8
09/21/2014 02:00:00 PM,54,39,15
09/21/2014 01:00:00 PM,59,38,21
09/21/2014 12:00:00 PM,73,51,22
09/21/2014 11:00:00 AM,42,23,19
09/21/2014 10:00:00 AM,56,41,15
09/21/2014 09:00:00 AM,22,17,5
09/21/2014 08:00:00 AM,10,4,6
09/21/2014 07:00:00 AM,4,4,0
09/21/2014 06:00:00 AM,0,0,0
09/21/2014 05:00:00 AM,3,2,1
09/21/2014 04:00:00 AM,1,0,1
09/21/2014 03:00:00 AM,3,3,0
09/21/2014 02:00:00 AM,3,3,0
09/21/2014 01:00:00 AM,3,2,1
09/21/2014 12:00:00 AM,7,5,2
09/20/2014 11:00:00 PM,5,5,0
09/20/2014 10:00:00 PM,11,9,2
09/20/2014 09:00:00 PM,24,19,5
09/20/2014 08:00:00 PM,25,24,1
09/20/2014 07:00:00 PM,42,34,8
09/20/2014 06:00:00 PM,41,32,9
09/20/2014 05:00:00 PM,43,31,12
09/20/2014 04:00:00 PM,41,29,12
09/20/2014 03:00:00 PM,58,40,18
09/20/2014 02:00:00 PM,38,27,11
09/20/2014 01:00:00 PM,60,45,15
09/20/2014 12:00:00 PM,52,34,18
09/20/2014 11:00:00 AM,64,40,24
09/20/2014 10:00:00 AM,42,27,15
09/20/2014 09:00:00 AM,46,38,8
09/20/2014 08:00:00 AM,21,17,4
09/20/2014 07:00:00 AM,9,8,1
09/20/2014 06:00:00 AM,10,8,2
09/20/2014 05:00:00 AM,7,6,1
09/20/2014 04:00:00 AM,1,1,0
09/20/2014 03:00:00 AM,0,0,0
09/20/2014 02:00:00 AM,0,0,0
09/20/2014 01:00:00 AM,7,4,3
09/20/2014 12:00:00 AM,6,6,0
09/19/2014 11:00:00 PM,10,9,1
09/19/2014 10:00:00 PM,8,6,2
09/19/2014 09:00:00 PM,32,25,7
09/19/2014 08:00:00 PM,25,19,6
09/19/2014 07:00:00 PM,43,27,16
09/19/2014 06:00:00 PM,43,29,14
09/19/2014 05:00:00 PM,61,44,17
09/19/2014 04:00:00 PM,59,45,14
09/19/2014 03:00:00 PM,30,26,4
09/19/2014 02:00:00 PM,47,40,7
09/19/2014 01:00:00 PM,43,35,8
09/19/2014 12:00:00 PM,57,44,13
09/19/2014 11:00:00 AM,46,38,8
09/19/2014 10:00:00 AM,38,23,15
09/19/2014 09:00:00 AM,34,26,8
09/19/2014 08:00:00 AM,45,27,18
09/19/2014 07:00:00 AM,27,22,5
09/19/2014 06:00:00 AM,12,8,4
09/19/2014 05:00:00 AM,4,4,0
09/19/2014 04:00:00 AM,3,3,0
09/19/2014 03:00:00 AM,3,3,0
09/19/2014 02:00:00 AM,0,0,0
09/19/2014 01:00:00 AM,0,0,0
09/19/2014 12:00:00 AM,2,2,0
09/18/2014 11:00:00 PM,8,8,0
09/18/2014 10:00:00 PM,6,6,0
09/18/2014 09:00:00 PM,16,13,3
09/18/2014 08:00:00 PM,37,29,8
09/18/2014 07:00:00 PM,34,23,11
09/18/2014 06:00:00 PM,55,40,15
09/18/2014 05:00:00 PM,36,16,20
09/18/2014 04:00:00 PM,30,22,8
09/18/2014 03:00:00 PM,19,14,5
09/18/2014 02:00:00 PM,32,26,6
09/18/2014 01:00:00 PM,43,38,5
09/18/2014 12:00:00 PM,35,25,10
09/18/2014 11:00:00 AM,34,26,8
09/18/2014 10:00:00 AM,33,30,3
09/18/2014 09:00:00 AM,41,34,7
09/18/2014 08:00:00 AM,34,21,13
09/18/2014 07:00:00 AM,38,29,9
09/18/2014 06:00:00 AM,9,5,4
09/18/2014 05:00:00 AM,8,4,4
09/18/2014 04:00:00 AM,0,0,0
09/18/2014 03:00:00 AM,0,0,0
09/18/2014 02:00:00 AM,0,0,0
09/18/2014 01:00:00 AM,0,0,0
09/18/2014 12:00:00 AM,6,6,0
09/17/2014 11:00:00 PM,10,8,2
09/17/2014 10:00:00 PM,12,12,0
09/17/2014 09:00:00 PM,23,12,11
09/17/2014 08:00:00 PM,32,28,4
09/17/2014 07:00:00 PM,31,25,6
09/17/2014 06:00:00 PM,64,43,21
09/17/2014 05:00:00 PM,32,23,9
09/17/2014 04:00:00 PM,46,36,10
09/17/2014 03:00:00 PM,42,32,10
09/17/2014 02:00:00 PM,48,39,9
09/17/2014 01:00:00 PM,24,19,5
09/17/2014 12:00:00 PM,48,34,14
09/17/2014 11:00:00 AM,42,35,7
09/17/2014 10:00:00 AM,22,17,5
09/17/2014 09:00:00 AM,46,35,11
09/17/2014 08:00:00 AM,44,33,11
09/17/2014 07:00:00 AM,28,23,5
09/17/2014 06:00:00 AM,20,18,2
09/17/2014 05:00:00 AM,4,4,0
09/17/2014 04:00:00 AM,0,0,0
09/17/2014 03:00:00 AM,2,2,0
09/17/2014 02:00:00 AM,0,0,0
09/17/2014 01:00:00 AM,0,0,0
09/17/2014 12:00:00 AM,3,2,1
09/16/2014 11:00:00 PM,6,6,0
09/16/2014 10:00:00 PM,10,6,4
09/16/2014 09:00:00 PM,17,17,0
09/16/2014 08:00:00 PM,30,23,7
09/16/2014 07:00:00 PM,54,40,14
09/16/2014 06:00:00 PM,49,35,14
09/16/2014 05:00:00 PM,64,44,20
09/16/2014 04:00:00 PM,41,32,9
09/16/2014 03:00:00 PM,40,26,14
09/16/2014 02:00:00 PM,35,28,7
09/16/2014 01:00:00 PM,50,38,12
09/16/2014 12:00:00 PM,28,22,6
09/16/2014 11:00:00 AM,28,21,7
09/16/2014 10:00:00 AM,31,23,8
09/16/2014 09:00:00 AM,35,25,10
09/16/2014 08:00:00 AM,32,24,8
09/16/2014 07:00:00 AM,32,22,10
09/16/2014 06:00:00 AM,15,12,3
09/16/2014 05:00:00 AM,3,3,0
09/16/2014 04:00:00 AM,0,0,0
09/16/2014 03:00:00 AM,0,0,0
09/16/2014 02:00:00 AM,2,2,0
09/16/2014 01:00:00 AM,2,2,0
09/16/2014 12:00:00 AM,0,0,0
09/15/2014 11:00:00 PM,1,1,0
09/15/2014 10:00:00 PM,16,12,4
09/15/2014 09:00:00 PM,26,21,5
09/15/2014 08:00:00 PM,27,27,0
09/15/2014 07:00:00 PM,51,34,17
09/15/2014 06:00:00 PM,46,30,16
09/15/2014 05:00:00 PM,53,29,24
09/15/2014 04:00:00 PM,43,31,12
09/15/2014 03:00:00 PM,65,51,14
09/15/2014 02:00:00 PM,21,14,7
09/15/2014 01:00:00 PM,7,3,4
09/15/2014 12:00:00 PM,11,3,8
09/15/2014 11:00:00 AM,12,3,9
09/15/2014 10:00:00 AM,6,3,3
09/15/2014 09:00:00 AM,9,3,6
09/15/2014 08:00:00 AM,16,9,7
09/15/2014 07:00:00 AM,40,33,7
09/15/2014 06:00:00 AM,9,6,3
09/15/2014 05:00:00 AM,5,3,2
09/15/2014 04:00:00 AM,2,2,0
09/15/2014 03:00:00 AM,2,2,0
09/15/2014 02:00:00 AM,1,0,1
09/15/2014 01:00:00 AM,0,0,0
09/15/2014 12:00:00 AM,2,2,0
09/14/2014 11:00:00 PM,5,3,2
09/14/2014 10:00:00 PM,2,2,0
09/14/2014 09:00:00 PM,22,20,2
09/14/2014 08:00:00 PM,21,17,4
09/14/2014 07:00:00 PM,41,30,11
09/14/2014 06:00:00 PM,28,17,11
09/14/2014 05:00:00 PM,53,31,22
09/14/2014 04:00:00 PM,34,15,19
09/14/2014 03:00:00 PM,27,17,10
09/14/2014 02:00:00 PM,39,27,12
09/14/2014 01:00:00 PM,55,35,20
09/14/2014 12:00:00 PM,65,45,20
09/14/2014 11:00:00 AM,57,34,23
09/14/2014 10:00:00 AM,42,24,18
09/14/2014 09:00:00 AM,31,19,12
09/14/2014 08:00:00 AM,16,9,7
09/14/2014 07:00:00 AM,4,1,3
09/14/2014 06:00:00 AM,4,4,0
09/14/2014 05:00:00 AM,4,4,0
09/14/2014 04:00:00 AM,2,2,0
09/14/2014 03:00:00 AM,0,0,0
09/14/2014 02:00:00 AM,1,1,0
09/14/2014 01:00:00 AM,7,6,1
09/14/2014 12:00:00 AM,4,3,1
09/13/2014 11:00:00 PM,8,6,2
09/13/2014 10:00:00 PM,14,9,5
09/13/2014 09:00:00 PM,7,5,2
09/13/2014 08:00:00 PM,26,17,9
09/13/2014 07:00:00 PM,44,33,11
09/13/2014 06:00:00 PM,40,24,16
09/13/2014 05:00:00 PM,48,41,7
09/13/2014 04:00:00 PM,33,28,5
09/13/2014 03:00:00 PM,50,29,21
09/13/2014 02:00:00 PM,39,28,11
09/13/2014 01:00:00 PM,48,29,19
09/13/2014 12:00:00 PM,40,20,20
09/13/2014 11:00:00 AM,64,44,20
09/13/2014 10:00:00 AM,26,10,16
09/13/2014 09:00:00 AM,43,25,18
09/13/2014 08:00:00 AM,18,11,7
09/13/2014 07:00:00 AM,5,3,2
09/13/2014 06:00:00 AM,2,2,0
09/13/2014 05:00:00 AM,3,3,0
09/13/2014 04:00:00 AM,1,0,1
09/13/2014 03:00:00 AM,0,0,0
09/13/2014 02:00:00 AM,2,0,2
09/13/2014 01:00:00 AM,5,5,0
09/13/2014 12:00:00 AM,8,2,6
09/12/2014 11:00:00 PM,9,6,3
09/12/2014 10:00:00 PM,14,12,2
09/12/2014 09:00:00 PM,20,17,3
09/12/2014 08:00:00 PM,27,16,11
09/12/2014 07:00:00 PM,32,18,14
09/12/2014 06:00:00 PM,45,33,12
09/12/2014 05:00:00 PM,49,30,19
09/12/2014 04:00:00 PM,52,35,17
09/12/2014 03:00:00 PM,45,25,20
09/12/2014 02:00:00 PM,66,58,8
09/12/2014 01:00:00 PM,37,21,16
09/12/2014 12:00:00 PM,39,25,14
09/12/2014 11:00:00 AM,32,23,9
09/12/2014 10:00:00 AM,51,19,32
09/12/2014 09:00:00 AM,38,29,9
09/12/2014 08:00:00 AM,32,21,11
09/12/2014 07:00:00 AM,20,14,6
09/12/2014 06:00:00 AM,3,2,1
09/12/2014 05:00:00 AM,4,3,1
09/12/2014 04:00:00 AM,0,0,0
09/12/2014 03:00:00 AM,0,0,0
09/12/2014 02:00:00 AM,0,0,0
09/12/2014 01:00:00 AM,0,0,0
09/12/2014 12:00:00 AM,2,1,1
09/11/2014 11:00:00 PM,5,4,1
09/11/2014 10:00:00 PM,6,6,0
09/11/2014 09:00:00 PM,13,10,3
09/11/2014 08:00:00 PM,36,23,13
09/11/2014 07:00:00 PM,49,29,20
09/11/2014 06:00:00 PM,48,32,16
09/11/2014 05:00:00 PM,62,46,16
09/11/2014 04:00:00 PM,47,29,18
09/11/2014 03:00:00 PM,52,35,17
09/11/2014 02:00:00 PM,45,31,14
09/11/2014 01:00:00 PM,49,44,5
09/11/2014 12:00:00 PM,44,30,14
09/11/2014 11:00:00 AM,34,24,10
09/11/2014 10:00:00 AM,32,26,6
09/11/2014 09:00:00 AM,45,33,12
09/11/2014 08:00:00 AM,27,16,11
09/11/2014 07:00:00 AM,36,25,11
09/11/2014 06:00:00 AM,20,16,4
09/11/2014 05:00:00 AM,8,8,0
09/11/2014 04:00:00 AM,3,2,1
09/11/2014 03:00:00 AM,0,0,0
09/11/2014 02:00:00 AM,0,0,0
09/11/2014 01:00:00 AM,0,0,0
09/11/2014 12:00:00 AM,0,0,0
09/10/2014 11:00:00 PM,8,7,1
09/10/2014 10:00:00 PM,11,10,1
09/10/2014 09:00:00 PM,24,17,7
09/10/2014 08:00:00 PM,30,24,6
09/10/2014 07:00:00 PM,55,38,17
09/10/2014 06:00:00 PM,70,53,17
09/10/2014 05:00:00 PM,44,28,16
09/10/2014 04:00:00 PM,41,30,11
09/10/2014 03:00:00 PM,39,26,13
09/10/2014 02:00:00 PM,36,29,7
09/10/2014 01:00:00 PM,55,33,22
09/10/2014 12:00:00 PM,39,27,12
09/10/2014 11:00:00 AM,29,23,6
09/10/2014 10:00:00 AM,25,18,7
09/10/2014 09:00:00 AM,44,32,12
09/10/2014 08:00:00 AM,53,39,14
09/10/2014 07:00:00 AM,46,37,9
09/10/2014 06:00:00 AM,11,10,1
09/10/2014 05:00:00 AM,3,2,1
09/10/2014 04:00:00 AM,2,2,0
09/10/2014 03:00:00 AM,2,2,0
09/10/2014 02:00:00 AM,0,0,0
09/10/2014 01:00:00 AM,0,0,0
09/10/2014 12:00:00 AM,3,2,1
09/09/2014 11:00:00 PM,5,5,0
09/09/2014 10:00:00 PM,3,2,1
09/09/2014 09:00:00 PM,29,23,6
09/09/2014 08:00:00 PM,28,18,10
09/09/2014 07:00:00 PM,39,24,15
09/09/2014 06:00:00 PM,42,31,11
09/09/2014 05:00:00 PM,63,39,24
09/09/2014 04:00:00 PM,60,47,13
09/09/2014 03:00:00 PM,36,23,13
09/09/2014 02:00:00 PM,56,36,20
09/09/2014 01:00:00 PM,46,32,14
09/09/2014 12:00:00 PM,27,23,4
09/09/2014 11:00:00 AM,28,21,7
09/09/2014 10:00:00 AM,26,20,6
09/09/2014 09:00:00 AM,33,22,11
09/09/2014 08:00:00 AM,67,48,19
09/09/2014 07:00:00 AM,32,25,7
09/09/2014 06:00:00 AM,14,7,7
09/09/2014 05:00:00 AM,6,4,2
09/09/2014 04:00:00 AM,1,0,1
09/09/2014 03:00:00 AM,1,0,1
09/09/2014 02:00:00 AM,0,0,0
09/09/2014 01:00:00 AM,0,0,0
09/09/2014 12:00:00 AM,3,2,1
09/08/2014 11:00:00 PM,6,4,2
09/08/2014 10:00:00 PM,10,7,3
09/08/2014 09:00:00 PM,5,4,1
09/08/2014 08:00:00 PM,18,12,6
09/08/2014 07:00:00 PM,28,21,7
09/08/2014 06:00:00 PM,45,29,16
09/08/2014 05:00:00 PM,47,30,17
09/08/2014 04:00:00 PM,58,47,11
09/08/2014 03:00:00 PM,37,21,16
09/08/2014 02:00:00 PM,15,9,6
09/08/2014 01:00:00 PM,29,15,14
09/08/2014 12:00:00 PM,18,9,9
09/08/2014 11:00:00 AM,23,17,6
09/08/2014 10:00:00 AM,24,14,10
09/08/2014 09:00:00 AM,29,18,11
09/08/2014 08:00:00 AM,37,18,19
09/08/2014 07:00:00 AM,30,19,11
09/08/2014 06:00:00 AM,11,4,7
09/08/2014 05:00:00 AM,0,0,0
09/08/2014 04:00:00 AM,0,0,0
09/08/2014 03:00:00 AM,0,0,0
09/08/2014 02:00:00 AM,3,0,3
09/08/2014 01:00:00 AM,3,0,3
09/08/2014 12:00:00 AM,2,1,1
09/07/2014 11:00:00 PM,2,2,0
09/07/2014 10:00:00 PM,12,9,3
09/07/2014 09:00:00 PM,14,12,2
09/07/2014 08:00:00 PM,19,16,3
09/07/2014 07:00:00 PM,28,19,9
09/07/2014 06:00:00 PM,45,28,17
09/07/2014 05:00:00 PM,38,25,13
09/07/2014 04:00:00 PM,37,23,14
09/07/2014 03:00:00 PM,41,30,11
09/07/2014 02:00:00 PM,54,33,21
09/07/2014 01:00:00 PM,55,42,13
09/07/2014 12:00:00 PM,61,42,19
09/07/2014 11:00:00 AM,62,39,23
09/07/2014 10:00:00 AM,57,36,21
09/07/2014 09:00:00 AM,16,8,8
09/07/2014 08:00:00 AM,14,5,9
09/07/2014 07:00:00 AM,5,3,2
09/07/2014 06:00:00 AM,3,3,0
09/07/2014 05:00:00 AM,2,2,0
09/07/2014 04:00:00 AM,4,2,2
09/07/2014 03:00:00 AM,1,0,1
09/07/2014 02:00:00 AM,5,3,2
09/07/2014 01:00:00 AM,18,10,8
09/07/2014 12:00:00 AM,8,6,2
09/06/2014 11:00:00 PM,7,6,1
09/06/2014 10:00:00 PM,17,12,5
09/06/2014 09:00:00 PM,11,7,4
09/06/2014 08:00:00 PM,15,12,3
09/06/2014 07:00:00 PM,42,28,14
09/06/2014 06:00:00 PM,35,23,12
09/06/2014 05:00:00 PM,36,26,10
09/06/2014 04:00:00 PM,49,34,15
09/06/2014 03:00:00 PM,30,19,11
09/06/2014 02:00:00 PM,48,32,16
09/06/2014 01:00:00 PM,68,49,19
09/06/2014 12:00:00 PM,73,54,19
09/06/2014 11:00:00 AM,57,26,31
09/06/2014 10:00:00 AM,41,29,12
09/06/2014 09:00:00 AM,35,21,14
09/06/2014 08:00:00 AM,16,12,4
09/06/2014 07:00:00 AM,7,4,3
09/06/2014 06:00:00 AM,1,1,0
09/06/2014 05:00:00 AM,6,4,2
09/06/2014 04:00:00 AM,0,0,0
09/06/2014 03:00:00 AM,1,0,1
09/06/2014 02:00:00 AM,1,0,1
09/06/2014 01:00:00 AM,1,1,0
09/06/2014 12:00:00 AM,4,4,0
09/05/2014 11:00:00 PM,3,3,0
09/05/2014 10:00:00 PM,5,4,1
09/05/2014 09:00:00 PM,10,9,1
09/05/2014 08:00:00 PM,31,24,7
09/05/2014 07:00:00 PM,45,24,21
09/05/2014 06:00:00 PM,49,31,18
09/05/2014 05:00:00 PM,46,31,15
09/05/2014 04:00:00 PM,28,16,12
09/05/2014 03:00:00 PM,40,27,13
09/05/2014 02:00:00 PM,38,27,11
09/05/2014 01:00:00 PM,44,28,16
09/05/2014 12:00:00 PM,44,27,17
09/05/2014 11:00:00 AM,41,33,8
09/05/2014 10:00:00 AM,33,15,18
09/05/2014 09:00:00 AM,39,30,9
09/05/2014 08:00:00 AM,38,26,12
09/05/2014 07:00:00 AM,21,15,6
09/05/2014 06:00:00 AM,3,2,1
09/05/2014 05:00:00 AM,1,0,1
09/05/2014 04:00:00 AM,0,0,0
09/05/2014 03:00:00 AM,2,2,0
09/05/2014 02:00:00 AM,0,0,0
09/05/2014 01:00:00 AM,1,0,1
09/05/2014 12:00:00 AM,1,1,0
09/04/2014 11:00:00 PM,11,10,1
09/04/2014 10:00:00 PM,13,12,1
09/04/2014 09:00:00 PM,26,24,2
09/04/2014 08:00:00 PM,14,12,2
09/04/2014 07:00:00 PM,32,26,6
09/04/2014 06:00:00 PM,34,18,16
09/04/2014 05:00:00 PM,71,41,30
09/04/2014 04:00:00 PM,39,24,15
09/04/2014 03:00:00 PM,36,18,18
09/04/2014 02:00:00 PM,39,32,7
09/04/2014 01:00:00 PM,43,31,12
09/04/2014 12:00:00 PM,51,31,20
09/04/2014 11:00:00 AM,28,19,9
09/04/2014 10:00:00 AM,26,19,7
09/04/2014 09:00:00 AM,32,21,11
09/04/2014 08:00:00 AM,40,31,9
09/04/2014 07:00:00 AM,33,26,7
09/04/2014 06:00:00 AM,5,3,2
09/04/2014 05:00:00 AM,6,5,1
09/04/2014 04:00:00 AM,2,2,0
09/04/2014 03:00:00 AM,0,0,0
09/04/2014 02:00:00 AM,0,0,0
09/04/2014 01:00:00 AM,3,2,1
09/04/2014 12:00:00 AM,0,0,0
09/03/2014 11:00:00 PM,4,3,1
09/03/2014 10:00:00 PM,17,17,0
09/03/2014 09:00:00 PM,13,10,3
09/03/2014 08:00:00 PM,48,41,7
09/03/2014 07:00:00 PM,32,25,7
09/03/2014 06:00:00 PM,47,25,22
09/03/2014 05:00:00 PM,70,47,23
09/03/2014 04:00:00 PM,39,24,15
09/03/2014 03:00:00 PM,24,10,14
09/03/2014 02:00:00 PM,41,25,16
09/03/2014 01:00:00 PM,24,18,6
09/03/2014 12:00:00 PM,36,16,20
09/03/2014 11:00:00 AM,44,21,23
09/03/2014 10:00:00 AM,16,9,7
09/03/2014 09:00:00 AM,32,18,14
09/03/2014 08:00:00 AM,33,16,17
09/03/2014 07:00:00 AM,29,25,4
09/03/2014 06:00:00 AM,11,9,2
09/03/2014 05:00:00 AM,2,2,0
09/03/2014 04:00:00 AM,1,0,1
09/03/2014 03:00:00 AM,0,0,0
09/03/2014 02:00:00 AM,0,0,0
09/03/2014 01:00:00 AM,0,0,0
09/03/2014 12:00:00 AM,0,0,0
09/02/2014 11:00:00 PM,0,0,0
09/02/2014 10:00:00 PM,13,12,1
09/02/2014 09:00:00 PM,28,14,14
09/02/2014 08:00:00 PM,28,17,11
09/02/2014 07:00:00 PM,36,20,16
09/02/2014 06:00:00 PM,53,36,17
09/02/2014 05:00:00 PM,53,29,24
09/02/2014 04:00:00 PM,37,26,11
09/02/2014 03:00:00 PM,34,21,13
09/02/2014 02:00:00 PM,41,30,11
09/02/2014 01:00:00 PM,26,16,10
09/02/2014 12:00:00 PM,50,32,18
09/02/2014 11:00:00 AM,31,19,12
09/02/2014 10:00:00 AM,28,18,10
09/02/2014 09:00:00 AM,16,8,8
09/02/2014 08:00:00 AM,40,22,18
09/02/2014 07:00:00 AM,27,24,3
09/02/2014 06:00:00 AM,10,7,3
09/02/2014 05:00:00 AM,1,1,0
09/02/2014 04:00:00 AM,3,3,0
09/02/2014 03:00:00 AM,1,0,1
09/02/2014 02:00:00 AM,0,0,0
09/02/2014 01:00:00 AM,0,0,0
09/02/2014 12:00:00 AM,5,5,0
09/01/2014 11:00:00 PM,1,1,0
09/01/2014 10:00:00 PM,8,6,2
09/01/2014 09:00:00 PM,12,8,4
09/01/2014 08:00:00 PM,15,8,7
09/01/2014 07:00:00 PM,26,11,15
09/01/2014 06:00:00 PM,35,24,11
09/01/2014 05:00:00 PM,37,26,11
09/01/2014 04:00:00 PM,68,36,32
09/01/2014 03:00:00 PM,51,26,25
09/01/2014 02:00:00 PM,49,33,16
09/01/2014 01:00:00 PM,47,31,16
09/01/2014 12:00:00 PM,40,32,8
09/01/2014 11:00:00 AM,39,25,14
09/01/2014 10:00:00 AM,42,21,21
09/01/2014 09:00:00 AM,14,6,8
09/01/2014 08:00:00 AM,5,2,3
09/01/2014 07:00:00 AM,9,5,4
09/01/2014 06:00:00 AM,3,3,0
09/01/2014 05:00:00 AM,8,6,2
09/01/2014 04:00:00 AM,0,0,0
09/01/2014 03:00:00 AM,1,1,0
09/01/2014 02:00:00 AM,6,6,0
09/01/2014 01:00:00 AM,3,1,2
09/01/2014 12:00:00 AM,3,3,0
08/31/2014 11:00:00 PM,4,4,0
08/31/2014 10:00:00 PM,8,5,3
08/31/2014 09:00:00 PM,12,10,2
08/31/2014 08:00:00 PM,17,12,5
08/31/2014 07:00:00 PM,29,17,12
08/31/2014 06:00:00 PM,26,20,6
08/31/2014 05:00:00 PM,39,22,17
08/31/2014 04:00:00 PM,41,33,8
08/31/2014 03:00:00 PM,45,35,10
08/31/2014 02:00:00 PM,49,31,18
08/31/2014 01:00:00 PM,75,58,17
08/31/2014 12:00:00 PM,65,51,14
08/31/2014 11:00:00 AM,40,28,12
08/31/2014 10:00:00 AM,41,32,9
08/31/2014 09:00:00 AM,21,11,10
08/31/2014 08:00:00 AM,9,5,4
08/31/2014 07:00:00 AM,0,0,0
08/31/2014 06:00:00 AM,6,6,0
08/31/2014 05:00:00 AM,3,2,1
08/31/2014 04:00:00 AM,0,0,0
08/31/2014 03:00:00 AM,4,2,2
08/31/2014 02:00:00 AM,2,2,0
08/31/2014 01:00:00 AM,2,2,0
08/31/2014 12:00:00 AM,0,0,0
08/30/2014 11:00:00 PM,11,8,3
08/30/2014 10:00:00 PM,7,5,2
08/30/2014 09:00:00 PM,14,8,6
08/30/2014 08:00:00 PM,24,19,5
08/30/2014 07:00:00 PM,22,17,5
08/30/2014 06:00:00 PM,15,8,7
08/30/2014 05:00:00 PM,32,25,7
08/30/2014 04:00:00 PM,50,41,9
08/30/2014 03:00:00 PM,40,29,11
08/30/2014 02:00:00 PM,27,11,16
08/30/2014 01:00:00 PM,29,19,10
08/30/2014 12:00:00 PM,42,28,14
08/30/2014 11:00:00 AM,36,23,13
08/30/2014 10:00:00 AM,29,20,9
08/30/2014 09:00:00 AM,36,27,9
08/30/2014 08:00:00 AM,15,11,4
08/30/2014 07:00:00 AM,7,7,0
08/30/2014 06:00:00 AM,3,3,0
08/30/2014 05:00:00 AM,4,4,0
08/30/2014 04:00:00 AM,1,0,1
08/30/2014 03:00:00 AM,0,0,0
08/30/2014 02:00:00 AM,4,4,0
08/30/2014 01:00:00 AM,10,9,1
08/30/2014 12:00:00 AM,2,0,2
08/29/2014 11:00:00 PM,7,6,1
08/29/2014 10:00:00 PM,17,16,1
08/29/2014 09:00:00 PM,8,6,2
08/29/2014 08:00:00 PM,24,18,6
08/29/2014 07:00:00 PM,34,23,11
08/29/2014 06:00:00 PM,41,31,10
08/29/2014 05:00:00 PM,43,21,22
08/29/2014 04:00:00 PM,63,42,21
08/29/2014 03:00:00 PM,47,39,8
08/29/2014 02:00:00 PM,40,25,15
08/29/2014 01:00:00 PM,34,25,9
08/29/2014 12:00:00 PM,31,25,6
08/29/2014 11:00:00 AM,22,20,2
08/29/2014 10:00:00 AM,20,14,6
08/29/2014 09:00:00 AM,36,26,10
08/29/2014 08:00:00 AM,31,23,8
08/29/2014 07:00:00 AM,12,9,3
08/29/2014 06:00:00 AM,8,7,1
08/29/2014 05:00:00 AM,5,4,1
08/29/2014 04:00:00 AM,0,0,0
08/29/2014 03:00:00 AM,1,0,1
08/29/2014 02:00:00 AM,1,1,0
08/29/2014 01:00:00 AM,2,2,0
08/29/2014 12:00:00 AM,2,2,0
08/28/2014 11:00:00 PM,8,8,0
08/28/2014 10:00:00 PM,13,10,3
08/28/2014 09:00:00 PM,28,23,5
08/28/2014 08:00:00 PM,39,30,9
08/28/2014 07:00:00 PM,48,39,9
08/28/2014 06:00:00 PM,53,30,23
08/28/2014 05:00:00 PM,51,41,10
08/28/2014 04:00:00 PM,51,34,17
08/28/2014 03:00:00 PM,21,14,7
08/28/2014 02:00:00 PM,7,3,4
08/28/2014 01:00:00 PM,0,0,0
08/28/2014 12:00:00 PM,0,0,0
08/28/2014 11:00:00 AM,0,0,0
08/28/2014 10:00:00 AM,0,0,0
08/28/2014 09:00:00 AM,0,0,0
08/28/2014 08:00:00 AM,0,0,0
08/28/2014 07:00:00 AM,0,0,0
08/28/2014 06:00:00 AM,0,0,0
08/28/2014 05:00:00 AM,0,0,0
08/28/2014 04:00:00 AM,0,0,0
08/28/2014 03:00:00 AM,0,0,0
08/28/2014 02:00:00 AM,0,0,0
08/28/2014 01:00:00 AM,0,0,0
08/28/2014 12:00:00 AM,0,0,0
08/27/2014 11:00:00 PM,0,0,0
08/27/2014 10:00:00 PM,0,0,0
08/27/2014 09:00:00 PM,0,0,0
08/27/2014 08:00:00 PM,0,0,0
08/27/2014 07:00:00 PM,0,0,0
08/27/2014 06:00:00 PM,0,0,0
08/27/2014 05:00:00 PM,0,0,0
08/27/2014 04:00:00 PM,0,0,0
08/27/2014 03:00:00 PM,0,0,0
08/27/2014 02:00:00 PM,0,0,0
08/27/2014 01:00:00 PM,0,0,0
08/27/2014 12:00:00 PM,0,0,0
08/27/2014 11:00:00 AM,0,0,0
08/27/2014 10:00:00 AM,0,0,0
08/27/2014 09:00:00 AM,0,0,0
08/27/2014 08:00:00 AM,0,0,0
08/27/2014 07:00:00 AM,0,0,0
08/27/2014 06:00:00 AM,0,0,0
08/27/2014 05:00:00 AM,0,0,0
08/27/2014 04:00:00 AM,0,0,0
08/27/2014 03:00:00 AM,0,0,0
08/27/2014 02:00:00 AM,0,0,0
08/27/2014 01:00:00 AM,0,0,0
08/27/2014 12:00:00 AM,0,0,0
08/26/2014 11:00:00 PM,0,0,0
08/26/2014 10:00:00 PM,0,0,0
08/26/2014 09:00:00 PM,0,0,0
08/26/2014 08:00:00 PM,0,0,0
08/26/2014 07:00:00 PM,0,0,0
08/26/2014 06:00:00 PM,0,0,0
08/26/2014 05:00:00 PM,0,0,0
08/26/2014 04:00:00 PM,0,0,0
08/26/2014 03:00:00 PM,0,0,0
08/26/2014 02:00:00 PM,0,0,0
08/26/2014 01:00:00 PM,0,0,0
08/26/2014 12:00:00 PM,0,0,0
08/26/2014 11:00:00 AM,0,0,0
08/26/2014 10:00:00 AM,0,0,0
08/26/2014 09:00:00 AM,0,0,0
08/26/2014 08:00:00 AM,0,0,0
08/26/2014 07:00:00 AM,0,0,0
08/26/2014 06:00:00 AM,0,0,0
08/26/2014 05:00:00 AM,0,0,0
08/26/2014 04:00:00 AM,0,0,0
08/26/2014 03:00:00 AM,0,0,0
08/26/2014 02:00:00 AM,0,0,0
08/26/2014 01:00:00 AM,0,0,0
08/26/2014 12:00:00 AM,0,0,0
08/25/2014 11:00:00 PM,0,0,0
08/25/2014 10:00:00 PM,0,0,0
08/25/2014 09:00:00 PM,0,0,0
08/25/2014 08:00:00 PM,0,0,0
08/25/2014 07:00:00 PM,0,0,0
08/25/2014 06:00:00 PM,0,0,0
08/25/2014 05:00:00 PM,0,0,0
08/25/2014 04:00:00 PM,0,0,0
08/25/2014 03:00:00 PM,5,0,5
08/25/2014 02:00:00 PM,26,17,9
08/25/2014 01:00:00 PM,30,26,4
08/25/2014 12:00:00 PM,27,14,13
08/25/2014 11:00:00 AM,23,17,6
08/25/2014 10:00:00 AM,20,9,11
08/25/2014 09:00:00 AM,36,24,12
08/25/2014 08:00:00 AM,28,14,14
08/25/2014 07:00:00 AM,23,19,4
08/25/2014 06:00:00 AM,6,5,1
08/25/2014 05:00:00 AM,4,3,1
08/25/2014 04:00:00 AM,0,0,0
08/25/2014 03:00:00 AM,0,0,0
08/25/2014 02:00:00 AM,0,0,0
08/25/2014 01:00:00 AM,0,0,0
08/25/2014 12:00:00 AM,1,0,1
08/24/2014 11:00:00 PM,3,3,0
08/24/2014 10:00:00 PM,20,15,5
08/24/2014 09:00:00 PM,17,10,7
08/24/2014 08:00:00 PM,16,14,2
08/24/2014 07:00:00 PM,19,14,5
08/24/2014 06:00:00 PM,31,18,13
08/24/2014 05:00:00 PM,39,22,17
08/24/2014 04:00:00 PM,52,34,18
08/24/2014 03:00:00 PM,32,24,8
08/24/2014 02:00:00 PM,65,36,29
08/24/2014 01:00:00 PM,79,39,40
08/24/2014 12:00:00 PM,43,32,11
08/24/2014 11:00:00 AM,58,35,23
08/24/2014 10:00:00 AM,40,26,14
08/24/2014 09:00:00 AM,21,13,8
08/24/2014 08:00:00 AM,13,8,5
08/24/2014 07:00:00 AM,0,0,0
08/24/2014 06:00:00 AM,2,2,0
08/24/2014 05:00:00 AM,1,1,0
08/24/2014 04:00:00 AM,0,0,0
08/24/2014 03:00:00 AM,2,2,0
08/24/2014 02:00:00 AM,0,0,0
08/24/2014 01:00:00 AM,3,3,0
08/24/2014 12:00:00 AM,3,1,2
08/23/2014 11:00:00 PM,8,4,4
08/23/2014 10:00:00 PM,11,8,3
08/23/2014 09:00:00 PM,7,4,3
08/23/2014 08:00:00 PM,32,19,13
08/23/2014 07:00:00 PM,24,20,4
08/23/2014 06:00:00 PM,33,21,12
08/23/2014 05:00:00 PM,28,24,4
08/23/2014 04:00:00 PM,57,38,19
08/23/2014 03:00:00 PM,45,25,20
08/23/2014 02:00:00 PM,72,35,37
08/23/2014 01:00:00 PM,42,31,11
08/23/2014 12:00:00 PM,38,18,20
08/23/2014 11:00:00 AM,65,46,19
08/23/2014 10:00:00 AM,32,17,15
08/23/2014 09:00:00 AM,34,19,15
08/23/2014 08:00:00 AM,18,13,5
08/23/2014 07:00:00 AM,9,5,4
08/23/2014 06:00:00 AM,2,2,0
08/23/2014 05:00:00 AM,3,3,0
08/23/2014 04:00:00 AM,2,2,0
08/23/2014 03:00:00 AM,2,2,0
08/23/2014 02:00:00 AM,3,2,1
08/23/2014 01:00:00 AM,0,0,0
08/23/2014 12:00:00 AM,4,3,1
08/22/2014 11:00:00 PM,8,8,0
08/22/2014 10:00:00 PM,12,11,1
08/22/2014 09:00:00 PM,12,9,3
08/22/2014 08:00:00 PM,36,23,13
08/22/2014 07:00:00 PM,32,18,14
08/22/2014 06:00:00 PM,57,38,19
08/22/2014 05:00:00 PM,76,53,23
08/22/2014 04:00:00 PM,55,36,19
08/22/2014 03:00:00 PM,60,39,21
08/22/2014 02:00:00 PM,46,29,17
08/22/2014 01:00:00 PM,53,28,25
08/22/2014 12:00:00 PM,47,24,23
08/22/2014 11:00:00 AM,37,26,11
08/22/2014 10:00:00 AM,58,28,30
08/22/2014 09:00:00 AM,33,27,6
08/22/2014 08:00:00 AM,45,30,15
08/22/2014 07:00:00 AM,26,20,6
08/22/2014 06:00:00 AM,4,3,1
08/22/2014 05:00:00 AM,0,0,0
08/22/2014 04:00:00 AM,2,2,0
08/22/2014 03:00:00 AM,2,2,0
08/22/2014 02:00:00 AM,0,0,0
08/22/2014 01:00:00 AM,2,2,0
08/22/2014 12:00:00 AM,5,2,3
08/21/2014 11:00:00 PM,7,6,1
08/21/2014 10:00:00 PM,11,8,3
08/21/2014 09:00:00 PM,20,12,8
08/21/2014 08:00:00 PM,25,16,9
08/21/2014 07:00:00 PM,46,36,10
08/21/2014 06:00:00 PM,47,36,11
08/21/2014 05:00:00 PM,52,32,20
08/21/2014 04:00:00 PM,53,37,16
08/21/2014 03:00:00 PM,28,20,8
08/21/2014 02:00:00 PM,44,24,20
08/21/2014 01:00:00 PM,40,27,13
08/21/2014 12:00:00 PM,45,23,22
08/21/2014 11:00:00 AM,35,28,7
08/21/2014 10:00:00 AM,43,30,13
08/21/2014 09:00:00 AM,44,21,23
08/21/2014 08:00:00 AM,39,21,18
08/21/2014 07:00:00 AM,38,26,12
08/21/2014 06:00:00 AM,13,7,6
08/21/2014 05:00:00 AM,2,0,2
08/21/2014 04:00:00 AM,0,0,0
08/21/2014 03:00:00 AM,2,2,0
08/21/2014 02:00:00 AM,1,0,1
08/21/2014 01:00:00 AM,1,1,0
08/21/2014 12:00:00 AM,1,0,1
08/20/2014 11:00:00 PM,11,8,3
08/20/2014 10:00:00 PM,5,4,1
08/20/2014 09:00:00 PM,38,31,7
08/20/2014 08:00:00 PM,23,17,6
08/20/2014 07:00:00 PM,27,15,12
08/20/2014 06:00:00 PM,45,26,19
08/20/2014 05:00:00 PM,56,40,16
08/20/2014 04:00:00 PM,40,30,10
08/20/2014 03:00:00 PM,44,29,15
08/20/2014 02:00:00 PM,55,28,27
08/20/2014 01:00:00 PM,45,32,13
08/20/2014 12:00:00 PM,28,15,13
08/20/2014 11:00:00 AM,28,15,13
08/20/2014 10:00:00 AM,27,14,13
08/20/2014 09:00:00 AM,26,23,3
08/20/2014 08:00:00 AM,24,17,7
08/20/2014 07:00:00 AM,18,14,4
08/20/2014 06:00:00 AM,12,5,7
08/20/2014 05:00:00 AM,8,5,3
08/20/2014 04:00:00 AM,0,0,0
08/20/2014 03:00:00 AM,0,0,0
08/20/2014 02:00:00 AM,1,0,1
08/20/2014 01:00:00 AM,3,1,2
08/20/2014 12:00:00 AM,1,1,0
08/19/2014 11:00:00 PM,1,0,1
08/19/2014 10:00:00 PM,11,11,0
08/19/2014 09:00:00 PM,14,11,3
08/19/2014 08:00:00 PM,29,16,13
08/19/2014 07:00:00 PM,58,39,19
08/19/2014 06:00:00 PM,51,42,9
08/19/2014 05:00:00 PM,40,27,13
08/19/2014 04:00:00 PM,63,41,22
08/19/2014 03:00:00 PM,46,32,14
08/19/2014 02:00:00 PM,36,28,8
08/19/2014 01:00:00 PM,42,23,19
08/19/2014 12:00:00 PM,50,33,17
08/19/2014 11:00:00 AM,27,10,17
08/19/2014 10:00:00 AM,28,22,6
08/19/2014 09:00:00 AM,28,18,10
08/19/2014 08:00:00 AM,39,28,11
08/19/2014 07:00:00 AM,24,19,5
08/19/2014 06:00:00 AM,29,18,11
08/19/2014 05:00:00 AM,7,7,0
08/19/2014 04:00:00 AM,0,0,0
08/19/2014 03:00:00 AM,0,0,0
08/19/2014 02:00:00 AM,0,0,0
08/19/2014 01:00:00 AM,2,0,2
08/19/2014 12:00:00 AM,2,2,0
08/18/2014 11:00:00 PM,4,2,2
08/18/2014 10:00:00 PM,20,19,1
08/18/2014 09:00:00 PM,16,14,2
08/18/2014 08:00:00 PM,22,16,6
08/18/2014 07:00:00 PM,41,29,12
08/18/2014 06:00:00 PM,66,37,29
08/18/2014 05:00:00 PM,53,32,21
08/18/2014 04:00:00 PM,52,37,15
08/18/2014 03:00:00 PM,37,28,9
08/18/2014 02:00:00 PM,45,28,17
08/18/2014 01:00:00 PM,47,22,25
08/18/2014 12:00:00 PM,55,38,17
08/18/2014 11:00:00 AM,41,31,10
08/18/2014 10:00:00 AM,47,27,20
08/18/2014 09:00:00 AM,42,27,15
08/18/2014 08:00:00 AM,21,10,11
08/18/2014 07:00:00 AM,34,27,7
08/18/2014 06:00:00 AM,6,2,4
08/18/2014 05:00:00 AM,0,0,0
08/18/2014 04:00:00 AM,0,0,0
08/18/2014 03:00:00 AM,1,1,0
08/18/2014 02:00:00 AM,2,2,0
08/18/2014 01:00:00 AM,5,5,0
08/18/2014 12:00:00 AM,2,2,0
08/17/2014 11:00:00 PM,10,9,1
08/17/2014 10:00:00 PM,9,8,1
08/17/2014 09:00:00 PM,14,10,4
08/17/2014 08:00:00 PM,18,16,2
08/17/2014 07:00:00 PM,26,16,10
08/17/2014 06:00:00 PM,38,26,12
08/17/2014 05:00:00 PM,56,41,15
08/17/2014 04:00:00 PM,72,50,22
08/17/2014 03:00:00 PM,61,34,27
08/17/2014 02:00:00 PM,64,38,26
08/17/2014 01:00:00 PM,57,38,19
08/17/2014 12:00:00 PM,53,35,18
08/17/2014 11:00:00 AM,70,45,25
08/17/2014 10:00:00 AM,50,29,21
08/17/2014 09:00:00 AM,22,14,8
08/17/2014 08:00:00 AM,13,8,5
08/17/2014 07:00:00 AM,4,2,2
08/17/2014 06:00:00 AM,1,0,1
08/17/2014 05:00:00 AM,2,2,0
08/17/2014 04:00:00 AM,1,1,0
08/17/2014 03:00:00 AM,1,0,1
08/17/2014 02:00:00 AM,4,4,0
08/17/2014 01:00:00 AM,0,0,0
08/17/2014 12:00:00 AM,5,5,0
08/16/2014 11:00:00 PM,2,1,1
08/16/2014 10:00:00 PM,11,10,1
08/16/2014 09:00:00 PM,19,19,0
08/16/2014 08:00:00 PM,32,23,9
08/16/2014 07:00:00 PM,31,21,10
08/16/2014 06:00:00 PM,45,32,13
08/16/2014 05:00:00 PM,46,25,21
08/16/2014 04:00:00 PM,52,40,12
08/16/2014 03:00:00 PM,60,47,13
08/16/2014 02:00:00 PM,62,37,25
08/16/2014 01:00:00 PM,44,22,22
08/16/2014 12:00:00 PM,49,37,12
08/16/2014 11:00:00 AM,39,19,20
08/16/2014 10:00:00 AM,33,23,10
08/16/2014 09:00:00 AM,32,21,11
08/16/2014 08:00:00 AM,9,6,3
08/16/2014 07:00:00 AM,3,2,1
08/16/2014 06:00:00 AM,8,6,2
08/16/2014 05:00:00 AM,8,7,1
08/16/2014 04:00:00 AM,0,0,0
08/16/2014 03:00:00 AM,4,2,2
08/16/2014 02:00:00 AM,1,1,0
08/16/2014 01:00:00 AM,2,2,0
08/16/2014 12:00:00 AM,6,6,0
08/15/2014 11:00:00 PM,5,4,1
08/15/2014 10:00:00 PM,13,4,9
08/15/2014 09:00:00 PM,20,14,6
08/15/2014 08:00:00 PM,19,14,5
08/15/2014 07:00:00 PM,52,31,21
08/15/2014 06:00:00 PM,42,28,14
08/15/2014 05:00:00 PM,54,37,17
08/15/2014 04:00:00 PM,38,28,10
08/15/2014 03:00:00 PM,32,27,5
08/15/2014 02:00:00 PM,55,39,16
08/15/2014 01:00:00 PM,34,21,13
08/15/2014 12:00:00 PM,29,15,14
08/15/2014 11:00:00 AM,37,31,6
08/15/2014 10:00:00 AM,27,22,5
08/15/2014 09:00:00 AM,31,25,6
08/15/2014 08:00:00 AM,19,14,5
08/15/2014 07:00:00 AM,20,17,3
08/15/2014 06:00:00 AM,5,3,2
08/15/2014 05:00:00 AM,3,3,0
08/15/2014 04:00:00 AM,0,0,0
08/15/2014 03:00:00 AM,0,0,0
08/15/2014 02:00:00 AM,0,0,0
08/15/2014 01:00:00 AM,4,3,1
08/15/2014 12:00:00 AM,4,4,0
08/14/2014 11:00:00 PM,6,6,0
08/14/2014 10:00:00 PM,9,6,3
08/14/2014 09:00:00 PM,23,18,5
08/14/2014 08:00:00 PM,24,17,7
08/14/2014 07:00:00 PM,54,40,14
08/14/2014 06:00:00 PM,64,43,21
08/14/2014 05:00:00 PM,54,35,19
08/14/2014 04:00:00 PM,21,16,5
08/14/2014 03:00:00 PM,39,19,20
08/14/2014 02:00:00 PM,44,31,13
08/14/2014 01:00:00 PM,57,34,23
08/14/2014 12:00:00 PM,45,35,10
08/14/2014 11:00:00 AM,27,15,12
08/14/2014 10:00:00 AM,31,23,8
08/14/2014 09:00:00 AM,32,14,18
08/14/2014 08:00:00 AM,33,21,12
08/14/2014 07:00:00 AM,21,14,7
08/14/2014 06:00:00 AM,6,3,3
08/14/2014 05:00:00 AM,0,0,0
08/14/2014 04:00:00 AM,0,0,0
08/14/2014 03:00:00 AM,1,0,1
08/14/2014 02:00:00 AM,1,1,0
08/14/2014 01:00:00 AM,0,0,0
08/14/2014 12:00:00 AM,1,1,0
08/13/2014 11:00:00 PM,8,7,1
08/13/2014 10:00:00 PM,13,10,3
08/13/2014 09:00:00 PM,22,13,9
08/13/2014 08:00:00 PM,22,13,9
08/13/2014 07:00:00 PM,42,29,13
08/13/2014 06:00:00 PM,73,40,33
08/13/2014 05:00:00 PM,40,22,18
08/13/2014 04:00:00 PM,41,30,11
08/13/2014 03:00:00 PM,27,23,4
08/13/2014 02:00:00 PM,40,32,8
08/13/2014 01:00:00 PM,35,24,11
08/13/2014 12:00:00 PM,33,20,13
08/13/2014 11:00:00 AM,19,10,9
08/13/2014 10:00:00 AM,21,11,10
08/13/2014 09:00:00 AM,21,18,3
08/13/2014 08:00:00 AM,31,24,7
08/13/2014 07:00:00 AM,25,15,10
08/13/2014 06:00:00 AM,6,2,4
08/13/2014 05:00:00 AM,5,5,0
08/13/2014 04:00:00 AM,0,0,0
08/13/2014 03:00:00 AM,2,2,0
08/13/2014 02:00:00 AM,2,2,0
08/13/2014 01:00:00 AM,2,0,2
08/13/2014 12:00:00 AM,5,4,1
08/12/2014 11:00:00 PM,3,2,1
08/12/2014 10:00:00 PM,5,2,3
08/12/2014 09:00:00 PM,20,17,3
08/12/2014 08:00:00 PM,33,26,7
08/12/2014 07:00:00 PM,34,22,12
08/12/2014 06:00:00 PM,78,36,42
08/12/2014 05:00:00 PM,51,27,24
08/12/2014 04:00:00 PM,63,37,26
08/12/2014 03:00:00 PM,45,27,18
08/12/2014 02:00:00 PM,39,26,13
08/12/2014 01:00:00 PM,36,23,13
08/12/2014 12:00:00 PM,46,31,15
08/12/2014 11:00:00 AM,35,25,10
08/12/2014 10:00:00 AM,37,18,19
08/12/2014 09:00:00 AM,40,28,12
08/12/2014 08:00:00 AM,21,18,3
08/12/2014 07:00:00 AM,20,15,5
08/12/2014 06:00:00 AM,16,13,3
08/12/2014 05:00:00 AM,8,6,2
08/12/2014 04:00:00 AM,5,4,1
08/12/2014 03:00:00 AM,0,0,0
08/12/2014 02:00:00 AM,1,1,0
08/12/2014 01:00:00 AM,2,1,1
08/12/2014 12:00:00 AM,2,2,0
08/11/2014 11:00:00 PM,2,0,2
08/11/2014 10:00:00 PM,4,4,0
08/11/2014 09:00:00 PM,16,13,3
08/11/2014 08:00:00 PM,19,15,4
08/11/2014 07:00:00 PM,31,17,14
08/11/2014 06:00:00 PM,46,19,27
08/11/2014 05:00:00 PM,66,38,28
08/11/2014 04:00:00 PM,43,33,10
08/11/2014 03:00:00 PM,32,24,8
08/11/2014 02:00:00 PM,43,29,14
08/11/2014 01:00:00 PM,41,24,17
08/11/2014 12:00:00 PM,52,31,21
08/11/2014 11:00:00 AM,30,20,10
08/11/2014 10:00:00 AM,38,22,16
08/11/2014 09:00:00 AM,25,11,14
08/11/2014 08:00:00 AM,50,33,17
08/11/2014 07:00:00 AM,28,21,7
08/11/2014 06:00:00 AM,10,8,2
08/11/2014 05:00:00 AM,0,0,0
08/11/2014 04:00:00 AM,0,0,0
08/11/2014 03:00:00 AM,0,0,0
08/11/2014 02:00:00 AM,0,0,0
08/11/2014 01:00:00 AM,2,0,2
08/11/2014 12:00:00 AM,1,0,1
08/10/2014 11:00:00 PM,3,3,0
08/10/2014 10:00:00 PM,14,13,1
08/10/2014 09:00:00 PM,8,7,1
08/10/2014 08:00:00 PM,14,11,3
08/10/2014 07:00:00 PM,30,16,14
08/10/2014 06:00:00 PM,56,40,16
08/10/2014 05:00:00 PM,39,31,8
08/10/2014 04:00:00 PM,48,23,25
08/10/2014 03:00:00 PM,53,37,16
08/10/2014 02:00:00 PM,67,36,31
08/10/2014 01:00:00 PM,64,38,26
08/10/2014 12:00:00 PM,87,57,30
08/10/2014 11:00:00 AM,47,18,29
08/10/2014 10:00:00 AM,42,28,14
08/10/2014 09:00:00 AM,31,19,12
08/10/2014 08:00:00 AM,10,3,7
08/10/2014 07:00:00 AM,3,1,2
08/10/2014 06:00:00 AM,2,2,0
08/10/2014 05:00:00 AM,2,2,0
08/10/2014 04:00:00 AM,0,0,0
08/10/2014 03:00:00 AM,3,3,0
08/10/2014 02:00:00 AM,3,3,0
08/10/2014 01:00:00 AM,5,4,1
08/10/2014 12:00:00 AM,7,4,3
08/09/2014 11:00:00 PM,8,6,2
08/09/2014 10:00:00 PM,21,16,5
08/09/2014 09:00:00 PM,12,10,2
08/09/2014 08:00:00 PM,30,26,4
08/09/2014 07:00:00 PM,27,19,8
08/09/2014 06:00:00 PM,27,21,6
08/09/2014 05:00:00 PM,54,28,26
08/09/2014 04:00:00 PM,38,24,14
08/09/2014 03:00:00 PM,38,22,16
08/09/2014 02:00:00 PM,38,21,17
08/09/2014 01:00:00 PM,60,50,10
08/09/2014 12:00:00 PM,53,38,15
08/09/2014 11:00:00 AM,50,30,20
08/09/2014 10:00:00 AM,37,25,12
08/09/2014 09:00:00 AM,36,29,7
08/09/2014 08:00:00 AM,28,15,13
08/09/2014 07:00:00 AM,14,8,6
08/09/2014 06:00:00 AM,1,0,1
08/09/2014 05:00:00 AM,2,2,0
08/09/2014 04:00:00 AM,0,0,0
08/09/2014 03:00:00 AM,1,0,1
08/09/2014 02:00:00 AM,0,0,0
08/09/2014 01:00:00 AM,7,4,3
08/09/2014 12:00:00 AM,2,2,0
08/08/2014 11:00:00 PM,8,7,1
08/08/2014 10:00:00 PM,9,6,3
08/08/2014 09:00:00 PM,21,15,6
08/08/2014 08:00:00 PM,29,21,8
08/08/2014 07:00:00 PM,18,11,7
08/08/2014 06:00:00 PM,69,40,29
08/08/2014 05:00:00 PM,49,38,11
08/08/2014 04:00:00 PM,47,34,13
08/08/2014 03:00:00 PM,29,20,9
08/08/2014 02:00:00 PM,37,27,10
08/08/2014 01:00:00 PM,54,36,18
08/08/2014 12:00:00 PM,48,19,29
08/08/2014 11:00:00 AM,52,37,15
08/08/2014 10:00:00 AM,28,11,17
08/08/2014 09:00:00 AM,24,12,12
08/08/2014 08:00:00 AM,28,20,8
08/08/2014 07:00:00 AM,23,15,8
08/08/2014 06:00:00 AM,11,8,3
08/08/2014 05:00:00 AM,3,2,1
08/08/2014 04:00:00 AM,0,0,0
08/08/2014 03:00:00 AM,1,0,1
08/08/2014 02:00:00 AM,2,0,2
08/08/2014 01:00:00 AM,5,4,1
08/08/2014 12:00:00 AM,1,0,1
08/07/2014 11:00:00 PM,11,7,4
08/07/2014 10:00:00 PM,7,6,1
08/07/2014 09:00:00 PM,17,12,5
08/07/2014 08:00:00 PM,21,11,10
08/07/2014 07:00:00 PM,26,13,13
08/07/2014 06:00:00 PM,53,25,28
08/07/2014 05:00:00 PM,58,47,11
08/07/2014 04:00:00 PM,35,25,10
08/07/2014 03:00:00 PM,49,37,12
08/07/2014 02:00:00 PM,60,42,18
08/07/2014 01:00:00 PM,47,39,8
08/07/2014 12:00:00 PM,41,24,17
08/07/2014 11:00:00 AM,34,25,9
08/07/2014 10:00:00 AM,38,21,17
08/07/2014 09:00:00 AM,33,18,15
08/07/2014 08:00:00 AM,36,26,10
08/07/2014 07:00:00 AM,25,22,3
08/07/2014 06:00:00 AM,8,4,4
08/07/2014 05:00:00 AM,8,4,4
08/07/2014 04:00:00 AM,0,0,0
08/07/2014 03:00:00 AM,1,0,1
08/07/2014 02:00:00 AM,0,0,0
08/07/2014 01:00:00 AM,3,3,0
08/07/2014 12:00:00 AM,2,2,0
08/06/2014 11:00:00 PM,5,3,2
08/06/2014 10:00:00 PM,5,4,1
08/06/2014 09:00:00 PM,22,19,3
08/06/2014 08:00:00 PM,36,22,14
08/06/2014 07:00:00 PM,31,16,15
08/06/2014 06:00:00 PM,66,36,30
08/06/2014 05:00:00 PM,44,32,12
08/06/2014 04:00:00 PM,60,40,20
08/06/2014 03:00:00 PM,36,19,17
08/06/2014 02:00:00 PM,32,19,13
08/06/2014 01:00:00 PM,19,13,6
08/06/2014 12:00:00 PM,39,26,13
08/06/2014 11:00:00 AM,30,18,12
08/06/2014 10:00:00 AM,39,26,13
08/06/2014 09:00:00 AM,40,22,18
08/06/2014 08:00:00 AM,44,29,15
08/06/2014 07:00:00 AM,30,21,9
08/06/2014 06:00:00 AM,13,9,4
08/06/2014 05:00:00 AM,1,1,0
08/06/2014 04:00:00 AM,1,1,0
08/06/2014 03:00:00 AM,0,0,0
08/06/2014 02:00:00 AM,0,0,0
08/06/2014 01:00:00 AM,0,0,0
08/06/2014 12:00:00 AM,1,1,0
08/05/2014 11:00:00 PM,7,4,3
08/05/2014 10:00:00 PM,3,3,0
08/05/2014 09:00:00 PM,7,5,2
08/05/2014 08:00:00 PM,14,10,4
08/05/2014 07:00:00 PM,40,10,30
08/05/2014 06:00:00 PM,29,16,13
08/05/2014 05:00:00 PM,74,44,30
08/05/2014 04:00:00 PM,57,45,12
08/05/2014 03:00:00 PM,54,36,18
08/05/2014 02:00:00 PM,40,25,15
08/05/2014 01:00:00 PM,53,32,21
08/05/2014 12:00:00 PM,37,25,12
08/05/2014 11:00:00 AM,37,26,11
08/05/2014 10:00:00 AM,36,22,14
08/05/2014 09:00:00 AM,33,18,15
08/05/2014 08:00:00 AM,57,40,17
08/05/2014 07:00:00 AM,29,22,7
08/05/2014 06:00:00 AM,17,10,7
08/05/2014 05:00:00 AM,3,2,1
08/05/2014 04:00:00 AM,2,2,0
08/05/2014 03:00:00 AM,0,0,0
08/05/2014 02:00:00 AM,0,0,0
08/05/2014 01:00:00 AM,3,3,0
08/05/2014 12:00:00 AM,3,2,1
08/04/2014 11:00:00 PM,8,6,2
08/04/2014 10:00:00 PM,8,7,1
08/04/2014 09:00:00 PM,15,7,8
08/04/2014 08:00:00 PM,31,18,13
08/04/2014 07:00:00 PM,50,39,11
08/04/2014 06:00:00 PM,70,38,32
08/04/2014 05:00:00 PM,73,45,28
08/04/2014 04:00:00 PM,55,47,8
08/04/2014 03:00:00 PM,46,24,22
08/04/2014 02:00:00 PM,62,42,20
08/04/2014 01:00:00 PM,55,45,10
08/04/2014 12:00:00 PM,57,42,15
08/04/2014 11:00:00 AM,43,36,7
08/04/2014 10:00:00 AM,46,29,17
08/04/2014 09:00:00 AM,47,33,14
08/04/2014 08:00:00 AM,36,20,16
08/04/2014 07:00:00 AM,16,8,8
08/04/2014 06:00:00 AM,20,13,7
08/04/2014 05:00:00 AM,0,0,0
08/04/2014 04:00:00 AM,4,4,0
08/04/2014 03:00:00 AM,0,0,0
08/04/2014 02:00:00 AM,0,0,0
08/04/2014 01:00:00 AM,6,3,3
08/04/2014 12:00:00 AM,1,0,1
08/03/2014 11:00:00 PM,6,2,4
08/03/2014 10:00:00 PM,5,5,0
08/03/2014 09:00:00 PM,23,19,4
08/03/2014 08:00:00 PM,36,29,7
08/03/2014 07:00:00 PM,28,18,10
08/03/2014 06:00:00 PM,35,25,10
08/03/2014 05:00:00 PM,34,26,8
08/03/2014 04:00:00 PM,66,55,11
08/03/2014 03:00:00 PM,49,25,24
08/03/2014 02:00:00 PM,62,33,29
08/03/2014 01:00:00 PM,77,45,32
08/03/2014 12:00:00 PM,66,39,27
08/03/2014 11:00:00 AM,51,26,25
08/03/2014 10:00:00 AM,39,25,14
08/03/2014 09:00:00 AM,28,16,12
08/03/2014 08:00:00 AM,14,12,2
08/03/2014 07:00:00 AM,5,2,3
08/03/2014 06:00:00 AM,1,1,0
08/03/2014 05:00:00 AM,2,2,0
08/03/2014 04:00:00 AM,1,1,0
08/03/2014 03:00:00 AM,2,0,2
08/03/2014 02:00:00 AM,1,1,0
08/03/2014 01:00:00 AM,0,0,0
08/03/2014 12:00:00 AM,9,5,4
08/02/2014 11:00:00 PM,9,5,4
08/02/2014 10:00:00 PM,13,13,0
08/02/2014 09:00:00 PM,38,24,14
08/02/2014 08:00:00 PM,36,25,11
08/02/2014 07:00:00 PM,44,26,18
08/02/2014 06:00:00 PM,48,37,11
08/02/2014 05:00:00 PM,57,34,23
08/02/2014 04:00:00 PM,51,34,17
08/02/2014 03:00:00 PM,49,27,22
08/02/2014 02:00:00 PM,50,26,24
08/02/2014 01:00:00 PM,35,18,17
08/02/2014 12:00:00 PM,61,27,34
08/02/2014 11:00:00 AM,45,21,24
08/02/2014 10:00:00 AM,35,17,18
08/02/2014 09:00:00 AM,39,30,9
08/02/2014 08:00:00 AM,14,11,3
08/02/2014 07:00:00 AM,3,1,2
08/02/2014 06:00:00 AM,0,0,0
08/02/2014 05:00:00 AM,3,2,1
08/02/2014 04:00:00 AM,1,0,1
08/02/2014 03:00:00 AM,3,3,0
08/02/2014 02:00:00 AM,2,2,0
08/02/2014 01:00:00 AM,4,4,0
08/02/2014 12:00:00 AM,2,2,0
08/01/2014 11:00:00 PM,14,12,2
08/01/2014 10:00:00 PM,8,7,1
08/01/2014 09:00:00 PM,29,19,10
08/01/2014 08:00:00 PM,25,13,12
08/01/2014 07:00:00 PM,26,16,10
08/01/2014 06:00:00 PM,49,26,23
08/01/2014 05:00:00 PM,54,31,23
08/01/2014 04:00:00 PM,35,13,22
08/01/2014 03:00:00 PM,50,32,18
08/01/2014 02:00:00 PM,33,19,14
08/01/2014 01:00:00 PM,23,15,8
08/01/2014 12:00:00 PM,43,30,13
08/01/2014 11:00:00 AM,54,37,17
08/01/2014 10:00:00 AM,54,33,21
08/01/2014 09:00:00 AM,14,10,4
08/01/2014 08:00:00 AM,27,17,10
08/01/2014 07:00:00 AM,26,23,3
08/01/2014 06:00:00 AM,11,7,4
08/01/2014 05:00:00 AM,1,0,1
08/01/2014 04:00:00 AM,0,0,0
08/01/2014 03:00:00 AM,0,0,0
08/01/2014 02:00:00 AM,0,0,0
08/01/2014 01:00:00 AM,4,3,1
08/01/2014 12:00:00 AM,8,8,0
07/31/2014 11:00:00 PM,9,8,1
07/31/2014 10:00:00 PM,7,5,2
07/31/2014 09:00:00 PM,32,24,8
07/31/2014 08:00:00 PM,30,17,13
07/31/2014 07:00:00 PM,56,28,28
07/31/2014 06:00:00 PM,55,28,27
07/31/2014 05:00:00 PM,66,39,27
07/31/2014 04:00:00 PM,66,45,21
07/31/2014 03:00:00 PM,59,27,32
07/31/2014 02:00:00 PM,49,36,13
07/31/2014 01:00:00 PM,46,33,13
07/31/2014 12:00:00 PM,45,25,20
07/31/2014 11:00:00 AM,59,37,22
07/31/2014 10:00:00 AM,45,37,8
07/31/2014 09:00:00 AM,44,29,15
07/31/2014 08:00:00 AM,21,14,7
07/31/2014 07:00:00 AM,25,20,5
07/31/2014 06:00:00 AM,12,6,6
07/31/2014 05:00:00 AM,0,0,0
07/31/2014 04:00:00 AM,0,0,0
07/31/2014 03:00:00 AM,0,0,0
07/31/2014 02:00:00 AM,2,0,2
07/31/2014 01:00:00 AM,3,3,0
07/31/2014 12:00:00 AM,3,2,1
07/30/2014 11:00:00 PM,7,4,3
07/30/2014 10:00:00 PM,23,20,3
07/30/2014 09:00:00 PM,38,25,13
07/30/2014 08:00:00 PM,49,29,20
07/30/2014 07:00:00 PM,43,18,25
07/30/2014 06:00:00 PM,52,31,21
07/30/2014 05:00:00 PM,45,28,17
07/30/2014 04:00:00 PM,42,21,21
07/30/2014 03:00:00 PM,50,31,19
07/30/2014 02:00:00 PM,29,20,9
07/30/2014 01:00:00 PM,42,24,18
07/30/2014 12:00:00 PM,51,31,20
07/30/2014 11:00:00 AM,30,15,15
07/30/2014 10:00:00 AM,45,21,24
07/30/2014 09:00:00 AM,50,34,16
07/30/2014 08:00:00 AM,26,22,4
07/30/2014 07:00:00 AM,23,19,4
07/30/2014 06:00:00 AM,9,3,6
07/30/2014 05:00:00 AM,3,0,3
07/30/2014 04:00:00 AM,0,0,0
07/30/2014 03:00:00 AM,2,2,0
07/30/2014 02:00:00 AM,0,0,0
07/30/2014 01:00:00 AM,0,0,0
07/30/2014 12:00:00 AM,1,0,1
07/29/2014 11:00:00 PM,6,5,1
07/29/2014 10:00:00 PM,7,7,0
07/29/2014 09:00:00 PM,32,29,3
07/29/2014 08:00:00 PM,34,24,10
07/29/2014 07:00:00 PM,53,34,19
07/29/2014 06:00:00 PM,61,36,25
07/29/2014 05:00:00 PM,43,29,14
07/29/2014 04:00:00 PM,39,24,15
07/29/2014 03:00:00 PM,28,16,12
07/29/2014 02:00:00 PM,59,43,16
07/29/2014 01:00:00 PM,45,34,11
07/29/2014 12:00:00 PM,50,36,14
07/29/2014 11:00:00 AM,36,25,11
07/29/2014 10:00:00 AM,39,25,14
07/29/2014 09:00:00 AM,44,28,16
07/29/2014 08:00:00 AM,54,37,17
07/29/2014 07:00:00 AM,22,16,6
07/29/2014 06:00:00 AM,17,9,8
07/29/2014 05:00:00 AM,2,2,0
07/29/2014 04:00:00 AM,0,0,0
07/29/2014 03:00:00 AM,2,2,0
07/29/2014 02:00:00 AM,0,0,0
07/29/2014 01:00:00 AM,2,2,0
07/29/2014 12:00:00 AM,1,1,0
07/28/2014 11:00:00 PM,1,1,0
07/28/2014 10:00:00 PM,5,4,1
07/28/2014 09:00:00 PM,27,16,11
07/28/2014 08:00:00 PM,25,19,6
07/28/2014 07:00:00 PM,51,32,19
07/28/2014 06:00:00 PM,60,38,22
07/28/2014 05:00:00 PM,49,32,17
07/28/2014 04:00:00 PM,64,37,27
07/28/2014 03:00:00 PM,51,38,13
07/28/2014 02:00:00 PM,54,32,22
07/28/2014 01:00:00 PM,57,42,15
07/28/2014 12:00:00 PM,32,24,8
07/28/2014 11:00:00 AM,31,21,10
07/28/2014 10:00:00 AM,37,18,19
07/28/2014 09:00:00 AM,28,18,10
07/28/2014 08:00:00 AM,34,28,6
07/28/2014 07:00:00 AM,29,22,7
07/28/2014 06:00:00 AM,7,4,3
07/28/2014 05:00:00 AM,1,0,1
07/28/2014 04:00:00 AM,0,0,0
07/28/2014 03:00:00 AM,0,0,0
07/28/2014 02:00:00 AM,0,0,0
07/28/2014 01:00:00 AM,1,0,1
07/28/2014 12:00:00 AM,0,0,0
07/27/2014 11:00:00 PM,10,8,2
07/27/2014 10:00:00 PM,14,12,2
07/27/2014 09:00:00 PM,20,16,4
07/27/2014 08:00:00 PM,27,16,11
07/27/2014 07:00:00 PM,31,18,13
07/27/2014 06:00:00 PM,53,41,12
07/27/2014 05:00:00 PM,40,33,7
07/27/2014 04:00:00 PM,40,30,10
07/27/2014 03:00:00 PM,51,38,13
07/27/2014 02:00:00 PM,74,44,30
07/27/2014 01:00:00 PM,86,56,30
07/27/2014 12:00:00 PM,47,24,23
07/27/2014 11:00:00 AM,61,36,25
07/27/2014 10:00:00 AM,36,26,10
07/27/2014 09:00:00 AM,21,19,2
07/27/2014 08:00:00 AM,7,4,3
07/27/2014 07:00:00 AM,8,7,1
07/27/2014 06:00:00 AM,4,2,2
07/27/2014 05:00:00 AM,2,2,0
07/27/2014 04:00:00 AM,0,0,0
07/27/2014 03:00:00 AM,2,2,0
07/27/2014 02:00:00 AM,1,1,0
07/27/2014 01:00:00 AM,8,8,0
07/27/2014 12:00:00 AM,7,7,0
07/26/2014 11:00:00 PM,8,8,0
07/26/2014 10:00:00 PM,6,5,1
07/26/2014 09:00:00 PM,23,10,13
07/26/2014 08:00:00 PM,12,11,1
07/26/2014 07:00:00 PM,32,27,5
07/26/2014 06:00:00 PM,37,29,8
07/26/2014 05:00:00 PM,44,31,13
07/26/2014 04:00:00 PM,52,34,18
07/26/2014 03:00:00 PM,64,44,20
07/26/2014 02:00:00 PM,70,45,25
07/26/2014 01:00:00 PM,83,62,21
07/26/2014 12:00:00 PM,40,23,17
07/26/2014 11:00:00 AM,52,36,16
07/26/2014 10:00:00 AM,58,25,33
07/26/2014 09:00:00 AM,29,16,13
07/26/2014 08:00:00 AM,15,8,7
07/26/2014 07:00:00 AM,13,11,2
07/26/2014 06:00:00 AM,7,5,2
07/26/2014 05:00:00 AM,6,6,0
07/26/2014 04:00:00 AM,1,0,1
07/26/2014 03:00:00 AM,0,0,0
07/26/2014 02:00:00 AM,0,0,0
07/26/2014 01:00:00 AM,7,3,4
07/26/2014 12:00:00 AM,7,7,0
07/25/2014 11:00:00 PM,14,12,2
07/25/2014 10:00:00 PM,19,14,5
07/25/2014 09:00:00 PM,26,18,8
07/25/2014 08:00:00 PM,29,21,8
07/25/2014 07:00:00 PM,29,19,10
07/25/2014 06:00:00 PM,43,29,14
07/25/2014 05:00:00 PM,41,24,17
07/25/2014 04:00:00 PM,38,19,19
07/25/2014 03:00:00 PM,56,33,23
07/25/2014 02:00:00 PM,55,29,26
07/25/2014 01:00:00 PM,56,42,14
07/25/2014 12:00:00 PM,45,25,20
07/25/2014 11:00:00 AM,44,24,20
07/25/2014 10:00:00 AM,43,27,16
07/25/2014 09:00:00 AM,35,23,12
07/25/2014 08:00:00 AM,37,28,9
07/25/2014 07:00:00 AM,26,23,3
07/25/2014 06:00:00 AM,9,4,5
07/25/2014 05:00:00 AM,2,2,0
07/25/2014 04:00:00 AM,0,0,0
07/25/2014 03:00:00 AM,0,0,0
07/25/2014 02:00:00 AM,0,0,0
07/25/2014 01:00:00 AM,2,2,0
07/25/2014 12:00:00 AM,4,3,1
07/24/2014 11:00:00 PM,3,1,2
07/24/2014 10:00:00 PM,6,4,2
07/24/2014 09:00:00 PM,11,7,4
07/24/2014 08:00:00 PM,13,5,8
07/24/2014 07:00:00 PM,38,28,10
07/24/2014 06:00:00 PM,42,25,17
07/24/2014 05:00:00 PM,40,26,14
07/24/2014 04:00:00 PM,42,29,13
07/24/2014 03:00:00 PM,26,17,9
07/24/2014 02:00:00 PM,48,40,8
07/24/2014 01:00:00 PM,40,33,7
07/24/2014 12:00:00 PM,46,31,15
07/24/2014 11:00:00 AM,36,25,11
07/24/2014 10:00:00 AM,29,20,9
07/24/2014 09:00:00 AM,23,20,3
07/24/2014 08:00:00 AM,20,17,3
07/24/2014 07:00:00 AM,20,16,4
07/24/2014 06:00:00 AM,17,11,6
07/24/2014 05:00:00 AM,4,4,0
07/24/2014 04:00:00 AM,7,7,0
07/24/2014 03:00:00 AM,1,0,1
07/24/2014 02:00:00 AM,0,0,0
07/24/2014 01:00:00 AM,2,1,1
07/24/2014 12:00:00 AM,2,0,2
07/23/2014 11:00:00 PM,9,9,0
07/23/2014 10:00:00 PM,8,5,3
07/23/2014 09:00:00 PM,29,23,6
07/23/2014 08:00:00 PM,28,21,7
07/23/2014 07:00:00 PM,26,17,9
07/23/2014 06:00:00 PM,50,31,19
07/23/2014 05:00:00 PM,46,33,13
07/23/2014 04:00:00 PM,25,9,16
07/23/2014 03:00:00 PM,17,7,10
07/23/2014 02:00:00 PM,13,6,7
07/23/2014 01:00:00 PM,20,10,10
07/23/2014 12:00:00 PM,36,16,20
07/23/2014 11:00:00 AM,36,21,15
07/23/2014 10:00:00 AM,26,18,8
07/23/2014 09:00:00 AM,36,19,17
07/23/2014 08:00:00 AM,22,16,6
07/23/2014 07:00:00 AM,28,23,5
07/23/2014 06:00:00 AM,10,3,7
07/23/2014 05:00:00 AM,2,2,0
07/23/2014 04:00:00 AM,0,0,0
07/23/2014 03:00:00 AM,1,0,1
07/23/2014 02:00:00 AM,0,0,0
07/23/2014 01:00:00 AM,1,0,1
07/23/2014 12:00:00 AM,0,0,0
07/22/2014 11:00:00 PM,11,8,3
07/22/2014 10:00:00 PM,4,4,0
07/22/2014 09:00:00 PM,35,24,11
07/22/2014 08:00:00 PM,24,18,6
07/22/2014 07:00:00 PM,44,23,21
07/22/2014 06:00:00 PM,52,33,19
07/22/2014 05:00:00 PM,37,19,18
07/22/2014 04:00:00 PM,52,35,17
07/22/2014 03:00:00 PM,29,15,14
07/22/2014 02:00:00 PM,34,26,8
07/22/2014 01:00:00 PM,42,27,15
07/22/2014 12:00:00 PM,51,36,15
07/22/2014 11:00:00 AM,34,21,13
07/22/2014 10:00:00 AM,29,19,10
07/22/2014 09:00:00 AM,34,27,7
07/22/2014 08:00:00 AM,33,23,10
07/22/2014 07:00:00 AM,33,23,10
07/22/2014 06:00:00 AM,10,7,3
07/22/2014 05:00:00 AM,4,2,2
07/22/2014 04:00:00 AM,0,0,0
07/22/2014 03:00:00 AM,0,0,0
07/22/2014 02:00:00 AM,4,3,1
07/22/2014 01:00:00 AM,2,1,1
07/22/2014 12:00:00 AM,0,0,0
07/21/2014 11:00:00 PM,13,13,0
07/21/2014 10:00:00 PM,10,10,0
07/21/2014 09:00:00 PM,21,16,5
07/21/2014 08:00:00 PM,39,29,10
07/21/2014 07:00:00 PM,37,23,14
07/21/2014 06:00:00 PM,63,45,18
07/21/2014 05:00:00 PM,65,40,25
07/21/2014 04:00:00 PM,59,43,16
07/21/2014 03:00:00 PM,44,33,11
07/21/2014 02:00:00 PM,59,39,20
07/21/2014 01:00:00 PM,39,26,13
07/21/2014 12:00:00 PM,35,31,4
07/21/2014 11:00:00 AM,39,29,10
07/21/2014 10:00:00 AM,18,8,10
07/21/2014 09:00:00 AM,43,23,20
07/21/2014 08:00:00 AM,39,23,16
07/21/2014 07:00:00 AM,25,20,5
07/21/2014 06:00:00 AM,13,9,4
07/21/2014 05:00:00 AM,5,3,2
07/21/2014 04:00:00 AM,0,0,0
07/21/2014 03:00:00 AM,0,0,0
07/21/2014 02:00:00 AM,0,0,0
07/21/2014 01:00:00 AM,0,0,0
07/21/2014 12:00:00 AM,5,4,1
07/20/2014 11:00:00 PM,3,3,0
07/20/2014 10:00:00 PM,9,8,1
07/20/2014 09:00:00 PM,16,12,4
07/20/2014 08:00:00 PM,33,21,12
07/20/2014 07:00:00 PM,10,8,2
07/20/2014 06:00:00 PM,29,21,8
07/20/2014 05:00:00 PM,33,23,10
07/20/2014 04:00:00 PM,47,34,13
07/20/2014 03:00:00 PM,65,47,18
07/20/2014 02:00:00 PM,52,37,15
07/20/2014 01:00:00 PM,79,48,31
07/20/2014 12:00:00 PM,72,40,32
07/20/2014 11:00:00 AM,68,42,26
07/20/2014 10:00:00 AM,48,30,18
07/20/2014 09:00:00 AM,28,20,8
07/20/2014 08:00:00 AM,12,10,2
07/20/2014 07:00:00 AM,6,4,2
07/20/2014 06:00:00 AM,2,0,2
07/20/2014 05:00:00 AM,2,2,0
07/20/2014 04:00:00 AM,0,0,0
07/20/2014 03:00:00 AM,1,1,0
07/20/2014 02:00:00 AM,3,1,2
07/20/2014 01:00:00 AM,8,8,0
07/20/2014 12:00:00 AM,3,1,2
07/19/2014 11:00:00 PM,10,7,3
07/19/2014 10:00:00 PM,9,9,0
07/19/2014 09:00:00 PM,30,23,7
07/19/2014 08:00:00 PM,33,18,15
07/19/2014 07:00:00 PM,27,19,8
07/19/2014 06:00:00 PM,43,27,16
07/19/2014 05:00:00 PM,52,36,16
07/19/2014 04:00:00 PM,53,30,23
07/19/2014 03:00:00 PM,56,24,32
07/19/2014 02:00:00 PM,57,38,19
07/19/2014 01:00:00 PM,53,28,25
07/19/2014 12:00:00 PM,64,39,25
07/19/2014 11:00:00 AM,43,19,24
07/19/2014 10:00:00 AM,39,18,21
07/19/2014 09:00:00 AM,38,24,14
07/19/2014 08:00:00 AM,19,13,6
07/19/2014 07:00:00 AM,10,10,0
07/19/2014 06:00:00 AM,2,2,0
07/19/2014 05:00:00 AM,10,9,1
07/19/2014 04:00:00 AM,0,0,0
07/19/2014 03:00:00 AM,2,0,2
07/19/2014 02:00:00 AM,2,0,2
07/19/2014 01:00:00 AM,6,5,1
07/19/2014 12:00:00 AM,7,4,3
07/18/2014 11:00:00 PM,11,6,5
07/18/2014 10:00:00 PM,7,3,4
07/18/2014 09:00:00 PM,39,26,13
07/18/2014 08:00:00 PM,26,15,11
07/18/2014 07:00:00 PM,35,21,14
07/18/2014 06:00:00 PM,54,34,20
07/18/2014 05:00:00 PM,72,39,33
07/18/2014 04:00:00 PM,50,38,12
07/18/2014 03:00:00 PM,32,16,16
07/18/2014 02:00:00 PM,53,35,18
07/18/2014 01:00:00 PM,56,27,29
07/18/2014 12:00:00 PM,34,23,11
07/18/2014 11:00:00 AM,35,18,17
07/18/2014 10:00:00 AM,42,28,14
07/18/2014 09:00:00 AM,50,39,11
07/18/2014 08:00:00 AM,59,41,18
07/18/2014 07:00:00 AM,16,9,7
07/18/2014 06:00:00 AM,11,7,4
07/18/2014 05:00:00 AM,3,0,3
07/18/2014 04:00:00 AM,0,0,0
07/18/2014 03:00:00 AM,0,0,0
07/18/2014 02:00:00 AM,1,0,1
07/18/2014 01:00:00 AM,2,2,0
07/18/2014 12:00:00 AM,2,2,0
07/17/2014 11:00:00 PM,7,4,3
07/17/2014 10:00:00 PM,17,11,6
07/17/2014 09:00:00 PM,15,10,5
07/17/2014 08:00:00 PM,33,21,12
07/17/2014 07:00:00 PM,49,28,21
07/17/2014 06:00:00 PM,60,42,18
07/17/2014 05:00:00 PM,50,32,18
07/17/2014 04:00:00 PM,50,33,17
07/17/2014 03:00:00 PM,25,19,6
07/17/2014 02:00:00 PM,46,31,15
07/17/2014 01:00:00 PM,38,29,9
07/17/2014 12:00:00 PM,57,43,14
07/17/2014 11:00:00 AM,38,24,14
07/17/2014 10:00:00 AM,25,23,2
07/17/2014 09:00:00 AM,45,25,20
07/17/2014 08:00:00 AM,36,25,11
07/17/2014 07:00:00 AM,27,21,6
07/17/2014 06:00:00 AM,11,4,7
07/17/2014 05:00:00 AM,7,6,1
07/17/2014 04:00:00 AM,0,0,0
07/17/2014 03:00:00 AM,0,0,0
07/17/2014 02:00:00 AM,1,0,1
07/17/2014 01:00:00 AM,2,2,0
07/17/2014 12:00:00 AM,3,3,0
07/16/2014 11:00:00 PM,4,4,0
07/16/2014 10:00:00 PM,12,11,1
07/16/2014 09:00:00 PM,32,28,4
07/16/2014 08:00:00 PM,44,33,11
07/16/2014 07:00:00 PM,60,33,27
07/16/2014 06:00:00 PM,52,32,20
07/16/2014 05:00:00 PM,22,16,6
07/16/2014 04:00:00 PM,41,32,9
07/16/2014 03:00:00 PM,54,39,15
07/16/2014 02:00:00 PM,37,23,14
07/16/2014 01:00:00 PM,34,27,7
07/16/2014 12:00:00 PM,38,29,9
07/16/2014 11:00:00 AM,33,24,9
07/16/2014 10:00:00 AM,27,12,15
07/16/2014 09:00:00 AM,35,25,10
07/16/2014 08:00:00 AM,34,20,14
07/16/2014 07:00:00 AM,13,7,6
07/16/2014 06:00:00 AM,10,7,3
07/16/2014 05:00:00 AM,4,2,2
07/16/2014 04:00:00 AM,0,0,0
07/16/2014 03:00:00 AM,0,0,0
07/16/2014 02:00:00 AM,2,0,2
07/16/2014 01:00:00 AM,2,2,0
07/16/2014 12:00:00 AM,2,2,0
07/15/2014 11:00:00 PM,9,7,2
07/15/2014 10:00:00 PM,7,6,1
07/15/2014 09:00:00 PM,33,17,16
07/15/2014 08:00:00 PM,29,18,11
07/15/2014 07:00:00 PM,30,14,16
07/15/2014 06:00:00 PM,58,23,35
07/15/2014 05:00:00 PM,54,29,25
07/15/2014 04:00:00 PM,38,21,17
07/15/2014 03:00:00 PM,28,14,14
07/15/2014 02:00:00 PM,44,36,8
07/15/2014 01:00:00 PM,50,39,11
07/15/2014 12:00:00 PM,74,44,30
07/15/2014 11:00:00 AM,42,27,15
07/15/2014 10:00:00 AM,37,20,17
07/15/2014 09:00:00 AM,32,16,16
07/15/2014 08:00:00 AM,40,27,13
07/15/2014 07:00:00 AM,17,8,9
07/15/2014 06:00:00 AM,10,6,4
07/15/2014 05:00:00 AM,6,4,2
07/15/2014 04:00:00 AM,0,0,0
07/15/2014 03:00:00 AM,0,0,0
07/15/2014 02:00:00 AM,2,0,2
07/15/2014 01:00:00 AM,0,0,0
07/15/2014 12:00:00 AM,3,2,1
07/14/2014 11:00:00 PM,1,1,0
07/14/2014 10:00:00 PM,11,8,3
07/14/2014 09:00:00 PM,23,18,5
07/14/2014 08:00:00 PM,27,16,11
07/14/2014 07:00:00 PM,52,32,20
07/14/2014 06:00:00 PM,41,23,18
07/14/2014 05:00:00 PM,73,45,28
07/14/2014 04:00:00 PM,49,42,7
07/14/2014 03:00:00 PM,48,32,16
07/14/2014 02:00:00 PM,64,50,14
07/14/2014 01:00:00 PM,43,25,18
07/14/2014 12:00:00 PM,42,25,17
07/14/2014 11:00:00 AM,36,26,10
07/14/2014 10:00:00 AM,36,21,15
07/14/2014 09:00:00 AM,38,21,17
07/14/2014 08:00:00 AM,51,39,12
07/14/2014 07:00:00 AM,20,15,5
07/14/2014 06:00:00 AM,8,2,6
07/14/2014 05:00:00 AM,9,5,4
07/14/2014 04:00:00 AM,5,4,1
07/14/2014 03:00:00 AM,1,1,0
07/14/2014 02:00:00 AM,5,5,0
07/14/2014 01:00:00 AM,2,0,2
07/14/2014 12:00:00 AM,5,3,2
07/13/2014 11:00:00 PM,2,1,1
07/13/2014 10:00:00 PM,22,15,7
07/13/2014 09:00:00 PM,43,28,15
07/13/2014 08:00:00 PM,114,64,50
07/13/2014 07:00:00 PM,85,43,42
07/13/2014 06:00:00 PM,51,31,20
07/13/2014 05:00:00 PM,73,44,29
07/13/2014 04:00:00 PM,64,41,23
07/13/2014 03:00:00 PM,110,47,63
07/13/2014 02:00:00 PM,100,35,65
07/13/2014 01:00:00 PM,81,28,53
07/13/2014 12:00:00 PM,87,26,61
07/13/2014 11:00:00 AM,123,62,61
07/13/2014 10:00:00 AM,132,82,50
07/13/2014 09:00:00 AM,123,54,69
07/13/2014 08:00:00 AM,71,25,46
07/13/2014 07:00:00 AM,36,13,23
07/13/2014 06:00:00 AM,16,4,12
07/13/2014 05:00:00 AM,9,3,6
07/13/2014 04:00:00 AM,7,6,1
07/13/2014 03:00:00 AM,7,6,1
07/13/2014 02:00:00 AM,10,8,2
07/13/2014 01:00:00 AM,19,15,4
07/13/2014 12:00:00 AM,40,19,21
07/12/2014 11:00:00 PM,58,25,33
07/12/2014 10:00:00 PM,79,40,39
07/12/2014 09:00:00 PM,70,43,27
07/12/2014 08:00:00 PM,42,28,14
07/12/2014 07:00:00 PM,51,29,22
07/12/2014 06:00:00 PM,55,41,14
07/12/2014 05:00:00 PM,60,32,28
07/12/2014 04:00:00 PM,68,50,18
07/12/2014 03:00:00 PM,88,52,36
07/12/2014 02:00:00 PM,88,54,34
07/12/2014 01:00:00 PM,80,46,34
07/12/2014 12:00:00 PM,94,50,44
07/12/2014 11:00:00 AM,81,45,36
07/12/2014 10:00:00 AM,103,65,38
07/12/2014 09:00:00 AM,215,93,122
07/12/2014 08:00:00 AM,155,78,77
07/12/2014 07:00:00 AM,87,33,54
07/12/2014 06:00:00 AM,28,12,16
07/12/2014 05:00:00 AM,8,6,2
07/12/2014 04:00:00 AM,4,4,0
07/12/2014 03:00:00 AM,4,2,2
07/12/2014 02:00:00 AM,26,21,5
07/12/2014 01:00:00 AM,27,26,1
07/12/2014 12:00:00 AM,35,30,5
07/11/2014 11:00:00 PM,27,22,5
07/11/2014 10:00:00 PM,13,12,1
07/11/2014 09:00:00 PM,24,21,3
07/11/2014 08:00:00 PM,45,31,14
07/11/2014 07:00:00 PM,39,22,17
07/11/2014 06:00:00 PM,49,40,9
07/11/2014 05:00:00 PM,53,31,22
07/11/2014 04:00:00 PM,47,35,12
07/11/2014 03:00:00 PM,37,21,16
07/11/2014 02:00:00 PM,52,39,13
07/11/2014 01:00:00 PM,44,26,18
07/11/2014 12:00:00 PM,44,32,12
07/11/2014 11:00:00 AM,56,31,25
07/11/2014 10:00:00 AM,49,41,8
07/11/2014 09:00:00 AM,42,20,22
07/11/2014 08:00:00 AM,31,13,18
07/11/2014 07:00:00 AM,25,18,7
07/11/2014 06:00:00 AM,9,5,4
07/11/2014 05:00:00 AM,1,0,1
07/11/2014 04:00:00 AM,0,0,0
07/11/2014 03:00:00 AM,0,0,0
07/11/2014 02:00:00 AM,2,2,0
07/11/2014 01:00:00 AM,5,4,1
07/11/2014 12:00:00 AM,9,6,3
07/10/2014 11:00:00 PM,12,11,1
07/10/2014 10:00:00 PM,19,18,1
07/10/2014 09:00:00 PM,43,31,12
07/10/2014 08:00:00 PM,36,19,17
07/10/2014 07:00:00 PM,32,21,11
07/10/2014 06:00:00 PM,61,30,31
07/10/2014 05:00:00 PM,65,33,32
07/10/2014 04:00:00 PM,41,31,10
07/10/2014 03:00:00 PM,33,19,14
07/10/2014 02:00:00 PM,26,8,18
07/10/2014 01:00:00 PM,25,15,10
07/10/2014 12:00:00 PM,42,29,13
07/10/2014 11:00:00 AM,39,26,13
07/10/2014 10:00:00 AM,40,21,19
07/10/2014 09:00:00 AM,40,27,13
07/10/2014 08:00:00 AM,34,22,12
07/10/2014 07:00:00 AM,24,20,4
07/10/2014 06:00:00 AM,13,5,8
07/10/2014 05:00:00 AM,6,6,0
07/10/2014 04:00:00 AM,0,0,0
07/10/2014 03:00:00 AM,4,0,4
07/10/2014 02:00:00 AM,22,9,13
07/10/2014 01:00:00 AM,0,0,0
07/10/2014 12:00:00 AM,3,3,0
07/09/2014 11:00:00 PM,8,6,2
07/09/2014 10:00:00 PM,14,11,3
07/09/2014 09:00:00 PM,12,6,6
07/09/2014 08:00:00 PM,46,28,18
07/09/2014 07:00:00 PM,64,48,16
07/09/2014 06:00:00 PM,59,39,20
07/09/2014 05:00:00 PM,39,27,12
07/09/2014 04:00:00 PM,39,28,11
07/09/2014 03:00:00 PM,36,22,14
07/09/2014 02:00:00 PM,44,26,18
07/09/2014 01:00:00 PM,42,21,21
07/09/2014 12:00:00 PM,30,18,12
07/09/2014 11:00:00 AM,37,24,13
07/09/2014 10:00:00 AM,27,18,9
07/09/2014 09:00:00 AM,48,27,21
07/09/2014 08:00:00 AM,39,28,11
07/09/2014 07:00:00 AM,26,20,6
07/09/2014 06:00:00 AM,8,4,4
07/09/2014 05:00:00 AM,3,2,1
07/09/2014 04:00:00 AM,4,2,2
07/09/2014 03:00:00 AM,2,0,2
07/09/2014 02:00:00 AM,1,1,0
07/09/2014 01:00:00 AM,5,4,1
07/09/2014 12:00:00 AM,2,2,0
07/08/2014 11:00:00 PM,4,4,0
07/08/2014 10:00:00 PM,14,12,2
07/08/2014 09:00:00 PM,26,16,10
07/08/2014 08:00:00 PM,28,18,10
07/08/2014 07:00:00 PM,52,24,28
07/08/2014 06:00:00 PM,60,34,26
07/08/2014 05:00:00 PM,49,36,13
07/08/2014 04:00:00 PM,46,36,10
07/08/2014 03:00:00 PM,27,16,11
07/08/2014 02:00:00 PM,49,43,6
07/08/2014 01:00:00 PM,31,11,20
07/08/2014 12:00:00 PM,47,38,9
07/08/2014 11:00:00 AM,34,22,12
07/08/2014 10:00:00 AM,31,16,15
07/08/2014 09:00:00 AM,27,16,11
07/08/2014 08:00:00 AM,30,21,9
07/08/2014 07:00:00 AM,37,28,9
07/08/2014 06:00:00 AM,14,9,5
07/08/2014 05:00:00 AM,3,2,1
07/08/2014 04:00:00 AM,0,0,0
07/08/2014 03:00:00 AM,0,0,0
07/08/2014 02:00:00 AM,0,0,0
07/08/2014 01:00:00 AM,0,0,0
07/08/2014 12:00:00 AM,3,2,1
07/07/2014 11:00:00 PM,3,3,0
07/07/2014 10:00:00 PM,11,11,0
07/07/2014 09:00:00 PM,23,21,2
07/07/2014 08:00:00 PM,34,23,11
07/07/2014 07:00:00 PM,32,20,12
07/07/2014 06:00:00 PM,44,23,21
07/07/2014 05:00:00 PM,55,33,22
07/07/2014 04:00:00 PM,31,27,4
07/07/2014 03:00:00 PM,38,28,10
07/07/2014 02:00:00 PM,40,32,8
07/07/2014 01:00:00 PM,59,31,28
07/07/2014 12:00:00 PM,44,20,24
07/07/2014 11:00:00 AM,31,21,10
07/07/2014 10:00:00 AM,25,16,9
07/07/2014 09:00:00 AM,25,17,8
07/07/2014 08:00:00 AM,30,14,16
07/07/2014 07:00:00 AM,20,12,8
07/07/2014 06:00:00 AM,7,5,2
07/07/2014 05:00:00 AM,3,0,3
07/07/2014 04:00:00 AM,5,3,2
07/07/2014 03:00:00 AM,2,1,1
07/07/2014 02:00:00 AM,0,0,0
07/07/2014 01:00:00 AM,0,0,0
07/07/2014 12:00:00 AM,0,0,0
07/06/2014 11:00:00 PM,6,4,2
07/06/2014 10:00:00 PM,10,8,2
07/06/2014 09:00:00 PM,9,4,5
07/06/2014 08:00:00 PM,12,9,3
07/06/2014 07:00:00 PM,32,25,7
07/06/2014 06:00:00 PM,20,17,3
07/06/2014 05:00:00 PM,36,23,13
07/06/2014 04:00:00 PM,45,32,13
07/06/2014 03:00:00 PM,63,36,27
07/06/2014 02:00:00 PM,74,50,24
07/06/2014 01:00:00 PM,69,45,24
07/06/2014 12:00:00 PM,72,46,26
07/06/2014 11:00:00 AM,60,29,31
07/06/2014 10:00:00 AM,43,27,16
07/06/2014 09:00:00 AM,19,10,9
07/06/2014 08:00:00 AM,12,6,6
07/06/2014 07:00:00 AM,4,2,2
07/06/2014 06:00:00 AM,5,4,1
07/06/2014 05:00:00 AM,6,6,0
07/06/2014 04:00:00 AM,0,0,0
07/06/2014 03:00:00 AM,2,0,2
07/06/2014 02:00:00 AM,0,0,0
07/06/2014 01:00:00 AM,1,1,0
07/06/2014 12:00:00 AM,2,2,0
07/05/2014 11:00:00 PM,4,4,0
07/05/2014 10:00:00 PM,4,3,1
07/05/2014 09:00:00 PM,14,7,7
07/05/2014 08:00:00 PM,25,19,6
07/05/2014 07:00:00 PM,30,17,13
07/05/2014 06:00:00 PM,29,25,4
07/05/2014 05:00:00 PM,30,24,6
07/05/2014 04:00:00 PM,42,22,20
07/05/2014 03:00:00 PM,40,25,15
07/05/2014 02:00:00 PM,36,26,10
07/05/2014 01:00:00 PM,36,23,13
07/05/2014 12:00:00 PM,36,26,10
07/05/2014 11:00:00 AM,39,30,9
07/05/2014 10:00:00 AM,30,14,16
07/05/2014 09:00:00 AM,18,13,5
07/05/2014 08:00:00 AM,13,10,3
07/05/2014 07:00:00 AM,6,6,0
07/05/2014 06:00:00 AM,2,2,0
07/05/2014 05:00:00 AM,4,3,1
07/05/2014 04:00:00 AM,4,1,3
07/05/2014 03:00:00 AM,0,0,0
07/05/2014 02:00:00 AM,0,0,0
07/05/2014 01:00:00 AM,3,3,0
07/05/2014 12:00:00 AM,0,0,0
07/04/2014 11:00:00 PM,17,16,1
07/04/2014 10:00:00 PM,4,1,3
07/04/2014 09:00:00 PM,9,9,0
07/04/2014 08:00:00 PM,17,17,0
07/04/2014 07:00:00 PM,25,17,8
07/04/2014 06:00:00 PM,24,19,5
07/04/2014 05:00:00 PM,30,22,8
07/04/2014 04:00:00 PM,25,20,5
07/04/2014 03:00:00 PM,40,26,14
07/04/2014 02:00:00 PM,20,16,4
07/04/2014 01:00:00 PM,59,38,21
07/04/2014 12:00:00 PM,50,35,15
07/04/2014 11:00:00 AM,43,20,23
07/04/2014 10:00:00 AM,29,19,10
07/04/2014 09:00:00 AM,28,17,11
07/04/2014 08:00:00 AM,9,3,6
07/04/2014 07:00:00 AM,2,0,2
07/04/2014 06:00:00 AM,6,2,4
07/04/2014 05:00:00 AM,0,0,0
07/04/2014 04:00:00 AM,0,0,0
07/04/2014 03:00:00 AM,1,1,0
07/04/2014 02:00:00 AM,2,2,0
07/04/2014 01:00:00 AM,1,1,0
07/04/2014 12:00:00 AM,5,4,1
07/03/2014 11:00:00 PM,6,6,0
07/03/2014 10:00:00 PM,6,6,0
07/03/2014 09:00:00 PM,28,23,5
07/03/2014 08:00:00 PM,39,24,15
07/03/2014 07:00:00 PM,18,12,6
07/03/2014 06:00:00 PM,50,35,15
07/03/2014 05:00:00 PM,39,21,18
07/03/2014 04:00:00 PM,32,21,11
07/03/2014 03:00:00 PM,34,20,14
07/03/2014 02:00:00 PM,33,18,15
07/03/2014 01:00:00 PM,44,33,11
07/03/2014 12:00:00 PM,49,34,15
07/03/2014 11:00:00 AM,49,23,26
07/03/2014 10:00:00 AM,23,15,8
07/03/2014 09:00:00 AM,33,25,8
07/03/2014 08:00:00 AM,33,28,5
07/03/2014 07:00:00 AM,21,11,10
07/03/2014 06:00:00 AM,8,5,3
07/03/2014 05:00:00 AM,1,0,1
07/03/2014 04:00:00 AM,1,0,1
07/03/2014 03:00:00 AM,1,0,1
07/03/2014 02:00:00 AM,1,1,0
07/03/2014 01:00:00 AM,0,0,0
07/03/2014 12:00:00 AM,5,5,0
07/02/2014 11:00:00 PM,12,11,1
07/02/2014 10:00:00 PM,11,8,3
07/02/2014 09:00:00 PM,23,19,4
07/02/2014 08:00:00 PM,24,13,11
07/02/2014 07:00:00 PM,29,24,5
07/02/2014 06:00:00 PM,55,35,20
07/02/2014 05:00:00 PM,43,28,15
07/02/2014 04:00:00 PM,38,23,15
07/02/2014 03:00:00 PM,31,22,9
07/02/2014 02:00:00 PM,35,28,7
07/02/2014 01:00:00 PM,38,21,17
07/02/2014 12:00:00 PM,60,44,16
07/02/2014 11:00:00 AM,31,16,15
07/02/2014 10:00:00 AM,25,8,17
07/02/2014 09:00:00 AM,26,20,6
07/02/2014 08:00:00 AM,28,18,10
07/02/2014 07:00:00 AM,24,20,4
07/02/2014 06:00:00 AM,15,11,4
07/02/2014 05:00:00 AM,4,3,1
07/02/2014 04:00:00 AM,0,0,0
07/02/2014 03:00:00 AM,0,0,0
07/02/2014 02:00:00 AM,0,0,0
07/02/2014 01:00:00 AM,3,3,0
07/02/2014 12:00:00 AM,6,6,0
07/01/2014 11:00:00 PM,10,9,1
07/01/2014 10:00:00 PM,9,4,5
07/01/2014 09:00:00 PM,26,18,8
07/01/2014 08:00:00 PM,34,24,10
07/01/2014 07:00:00 PM,48,31,17
07/01/2014 06:00:00 PM,58,41,17
07/01/2014 05:00:00 PM,46,36,10
07/01/2014 04:00:00 PM,58,49,9
07/01/2014 03:00:00 PM,45,25,20
07/01/2014 02:00:00 PM,42,34,8
07/01/2014 01:00:00 PM,47,35,12
07/01/2014 12:00:00 PM,53,36,17
07/01/2014 11:00:00 AM,52,36,16
07/01/2014 10:00:00 AM,52,33,19
07/01/2014 09:00:00 AM,39,28,11
07/01/2014 08:00:00 AM,48,41,7
07/01/2014 07:00:00 AM,24,17,7
07/01/2014 06:00:00 AM,8,4,4
07/01/2014 05:00:00 AM,3,2,1
07/01/2014 04:00:00 AM,0,0,0
07/01/2014 03:00:00 AM,2,2,0
07/01/2014 02:00:00 AM,0,0,0
07/01/2014 01:00:00 AM,3,2,1
07/01/2014 12:00:00 AM,1,0,1
06/30/2014 11:00:00 PM,8,8,0
06/30/2014 10:00:00 PM,12,10,2
06/30/2014 09:00:00 PM,14,13,1
06/30/2014 08:00:00 PM,18,15,3
06/30/2014 07:00:00 PM,63,49,14
06/30/2014 06:00:00 PM,76,62,14
06/30/2014 05:00:00 PM,97,67,30
06/30/2014 04:00:00 PM,75,61,14
06/30/2014 03:00:00 PM,38,21,17
06/30/2014 02:00:00 PM,43,29,14
06/30/2014 01:00:00 PM,44,33,11
06/30/2014 12:00:00 PM,25,15,10
06/30/2014 11:00:00 AM,23,16,7
06/30/2014 10:00:00 AM,16,6,10
06/30/2014 09:00:00 AM,20,13,7
06/30/2014 08:00:00 AM,39,32,7
06/30/2014 07:00:00 AM,11,8,3
06/30/2014 06:00:00 AM,12,9,3
06/30/2014 05:00:00 AM,4,2,2
06/30/2014 04:00:00 AM,2,0,2
06/30/2014 03:00:00 AM,0,0,0
06/30/2014 02:00:00 AM,0,0,0
06/30/2014 01:00:00 AM,3,1,2
06/30/2014 12:00:00 AM,2,2,0
06/29/2014 11:00:00 PM,4,1,3
06/29/2014 10:00:00 PM,12,11,1
06/29/2014 09:00:00 PM,21,18,3
06/29/2014 08:00:00 PM,8,8,0
06/29/2014 07:00:00 PM,33,22,11
06/29/2014 06:00:00 PM,32,22,10
06/29/2014 05:00:00 PM,21,13,8
06/29/2014 04:00:00 PM,43,31,12
06/29/2014 03:00:00 PM,42,24,18
06/29/2014 02:00:00 PM,48,33,15
06/29/2014 01:00:00 PM,48,31,17
06/29/2014 12:00:00 PM,38,25,13
06/29/2014 11:00:00 AM,44,24,20
06/29/2014 10:00:00 AM,35,27,8
06/29/2014 09:00:00 AM,23,16,7
06/29/2014 08:00:00 AM,9,4,5
06/29/2014 07:00:00 AM,3,2,1
06/29/2014 06:00:00 AM,5,4,1
06/29/2014 05:00:00 AM,2,2,0
06/29/2014 04:00:00 AM,0,0,0
06/29/2014 03:00:00 AM,0,0,0
06/29/2014 02:00:00 AM,3,1,2
06/29/2014 01:00:00 AM,2,2,0
06/29/2014 12:00:00 AM,4,4,0
06/28/2014 11:00:00 PM,11,9,2
06/28/2014 10:00:00 PM,17,16,1
06/28/2014 09:00:00 PM,19,15,4
06/28/2014 08:00:00 PM,15,10,5
06/28/2014 07:00:00 PM,42,31,11
06/28/2014 06:00:00 PM,27,18,9
06/28/2014 05:00:00 PM,34,17,17
06/28/2014 04:00:00 PM,40,21,19
06/28/2014 03:00:00 PM,42,27,15
06/28/2014 02:00:00 PM,49,33,16
06/28/2014 01:00:00 PM,32,15,17
06/28/2014 12:00:00 PM,59,35,24
06/28/2014 11:00:00 AM,37,26,11
06/28/2014 10:00:00 AM,27,17,10
06/28/2014 09:00:00 AM,27,16,11
06/28/2014 08:00:00 AM,13,9,4
06/28/2014 07:00:00 AM,7,6,1
06/28/2014 06:00:00 AM,1,0,1
06/28/2014 05:00:00 AM,3,3,0
06/28/2014 04:00:00 AM,0,0,0
06/28/2014 03:00:00 AM,1,0,1
06/28/2014 02:00:00 AM,1,1,0
06/28/2014 01:00:00 AM,0,0,0
06/28/2014 12:00:00 AM,17,13,4
06/27/2014 11:00:00 PM,6,4,2
06/27/2014 10:00:00 PM,17,14,3
06/27/2014 09:00:00 PM,16,12,4
06/27/2014 08:00:00 PM,14,7,7
06/27/2014 07:00:00 PM,26,21,5
06/27/2014 06:00:00 PM,28,18,10
06/27/2014 05:00:00 PM,44,27,17
06/27/2014 04:00:00 PM,36,23,13
06/27/2014 03:00:00 PM,23,17,6
06/27/2014 02:00:00 PM,36,18,18
06/27/2014 01:00:00 PM,26,15,11
06/27/2014 12:00:00 PM,26,15,11
06/27/2014 11:00:00 AM,26,21,5
06/27/2014 10:00:00 AM,32,24,8
06/27/2014 09:00:00 AM,27,17,10
06/27/2014 08:00:00 AM,21,14,7
06/27/2014 07:00:00 AM,19,12,7
06/27/2014 06:00:00 AM,7,4,3
06/27/2014 05:00:00 AM,2,2,0
06/27/2014 04:00:00 AM,3,3,0
06/27/2014 03:00:00 AM,2,2,0
06/27/2014 02:00:00 AM,0,0,0
06/27/2014 01:00:00 AM,1,1,0
06/27/2014 12:00:00 AM,4,4,0
06/26/2014 11:00:00 PM,5,5,0
06/26/2014 10:00:00 PM,9,5,4
06/26/2014 09:00:00 PM,25,15,10
06/26/2014 08:00:00 PM,20,15,5
06/26/2014 07:00:00 PM,29,20,9
06/26/2014 06:00:00 PM,44,28,16
06/26/2014 05:00:00 PM,35,22,13
06/26/2014 04:00:00 PM,42,26,16
06/26/2014 03:00:00 PM,14,10,4
06/26/2014 02:00:00 PM,32,25,7
06/26/2014 01:00:00 PM,33,30,3
06/26/2014 12:00:00 PM,42,35,7
06/26/2014 11:00:00 AM,41,31,10
06/26/2014 10:00:00 AM,38,29,9
06/26/2014 09:00:00 AM,45,29,16
06/26/2014 08:00:00 AM,37,34,3
06/26/2014 07:00:00 AM,20,13,7
06/26/2014 06:00:00 AM,2,1,1
06/26/2014 05:00:00 AM,2,1,1
06/26/2014 04:00:00 AM,0,0,0
06/26/2014 03:00:00 AM,0,0,0
06/26/2014 02:00:00 AM,5,5,0
06/26/2014 01:00:00 AM,2,2,0
06/26/2014 12:00:00 AM,6,6,0
06/25/2014 11:00:00 PM,8,5,3
06/25/2014 10:00:00 PM,20,17,3
06/25/2014 09:00:00 PM,16,13,3
06/25/2014 08:00:00 PM,27,22,5
06/25/2014 07:00:00 PM,33,20,13
06/25/2014 06:00:00 PM,40,27,13
06/25/2014 05:00:00 PM,34,28,6
06/25/2014 04:00:00 PM,41,23,18
06/25/2014 03:00:00 PM,32,25,7
06/25/2014 02:00:00 PM,35,30,5
06/25/2014 01:00:00 PM,48,31,17
06/25/2014 12:00:00 PM,56,39,17
06/25/2014 11:00:00 AM,56,34,22
06/25/2014 10:00:00 AM,18,15,3
06/25/2014 09:00:00 AM,35,27,8
06/25/2014 08:00:00 AM,42,28,14
06/25/2014 07:00:00 AM,15,12,3
06/25/2014 06:00:00 AM,5,3,2
06/25/2014 05:00:00 AM,2,0,2
06/25/2014 04:00:00 AM,2,2,0
06/25/2014 03:00:00 AM,0,0,0
06/25/2014 02:00:00 AM,0,0,0
06/25/2014 01:00:00 AM,4,4,0
06/25/2014 12:00:00 AM,2,2,0
06/24/2014 11:00:00 PM,8,5,3
06/24/2014 10:00:00 PM,12,10,2
06/24/2014 09:00:00 PM,9,7,2
06/24/2014 08:00:00 PM,22,17,5
06/24/2014 07:00:00 PM,54,27,27
06/24/2014 06:00:00 PM,48,36,12
06/24/2014 05:00:00 PM,44,26,18
06/24/2014 04:00:00 PM,66,51,15
06/24/2014 03:00:00 PM,33,25,8
06/24/2014 02:00:00 PM,26,18,8
06/24/2014 01:00:00 PM,24,15,9
06/24/2014 12:00:00 PM,34,23,11
06/24/2014 11:00:00 AM,23,12,11
06/24/2014 10:00:00 AM,25,15,10
06/24/2014 09:00:00 AM,34,23,11
06/24/2014 08:00:00 AM,21,10,11
06/24/2014 07:00:00 AM,16,13,3
06/24/2014 06:00:00 AM,11,9,2
06/24/2014 05:00:00 AM,4,4,0
06/24/2014 04:00:00 AM,2,2,0
06/24/2014 03:00:00 AM,2,2,0
06/24/2014 02:00:00 AM,6,4,2
06/24/2014 01:00:00 AM,1,1,0
06/24/2014 12:00:00 AM,1,1,0
06/23/2014 11:00:00 PM,4,4,0
06/23/2014 10:00:00 PM,3,3,0
06/23/2014 09:00:00 PM,17,13,4
06/23/2014 08:00:00 PM,25,19,6
06/23/2014 07:00:00 PM,27,15,12
06/23/2014 06:00:00 PM,32,20,12
06/23/2014 05:00:00 PM,44,36,8
06/23/2014 04:00:00 PM,25,18,7
06/23/2014 03:00:00 PM,33,27,6
06/23/2014 02:00:00 PM,27,11,16
06/23/2014 01:00:00 PM,25,16,9
06/23/2014 12:00:00 PM,39,27,12
06/23/2014 11:00:00 AM,45,31,14
06/23/2014 10:00:00 AM,20,12,8
06/23/2014 09:00:00 AM,27,14,13
06/23/2014 08:00:00 AM,27,16,11
06/23/2014 07:00:00 AM,14,9,5
06/23/2014 06:00:00 AM,8,4,4
06/23/2014 05:00:00 AM,4,4,0
06/23/2014 04:00:00 AM,2,2,0
06/23/2014 03:00:00 AM,0,0,0
06/23/2014 02:00:00 AM,0,0,0
06/23/2014 01:00:00 AM,0,0,0
06/23/2014 12:00:00 AM,1,1,0
06/22/2014 11:00:00 PM,7,6,1
06/22/2014 10:00:00 PM,4,2,2
06/22/2014 09:00:00 PM,15,12,3
06/22/2014 08:00:00 PM,19,17,2
06/22/2014 07:00:00 PM,23,18,5
06/22/2014 06:00:00 PM,47,25,22
06/22/2014 05:00:00 PM,57,36,21
06/22/2014 04:00:00 PM,40,29,11
06/22/2014 03:00:00 PM,55,42,13
06/22/2014 02:00:00 PM,64,41,23
06/22/2014 01:00:00 PM,77,46,31
06/22/2014 12:00:00 PM,67,36,31
06/22/2014 11:00:00 AM,31,17,14
06/22/2014 10:00:00 AM,27,18,9
06/22/2014 09:00:00 AM,20,13,7
06/22/2014 08:00:00 AM,12,5,7
06/22/2014 07:00:00 AM,9,7,2
06/22/2014 06:00:00 AM,2,2,0
06/22/2014 05:00:00 AM,4,4,0
06/22/2014 04:00:00 AM,0,0,0
06/22/2014 03:00:00 AM,0,0,0
06/22/2014 02:00:00 AM,3,3,0
06/22/2014 01:00:00 AM,2,1,1
06/22/2014 12:00:00 AM,10,7,3
06/21/2014 11:00:00 PM,5,2,3
06/21/2014 10:00:00 PM,7,7,0
06/21/2014 09:00:00 PM,32,25,7
06/21/2014 08:00:00 PM,35,20,15
06/21/2014 07:00:00 PM,45,34,11
06/21/2014 06:00:00 PM,48,30,18
06/21/2014 05:00:00 PM,55,27,28
06/21/2014 04:00:00 PM,36,20,16
06/21/2014 03:00:00 PM,44,23,21
06/21/2014 02:00:00 PM,85,65,20
06/21/2014 01:00:00 PM,67,46,21
06/21/2014 12:00:00 PM,32,20,12
06/21/2014 11:00:00 AM,35,7,28
06/21/2014 10:00:00 AM,36,17,19
06/21/2014 09:00:00 AM,37,22,15
06/21/2014 08:00:00 AM,15,8,7
06/21/2014 07:00:00 AM,6,5,1
06/21/2014 06:00:00 AM,4,0,4
06/21/2014 05:00:00 AM,2,2,0
06/21/2014 04:00:00 AM,0,0,0
06/21/2014 03:00:00 AM,2,2,0
06/21/2014 02:00:00 AM,4,4,0
06/21/2014 01:00:00 AM,6,4,2
06/21/2014 12:00:00 AM,7,5,2
06/20/2014 11:00:00 PM,16,13,3
06/20/2014 10:00:00 PM,18,15,3
06/20/2014 09:00:00 PM,10,4,6
06/20/2014 08:00:00 PM,20,14,6
06/20/2014 07:00:00 PM,33,21,12
06/20/2014 06:00:00 PM,58,39,19
06/20/2014 05:00:00 PM,51,31,20
06/20/2014 04:00:00 PM,29,16,13
06/20/2014 03:00:00 PM,37,18,19
06/20/2014 02:00:00 PM,46,27,19
06/20/2014 01:00:00 PM,32,18,14
06/20/2014 12:00:00 PM,70,42,28
06/20/2014 11:00:00 AM,26,13,13
06/20/2014 10:00:00 AM,34,22,12
06/20/2014 09:00:00 AM,38,25,13
06/20/2014 08:00:00 AM,36,16,20
06/20/2014 07:00:00 AM,28,24,4
06/20/2014 06:00:00 AM,14,10,4
06/20/2014 05:00:00 AM,0,0,0
06/20/2014 04:00:00 AM,2,2,0
06/20/2014 03:00:00 AM,0,0,0
06/20/2014 02:00:00 AM,0,0,0
06/20/2014 01:00:00 AM,2,0,2
06/20/2014 12:00:00 AM,5,4,1
06/19/2014 11:00:00 PM,4,3,1
06/19/2014 10:00:00 PM,11,8,3
06/19/2014 09:00:00 PM,24,20,4
06/19/2014 08:00:00 PM,21,13,8
06/19/2014 07:00:00 PM,48,34,14
06/19/2014 06:00:00 PM,35,18,17
06/19/2014 05:00:00 PM,48,38,10
06/19/2014 04:00:00 PM,59,24,35
06/19/2014 03:00:00 PM,38,17,21
06/19/2014 02:00:00 PM,42,32,10
06/19/2014 01:00:00 PM,46,29,17
06/19/2014 12:00:00 PM,33,13,20
06/19/2014 11:00:00 AM,34,22,12
06/19/2014 10:00:00 AM,24,14,10
06/19/2014 09:00:00 AM,46,34,12
06/19/2014 08:00:00 AM,40,24,16
06/19/2014 07:00:00 AM,25,23,2
06/19/2014 06:00:00 AM,18,15,3
06/19/2014 05:00:00 AM,2,2,0
06/19/2014 04:00:00 AM,2,2,0
06/19/2014 03:00:00 AM,0,0,0
06/19/2014 02:00:00 AM,3,3,0
06/19/2014 01:00:00 AM,2,2,0
06/19/2014 12:00:00 AM,1,0,1
06/18/2014 11:00:00 PM,11,8,3
06/18/2014 10:00:00 PM,7,6,1
06/18/2014 09:00:00 PM,36,33,3
06/18/2014 08:00:00 PM,35,27,8
06/18/2014 07:00:00 PM,44,30,14
06/18/2014 06:00:00 PM,56,41,15
06/18/2014 05:00:00 PM,71,40,31
06/18/2014 04:00:00 PM,46,32,14
06/18/2014 03:00:00 PM,34,24,10
06/18/2014 02:00:00 PM,36,23,13
06/18/2014 01:00:00 PM,29,17,12
06/18/2014 12:00:00 PM,33,20,13
06/18/2014 11:00:00 AM,43,23,20
06/18/2014 10:00:00 AM,12,8,4
06/18/2014 09:00:00 AM,29,22,7
06/18/2014 08:00:00 AM,17,12,5
06/18/2014 07:00:00 AM,31,22,9
06/18/2014 06:00:00 AM,15,10,5
06/18/2014 05:00:00 AM,0,0,0
06/18/2014 04:00:00 AM,2,2,0
06/18/2014 03:00:00 AM,0,0,0
06/18/2014 02:00:00 AM,4,4,0
06/18/2014 01:00:00 AM,4,2,2
06/18/2014 12:00:00 AM,2,2,0
06/17/2014 11:00:00 PM,1,1,0
06/17/2014 10:00:00 PM,10,10,0
06/17/2014 09:00:00 PM,13,11,2
06/17/2014 08:00:00 PM,25,14,11
06/17/2014 07:00:00 PM,45,29,16
06/17/2014 06:00:00 PM,41,25,16
06/17/2014 05:00:00 PM,43,26,17
06/17/2014 04:00:00 PM,46,29,17
06/17/2014 03:00:00 PM,25,11,14
06/17/2014 02:00:00 PM,42,25,17
06/17/2014 01:00:00 PM,38,19,19
06/17/2014 12:00:00 PM,58,36,22
06/17/2014 11:00:00 AM,23,11,12
06/17/2014 10:00:00 AM,32,16,16
06/17/2014 09:00:00 AM,27,21,6
06/17/2014 08:00:00 AM,30,18,12
06/17/2014 07:00:00 AM,19,15,4
06/17/2014 06:00:00 AM,6,2,4
06/17/2014 05:00:00 AM,1,0,1
06/17/2014 04:00:00 AM,0,0,0
06/17/2014 03:00:00 AM,0,0,0
06/17/2014 02:00:00 AM,0,0,0
06/17/2014 01:00:00 AM,0,0,0
06/17/2014 12:00:00 AM,2,2,0
06/16/2014 11:00:00 PM,1,1,0
06/16/2014 10:00:00 PM,10,10,0
06/16/2014 09:00:00 PM,18,16,2
06/16/2014 08:00:00 PM,29,20,9
06/16/2014 07:00:00 PM,24,14,10
06/16/2014 06:00:00 PM,39,25,14
06/16/2014 05:00:00 PM,46,29,17
06/16/2014 04:00:00 PM,52,34,18
06/16/2014 03:00:00 PM,27,9,18
06/16/2014 02:00:00 PM,41,26,15
06/16/2014 01:00:00 PM,36,22,14
06/16/2014 12:00:00 PM,28,16,12
06/16/2014 11:00:00 AM,31,25,6
06/16/2014 10:00:00 AM,23,8,15
06/16/2014 09:00:00 AM,43,25,18
06/16/2014 08:00:00 AM,21,11,10
06/16/2014 07:00:00 AM,19,11,8
06/16/2014 06:00:00 AM,9,5,4
06/16/2014 05:00:00 AM,3,1,2
06/16/2014 04:00:00 AM,0,0,0
06/16/2014 03:00:00 AM,0,0,0
06/16/2014 02:00:00 AM,0,0,0
06/16/2014 01:00:00 AM,2,2,0
06/16/2014 12:00:00 AM,1,1,0
06/15/2014 11:00:00 PM,3,1,2
06/15/2014 10:00:00 PM,8,6,2
06/15/2014 09:00:00 PM,7,4,3
06/15/2014 08:00:00 PM,27,17,10
06/15/2014 07:00:00 PM,12,10,2
06/15/2014 06:00:00 PM,25,20,5
06/15/2014 05:00:00 PM,23,13,10
06/15/2014 04:00:00 PM,10,6,4
06/15/2014 03:00:00 PM,17,8,9
06/15/2014 02:00:00 PM,19,3,16
06/15/2014 01:00:00 PM,72,39,33
06/15/2014 12:00:00 PM,35,15,20
06/15/2014 11:00:00 AM,62,38,24
06/15/2014 10:00:00 AM,31,16,15
06/15/2014 09:00:00 AM,26,11,15
06/15/2014 08:00:00 AM,10,7,3
06/15/2014 07:00:00 AM,4,2,2
06/15/2014 06:00:00 AM,1,0,1
06/15/2014 05:00:00 AM,2,0,2
06/15/2014 04:00:00 AM,2,2,0
06/15/2014 03:00:00 AM,2,0,2
06/15/2014 02:00:00 AM,4,0,4
06/15/2014 01:00:00 AM,2,0,2
06/15/2014 12:00:00 AM,3,0,3
06/14/2014 11:00:00 PM,6,4,2
06/14/2014 10:00:00 PM,11,5,6
06/14/2014 09:00:00 PM,8,1,7
06/14/2014 08:00:00 PM,32,20,12
06/14/2014 07:00:00 PM,40,31,9
06/14/2014 06:00:00 PM,37,22,15
06/14/2014 05:00:00 PM,29,13,16
06/14/2014 04:00:00 PM,32,23,9
06/14/2014 03:00:00 PM,57,41,16
06/14/2014 02:00:00 PM,61,36,25
06/14/2014 01:00:00 PM,54,35,19
06/14/2014 12:00:00 PM,41,18,23
06/14/2014 11:00:00 AM,43,29,14
06/14/2014 10:00:00 AM,35,20,15
06/14/2014 09:00:00 AM,24,13,11
06/14/2014 08:00:00 AM,11,6,5
06/14/2014 07:00:00 AM,8,8,0
06/14/2014 06:00:00 AM,3,2,1
06/14/2014 05:00:00 AM,1,0,1
06/14/2014 04:00:00 AM,2,2,0
06/14/2014 03:00:00 AM,1,0,1
06/14/2014 02:00:00 AM,2,2,0
06/14/2014 01:00:00 AM,6,5,1
06/14/2014 12:00:00 AM,1,1,0
06/13/2014 11:00:00 PM,16,11,5
06/13/2014 10:00:00 PM,15,14,1
06/13/2014 09:00:00 PM,8,5,3
06/13/2014 08:00:00 PM,20,17,3
06/13/2014 07:00:00 PM,52,29,23
06/13/2014 06:00:00 PM,46,24,22
06/13/2014 05:00:00 PM,49,32,17
06/13/2014 04:00:00 PM,35,20,15
06/13/2014 03:00:00 PM,32,26,6
06/13/2014 02:00:00 PM,33,22,11
06/13/2014 01:00:00 PM,44,31,13
06/13/2014 12:00:00 PM,39,26,13
06/13/2014 11:00:00 AM,24,11,13
06/13/2014 10:00:00 AM,22,13,9
06/13/2014 09:00:00 AM,36,26,10
06/13/2014 08:00:00 AM,27,19,8
06/13/2014 07:00:00 AM,28,21,7
06/13/2014 06:00:00 AM,20,14,6
06/13/2014 05:00:00 AM,4,2,2
06/13/2014 04:00:00 AM,0,0,0
06/13/2014 03:00:00 AM,2,2,0
06/13/2014 02:00:00 AM,0,0,0
06/13/2014 01:00:00 AM,0,0,0
06/13/2014 12:00:00 AM,13,9,4
06/12/2014 11:00:00 PM,10,10,0
06/12/2014 10:00:00 PM,6,5,1
06/12/2014 09:00:00 PM,11,8,3
06/12/2014 08:00:00 PM,37,23,14
06/12/2014 07:00:00 PM,23,14,9
06/12/2014 06:00:00 PM,47,24,23
06/12/2014 05:00:00 PM,41,26,15
06/12/2014 04:00:00 PM,38,27,11
06/12/2014 03:00:00 PM,29,17,12
06/12/2014 02:00:00 PM,23,16,7
06/12/2014 01:00:00 PM,38,20,18
06/12/2014 12:00:00 PM,40,27,13
06/12/2014 11:00:00 AM,39,20,19
06/12/2014 10:00:00 AM,36,21,15
06/12/2014 09:00:00 AM,46,27,19
06/12/2014 08:00:00 AM,22,12,10
06/12/2014 07:00:00 AM,35,20,15
06/12/2014 06:00:00 AM,19,12,7
06/12/2014 05:00:00 AM,4,1,3
06/12/2014 04:00:00 AM,4,4,0
06/12/2014 03:00:00 AM,3,2,1
06/12/2014 02:00:00 AM,0,0,0
06/12/2014 01:00:00 AM,0,0,0
06/12/2014 12:00:00 AM,1,1,0
06/11/2014 11:00:00 PM,1,0,1
06/11/2014 10:00:00 PM,6,5,1
06/11/2014 09:00:00 PM,23,17,6
06/11/2014 08:00:00 PM,20,12,8
06/11/2014 07:00:00 PM,51,30,21
06/11/2014 06:00:00 PM,54,31,23
06/11/2014 05:00:00 PM,56,37,19
06/11/2014 04:00:00 PM,56,48,8
06/11/2014 03:00:00 PM,55,34,21
06/11/2014 02:00:00 PM,55,21,34
06/11/2014 01:00:00 PM,48,27,21
06/11/2014 12:00:00 PM,42,30,12
06/11/2014 11:00:00 AM,39,32,7
06/11/2014 10:00:00 AM,27,14,13
06/11/2014 09:00:00 AM,21,12,9
06/11/2014 08:00:00 AM,33,24,9
06/11/2014 07:00:00 AM,34,27,7
06/11/2014 06:00:00 AM,10,8,2
06/11/2014 05:00:00 AM,2,2,0
06/11/2014 04:00:00 AM,0,0,0
06/11/2014 03:00:00 AM,0,0,0
06/11/2014 02:00:00 AM,0,0,0
06/11/2014 01:00:00 AM,1,1,0
06/11/2014 12:00:00 AM,5,2,3
06/10/2014 11:00:00 PM,6,2,4
06/10/2014 10:00:00 PM,18,11,7
06/10/2014 09:00:00 PM,20,13,7
06/10/2014 08:00:00 PM,25,11,14
06/10/2014 07:00:00 PM,37,21,16
06/10/2014 06:00:00 PM,42,26,16
06/10/2014 05:00:00 PM,41,27,14
06/10/2014 04:00:00 PM,34,18,16
06/10/2014 03:00:00 PM,41,24,17
06/10/2014 02:00:00 PM,28,14,14
06/10/2014 01:00:00 PM,38,22,16
06/10/2014 12:00:00 PM,53,29,24
06/10/2014 11:00:00 AM,25,17,8
06/10/2014 10:00:00 AM,32,14,18
06/10/2014 09:00:00 AM,46,25,21
06/10/2014 08:00:00 AM,41,27,14
06/10/2014 07:00:00 AM,23,17,6
06/10/2014 06:00:00 AM,9,6,3
06/10/2014 05:00:00 AM,0,0,0
06/10/2014 04:00:00 AM,2,2,0
06/10/2014 03:00:00 AM,0,0,0
06/10/2014 02:00:00 AM,0,0,0
06/10/2014 01:00:00 AM,1,1,0
06/10/2014 12:00:00 AM,5,4,1
06/09/2014 11:00:00 PM,2,0,2
06/09/2014 10:00:00 PM,8,2,6
06/09/2014 09:00:00 PM,14,10,4
06/09/2014 08:00:00 PM,13,9,4
06/09/2014 07:00:00 PM,32,21,11
06/09/2014 06:00:00 PM,42,23,19
06/09/2014 05:00:00 PM,36,21,15
06/09/2014 04:00:00 PM,32,15,17
06/09/2014 03:00:00 PM,37,21,16
06/09/2014 02:00:00 PM,37,27,10
06/09/2014 01:00:00 PM,38,24,14
06/09/2014 12:00:00 PM,41,23,18
06/09/2014 11:00:00 AM,38,15,23
06/09/2014 10:00:00 AM,23,11,12
06/09/2014 09:00:00 AM,44,22,22
06/09/2014 08:00:00 AM,46,23,23
06/09/2014 07:00:00 AM,29,19,10
06/09/2014 06:00:00 AM,11,7,4
06/09/2014 05:00:00 AM,2,0,2
06/09/2014 04:00:00 AM,0,0,0
06/09/2014 03:00:00 AM,0,0,0
06/09/2014 02:00:00 AM,0,0,0
06/09/2014 01:00:00 AM,2,2,0
06/09/2014 12:00:00 AM,2,2,0
06/08/2014 11:00:00 PM,5,5,0
06/08/2014 10:00:00 PM,0,0,0
06/08/2014 09:00:00 PM,16,13,3
06/08/2014 08:00:00 PM,21,11,10
06/08/2014 07:00:00 PM,34,22,12
06/08/2014 06:00:00 PM,36,21,15
06/08/2014 05:00:00 PM,45,33,12
06/08/2014 04:00:00 PM,49,21,28
06/08/2014 03:00:00 PM,51,24,27
06/08/2014 02:00:00 PM,43,32,11
06/08/2014 01:00:00 PM,80,50,30
06/08/2014 12:00:00 PM,66,27,39
06/08/2014 11:00:00 AM,49,32,17
06/08/2014 10:00:00 AM,14,11,3
06/08/2014 09:00:00 AM,23,17,6
06/08/2014 08:00:00 AM,12,6,6
06/08/2014 07:00:00 AM,5,2,3
06/08/2014 06:00:00 AM,6,3,3
06/08/2014 05:00:00 AM,0,0,0
06/08/2014 04:00:00 AM,0,0,0
06/08/2014 03:00:00 AM,2,2,0
06/08/2014 02:00:00 AM,2,2,0
06/08/2014 01:00:00 AM,4,4,0
06/08/2014 12:00:00 AM,5,3,2
06/07/2014 11:00:00 PM,4,3,1
06/07/2014 10:00:00 PM,25,21,4
06/07/2014 09:00:00 PM,22,14,8
06/07/2014 08:00:00 PM,27,22,5
06/07/2014 07:00:00 PM,58,47,11
06/07/2014 06:00:00 PM,58,32,26
06/07/2014 05:00:00 PM,76,45,31
06/07/2014 04:00:00 PM,75,42,33
06/07/2014 03:00:00 PM,68,37,31
06/07/2014 02:00:00 PM,51,39,12
06/07/2014 01:00:00 PM,45,25,20
06/07/2014 12:00:00 PM,54,29,25
06/07/2014 11:00:00 AM,37,19,18
06/07/2014 10:00:00 AM,38,20,18
06/07/2014 09:00:00 AM,35,19,16
06/07/2014 08:00:00 AM,15,9,6
06/07/2014 07:00:00 AM,5,5,0
06/07/2014 06:00:00 AM,1,0,1
06/07/2014 05:00:00 AM,2,2,0
06/07/2014 04:00:00 AM,2,2,0
06/07/2014 03:00:00 AM,0,0,0
06/07/2014 02:00:00 AM,1,0,1
06/07/2014 01:00:00 AM,2,2,0
06/07/2014 12:00:00 AM,4,3,1
06/06/2014 11:00:00 PM,1,0,1
06/06/2014 10:00:00 PM,9,9,0
06/06/2014 09:00:00 PM,33,28,5
06/06/2014 08:00:00 PM,21,17,4
06/06/2014 07:00:00 PM,39,28,11
06/06/2014 06:00:00 PM,60,37,23
06/06/2014 05:00:00 PM,50,35,15
06/06/2014 04:00:00 PM,52,40,12
06/06/2014 03:00:00 PM,38,25,13
06/06/2014 02:00:00 PM,34,26,8
06/06/2014 01:00:00 PM,47,28,19
06/06/2014 12:00:00 PM,53,43,10
06/06/2014 11:00:00 AM,37,21,16
06/06/2014 10:00:00 AM,58,25,33
06/06/2014 09:00:00 AM,32,22,10
06/06/2014 08:00:00 AM,44,28,16
06/06/2014 07:00:00 AM,26,23,3
06/06/2014 06:00:00 AM,15,12,3
06/06/2014 05:00:00 AM,1,1,0
06/06/2014 04:00:00 AM,0,0,0
06/06/2014 03:00:00 AM,0,0,0
06/06/2014 02:00:00 AM,0,0,0
06/06/2014 01:00:00 AM,2,2,0
06/06/2014 12:00:00 AM,0,0,0
06/05/2014 11:00:00 PM,13,13,0
06/05/2014 10:00:00 PM,14,9,5
06/05/2014 09:00:00 PM,20,14,6
06/05/2014 08:00:00 PM,26,9,17
06/05/2014 07:00:00 PM,54,39,15
06/05/2014 06:00:00 PM,46,26,20
06/05/2014 05:00:00 PM,54,29,25
06/05/2014 04:00:00 PM,34,26,8
06/05/2014 03:00:00 PM,29,21,8
06/05/2014 02:00:00 PM,49,37,12
06/05/2014 01:00:00 PM,24,18,6
06/05/2014 12:00:00 PM,56,34,22
06/05/2014 11:00:00 AM,46,27,19
06/05/2014 10:00:00 AM,26,16,10
06/05/2014 09:00:00 AM,38,29,9
06/05/2014 08:00:00 AM,30,22,8
06/05/2014 07:00:00 AM,22,15,7
06/05/2014 06:00:00 AM,4,3,1
06/05/2014 05:00:00 AM,0,0,0
06/05/2014 04:00:00 AM,0,0,0
06/05/2014 03:00:00 AM,0,0,0
06/05/2014 02:00:00 AM,3,1,2
06/05/2014 01:00:00 AM,6,4,2
06/05/2014 12:00:00 AM,0,0,0
06/04/2014 11:00:00 PM,6,6,0
06/04/2014 10:00:00 PM,5,4,1
06/04/2014 09:00:00 PM,16,9,7
06/04/2014 08:00:00 PM,30,17,13
06/04/2014 07:00:00 PM,53,20,33
06/04/2014 06:00:00 PM,66,37,29
06/04/2014 05:00:00 PM,34,19,15
06/04/2014 04:00:00 PM,46,35,11
06/04/2014 03:00:00 PM,38,23,15
06/04/2014 02:00:00 PM,42,25,17
06/04/2014 01:00:00 PM,32,18,14
06/04/2014 12:00:00 PM,30,10,20
06/04/2014 11:00:00 AM,39,24,15
06/04/2014 10:00:00 AM,33,20,13
06/04/2014 09:00:00 AM,31,23,8
06/04/2014 08:00:00 AM,49,37,12
06/04/2014 07:00:00 AM,27,23,4
06/04/2014 06:00:00 AM,7,6,1
06/04/2014 05:00:00 AM,8,8,0
06/04/2014 04:00:00 AM,0,0,0
06/04/2014 03:00:00 AM,0,0,0
06/04/2014 02:00:00 AM,0,0,0
06/04/2014 01:00:00 AM,1,0,1
06/04/2014 12:00:00 AM,1,1,0
06/03/2014 11:00:00 PM,6,6,0
06/03/2014 10:00:00 PM,22,17,5
06/03/2014 09:00:00 PM,19,17,2
06/03/2014 08:00:00 PM,31,24,7
06/03/2014 07:00:00 PM,33,18,15
06/03/2014 06:00:00 PM,44,25,19
06/03/2014 05:00:00 PM,43,27,16
06/03/2014 04:00:00 PM,27,20,7
06/03/2014 03:00:00 PM,24,17,7
06/03/2014 02:00:00 PM,18,15,3
06/03/2014 01:00:00 PM,23,16,7
06/03/2014 12:00:00 PM,36,24,12
06/03/2014 11:00:00 AM,34,16,18
06/03/2014 10:00:00 AM,23,17,6
06/03/2014 09:00:00 AM,38,25,13
06/03/2014 08:00:00 AM,28,11,17
06/03/2014 07:00:00 AM,28,18,10
06/03/2014 06:00:00 AM,4,2,2
06/03/2014 05:00:00 AM,0,0,0
06/03/2014 04:00:00 AM,0,0,0
06/03/2014 03:00:00 AM,0,0,0
06/03/2014 02:00:00 AM,0,0,0
06/03/2014 01:00:00 AM,0,0,0
06/03/2014 12:00:00 AM,5,5,0
06/02/2014 11:00:00 PM,5,4,1
06/02/2014 10:00:00 PM,7,5,2
06/02/2014 09:00:00 PM,17,13,4
06/02/2014 08:00:00 PM,16,14,2
06/02/2014 07:00:00 PM,33,19,14
06/02/2014 06:00:00 PM,53,35,18
06/02/2014 05:00:00 PM,44,20,24
06/02/2014 04:00:00 PM,45,24,21
06/02/2014 03:00:00 PM,25,15,10
06/02/2014 02:00:00 PM,33,19,14
06/02/2014 01:00:00 PM,37,23,14
06/02/2014 12:00:00 PM,45,23,22
06/02/2014 11:00:00 AM,41,27,14
06/02/2014 10:00:00 AM,25,11,14
06/02/2014 09:00:00 AM,18,12,6
06/02/2014 08:00:00 AM,20,15,5
06/02/2014 07:00:00 AM,25,18,7
06/02/2014 06:00:00 AM,10,8,2
06/02/2014 05:00:00 AM,2,2,0
06/02/2014 04:00:00 AM,1,1,0
06/02/2014 03:00:00 AM,0,0,0
06/02/2014 02:00:00 AM,0,0,0
06/02/2014 01:00:00 AM,2,0,2
06/02/2014 12:00:00 AM,3,2,1
06/01/2014 11:00:00 PM,2,2,0
06/01/2014 10:00:00 PM,5,4,1
06/01/2014 09:00:00 PM,20,16,4
06/01/2014 08:00:00 PM,31,20,11
06/01/2014 07:00:00 PM,35,23,12
06/01/2014 06:00:00 PM,37,19,18
06/01/2014 05:00:00 PM,59,40,19
06/01/2014 04:00:00 PM,72,46,26
06/01/2014 03:00:00 PM,41,20,21
06/01/2014 02:00:00 PM,82,47,35
06/01/2014 01:00:00 PM,66,34,32
06/01/2014 12:00:00 PM,76,46,30
06/01/2014 11:00:00 AM,64,29,35
06/01/2014 10:00:00 AM,30,17,13
06/01/2014 09:00:00 AM,17,5,12
06/01/2014 08:00:00 AM,11,7,4
06/01/2014 07:00:00 AM,2,1,1
06/01/2014 06:00:00 AM,0,0,0
06/01/2014 05:00:00 AM,2,2,0
06/01/2014 04:00:00 AM,2,2,0
06/01/2014 03:00:00 AM,4,4,0
06/01/2014 02:00:00 AM,2,2,0
06/01/2014 01:00:00 AM,3,2,1
06/01/2014 12:00:00 AM,4,3,1
05/31/2014 11:00:00 PM,7,6,1
05/31/2014 10:00:00 PM,8,6,2
05/31/2014 09:00:00 PM,12,10,2
05/31/2014 08:00:00 PM,25,16,9
05/31/2014 07:00:00 PM,40,28,12
05/31/2014 06:00:00 PM,30,23,7
05/31/2014 05:00:00 PM,44,29,15
05/31/2014 04:00:00 PM,52,27,25
05/31/2014 03:00:00 PM,45,24,21
05/31/2014 02:00:00 PM,56,44,12
05/31/2014 01:00:00 PM,63,40,23
05/31/2014 12:00:00 PM,74,39,35
05/31/2014 11:00:00 AM,70,35,35
05/31/2014 10:00:00 AM,52,36,16
05/31/2014 09:00:00 AM,36,19,17
05/31/2014 08:00:00 AM,19,14,5
05/31/2014 07:00:00 AM,3,2,1
05/31/2014 06:00:00 AM,9,7,2
05/31/2014 05:00:00 AM,5,4,1
05/31/2014 04:00:00 AM,2,2,0
05/31/2014 03:00:00 AM,0,0,0
05/31/2014 02:00:00 AM,0,0,0
05/31/2014 01:00:00 AM,6,6,0
05/31/2014 12:00:00 AM,13,10,3
05/30/2014 11:00:00 PM,5,4,1
05/30/2014 10:00:00 PM,16,12,4
05/30/2014 09:00:00 PM,24,17,7
05/30/2014 08:00:00 PM,26,18,8
05/30/2014 07:00:00 PM,49,33,16
05/30/2014 06:00:00 PM,77,40,37
05/30/2014 05:00:00 PM,53,34,19
05/30/2014 04:00:00 PM,53,31,22
05/30/2014 03:00:00 PM,46,25,21
05/30/2014 02:00:00 PM,48,29,19
05/30/2014 01:00:00 PM,33,17,16
05/30/2014 12:00:00 PM,56,42,14
05/30/2014 11:00:00 AM,29,16,13
05/30/2014 10:00:00 AM,24,17,7
05/30/2014 09:00:00 AM,32,26,6
05/30/2014 08:00:00 AM,22,12,10
05/30/2014 07:00:00 AM,14,11,3
05/30/2014 06:00:00 AM,7,2,5
05/30/2014 05:00:00 AM,0,0,0
05/30/2014 04:00:00 AM,0,0,0
05/30/2014 03:00:00 AM,0,0,0
05/30/2014 02:00:00 AM,4,4,0
05/30/2014 01:00:00 AM,3,3,0
05/30/2014 12:00:00 AM,3,3,0
05/29/2014 11:00:00 PM,4,4,0
05/29/2014 10:00:00 PM,5,5,0
05/29/2014 09:00:00 PM,20,16,4
05/29/2014 08:00:00 PM,22,17,5
05/29/2014 07:00:00 PM,55,32,23
05/29/2014 06:00:00 PM,61,47,14
05/29/2014 05:00:00 PM,77,48,29
05/29/2014 04:00:00 PM,35,20,15
05/29/2014 03:00:00 PM,75,27,48
05/29/2014 02:00:00 PM,15,5,10
05/29/2014 01:00:00 PM,53,37,16
05/29/2014 12:00:00 PM,31,18,13
05/29/2014 11:00:00 AM,24,14,10
05/29/2014 10:00:00 AM,21,12,9
05/29/2014 09:00:00 AM,32,27,5
05/29/2014 08:00:00 AM,32,16,16
05/29/2014 07:00:00 AM,38,25,13
05/29/2014 06:00:00 AM,17,12,5
05/29/2014 05:00:00 AM,3,3,0
05/29/2014 04:00:00 AM,2,2,0
05/29/2014 03:00:00 AM,0,0,0
05/29/2014 02:00:00 AM,4,4,0
05/29/2014 01:00:00 AM,0,0,0
05/29/2014 12:00:00 AM,2,2,0
05/28/2014 11:00:00 PM,4,4,0
05/28/2014 10:00:00 PM,9,6,3
05/28/2014 09:00:00 PM,14,8,6
05/28/2014 08:00:00 PM,32,22,10
05/28/2014 07:00:00 PM,21,11,10
05/28/2014 06:00:00 PM,54,36,18
05/28/2014 05:00:00 PM,33,24,9
05/28/2014 04:00:00 PM,36,24,12
05/28/2014 03:00:00 PM,41,22,19
05/28/2014 02:00:00 PM,36,19,17
05/28/2014 01:00:00 PM,29,17,12
05/28/2014 12:00:00 PM,38,27,11
05/28/2014 11:00:00 AM,31,16,15
05/28/2014 10:00:00 AM,14,9,5
05/28/2014 09:00:00 AM,46,25,21
05/28/2014 08:00:00 AM,34,22,12
05/28/2014 07:00:00 AM,21,17,4
05/28/2014 06:00:00 AM,5,2,3
05/28/2014 05:00:00 AM,0,0,0
05/28/2014 04:00:00 AM,2,2,0
05/28/2014 03:00:00 AM,0,0,0
05/28/2014 02:00:00 AM,0,0,0
05/28/2014 01:00:00 AM,0,0,0
05/28/2014 12:00:00 AM,2,2,0
05/27/2014 11:00:00 PM,6,6,0
05/27/2014 10:00:00 PM,8,4,4
05/27/2014 09:00:00 PM,15,12,3
05/27/2014 08:00:00 PM,28,20,8
05/27/2014 07:00:00 PM,30,20,10
05/27/2014 06:00:00 PM,49,30,19
05/27/2014 05:00:00 PM,53,28,25
05/27/2014 04:00:00 PM,37,18,19
05/27/2014 03:00:00 PM,44,26,18
05/27/2014 02:00:00 PM,43,19,24
05/27/2014 01:00:00 PM,24,15,9
05/27/2014 12:00:00 PM,44,26,18
05/27/2014 11:00:00 AM,25,16,9
05/27/2014 10:00:00 AM,33,26,7
05/27/2014 09:00:00 AM,25,18,7
05/27/2014 08:00:00 AM,40,24,16
05/27/2014 07:00:00 AM,29,24,5
05/27/2014 06:00:00 AM,5,2,3
05/27/2014 05:00:00 AM,0,0,0
05/27/2014 04:00:00 AM,0,0,0
05/27/2014 03:00:00 AM,3,0,3
05/27/2014 02:00:00 AM,0,0,0
05/27/2014 01:00:00 AM,2,2,0
05/27/2014 12:00:00 AM,0,0,0
05/26/2014 11:00:00 PM,1,1,0
05/26/2014 10:00:00 PM,4,4,0
05/26/2014 09:00:00 PM,14,14,0
05/26/2014 08:00:00 PM,22,13,9
05/26/2014 07:00:00 PM,35,29,6
05/26/2014 06:00:00 PM,31,20,11
05/26/2014 05:00:00 PM,25,14,11
05/26/2014 04:00:00 PM,30,15,15
05/26/2014 03:00:00 PM,38,28,10
05/26/2014 02:00:00 PM,40,24,16
05/26/2014 01:00:00 PM,44,29,15
05/26/2014 12:00:00 PM,36,13,23
05/26/2014 11:00:00 AM,43,27,16
05/26/2014 10:00:00 AM,24,8,16
05/26/2014 09:00:00 AM,14,10,4
05/26/2014 08:00:00 AM,11,4,7
05/26/2014 07:00:00 AM,3,2,1
05/26/2014 06:00:00 AM,0,0,0
05/26/2014 05:00:00 AM,2,2,0
05/26/2014 04:00:00 AM,0,0,0
05/26/2014 03:00:00 AM,0,0,0
05/26/2014 02:00:00 AM,4,3,1
05/26/2014 01:00:00 AM,7,6,1
05/26/2014 12:00:00 AM,0,0,0
05/25/2014 11:00:00 PM,4,4,0
05/25/2014 10:00:00 PM,4,4,0
05/25/2014 09:00:00 PM,10,7,3
05/25/2014 08:00:00 PM,14,10,4
05/25/2014 07:00:00 PM,13,10,3
05/25/2014 06:00:00 PM,14,13,1
05/25/2014 05:00:00 PM,20,10,10
05/25/2014 04:00:00 PM,40,24,16
05/25/2014 03:00:00 PM,14,10,4
05/25/2014 02:00:00 PM,38,24,14
05/25/2014 01:00:00 PM,48,30,18
05/25/2014 12:00:00 PM,51,42,9
05/25/2014 11:00:00 AM,40,25,15
05/25/2014 10:00:00 AM,19,9,10
05/25/2014 09:00:00 AM,19,15,4
05/25/2014 08:00:00 AM,8,3,5
05/25/2014 07:00:00 AM,8,7,1
05/25/2014 06:00:00 AM,2,2,0
05/25/2014 05:00:00 AM,0,0,0
05/25/2014 04:00:00 AM,0,0,0
05/25/2014 03:00:00 AM,2,2,0
05/25/2014 02:00:00 AM,0,0,0
05/25/2014 01:00:00 AM,2,2,0
05/25/2014 12:00:00 AM,2,2,0
05/24/2014 11:00:00 PM,6,5,1
05/24/2014 10:00:00 PM,11,10,1
05/24/2014 09:00:00 PM,23,18,5
05/24/2014 08:00:00 PM,8,7,1
05/24/2014 07:00:00 PM,32,26,6
05/24/2014 06:00:00 PM,29,15,14
05/24/2014 05:00:00 PM,23,16,7
05/24/2014 04:00:00 PM,40,20,20
05/24/2014 03:00:00 PM,35,22,13
05/24/2014 02:00:00 PM,43,29,14
05/24/2014 01:00:00 PM,59,36,23
05/24/2014 12:00:00 PM,56,33,23
05/24/2014 11:00:00 AM,41,13,28
05/24/2014 10:00:00 AM,21,15,6
05/24/2014 09:00:00 AM,26,20,6
05/24/2014 08:00:00 AM,16,11,5
05/24/2014 07:00:00 AM,9,7,2
05/24/2014 06:00:00 AM,0,0,0
05/24/2014 05:00:00 AM,2,1,1
05/24/2014 04:00:00 AM,0,0,0
05/24/2014 03:00:00 AM,0,0,0
05/24/2014 02:00:00 AM,4,4,0
05/24/2014 01:00:00 AM,4,2,2
05/24/2014 12:00:00 AM,2,1,1
05/23/2014 11:00:00 PM,7,5,2
05/23/2014 10:00:00 PM,5,5,0
05/23/2014 09:00:00 PM,20,14,6
05/23/2014 08:00:00 PM,13,8,5
05/23/2014 07:00:00 PM,28,18,10
05/23/2014 06:00:00 PM,47,35,12
05/23/2014 05:00:00 PM,28,23,5
05/23/2014 04:00:00 PM,37,23,14
05/23/2014 03:00:00 PM,24,13,11
05/23/2014 02:00:00 PM,40,31,9
05/23/2014 01:00:00 PM,42,29,13
05/23/2014 12:00:00 PM,34,25,9
05/23/2014 11:00:00 AM,29,17,12
05/23/2014 10:00:00 AM,19,12,7
05/23/2014 09:00:00 AM,32,21,11
05/23/2014 08:00:00 AM,37,29,8
05/23/2014 07:00:00 AM,22,18,4
05/23/2014 06:00:00 AM,10,7,3
05/23/2014 05:00:00 AM,7,6,1
05/23/2014 04:00:00 AM,5,2,3
05/23/2014 03:00:00 AM,2,2,0
05/23/2014 02:00:00 AM,0,0,0
05/23/2014 01:00:00 AM,2,2,0
05/23/2014 12:00:00 AM,8,7,1
05/22/2014 11:00:00 PM,15,12,3
05/22/2014 10:00:00 PM,14,6,8
05/22/2014 09:00:00 PM,21,13,8
05/22/2014 08:00:00 PM,23,13,10
05/22/2014 07:00:00 PM,27,15,12
05/22/2014 06:00:00 PM,38,22,16
05/22/2014 05:00:00 PM,41,30,11
05/22/2014 04:00:00 PM,37,22,15
05/22/2014 03:00:00 PM,26,18,8
05/22/2014 02:00:00 PM,42,34,8
05/22/2014 01:00:00 PM,45,33,12
05/22/2014 12:00:00 PM,38,30,8
05/22/2014 11:00:00 AM,40,36,4
05/22/2014 10:00:00 AM,37,27,10
05/22/2014 09:00:00 AM,27,16,11
05/22/2014 08:00:00 AM,44,22,22
05/22/2014 07:00:00 AM,25,20,5
05/22/2014 06:00:00 AM,6,5,1
05/22/2014 05:00:00 AM,1,0,1
05/22/2014 04:00:00 AM,1,0,1
05/22/2014 03:00:00 AM,2,2,0
05/22/2014 02:00:00 AM,0,0,0
05/22/2014 01:00:00 AM,3,1,2
05/22/2014 12:00:00 AM,2,1,1
05/21/2014 11:00:00 PM,9,9,0
05/21/2014 10:00:00 PM,16,14,2
05/21/2014 09:00:00 PM,13,9,4
05/21/2014 08:00:00 PM,26,16,10
05/21/2014 07:00:00 PM,30,18,12
05/21/2014 06:00:00 PM,59,33,26
05/21/2014 05:00:00 PM,46,30,16
05/21/2014 04:00:00 PM,30,19,11
05/21/2014 03:00:00 PM,33,20,13
05/21/2014 02:00:00 PM,28,17,11
05/21/2014 01:00:00 PM,24,20,4
05/21/2014 12:00:00 PM,46,32,14
05/21/2014 11:00:00 AM,12,4,8
05/21/2014 10:00:00 AM,23,18,5
05/21/2014 09:00:00 AM,29,23,6
05/21/2014 08:00:00 AM,21,13,8
05/21/2014 07:00:00 AM,30,11,19
05/21/2014 06:00:00 AM,3,1,2
05/21/2014 05:00:00 AM,3,2,1
05/21/2014 04:00:00 AM,2,2,0
05/21/2014 03:00:00 AM,0,0,0
05/21/2014 02:00:00 AM,2,0,2
05/21/2014 01:00:00 AM,3,0,3
05/21/2014 12:00:00 AM,3,2,1
05/20/2014 11:00:00 PM,7,7,0
05/20/2014 10:00:00 PM,9,8,1
05/20/2014 09:00:00 PM,12,10,2
05/20/2014 08:00:00 PM,16,12,4
05/20/2014 07:00:00 PM,32,20,12
05/20/2014 06:00:00 PM,48,16,32
05/20/2014 05:00:00 PM,40,14,26
05/20/2014 04:00:00 PM,52,30,22
05/20/2014 03:00:00 PM,31,12,19
05/20/2014 02:00:00 PM,27,13,14
05/20/2014 01:00:00 PM,36,18,18
05/20/2014 12:00:00 PM,46,20,26
05/20/2014 11:00:00 AM,27,15,12
05/20/2014 10:00:00 AM,31,17,14
05/20/2014 09:00:00 AM,37,24,13
05/20/2014 08:00:00 AM,28,22,6
05/20/2014 07:00:00 AM,30,25,5
05/20/2014 06:00:00 AM,5,3,2
05/20/2014 05:00:00 AM,2,2,0
05/20/2014 04:00:00 AM,0,0,0
05/20/2014 03:00:00 AM,0,0,0
05/20/2014 02:00:00 AM,2,2,0
05/20/2014 01:00:00 AM,2,2,0
05/20/2014 12:00:00 AM,0,0,0
05/19/2014 11:00:00 PM,6,6,0
05/19/2014 10:00:00 PM,8,7,1
05/19/2014 09:00:00 PM,26,19,7
05/19/2014 08:00:00 PM,21,11,10
05/19/2014 07:00:00 PM,38,25,13
05/19/2014 06:00:00 PM,55,28,27
05/19/2014 05:00:00 PM,63,37,26
05/19/2014 04:00:00 PM,43,28,15
05/19/2014 03:00:00 PM,38,27,11
05/19/2014 02:00:00 PM,22,14,8
05/19/2014 01:00:00 PM,26,18,8
05/19/2014 12:00:00 PM,54,33,21
05/19/2014 11:00:00 AM,36,28,8
05/19/2014 10:00:00 AM,42,34,8
05/19/2014 09:00:00 AM,39,30,9
05/19/2014 08:00:00 AM,33,23,10
05/19/2014 07:00:00 AM,22,17,5
05/19/2014 06:00:00 AM,9,7,2
05/19/2014 05:00:00 AM,2,2,0
05/19/2014 04:00:00 AM,4,3,1
05/19/2014 03:00:00 AM,0,0,0
05/19/2014 02:00:00 AM,1,0,1
05/19/2014 01:00:00 AM,0,0,0
05/19/2014 12:00:00 AM,2,2,0
05/18/2014 11:00:00 PM,2,2,0
05/18/2014 10:00:00 PM,2,2,0
05/18/2014 09:00:00 PM,12,9,3
05/18/2014 08:00:00 PM,19,17,2
05/18/2014 07:00:00 PM,14,8,6
05/18/2014 06:00:00 PM,41,34,7
05/18/2014 05:00:00 PM,38,31,7
05/18/2014 04:00:00 PM,51,34,17
05/18/2014 03:00:00 PM,36,30,6
05/18/2014 02:00:00 PM,60,42,18
05/18/2014 01:00:00 PM,65,46,19
05/18/2014 12:00:00 PM,50,34,16
05/18/2014 11:00:00 AM,51,36,15
05/18/2014 10:00:00 AM,34,19,15
05/18/2014 09:00:00 AM,18,17,1
05/18/2014 08:00:00 AM,12,9,3
05/18/2014 07:00:00 AM,4,2,2
05/18/2014 06:00:00 AM,1,1,0
05/18/2014 05:00:00 AM,2,2,0
05/18/2014 04:00:00 AM,0,0,0
05/18/2014 03:00:00 AM,0,0,0
05/18/2014 02:00:00 AM,2,2,0
05/18/2014 01:00:00 AM,4,3,1
05/18/2014 12:00:00 AM,1,1,0
05/17/2014 11:00:00 PM,19,8,11
05/17/2014 10:00:00 PM,9,7,2
05/17/2014 09:00:00 PM,28,27,1
05/17/2014 08:00:00 PM,26,23,3
05/17/2014 07:00:00 PM,84,45,39
05/17/2014 06:00:00 PM,100,57,43
05/17/2014 05:00:00 PM,101,53,48
05/17/2014 04:00:00 PM,73,50,23
05/17/2014 03:00:00 PM,91,55,36
05/17/2014 02:00:00 PM,84,31,53
05/17/2014 01:00:00 PM,68,40,28
05/17/2014 12:00:00 PM,48,34,14
05/17/2014 11:00:00 AM,60,43,17
05/17/2014 10:00:00 AM,39,16,23
05/17/2014 09:00:00 AM,27,15,12
05/17/2014 08:00:00 AM,18,12,6
05/17/2014 07:00:00 AM,11,6,5
05/17/2014 06:00:00 AM,2,2,0
05/17/2014 05:00:00 AM,4,4,0
05/17/2014 04:00:00 AM,3,0,3
05/17/2014 03:00:00 AM,10,6,4
05/17/2014 02:00:00 AM,0,0,0
05/17/2014 01:00:00 AM,8,6,2
05/17/2014 12:00:00 AM,3,3,0
05/16/2014 11:00:00 PM,8,8,0
05/16/2014 10:00:00 PM,15,5,10
05/16/2014 09:00:00 PM,14,6,8
05/16/2014 08:00:00 PM,28,11,17
05/16/2014 07:00:00 PM,49,27,22
05/16/2014 06:00:00 PM,32,21,11
05/16/2014 05:00:00 PM,57,26,31
05/16/2014 04:00:00 PM,30,21,9
05/16/2014 03:00:00 PM,41,23,18
05/16/2014 02:00:00 PM,19,15,4
05/16/2014 01:00:00 PM,36,19,17
05/16/2014 12:00:00 PM,49,38,11
05/16/2014 11:00:00 AM,37,21,16
05/16/2014 10:00:00 AM,21,13,8
05/16/2014 09:00:00 AM,29,18,11
05/16/2014 08:00:00 AM,48,37,11
05/16/2014 07:00:00 AM,30,24,6
05/16/2014 06:00:00 AM,14,9,5
05/16/2014 05:00:00 AM,9,6,3
05/16/2014 04:00:00 AM,0,0,0
05/16/2014 03:00:00 AM,0,0,0
05/16/2014 02:00:00 AM,6,1,5
05/16/2014 01:00:00 AM,0,0,0
05/16/2014 12:00:00 AM,6,1,5
05/15/2014 11:00:00 PM,10,9,1
05/15/2014 10:00:00 PM,10,10,0
05/15/2014 09:00:00 PM,24,18,6
05/15/2014 08:00:00 PM,21,16,5
05/15/2014 07:00:00 PM,29,15,14
05/15/2014 06:00:00 PM,53,31,22
05/15/2014 05:00:00 PM,36,22,14
05/15/2014 04:00:00 PM,57,37,20
05/15/2014 03:00:00 PM,35,24,11
05/15/2014 02:00:00 PM,36,29,7
05/15/2014 01:00:00 PM,30,19,11
05/15/2014 12:00:00 PM,32,17,15
05/15/2014 11:00:00 AM,42,23,19
05/15/2014 10:00:00 AM,29,19,10
05/15/2014 09:00:00 AM,27,20,7
05/15/2014 08:00:00 AM,42,39,3
05/15/2014 07:00:00 AM,32,20,12
05/15/2014 06:00:00 AM,7,7,0
05/15/2014 05:00:00 AM,3,2,1
05/15/2014 04:00:00 AM,0,0,0
05/15/2014 03:00:00 AM,0,0,0
05/15/2014 02:00:00 AM,3,3,0
05/15/2014 01:00:00 AM,3,3,0
05/15/2014 12:00:00 AM,1,0,1
05/14/2014 11:00:00 PM,10,7,3
05/14/2014 10:00:00 PM,21,21,0
05/14/2014 09:00:00 PM,18,15,3
05/14/2014 08:00:00 PM,22,19,3
05/14/2014 07:00:00 PM,48,40,8
05/14/2014 06:00:00 PM,60,35,25
05/14/2014 05:00:00 PM,46,21,25
05/14/2014 04:00:00 PM,42,22,20
05/14/2014 03:00:00 PM,31,18,13
05/14/2014 02:00:00 PM,26,14,12
05/14/2014 01:00:00 PM,27,21,6
05/14/2014 12:00:00 PM,24,15,9
05/14/2014 11:00:00 AM,38,17,21
05/14/2014 10:00:00 AM,31,22,9
05/14/2014 09:00:00 AM,19,10,9
05/14/2014 08:00:00 AM,29,17,12
05/14/2014 07:00:00 AM,26,20,6
05/14/2014 06:00:00 AM,14,10,4
05/14/2014 05:00:00 AM,3,3,0
05/14/2014 04:00:00 AM,2,2,0
05/14/2014 03:00:00 AM,0,0,0
05/14/2014 02:00:00 AM,0,0,0
05/14/2014 01:00:00 AM,2,0,2
05/14/2014 12:00:00 AM,2,2,0
05/13/2014 11:00:00 PM,4,4,0
05/13/2014 10:00:00 PM,7,6,1
05/13/2014 09:00:00 PM,16,14,2
05/13/2014 08:00:00 PM,36,25,11
05/13/2014 07:00:00 PM,44,28,16
05/13/2014 06:00:00 PM,64,34,30
05/13/2014 05:00:00 PM,62,40,22
05/13/2014 04:00:00 PM,48,35,13
05/13/2014 03:00:00 PM,28,19,9
05/13/2014 02:00:00 PM,31,21,10
05/13/2014 01:00:00 PM,24,18,6
05/13/2014 12:00:00 PM,35,19,16
05/13/2014 11:00:00 AM,20,10,10
05/13/2014 10:00:00 AM,27,15,12
05/13/2014 09:00:00 AM,29,21,8
05/13/2014 08:00:00 AM,19,15,4
05/13/2014 07:00:00 AM,22,13,9
05/13/2014 06:00:00 AM,10,2,8
05/13/2014 05:00:00 AM,4,4,0
05/13/2014 04:00:00 AM,0,0,0
05/13/2014 03:00:00 AM,0,0,0
05/13/2014 02:00:00 AM,0,0,0
05/13/2014 01:00:00 AM,2,2,0
05/13/2014 12:00:00 AM,6,6,0
05/12/2014 11:00:00 PM,4,3,1
05/12/2014 10:00:00 PM,8,6,2
05/12/2014 09:00:00 PM,16,13,3
05/12/2014 08:00:00 PM,24,17,7
05/12/2014 07:00:00 PM,21,15,6
05/12/2014 06:00:00 PM,46,30,16
05/12/2014 05:00:00 PM,49,32,17
05/12/2014 04:00:00 PM,38,19,19
05/12/2014 03:00:00 PM,38,25,13
05/12/2014 02:00:00 PM,26,14,12
05/12/2014 01:00:00 PM,43,23,20
05/12/2014 12:00:00 PM,28,17,11
05/12/2014 11:00:00 AM,24,16,8
05/12/2014 10:00:00 AM,27,18,9
05/12/2014 09:00:00 AM,23,16,7
05/12/2014 08:00:00 AM,29,16,13
05/12/2014 07:00:00 AM,9,8,1
05/12/2014 06:00:00 AM,9,5,4
05/12/2014 05:00:00 AM,7,5,2
05/12/2014 04:00:00 AM,4,4,0
05/12/2014 03:00:00 AM,0,0,0
05/12/2014 02:00:00 AM,0,0,0
05/12/2014 01:00:00 AM,2,2,0
05/12/2014 12:00:00 AM,4,2,2
05/11/2014 11:00:00 PM,5,5,0
05/11/2014 10:00:00 PM,12,10,2
05/11/2014 09:00:00 PM,10,6,4
05/11/2014 08:00:00 PM,15,12,3
05/11/2014 07:00:00 PM,18,10,8
05/11/2014 06:00:00 PM,21,14,7
05/11/2014 05:00:00 PM,38,20,18
05/11/2014 04:00:00 PM,28,19,9
05/11/2014 03:00:00 PM,55,39,16
05/11/2014 02:00:00 PM,70,41,29
05/11/2014 01:00:00 PM,45,21,24
05/11/2014 12:00:00 PM,49,22,27
05/11/2014 11:00:00 AM,44,28,16
05/11/2014 10:00:00 AM,45,30,15
05/11/2014 09:00:00 AM,15,5,10
05/11/2014 08:00:00 AM,1,1,0
05/11/2014 07:00:00 AM,2,0,2
05/11/2014 06:00:00 AM,2,2,0
05/11/2014 05:00:00 AM,1,0,1
05/11/2014 04:00:00 AM,0,0,0
05/11/2014 03:00:00 AM,2,2,0
05/11/2014 02:00:00 AM,2,2,0
05/11/2014 01:00:00 AM,6,4,2
05/11/2014 12:00:00 AM,4,3,1
05/10/2014 11:00:00 PM,2,2,0
05/10/2014 10:00:00 PM,10,9,1
05/10/2014 09:00:00 PM,5,5,0
05/10/2014 08:00:00 PM,18,9,9
05/10/2014 07:00:00 PM,25,19,6
05/10/2014 06:00:00 PM,22,11,11
05/10/2014 05:00:00 PM,38,30,8
05/10/2014 04:00:00 PM,43,26,17
05/10/2014 03:00:00 PM,42,34,8
05/10/2014 02:00:00 PM,41,27,14
05/10/2014 01:00:00 PM,54,42,12
05/10/2014 12:00:00 PM,51,38,13
05/10/2014 11:00:00 AM,53,34,19
05/10/2014 10:00:00 AM,41,26,15
05/10/2014 09:00:00 AM,38,28,10
05/10/2014 08:00:00 AM,15,14,1
05/10/2014 07:00:00 AM,10,10,0
05/10/2014 06:00:00 AM,0,0,0
05/10/2014 05:00:00 AM,2,2,0
05/10/2014 04:00:00 AM,2,2,0
05/10/2014 03:00:00 AM,0,0,0
05/10/2014 02:00:00 AM,7,6,1
05/10/2014 01:00:00 AM,3,3,0
05/10/2014 12:00:00 AM,4,4,0
05/09/2014 11:00:00 PM,7,6,1
05/09/2014 10:00:00 PM,12,12,0
05/09/2014 09:00:00 PM,24,17,7
05/09/2014 08:00:00 PM,18,14,4
05/09/2014 07:00:00 PM,37,28,9
05/09/2014 06:00:00 PM,28,16,12
05/09/2014 05:00:00 PM,51,35,16
05/09/2014 04:00:00 PM,29,24,5
05/09/2014 03:00:00 PM,38,26,12
05/09/2014 02:00:00 PM,23,15,8
05/09/2014 01:00:00 PM,34,22,12
05/09/2014 12:00:00 PM,33,21,12
05/09/2014 11:00:00 AM,32,12,20
05/09/2014 10:00:00 AM,21,12,9
05/09/2014 09:00:00 AM,37,27,10
05/09/2014 08:00:00 AM,16,11,5
05/09/2014 07:00:00 AM,26,19,7
05/09/2014 06:00:00 AM,18,17,1
05/09/2014 05:00:00 AM,0,0,0
05/09/2014 04:00:00 AM,0,0,0
05/09/2014 03:00:00 AM,2,2,0
05/09/2014 02:00:00 AM,0,0,0
05/09/2014 01:00:00 AM,0,0,0
05/09/2014 12:00:00 AM,2,2,0
05/08/2014 11:00:00 PM,6,6,0
05/08/2014 10:00:00 PM,16,13,3
05/08/2014 09:00:00 PM,9,4,5
05/08/2014 08:00:00 PM,25,15,10
05/08/2014 07:00:00 PM,39,30,9
05/08/2014 06:00:00 PM,35,30,5
05/08/2014 05:00:00 PM,54,39,15
05/08/2014 04:00:00 PM,30,14,16
05/08/2014 03:00:00 PM,40,26,14
05/08/2014 02:00:00 PM,29,14,15
05/08/2014 01:00:00 PM,29,18,11
05/08/2014 12:00:00 PM,18,16,2
05/08/2014 11:00:00 AM,23,11,12
05/08/2014 10:00:00 AM,19,16,3
05/08/2014 09:00:00 AM,22,17,5
05/08/2014 08:00:00 AM,39,32,7
05/08/2014 07:00:00 AM,38,33,5
05/08/2014 06:00:00 AM,7,4,3
05/08/2014 05:00:00 AM,0,0,0
05/08/2014 04:00:00 AM,2,2,0
05/08/2014 03:00:00 AM,0,0,0
05/08/2014 02:00:00 AM,2,2,0
05/08/2014 01:00:00 AM,0,0,0
05/08/2014 12:00:00 AM,0,0,0
05/07/2014 11:00:00 PM,6,5,1
05/07/2014 10:00:00 PM,13,13,0
05/07/2014 09:00:00 PM,21,19,2
05/07/2014 08:00:00 PM,16,15,1
05/07/2014 07:00:00 PM,44,29,15
05/07/2014 06:00:00 PM,56,37,19
05/07/2014 05:00:00 PM,48,26,22
05/07/2014 04:00:00 PM,37,23,14
05/07/2014 03:00:00 PM,49,25,24
05/07/2014 02:00:00 PM,38,22,16
05/07/2014 01:00:00 PM,26,16,10
05/07/2014 12:00:00 PM,33,24,9
05/07/2014 11:00:00 AM,28,15,13
05/07/2014 10:00:00 AM,30,15,15
05/07/2014 09:00:00 AM,44,30,14
05/07/2014 08:00:00 AM,35,23,12
05/07/2014 07:00:00 AM,38,32,6
05/07/2014 06:00:00 AM,3,0,3
05/07/2014 05:00:00 AM,2,2,0
05/07/2014 04:00:00 AM,0,0,0
05/07/2014 03:00:00 AM,0,0,0
05/07/2014 02:00:00 AM,0,0,0
05/07/2014 01:00:00 AM,0,0,0
05/07/2014 12:00:00 AM,0,0,0
05/06/2014 11:00:00 PM,4,4,0
05/06/2014 10:00:00 PM,4,3,1
05/06/2014 09:00:00 PM,16,10,6
05/06/2014 08:00:00 PM,31,28,3
05/06/2014 07:00:00 PM,26,16,10
05/06/2014 06:00:00 PM,50,33,17
05/06/2014 05:00:00 PM,35,25,10
05/06/2014 04:00:00 PM,32,25,7
05/06/2014 03:00:00 PM,17,13,4
05/06/2014 02:00:00 PM,31,23,8
05/06/2014 01:00:00 PM,28,21,7
05/06/2014 12:00:00 PM,23,17,6
05/06/2014 11:00:00 AM,18,11,7
05/06/2014 10:00:00 AM,27,16,11
05/06/2014 09:00:00 AM,33,20,13
05/06/2014 08:00:00 AM,31,17,14
05/06/2014 07:00:00 AM,27,18,9
05/06/2014 06:00:00 AM,16,12,4
05/06/2014 05:00:00 AM,2,2,0
05/06/2014 04:00:00 AM,0,0,0
05/06/2014 03:00:00 AM,0,0,0
05/06/2014 02:00:00 AM,0,0,0
05/06/2014 01:00:00 AM,3,2,1
05/06/2014 12:00:00 AM,6,5,1
05/05/2014 11:00:00 PM,7,6,1
05/05/2014 10:00:00 PM,9,8,1
05/05/2014 09:00:00 PM,14,11,3
05/05/2014 08:00:00 PM,22,15,7
05/05/2014 07:00:00 PM,35,21,14
05/05/2014 06:00:00 PM,48,29,19
05/05/2014 05:00:00 PM,36,25,11
05/05/2014 04:00:00 PM,23,16,7
05/05/2014 03:00:00 PM,34,20,14
05/05/2014 02:00:00 PM,30,24,6
05/05/2014 01:00:00 PM,43,28,15
05/05/2014 12:00:00 PM,40,15,25
05/05/2014 11:00:00 AM,42,25,17
05/05/2014 10:00:00 AM,23,17,6
05/05/2014 09:00:00 AM,29,17,12
05/05/2014 08:00:00 AM,45,33,12
05/05/2014 07:00:00 AM,31,21,10
05/05/2014 06:00:00 AM,21,14,7
05/05/2014 05:00:00 AM,4,3,1
05/05/2014 04:00:00 AM,2,2,0
05/05/2014 03:00:00 AM,0,0,0
05/05/2014 02:00:00 AM,4,4,0
05/05/2014 01:00:00 AM,0,0,0
05/05/2014 12:00:00 AM,2,2,0
05/04/2014 11:00:00 PM,11,9,2
05/04/2014 10:00:00 PM,3,2,1
05/04/2014 09:00:00 PM,5,5,0
05/04/2014 08:00:00 PM,13,12,1
05/04/2014 07:00:00 PM,11,10,1
05/04/2014 06:00:00 PM,33,26,7
05/04/2014 05:00:00 PM,35,23,12
05/04/2014 04:00:00 PM,32,25,7
05/04/2014 03:00:00 PM,40,31,9
05/04/2014 02:00:00 PM,43,28,15
05/04/2014 01:00:00 PM,61,37,24
05/04/2014 12:00:00 PM,43,25,18
05/04/2014 11:00:00 AM,25,13,12
05/04/2014 10:00:00 AM,33,23,10
05/04/2014 09:00:00 AM,16,12,4
05/04/2014 08:00:00 AM,9,7,2
05/04/2014 07:00:00 AM,5,4,1
05/04/2014 06:00:00 AM,1,1,0
05/04/2014 05:00:00 AM,3,3,0
05/04/2014 04:00:00 AM,0,0,0
05/04/2014 03:00:00 AM,9,4,5
05/04/2014 02:00:00 AM,1,0,1
05/04/2014 01:00:00 AM,2,2,0
05/04/2014 12:00:00 AM,6,6,0
05/03/2014 11:00:00 PM,19,15,4
05/03/2014 10:00:00 PM,16,8,8
05/03/2014 09:00:00 PM,19,7,12
05/03/2014 08:00:00 PM,24,14,10
05/03/2014 07:00:00 PM,19,13,6
05/03/2014 06:00:00 PM,41,34,7
05/03/2014 05:00:00 PM,28,19,9
05/03/2014 04:00:00 PM,23,15,8
05/03/2014 03:00:00 PM,53,28,25
05/03/2014 02:00:00 PM,59,39,20
05/03/2014 01:00:00 PM,80,46,34
05/03/2014 12:00:00 PM,49,28,21
05/03/2014 11:00:00 AM,63,33,30
05/03/2014 10:00:00 AM,49,31,18
05/03/2014 09:00:00 AM,51,28,23
05/03/2014 08:00:00 AM,29,20,9
05/03/2014 07:00:00 AM,8,2,6
05/03/2014 06:00:00 AM,4,4,0
05/03/2014 05:00:00 AM,2,2,0
05/03/2014 04:00:00 AM,0,0,0
05/03/2014 03:00:00 AM,0,0,0
05/03/2014 02:00:00 AM,4,3,1
05/03/2014 01:00:00 AM,0,0,0
05/03/2014 12:00:00 AM,2,0,2
05/02/2014 11:00:00 PM,8,5,3
05/02/2014 10:00:00 PM,22,15,7
05/02/2014 09:00:00 PM,26,18,8
05/02/2014 08:00:00 PM,25,16,9
05/02/2014 07:00:00 PM,55,37,18
05/02/2014 06:00:00 PM,64,36,28
05/02/2014 05:00:00 PM,64,44,20
05/02/2014 04:00:00 PM,58,27,31
05/02/2014 03:00:00 PM,30,19,11
05/02/2014 02:00:00 PM,44,26,18
05/02/2014 01:00:00 PM,49,31,18
05/02/2014 12:00:00 PM,34,21,13
05/02/2014 11:00:00 AM,31,25,6
05/02/2014 10:00:00 AM,32,22,10
05/02/2014 09:00:00 AM,50,36,14
05/02/2014 08:00:00 AM,54,42,12
05/02/2014 07:00:00 AM,24,17,7
05/02/2014 06:00:00 AM,11,7,4
05/02/2014 05:00:00 AM,2,2,0
05/02/2014 04:00:00 AM,0,0,0
05/02/2014 03:00:00 AM,5,5,0
05/02/2014 02:00:00 AM,2,2,0
05/02/2014 01:00:00 AM,2,1,1
05/02/2014 12:00:00 AM,6,5,1
05/01/2014 11:00:00 PM,8,5,3
05/01/2014 10:00:00 PM,11,8,3
05/01/2014 09:00:00 PM,25,17,8
05/01/2014 08:00:00 PM,26,18,8
05/01/2014 07:00:00 PM,30,19,11
05/01/2014 06:00:00 PM,42,25,17
05/01/2014 05:00:00 PM,56,27,29
05/01/2014 04:00:00 PM,45,25,20
05/01/2014 03:00:00 PM,54,31,23
05/01/2014 02:00:00 PM,35,25,10
05/01/2014 01:00:00 PM,25,8,17
05/01/2014 12:00:00 PM,38,18,20
05/01/2014 11:00:00 AM,56,24,32
05/01/2014 10:00:00 AM,34,11,23
05/01/2014 09:00:00 AM,34,24,10
05/01/2014 08:00:00 AM,51,37,14
05/01/2014 07:00:00 AM,42,27,15
05/01/2014 06:00:00 AM,26,20,6
05/01/2014 05:00:00 AM,7,5,2
05/01/2014 04:00:00 AM,0,0,0
05/01/2014 03:00:00 AM,1,0,1
05/01/2014 02:00:00 AM,1,0,1
05/01/2014 01:00:00 AM,0,0,0
05/01/2014 12:00:00 AM,2,2,0
04/30/2014 11:00:00 PM,7,5,2
04/30/2014 10:00:00 PM,13,6,7
04/30/2014 09:00:00 PM,32,23,9
04/30/2014 08:00:00 PM,26,15,11
04/30/2014 07:00:00 PM,66,43,23
04/30/2014 06:00:00 PM,60,33,27
04/30/2014 05:00:00 PM,69,39,30
04/30/2014 04:00:00 PM,56,37,19
04/30/2014 03:00:00 PM,41,22,19
04/30/2014 02:00:00 PM,47,33,14
04/30/2014 01:00:00 PM,35,24,11
04/30/2014 12:00:00 PM,38,24,14
04/30/2014 11:00:00 AM,48,31,17
04/30/2014 10:00:00 AM,21,14,7
04/30/2014 09:00:00 AM,37,19,18
04/30/2014 08:00:00 AM,28,13,15
04/30/2014 07:00:00 AM,24,13,11
04/30/2014 06:00:00 AM,11,8,3
04/30/2014 05:00:00 AM,2,2,0
04/30/2014 04:00:00 AM,1,1,0
04/30/2014 03:00:00 AM,0,0,0
04/30/2014 02:00:00 AM,2,2,0
04/30/2014 01:00:00 AM,2,2,0
04/30/2014 12:00:00 AM,6,4,2
04/29/2014 11:00:00 PM,5,2,3
04/29/2014 10:00:00 PM,6,2,4
04/29/2014 09:00:00 PM,12,10,2
04/29/2014 08:00:00 PM,32,21,11
04/29/2014 07:00:00 PM,58,33,25
04/29/2014 06:00:00 PM,69,32,37
04/29/2014 05:00:00 PM,50,34,16
04/29/2014 04:00:00 PM,35,22,13
04/29/2014 03:00:00 PM,39,25,14
04/29/2014 02:00:00 PM,28,16,12
04/29/2014 01:00:00 PM,32,21,11
04/29/2014 12:00:00 PM,46,29,17
04/29/2014 11:00:00 AM,37,18,19
04/29/2014 10:00:00 AM,20,9,11
04/29/2014 09:00:00 AM,49,28,21
04/29/2014 08:00:00 AM,21,13,8
04/29/2014 07:00:00 AM,28,22,6
04/29/2014 06:00:00 AM,13,9,4
04/29/2014 05:00:00 AM,6,5,1
04/29/2014 04:00:00 AM,0,0,0
04/29/2014 03:00:00 AM,0,0,0
04/29/2014 02:00:00 AM,0,0,0
04/29/2014 01:00:00 AM,0,0,0
04/29/2014 12:00:00 AM,2,2,0
04/28/2014 11:00:00 PM,2,2,0
04/28/2014 10:00:00 PM,6,4,2
04/28/2014 09:00:00 PM,4,2,2
04/28/2014 08:00:00 PM,26,17,9
04/28/2014 07:00:00 PM,26,19,7
04/28/2014 06:00:00 PM,47,28,19
04/28/2014 05:00:00 PM,49,20,29
04/28/2014 04:00:00 PM,41,26,15
04/28/2014 03:00:00 PM,35,20,15
04/28/2014 02:00:00 PM,32,21,11
04/28/2014 01:00:00 PM,38,23,15
04/28/2014 12:00:00 PM,40,23,17
04/28/2014 11:00:00 AM,27,17,10
04/28/2014 10:00:00 AM,18,17,1
04/28/2014 09:00:00 AM,40,29,11
04/28/2014 08:00:00 AM,30,18,12
04/28/2014 07:00:00 AM,36,27,9
04/28/2014 06:00:00 AM,2,1,1
04/28/2014 05:00:00 AM,6,0,6
04/28/2014 04:00:00 AM,2,2,0
04/28/2014 03:00:00 AM,4,3,1
04/28/2014 02:00:00 AM,0,0,0
04/28/2014 01:00:00 AM,4,4,0
04/28/2014 12:00:00 AM,0,0,0
04/27/2014 11:00:00 PM,5,5,0
04/27/2014 10:00:00 PM,6,5,1
04/27/2014 09:00:00 PM,3,1,2
04/27/2014 08:00:00 PM,16,10,6
04/27/2014 07:00:00 PM,33,16,17
04/27/2014 06:00:00 PM,38,17,21
04/27/2014 05:00:00 PM,24,11,13
04/27/2014 04:00:00 PM,55,38,17
04/27/2014 03:00:00 PM,36,19,17
04/27/2014 02:00:00 PM,51,38,13
04/27/2014 01:00:00 PM,77,43,34
04/27/2014 12:00:00 PM,67,44,23
04/27/2014 11:00:00 AM,90,48,42
04/27/2014 10:00:00 AM,62,34,28
04/27/2014 09:00:00 AM,30,20,10
04/27/2014 08:00:00 AM,12,5,7
04/27/2014 07:00:00 AM,5,5,0
04/27/2014 06:00:00 AM,0,0,0
04/27/2014 05:00:00 AM,3,2,1
04/27/2014 04:00:00 AM,0,0,0
04/27/2014 03:00:00 AM,0,0,0
04/27/2014 02:00:00 AM,1,0,1
04/27/2014 01:00:00 AM,5,4,1
04/27/2014 12:00:00 AM,3,2,1
04/26/2014 11:00:00 PM,7,4,3
04/26/2014 10:00:00 PM,10,10,0
04/26/2014 09:00:00 PM,27,24,3
04/26/2014 08:00:00 PM,24,18,6
04/26/2014 07:00:00 PM,32,18,14
04/26/2014 06:00:00 PM,45,27,18
04/26/2014 05:00:00 PM,72,53,19
04/26/2014 04:00:00 PM,54,30,24
04/26/2014 03:00:00 PM,38,16,22
04/26/2014 02:00:00 PM,69,37,32
04/26/2014 01:00:00 PM,43,31,12
04/26/2014 12:00:00 PM,52,24,28
04/26/2014 11:00:00 AM,63,34,29
04/26/2014 10:00:00 AM,43,25,18
04/26/2014 09:00:00 AM,31,23,8
04/26/2014 08:00:00 AM,19,15,4
04/26/2014 07:00:00 AM,2,0,2
04/26/2014 06:00:00 AM,5,5,0
04/26/2014 05:00:00 AM,4,4,0
04/26/2014 04:00:00 AM,0,0,0
04/26/2014 03:00:00 AM,1,1,0
04/26/2014 02:00:00 AM,2,0,2
04/26/2014 01:00:00 AM,8,4,4
04/26/2014 12:00:00 AM,8,7,1
04/25/2014 11:00:00 PM,12,6,6
04/25/2014 10:00:00 PM,5,2,3
04/25/2014 09:00:00 PM,10,5,5
04/25/2014 08:00:00 PM,15,7,8
04/25/2014 07:00:00 PM,41,29,12
04/25/2014 06:00:00 PM,55,28,27
04/25/2014 05:00:00 PM,41,26,15
04/25/2014 04:00:00 PM,43,29,14
04/25/2014 03:00:00 PM,35,24,11
04/25/2014 02:00:00 PM,28,12,16
04/25/2014 01:00:00 PM,49,28,21
04/25/2014 12:00:00 PM,44,33,11
04/25/2014 11:00:00 AM,36,24,12
04/25/2014 10:00:00 AM,25,16,9
04/25/2014 09:00:00 AM,36,16,20
04/25/2014 08:00:00 AM,36,22,14
04/25/2014 07:00:00 AM,17,12,5
04/25/2014 06:00:00 AM,12,7,5
04/25/2014 05:00:00 AM,3,3,0
04/25/2014 04:00:00 AM,0,0,0
04/25/2014 03:00:00 AM,0,0,0
04/25/2014 02:00:00 AM,6,0,6
04/25/2014 01:00:00 AM,4,2,2
04/25/2014 12:00:00 AM,4,2,2
04/24/2014 11:00:00 PM,11,11,0
04/24/2014 10:00:00 PM,9,6,3
04/24/2014 09:00:00 PM,18,11,7
04/24/2014 08:00:00 PM,18,6,12
04/24/2014 07:00:00 PM,51,33,18
04/24/2014 06:00:00 PM,50,32,18
04/24/2014 05:00:00 PM,67,38,29
04/24/2014 04:00:00 PM,43,21,22
04/24/2014 03:00:00 PM,28,15,13
04/24/2014 02:00:00 PM,40,21,19
04/24/2014 01:00:00 PM,68,40,28
04/24/2014 12:00:00 PM,29,17,12
04/24/2014 11:00:00 AM,29,8,21
04/24/2014 10:00:00 AM,32,24,8
04/24/2014 09:00:00 AM,27,17,10
04/24/2014 08:00:00 AM,39,17,22
04/24/2014 07:00:00 AM,39,19,20
04/24/2014 06:00:00 AM,5,2,3
04/24/2014 05:00:00 AM,6,4,2
04/24/2014 04:00:00 AM,0,0,0
04/24/2014 03:00:00 AM,0,0,0
04/24/2014 02:00:00 AM,0,0,0
04/24/2014 01:00:00 AM,0,0,0
04/24/2014 12:00:00 AM,5,4,1
04/23/2014 11:00:00 PM,5,3,2
04/23/2014 10:00:00 PM,11,6,5
04/23/2014 09:00:00 PM,20,15,5
04/23/2014 08:00:00 PM,13,8,5
04/23/2014 07:00:00 PM,18,11,7
04/23/2014 06:00:00 PM,16,8,8
04/23/2014 05:00:00 PM,21,9,12
04/23/2014 04:00:00 PM,30,19,11
04/23/2014 03:00:00 PM,33,19,14
04/23/2014 02:00:00 PM,25,17,8
04/23/2014 01:00:00 PM,29,21,8
04/23/2014 12:00:00 PM,26,21,5
04/23/2014 11:00:00 AM,20,10,10
04/23/2014 10:00:00 AM,20,15,5
04/23/2014 09:00:00 AM,31,23,8
04/23/2014 08:00:00 AM,29,18,11
04/23/2014 07:00:00 AM,20,13,7
04/23/2014 06:00:00 AM,4,2,2
04/23/2014 05:00:00 AM,2,2,0
04/23/2014 04:00:00 AM,0,0,0
04/23/2014 03:00:00 AM,0,0,0
04/23/2014 02:00:00 AM,1,1,0
04/23/2014 01:00:00 AM,2,2,0
04/23/2014 12:00:00 AM,1,0,1
04/22/2014 11:00:00 PM,5,3,2
04/22/2014 10:00:00 PM,10,8,2
04/22/2014 09:00:00 PM,17,9,8
04/22/2014 08:00:00 PM,30,25,5
04/22/2014 07:00:00 PM,59,33,26
04/22/2014 06:00:00 PM,26,11,15
04/22/2014 05:00:00 PM,54,23,31
04/22/2014 04:00:00 PM,53,26,27
04/22/2014 03:00:00 PM,31,16,15
04/22/2014 02:00:00 PM,28,20,8
04/22/2014 01:00:00 PM,35,11,24
04/22/2014 12:00:00 PM,40,27,13
04/22/2014 11:00:00 AM,27,22,5
04/22/2014 10:00:00 AM,23,14,9
04/22/2014 09:00:00 AM,31,15,16
04/22/2014 08:00:00 AM,23,15,8
04/22/2014 07:00:00 AM,40,29,11
04/22/2014 06:00:00 AM,5,2,3
04/22/2014 05:00:00 AM,6,2,4
04/22/2014 04:00:00 AM,0,0,0
04/22/2014 03:00:00 AM,0,0,0
04/22/2014 02:00:00 AM,0,0,0
04/22/2014 01:00:00 AM,0,0,0
04/22/2014 12:00:00 AM,3,3,0
04/21/2014 11:00:00 PM,7,7,0
04/21/2014 10:00:00 PM,5,5,0
04/21/2014 09:00:00 PM,5,2,3
04/21/2014 08:00:00 PM,25,15,10
04/21/2014 07:00:00 PM,26,13,13
04/21/2014 06:00:00 PM,43,21,22
04/21/2014 05:00:00 PM,41,30,11
04/21/2014 04:00:00 PM,22,15,7
04/21/2014 03:00:00 PM,24,18,6
04/21/2014 02:00:00 PM,24,18,6
04/21/2014 01:00:00 PM,28,18,10
04/21/2014 12:00:00 PM,42,20,22
04/21/2014 11:00:00 AM,22,16,6
04/21/2014 10:00:00 AM,24,7,17
04/21/2014 09:00:00 AM,41,28,13
04/21/2014 08:00:00 AM,21,9,12
04/21/2014 07:00:00 AM,24,15,9
04/21/2014 06:00:00 AM,9,4,5
04/21/2014 05:00:00 AM,1,1,0
04/21/2014 04:00:00 AM,0,0,0
04/21/2014 03:00:00 AM,0,0,0
04/21/2014 02:00:00 AM,0,0,0
04/21/2014 01:00:00 AM,0,0,0
04/21/2014 12:00:00 AM,1,0,1
04/20/2014 11:00:00 PM,8,4,4
04/20/2014 10:00:00 PM,4,4,0
04/20/2014 09:00:00 PM,13,8,5
04/20/2014 08:00:00 PM,10,9,1
04/20/2014 07:00:00 PM,16,8,8
04/20/2014 06:00:00 PM,23,17,6
04/20/2014 05:00:00 PM,25,19,6
04/20/2014 04:00:00 PM,27,18,9
04/20/2014 03:00:00 PM,29,20,9
04/20/2014 02:00:00 PM,36,17,19
04/20/2014 01:00:00 PM,49,34,15
04/20/2014 12:00:00 PM,46,21,25
04/20/2014 11:00:00 AM,40,21,19
04/20/2014 10:00:00 AM,35,26,9
04/20/2014 09:00:00 AM,26,18,8
04/20/2014 08:00:00 AM,10,6,4
04/20/2014 07:00:00 AM,8,6,2
04/20/2014 06:00:00 AM,1,0,1
04/20/2014 05:00:00 AM,0,0,0
04/20/2014 04:00:00 AM,0,0,0
04/20/2014 03:00:00 AM,0,0,0
04/20/2014 02:00:00 AM,9,5,4
04/20/2014 01:00:00 AM,3,3,0
04/20/2014 12:00:00 AM,4,4,0
04/19/2014 11:00:00 PM,6,4,2
04/19/2014 10:00:00 PM,13,9,4
04/19/2014 09:00:00 PM,24,15,9
04/19/2014 08:00:00 PM,34,26,8
04/19/2014 07:00:00 PM,29,18,11
04/19/2014 06:00:00 PM,44,33,11
04/19/2014 05:00:00 PM,32,21,11
04/19/2014 04:00:00 PM,25,14,11
04/19/2014 03:00:00 PM,50,15,35
04/19/2014 02:00:00 PM,59,32,27
04/19/2014 01:00:00 PM,61,41,20
04/19/2014 12:00:00 PM,57,35,22
04/19/2014 11:00:00 AM,53,27,26
04/19/2014 10:00:00 AM,32,15,17
04/19/2014 09:00:00 AM,35,20,15
04/19/2014 08:00:00 AM,17,12,5
04/19/2014 07:00:00 AM,4,1,3
04/19/2014 06:00:00 AM,0,0,0
04/19/2014 05:00:00 AM,1,1,0
04/19/2014 04:00:00 AM,0,0,0
04/19/2014 03:00:00 AM,1,1,0
04/19/2014 02:00:00 AM,4,4,0
04/19/2014 01:00:00 AM,0,0,0
04/19/2014 12:00:00 AM,8,7,1
04/18/2014 11:00:00 PM,6,5,1
04/18/2014 10:00:00 PM,19,17,2
04/18/2014 09:00:00 PM,26,21,5
04/18/2014 08:00:00 PM,28,19,9
04/18/2014 07:00:00 PM,33,18,15
04/18/2014 06:00:00 PM,60,31,29
04/18/2014 05:00:00 PM,53,36,17
04/18/2014 04:00:00 PM,34,18,16
04/18/2014 03:00:00 PM,50,36,14
04/18/2014 02:00:00 PM,43,25,18
04/18/2014 01:00:00 PM,36,23,13
04/18/2014 12:00:00 PM,33,15,18
04/18/2014 11:00:00 AM,42,25,17
04/18/2014 10:00:00 AM,31,20,11
04/18/2014 09:00:00 AM,22,14,8
04/18/2014 08:00:00 AM,33,22,11
04/18/2014 07:00:00 AM,20,14,6
04/18/2014 06:00:00 AM,7,3,4
04/18/2014 05:00:00 AM,4,3,1
04/18/2014 04:00:00 AM,0,0,0
04/18/2014 03:00:00 AM,2,0,2
04/18/2014 02:00:00 AM,2,2,0
04/18/2014 01:00:00 AM,0,0,0
04/18/2014 12:00:00 AM,0,0,0
04/17/2014 11:00:00 PM,7,6,1
04/17/2014 10:00:00 PM,2,0,2
04/17/2014 09:00:00 PM,14,14,0
04/17/2014 08:00:00 PM,17,9,8
04/17/2014 07:00:00 PM,35,25,10
04/17/2014 06:00:00 PM,32,10,22
04/17/2014 05:00:00 PM,38,11,27
04/17/2014 04:00:00 PM,28,14,14
04/17/2014 03:00:00 PM,24,17,7
04/17/2014 02:00:00 PM,20,14,6
04/17/2014 01:00:00 PM,17,6,11
04/17/2014 12:00:00 PM,24,7,17
04/17/2014 11:00:00 AM,35,18,17
04/17/2014 10:00:00 AM,21,13,8
04/17/2014 09:00:00 AM,19,15,4
04/17/2014 08:00:00 AM,27,19,8
04/17/2014 07:00:00 AM,39,20,19
04/17/2014 06:00:00 AM,7,5,2
04/17/2014 05:00:00 AM,3,2,1
04/17/2014 04:00:00 AM,0,0,0
04/17/2014 03:00:00 AM,2,2,0
04/17/2014 02:00:00 AM,0,0,0
04/17/2014 01:00:00 AM,4,0,4
04/17/2014 12:00:00 AM,0,0,0
04/16/2014 11:00:00 PM,5,2,3
04/16/2014 10:00:00 PM,12,7,5
04/16/2014 09:00:00 PM,7,4,3
04/16/2014 08:00:00 PM,15,10,5
04/16/2014 07:00:00 PM,18,3,15
04/16/2014 06:00:00 PM,40,22,18
04/16/2014 05:00:00 PM,38,23,15
04/16/2014 04:00:00 PM,34,25,9
04/16/2014 03:00:00 PM,34,17,17
04/16/2014 02:00:00 PM,38,17,21
04/16/2014 01:00:00 PM,30,16,14
04/16/2014 12:00:00 PM,37,17,20
04/16/2014 11:00:00 AM,32,17,15
04/16/2014 10:00:00 AM,23,14,9
04/16/2014 09:00:00 AM,17,10,7
04/16/2014 08:00:00 AM,34,29,5
04/16/2014 07:00:00 AM,27,22,5
04/16/2014 06:00:00 AM,12,6,6
04/16/2014 05:00:00 AM,3,3,0
04/16/2014 04:00:00 AM,0,0,0
04/16/2014 03:00:00 AM,2,2,0
04/16/2014 02:00:00 AM,0,0,0
04/16/2014 01:00:00 AM,0,0,0
04/16/2014 12:00:00 AM,0,0,0
04/15/2014 11:00:00 PM,4,3,1
04/15/2014 10:00:00 PM,8,6,2
04/15/2014 09:00:00 PM,10,5,5
04/15/2014 08:00:00 PM,15,13,2
04/15/2014 07:00:00 PM,39,15,24
04/15/2014 06:00:00 PM,22,14,8
04/15/2014 05:00:00 PM,43,22,21
04/15/2014 04:00:00 PM,48,34,14
04/15/2014 03:00:00 PM,44,28,16
04/15/2014 02:00:00 PM,18,12,6
04/15/2014 01:00:00 PM,31,21,10
04/15/2014 12:00:00 PM,66,47,19
04/15/2014 11:00:00 AM,37,22,15
04/15/2014 10:00:00 AM,27,18,9
04/15/2014 09:00:00 AM,32,17,15
04/15/2014 08:00:00 AM,48,36,12
04/15/2014 07:00:00 AM,26,17,9
04/15/2014 06:00:00 AM,7,2,5
04/15/2014 05:00:00 AM,2,2,0
04/15/2014 04:00:00 AM,0,0,0
04/15/2014 03:00:00 AM,5,2,3
04/15/2014 02:00:00 AM,0,0,0
04/15/2014 01:00:00 AM,3,2,1
04/15/2014 12:00:00 AM,4,4,0
04/14/2014 11:00:00 PM,5,5,0
04/14/2014 10:00:00 PM,4,4,0
04/14/2014 09:00:00 PM,11,7,4
04/14/2014 08:00:00 PM,29,22,7
04/14/2014 07:00:00 PM,36,21,15
04/14/2014 06:00:00 PM,50,30,20
04/14/2014 05:00:00 PM,50,33,17
04/14/2014 04:00:00 PM,51,25,26
04/14/2014 03:00:00 PM,35,22,13
04/14/2014 02:00:00 PM,28,22,6
04/14/2014 01:00:00 PM,32,18,14
04/14/2014 12:00:00 PM,33,16,17
04/14/2014 11:00:00 AM,34,17,17
04/14/2014 10:00:00 AM,23,14,9
04/14/2014 09:00:00 AM,33,18,15
04/14/2014 08:00:00 AM,29,18,11
04/14/2014 07:00:00 AM,18,10,8
04/14/2014 06:00:00 AM,9,5,4
04/14/2014 05:00:00 AM,5,3,2
04/14/2014 04:00:00 AM,0,0,0
04/14/2014 03:00:00 AM,0,0,0
04/14/2014 02:00:00 AM,1,1,0
04/14/2014 01:00:00 AM,1,1,0
04/14/2014 12:00:00 AM,0,0,0
04/13/2014 11:00:00 PM,8,8,0
04/13/2014 10:00:00 PM,9,6,3
04/13/2014 09:00:00 PM,9,7,2
04/13/2014 08:00:00 PM,24,16,8
04/13/2014 07:00:00 PM,22,20,2
04/13/2014 06:00:00 PM,54,36,18
04/13/2014 05:00:00 PM,60,44,16
04/13/2014 04:00:00 PM,58,43,15
04/13/2014 03:00:00 PM,51,29,22
04/13/2014 02:00:00 PM,49,30,19
04/13/2014 01:00:00 PM,67,49,18
04/13/2014 12:00:00 PM,63,34,29
04/13/2014 11:00:00 AM,50,22,28
04/13/2014 10:00:00 AM,42,24,18
04/13/2014 09:00:00 AM,23,11,12
04/13/2014 08:00:00 AM,8,3,5
04/13/2014 07:00:00 AM,8,3,5
04/13/2014 06:00:00 AM,0,0,0
04/13/2014 05:00:00 AM,0,0,0
04/13/2014 04:00:00 AM,0,0,0
04/13/2014 03:00:00 AM,2,0,2
04/13/2014 02:00:00 AM,3,3,0
04/13/2014 01:00:00 AM,5,5,0
04/13/2014 12:00:00 AM,0,0,0
04/12/2014 11:00:00 PM,8,5,3
04/12/2014 10:00:00 PM,15,6,9
04/12/2014 09:00:00 PM,14,8,6
04/12/2014 08:00:00 PM,25,18,7
04/12/2014 07:00:00 PM,49,30,19
04/12/2014 06:00:00 PM,59,38,21
04/12/2014 05:00:00 PM,60,31,29
04/12/2014 04:00:00 PM,54,23,31
04/12/2014 03:00:00 PM,56,29,27
04/12/2014 02:00:00 PM,38,19,19
04/12/2014 01:00:00 PM,68,27,41
04/12/2014 12:00:00 PM,87,52,35
04/12/2014 11:00:00 AM,80,43,37
04/12/2014 10:00:00 AM,39,20,19
04/12/2014 09:00:00 AM,39,17,22
04/12/2014 08:00:00 AM,25,15,10
04/12/2014 07:00:00 AM,13,7,6
04/12/2014 06:00:00 AM,5,3,2
04/12/2014 05:00:00 AM,1,1,0
04/12/2014 04:00:00 AM,0,0,0
04/12/2014 03:00:00 AM,3,2,1
04/12/2014 02:00:00 AM,2,0,2
04/12/2014 01:00:00 AM,2,2,0
04/12/2014 12:00:00 AM,0,0,0
04/11/2014 11:00:00 PM,15,12,3
04/11/2014 10:00:00 PM,14,9,5
04/11/2014 09:00:00 PM,12,10,2
04/11/2014 08:00:00 PM,30,19,11
04/11/2014 07:00:00 PM,35,17,18
04/11/2014 06:00:00 PM,64,37,27
04/11/2014 05:00:00 PM,55,30,25
04/11/2014 04:00:00 PM,42,22,20
04/11/2014 03:00:00 PM,35,22,13
04/11/2014 02:00:00 PM,45,30,15
04/11/2014 01:00:00 PM,19,11,8
04/11/2014 12:00:00 PM,41,26,15
04/11/2014 11:00:00 AM,35,15,20
04/11/2014 10:00:00 AM,36,21,15
04/11/2014 09:00:00 AM,60,45,15
04/11/2014 08:00:00 AM,40,22,18
04/11/2014 07:00:00 AM,24,17,7
04/11/2014 06:00:00 AM,2,0,2
04/11/2014 05:00:00 AM,5,4,1
04/11/2014 04:00:00 AM,0,0,0
04/11/2014 03:00:00 AM,0,0,0
04/11/2014 02:00:00 AM,2,0,2
04/11/2014 01:00:00 AM,2,0,2
04/11/2014 12:00:00 AM,3,1,2
04/10/2014 11:00:00 PM,8,6,2
04/10/2014 10:00:00 PM,10,6,4
04/10/2014 09:00:00 PM,11,5,6
04/10/2014 08:00:00 PM,9,7,2
04/10/2014 07:00:00 PM,34,23,11
04/10/2014 06:00:00 PM,46,23,23
04/10/2014 05:00:00 PM,30,20,10
04/10/2014 04:00:00 PM,28,22,6
04/10/2014 03:00:00 PM,25,12,13
04/10/2014 02:00:00 PM,40,23,17
04/10/2014 01:00:00 PM,54,30,24
04/10/2014 12:00:00 PM,55,31,24
04/10/2014 11:00:00 AM,33,12,21
04/10/2014 10:00:00 AM,39,26,13
04/10/2014 09:00:00 AM,27,18,9
04/10/2014 08:00:00 AM,40,28,12
04/10/2014 07:00:00 AM,29,20,9
04/10/2014 06:00:00 AM,9,8,1
04/10/2014 05:00:00 AM,0,0,0
04/10/2014 04:00:00 AM,2,2,0
04/10/2014 03:00:00 AM,0,0,0
04/10/2014 02:00:00 AM,2,0,2
04/10/2014 01:00:00 AM,6,2,4
04/10/2014 12:00:00 AM,2,2,0
04/09/2014 11:00:00 PM,6,5,1
04/09/2014 10:00:00 PM,10,9,1
04/09/2014 09:00:00 PM,16,9,7
04/09/2014 08:00:00 PM,23,18,5
04/09/2014 07:00:00 PM,43,21,22
04/09/2014 06:00:00 PM,54,31,23
04/09/2014 05:00:00 PM,29,20,9
04/09/2014 04:00:00 PM,29,14,15
04/09/2014 03:00:00 PM,37,28,9
04/09/2014 02:00:00 PM,34,24,10
04/09/2014 01:00:00 PM,34,21,13
04/09/2014 12:00:00 PM,32,22,10
04/09/2014 11:00:00 AM,49,31,18
04/09/2014 10:00:00 AM,22,7,15
04/09/2014 09:00:00 AM,37,23,14
04/09/2014 08:00:00 AM,19,5,14
04/09/2014 07:00:00 AM,26,12,14
04/09/2014 06:00:00 AM,10,6,4
04/09/2014 05:00:00 AM,0,0,0
04/09/2014 04:00:00 AM,0,0,0
04/09/2014 03:00:00 AM,0,0,0
04/09/2014 02:00:00 AM,4,0,4
04/09/2014 01:00:00 AM,2,0,2
04/09/2014 12:00:00 AM,2,2,0
04/08/2014 11:00:00 PM,4,3,1
04/08/2014 10:00:00 PM,10,4,6
04/08/2014 09:00:00 PM,8,3,5
04/08/2014 08:00:00 PM,9,8,1
04/08/2014 07:00:00 PM,36,12,24
04/08/2014 06:00:00 PM,28,13,15
04/08/2014 05:00:00 PM,25,11,14
04/08/2014 04:00:00 PM,43,19,24
04/08/2014 03:00:00 PM,35,24,11
04/08/2014 02:00:00 PM,20,10,10
04/08/2014 01:00:00 PM,34,18,16
04/08/2014 12:00:00 PM,43,33,10
04/08/2014 11:00:00 AM,23,23,0
04/08/2014 10:00:00 AM,17,11,6
04/08/2014 09:00:00 AM,38,32,6
04/08/2014 08:00:00 AM,27,15,12
04/08/2014 07:00:00 AM,20,15,5
04/08/2014 06:00:00 AM,13,8,5
04/08/2014 05:00:00 AM,5,4,1
04/08/2014 04:00:00 AM,0,0,0
04/08/2014 03:00:00 AM,0,0,0
04/08/2014 02:00:00 AM,0,0,0
04/08/2014 01:00:00 AM,2,2,0
04/08/2014 12:00:00 AM,2,0,2
04/07/2014 11:00:00 PM,6,3,3
04/07/2014 10:00:00 PM,8,4,4
04/07/2014 09:00:00 PM,17,14,3
04/07/2014 08:00:00 PM,18,9,9
04/07/2014 07:00:00 PM,29,16,13
04/07/2014 06:00:00 PM,57,30,27
04/07/2014 05:00:00 PM,52,27,25
04/07/2014 04:00:00 PM,40,29,11
04/07/2014 03:00:00 PM,43,30,13
04/07/2014 02:00:00 PM,41,21,20
04/07/2014 01:00:00 PM,57,35,22
04/07/2014 12:00:00 PM,40,23,17
04/07/2014 11:00:00 AM,48,25,23
04/07/2014 10:00:00 AM,42,24,18
04/07/2014 09:00:00 AM,39,28,11
04/07/2014 08:00:00 AM,70,49,21
04/07/2014 07:00:00 AM,50,29,21
04/07/2014 06:00:00 AM,14,10,4
04/07/2014 05:00:00 AM,2,2,0
04/07/2014 04:00:00 AM,2,2,0
04/07/2014 03:00:00 AM,3,3,0
04/07/2014 02:00:00 AM,2,0,2
04/07/2014 01:00:00 AM,5,3,2
04/07/2014 12:00:00 AM,0,0,0
04/06/2014 11:00:00 PM,3,3,0
04/06/2014 10:00:00 PM,11,8,3
04/06/2014 09:00:00 PM,18,11,7
04/06/2014 08:00:00 PM,15,8,7
04/06/2014 07:00:00 PM,35,17,18
04/06/2014 06:00:00 PM,33,20,13
04/06/2014 05:00:00 PM,35,20,15
04/06/2014 04:00:00 PM,52,34,18
04/06/2014 03:00:00 PM,35,19,16
04/06/2014 02:00:00 PM,60,32,28
04/06/2014 01:00:00 PM,54,33,21
04/06/2014 12:00:00 PM,41,16,25
04/06/2014 11:00:00 AM,42,14,28
04/06/2014 10:00:00 AM,39,21,18
04/06/2014 09:00:00 AM,14,6,8
04/06/2014 08:00:00 AM,14,4,10
04/06/2014 07:00:00 AM,4,3,1
04/06/2014 06:00:00 AM,0,0,0
04/06/2014 05:00:00 AM,0,0,0
04/06/2014 04:00:00 AM,0,0,0
04/06/2014 03:00:00 AM,3,2,1
04/06/2014 02:00:00 AM,2,2,0
04/06/2014 01:00:00 AM,0,0,0
04/06/2014 12:00:00 AM,15,9,6
04/05/2014 11:00:00 PM,0,0,0
04/05/2014 10:00:00 PM,9,8,1
04/05/2014 09:00:00 PM,15,12,3
04/05/2014 08:00:00 PM,38,13,25
04/05/2014 07:00:00 PM,30,19,11
04/05/2014 06:00:00 PM,40,14,26
04/05/2014 05:00:00 PM,51,35,16
04/05/2014 04:00:00 PM,39,17,22
04/05/2014 03:00:00 PM,46,27,19
04/05/2014 02:00:00 PM,71,29,42
04/05/2014 01:00:00 PM,69,37,32
04/05/2014 12:00:00 PM,75,40,35
04/05/2014 11:00:00 AM,48,26,22
04/05/2014 10:00:00 AM,48,26,22
04/05/2014 09:00:00 AM,24,11,13
04/05/2014 08:00:00 AM,25,16,9
04/05/2014 07:00:00 AM,4,3,1
04/05/2014 06:00:00 AM,0,0,0
04/05/2014 05:00:00 AM,2,2,0
04/05/2014 04:00:00 AM,0,0,0
04/05/2014 03:00:00 AM,7,5,2
04/05/2014 02:00:00 AM,3,3,0
04/05/2014 01:00:00 AM,9,2,7
04/05/2014 12:00:00 AM,7,4,3
04/04/2014 11:00:00 PM,4,1,3
04/04/2014 10:00:00 PM,23,16,7
04/04/2014 09:00:00 PM,11,6,5
04/04/2014 08:00:00 PM,26,15,11
04/04/2014 07:00:00 PM,44,23,21
04/04/2014 06:00:00 PM,55,26,29
04/04/2014 05:00:00 PM,69,38,31
04/04/2014 04:00:00 PM,52,24,28
04/04/2014 03:00:00 PM,39,19,20
04/04/2014 02:00:00 PM,46,26,20
04/04/2014 01:00:00 PM,50,18,32
04/04/2014 12:00:00 PM,56,21,35
04/04/2014 11:00:00 AM,36,9,27
04/04/2014 10:00:00 AM,26,15,11
04/04/2014 09:00:00 AM,50,25,25
04/04/2014 08:00:00 AM,36,23,13
04/04/2014 07:00:00 AM,17,10,7
04/04/2014 06:00:00 AM,20,9,11
04/04/2014 05:00:00 AM,5,3,2
04/04/2014 04:00:00 AM,0,0,0
04/04/2014 03:00:00 AM,0,0,0
04/04/2014 02:00:00 AM,0,0,0
04/04/2014 01:00:00 AM,1,0,1
04/04/2014 12:00:00 AM,0,0,0
04/03/2014 11:00:00 PM,14,8,6
04/03/2014 10:00:00 PM,5,0,5
04/03/2014 09:00:00 PM,14,3,11
04/03/2014 08:00:00 PM,19,12,7
04/03/2014 07:00:00 PM,46,21,25
04/03/2014 06:00:00 PM,66,32,34
04/03/2014 05:00:00 PM,39,26,13
04/03/2014 04:00:00 PM,38,21,17
04/03/2014 03:00:00 PM,36,24,12
04/03/2014 02:00:00 PM,60,33,27
04/03/2014 01:00:00 PM,36,16,20
04/03/2014 12:00:00 PM,28,17,11
04/03/2014 11:00:00 AM,23,9,14
04/03/2014 10:00:00 AM,32,3,29
04/03/2014 09:00:00 AM,34,20,14
04/03/2014 08:00:00 AM,31,16,15
04/03/2014 07:00:00 AM,18,15,3
04/03/2014 06:00:00 AM,11,6,5
04/03/2014 05:00:00 AM,10,7,3
04/03/2014 04:00:00 AM,5,4,1
04/03/2014 03:00:00 AM,0,0,0
04/03/2014 02:00:00 AM,2,0,2
04/03/2014 01:00:00 AM,1,0,1
04/03/2014 12:00:00 AM,0,0,0
04/02/2014 11:00:00 PM,2,2,0
04/02/2014 10:00:00 PM,6,6,0
04/02/2014 09:00:00 PM,12,7,5
04/02/2014 08:00:00 PM,22,19,3
04/02/2014 07:00:00 PM,23,11,12
04/02/2014 06:00:00 PM,54,28,26
04/02/2014 05:00:00 PM,67,23,44
04/02/2014 04:00:00 PM,52,26,26
04/02/2014 03:00:00 PM,41,22,19
04/02/2014 02:00:00 PM,37,18,19
04/02/2014 01:00:00 PM,38,9,29
04/02/2014 12:00:00 PM,44,19,25
04/02/2014 11:00:00 AM,27,9,18
04/02/2014 10:00:00 AM,35,19,16
04/02/2014 09:00:00 AM,45,31,14
04/02/2014 08:00:00 AM,50,23,27
04/02/2014 07:00:00 AM,28,21,7
04/02/2014 06:00:00 AM,6,5,1
04/02/2014 05:00:00 AM,6,4,2
04/02/2014 04:00:00 AM,0,0,0
04/02/2014 03:00:00 AM,0,0,0
04/02/2014 02:00:00 AM,2,0,2
04/02/2014 01:00:00 AM,0,0,0
04/02/2014 12:00:00 AM,1,1,0
04/01/2014 11:00:00 PM,2,1,1
04/01/2014 10:00:00 PM,11,5,6
04/01/2014 09:00:00 PM,14,12,2
04/01/2014 08:00:00 PM,35,23,12
04/01/2014 07:00:00 PM,35,21,14
04/01/2014 06:00:00 PM,56,36,20
04/01/2014 05:00:00 PM,57,27,30
04/01/2014 04:00:00 PM,58,30,28
04/01/2014 03:00:00 PM,22,13,9
04/01/2014 02:00:00 PM,29,14,15
04/01/2014 01:00:00 PM,63,32,31
04/01/2014 12:00:00 PM,44,24,20
04/01/2014 11:00:00 AM,37,17,20
04/01/2014 10:00:00 AM,41,22,19
04/01/2014 09:00:00 AM,55,31,24
04/01/2014 08:00:00 AM,55,21,34
04/01/2014 07:00:00 AM,29,25,4
04/01/2014 06:00:00 AM,13,9,4
04/01/2014 05:00:00 AM,5,3,2
04/01/2014 04:00:00 AM,1,1,0
04/01/2014 03:00:00 AM,1,1,0
04/01/2014 02:00:00 AM,2,0,2
04/01/2014 01:00:00 AM,7,2,5
04/01/2014 12:00:00 AM,4,2,2
03/31/2014 11:00:00 PM,6,3,3
03/31/2014 10:00:00 PM,14,9,5
03/31/2014 09:00:00 PM,16,7,9
03/31/2014 08:00:00 PM,15,5,10
03/31/2014 07:00:00 PM,29,12,17
03/31/2014 06:00:00 PM,48,26,22
03/31/2014 05:00:00 PM,60,30,30
03/31/2014 04:00:00 PM,62,23,39
03/31/2014 03:00:00 PM,50,21,29
03/31/2014 02:00:00 PM,52,23,29
03/31/2014 01:00:00 PM,55,21,34
03/31/2014 12:00:00 PM,63,25,38
03/31/2014 11:00:00 AM,68,29,39
03/31/2014 10:00:00 AM,30,21,9
03/31/2014 09:00:00 AM,44,20,24
03/31/2014 08:00:00 AM,34,19,15
03/31/2014 07:00:00 AM,28,23,5
03/31/2014 06:00:00 AM,9,6,3
03/31/2014 05:00:00 AM,4,2,2
03/31/2014 04:00:00 AM,0,0,0
03/31/2014 03:00:00 AM,2,0,2
03/31/2014 02:00:00 AM,0,0,0
03/31/2014 01:00:00 AM,4,2,2
03/31/2014 12:00:00 AM,2,1,1
03/30/2014 11:00:00 PM,7,7,0
03/30/2014 10:00:00 PM,4,2,2
03/30/2014 09:00:00 PM,31,19,12
03/30/2014 08:00:00 PM,22,7,15
03/30/2014 07:00:00 PM,44,25,19
03/30/2014 06:00:00 PM,34,14,20
03/30/2014 05:00:00 PM,60,26,34
03/30/2014 04:00:00 PM,69,39,30
03/30/2014 03:00:00 PM,52,38,14
03/30/2014 02:00:00 PM,56,35,21
03/30/2014 01:00:00 PM,88,41,47
03/30/2014 12:00:00 PM,56,19,37
03/30/2014 11:00:00 AM,47,20,27
03/30/2014 10:00:00 AM,34,14,20
03/30/2014 09:00:00 AM,32,18,14
03/30/2014 08:00:00 AM,3,1,2
03/30/2014 07:00:00 AM,8,6,2
03/30/2014 06:00:00 AM,6,5,1
03/30/2014 05:00:00 AM,2,0,2
03/30/2014 04:00:00 AM,2,2,0
03/30/2014 03:00:00 AM,0,0,0
03/30/2014 02:00:00 AM,2,1,1
03/30/2014 01:00:00 AM,6,4,2
03/30/2014 12:00:00 AM,8,6,2
03/29/2014 11:00:00 PM,2,1,1
03/29/2014 10:00:00 PM,14,4,10
03/29/2014 09:00:00 PM,21,9,12
03/29/2014 08:00:00 PM,17,8,9
03/29/2014 07:00:00 PM,42,17,25
03/29/2014 06:00:00 PM,31,15,16
03/29/2014 05:00:00 PM,40,7,33
03/29/2014 04:00:00 PM,32,13,19
03/29/2014 03:00:00 PM,33,10,23
03/29/2014 02:00:00 PM,76,37,39
03/29/2014 01:00:00 PM,33,13,20
03/29/2014 12:00:00 PM,64,31,33
03/29/2014 11:00:00 AM,61,17,44
03/29/2014 10:00:00 AM,43,21,22
03/29/2014 09:00:00 AM,35,13,22
03/29/2014 08:00:00 AM,33,13,20
03/29/2014 07:00:00 AM,2,2,0
03/29/2014 06:00:00 AM,4,2,2
03/29/2014 05:00:00 AM,0,0,0
03/29/2014 04:00:00 AM,1,1,0
03/29/2014 03:00:00 AM,2,2,0
03/29/2014 02:00:00 AM,2,2,0
03/29/2014 01:00:00 AM,0,0,0
03/29/2014 12:00:00 AM,2,2,0
03/28/2014 11:00:00 PM,12,10,2
03/28/2014 10:00:00 PM,6,6,0
03/28/2014 09:00:00 PM,23,13,10
03/28/2014 08:00:00 PM,33,13,20
03/28/2014 07:00:00 PM,45,18,27
03/28/2014 06:00:00 PM,48,22,26
03/28/2014 05:00:00 PM,60,24,36
03/28/2014 04:00:00 PM,62,29,33
03/28/2014 03:00:00 PM,36,13,23
03/28/2014 02:00:00 PM,28,10,18
03/28/2014 01:00:00 PM,28,12,16
03/28/2014 12:00:00 PM,39,15,24
03/28/2014 11:00:00 AM,32,14,18
03/28/2014 10:00:00 AM,22,9,13
03/28/2014 09:00:00 AM,30,9,21
03/28/2014 08:00:00 AM,33,15,18
03/28/2014 07:00:00 AM,22,8,14
03/28/2014 06:00:00 AM,11,7,4
03/28/2014 05:00:00 AM,8,4,4
03/28/2014 04:00:00 AM,0,0,0
03/28/2014 03:00:00 AM,2,0,2
03/28/2014 02:00:00 AM,4,0,4
03/28/2014 01:00:00 AM,0,0,0
03/28/2014 12:00:00 AM,2,0,2
03/27/2014 11:00:00 PM,9,5,4
03/27/2014 10:00:00 PM,16,13,3
03/27/2014 09:00:00 PM,8,5,3
03/27/2014 08:00:00 PM,18,12,6
03/27/2014 07:00:00 PM,51,24,27
03/27/2014 06:00:00 PM,42,18,24
03/27/2014 05:00:00 PM,50,29,21
03/27/2014 04:00:00 PM,39,26,13
03/27/2014 03:00:00 PM,62,34,28
03/27/2014 02:00:00 PM,43,29,14
03/27/2014 01:00:00 PM,29,13,16
03/27/2014 12:00:00 PM,47,20,27
03/27/2014 11:00:00 AM,38,21,17
03/27/2014 10:00:00 AM,26,14,12
03/27/2014 09:00:00 AM,40,28,12
03/27/2014 08:00:00 AM,27,4,23
03/27/2014 07:00:00 AM,20,15,5
03/27/2014 06:00:00 AM,11,8,3
03/27/2014 05:00:00 AM,2,2,0
03/27/2014 04:00:00 AM,0,0,0
03/27/2014 03:00:00 AM,2,2,0
03/27/2014 02:00:00 AM,0,0,0
03/27/2014 01:00:00 AM,4,0,4
03/27/2014 12:00:00 AM,3,2,1
03/26/2014 11:00:00 PM,5,4,1
03/26/2014 10:00:00 PM,5,2,3
03/26/2014 09:00:00 PM,14,8,6
03/26/2014 08:00:00 PM,13,6,7
03/26/2014 07:00:00 PM,29,11,18
03/26/2014 06:00:00 PM,44,15,29
03/26/2014 05:00:00 PM,35,22,13
03/26/2014 04:00:00 PM,38,23,15
03/26/2014 03:00:00 PM,29,18,11
03/26/2014 02:00:00 PM,33,17,16
03/26/2014 01:00:00 PM,38,15,23
03/26/2014 12:00:00 PM,47,28,19
03/26/2014 11:00:00 AM,37,24,13
03/26/2014 10:00:00 AM,38,20,18
03/26/2014 09:00:00 AM,26,17,9
03/26/2014 08:00:00 AM,34,25,9
03/26/2014 07:00:00 AM,21,18,3
03/26/2014 06:00:00 AM,10,6,4
03/26/2014 05:00:00 AM,6,4,2
03/26/2014 04:00:00 AM,0,0,0
03/26/2014 03:00:00 AM,0,0,0
03/26/2014 02:00:00 AM,0,0,0
03/26/2014 01:00:00 AM,2,0,2
03/26/2014 12:00:00 AM,3,0,3
03/25/2014 11:00:00 PM,7,7,0
03/25/2014 10:00:00 PM,4,1,3
03/25/2014 09:00:00 PM,16,13,3
03/25/2014 08:00:00 PM,8,6,2
03/25/2014 07:00:00 PM,40,13,27
03/25/2014 06:00:00 PM,41,17,24
03/25/2014 05:00:00 PM,52,22,30
03/25/2014 04:00:00 PM,30,18,12
03/25/2014 03:00:00 PM,34,17,17
03/25/2014 02:00:00 PM,25,17,8
03/25/2014 01:00:00 PM,32,16,16
03/25/2014 12:00:00 PM,33,16,17
03/25/2014 11:00:00 AM,27,21,6
03/25/2014 10:00:00 AM,19,12,7
03/25/2014 09:00:00 AM,26,19,7
03/25/2014 08:00:00 AM,32,14,18
03/25/2014 07:00:00 AM,26,15,11
03/25/2014 06:00:00 AM,2,1,1
03/25/2014 05:00:00 AM,0,0,0
03/25/2014 04:00:00 AM,0,0,0
03/25/2014 03:00:00 AM,0,0,0
03/25/2014 02:00:00 AM,1,1,0
03/25/2014 01:00:00 AM,0,0,0
03/25/2014 12:00:00 AM,1,0,1
03/24/2014 11:00:00 PM,13,5,8
03/24/2014 10:00:00 PM,6,6,0
03/24/2014 09:00:00 PM,2,2,0
03/24/2014 08:00:00 PM,11,4,7
03/24/2014 07:00:00 PM,35,26,9
03/24/2014 06:00:00 PM,45,27,18
03/24/2014 05:00:00 PM,60,34,26
03/24/2014 04:00:00 PM,36,21,15
03/24/2014 03:00:00 PM,33,10,23
03/24/2014 02:00:00 PM,54,34,20
03/24/2014 01:00:00 PM,27,15,12
03/24/2014 12:00:00 PM,52,29,23
03/24/2014 11:00:00 AM,35,19,16
03/24/2014 10:00:00 AM,26,12,14
03/24/2014 09:00:00 AM,24,13,11
03/24/2014 08:00:00 AM,39,22,17
03/24/2014 07:00:00 AM,30,14,16
03/24/2014 06:00:00 AM,12,11,1
03/24/2014 05:00:00 AM,10,8,2
03/24/2014 04:00:00 AM,0,0,0
03/24/2014 03:00:00 AM,1,0,1
03/24/2014 02:00:00 AM,2,0,2
03/24/2014 01:00:00 AM,2,2,0
03/24/2014 12:00:00 AM,0,0,0
03/23/2014 11:00:00 PM,7,6,1
03/23/2014 10:00:00 PM,3,3,0
03/23/2014 09:00:00 PM,12,12,0
03/23/2014 08:00:00 PM,20,16,4
03/23/2014 07:00:00 PM,18,11,7
03/23/2014 06:00:00 PM,19,11,8
03/23/2014 05:00:00 PM,40,26,14
03/23/2014 04:00:00 PM,65,38,27
03/23/2014 03:00:00 PM,72,46,26
03/23/2014 02:00:00 PM,41,21,20
03/23/2014 01:00:00 PM,74,43,31
03/23/2014 12:00:00 PM,74,37,37
03/23/2014 11:00:00 AM,58,30,28
03/23/2014 10:00:00 AM,43,24,19
03/23/2014 09:00:00 AM,18,15,3
03/23/2014 08:00:00 AM,13,8,5
03/23/2014 07:00:00 AM,4,0,4
03/23/2014 06:00:00 AM,0,0,0
03/23/2014 05:00:00 AM,0,0,0
03/23/2014 04:00:00 AM,0,0,0
03/23/2014 03:00:00 AM,0,0,0
03/23/2014 02:00:00 AM,3,3,0
03/23/2014 01:00:00 AM,3,0,3
03/23/2014 12:00:00 AM,3,3,0
03/22/2014 11:00:00 PM,4,2,2
03/22/2014 10:00:00 PM,11,11,0
03/22/2014 09:00:00 PM,11,6,5
03/22/2014 08:00:00 PM,21,18,3
03/22/2014 07:00:00 PM,23,15,8
03/22/2014 06:00:00 PM,34,19,15
03/22/2014 05:00:00 PM,29,18,11
03/22/2014 04:00:00 PM,30,16,14
03/22/2014 03:00:00 PM,52,25,27
03/22/2014 02:00:00 PM,57,29,28
03/22/2014 01:00:00 PM,68,47,21
03/22/2014 12:00:00 PM,51,32,19
03/22/2014 11:00:00 AM,39,20,19
03/22/2014 10:00:00 AM,53,20,33
03/22/2014 09:00:00 AM,28,20,8
03/22/2014 08:00:00 AM,12,3,9
03/22/2014 07:00:00 AM,11,8,3
03/22/2014 06:00:00 AM,0,0,0
03/22/2014 05:00:00 AM,2,2,0
03/22/2014 04:00:00 AM,2,0,2
03/22/2014 03:00:00 AM,0,0,0
03/22/2014 02:00:00 AM,2,2,0
03/22/2014 01:00:00 AM,7,4,3
03/22/2014 12:00:00 AM,6,5,1
03/21/2014 11:00:00 PM,8,8,0
03/21/2014 10:00:00 PM,15,12,3
03/21/2014 09:00:00 PM,18,16,2
03/21/2014 08:00:00 PM,33,25,8
03/21/2014 07:00:00 PM,35,24,11
03/21/2014 06:00:00 PM,49,26,23
03/21/2014 05:00:00 PM,50,29,21
03/21/2014 04:00:00 PM,34,16,18
03/21/2014 03:00:00 PM,28,20,8
03/21/2014 02:00:00 PM,28,16,12
03/21/2014 01:00:00 PM,33,26,7
03/21/2014 12:00:00 PM,47,28,19
03/21/2014 11:00:00 AM,37,26,11
03/21/2014 10:00:00 AM,40,30,10
03/21/2014 09:00:00 AM,31,22,9
03/21/2014 08:00:00 AM,30,20,10
03/21/2014 07:00:00 AM,18,14,4
03/21/2014 06:00:00 AM,4,0,4
03/21/2014 05:00:00 AM,6,4,2
03/21/2014 04:00:00 AM,2,2,0
03/21/2014 03:00:00 AM,0,0,0
03/21/2014 02:00:00 AM,2,2,0
03/21/2014 01:00:00 AM,0,0,0
03/21/2014 12:00:00 AM,2,2,0
03/20/2014 11:00:00 PM,9,9,0
03/20/2014 10:00:00 PM,6,6,0
03/20/2014 09:00:00 PM,21,14,7
03/20/2014 08:00:00 PM,26,13,13
03/20/2014 07:00:00 PM,36,20,16
03/20/2014 06:00:00 PM,70,37,33
03/20/2014 05:00:00 PM,29,17,12
03/20/2014 04:00:00 PM,30,16,14
03/20/2014 03:00:00 PM,32,21,11
03/20/2014 02:00:00 PM,44,21,23
03/20/2014 01:00:00 PM,36,22,14
03/20/2014 12:00:00 PM,32,15,17
03/20/2014 11:00:00 AM,20,11,9
03/20/2014 10:00:00 AM,34,16,18
03/20/2014 09:00:00 AM,24,15,9
03/20/2014 08:00:00 AM,38,24,14
03/20/2014 07:00:00 AM,18,13,5
03/20/2014 06:00:00 AM,1,0,1
03/20/2014 05:00:00 AM,5,5,0
03/20/2014 04:00:00 AM,2,2,0
03/20/2014 03:00:00 AM,0,0,0
03/20/2014 02:00:00 AM,0,0,0
03/20/2014 01:00:00 AM,0,0,0
03/20/2014 12:00:00 AM,2,0,2
03/19/2014 11:00:00 PM,5,3,2
03/19/2014 10:00:00 PM,3,0,3
03/19/2014 09:00:00 PM,12,8,4
03/19/2014 08:00:00 PM,20,11,9
03/19/2014 07:00:00 PM,32,15,17
03/19/2014 06:00:00 PM,32,19,13
03/19/2014 05:00:00 PM,41,26,15
03/19/2014 04:00:00 PM,31,17,14
03/19/2014 03:00:00 PM,20,10,10
03/19/2014 02:00:00 PM,31,18,13
03/19/2014 01:00:00 PM,22,9,13
03/19/2014 12:00:00 PM,38,25,13
03/19/2014 11:00:00 AM,25,7,18
03/19/2014 10:00:00 AM,30,17,13
03/19/2014 09:00:00 AM,31,8,23
03/19/2014 08:00:00 AM,30,13,17
03/19/2014 07:00:00 AM,23,18,5
03/19/2014 06:00:00 AM,14,10,4
03/19/2014 05:00:00 AM,8,5,3
03/19/2014 04:00:00 AM,0,0,0
03/19/2014 03:00:00 AM,2,1,1
03/19/2014 02:00:00 AM,4,2,2
03/19/2014 01:00:00 AM,4,2,2
03/19/2014 12:00:00 AM,4,2,2
03/18/2014 11:00:00 PM,5,3,2
03/18/2014 10:00:00 PM,0,0,0
03/18/2014 09:00:00 PM,13,7,6
03/18/2014 08:00:00 PM,16,12,4
03/18/2014 07:00:00 PM,37,14,23
03/18/2014 06:00:00 PM,39,17,22
03/18/2014 05:00:00 PM,48,32,16
03/18/2014 04:00:00 PM,51,29,22
03/18/2014 03:00:00 PM,48,29,19
03/18/2014 02:00:00 PM,34,17,17
03/18/2014 01:00:00 PM,19,10,9
03/18/2014 12:00:00 PM,39,20,19
03/18/2014 11:00:00 AM,36,18,18
03/18/2014 10:00:00 AM,12,5,7
03/18/2014 09:00:00 AM,30,13,17
03/18/2014 08:00:00 AM,37,24,13
03/18/2014 07:00:00 AM,20,10,10
03/18/2014 06:00:00 AM,6,5,1
03/18/2014 05:00:00 AM,11,4,7
03/18/2014 04:00:00 AM,4,3,1
03/18/2014 03:00:00 AM,0,0,0
03/18/2014 02:00:00 AM,1,0,1
03/18/2014 01:00:00 AM,0,0,0
03/18/2014 12:00:00 AM,3,2,1
03/17/2014 11:00:00 PM,4,3,1
03/17/2014 10:00:00 PM,8,5,3
03/17/2014 09:00:00 PM,6,6,0
03/17/2014 08:00:00 PM,29,14,15
03/17/2014 07:00:00 PM,35,15,20
03/17/2014 06:00:00 PM,42,17,25
03/17/2014 05:00:00 PM,54,14,40
03/17/2014 04:00:00 PM,50,30,20
03/17/2014 03:00:00 PM,37,17,20
03/17/2014 02:00:00 PM,36,12,24
03/17/2014 01:00:00 PM,39,17,22
03/17/2014 12:00:00 PM,46,21,25
03/17/2014 11:00:00 AM,46,23,23
03/17/2014 10:00:00 AM,20,8,12
03/17/2014 09:00:00 AM,50,22,28
03/17/2014 08:00:00 AM,37,21,16
03/17/2014 07:00:00 AM,25,16,9
03/17/2014 06:00:00 AM,8,5,3
03/17/2014 05:00:00 AM,1,0,1
03/17/2014 04:00:00 AM,0,0,0
03/17/2014 03:00:00 AM,0,0,0
03/17/2014 02:00:00 AM,0,0,0
03/17/2014 01:00:00 AM,2,0,2
03/17/2014 12:00:00 AM,1,0,1
03/16/2014 11:00:00 PM,11,8,3
03/16/2014 10:00:00 PM,3,3,0
03/16/2014 09:00:00 PM,7,6,1
03/16/2014 08:00:00 PM,6,6,0
03/16/2014 07:00:00 PM,28,16,12
03/16/2014 06:00:00 PM,26,12,14
03/16/2014 05:00:00 PM,37,26,11
03/16/2014 04:00:00 PM,37,17,20
03/16/2014 03:00:00 PM,34,14,20
03/16/2014 02:00:00 PM,43,18,25
03/16/2014 01:00:00 PM,74,42,32
03/16/2014 12:00:00 PM,39,25,14
03/16/2014 11:00:00 AM,45,21,24
03/16/2014 10:00:00 AM,17,12,5
03/16/2014 09:00:00 AM,16,10,6
03/16/2014 08:00:00 AM,7,3,4
03/16/2014 07:00:00 AM,6,6,0
03/16/2014 06:00:00 AM,1,1,0
03/16/2014 05:00:00 AM,0,0,0
03/16/2014 04:00:00 AM,0,0,0
03/16/2014 03:00:00 AM,0,0,0
03/16/2014 02:00:00 AM,2,2,0
03/16/2014 01:00:00 AM,7,5,2
03/16/2014 12:00:00 AM,11,7,4
03/15/2014 11:00:00 PM,10,4,6
03/15/2014 10:00:00 PM,18,8,10
03/15/2014 09:00:00 PM,33,15,18
03/15/2014 08:00:00 PM,9,7,2
03/15/2014 07:00:00 PM,26,12,14
03/15/2014 06:00:00 PM,40,20,20
03/15/2014 05:00:00 PM,40,13,27
03/15/2014 04:00:00 PM,41,21,20
03/15/2014 03:00:00 PM,63,34,29
03/15/2014 02:00:00 PM,53,30,23
03/15/2014 01:00:00 PM,40,19,21
03/15/2014 12:00:00 PM,56,35,21
03/15/2014 11:00:00 AM,51,29,22
03/15/2014 10:00:00 AM,31,16,15
03/15/2014 09:00:00 AM,33,24,9
03/15/2014 08:00:00 AM,11,2,9
03/15/2014 07:00:00 AM,9,4,5
03/15/2014 06:00:00 AM,4,4,0
03/15/2014 05:00:00 AM,10,6,4
03/15/2014 04:00:00 AM,2,0,2
03/15/2014 03:00:00 AM,2,2,0
03/15/2014 02:00:00 AM,0,0,0
03/15/2014 01:00:00 AM,2,2,0
03/15/2014 12:00:00 AM,4,4,0
03/14/2014 11:00:00 PM,11,9,2
03/14/2014 10:00:00 PM,10,8,2
03/14/2014 09:00:00 PM,10,3,7
03/14/2014 08:00:00 PM,43,33,10
03/14/2014 07:00:00 PM,36,20,16
03/14/2014 06:00:00 PM,52,26,26
03/14/2014 05:00:00 PM,46,28,18
03/14/2014 04:00:00 PM,46,24,22
03/14/2014 03:00:00 PM,38,30,8
03/14/2014 02:00:00 PM,47,25,22
03/14/2014 01:00:00 PM,48,19,29
03/14/2014 12:00:00 PM,49,17,32
03/14/2014 11:00:00 AM,35,15,20
03/14/2014 10:00:00 AM,42,18,24
03/14/2014 09:00:00 AM,40,21,19
03/14/2014 08:00:00 AM,32,21,11
03/14/2014 07:00:00 AM,34,29,5
03/14/2014 06:00:00 AM,12,9,3
03/14/2014 05:00:00 AM,2,2,0
03/14/2014 04:00:00 AM,2,0,2
03/14/2014 03:00:00 AM,1,0,1
03/14/2014 02:00:00 AM,4,0,4
03/14/2014 01:00:00 AM,2,2,0
03/14/2014 12:00:00 AM,0,0,0
03/13/2014 11:00:00 PM,8,6,2
03/13/2014 10:00:00 PM,16,13,3
03/13/2014 09:00:00 PM,14,9,5
03/13/2014 08:00:00 PM,34,23,11
03/13/2014 07:00:00 PM,25,7,18
03/13/2014 06:00:00 PM,72,48,24
03/13/2014 05:00:00 PM,49,33,16
03/13/2014 04:00:00 PM,46,22,24
03/13/2014 03:00:00 PM,48,35,13
03/13/2014 02:00:00 PM,43,25,18
03/13/2014 01:00:00 PM,27,17,10
03/13/2014 12:00:00 PM,48,25,23
03/13/2014 11:00:00 AM,26,15,11
03/13/2014 10:00:00 AM,24,15,9
03/13/2014 09:00:00 AM,43,21,22
03/13/2014 08:00:00 AM,35,25,10
03/13/2014 07:00:00 AM,27,23,4
03/13/2014 06:00:00 AM,16,10,6
03/13/2014 05:00:00 AM,8,0,8
03/13/2014 04:00:00 AM,0,0,0
03/13/2014 03:00:00 AM,1,0,1
03/13/2014 02:00:00 AM,3,0,3
03/13/2014 01:00:00 AM,0,0,0
03/13/2014 12:00:00 AM,2,1,1
03/12/2014 11:00:00 PM,6,6,0
03/12/2014 10:00:00 PM,9,6,3
03/12/2014 09:00:00 PM,21,16,5
03/12/2014 08:00:00 PM,16,9,7
03/12/2014 07:00:00 PM,32,13,19
03/12/2014 06:00:00 PM,40,12,28
03/12/2014 05:00:00 PM,69,36,33
03/12/2014 04:00:00 PM,35,17,18
03/12/2014 03:00:00 PM,32,16,16
03/12/2014 02:00:00 PM,48,23,25
03/12/2014 01:00:00 PM,44,26,18
03/12/2014 12:00:00 PM,50,29,21
03/12/2014 11:00:00 AM,47,21,26
03/12/2014 10:00:00 AM,33,16,17
03/12/2014 09:00:00 AM,43,26,17
03/12/2014 08:00:00 AM,18,9,9
03/12/2014 07:00:00 AM,37,30,7
03/12/2014 06:00:00 AM,14,11,3
03/12/2014 05:00:00 AM,4,4,0
03/12/2014 04:00:00 AM,0,0,0
03/12/2014 03:00:00 AM,0,0,0
03/12/2014 02:00:00 AM,1,0,1
03/12/2014 01:00:00 AM,2,0,2
03/12/2014 12:00:00 AM,3,3,0
03/11/2014 11:00:00 PM,3,3,0
03/11/2014 10:00:00 PM,11,5,6
03/11/2014 09:00:00 PM,21,13,8
03/11/2014 08:00:00 PM,20,13,7
03/11/2014 07:00:00 PM,38,24,14
03/11/2014 06:00:00 PM,47,30,17
03/11/2014 05:00:00 PM,34,14,20
03/11/2014 04:00:00 PM,43,23,20
03/11/2014 03:00:00 PM,36,24,12
03/11/2014 02:00:00 PM,32,15,17
03/11/2014 01:00:00 PM,45,20,25
03/11/2014 12:00:00 PM,40,19,21
03/11/2014 11:00:00 AM,36,16,20
03/11/2014 10:00:00 AM,23,17,6
03/11/2014 09:00:00 AM,45,30,15
03/11/2014 08:00:00 AM,33,11,22
03/11/2014 07:00:00 AM,44,28,16
03/11/2014 06:00:00 AM,20,18,2
03/11/2014 05:00:00 AM,9,3,6
03/11/2014 04:00:00 AM,0,0,0
03/11/2014 03:00:00 AM,0,0,0
03/11/2014 02:00:00 AM,2,2,0
03/11/2014 01:00:00 AM,2,0,2
03/11/2014 12:00:00 AM,0,0,0
03/10/2014 11:00:00 PM,6,3,3
03/10/2014 10:00:00 PM,5,5,0
03/10/2014 09:00:00 PM,19,10,9
03/10/2014 08:00:00 PM,14,6,8
03/10/2014 07:00:00 PM,19,8,11
03/10/2014 06:00:00 PM,41,20,21
03/10/2014 05:00:00 PM,51,22,29
03/10/2014 04:00:00 PM,39,10,29
03/10/2014 03:00:00 PM,40,18,22
03/10/2014 02:00:00 PM,42,20,22
03/10/2014 01:00:00 PM,48,18,30
03/10/2014 12:00:00 PM,28,8,20
03/10/2014 11:00:00 AM,22,10,12
03/10/2014 10:00:00 AM,27,17,10
03/10/2014 09:00:00 AM,32,21,11
03/10/2014 08:00:00 AM,43,23,20
03/10/2014 07:00:00 AM,22,13,9
03/10/2014 06:00:00 AM,12,7,5
03/10/2014 05:00:00 AM,2,0,2
03/10/2014 04:00:00 AM,0,0,0
03/10/2014 03:00:00 AM,0,0,0
03/10/2014 02:00:00 AM,2,2,0
03/10/2014 01:00:00 AM,0,0,0
03/10/2014 12:00:00 AM,2,0,2
03/09/2014 11:00:00 PM,8,2,6
03/09/2014 10:00:00 PM,13,9,4
03/09/2014 09:00:00 PM,8,4,4
03/09/2014 08:00:00 PM,26,14,12
03/09/2014 07:00:00 PM,15,8,7
03/09/2014 06:00:00 PM,34,20,14
03/09/2014 05:00:00 PM,31,21,10
03/09/2014 04:00:00 PM,46,22,24
03/09/2014 03:00:00 PM,69,41,28
03/09/2014 02:00:00 PM,98,45,53
03/09/2014 01:00:00 PM,50,26,24
03/09/2014 12:00:00 PM,50,18,32
03/09/2014 11:00:00 AM,47,18,29
03/09/2014 10:00:00 AM,24,11,13
03/09/2014 09:00:00 AM,12,8,4
03/09/2014 08:00:00 AM,0,0,0
03/09/2014 07:00:00 AM,2,0,2
03/09/2014 06:00:00 AM,0,0,0
03/09/2014 05:00:00 AM,0,0,0
03/09/2014 04:00:00 AM,0,0,0
03/09/2014 03:00:00 AM,4,2,2
03/09/2014 02:00:00 AM,0,0,0
03/09/2014 01:00:00 AM,6,2,4
03/09/2014 12:00:00 AM,6,6,0
03/08/2014 11:00:00 PM,17,4,13
03/08/2014 10:00:00 PM,14,4,10
03/08/2014 09:00:00 PM,16,2,14
03/08/2014 08:00:00 PM,46,22,24
03/08/2014 07:00:00 PM,51,22,29
03/08/2014 06:00:00 PM,38,18,20
03/08/2014 05:00:00 PM,56,23,33
03/08/2014 04:00:00 PM,50,24,26
03/08/2014 03:00:00 PM,48,7,41
03/08/2014 02:00:00 PM,72,33,39
03/08/2014 01:00:00 PM,62,26,36
03/08/2014 12:00:00 PM,80,33,47
03/08/2014 11:00:00 AM,71,35,36
03/08/2014 10:00:00 AM,40,16,24
03/08/2014 09:00:00 AM,34,22,12
03/08/2014 08:00:00 AM,19,13,6
03/08/2014 07:00:00 AM,9,1,8
03/08/2014 06:00:00 AM,2,2,0
03/08/2014 05:00:00 AM,2,2,0
03/08/2014 04:00:00 AM,0,0,0
03/08/2014 03:00:00 AM,2,0,2
03/08/2014 02:00:00 AM,8,6,2
03/08/2014 01:00:00 AM,2,2,0
03/08/2014 12:00:00 AM,7,4,3
03/07/2014 11:00:00 PM,0,0,0
03/07/2014 10:00:00 PM,12,5,7
03/07/2014 09:00:00 PM,17,13,4
03/07/2014 08:00:00 PM,22,16,6
03/07/2014 07:00:00 PM,40,24,16
03/07/2014 06:00:00 PM,50,31,19
03/07/2014 05:00:00 PM,41,20,21
03/07/2014 04:00:00 PM,48,27,21
03/07/2014 03:00:00 PM,45,28,17
03/07/2014 02:00:00 PM,58,33,25
03/07/2014 01:00:00 PM,40,27,13
03/07/2014 12:00:00 PM,40,20,20
03/07/2014 11:00:00 AM,48,18,30
03/07/2014 10:00:00 AM,32,13,19
03/07/2014 09:00:00 AM,41,24,17
03/07/2014 08:00:00 AM,39,17,22
03/07/2014 07:00:00 AM,34,24,10
03/07/2014 06:00:00 AM,5,4,1
03/07/2014 05:00:00 AM,0,0,0
03/07/2014 04:00:00 AM,0,0,0
03/07/2014 03:00:00 AM,2,0,2
03/07/2014 02:00:00 AM,4,2,2
03/07/2014 01:00:00 AM,1,1,0
03/07/2014 12:00:00 AM,2,2,0
03/06/2014 11:00:00 PM,6,4,2
03/06/2014 10:00:00 PM,9,9,0
03/06/2014 09:00:00 PM,13,11,2
03/06/2014 08:00:00 PM,28,10,18
03/06/2014 07:00:00 PM,26,7,19
03/06/2014 06:00:00 PM,48,17,31
03/06/2014 05:00:00 PM,47,20,27
03/06/2014 04:00:00 PM,46,22,24
03/06/2014 03:00:00 PM,49,28,21
03/06/2014 02:00:00 PM,39,20,19
03/06/2014 01:00:00 PM,25,12,13
03/06/2014 12:00:00 PM,52,23,29
03/06/2014 11:00:00 AM,38,20,18
03/06/2014 10:00:00 AM,24,9,15
03/06/2014 09:00:00 AM,43,27,16
03/06/2014 08:00:00 AM,21,14,7
03/06/2014 07:00:00 AM,22,7,15
03/06/2014 06:00:00 AM,9,3,6
03/06/2014 05:00:00 AM,2,0,2
03/06/2014 04:00:00 AM,0,0,0
03/06/2014 03:00:00 AM,0,0,0
03/06/2014 02:00:00 AM,0,0,0
03/06/2014 01:00:00 AM,0,0,0
03/06/2014 12:00:00 AM,0,0,0
03/05/2014 11:00:00 PM,15,5,10
03/05/2014 10:00:00 PM,11,7,4
03/05/2014 09:00:00 PM,13,9,4
03/05/2014 08:00:00 PM,16,5,11
03/05/2014 07:00:00 PM,28,15,13
03/05/2014 06:00:00 PM,47,27,20
03/05/2014 05:00:00 PM,51,29,22
03/05/2014 04:00:00 PM,28,12,16
03/05/2014 03:00:00 PM,29,16,13
03/05/2014 02:00:00 PM,32,13,19
03/05/2014 01:00:00 PM,35,21,14
03/05/2014 12:00:00 PM,37,16,21
03/05/2014 11:00:00 AM,41,21,20
03/05/2014 10:00:00 AM,33,19,14
03/05/2014 09:00:00 AM,54,22,32
03/05/2014 08:00:00 AM,36,24,12
03/05/2014 07:00:00 AM,29,20,9
03/05/2014 06:00:00 AM,14,6,8
03/05/2014 05:00:00 AM,5,1,4
03/05/2014 04:00:00 AM,0,0,0
03/05/2014 03:00:00 AM,2,1,1
03/05/2014 02:00:00 AM,2,2,0
03/05/2014 01:00:00 AM,2,2,0
03/05/2014 12:00:00 AM,3,2,1
03/04/2014 11:00:00 PM,1,1,0
03/04/2014 10:00:00 PM,5,5,0
03/04/2014 09:00:00 PM,15,9,6
03/04/2014 08:00:00 PM,11,7,4
03/04/2014 07:00:00 PM,24,7,17
03/04/2014 06:00:00 PM,26,10,16
03/04/2014 05:00:00 PM,64,29,35
03/04/2014 04:00:00 PM,40,17,23
03/04/2014 03:00:00 PM,43,17,26
03/04/2014 02:00:00 PM,22,10,12
03/04/2014 01:00:00 PM,36,18,18
03/04/2014 12:00:00 PM,48,17,31
03/04/2014 11:00:00 AM,25,13,12
03/04/2014 10:00:00 AM,28,15,13
03/04/2014 09:00:00 AM,41,21,20
03/04/2014 08:00:00 AM,43,24,19
03/04/2014 07:00:00 AM,28,21,7
03/04/2014 06:00:00 AM,2,2,0
03/04/2014 05:00:00 AM,5,2,3
03/04/2014 04:00:00 AM,0,0,0
03/04/2014 03:00:00 AM,0,0,0
03/04/2014 02:00:00 AM,2,0,2
03/04/2014 01:00:00 AM,0,0,0
03/04/2014 12:00:00 AM,0,0,0
03/03/2014 11:00:00 PM,7,4,3
03/03/2014 10:00:00 PM,2,2,0
03/03/2014 09:00:00 PM,9,7,2
03/03/2014 08:00:00 PM,28,16,12
03/03/2014 07:00:00 PM,23,10,13
03/03/2014 06:00:00 PM,33,17,16
03/03/2014 05:00:00 PM,57,25,32
03/03/2014 04:00:00 PM,33,11,22
03/03/2014 03:00:00 PM,47,26,21
03/03/2014 02:00:00 PM,44,23,21
03/03/2014 01:00:00 PM,34,25,9
03/03/2014 12:00:00 PM,28,9,19
03/03/2014 11:00:00 AM,48,15,33
03/03/2014 10:00:00 AM,45,22,23
03/03/2014 09:00:00 AM,33,10,23
03/03/2014 08:00:00 AM,19,8,11
03/03/2014 07:00:00 AM,32,24,8
03/03/2014 06:00:00 AM,7,5,2
03/03/2014 05:00:00 AM,6,4,2
03/03/2014 04:00:00 AM,2,2,0
03/03/2014 03:00:00 AM,2,1,1
03/03/2014 02:00:00 AM,0,0,0
03/03/2014 01:00:00 AM,0,0,0
03/03/2014 12:00:00 AM,0,0,0
03/02/2014 11:00:00 PM,0,0,0
03/02/2014 10:00:00 PM,10,4,6
03/02/2014 09:00:00 PM,16,3,13
03/02/2014 08:00:00 PM,14,6,8
03/02/2014 07:00:00 PM,15,6,9
03/02/2014 06:00:00 PM,18,7,11
03/02/2014 05:00:00 PM,37,8,29
03/02/2014 04:00:00 PM,39,3,36
03/02/2014 03:00:00 PM,43,25,18
03/02/2014 02:00:00 PM,53,28,25
03/02/2014 01:00:00 PM,53,28,25
03/02/2014 12:00:00 PM,50,24,26
03/02/2014 11:00:00 AM,35,14,21
03/02/2014 10:00:00 AM,18,8,10
03/02/2014 09:00:00 AM,31,15,16
03/02/2014 08:00:00 AM,8,3,5
03/02/2014 07:00:00 AM,9,4,5
03/02/2014 06:00:00 AM,3,0,3
03/02/2014 05:00:00 AM,3,1,2
03/02/2014 04:00:00 AM,4,0,4
03/02/2014 03:00:00 AM,2,2,0
03/02/2014 02:00:00 AM,2,2,0
03/02/2014 01:00:00 AM,8,3,5
03/02/2014 12:00:00 AM,6,4,2
03/01/2014 11:00:00 PM,5,4,1
03/01/2014 10:00:00 PM,6,3,3
03/01/2014 09:00:00 PM,19,9,10
03/01/2014 08:00:00 PM,11,9,2
03/01/2014 07:00:00 PM,42,24,18
03/01/2014 06:00:00 PM,43,27,16
03/01/2014 05:00:00 PM,21,15,6
03/01/2014 04:00:00 PM,49,18,31
03/01/2014 03:00:00 PM,45,20,25
03/01/2014 02:00:00 PM,47,26,21
03/01/2014 01:00:00 PM,65,38,27
03/01/2014 12:00:00 PM,91,49,42
03/01/2014 11:00:00 AM,70,29,41
03/01/2014 10:00:00 AM,35,11,24
03/01/2014 09:00:00 AM,29,20,9
03/01/2014 08:00:00 AM,13,6,7
03/01/2014 07:00:00 AM,9,5,4
03/01/2014 06:00:00 AM,2,2,0
03/01/2014 05:00:00 AM,0,0,0
03/01/2014 04:00:00 AM,6,2,4
03/01/2014 03:00:00 AM,0,0,0
03/01/2014 02:00:00 AM,4,2,2
03/01/2014 01:00:00 AM,4,4,0
03/01/2014 12:00:00 AM,8,5,3
02/28/2014 11:00:00 PM,3,2,1
02/28/2014 10:00:00 PM,6,3,3
02/28/2014 09:00:00 PM,20,12,8
02/28/2014 08:00:00 PM,24,18,6
02/28/2014 07:00:00 PM,30,19,11
02/28/2014 06:00:00 PM,47,29,18
02/28/2014 05:00:00 PM,56,34,22
02/28/2014 04:00:00 PM,47,22,25
02/28/2014 03:00:00 PM,42,22,20
02/28/2014 02:00:00 PM,36,21,15
02/28/2014 01:00:00 PM,36,13,23
02/28/2014 12:00:00 PM,57,31,26
02/28/2014 11:00:00 AM,54,34,20
02/28/2014 10:00:00 AM,40,19,21
02/28/2014 09:00:00 AM,41,20,21
02/28/2014 08:00:00 AM,58,31,27
02/28/2014 07:00:00 AM,33,19,14
02/28/2014 06:00:00 AM,16,9,7
02/28/2014 05:00:00 AM,3,0,3
02/28/2014 04:00:00 AM,2,0,2
02/28/2014 03:00:00 AM,2,0,2
02/28/2014 02:00:00 AM,6,0,6
02/28/2014 01:00:00 AM,3,0,3
02/28/2014 12:00:00 AM,6,2,4
02/27/2014 11:00:00 PM,16,6,10
02/27/2014 10:00:00 PM,9,6,3
02/27/2014 09:00:00 PM,21,19,2
02/27/2014 08:00:00 PM,23,14,9
02/27/2014 07:00:00 PM,30,16,14
02/27/2014 06:00:00 PM,50,30,20
02/27/2014 05:00:00 PM,51,20,31
02/27/2014 04:00:00 PM,63,29,34
02/27/2014 03:00:00 PM,47,19,28
02/27/2014 02:00:00 PM,30,16,14
02/27/2014 01:00:00 PM,40,20,20
02/27/2014 12:00:00 PM,52,23,29
02/27/2014 11:00:00 AM,30,15,15
02/27/2014 10:00:00 AM,48,19,29
02/27/2014 09:00:00 AM,47,26,21
02/27/2014 08:00:00 AM,41,22,19
02/27/2014 07:00:00 AM,20,11,9
02/27/2014 06:00:00 AM,13,6,7
02/27/2014 05:00:00 AM,6,2,4
02/27/2014 04:00:00 AM,0,0,0
02/27/2014 03:00:00 AM,2,0,2
02/27/2014 02:00:00 AM,1,0,1
02/27/2014 01:00:00 AM,0,0,0
02/27/2014 12:00:00 AM,4,2,2
02/26/2014 11:00:00 PM,2,2,0
02/26/2014 10:00:00 PM,4,4,0
02/26/2014 09:00:00 PM,16,12,4
02/26/2014 08:00:00 PM,11,10,1
02/26/2014 07:00:00 PM,10,3,7
02/26/2014 06:00:00 PM,24,15,9
02/26/2014 05:00:00 PM,42,24,18
02/26/2014 04:00:00 PM,52,32,20
02/26/2014 03:00:00 PM,33,16,17
02/26/2014 02:00:00 PM,42,23,19
02/26/2014 01:00:00 PM,52,29,23
02/26/2014 12:00:00 PM,27,9,18
02/26/2014 11:00:00 AM,46,19,27
02/26/2014 10:00:00 AM,27,15,12
02/26/2014 09:00:00 AM,39,19,20
02/26/2014 08:00:00 AM,38,19,19
02/26/2014 07:00:00 AM,38,28,10
02/26/2014 06:00:00 AM,12,6,6
02/26/2014 05:00:00 AM,2,1,1
02/26/2014 04:00:00 AM,0,0,0
02/26/2014 03:00:00 AM,0,0,0
02/26/2014 02:00:00 AM,0,0,0
02/26/2014 01:00:00 AM,4,4,0
02/26/2014 12:00:00 AM,0,0,0
02/25/2014 11:00:00 PM,1,1,0
02/25/2014 10:00:00 PM,4,4,0
02/25/2014 09:00:00 PM,10,8,2
02/25/2014 08:00:00 PM,4,3,1
02/25/2014 07:00:00 PM,31,23,8
02/25/2014 06:00:00 PM,49,20,29
02/25/2014 05:00:00 PM,64,28,36
02/25/2014 04:00:00 PM,41,20,21
02/25/2014 03:00:00 PM,24,11,13
02/25/2014 02:00:00 PM,30,21,9
02/25/2014 01:00:00 PM,48,24,24
02/25/2014 12:00:00 PM,51,23,28
02/25/2014 11:00:00 AM,31,14,17
02/25/2014 10:00:00 AM,39,20,19
02/25/2014 09:00:00 AM,49,24,25
02/25/2014 08:00:00 AM,48,23,25
02/25/2014 07:00:00 AM,22,16,6
02/25/2014 06:00:00 AM,4,2,2
02/25/2014 05:00:00 AM,4,0,4
02/25/2014 04:00:00 AM,0,0,0
02/25/2014 03:00:00 AM,0,0,0
02/25/2014 02:00:00 AM,0,0,0
02/25/2014 01:00:00 AM,0,0,0
02/25/2014 12:00:00 AM,0,0,0
02/24/2014 11:00:00 PM,4,2,2
02/24/2014 10:00:00 PM,14,9,5
02/24/2014 09:00:00 PM,11,6,5
02/24/2014 08:00:00 PM,16,15,1
02/24/2014 07:00:00 PM,34,21,13
02/24/2014 06:00:00 PM,39,21,18
02/24/2014 05:00:00 PM,56,28,28
02/24/2014 04:00:00 PM,30,12,18
02/24/2014 03:00:00 PM,22,8,14
02/24/2014 02:00:00 PM,30,16,14
02/24/2014 01:00:00 PM,30,16,14
02/24/2014 12:00:00 PM,39,26,13
02/24/2014 11:00:00 AM,25,14,11
02/24/2014 10:00:00 AM,22,9,13
02/24/2014 09:00:00 AM,36,21,15
02/24/2014 08:00:00 AM,42,18,24
02/24/2014 07:00:00 AM,15,6,9
02/24/2014 06:00:00 AM,7,4,3
02/24/2014 05:00:00 AM,9,2,7
02/24/2014 04:00:00 AM,0,0,0
02/24/2014 03:00:00 AM,0,0,0
02/24/2014 02:00:00 AM,0,0,0
02/24/2014 01:00:00 AM,7,1,6
02/24/2014 12:00:00 AM,1,1,0
02/23/2014 11:00:00 PM,4,2,2
02/23/2014 10:00:00 PM,10,4,6
02/23/2014 09:00:00 PM,17,11,6
02/23/2014 08:00:00 PM,18,14,4
02/23/2014 07:00:00 PM,25,11,14
02/23/2014 06:00:00 PM,33,17,16
02/23/2014 05:00:00 PM,48,18,30
02/23/2014 04:00:00 PM,36,14,22
02/23/2014 03:00:00 PM,44,23,21
02/23/2014 02:00:00 PM,65,38,27
02/23/2014 01:00:00 PM,66,38,28
02/23/2014 12:00:00 PM,61,28,33
02/23/2014 11:00:00 AM,68,31,37
02/23/2014 10:00:00 AM,45,29,16
02/23/2014 09:00:00 AM,10,4,6
02/23/2014 08:00:00 AM,23,15,8
02/23/2014 07:00:00 AM,5,0,5
02/23/2014 06:00:00 AM,3,2,1
02/23/2014 05:00:00 AM,0,0,0
02/23/2014 04:00:00 AM,4,0,4
02/23/2014 03:00:00 AM,1,0,1
02/23/2014 02:00:00 AM,2,0,2
02/23/2014 01:00:00 AM,9,2,7
02/23/2014 12:00:00 AM,14,7,7
02/22/2014 11:00:00 PM,5,0,5
02/22/2014 10:00:00 PM,14,6,8
02/22/2014 09:00:00 PM,20,10,10
02/22/2014 08:00:00 PM,39,13,26
02/22/2014 07:00:00 PM,43,25,18
02/22/2014 06:00:00 PM,48,27,21
02/22/2014 05:00:00 PM,78,37,41
02/22/2014 04:00:00 PM,42,17,25
02/22/2014 03:00:00 PM,61,22,39
02/22/2014 02:00:00 PM,104,44,60
02/22/2014 01:00:00 PM,53,26,27
02/22/2014 12:00:00 PM,68,30,38
02/22/2014 11:00:00 AM,57,22,35
02/22/2014 10:00:00 AM,42,17,25
02/22/2014 09:00:00 AM,38,19,19
02/22/2014 08:00:00 AM,16,4,12
02/22/2014 07:00:00 AM,9,4,5
02/22/2014 06:00:00 AM,4,2,2
02/22/2014 05:00:00 AM,3,2,1
02/22/2014 04:00:00 AM,2,0,2
02/22/2014 03:00:00 AM,4,2,2
02/22/2014 02:00:00 AM,4,2,2
02/22/2014 01:00:00 AM,8,1,7
02/22/2014 12:00:00 AM,7,5,2
02/21/2014 11:00:00 PM,14,4,10
02/21/2014 10:00:00 PM,8,1,7
02/21/2014 09:00:00 PM,22,13,9
02/21/2014 08:00:00 PM,37,17,20
02/21/2014 07:00:00 PM,23,14,9
02/21/2014 06:00:00 PM,40,24,16
02/21/2014 05:00:00 PM,41,27,14
02/21/2014 04:00:00 PM,26,5,21
02/21/2014 03:00:00 PM,48,25,23
02/21/2014 02:00:00 PM,33,16,17
02/21/2014 01:00:00 PM,45,27,18
02/21/2014 12:00:00 PM,46,24,22
02/21/2014 11:00:00 AM,24,9,15
02/21/2014 10:00:00 AM,19,13,6
02/21/2014 09:00:00 AM,33,15,18
02/21/2014 08:00:00 AM,17,10,7
02/21/2014 07:00:00 AM,39,22,17
02/21/2014 06:00:00 AM,13,6,7
02/21/2014 05:00:00 AM,3,0,3
02/21/2014 04:00:00 AM,0,0,0
02/21/2014 03:00:00 AM,2,2,0
02/21/2014 02:00:00 AM,2,0,2
02/21/2014 01:00:00 AM,7,4,3
02/21/2014 12:00:00 AM,1,0,1
02/20/2014 11:00:00 PM,6,6,0
02/20/2014 10:00:00 PM,11,5,6
02/20/2014 09:00:00 PM,12,11,1
02/20/2014 08:00:00 PM,31,20,11
02/20/2014 07:00:00 PM,38,21,17
02/20/2014 06:00:00 PM,25,12,13
02/20/2014 05:00:00 PM,55,25,30
02/20/2014 04:00:00 PM,21,13,8
02/20/2014 03:00:00 PM,27,10,17
02/20/2014 02:00:00 PM,49,33,16
02/20/2014 01:00:00 PM,36,21,15
02/20/2014 12:00:00 PM,50,26,24
02/20/2014 11:00:00 AM,42,20,22
02/20/2014 10:00:00 AM,27,18,9
02/20/2014 09:00:00 AM,30,15,15
02/20/2014 08:00:00 AM,29,18,11
02/20/2014 07:00:00 AM,28,16,12
02/20/2014 06:00:00 AM,8,4,4
02/20/2014 05:00:00 AM,2,2,0
02/20/2014 04:00:00 AM,0,0,0
02/20/2014 03:00:00 AM,0,0,0
02/20/2014 02:00:00 AM,1,0,1
02/20/2014 01:00:00 AM,0,0,0
02/20/2014 12:00:00 AM,3,0,3
02/19/2014 11:00:00 PM,12,4,8
02/19/2014 10:00:00 PM,8,3,5
02/19/2014 09:00:00 PM,14,12,2
02/19/2014 08:00:00 PM,16,13,3
02/19/2014 07:00:00 PM,26,18,8
02/19/2014 06:00:00 PM,44,25,19
02/19/2014 05:00:00 PM,36,18,18
02/19/2014 04:00:00 PM,17,8,9
02/19/2014 03:00:00 PM,28,17,11
02/19/2014 02:00:00 PM,39,24,15
02/19/2014 01:00:00 PM,43,16,27
02/19/2014 12:00:00 PM,30,10,20
02/19/2014 11:00:00 AM,50,22,28
02/19/2014 10:00:00 AM,47,27,20
02/19/2014 09:00:00 AM,33,14,19
02/19/2014 08:00:00 AM,46,22,24
02/19/2014 07:00:00 AM,21,15,6
02/19/2014 06:00:00 AM,11,5,6
02/19/2014 05:00:00 AM,4,0,4
02/19/2014 04:00:00 AM,0,0,0
02/19/2014 03:00:00 AM,2,2,0
02/19/2014 02:00:00 AM,2,0,2
02/19/2014 01:00:00 AM,6,2,4
02/19/2014 12:00:00 AM,2,0,2
02/18/2014 11:00:00 PM,4,0,4
02/18/2014 10:00:00 PM,6,5,1
02/18/2014 09:00:00 PM,12,10,2
02/18/2014 08:00:00 PM,24,12,12
02/18/2014 07:00:00 PM,33,5,28
02/18/2014 06:00:00 PM,33,16,17
02/18/2014 05:00:00 PM,47,19,28
02/18/2014 04:00:00 PM,64,29,35
02/18/2014 03:00:00 PM,35,19,16
02/18/2014 02:00:00 PM,30,18,12
02/18/2014 01:00:00 PM,38,27,11
02/18/2014 12:00:00 PM,30,22,8
02/18/2014 11:00:00 AM,37,12,25
02/18/2014 10:00:00 AM,45,19,26
02/18/2014 09:00:00 AM,33,14,19
02/18/2014 08:00:00 AM,19,10,9
02/18/2014 07:00:00 AM,24,12,12
02/18/2014 06:00:00 AM,15,9,6
02/18/2014 05:00:00 AM,4,0,4
02/18/2014 04:00:00 AM,0,0,0
02/18/2014 03:00:00 AM,0,0,0
02/18/2014 02:00:00 AM,2,0,2
02/18/2014 01:00:00 AM,0,0,0
02/18/2014 12:00:00 AM,2,2,0
02/17/2014 11:00:00 PM,3,3,0
02/17/2014 10:00:00 PM,17,12,5
02/17/2014 09:00:00 PM,13,11,2
02/17/2014 08:00:00 PM,19,10,9
02/17/2014 07:00:00 PM,14,3,11
02/17/2014 06:00:00 PM,21,14,7
02/17/2014 05:00:00 PM,31,18,13
02/17/2014 04:00:00 PM,34,23,11
02/17/2014 03:00:00 PM,40,16,24
02/17/2014 02:00:00 PM,55,28,27
02/17/2014 01:00:00 PM,58,24,34
02/17/2014 12:00:00 PM,36,12,24
02/17/2014 11:00:00 AM,34,20,14
02/17/2014 10:00:00 AM,27,16,11
02/17/2014 09:00:00 AM,28,7,21
02/17/2014 08:00:00 AM,22,8,14
02/17/2014 07:00:00 AM,21,8,13
02/17/2014 06:00:00 AM,2,0,2
02/17/2014 05:00:00 AM,2,0,2
02/17/2014 04:00:00 AM,0,0,0
02/17/2014 03:00:00 AM,0,0,0
02/17/2014 02:00:00 AM,1,0,1
02/17/2014 01:00:00 AM,1,0,1
02/17/2014 12:00:00 AM,6,0,6
02/16/2014 11:00:00 PM,7,5,2
02/16/2014 10:00:00 PM,3,2,1
02/16/2014 09:00:00 PM,17,8,9
02/16/2014 08:00:00 PM,22,9,13
02/16/2014 07:00:00 PM,12,1,11
02/16/2014 06:00:00 PM,23,17,6
02/16/2014 05:00:00 PM,29,16,13
02/16/2014 04:00:00 PM,23,12,11
02/16/2014 03:00:00 PM,57,29,28
02/16/2014 02:00:00 PM,29,6,23
02/16/2014 01:00:00 PM,29,1,28
02/16/2014 12:00:00 PM,46,18,28
02/16/2014 11:00:00 AM,45,21,24
02/16/2014 10:00:00 AM,31,13,18
02/16/2014 09:00:00 AM,14,6,8
02/16/2014 08:00:00 AM,2,2,0
02/16/2014 07:00:00 AM,2,2,0
02/16/2014 06:00:00 AM,0,0,0
02/16/2014 05:00:00 AM,0,0,0
02/16/2014 04:00:00 AM,5,2,3
02/16/2014 03:00:00 AM,0,0,0
02/16/2014 02:00:00 AM,1,0,1
02/16/2014 01:00:00 AM,3,3,0
02/16/2014 12:00:00 AM,5,2,3
02/15/2014 11:00:00 PM,5,2,3
02/15/2014 10:00:00 PM,7,4,3
02/15/2014 09:00:00 PM,8,2,6
02/15/2014 08:00:00 PM,20,10,10
02/15/2014 07:00:00 PM,28,21,7
02/15/2014 06:00:00 PM,54,29,25
02/15/2014 05:00:00 PM,41,16,25
02/15/2014 04:00:00 PM,44,17,27
02/15/2014 03:00:00 PM,45,24,21
02/15/2014 02:00:00 PM,59,29,30
02/15/2014 01:00:00 PM,51,18,33
02/15/2014 12:00:00 PM,59,27,32
02/15/2014 11:00:00 AM,47,17,30
02/15/2014 10:00:00 AM,44,14,30
02/15/2014 09:00:00 AM,49,28,21
02/15/2014 08:00:00 AM,21,11,10
02/15/2014 07:00:00 AM,3,1,2
02/15/2014 06:00:00 AM,8,4,4
02/15/2014 05:00:00 AM,1,0,1
02/15/2014 04:00:00 AM,1,0,1
02/15/2014 03:00:00 AM,6,0,6
02/15/2014 02:00:00 AM,0,0,0
02/15/2014 01:00:00 AM,4,2,2
02/15/2014 12:00:00 AM,6,2,4
02/14/2014 11:00:00 PM,7,3,4
02/14/2014 10:00:00 PM,5,0,5
02/14/2014 09:00:00 PM,19,5,14
02/14/2014 08:00:00 PM,17,8,9
02/14/2014 07:00:00 PM,35,19,16
02/14/2014 06:00:00 PM,54,25,29
02/14/2014 05:00:00 PM,67,27,40
02/14/2014 04:00:00 PM,26,10,16
02/14/2014 03:00:00 PM,43,19,24
02/14/2014 02:00:00 PM,45,32,13
02/14/2014 01:00:00 PM,42,21,21
02/14/2014 12:00:00 PM,51,25,26
02/14/2014 11:00:00 AM,37,26,11
02/14/2014 10:00:00 AM,39,24,15
02/14/2014 09:00:00 AM,56,28,28
02/14/2014 08:00:00 AM,40,21,19
02/14/2014 07:00:00 AM,35,24,11
02/14/2014 06:00:00 AM,12,2,10
02/14/2014 05:00:00 AM,8,6,2
02/14/2014 04:00:00 AM,0,0,0
02/14/2014 03:00:00 AM,1,0,1
02/14/2014 02:00:00 AM,6,0,6
02/14/2014 01:00:00 AM,2,1,1
02/14/2014 12:00:00 AM,9,4,5
02/13/2014 11:00:00 PM,5,3,2
02/13/2014 10:00:00 PM,9,6,3
02/13/2014 09:00:00 PM,8,5,3
02/13/2014 08:00:00 PM,19,7,12
02/13/2014 07:00:00 PM,33,15,18
02/13/2014 06:00:00 PM,53,24,29
02/13/2014 05:00:00 PM,67,26,41
02/13/2014 04:00:00 PM,43,15,28
02/13/2014 03:00:00 PM,40,20,20
02/13/2014 02:00:00 PM,40,21,19
02/13/2014 01:00:00 PM,41,23,18
02/13/2014 12:00:00 PM,46,20,26
02/13/2014 11:00:00 AM,44,24,20
02/13/2014 10:00:00 AM,16,8,8
02/13/2014 09:00:00 AM,38,16,22
02/13/2014 08:00:00 AM,32,18,14
02/13/2014 07:00:00 AM,32,18,14
02/13/2014 06:00:00 AM,5,4,1
02/13/2014 05:00:00 AM,2,0,2
02/13/2014 04:00:00 AM,0,0,0
02/13/2014 03:00:00 AM,1,0,1
02/13/2014 02:00:00 AM,6,2,4
02/13/2014 01:00:00 AM,5,2,3
02/13/2014 12:00:00 AM,7,4,3
02/12/2014 11:00:00 PM,3,2,1
02/12/2014 10:00:00 PM,10,7,3
02/12/2014 09:00:00 PM,19,11,8
02/12/2014 08:00:00 PM,14,11,3
02/12/2014 07:00:00 PM,32,19,13
02/12/2014 06:00:00 PM,41,20,21
02/12/2014 05:00:00 PM,39,13,26
02/12/2014 04:00:00 PM,44,31,13
02/12/2014 03:00:00 PM,36,22,14
02/12/2014 02:00:00 PM,39,23,16
02/12/2014 01:00:00 PM,33,10,23
02/12/2014 12:00:00 PM,38,9,29
02/12/2014 11:00:00 AM,36,13,23
02/12/2014 10:00:00 AM,20,3,17
02/12/2014 09:00:00 AM,41,23,18
02/12/2014 08:00:00 AM,47,25,22
02/12/2014 07:00:00 AM,20,9,11
02/12/2014 06:00:00 AM,15,5,10
02/12/2014 05:00:00 AM,4,2,2
02/12/2014 04:00:00 AM,0,0,0
02/12/2014 03:00:00 AM,2,0,2
02/12/2014 02:00:00 AM,2,0,2
02/12/2014 01:00:00 AM,4,0,4
02/12/2014 12:00:00 AM,4,2,2
02/11/2014 11:00:00 PM,9,6,3
02/11/2014 10:00:00 PM,14,7,7
02/11/2014 09:00:00 PM,18,10,8
02/11/2014 08:00:00 PM,42,7,35
02/11/2014 07:00:00 PM,25,12,13
02/11/2014 06:00:00 PM,47,17,30
02/11/2014 05:00:00 PM,39,17,22
02/11/2014 04:00:00 PM,36,19,17
02/11/2014 03:00:00 PM,51,19,32
02/11/2014 02:00:00 PM,27,10,17
02/11/2014 01:00:00 PM,33,20,13
02/11/2014 12:00:00 PM,50,24,26
02/11/2014 11:00:00 AM,53,23,30
02/11/2014 10:00:00 AM,34,17,17
02/11/2014 09:00:00 AM,31,15,16
02/11/2014 08:00:00 AM,26,4,22
02/11/2014 07:00:00 AM,23,9,14
02/11/2014 06:00:00 AM,18,12,6
02/11/2014 05:00:00 AM,6,1,5
02/11/2014 04:00:00 AM,1,1,0
02/11/2014 03:00:00 AM,0,0,0
02/11/2014 02:00:00 AM,0,0,0
02/11/2014 01:00:00 AM,2,0,2
02/11/2014 12:00:00 AM,6,5,1
02/10/2014 11:00:00 PM,0,0,0
02/10/2014 10:00:00 PM,2,1,1
02/10/2014 09:00:00 PM,9,5,4
02/10/2014 08:00:00 PM,19,9,10
02/10/2014 07:00:00 PM,44,17,27
02/10/2014 06:00:00 PM,51,23,28
02/10/2014 05:00:00 PM,55,21,34
02/10/2014 04:00:00 PM,62,24,38
02/10/2014 03:00:00 PM,44,13,31
02/10/2014 02:00:00 PM,49,26,23
02/10/2014 01:00:00 PM,47,18,29
02/10/2014 12:00:00 PM,45,21,24
02/10/2014 11:00:00 AM,43,16,27
02/10/2014 10:00:00 AM,36,10,26
02/10/2014 09:00:00 AM,40,12,28
02/10/2014 08:00:00 AM,41,21,20
02/10/2014 07:00:00 AM,21,15,6
02/10/2014 06:00:00 AM,10,5,5
02/10/2014 05:00:00 AM,5,3,2
02/10/2014 04:00:00 AM,2,2,0
02/10/2014 03:00:00 AM,0,0,0
02/10/2014 02:00:00 AM,0,0,0
02/10/2014 01:00:00 AM,3,0,3
02/10/2014 12:00:00 AM,4,2,2
02/09/2014 11:00:00 PM,7,5,2
02/09/2014 10:00:00 PM,4,3,1
02/09/2014 09:00:00 PM,21,14,7
02/09/2014 08:00:00 PM,3,3,0
02/09/2014 07:00:00 PM,9,5,4
02/09/2014 06:00:00 PM,22,12,10
02/09/2014 05:00:00 PM,20,6,14
02/09/2014 04:00:00 PM,25,11,14
02/09/2014 03:00:00 PM,20,9,11
02/09/2014 02:00:00 PM,33,12,21
02/09/2014 01:00:00 PM,50,18,32
02/09/2014 12:00:00 PM,37,20,17
02/09/2014 11:00:00 AM,14,4,10
02/09/2014 10:00:00 AM,9,3,6
02/09/2014 09:00:00 AM,7,2,5
02/09/2014 08:00:00 AM,5,1,4
02/09/2014 07:00:00 AM,0,0,0
02/09/2014 06:00:00 AM,0,0,0
02/09/2014 05:00:00 AM,0,0,0
02/09/2014 04:00:00 AM,4,2,2
02/09/2014 03:00:00 AM,2,0,2
02/09/2014 02:00:00 AM,0,0,0
02/09/2014 01:00:00 AM,2,2,0
02/09/2014 12:00:00 AM,4,2,2
02/08/2014 11:00:00 PM,2,2,0
02/08/2014 10:00:00 PM,7,3,4
02/08/2014 09:00:00 PM,5,2,3
02/08/2014 08:00:00 PM,16,6,10
02/08/2014 07:00:00 PM,41,18,23
02/08/2014 06:00:00 PM,31,13,18
02/08/2014 05:00:00 PM,61,37,24
02/08/2014 04:00:00 PM,59,24,35
02/08/2014 03:00:00 PM,59,38,21
02/08/2014 02:00:00 PM,63,26,37
02/08/2014 01:00:00 PM,93,59,34
02/08/2014 12:00:00 PM,81,48,33
02/08/2014 11:00:00 AM,75,25,50
02/08/2014 10:00:00 AM,53,27,26
02/08/2014 09:00:00 AM,27,13,14
02/08/2014 08:00:00 AM,12,3,9
02/08/2014 07:00:00 AM,9,3,6
02/08/2014 06:00:00 AM,4,4,0
02/08/2014 05:00:00 AM,5,4,1
02/08/2014 04:00:00 AM,8,2,6
02/08/2014 03:00:00 AM,2,0,2
02/08/2014 02:00:00 AM,0,0,0
02/08/2014 01:00:00 AM,0,0,0
02/08/2014 12:00:00 AM,4,3,1
02/07/2014 11:00:00 PM,15,9,6
02/07/2014 10:00:00 PM,4,4,0
02/07/2014 09:00:00 PM,10,2,8
02/07/2014 08:00:00 PM,23,18,5
02/07/2014 07:00:00 PM,71,34,37
02/07/2014 06:00:00 PM,42,12,30
02/07/2014 05:00:00 PM,55,21,34
02/07/2014 04:00:00 PM,40,16,24
02/07/2014 03:00:00 PM,40,21,19
02/07/2014 02:00:00 PM,50,32,18
02/07/2014 01:00:00 PM,57,27,30
02/07/2014 12:00:00 PM,62,23,39
02/07/2014 11:00:00 AM,52,30,22
02/07/2014 10:00:00 AM,32,23,9
02/07/2014 09:00:00 AM,51,38,13
02/07/2014 08:00:00 AM,21,14,7
02/07/2014 07:00:00 AM,58,35,23
02/07/2014 06:00:00 AM,16,11,5
02/07/2014 05:00:00 AM,3,0,3
02/07/2014 04:00:00 AM,0,0,0
02/07/2014 03:00:00 AM,2,0,2
02/07/2014 02:00:00 AM,1,1,0
02/07/2014 01:00:00 AM,6,6,0
02/07/2014 12:00:00 AM,2,2,0
02/06/2014 11:00:00 PM,5,4,1
02/06/2014 10:00:00 PM,6,4,2
02/06/2014 09:00:00 PM,15,7,8
02/06/2014 08:00:00 PM,14,7,7
02/06/2014 07:00:00 PM,21,6,15
02/06/2014 06:00:00 PM,25,6,19
02/06/2014 05:00:00 PM,43,13,30
02/06/2014 04:00:00 PM,21,9,12
02/06/2014 03:00:00 PM,30,7,23
02/06/2014 02:00:00 PM,38,17,21
02/06/2014 01:00:00 PM,39,16,23
02/06/2014 12:00:00 PM,35,9,26
02/06/2014 11:00:00 AM,50,14,36
02/06/2014 10:00:00 AM,27,10,17
02/06/2014 09:00:00 AM,43,6,37
02/06/2014 08:00:00 AM,50,27,23
02/06/2014 07:00:00 AM,28,17,11
02/06/2014 06:00:00 AM,7,1,6
02/06/2014 05:00:00 AM,9,4,5
02/06/2014 04:00:00 AM,0,0,0
02/06/2014 03:00:00 AM,0,0,0
02/06/2014 02:00:00 AM,2,0,2
02/06/2014 01:00:00 AM,2,2,0
02/06/2014 12:00:00 AM,5,4,1
02/05/2014 11:00:00 PM,3,2,1
02/05/2014 10:00:00 PM,5,5,0
02/05/2014 09:00:00 PM,9,6,3
02/05/2014 08:00:00 PM,15,11,4
02/05/2014 07:00:00 PM,15,8,7
02/05/2014 06:00:00 PM,47,14,33
02/05/2014 05:00:00 PM,30,23,7
02/05/2014 04:00:00 PM,50,22,28
02/05/2014 03:00:00 PM,28,9,19
02/05/2014 02:00:00 PM,42,20,22
02/05/2014 01:00:00 PM,29,21,8
02/05/2014 12:00:00 PM,22,11,11
02/05/2014 11:00:00 AM,25,9,16
02/05/2014 10:00:00 AM,24,14,10
02/05/2014 09:00:00 AM,48,24,24
02/05/2014 08:00:00 AM,45,20,25
02/05/2014 07:00:00 AM,34,25,9
02/05/2014 06:00:00 AM,12,9,3
02/05/2014 05:00:00 AM,0,0,0
02/05/2014 04:00:00 AM,0,0,0
02/05/2014 03:00:00 AM,4,0,4
02/05/2014 02:00:00 AM,6,0,6
02/05/2014 01:00:00 AM,0,0,0
02/05/2014 12:00:00 AM,6,6,0
02/04/2014 11:00:00 PM,4,0,4
02/04/2014 10:00:00 PM,6,4,2
02/04/2014 09:00:00 PM,10,4,6
02/04/2014 08:00:00 PM,17,10,7
02/04/2014 07:00:00 PM,29,15,14
02/04/2014 06:00:00 PM,36,12,24
02/04/2014 05:00:00 PM,75,29,46
02/04/2014 04:00:00 PM,46,30,16
02/04/2014 03:00:00 PM,34,18,16
02/04/2014 02:00:00 PM,27,17,10
02/04/2014 01:00:00 PM,28,18,10
02/04/2014 12:00:00 PM,23,15,8
02/04/2014 11:00:00 AM,37,16,21
02/04/2014 10:00:00 AM,41,18,23
02/04/2014 09:00:00 AM,43,23,20
02/04/2014 08:00:00 AM,25,14,11
02/04/2014 07:00:00 AM,23,16,7
02/04/2014 06:00:00 AM,13,6,7
02/04/2014 05:00:00 AM,2,0,2
02/04/2014 04:00:00 AM,0,0,0
02/04/2014 03:00:00 AM,0,0,0
02/04/2014 02:00:00 AM,2,2,0
02/04/2014 01:00:00 AM,0,0,0
02/04/2014 12:00:00 AM,3,3,0
02/03/2014 11:00:00 PM,2,2,0
02/03/2014 10:00:00 PM,4,4,0
02/03/2014 09:00:00 PM,11,7,4
02/03/2014 08:00:00 PM,10,5,5
02/03/2014 07:00:00 PM,14,2,12
02/03/2014 06:00:00 PM,36,17,19
02/03/2014 05:00:00 PM,30,13,17
02/03/2014 04:00:00 PM,37,22,15
02/03/2014 03:00:00 PM,35,13,22
02/03/2014 02:00:00 PM,21,7,14
02/03/2014 01:00:00 PM,35,17,18
02/03/2014 12:00:00 PM,36,19,17
02/03/2014 11:00:00 AM,17,10,7
02/03/2014 10:00:00 AM,33,14,19
02/03/2014 09:00:00 AM,30,13,17
02/03/2014 08:00:00 AM,30,13,17
02/03/2014 07:00:00 AM,21,17,4
02/03/2014 06:00:00 AM,15,6,9
02/03/2014 05:00:00 AM,2,1,1
02/03/2014 04:00:00 AM,2,2,0
02/03/2014 03:00:00 AM,0,0,0
02/03/2014 02:00:00 AM,0,0,0
02/03/2014 01:00:00 AM,2,0,2
02/03/2014 12:00:00 AM,6,4,2
02/02/2014 11:00:00 PM,7,3,4
02/02/2014 10:00:00 PM,6,2,4
02/02/2014 09:00:00 PM,22,12,10
02/02/2014 08:00:00 PM,24,14,10
02/02/2014 07:00:00 PM,20,13,7
02/02/2014 06:00:00 PM,4,4,0
02/02/2014 05:00:00 PM,10,8,2
02/02/2014 04:00:00 PM,14,4,10
02/02/2014 03:00:00 PM,25,17,8
02/02/2014 02:00:00 PM,74,37,37
02/02/2014 01:00:00 PM,42,21,21
02/02/2014 12:00:00 PM,30,12,18
02/02/2014 11:00:00 AM,44,23,21
02/02/2014 10:00:00 AM,36,16,20
02/02/2014 09:00:00 AM,10,8,2
02/02/2014 08:00:00 AM,11,8,3
02/02/2014 07:00:00 AM,5,4,1
02/02/2014 06:00:00 AM,2,2,0
02/02/2014 05:00:00 AM,3,0,3
02/02/2014 04:00:00 AM,4,2,2
02/02/2014 03:00:00 AM,4,2,2
02/02/2014 02:00:00 AM,0,0,0
02/02/2014 01:00:00 AM,6,6,0
02/02/2014 12:00:00 AM,6,3,3
02/01/2014 11:00:00 PM,5,2,3
02/01/2014 10:00:00 PM,15,1,14
02/01/2014 09:00:00 PM,24,16,8
02/01/2014 08:00:00 PM,19,16,3
02/01/2014 07:00:00 PM,28,12,16
02/01/2014 06:00:00 PM,30,14,16
02/01/2014 05:00:00 PM,33,15,18
02/01/2014 04:00:00 PM,47,24,23
02/01/2014 03:00:00 PM,32,20,12
02/01/2014 02:00:00 PM,64,28,36
02/01/2014 01:00:00 PM,79,40,39
02/01/2014 12:00:00 PM,55,20,35
02/01/2014 11:00:00 AM,43,15,28
02/01/2014 10:00:00 AM,30,20,10
02/01/2014 09:00:00 AM,23,13,10
02/01/2014 08:00:00 AM,11,4,7
02/01/2014 07:00:00 AM,2,2,0
02/01/2014 06:00:00 AM,1,1,0
02/01/2014 05:00:00 AM,0,0,0
02/01/2014 04:00:00 AM,4,1,3
02/01/2014 03:00:00 AM,0,0,0
02/01/2014 02:00:00 AM,1,1,0
02/01/2014 01:00:00 AM,0,0,0
02/01/2014 12:00:00 AM,2,2,0
01/31/2014 11:00:00 PM,18,12,6
01/31/2014 10:00:00 PM,15,6,9
01/31/2014 09:00:00 PM,12,6,6
01/31/2014 08:00:00 PM,25,10,15
01/31/2014 07:00:00 PM,41,12,29
01/31/2014 06:00:00 PM,30,15,15
01/31/2014 05:00:00 PM,49,19,30
01/31/2014 04:00:00 PM,41,23,18
01/31/2014 03:00:00 PM,29,15,14
01/31/2014 02:00:00 PM,53,23,30
01/31/2014 01:00:00 PM,34,22,12
01/31/2014 12:00:00 PM,42,26,16
01/31/2014 11:00:00 AM,44,20,24
01/31/2014 10:00:00 AM,36,14,22
01/31/2014 09:00:00 AM,22,13,9
01/31/2014 08:00:00 AM,27,17,10
01/31/2014 07:00:00 AM,20,9,11
01/31/2014 06:00:00 AM,18,12,6
01/31/2014 05:00:00 AM,0,0,0
01/31/2014 04:00:00 AM,0,0,0
01/31/2014 03:00:00 AM,2,0,2
01/31/2014 02:00:00 AM,8,0,8
01/31/2014 01:00:00 AM,2,0,2
01/31/2014 12:00:00 AM,9,4,5
01/30/2014 11:00:00 PM,3,2,1
01/30/2014 10:00:00 PM,14,10,4
01/30/2014 09:00:00 PM,6,3,3
01/30/2014 08:00:00 PM,24,12,12
01/30/2014 07:00:00 PM,34,21,13
01/30/2014 06:00:00 PM,33,17,16
01/30/2014 05:00:00 PM,27,17,10
01/30/2014 04:00:00 PM,16,9,7
01/30/2014 03:00:00 PM,26,15,11
01/30/2014 02:00:00 PM,27,9,18
01/30/2014 01:00:00 PM,13,9,4
01/30/2014 12:00:00 PM,15,4,11
01/30/2014 11:00:00 AM,18,13,5
01/30/2014 10:00:00 AM,21,10,11
01/30/2014 09:00:00 AM,39,25,14
01/30/2014 08:00:00 AM,24,14,10
01/30/2014 07:00:00 AM,17,10,7
01/30/2014 06:00:00 AM,14,8,6
01/30/2014 05:00:00 AM,2,0,2
01/30/2014 04:00:00 AM,2,0,2
01/30/2014 03:00:00 AM,1,0,1
01/30/2014 02:00:00 AM,1,0,1
01/30/2014 01:00:00 AM,0,0,0
01/30/2014 12:00:00 AM,5,3,2
01/29/2014 11:00:00 PM,6,3,3
01/29/2014 10:00:00 PM,8,0,8
01/29/2014 09:00:00 PM,9,6,3
01/29/2014 08:00:00 PM,20,9,11
01/29/2014 07:00:00 PM,22,10,12
01/29/2014 06:00:00 PM,23,6,17
01/29/2014 05:00:00 PM,30,12,18
01/29/2014 04:00:00 PM,34,18,16
01/29/2014 03:00:00 PM,18,10,8
01/29/2014 02:00:00 PM,29,12,17
01/29/2014 01:00:00 PM,12,8,4
01/29/2014 12:00:00 PM,19,6,13
01/29/2014 11:00:00 AM,23,5,18
01/29/2014 10:00:00 AM,17,10,7
01/29/2014 09:00:00 AM,26,10,16
01/29/2014 08:00:00 AM,14,7,7
01/29/2014 07:00:00 AM,21,13,8
01/29/2014 06:00:00 AM,15,12,3
01/29/2014 05:00:00 AM,7,4,3
01/29/2014 04:00:00 AM,0,0,0
01/29/2014 03:00:00 AM,2,0,2
01/29/2014 02:00:00 AM,2,0,2
01/29/2014 01:00:00 AM,2,0,2
01/29/2014 12:00:00 AM,3,0,3
01/28/2014 11:00:00 PM,0,0,0
01/28/2014 10:00:00 PM,18,5,13
01/28/2014 09:00:00 PM,18,8,10
01/28/2014 08:00:00 PM,4,2,2
01/28/2014 07:00:00 PM,15,6,9
01/28/2014 06:00:00 PM,34,13,21
01/28/2014 05:00:00 PM,26,14,12
01/28/2014 04:00:00 PM,40,19,21
01/28/2014 03:00:00 PM,17,10,7
01/28/2014 02:00:00 PM,29,15,14
01/28/2014 01:00:00 PM,50,33,17
01/28/2014 12:00:00 PM,34,22,12
01/28/2014 11:00:00 AM,14,13,1
01/28/2014 10:00:00 AM,14,6,8
01/28/2014 09:00:00 AM,40,19,21
01/28/2014 08:00:00 AM,29,17,12
01/28/2014 07:00:00 AM,24,18,6
01/28/2014 06:00:00 AM,15,8,7
01/28/2014 05:00:00 AM,6,0,6
01/28/2014 04:00:00 AM,0,0,0
01/28/2014 03:00:00 AM,0,0,0
01/28/2014 02:00:00 AM,2,2,0
01/28/2014 01:00:00 AM,0,0,0
01/28/2014 12:00:00 AM,6,4,2
01/27/2014 11:00:00 PM,8,5,3
01/27/2014 10:00:00 PM,11,8,3
01/27/2014 09:00:00 PM,9,5,4
01/27/2014 08:00:00 PM,12,6,6
01/27/2014 07:00:00 PM,23,10,13
01/27/2014 06:00:00 PM,18,8,10
01/27/2014 05:00:00 PM,22,10,12
01/27/2014 04:00:00 PM,22,8,14
01/27/2014 03:00:00 PM,33,16,17
01/27/2014 02:00:00 PM,35,16,19
01/27/2014 01:00:00 PM,24,14,10
01/27/2014 12:00:00 PM,16,7,9
01/27/2014 11:00:00 AM,20,6,14
01/27/2014 10:00:00 AM,13,7,6
01/27/2014 09:00:00 AM,24,7,17
01/27/2014 08:00:00 AM,27,14,13
01/27/2014 07:00:00 AM,27,17,10
01/27/2014 06:00:00 AM,10,9,1
01/27/2014 05:00:00 AM,3,2,1
01/27/2014 04:00:00 AM,0,0,0
01/27/2014 03:00:00 AM,2,2,0
01/27/2014 02:00:00 AM,2,2,0
01/27/2014 01:00:00 AM,4,2,2
01/27/2014 12:00:00 AM,1,1,0
01/26/2014 11:00:00 PM,3,1,2
01/26/2014 10:00:00 PM,8,4,4
01/26/2014 09:00:00 PM,12,9,3
01/26/2014 08:00:00 PM,15,10,5
01/26/2014 07:00:00 PM,12,11,1
01/26/2014 06:00:00 PM,27,18,9
01/26/2014 05:00:00 PM,38,24,14
01/26/2014 04:00:00 PM,57,43,14
01/26/2014 03:00:00 PM,40,23,17
01/26/2014 02:00:00 PM,59,45,14
01/26/2014 01:00:00 PM,54,29,25
01/26/2014 12:00:00 PM,71,45,26
01/26/2014 11:00:00 AM,47,23,24
01/26/2014 10:00:00 AM,54,30,24
01/26/2014 09:00:00 AM,18,11,7
01/26/2014 08:00:00 AM,6,5,1
01/26/2014 07:00:00 AM,2,2,0
01/26/2014 06:00:00 AM,1,0,1
01/26/2014 05:00:00 AM,6,6,0
01/26/2014 04:00:00 AM,0,0,0
01/26/2014 03:00:00 AM,1,0,1
01/26/2014 02:00:00 AM,0,0,0
01/26/2014 01:00:00 AM,4,1,3
01/26/2014 12:00:00 AM,6,6,0
01/25/2014 11:00:00 PM,18,14,4
01/25/2014 10:00:00 PM,24,13,11
01/25/2014 09:00:00 PM,15,6,9
01/25/2014 08:00:00 PM,18,10,8
01/25/2014 07:00:00 PM,45,27,18
01/25/2014 06:00:00 PM,59,44,15
01/25/2014 05:00:00 PM,36,26,10
01/25/2014 04:00:00 PM,59,34,25
01/25/2014 03:00:00 PM,52,32,20
01/25/2014 02:00:00 PM,101,61,40
01/25/2014 01:00:00 PM,82,39,43
01/25/2014 12:00:00 PM,81,46,35
01/25/2014 11:00:00 AM,68,34,34
01/25/2014 10:00:00 AM,33,7,26
01/25/2014 09:00:00 AM,26,19,7
01/25/2014 08:00:00 AM,18,10,8
01/25/2014 07:00:00 AM,7,7,0
01/25/2014 06:00:00 AM,3,2,1
01/25/2014 05:00:00 AM,0,0,0
01/25/2014 04:00:00 AM,1,1,0
01/25/2014 03:00:00 AM,0,0,0
01/25/2014 02:00:00 AM,3,0,3
01/25/2014 01:00:00 AM,2,0,2
01/25/2014 12:00:00 AM,9,5,4
01/24/2014 11:00:00 PM,7,4,3
01/24/2014 10:00:00 PM,13,8,5
01/24/2014 09:00:00 PM,13,7,6
01/24/2014 08:00:00 PM,23,21,2
01/24/2014 07:00:00 PM,36,24,12
01/24/2014 06:00:00 PM,41,32,9
01/24/2014 05:00:00 PM,45,30,15
01/24/2014 04:00:00 PM,58,30,28
01/24/2014 03:00:00 PM,32,18,14
01/24/2014 02:00:00 PM,25,14,11
01/24/2014 01:00:00 PM,47,25,22
01/24/2014 12:00:00 PM,44,26,18
01/24/2014 11:00:00 AM,39,24,15
01/24/2014 10:00:00 AM,25,8,17
01/24/2014 09:00:00 AM,33,22,11
01/24/2014 08:00:00 AM,18,12,6
01/24/2014 07:00:00 AM,23,14,9
01/24/2014 06:00:00 AM,8,5,3
01/24/2014 05:00:00 AM,2,2,0
01/24/2014 04:00:00 AM,0,0,0
01/24/2014 03:00:00 AM,3,2,1
01/24/2014 02:00:00 AM,2,2,0
01/24/2014 01:00:00 AM,4,2,2
01/24/2014 12:00:00 AM,0,0,0
01/23/2014 11:00:00 PM,7,6,1
01/23/2014 10:00:00 PM,6,6,0
01/23/2014 09:00:00 PM,8,6,2
01/23/2014 08:00:00 PM,15,9,6
01/23/2014 07:00:00 PM,36,21,15
01/23/2014 06:00:00 PM,42,25,17
01/23/2014 05:00:00 PM,35,22,13
01/23/2014 04:00:00 PM,24,10,14
01/23/2014 03:00:00 PM,33,13,20
01/23/2014 02:00:00 PM,29,10,19
01/23/2014 01:00:00 PM,35,21,14
01/23/2014 12:00:00 PM,20,4,16
01/23/2014 11:00:00 AM,25,12,13
01/23/2014 10:00:00 AM,21,7,14
01/23/2014 09:00:00 AM,19,7,12
01/23/2014 08:00:00 AM,38,20,18
01/23/2014 07:00:00 AM,26,19,7
01/23/2014 06:00:00 AM,5,4,1
01/23/2014 05:00:00 AM,0,0,0
01/23/2014 04:00:00 AM,0,0,0
01/23/2014 03:00:00 AM,2,0,2
01/23/2014 02:00:00 AM,2,2,0
01/23/2014 01:00:00 AM,2,1,1
01/23/2014 12:00:00 AM,2,2,0
01/22/2014 11:00:00 PM,5,3,2
01/22/2014 10:00:00 PM,11,6,5
01/22/2014 09:00:00 PM,12,9,3
01/22/2014 08:00:00 PM,32,20,12
01/22/2014 07:00:00 PM,28,13,15
01/22/2014 06:00:00 PM,37,17,20
01/22/2014 05:00:00 PM,37,12,25
01/22/2014 04:00:00 PM,30,16,14
01/22/2014 03:00:00 PM,30,8,22
01/22/2014 02:00:00 PM,22,12,10
01/22/2014 01:00:00 PM,25,10,15
01/22/2014 12:00:00 PM,41,23,18
01/22/2014 11:00:00 AM,27,15,12
01/22/2014 10:00:00 AM,27,13,14
01/22/2014 09:00:00 AM,29,22,7
01/22/2014 08:00:00 AM,26,17,9
01/22/2014 07:00:00 AM,19,15,4
01/22/2014 06:00:00 AM,15,11,4
01/22/2014 05:00:00 AM,1,1,0
01/22/2014 04:00:00 AM,0,0,0
01/22/2014 03:00:00 AM,0,0,0
01/22/2014 02:00:00 AM,1,0,1
01/22/2014 01:00:00 AM,6,0,6
01/22/2014 12:00:00 AM,2,0,2
01/21/2014 11:00:00 PM,2,2,0
01/21/2014 10:00:00 PM,2,2,0
01/21/2014 09:00:00 PM,8,6,2
01/21/2014 08:00:00 PM,8,6,2
01/21/2014 07:00:00 PM,21,13,8
01/21/2014 06:00:00 PM,27,20,7
01/21/2014 05:00:00 PM,28,11,17
01/21/2014 04:00:00 PM,41,28,13
01/21/2014 03:00:00 PM,26,9,17
01/21/2014 02:00:00 PM,39,20,19
01/21/2014 01:00:00 PM,31,20,11
01/21/2014 12:00:00 PM,26,9,17
01/21/2014 11:00:00 AM,40,22,18
01/21/2014 10:00:00 AM,16,11,5
01/21/2014 09:00:00 AM,23,14,9
01/21/2014 08:00:00 AM,27,15,12
01/21/2014 07:00:00 AM,23,22,1
01/21/2014 06:00:00 AM,11,5,6
01/21/2014 05:00:00 AM,4,4,0
01/21/2014 04:00:00 AM,0,0,0
01/21/2014 03:00:00 AM,2,2,0
01/21/2014 02:00:00 AM,0,0,0
01/21/2014 01:00:00 AM,0,0,0
01/21/2014 12:00:00 AM,2,2,0
01/20/2014 11:00:00 PM,4,4,0
01/20/2014 10:00:00 PM,2,2,0
01/20/2014 09:00:00 PM,4,3,1
01/20/2014 08:00:00 PM,21,15,6
01/20/2014 07:00:00 PM,15,12,3
01/20/2014 06:00:00 PM,37,22,15
01/20/2014 05:00:00 PM,20,15,5
01/20/2014 04:00:00 PM,25,16,9
01/20/2014 03:00:00 PM,35,23,12
01/20/2014 02:00:00 PM,45,23,22
01/20/2014 01:00:00 PM,39,20,19
01/20/2014 12:00:00 PM,30,22,8
01/20/2014 11:00:00 AM,17,14,3
01/20/2014 10:00:00 AM,31,10,21
01/20/2014 09:00:00 AM,32,25,7
01/20/2014 08:00:00 AM,26,15,11
01/20/2014 07:00:00 AM,5,5,0
01/20/2014 06:00:00 AM,10,4,6
01/20/2014 05:00:00 AM,1,0,1
01/20/2014 04:00:00 AM,0,0,0
01/20/2014 03:00:00 AM,4,4,0
01/20/2014 02:00:00 AM,0,0,0
01/20/2014 01:00:00 AM,1,1,0
01/20/2014 12:00:00 AM,3,2,1
01/19/2014 11:00:00 PM,6,6,0
01/19/2014 10:00:00 PM,10,10,0
01/19/2014 09:00:00 PM,6,4,2
01/19/2014 08:00:00 PM,12,9,3
01/19/2014 07:00:00 PM,25,14,11
01/19/2014 06:00:00 PM,2,2,0
01/19/2014 05:00:00 PM,14,12,2
01/19/2014 04:00:00 PM,8,2,6
01/19/2014 03:00:00 PM,18,7,11
01/19/2014 02:00:00 PM,27,13,14
01/19/2014 01:00:00 PM,62,33,29
01/19/2014 12:00:00 PM,44,22,22
01/19/2014 11:00:00 AM,55,33,22
01/19/2014 10:00:00 AM,44,23,21
01/19/2014 09:00:00 AM,24,6,18
01/19/2014 08:00:00 AM,8,3,5
01/19/2014 07:00:00 AM,7,4,3
01/19/2014 06:00:00 AM,2,2,0
01/19/2014 05:00:00 AM,4,2,2
01/19/2014 04:00:00 AM,3,0,3
01/19/2014 03:00:00 AM,3,0,3
01/19/2014 02:00:00 AM,4,4,0
01/19/2014 01:00:00 AM,3,3,0
01/19/2014 12:00:00 AM,4,2,2
01/18/2014 11:00:00 PM,4,3,1
01/18/2014 10:00:00 PM,11,8,3
01/18/2014 09:00:00 PM,3,1,2
01/18/2014 08:00:00 PM,20,16,4
01/18/2014 07:00:00 PM,53,28,25
01/18/2014 06:00:00 PM,21,17,4
01/18/2014 05:00:00 PM,29,22,7
01/18/2014 04:00:00 PM,43,21,22
01/18/2014 03:00:00 PM,48,21,27
01/18/2014 02:00:00 PM,37,23,14
01/18/2014 01:00:00 PM,56,39,17
01/18/2014 12:00:00 PM,41,19,22
01/18/2014 11:00:00 AM,36,24,12
01/18/2014 10:00:00 AM,45,25,20
01/18/2014 09:00:00 AM,29,20,9
01/18/2014 08:00:00 AM,13,8,5
01/18/2014 07:00:00 AM,7,6,1
01/18/2014 06:00:00 AM,0,0,0
01/18/2014 05:00:00 AM,6,4,2
01/18/2014 04:00:00 AM,2,0,2
01/18/2014 03:00:00 AM,4,2,2
01/18/2014 02:00:00 AM,4,2,2
01/18/2014 01:00:00 AM,4,4,0
01/18/2014 12:00:00 AM,6,6,0
01/17/2014 11:00:00 PM,13,4,9
01/17/2014 10:00:00 PM,5,4,1
01/17/2014 09:00:00 PM,14,11,3
01/17/2014 08:00:00 PM,15,9,6
01/17/2014 07:00:00 PM,51,33,18
01/17/2014 06:00:00 PM,62,31,31
01/17/2014 05:00:00 PM,27,22,5
01/17/2014 04:00:00 PM,40,27,13
01/17/2014 03:00:00 PM,39,26,13
01/17/2014 02:00:00 PM,20,15,5
01/17/2014 01:00:00 PM,43,26,17
01/17/2014 12:00:00 PM,38,18,20
01/17/2014 11:00:00 AM,35,19,16
01/17/2014 10:00:00 AM,43,18,25
01/17/2014 09:00:00 AM,51,32,19
01/17/2014 08:00:00 AM,29,19,10
01/17/2014 07:00:00 AM,14,11,3
01/17/2014 06:00:00 AM,19,12,7
01/17/2014 05:00:00 AM,0,0,0
01/17/2014 04:00:00 AM,4,4,0
01/17/2014 03:00:00 AM,0,0,0
01/17/2014 02:00:00 AM,5,3,2
01/17/2014 01:00:00 AM,0,0,0
01/17/2014 12:00:00 AM,2,2,0
01/16/2014 11:00:00 PM,9,7,2
01/16/2014 10:00:00 PM,13,12,1
01/16/2014 09:00:00 PM,16,11,5
01/16/2014 08:00:00 PM,11,9,2
01/16/2014 07:00:00 PM,19,16,3
01/16/2014 06:00:00 PM,36,22,14
01/16/2014 05:00:00 PM,38,21,17
01/16/2014 04:00:00 PM,17,11,6
01/16/2014 03:00:00 PM,35,22,13
01/16/2014 02:00:00 PM,20,14,6
01/16/2014 01:00:00 PM,36,21,15
01/16/2014 12:00:00 PM,14,9,5
01/16/2014 11:00:00 AM,36,19,17
01/16/2014 10:00:00 AM,28,16,12
01/16/2014 09:00:00 AM,40,22,18
01/16/2014 08:00:00 AM,18,9,9
01/16/2014 07:00:00 AM,22,13,9
01/16/2014 06:00:00 AM,6,4,2
01/16/2014 05:00:00 AM,2,2,0
01/16/2014 04:00:00 AM,0,0,0
01/16/2014 03:00:00 AM,2,2,0
01/16/2014 02:00:00 AM,3,3,0
01/16/2014 01:00:00 AM,0,0,0
01/16/2014 12:00:00 AM,0,0,0
01/15/2014 11:00:00 PM,21,12,9
01/15/2014 10:00:00 PM,16,9,7
01/15/2014 09:00:00 PM,10,10,0
01/15/2014 08:00:00 PM,12,8,4
01/15/2014 07:00:00 PM,31,15,16
01/15/2014 06:00:00 PM,22,16,6
01/15/2014 05:00:00 PM,46,31,15
01/15/2014 04:00:00 PM,52,25,27
01/15/2014 03:00:00 PM,31,21,10
01/15/2014 02:00:00 PM,22,11,11
01/15/2014 01:00:00 PM,28,11,17
01/15/2014 12:00:00 PM,39,26,13
01/15/2014 11:00:00 AM,37,13,24
01/15/2014 10:00:00 AM,19,8,11
01/15/2014 09:00:00 AM,22,10,12
01/15/2014 08:00:00 AM,23,12,11
01/15/2014 07:00:00 AM,11,7,4
01/15/2014 06:00:00 AM,7,4,3
01/15/2014 05:00:00 AM,4,0,4
01/15/2014 04:00:00 AM,0,0,0
01/15/2014 03:00:00 AM,5,0,5
01/15/2014 02:00:00 AM,0,0,0
01/15/2014 01:00:00 AM,4,4,0
01/15/2014 12:00:00 AM,2,2,0
01/14/2014 11:00:00 PM,4,2,2
01/14/2014 10:00:00 PM,4,2,2
01/14/2014 09:00:00 PM,15,7,8
01/14/2014 08:00:00 PM,13,5,8
01/14/2014 07:00:00 PM,13,8,5
01/14/2014 06:00:00 PM,28,14,14
01/14/2014 05:00:00 PM,43,14,29
01/14/2014 04:00:00 PM,21,7,14
01/14/2014 03:00:00 PM,42,18,24
01/14/2014 02:00:00 PM,17,15,2
01/14/2014 01:00:00 PM,24,16,8
01/14/2014 12:00:00 PM,28,16,12
01/14/2014 11:00:00 AM,15,6,9
01/14/2014 10:00:00 AM,16,10,6
01/14/2014 09:00:00 AM,22,11,11
01/14/2014 08:00:00 AM,39,26,13
01/14/2014 07:00:00 AM,16,10,6
01/14/2014 06:00:00 AM,17,9,8
01/14/2014 05:00:00 AM,3,1,2
01/14/2014 04:00:00 AM,3,2,1
01/14/2014 03:00:00 AM,2,2,0
01/14/2014 02:00:00 AM,0,0,0
01/14/2014 01:00:00 AM,2,2,0
01/14/2014 12:00:00 AM,4,4,0
01/13/2014 11:00:00 PM,3,0,3
01/13/2014 10:00:00 PM,8,2,6
01/13/2014 09:00:00 PM,22,7,15
01/13/2014 08:00:00 PM,22,9,13
01/13/2014 07:00:00 PM,37,19,18
01/13/2014 06:00:00 PM,35,16,19
01/13/2014 05:00:00 PM,29,15,14
01/13/2014 04:00:00 PM,50,30,20
01/13/2014 03:00:00 PM,29,20,9
01/13/2014 02:00:00 PM,28,10,18
01/13/2014 01:00:00 PM,24,12,12
01/13/2014 12:00:00 PM,37,18,19
01/13/2014 11:00:00 AM,27,12,15
01/13/2014 10:00:00 AM,31,18,13
01/13/2014 09:00:00 AM,36,19,17
01/13/2014 08:00:00 AM,22,13,9
01/13/2014 07:00:00 AM,23,18,5
01/13/2014 06:00:00 AM,19,6,13
01/13/2014 05:00:00 AM,0,0,0
01/13/2014 04:00:00 AM,2,2,0
01/13/2014 03:00:00 AM,2,2,0
01/13/2014 02:00:00 AM,5,0,5
01/13/2014 01:00:00 AM,1,0,1
01/13/2014 12:00:00 AM,6,6,0
01/12/2014 11:00:00 PM,7,6,1
01/12/2014 10:00:00 PM,7,5,2
01/12/2014 09:00:00 PM,6,2,4
01/12/2014 08:00:00 PM,11,7,4
01/12/2014 07:00:00 PM,14,8,6
01/12/2014 06:00:00 PM,36,20,16
01/12/2014 05:00:00 PM,39,24,15
01/12/2014 04:00:00 PM,38,31,7
01/12/2014 03:00:00 PM,38,19,19
01/12/2014 02:00:00 PM,78,30,48
01/12/2014 01:00:00 PM,72,42,30
01/12/2014 12:00:00 PM,66,29,37
01/12/2014 11:00:00 AM,28,17,11
01/12/2014 10:00:00 AM,19,10,9
01/12/2014 09:00:00 AM,8,4,4
01/12/2014 08:00:00 AM,6,4,2
01/12/2014 07:00:00 AM,8,8,0
01/12/2014 06:00:00 AM,4,4,0
01/12/2014 05:00:00 AM,2,2,0
01/12/2014 04:00:00 AM,0,0,0
01/12/2014 03:00:00 AM,3,0,3
01/12/2014 02:00:00 AM,4,2,2
01/12/2014 01:00:00 AM,3,2,1
01/12/2014 12:00:00 AM,6,6,0
01/11/2014 11:00:00 PM,5,1,4
01/11/2014 10:00:00 PM,17,16,1
01/11/2014 09:00:00 PM,16,15,1
01/11/2014 08:00:00 PM,32,12,20
01/11/2014 07:00:00 PM,24,19,5
01/11/2014 06:00:00 PM,56,37,19
01/11/2014 05:00:00 PM,37,20,17
01/11/2014 04:00:00 PM,13,12,1
01/11/2014 03:00:00 PM,17,15,2
01/11/2014 02:00:00 PM,51,24,27
01/11/2014 01:00:00 PM,72,43,29
01/11/2014 12:00:00 PM,58,36,22
01/11/2014 11:00:00 AM,28,14,14
01/11/2014 10:00:00 AM,1,1,0
01/11/2014 09:00:00 AM,31,19,12
01/11/2014 08:00:00 AM,17,8,9
01/11/2014 07:00:00 AM,13,8,5
01/11/2014 06:00:00 AM,15,12,3
01/11/2014 05:00:00 AM,3,3,0
01/11/2014 04:00:00 AM,0,0,0
01/11/2014 03:00:00 AM,2,2,0
01/11/2014 02:00:00 AM,3,3,0
01/11/2014 01:00:00 AM,0,0,0
01/11/2014 12:00:00 AM,6,2,4
01/10/2014 11:00:00 PM,11,4,7
01/10/2014 10:00:00 PM,13,6,7
01/10/2014 09:00:00 PM,19,15,4
01/10/2014 08:00:00 PM,19,11,8
01/10/2014 07:00:00 PM,51,25,26
01/10/2014 06:00:00 PM,53,30,23
01/10/2014 05:00:00 PM,35,22,13
01/10/2014 04:00:00 PM,23,13,10
01/10/2014 03:00:00 PM,35,20,15
01/10/2014 02:00:00 PM,39,25,14
01/10/2014 01:00:00 PM,17,12,5
01/10/2014 12:00:00 PM,24,14,10
01/10/2014 11:00:00 AM,16,11,5
01/10/2014 10:00:00 AM,21,11,10
01/10/2014 09:00:00 AM,35,23,12
01/10/2014 08:00:00 AM,29,15,14
01/10/2014 07:00:00 AM,22,19,3
01/10/2014 06:00:00 AM,5,3,2
01/10/2014 05:00:00 AM,0,0,0
01/10/2014 04:00:00 AM,0,0,0
01/10/2014 03:00:00 AM,6,4,2
01/10/2014 02:00:00 AM,2,0,2
01/10/2014 01:00:00 AM,1,0,1
01/10/2014 12:00:00 AM,3,0,3
01/09/2014 11:00:00 PM,1,1,0
01/09/2014 10:00:00 PM,5,5,0
01/09/2014 09:00:00 PM,8,8,0
01/09/2014 08:00:00 PM,9,8,1
01/09/2014 07:00:00 PM,20,15,5
01/09/2014 06:00:00 PM,38,17,21
01/09/2014 05:00:00 PM,28,18,10
01/09/2014 04:00:00 PM,21,15,6
01/09/2014 03:00:00 PM,37,28,9
01/09/2014 02:00:00 PM,24,22,2
01/09/2014 01:00:00 PM,25,16,9
01/09/2014 12:00:00 PM,20,15,5
01/09/2014 11:00:00 AM,14,12,2
01/09/2014 10:00:00 AM,21,15,6
01/09/2014 09:00:00 AM,22,16,6
01/09/2014 08:00:00 AM,40,34,6
01/09/2014 07:00:00 AM,25,21,4
01/09/2014 06:00:00 AM,11,10,1
01/09/2014 05:00:00 AM,0,0,0
01/09/2014 04:00:00 AM,0,0,0
01/09/2014 03:00:00 AM,0,0,0
01/09/2014 02:00:00 AM,0,0,0
01/09/2014 01:00:00 AM,2,0,2
01/09/2014 12:00:00 AM,1,1,0
01/08/2014 11:00:00 PM,8,6,2
01/08/2014 10:00:00 PM,8,7,1
01/08/2014 09:00:00 PM,20,13,7
01/08/2014 08:00:00 PM,16,11,5
01/08/2014 07:00:00 PM,24,21,3
01/08/2014 06:00:00 PM,53,35,18
01/08/2014 05:00:00 PM,44,23,21
01/08/2014 04:00:00 PM,38,26,12
01/08/2014 03:00:00 PM,33,24,9
01/08/2014 02:00:00 PM,25,14,11
01/08/2014 01:00:00 PM,24,17,7
01/08/2014 12:00:00 PM,28,17,11
01/08/2014 11:00:00 AM,19,12,7
01/08/2014 10:00:00 AM,25,20,5
01/08/2014 09:00:00 AM,35,24,11
01/08/2014 08:00:00 AM,34,22,12
01/08/2014 07:00:00 AM,15,10,5
01/08/2014 06:00:00 AM,8,6,2
01/08/2014 05:00:00 AM,4,2,2
01/08/2014 04:00:00 AM,4,4,0
01/08/2014 03:00:00 AM,2,0,2
01/08/2014 02:00:00 AM,0,0,0
01/08/2014 01:00:00 AM,0,0,0
01/08/2014 12:00:00 AM,5,3,2
01/07/2014 11:00:00 PM,1,1,0
01/07/2014 10:00:00 PM,0,0,0
01/07/2014 09:00:00 PM,11,6,5
01/07/2014 08:00:00 PM,12,5,7
01/07/2014 07:00:00 PM,26,12,14
01/07/2014 06:00:00 PM,22,15,7
01/07/2014 05:00:00 PM,35,18,17
01/07/2014 04:00:00 PM,30,16,14
01/07/2014 03:00:00 PM,24,17,7
01/07/2014 02:00:00 PM,23,20,3
01/07/2014 01:00:00 PM,41,24,17
01/07/2014 12:00:00 PM,24,14,10
01/07/2014 11:00:00 AM,13,12,1
01/07/2014 10:00:00 AM,22,18,4
01/07/2014 09:00:00 AM,32,14,18
01/07/2014 08:00:00 AM,29,20,9
01/07/2014 07:00:00 AM,27,20,7
01/07/2014 06:00:00 AM,3,2,1
01/07/2014 05:00:00 AM,5,1,4
01/07/2014 04:00:00 AM,0,0,0
01/07/2014 03:00:00 AM,2,2,0
01/07/2014 02:00:00 AM,2,2,0
01/07/2014 01:00:00 AM,1,0,1
01/07/2014 12:00:00 AM,2,2,0
01/06/2014 11:00:00 PM,1,1,0
01/06/2014 10:00:00 PM,4,4,0
01/06/2014 09:00:00 PM,11,6,5
01/06/2014 08:00:00 PM,6,4,2
01/06/2014 07:00:00 PM,20,13,7
01/06/2014 06:00:00 PM,39,24,15
01/06/2014 05:00:00 PM,50,27,23
01/06/2014 04:00:00 PM,35,24,11
01/06/2014 03:00:00 PM,26,17,9
01/06/2014 02:00:00 PM,42,32,10
01/06/2014 01:00:00 PM,23,10,13
01/06/2014 12:00:00 PM,31,23,8
01/06/2014 11:00:00 AM,34,17,17
01/06/2014 10:00:00 AM,28,16,12
01/06/2014 09:00:00 AM,24,15,9
01/06/2014 08:00:00 AM,25,19,6
01/06/2014 07:00:00 AM,13,9,4
01/06/2014 06:00:00 AM,14,9,5
01/06/2014 05:00:00 AM,0,0,0
01/06/2014 04:00:00 AM,0,0,0
01/06/2014 03:00:00 AM,1,0,1
01/06/2014 02:00:00 AM,0,0,0
01/06/2014 01:00:00 AM,4,3,1
01/06/2014 12:00:00 AM,1,1,0
01/05/2014 11:00:00 PM,4,4,0
01/05/2014 10:00:00 PM,8,6,2
01/05/2014 09:00:00 PM,13,8,5
01/05/2014 08:00:00 PM,9,4,5
01/05/2014 07:00:00 PM,13,9,4
01/05/2014 06:00:00 PM,19,12,7
01/05/2014 05:00:00 PM,20,11,9
01/05/2014 04:00:00 PM,27,20,7
01/05/2014 03:00:00 PM,36,18,18
01/05/2014 02:00:00 PM,69,28,41
01/05/2014 01:00:00 PM,58,16,42
01/05/2014 12:00:00 PM,68,37,31
01/05/2014 11:00:00 AM,73,47,26
01/05/2014 10:00:00 AM,21,12,9
01/05/2014 09:00:00 AM,12,4,8
01/05/2014 08:00:00 AM,12,5,7
01/05/2014 07:00:00 AM,1,0,1
01/05/2014 06:00:00 AM,5,3,2
01/05/2014 05:00:00 AM,2,2,0
01/05/2014 04:00:00 AM,4,2,2
01/05/2014 03:00:00 AM,4,0,4
01/05/2014 02:00:00 AM,3,0,3
01/05/2014 01:00:00 AM,2,2,0
01/05/2014 12:00:00 AM,5,4,1
01/04/2014 11:00:00 PM,6,4,2
01/04/2014 10:00:00 PM,10,7,3
01/04/2014 09:00:00 PM,17,8,9
01/04/2014 08:00:00 PM,12,11,1
01/04/2014 07:00:00 PM,14,8,6
01/04/2014 06:00:00 PM,23,16,7
01/04/2014 05:00:00 PM,19,10,9
01/04/2014 04:00:00 PM,37,23,14
01/04/2014 03:00:00 PM,45,34,11
01/04/2014 02:00:00 PM,77,43,34
01/04/2014 01:00:00 PM,59,33,26
01/04/2014 12:00:00 PM,64,40,24
01/04/2014 11:00:00 AM,62,37,25
01/04/2014 10:00:00 AM,26,14,12
01/04/2014 09:00:00 AM,34,25,9
01/04/2014 08:00:00 AM,13,5,8
01/04/2014 07:00:00 AM,12,8,4
01/04/2014 06:00:00 AM,2,2,0
01/04/2014 05:00:00 AM,1,1,0
01/04/2014 04:00:00 AM,4,4,0
01/04/2014 03:00:00 AM,4,4,0
01/04/2014 02:00:00 AM,4,4,0
01/04/2014 01:00:00 AM,2,1,1
01/04/2014 12:00:00 AM,8,6,2
01/03/2014 11:00:00 PM,8,4,4
01/03/2014 10:00:00 PM,9,7,2
01/03/2014 09:00:00 PM,14,12,2
01/03/2014 08:00:00 PM,16,14,2
01/03/2014 07:00:00 PM,23,16,7
01/03/2014 06:00:00 PM,49,27,22
01/03/2014 05:00:00 PM,45,22,23
01/03/2014 04:00:00 PM,52,26,26
01/03/2014 03:00:00 PM,50,30,20
01/03/2014 02:00:00 PM,42,19,23
01/03/2014 01:00:00 PM,51,25,26
01/03/2014 12:00:00 PM,39,22,17
01/03/2014 11:00:00 AM,40,28,12
01/03/2014 10:00:00 AM,39,25,14
01/03/2014 09:00:00 AM,40,31,9
01/03/2014 08:00:00 AM,27,17,10
01/03/2014 07:00:00 AM,11,8,3
01/03/2014 06:00:00 AM,4,2,2
01/03/2014 05:00:00 AM,4,2,2
01/03/2014 04:00:00 AM,0,0,0
01/03/2014 03:00:00 AM,6,0,6
01/03/2014 02:00:00 AM,0,0,0
01/03/2014 01:00:00 AM,1,0,1
01/03/2014 12:00:00 AM,7,7,0
01/02/2014 11:00:00 PM,3,1,2
01/02/2014 10:00:00 PM,16,12,4
01/02/2014 09:00:00 PM,9,7,2
01/02/2014 08:00:00 PM,14,12,2
01/02/2014 07:00:00 PM,18,10,8
01/02/2014 06:00:00 PM,27,19,8
01/02/2014 05:00:00 PM,53,30,23
01/02/2014 04:00:00 PM,26,16,10
01/02/2014 03:00:00 PM,42,27,15
01/02/2014 02:00:00 PM,18,15,3
01/02/2014 01:00:00 PM,24,19,5
01/02/2014 12:00:00 PM,26,18,8
01/02/2014 11:00:00 AM,43,27,16
01/02/2014 10:00:00 AM,46,28,18
01/02/2014 09:00:00 AM,26,16,10
01/02/2014 08:00:00 AM,27,22,5
01/02/2014 07:00:00 AM,16,10,6
01/02/2014 06:00:00 AM,9,8,1
01/02/2014 05:00:00 AM,2,0,2
01/02/2014 04:00:00 AM,1,1,0
01/02/2014 03:00:00 AM,4,2,2
01/02/2014 02:00:00 AM,0,0,0
01/02/2014 01:00:00 AM,2,2,0
01/02/2014 12:00:00 AM,3,2,1
01/01/2014 11:00:00 PM,14,8,6
01/01/2014 10:00:00 PM,10,6,4
01/01/2014 09:00:00 PM,17,8,9
01/01/2014 08:00:00 PM,27,17,10
01/01/2014 07:00:00 PM,15,12,3
01/01/2014 06:00:00 PM,20,15,5
01/01/2014 05:00:00 PM,30,17,13
01/01/2014 04:00:00 PM,37,29,8
01/01/2014 03:00:00 PM,41,28,13
01/01/2014 02:00:00 PM,31,19,12
01/01/2014 01:00:00 PM,30,18,12
01/01/2014 12:00:00 PM,29,8,21
01/01/2014 11:00:00 AM,16,9,7
01/01/2014 10:00:00 AM,16,0,16
01/01/2014 09:00:00 AM,5,3,2
01/01/2014 08:00:00 AM,2,0,2
01/01/2014 07:00:00 AM,6,2,4
01/01/2014 06:00:00 AM,2,2,0
01/01/2014 05:00:00 AM,0,0,0
01/01/2014 04:00:00 AM,5,3,2
01/01/2014 03:00:00 AM,4,2,2
01/01/2014 02:00:00 AM,3,0,3
01/01/2014 01:00:00 AM,6,3,3
01/01/2014 12:00:00 AM,18,6,12
